1
32
44 0 12 40 7 9 18 31 4 1 10 4 23 41 23 5 32 28 13 33 30 26 38 17 27 43 24 35 46 36 44 7 35 
33 41 0 7 47 25 7 43 21 28 50 45 27 20 5 9 31 14 44 45 31 34 19 41 6 46 13 15 35 33 35 18 7 
3 20 41 0 50 16 8 7 21 21 13 2 26 44 40 7 39 16 5 33 43 50 26 1 15 1 2 1 13 43 8 38 43 
33 38 24 1 0 14 9 15 7 38 24 11 22 17 15 12 6 6 26 20 29 3 26 8 27 20 26 50 15 7 44 29 13 
25 10 44 7 16 0 7 25 7 41 26 5 26 16 30 49 36 40 46 7 17 39 10 40 7 30 48 32 38 10 50 50 44 
46 48 47 8 21 6 0 40 50 1 13 38 27 22 33 12 41 28 14 25 12 38 12 24 16 20 38 27 19 26 37 48 41 
27 12 31 18 33 42 15 0 35 6 7 16 27 23 13 36 48 36 42 11 46 26 39 6 34 25 32 38 34 30 22 24 14 
16 47 1 11 2 44 8 37 0 49 41 6 32 47 48 44 7 3 30 34 35 27 2 16 39 6 48 44 2 4 32 6 35 
34 3 12 26 13 26 46 42 34 0 25 47 35 33 25 37 27 38 32 32 50 38 39 38 14 32 13 5 5 1 7 34 18 
36 22 48 44 37 19 45 27 34 42 0 2 3 6 32 6 32 11 17 14 22 1 6 47 45 16 48 44 50 21 41 42 28 
41 30 49 11 27 44 41 20 38 5 17 0 47 38 35 9 1 7 24 45 34 43 12 17 31 26 4 29 39 25 45 7 43 
1 24 12 26 33 46 5 18 26 44 34 47 0 39 1 7 31 40 44 43 48 47 8 35 29 13 19 36 24 15 3 46 43 
49 24 46 15 24 33 18 12 19 27 9 50 29 0 21 42 25 47 49 49 31 2 9 47 44 40 33 14 14 10 32 3 24 
48 41 48 16 5 43 7 8 26 32 29 20 50 35 0 1 43 27 11 27 16 4 16 42 40 28 3 26 41 20 5 2 38 
25 35 2 38 23 27 21 5 42 42 5 20 30 27 45 0 5 33 22 38 50 6 37 21 33 50 9 39 3 17 17 39 22 
31 42 46 15 34 14 20 1 41 22 25 12 11 22 11 1 0 8 21 9 48 17 3 32 38 14 20 38 15 38 18 38 25 
4 33 40 38 32 30 22 19 2 38 9 35 13 10 22 28 48 0 38 45 47 9 41 5 28 11 8 2 14 26 6 13 23 
34 50 9 29 33 23 20 29 50 40 47 30 44 48 26 5 49 10 0 17 1 24 42 17 13 28 12 28 24 29 8 43 47 
25 37 1 13 2 44 46 26 19 17 47 19 45 26 35 13 33 47 16 0 16 39 13 50 42 33 46 1 21 46 46 50 42 
48 50 6 8 48 13 4 5 15 42 32 7 46 49 19 3 28 16 42 32 0 43 27 9 13 37 10 30 6 44 26 30 23 
17 5 21 45 21 27 16 20 44 11 2 47 31 43 46 35 27 48 43 31 5 0 19 50 21 42 43 21 38 33 48 12 39 
12 9 40 42 28 24 33 2 50 22 38 33 25 12 32 44 14 46 30 46 33 50 0 19 49 6 1 4 28 6 28 37 47 
49 13 36 23 4 5 8 3 15 42 31 33 31 17 46 31 11 28 25 38 18 17 7 0 13 40 42 37 28 21 5 46 23 
36 42 35 13 27 10 41 9 39 27 31 42 20 37 18 39 5 24 18 29 3 49 29 33 0 7 24 33 12 19 30 33 10 
46 8 48 40 33 34 4 1 37 16 50 41 36 15 43 4 24 48 23 48 38 18 20 37 13 0 3 6 4 28 29 41 9 
45 21 46 12 40 29 7 21 20 17 42 37 50 38 47 42 31 29 39 21 8 35 23 29 39 11 0 28 30 29 1 24 8 
26 42 46 15 20 32 15 46 42 3 28 22 26 33 37 25 6 14 23 49 41 21 2 11 49 17 24 0 29 1 27 42 19 
44 35 12 9 43 32 23 49 15 44 30 5 7 1 4 6 24 4 25 16 28 25 18 6 41 36 17 3 0 9 36 45 15 
11 10 29 42 22 29 33 25 42 25 35 48 42 47 4 48 14 18 5 48 3 27 41 19 18 7 18 7 16 0 20 41 29 
49 15 45 48 23 12 34 45 21 50 25 4 41 20 15 44 33 19 40 41 31 48 13 35 19 11 25 16 12 26 0 9 22 
34 6 49 27 3 7 26 2 35 11 27 3 3 37 29 48 43 25 25 47 31 1 49 2 2 10 29 12 38 19 34 0 46 
42 3 20 36 22 38 42 27 43 38 6 21 21 11 32 32 33 28 24 38 2 12 42 34 8 48 26 43 28 14 15 16 0 
