1
48
12 0 47 49 28 20 17 40 5 50 5 44 48 41 39 14 31 14 9 5 39 33 35 2 7 22 39 23 42 7 38 3 45 5 11 36 32 38 2 30 25 42 23 3 18 42 9 31 43 
43 50 0 38 42 16 31 1 27 45 43 7 31 45 48 49 12 3 49 44 30 3 33 43 12 30 30 48 11 33 35 15 13 8 31 50 8 1 11 30 24 11 10 37 45 46 49 31 44 
24 41 15 0 44 16 2 40 10 7 26 13 36 34 41 45 11 29 45 24 15 48 41 12 42 19 20 20 44 47 48 17 32 50 4 37 42 20 22 48 7 41 41 2 25 49 45 40 20 
15 26 17 2 0 25 17 47 34 30 24 25 46 32 47 13 9 9 31 37 31 5 4 41 7 47 17 24 8 40 37 44 25 31 1 30 22 31 16 7 33 8 3 13 47 47 2 26 44 
29 43 17 18 9 0 10 15 12 35 11 5 9 43 39 44 44 30 1 16 32 17 41 28 43 25 4 24 2 41 45 11 46 42 31 30 48 20 26 16 22 36 19 37 21 12 48 41 19 
10 20 17 46 37 44 0 27 38 16 24 44 6 37 13 21 41 1 10 17 13 10 47 24 5 36 45 46 49 5 7 32 27 13 5 43 22 28 15 9 48 4 42 32 47 32 11 35 23 
49 47 21 3 32 28 10 0 14 46 13 11 43 48 29 34 9 43 17 43 32 21 49 13 36 1 19 10 18 15 27 23 25 10 24 1 9 37 29 46 35 45 30 26 16 5 17 50 26 
9 23 5 16 19 4 3 50 0 34 36 3 13 19 43 49 20 40 36 34 25 28 25 23 14 22 8 37 42 23 48 32 35 19 35 9 42 23 8 7 7 22 1 25 1 27 33 17 3 
31 7 27 19 33 26 48 34 1 0 41 44 11 17 11 28 37 4 18 44 35 34 8 47 33 30 28 4 27 1 22 38 39 42 35 12 16 22 13 2 44 37 25 42 33 14 46 40 11 
24 39 47 9 40 32 20 23 11 44 0 40 6 23 21 34 29 3 6 20 33 50 12 16 42 17 1 49 10 16 14 19 34 38 43 3 13 25 30 50 11 15 39 6 28 24 46 22 16 
42 14 31 9 27 8 11 13 23 6 42 0 40 34 11 8 47 26 6 19 30 18 21 4 23 7 10 18 12 7 39 18 21 29 33 18 3 34 11 8 31 33 41 40 20 38 10 27 5 
32 9 2 19 28 42 49 21 10 8 3 17 0 40 50 7 35 39 22 11 2 43 5 14 16 48 39 48 28 32 35 36 47 33 13 31 48 37 49 44 37 34 48 44 26 8 42 41 33 
35 6 32 17 50 26 13 28 45 37 22 40 45 0 21 40 26 22 6 35 28 20 9 49 40 28 24 18 45 12 38 8 7 49 15 44 26 4 19 48 7 1 4 3 50 28 4 42 14 
9 18 4 3 8 14 14 26 7 42 39 26 9 18 0 16 8 30 16 42 31 28 14 23 4 9 28 27 17 6 50 12 25 32 4 37 44 34 6 50 36 2 18 20 12 31 22 48 34 
38 46 20 13 13 12 36 45 45 1 44 30 37 47 20 0 8 31 15 45 5 31 22 24 25 17 7 30 10 45 12 23 38 30 44 30 10 30 49 12 21 19 42 50 33 12 20 49 5 
49 12 32 16 27 43 3 16 22 46 47 7 33 27 1 34 0 29 6 50 43 18 11 29 32 4 25 37 40 23 42 13 47 8 26 12 33 31 7 11 38 42 14 38 35 3 6 39 42 
41 17 5 6 20 6 37 38 34 1 13 3 7 13 43 31 33 0 50 49 8 15 18 4 22 46 13 2 4 23 44 29 48 36 45 49 7 37 8 27 2 39 24 50 30 45 8 32 29 
22 8 3 3 7 32 28 24 13 34 11 8 5 34 16 40 22 16 0 18 12 15 37 45 26 24 47 19 42 19 24 28 38 32 24 33 16 42 27 41 5 18 26 44 4 47 20 48 5 
8 11 9 29 41 20 14 36 13 28 30 11 13 36 5 40 6 24 27 0 32 2 1 49 46 25 13 44 40 43 41 29 5 49 14 34 9 16 49 47 12 10 47 3 15 47 31 43 32 
21 5 48 24 44 17 4 7 12 13 5 29 27 25 44 23 49 26 12 49 0 3 47 24 8 27 15 22 5 49 35 49 45 20 12 20 38 43 6 12 33 11 27 47 4 45 19 36 36 
4 31 16 22 19 45 30 24 31 41 48 29 46 50 9 28 14 11 9 15 5 0 6 30 43 14 30 39 26 1 21 14 8 29 37 1 19 19 28 26 26 33 47 8 2 9 33 37 11 
19 19 40 34 11 22 31 49 1 23 8 40 6 4 23 10 28 40 50 10 50 41 0 10 37 36 33 32 9 48 28 35 32 43 28 8 33 32 30 48 8 6 2 18 46 20 37 20 29 
24 48 25 20 33 28 12 28 9 4 49 28 40 23 1 23 39 27 47 29 47 41 29 0 49 42 43 4 48 23 14 18 49 13 4 36 1 4 16 49 15 16 30 24 28 31 21 19 34 
2 46 8 43 40 42 33 33 19 27 28 41 25 15 6 46 37 50 15 37 37 1 20 23 0 28 32 13 17 18 1 18 22 25 21 47 27 6 25 10 22 21 3 32 27 39 9 41 2 
24 28 42 32 6 33 47 1 26 36 15 8 29 16 15 19 10 6 17 4 18 29 40 12 41 0 44 16 34 19 43 35 20 42 11 43 40 10 37 17 42 24 46 2 21 10 2 43 6 
39 14 18 34 42 37 34 45 38 30 41 13 17 13 32 34 1 46 17 19 23 26 9 23 40 25 0 30 23 28 20 3 40 1 11 46 6 25 2 28 5 27 49 3 30 46 4 25 12 
14 18 20 15 35 25 33 13 5 45 44 18 7 12 17 19 28 1 12 7 18 27 9 50 18 12 42 0 25 24 30 28 36 50 19 9 11 1 38 5 27 28 33 2 30 8 11 48 16 
32 34 3 45 42 19 45 38 10 20 48 23 34 8 40 26 18 8 18 39 4 7 19 40 47 36 29 35 0 26 29 43 8 14 26 44 40 28 33 45 32 25 21 2 31 41 32 44 21 
44 27 12 50 43 10 12 25 16 13 49 6 40 11 13 31 28 40 9 8 15 1 48 36 14 37 14 33 6 0 38 50 15 43 9 41 50 18 43 15 5 14 19 24 16 34 39 43 15 
9 21 4 1 24 37 7 44 29 26 37 6 47 30 20 29 14 35 14 31 20 14 13 35 26 5 44 46 27 33 0 3 25 45 50 25 35 35 49 42 7 3 48 21 42 7 10 9 35 
50 46 3 50 25 12 46 46 8 19 26 19 43 11 17 46 24 12 12 47 6 35 44 15 44 8 29 22 43 22 29 0 17 47 9 46 31 31 4 1 34 5 29 27 17 24 23 14 42 
32 25 18 46 48 12 30 16 2 38 6 18 33 24 4 37 41 10 23 34 15 36 16 21 12 29 43 27 8 28 42 21 0 45 38 41 18 4 34 19 36 30 31 30 43 48 34 1 31 
26 41 26 14 1 30 27 46 10 48 34 20 19 4 9 25 47 35 23 46 34 36 33 8 41 37 5 35 7 23 24 29 28 0 12 1 17 2 28 21 16 11 46 9 7 50 50 17 27 
23 5 47 13 11 5 48 40 9 19 23 14 25 43 39 37 25 6 42 7 3 42 23 19 15 8 36 38 28 27 9 42 21 29 0 12 3 26 11 18 24 15 11 9 34 5 7 41 18 
7 22 33 44 8 10 24 32 32 29 48 4 20 10 13 32 11 32 44 46 31 37 11 14 38 19 43 43 33 40 14 8 17 18 32 0 6 44 15 35 11 6 31 21 48 13 15 4 5 
49 27 23 24 14 45 37 20 11 19 6 40 18 32 49 43 15 41 37 2 29 7 38 46 48 34 41 1 17 14 2 24 15 38 45 6 0 18 41 45 22 31 12 46 26 9 45 44 25 
32 29 33 23 28 3 27 42 39 27 27 31 5 37 4 48 18 33 26 30 38 43 26 25 46 16 22 17 12 13 38 3 41 17 19 39 32 0 29 46 12 12 3 18 41 14 15 18 44 
9 49 9 27 20 14 38 40 4 9 27 13 32 11 31 27 40 25 41 39 19 15 17 39 37 14 18 35 26 35 11 32 49 28 8 13 4 11 0 34 27 29 29 36 23 2 34 31 2 
22 41 1 40 25 29 26 44 33 20 40 6 47 3 14 19 48 46 14 5 3 18 23 29 41 14 10 40 30 44 37 4 33 17 14 36 34 21 8 0 20 3 14 31 35 22 28 31 27 
16 17 26 7 20 27 49 4 19 23 50 11 20 36 14 39 34 37 23 30 40 29 35 28 39 45 2 39 38 39 8 14 34 34 25 14 18 31 34 7 0 18 10 18 12 22 47 1 17 
50 42 2 35 5 1 38 38 32 49 19 26 25 10 17 30 16 36 27 36 12 1 22 4 3 17 13 30 11 24 6 42 44 36 39 46 38 23 9 34 47 0 37 32 20 12 9 32 8 
43 38 47 36 20 15 6 50 21 49 33 39 39 8 27 8 43 28 32 40 21 22 43 43 27 44 40 26 20 2 42 44 35 5 38 24 28 20 22 30 31 40 0 25 40 41 21 46 39 
10 24 28 34 28 43 37 21 45 4 10 27 25 31 31 20 7 39 4 34 21 4 31 24 6 3 9 32 48 4 3 7 49 2 16 46 25 8 17 42 19 17 29 0 25 11 46 5 1 
10 6 33 2 17 12 19 7 44 4 28 26 34 6 24 42 1 3 28 24 15 35 46 49 23 12 16 4 25 7 14 11 48 9 22 43 21 2 40 37 33 9 3 21 0 30 42 9 13 
43 38 24 8 18 31 36 25 10 34 30 6 47 15 33 38 41 18 28 26 34 32 21 50 14 41 41 7 33 25 19 31 4 3 12 38 33 6 43 18 24 48 33 37 22 0 35 41 19 
26 15 30 13 14 33 30 11 17 25 45 28 40 29 42 35 15 49 2 44 4 46 5 36 25 11 3 37 50 34 28 29 50 23 31 19 46 7 18 22 24 1 21 9 12 16 0 28 45 
6 48 23 24 33 48 15 31 11 45 38 4 31 43 12 34 47 16 28 18 49 24 40 9 32 31 20 3 25 47 25 10 33 9 31 2 12 5 46 3 8 50 9 1 19 14 41 0 31 
40 38 13 46 39 11 47 32 9 14 42 3 28 13 6 14 21 29 21 23 13 10 22 42 20 25 10 49 16 40 40 19 40 40 13 38 34 29 21 23 12 49 44 48 13 44 26 46 0 
