1
91
30 0 27 29 1 43 41 49 5 45 8 27 24 2 24 13 31 7 2 32 50 16 9 31 39 43 44 50 48 6 2 50 43 38 43 31 31 20 38 9 46 20 30 41 14 31 34 32 31 44 27 5 41 28 41 32 21 46 41 9 50 41 2 50 44 8 34 37 9 43 33 11 20 44 36 31 37 18 18 8 10 13 19 4 29 47 10 15 47 12 10 35 
30 29 0 9 6 18 31 47 6 47 47 23 38 12 17 36 47 43 10 46 3 29 34 50 38 23 48 21 48 48 20 40 48 33 48 32 41 35 31 14 6 22 12 11 13 40 32 43 13 11 13 23 37 16 8 7 47 30 22 34 20 10 50 8 28 7 25 5 14 35 46 13 12 47 40 32 17 23 38 48 42 6 9 37 36 47 4 33 26 42 36 12 
13 48 45 0 47 22 4 33 6 16 27 30 28 16 1 12 41 26 26 40 24 42 24 42 15 2 13 23 32 4 43 29 22 50 34 50 15 3 44 10 13 40 32 33 15 26 31 21 35 36 14 7 1 2 12 20 40 6 30 46 9 31 2 3 23 48 8 29 33 1 47 39 32 16 28 34 11 42 28 39 21 42 38 47 41 36 29 21 38 14 11 9 
23 49 1 33 0 39 30 10 18 18 3 39 35 39 25 26 36 25 29 10 48 29 42 25 17 43 5 13 38 20 38 41 19 40 39 16 34 15 45 45 31 32 10 21 19 4 4 9 16 11 44 46 10 5 13 31 32 24 34 40 35 18 22 49 31 12 21 46 1 10 42 21 30 34 29 17 19 21 7 14 40 47 47 28 27 43 31 14 27 8 35 10 
31 6 11 14 10 0 12 41 7 33 8 8 7 19 23 16 27 26 47 13 12 18 21 50 38 21 45 23 39 31 8 19 43 25 32 41 24 23 16 7 7 30 1 32 32 39 41 9 4 27 5 39 31 46 24 43 11 7 24 43 16 40 3 26 26 40 16 32 38 33 43 5 11 40 6 32 18 39 18 49 31 36 19 12 27 19 39 48 2 39 30 18 
50 23 42 18 27 25 0 7 43 24 9 22 22 35 1 28 41 41 42 26 23 39 25 13 31 22 41 49 7 2 18 30 49 3 25 5 39 49 38 5 43 32 26 26 22 14 48 28 26 42 48 8 11 14 8 29 25 10 11 47 37 27 1 42 6 30 24 19 10 46 40 43 3 37 34 41 14 50 42 18 24 14 23 16 5 11 20 35 45 46 31 29 
38 42 19 17 32 35 20 0 42 40 29 18 31 2 5 5 24 30 18 16 26 19 44 23 23 4 35 38 45 11 39 24 15 16 12 6 11 19 18 9 29 30 50 28 46 46 43 14 50 6 46 5 28 30 6 11 44 19 46 14 47 48 25 32 1 5 4 16 41 50 45 6 13 10 37 46 19 17 28 28 11 22 38 39 15 35 47 35 11 1 12 42 
23 5 12 32 5 18 27 42 0 42 28 24 1 12 40 43 19 44 10 42 27 42 19 3 26 10 37 17 17 8 20 5 40 38 3 34 9 48 6 41 2 41 37 36 33 48 37 27 25 42 29 42 1 10 36 50 4 2 36 22 19 2 10 34 23 23 35 14 10 7 34 21 38 19 41 37 6 33 20 29 23 10 42 25 30 29 4 31 3 3 30 7 
12 34 23 1 31 3 14 11 14 0 24 18 19 9 9 4 33 19 49 45 22 33 8 50 10 10 35 4 44 20 5 12 8 28 28 9 5 46 41 7 4 20 10 16 50 42 24 17 22 26 22 12 4 9 9 25 5 35 14 41 46 49 20 41 9 12 11 41 32 50 49 37 29 43 42 2 23 42 50 18 36 19 33 19 49 43 8 50 20 3 4 21 
33 50 11 5 50 19 7 38 32 34 0 36 22 27 35 33 12 18 7 2 13 35 46 6 28 16 2 43 17 5 12 22 29 46 28 4 29 32 37 3 5 36 12 36 2 33 12 43 14 10 47 32 14 2 41 37 38 44 33 39 49 26 41 34 21 13 8 26 50 31 5 31 31 4 47 28 23 11 4 46 5 10 30 7 9 30 8 27 5 42 17 36 
49 49 5 30 45 29 15 40 25 36 44 0 34 6 16 2 10 5 14 14 28 41 38 34 40 47 35 26 42 5 31 21 8 14 19 32 32 50 18 34 45 46 15 21 19 17 47 1 43 28 49 22 42 28 40 45 11 16 16 33 10 3 24 35 45 15 36 20 37 35 20 11 38 30 20 32 26 18 15 23 1 35 34 14 7 10 30 31 24 25 21 17 
34 35 24 42 22 30 27 4 31 27 14 8 0 9 38 35 13 8 8 20 44 1 43 33 26 20 10 29 35 36 5 46 13 15 4 28 3 7 29 11 47 42 12 43 24 21 26 6 20 25 18 23 17 5 28 17 42 3 48 22 12 1 42 19 27 32 1 44 5 11 33 6 30 48 23 2 39 1 10 6 45 5 10 11 19 33 30 8 37 37 37 1 
9 7 49 46 1 44 16 43 20 32 1 9 42 0 12 44 19 33 26 28 41 43 43 28 8 42 31 50 44 2 43 7 18 25 33 48 23 50 28 2 46 35 17 36 13 4 1 19 8 39 11 26 12 10 46 8 17 30 41 4 20 44 22 41 28 26 33 35 10 15 21 19 6 24 32 6 27 7 16 5 42 13 43 6 41 18 45 9 29 26 32 43 
9 24 33 2 13 27 9 37 21 17 10 44 18 42 0 21 39 28 40 32 10 15 37 13 8 2 17 50 11 31 24 6 34 33 28 10 33 42 31 44 50 49 29 34 26 3 50 38 50 47 7 32 40 45 22 29 23 11 25 1 46 27 49 7 48 11 26 11 40 32 39 47 48 47 32 11 36 4 38 5 3 30 1 14 24 43 17 40 12 50 38 22 
17 30 48 24 1 22 37 15 28 39 48 18 9 10 34 0 43 14 12 44 20 23 21 49 17 26 35 34 5 44 37 50 41 45 17 31 18 49 9 11 14 18 23 28 14 33 34 6 14 9 24 27 1 6 19 49 47 32 32 48 17 39 32 21 41 40 7 23 42 30 16 44 5 1 30 2 1 43 35 35 43 29 20 46 21 11 50 36 27 18 35 37 
18 12 45 26 36 3 37 24 26 11 15 35 43 30 22 50 0 27 17 49 4 48 48 5 38 19 37 1 31 41 22 47 24 45 30 27 44 7 4 17 49 6 11 9 32 15 36 3 41 40 50 9 10 20 31 40 21 7 8 7 50 2 7 34 4 15 41 40 14 4 28 43 23 1 1 48 37 39 24 23 34 34 10 42 41 13 37 5 14 41 7 38 
50 48 17 47 50 28 5 17 24 46 40 38 12 8 37 10 19 0 34 3 32 34 35 23 16 42 15 43 42 28 37 26 23 48 40 43 25 34 5 48 10 35 7 49 39 45 23 30 34 27 28 36 31 38 25 5 16 25 2 6 35 35 14 40 38 20 17 40 23 15 12 26 15 36 44 48 27 36 35 21 19 36 10 15 50 2 46 36 23 36 28 1 
32 50 14 25 21 17 12 19 29 34 8 20 15 3 21 45 44 28 0 28 30 41 32 37 50 26 49 40 36 25 31 18 37 37 12 44 16 23 20 27 10 25 17 42 36 28 41 1 48 31 1 42 45 8 49 10 1 13 14 50 23 27 26 44 48 16 21 33 4 9 6 23 25 2 19 6 25 40 1 23 36 49 43 6 25 40 23 30 38 2 44 3 
9 20 4 34 49 23 45 20 7 8 47 39 25 28 17 44 40 44 36 0 11 12 42 14 24 34 21 20 9 44 42 45 3 16 3 14 6 49 35 8 3 46 32 16 28 3 5 31 47 23 30 41 45 16 33 42 18 6 30 50 28 3 36 27 16 13 45 23 23 15 12 46 5 37 34 16 31 26 37 22 29 40 24 36 14 1 1 37 34 12 47 50 
19 36 30 50 10 5 50 15 8 33 9 32 12 35 37 9 33 17 11 42 0 20 8 21 38 30 1 13 16 13 8 39 11 19 13 27 19 7 35 6 26 27 22 15 47 32 42 25 30 15 43 5 18 1 5 30 11 16 42 20 10 42 35 3 50 45 48 14 49 8 19 2 49 11 35 16 49 44 24 7 38 26 34 2 21 4 22 10 14 33 17 3 
15 15 47 35 42 20 15 3 34 28 26 22 47 41 7 7 17 40 32 18 42 0 36 32 35 9 34 33 47 23 38 1 16 42 16 38 34 15 1 24 29 30 22 23 11 50 12 6 30 48 16 44 24 2 49 12 30 33 12 26 9 37 19 30 47 27 11 31 31 4 23 42 16 16 3 39 20 13 22 35 47 29 3 49 8 45 28 15 43 4 8 2 
3 26 16 43 11 43 27 34 40 32 25 27 26 24 28 8 49 11 42 17 11 28 0 29 30 35 21 22 3 50 46 38 27 46 21 39 41 1 11 28 28 37 38 46 16 4 27 23 34 17 20 17 32 13 41 41 26 47 36 9 41 21 25 34 44 45 48 31 5 36 37 8 39 34 15 31 23 33 14 26 8 48 39 36 31 30 6 15 5 31 14 45 
15 3 37 7 12 4 2 21 7 46 19 49 30 13 28 49 48 11 18 44 34 11 1 0 44 33 39 4 15 39 33 26 25 23 43 43 36 48 8 19 19 32 43 20 13 30 41 6 19 2 8 17 45 13 21 12 5 3 44 24 23 1 37 33 24 21 44 26 38 20 43 2 41 42 49 12 41 41 39 15 43 34 36 13 32 17 32 13 3 31 39 34 
4 35 46 19 45 11 46 42 36 15 18 49 10 7 27 3 14 9 21 14 15 29 32 40 0 15 25 2 8 40 32 24 8 31 9 48 6 47 31 18 31 46 47 30 29 16 37 4 25 40 29 50 45 10 25 20 26 3 7 5 20 10 39 3 5 41 11 19 1 10 21 7 34 41 41 19 18 50 4 24 28 22 27 18 11 33 30 48 6 40 22 4 
40 26 48 21 8 44 25 38 6 19 3 16 20 22 16 4 20 7 2 26 50 33 27 49 34 0 21 43 22 12 14 13 12 38 18 17 8 43 20 12 24 25 16 19 9 20 12 49 39 17 26 29 50 38 47 4 8 49 50 38 37 2 4 26 42 7 41 28 2 5 9 12 50 46 29 1 34 14 19 30 22 23 4 6 37 36 13 25 42 14 10 9 
43 32 25 23 22 41 28 2 29 34 47 34 9 14 29 4 10 46 20 45 31 21 16 15 49 48 0 39 7 44 16 37 38 46 50 19 18 22 7 30 44 37 17 1 39 26 20 48 23 7 10 16 46 45 16 28 23 17 11 24 24 2 21 8 14 47 9 39 9 46 12 33 3 17 26 8 15 20 28 39 30 1 16 50 35 1 42 44 31 23 46 2 
11 33 6 43 16 9 38 43 18 32 40 28 46 27 13 29 19 8 14 3 40 22 45 24 36 22 23 0 14 6 15 8 37 50 11 22 21 12 34 43 6 33 35 22 49 12 39 5 9 38 13 25 24 9 44 13 40 39 32 8 44 37 25 38 3 24 3 29 35 5 43 18 36 15 9 21 5 1 46 13 48 18 15 26 43 41 35 28 7 49 33 32 
31 27 49 20 9 48 20 25 9 10 20 4 46 46 40 9 50 24 8 40 43 20 11 27 22 49 45 13 0 40 26 23 37 23 11 37 10 17 40 12 7 32 21 4 38 48 11 31 48 1 26 29 34 41 44 40 11 16 23 48 10 4 7 36 34 38 33 32 35 9 31 43 11 12 2 8 22 17 23 29 12 19 48 12 14 48 40 47 30 22 27 44 
44 43 2 4 25 36 20 50 16 30 46 39 21 34 18 22 39 36 18 45 44 44 37 42 7 46 23 37 49 0 36 3 14 33 37 49 19 10 49 34 37 47 24 14 33 23 9 42 31 30 18 9 45 4 32 1 1 6 10 47 30 14 34 2 30 28 32 7 34 35 50 12 41 2 31 49 21 31 4 20 48 4 42 8 32 28 8 10 1 37 48 13 
50 2 5 24 14 23 34 6 41 3 8 46 31 6 18 43 24 34 31 21 2 41 50 26 22 27 20 3 20 23 0 6 47 37 37 12 39 48 8 36 48 48 49 29 45 46 47 27 26 10 15 37 18 7 28 11 10 3 29 2 38 3 32 36 19 48 12 9 44 44 30 46 16 49 33 24 4 13 5 30 26 50 44 43 5 36 39 41 9 27 3 37 
19 7 48 46 16 13 10 48 35 38 34 33 31 20 22 19 25 5 8 48 48 49 27 38 9 39 32 34 9 21 50 0 18 41 44 28 10 1 37 8 41 3 8 46 39 16 12 12 36 15 21 17 5 19 6 40 20 30 11 38 27 32 27 40 14 38 16 42 38 43 12 18 38 48 18 45 41 4 39 23 47 28 47 19 39 5 46 49 36 4 8 30 
41 50 31 9 26 19 32 1 1 20 25 43 4 3 29 7 2 11 50 17 42 39 41 50 35 9 1 10 42 18 7 34 0 35 32 28 39 17 9 20 22 22 38 22 27 3 4 16 37 27 40 48 25 5 41 38 3 9 31 25 18 18 23 9 34 14 41 8 22 25 40 40 44 42 28 46 5 17 14 47 32 43 15 34 3 21 32 29 45 45 26 31 
37 35 2 5 50 29 39 14 12 46 45 12 37 50 4 34 28 46 34 37 45 34 43 25 4 39 6 14 33 13 14 28 50 0 10 4 10 41 23 46 26 28 1 36 36 49 3 48 4 17 49 1 49 11 39 36 3 42 27 1 11 24 26 31 50 32 18 13 27 46 44 44 5 1 9 9 44 49 7 27 2 42 3 47 34 12 15 17 11 24 2 18 
14 23 35 3 2 21 36 4 32 41 21 8 23 6 47 49 2 31 43 4 35 1 50 19 21 30 47 39 18 1 2 4 44 26 0 30 33 16 7 8 24 14 3 46 11 22 45 24 29 16 17 16 31 32 49 34 13 23 16 32 23 24 48 37 31 39 17 15 47 26 14 34 45 24 19 40 32 6 39 48 27 6 19 23 2 36 22 22 46 43 18 10 
50 26 35 1 16 16 15 23 5 31 28 4 2 33 21 8 14 9 2 8 34 19 5 17 6 25 36 46 18 45 19 4 9 4 35 0 20 39 18 24 16 41 17 43 47 29 16 22 19 15 14 9 37 42 11 27 31 21 18 46 42 31 20 6 11 12 24 46 49 48 1 20 46 35 36 17 18 27 9 39 41 4 18 31 4 36 33 13 48 28 4 50 
21 23 33 36 22 12 33 35 6 20 23 21 15 45 14 2 7 44 9 5 12 30 5 38 14 39 2 25 30 11 48 21 45 2 49 23 0 3 50 46 7 45 25 34 21 31 47 17 9 23 31 7 5 20 50 38 42 19 45 23 33 10 8 6 45 23 3 27 13 47 42 50 7 49 2 11 37 46 35 8 17 23 43 2 50 5 43 2 45 14 7 5 
8 27 13 48 37 20 40 48 29 20 4 13 32 31 50 7 18 40 2 47 34 38 7 11 17 6 6 41 31 1 32 50 40 37 43 30 36 0 5 24 18 7 38 29 47 19 31 21 20 5 37 34 6 13 11 21 20 21 2 32 31 14 50 18 29 39 4 23 45 38 21 21 14 16 34 41 47 10 10 43 36 35 37 36 44 17 26 38 30 17 23 10 
35 24 43 4 7 20 1 9 15 9 27 32 35 17 21 41 29 21 24 11 12 10 46 47 28 14 25 12 13 17 43 29 16 12 37 41 23 30 0 34 27 10 1 28 28 9 6 2 28 47 36 9 10 43 13 48 25 28 47 27 44 46 39 47 49 16 49 16 24 30 30 18 50 38 48 2 12 32 19 38 22 13 47 16 27 8 34 36 4 14 12 13 
27 3 40 32 21 4 30 12 11 40 28 48 17 18 10 23 46 11 37 43 10 10 6 31 49 24 20 41 33 13 13 10 18 17 42 47 48 16 31 0 8 3 8 28 32 35 50 49 10 49 12 41 43 28 20 4 17 48 9 33 48 34 39 29 48 28 18 30 50 26 13 25 30 31 29 41 2 33 24 47 50 25 11 42 22 23 21 33 49 14 26 50 
39 34 34 24 14 29 30 5 17 21 49 35 37 37 11 13 49 30 2 35 24 13 34 23 24 48 8 26 8 36 31 37 1 13 37 47 47 5 27 24 0 4 20 30 30 26 27 5 35 12 8 35 20 12 41 27 26 50 11 1 17 22 4 48 32 40 13 34 25 1 15 16 44 3 29 32 5 34 5 48 48 43 23 15 50 1 12 26 10 37 11 47 
37 5 11 2 50 22 48 40 14 43 31 35 47 43 41 17 33 9 23 43 46 14 3 24 50 39 48 31 29 37 24 39 40 19 29 40 43 27 32 33 36 0 15 34 6 12 38 18 8 10 45 44 2 14 19 1 24 2 37 3 11 24 17 12 27 19 43 46 29 14 2 25 6 27 40 7 32 30 48 13 12 21 41 21 34 44 23 25 22 18 6 38 
7 25 22 9 19 3 7 37 20 43 40 44 9 20 38 25 25 13 20 44 4 24 42 40 34 46 28 34 47 19 24 12 8 15 19 32 6 32 38 30 23 12 0 44 19 32 48 13 15 6 49 50 10 49 13 34 33 33 32 26 23 25 24 41 1 19 29 37 45 2 7 19 44 25 40 21 43 31 23 9 37 34 14 28 48 19 15 13 46 31 36 49 
25 6 15 5 50 21 43 1 4 11 19 13 50 31 7 35 9 42 42 2 11 23 40 40 11 46 43 33 4 16 41 14 16 8 44 38 11 36 22 22 39 22 6 0 26 16 1 29 18 12 31 5 4 40 35 38 3 17 25 44 4 29 10 47 39 21 5 48 42 37 20 24 24 20 20 14 39 18 14 25 10 18 26 21 24 11 37 25 32 20 42 21 
36 42 19 44 29 26 18 6 11 4 37 31 43 7 32 35 21 22 50 35 4 1 35 36 3 39 24 28 34 31 17 23 46 49 39 32 2 27 35 14 1 9 14 7 0 32 45 29 17 29 3 4 10 21 8 18 35 8 33 41 40 3 40 22 30 38 14 36 44 19 50 33 45 38 36 35 45 37 28 4 8 11 7 49 31 27 7 2 38 32 4 25 
20 36 45 12 11 37 35 20 18 10 35 49 30 21 10 23 35 24 23 49 30 29 34 30 46 41 41 3 31 13 48 13 15 25 14 10 43 25 24 8 3 9 36 49 27 0 9 20 11 18 34 17 15 10 6 46 41 2 16 16 20 46 32 39 6 12 23 35 5 7 1 30 11 50 15 46 22 43 36 3 38 22 31 36 48 46 33 3 9 30 23 8 
28 10 4 12 22 21 31 37 4 24 15 4 17 4 7 15 45 10 24 48 17 13 28 49 16 46 42 11 29 20 26 25 34 44 3 2 47 4 25 2 13 49 50 14 8 27 0 20 44 40 19 9 50 6 25 42 16 32 6 46 26 29 21 8 35 49 40 20 24 2 6 19 41 35 23 36 18 13 15 41 40 27 49 21 11 11 27 20 10 2 38 21 
42 8 50 23 43 41 16 16 18 7 46 42 35 1 19 15 34 40 24 3 18 15 7 50 31 50 48 24 22 21 11 22 15 36 27 34 36 1 44 27 48 49 24 33 31 7 37 0 11 43 13 36 20 28 35 3 28 1 1 42 43 44 42 44 47 46 25 28 50 24 35 29 33 46 48 5 19 41 24 19 25 14 37 32 10 35 42 44 30 33 49 33 
36 9 2 33 6 5 28 38 7 30 38 37 8 34 4 24 31 30 35 38 27 32 18 30 8 11 34 12 5 31 48 18 26 2 44 24 45 15 49 14 14 37 13 46 27 50 24 27 0 32 18 13 1 48 12 7 5 42 22 26 46 22 16 33 27 33 20 12 7 41 30 30 17 31 21 24 41 19 23 4 8 38 8 31 38 18 47 20 14 46 39 32 
23 39 4 43 49 4 37 13 7 38 17 36 2 38 47 20 27 39 17 36 20 19 18 8 14 36 46 9 36 1 49 11 2 48 7 29 27 29 26 37 33 10 47 21 21 23 29 50 22 0 28 43 26 30 4 13 4 21 47 30 14 9 28 28 6 40 7 34 5 32 18 43 49 13 31 4 11 22 48 37 42 7 46 38 8 8 23 32 49 36 3 8 
31 50 13 28 6 32 42 31 15 39 24 19 4 36 45 13 49 1 2 32 23 10 38 7 13 40 21 49 17 25 36 19 29 11 12 50 1 3 48 30 31 17 23 4 34 28 35 23 14 11 0 33 49 34 21 35 22 12 7 15 16 12 43 15 41 3 5 40 43 24 45 12 47 3 23 1 6 38 35 23 35 5 48 35 7 42 37 35 8 26 41 39 
45 38 33 18 39 3 33 1 29 39 42 49 20 49 37 47 12 20 29 35 27 34 31 11 14 9 8 49 16 21 33 18 33 7 18 9 20 5 13 4 5 34 45 47 13 49 16 8 5 41 24 0 38 48 7 12 12 8 22 4 30 45 34 35 9 6 25 16 13 31 29 27 8 8 26 30 43 39 34 49 16 44 1 44 26 47 45 20 27 46 7 1 
49 1 34 9 22 49 37 41 39 33 3 28 27 15 17 31 22 28 19 23 25 24 39 37 45 40 10 12 12 5 40 18 25 28 29 7 24 18 8 44 2 43 10 33 41 23 18 12 31 15 49 50 0 27 34 27 26 13 48 14 32 40 26 30 34 44 36 3 49 36 11 7 5 20 25 21 32 14 6 47 22 23 49 31 48 7 41 42 41 2 3 44 
27 4 27 5 27 14 27 40 5 21 19 26 21 8 44 30 2 13 45 12 7 1 42 9 41 46 32 27 3 45 12 47 34 17 31 1 43 21 45 19 37 17 42 2 4 24 10 41 13 11 40 29 8 0 42 38 26 13 18 14 32 32 1 37 11 9 23 43 5 28 43 37 32 19 26 26 41 10 40 6 18 36 42 14 43 5 34 39 42 29 5 39 
26 7 13 37 37 30 31 43 32 32 6 14 21 24 9 10 32 16 48 16 23 13 47 46 40 37 44 6 26 34 1 26 23 4 12 25 6 39 39 11 30 48 24 36 31 29 44 20 46 24 7 27 32 39 0 17 14 10 18 48 50 36 25 18 49 32 30 41 17 13 35 4 44 27 38 37 26 39 11 16 12 43 25 11 2 27 24 44 35 38 49 15 
39 42 39 25 5 30 25 5 1 39 28 8 12 20 14 50 45 2 42 25 49 2 37 8 12 15 17 23 8 36 7 29 14 20 16 2 38 13 33 46 15 6 16 23 16 18 49 32 13 25 50 33 46 24 16 0 38 6 32 14 40 14 2 48 15 32 49 44 43 5 13 12 32 19 47 10 43 36 14 42 44 17 36 11 33 37 24 34 40 4 29 47 
7 50 43 33 13 9 1 41 17 25 6 27 1 14 19 14 50 15 24 2 43 40 20 24 29 42 16 29 9 16 4 40 27 16 6 32 27 14 48 35 36 23 25 19 11 9 10 20 19 10 35 26 31 28 5 17 0 31 20 4 21 44 23 33 2 22 17 1 35 8 37 38 36 17 39 17 20 15 1 13 21 32 46 11 49 32 28 10 50 12 40 2 
7 11 27 42 13 40 24 48 45 8 26 12 32 23 49 10 42 11 35 2 30 8 34 39 48 13 35 21 44 8 2 24 19 36 32 26 40 47 4 31 42 3 18 13 7 35 29 27 33 18 18 39 28 38 22 49 27 0 38 45 50 6 3 4 38 7 3 43 47 41 24 20 46 8 5 10 27 41 22 33 13 35 8 39 27 40 14 46 32 14 33 50 
2 3 4 25 40 50 30 7 5 43 32 36 10 48 23 31 24 29 46 9 5 6 32 16 48 15 28 48 43 7 12 34 9 25 19 43 4 30 21 28 11 15 29 21 3 23 30 29 18 33 23 4 18 25 45 47 21 38 0 27 26 22 32 14 48 31 49 28 35 30 30 28 44 8 19 48 40 27 12 14 26 35 50 31 11 35 9 16 34 30 22 23 
16 4 45 7 29 2 32 40 4 45 45 49 39 6 30 46 50 27 5 21 9 25 1 41 22 2 4 14 23 34 44 6 9 7 12 40 13 13 19 39 46 22 10 31 41 1 43 5 5 13 16 7 26 2 14 42 3 5 35 0 28 48 18 18 21 2 40 41 32 45 40 33 38 9 16 25 38 15 21 1 21 10 50 9 10 18 38 30 8 44 20 37 
9 28 42 42 28 5 40 30 2 11 12 11 16 31 29 49 10 27 27 27 33 5 14 19 49 10 8 3 14 10 33 38 25 3 24 10 17 25 48 33 26 41 49 11 49 39 44 30 40 39 21 31 17 44 5 5 15 24 43 19 0 48 37 16 43 28 24 36 13 7 19 33 35 30 44 1 43 6 4 21 10 16 29 14 26 39 3 21 31 49 20 45 
44 33 29 36 40 25 7 33 25 4 32 23 22 7 37 2 23 43 13 49 12 3 34 3 19 23 41 4 26 3 5 15 37 24 39 3 1 9 12 18 50 22 46 7 35 6 43 19 3 2 48 39 36 22 33 41 50 27 17 17 35 0 3 7 23 49 17 37 48 18 34 1 15 31 46 50 41 8 27 19 14 31 22 2 25 5 17 29 16 41 48 4 
25 42 46 34 47 15 24 9 18 20 46 1 19 1 34 8 41 22 43 34 23 8 4 37 13 2 33 18 32 39 21 7 21 31 27 23 36 12 3 27 35 19 2 45 35 21 33 24 22 9 38 45 49 15 31 17 39 10 21 45 32 6 0 27 29 50 39 31 39 25 11 23 29 19 16 50 4 7 9 2 43 20 10 47 23 1 27 9 7 50 10 35 
27 42 8 45 29 43 23 46 47 41 45 49 11 37 9 26 33 15 28 11 30 8 29 26 23 9 4 28 23 31 25 39 15 27 46 38 12 22 21 12 34 14 5 3 26 11 37 36 43 2 26 42 23 50 5 19 14 33 22 21 39 45 23 0 16 16 7 35 35 42 22 14 12 44 17 27 17 3 26 50 13 23 18 36 22 6 33 16 16 22 27 24 
29 50 1 23 40 41 39 37 20 27 2 45 21 38 14 48 7 23 38 16 38 33 10 48 22 10 1 11 34 41 19 13 15 49 36 13 44 44 38 26 14 40 31 37 21 23 16 35 42 35 10 43 34 12 36 46 40 3 2 31 41 29 4 29 0 8 39 31 23 2 2 5 13 36 13 2 49 2 24 27 49 45 17 19 49 32 27 29 4 13 40 23 
41 43 7 36 36 37 3 30 33 43 43 33 41 31 47 8 22 10 38 44 17 26 4 37 24 11 6 47 32 10 28 11 12 29 14 20 29 27 17 12 50 45 45 6 2 34 28 18 35 20 8 45 25 47 7 16 40 21 12 26 31 6 48 23 16 0 33 22 13 17 27 29 45 43 27 45 23 32 48 35 41 33 38 12 12 3 33 36 16 23 49 31 
9 16 42 31 45 47 22 41 19 13 16 1 9 41 13 2 49 2 34 34 42 36 22 44 44 44 36 21 33 47 6 40 19 47 21 30 2 46 50 26 10 8 17 28 17 37 4 22 41 32 38 14 39 15 39 23 45 49 38 2 11 2 8 23 7 27 0 33 12 21 33 1 3 2 8 25 35 20 44 27 7 40 15 31 1 9 42 1 4 8 48 36 
4 8 49 16 9 50 44 21 41 5 42 1 8 32 36 13 31 41 5 3 1 22 32 12 46 22 7 14 16 26 29 4 23 48 47 45 4 43 17 35 26 23 36 2 48 15 23 20 24 30 20 14 4 46 35 32 27 38 21 37 43 31 6 16 27 38 28 0 11 35 41 9 39 25 20 27 29 36 30 15 31 49 38 40 37 6 15 1 28 13 15 19 
16 22 30 42 46 17 21 25 10 37 12 36 34 21 31 40 35 19 6 46 48 24 40 39 6 41 20 10 13 38 1 48 20 22 44 17 46 28 32 13 16 5 5 45 38 2 7 16 25 26 16 10 7 20 21 43 33 42 36 5 48 12 13 22 37 14 16 12 0 28 15 45 7 37 44 31 43 19 46 1 4 35 4 35 37 23 41 41 1 2 1 35 
5 42 28 15 5 43 33 8 24 37 45 39 11 32 9 23 14 39 29 25 38 41 33 20 44 27 26 50 46 23 15 11 28 30 41 16 9 29 27 1 37 38 28 18 41 16 24 6 14 19 28 13 23 27 47 14 10 9 22 28 17 34 12 1 23 34 11 32 42 0 44 14 35 13 29 39 1 14 16 29 28 4 21 37 28 46 3 39 2 34 27 6 
1 8 50 35 4 26 27 46 7 5 43 15 20 5 43 50 45 38 47 1 45 30 44 24 46 47 35 6 20 46 10 49 15 39 14 28 14 44 36 25 37 20 23 23 12 6 18 24 3 3 44 14 37 26 12 22 14 26 39 7 42 21 26 11 46 45 50 31 41 16 0 37 1 3 23 14 25 8 21 13 40 30 12 4 18 3 47 12 40 28 43 14 
38 6 29 34 17 45 12 28 17 7 37 33 37 16 44 11 15 12 37 15 43 13 49 28 30 18 9 9 50 33 11 4 49 2 49 46 25 39 48 31 46 44 46 34 43 29 17 2 9 36 48 28 41 29 22 26 7 2 4 50 37 3 29 35 46 33 34 35 17 49 37 0 26 15 7 19 50 17 16 35 2 1 7 50 14 36 34 13 21 31 24 39 
23 36 49 45 44 15 12 38 10 46 33 35 11 50 22 13 35 10 22 9 42 18 3 50 30 3 16 50 13 21 13 4 44 10 14 41 17 13 26 35 6 28 25 6 18 23 40 14 14 21 29 11 10 15 47 6 34 49 15 41 50 13 26 40 33 29 42 1 37 32 47 23 0 35 38 3 15 43 47 32 8 14 2 36 42 43 3 45 29 14 8 8 
18 48 36 36 44 2 35 24 40 31 39 28 33 25 6 27 22 13 33 14 37 18 8 27 49 27 34 48 31 34 13 38 29 25 29 25 50 3 10 13 8 23 42 27 26 24 4 18 37 26 23 17 32 44 21 50 40 9 37 18 19 38 44 6 18 1 49 8 46 31 27 20 4 0 20 6 15 26 31 2 25 23 16 12 5 11 47 7 35 4 29 36 
41 16 43 45 21 29 36 10 25 26 46 22 6 50 4 13 12 39 7 25 10 8 13 45 3 27 40 46 21 45 14 4 18 46 36 5 12 26 36 36 40 22 27 50 28 45 6 5 8 34 45 47 48 5 26 34 3 48 42 45 40 41 39 30 12 42 5 10 14 49 2 37 3 22 0 35 38 31 14 18 9 21 35 38 37 50 18 7 13 20 3 2 
14 34 42 46 50 34 47 38 36 40 46 41 9 33 9 44 27 21 39 3 40 31 34 24 5 3 2 31 45 36 43 41 12 48 39 3 12 26 36 4 34 26 33 20 25 44 30 5 41 24 31 43 32 50 12 33 1 18 42 47 33 17 43 50 47 6 30 12 44 7 32 1 35 35 20 0 14 49 14 50 11 24 47 40 22 6 50 10 13 36 7 3 
45 35 39 22 18 33 33 23 19 15 19 12 35 42 30 8 47 31 49 34 37 18 31 23 36 28 22 45 48 47 17 26 38 4 38 17 47 14 2 31 17 42 31 46 6 35 5 30 26 43 13 33 38 23 16 28 4 16 36 40 12 38 26 22 48 43 25 32 5 14 12 33 29 18 18 45 0 37 35 18 2 23 43 20 5 34 35 39 15 38 10 13 
31 28 12 20 29 17 10 48 13 11 24 26 13 32 30 5 20 5 22 41 19 49 35 18 20 19 21 38 14 4 10 44 45 1 31 6 17 48 39 29 28 37 5 41 50 17 8 24 5 31 20 11 17 20 44 33 43 45 1 11 46 22 35 10 2 31 31 12 1 25 38 22 17 43 13 33 44 0 45 18 3 12 48 34 34 35 50 27 26 7 49 13 
22 47 29 34 7 3 46 40 20 37 46 23 30 43 48 44 25 7 12 39 49 27 49 50 48 38 1 25 2 4 6 6 2 13 17 25 38 10 6 30 48 6 49 17 16 25 5 42 38 6 2 19 45 10 14 45 49 30 36 20 2 21 38 16 31 41 21 18 27 23 7 15 1 33 41 44 29 33 0 34 23 33 9 38 47 3 38 11 42 49 22 27 
9 25 37 28 28 18 34 36 26 5 37 16 16 49 38 18 13 20 21 17 17 47 13 37 43 34 41 14 44 30 30 20 5 46 49 41 15 5 14 26 46 48 8 19 47 44 23 48 15 20 49 23 28 6 11 12 12 50 35 45 28 21 42 47 25 18 11 20 1 47 3 9 6 45 22 19 39 44 41 0 50 11 43 49 24 31 7 42 50 36 37 29 
15 20 20 49 26 6 12 44 29 34 4 48 19 18 41 17 34 34 42 24 19 10 36 34 35 22 18 16 19 27 11 34 14 18 39 39 37 47 47 14 28 50 13 17 8 46 30 7 41 40 9 16 45 14 11 5 35 36 15 4 38 46 26 3 23 20 34 1 29 2 31 38 38 28 46 19 48 20 26 39 0 43 12 25 29 18 46 40 1 8 34 5 
2 32 43 27 32 25 10 45 39 13 30 29 40 10 22 29 17 19 43 8 16 10 27 12 27 21 47 35 28 30 33 44 46 47 30 6 45 2 14 45 38 25 38 26 13 34 36 20 47 17 24 33 16 26 40 42 6 32 50 12 28 25 18 9 31 36 33 43 30 17 34 15 5 48 20 41 23 1 49 43 36 0 27 39 11 7 1 29 20 8 38 50 
14 3 3 17 13 8 29 46 28 1 44 40 31 34 10 28 18 7 50 20 6 34 7 26 2 37 8 3 30 8 14 35 42 17 21 13 3 32 7 33 44 5 21 43 43 37 9 27 48 23 11 14 9 19 45 30 46 27 16 27 1 27 16 20 38 9 48 14 14 47 26 36 50 17 26 1 13 15 34 15 28 31 0 6 8 47 50 27 24 22 41 18 
26 17 30 32 18 40 2 6 35 40 45 13 1 47 25 15 42 44 45 18 31 43 1 50 20 21 9 24 38 32 25 43 24 30 1 20 20 35 9 11 12 9 50 26 33 19 6 11 22 36 36 31 28 24 37 33 16 31 13 47 31 28 19 4 15 3 40 21 47 6 45 8 35 34 6 22 44 26 17 2 16 48 2 0 2 47 45 15 1 44 18 4 
39 23 13 31 34 41 47 12 31 29 35 15 17 41 29 46 44 18 15 40 41 15 11 31 33 27 18 7 20 38 40 28 30 2 7 35 22 4 23 32 48 15 36 24 31 34 36 11 19 49 22 33 29 29 14 24 13 32 48 8 24 40 42 43 40 8 36 15 35 44 25 41 45 33 42 26 29 38 1 50 41 7 39 21 0 17 7 49 2 38 33 23 
41 7 16 9 8 23 43 34 24 49 21 26 25 25 32 38 47 37 38 46 26 32 48 17 17 1 21 27 33 9 35 27 3 22 35 35 30 25 34 3 36 4 27 2 20 32 15 47 35 19 3 15 50 38 48 9 9 49 42 8 3 17 1 15 15 45 24 4 41 47 9 22 3 35 10 22 5 47 47 36 37 25 42 15 7 0 20 27 15 25 26 27 
31 34 27 1 20 3 13 37 26 8 12 6 38 11 32 13 15 28 26 4 12 3 6 22 28 25 37 8 45 18 9 29 16 21 28 38 26 35 40 20 43 10 21 29 25 19 4 5 26 7 13 38 49 22 15 29 28 6 23 46 17 5 43 9 49 33 41 18 33 44 37 31 38 7 11 2 32 28 47 10 21 33 33 39 6 22 0 30 44 7 50 11 
21 12 45 4 39 18 13 30 43 29 37 22 33 20 32 50 43 11 13 47 50 9 14 25 34 22 5 4 27 3 48 11 33 33 17 19 44 4 23 35 19 49 5 32 34 11 50 19 24 23 38 33 44 3 11 12 49 21 20 17 14 10 3 40 31 27 39 50 4 13 7 40 39 29 28 2 5 33 41 23 23 37 30 5 16 15 18 0 31 22 5 21 
23 34 6 21 10 46 16 1 8 22 1 15 12 17 48 45 15 25 10 8 17 30 47 45 28 30 49 24 16 10 9 28 49 42 34 7 33 9 19 7 39 32 33 2 22 22 19 39 19 21 3 6 13 48 5 44 38 12 44 31 47 43 35 49 14 23 17 20 34 41 12 7 7 4 19 35 47 46 23 7 11 11 5 46 7 4 16 1 0 38 40 20 
21 15 38 10 47 48 35 38 50 5 50 5 28 9 46 49 10 29 21 47 42 39 38 21 37 38 40 42 10 8 16 32 44 22 41 42 20 45 23 38 13 8 24 2 12 6 28 37 12 5 6 23 18 44 28 33 28 18 23 10 8 43 29 42 40 18 12 6 19 4 30 16 7 34 35 34 15 36 9 32 10 4 31 6 3 44 15 1 45 0 9 14 
2 22 13 30 20 30 33 12 44 44 22 19 8 26 41 17 35 9 44 18 43 9 42 50 5 13 23 40 47 4 12 12 10 40 28 44 44 4 16 5 33 24 16 38 39 36 23 31 12 27 31 42 1 41 22 44 31 14 25 7 7 44 16 41 33 10 9 18 48 47 24 31 44 40 36 19 43 5 11 20 40 43 28 20 23 20 12 20 19 35 0 14 
30 30 9 48 39 9 26 5 29 27 5 33 16 4 1 49 11 5 4 1 27 3 5 17 15 16 46 18 14 48 39 50 13 34 44 1 35 43 47 10 18 50 32 43 35 10 13 16 23 21 2 15 15 35 38 27 26 42 34 24 13 9 42 31 39 6 21 32 11 50 15 18 9 44 33 27 21 12 32 5 4 31 45 43 47 25 35 29 46 17 25 0 
