1
47
35 0 32 14 18 47 24 17 30 44 37 7 9 7 13 29 50 43 28 3 20 26 22 44 39 17 7 30 11 43 48 34 32 35 10 19 29 47 18 21 47 4 9 24 12 16 15 14 
42 38 0 43 32 20 29 21 41 14 39 26 1 41 44 7 37 46 3 25 25 47 45 1 4 26 8 7 17 18 49 32 24 2 43 38 24 1 16 15 3 14 19 6 41 22 17 31 
3 48 22 0 28 10 41 41 18 48 38 40 7 12 22 5 24 15 8 2 50 49 6 33 37 30 38 22 11 28 39 11 33 9 27 4 20 46 21 23 33 12 26 41 37 11 10 3 
31 9 46 41 0 34 20 18 33 48 15 35 49 22 20 30 40 10 28 8 49 35 18 36 28 44 35 19 38 23 16 47 27 21 35 41 2 33 48 27 13 41 45 7 5 12 23 2 
14 33 36 32 10 0 4 11 18 13 24 18 47 49 1 30 10 32 19 9 28 37 29 28 8 12 1 45 8 41 12 31 17 22 34 5 6 37 35 37 23 10 18 28 29 15 1 29 
12 11 36 25 37 3 0 45 15 36 5 29 20 10 9 4 28 2 44 2 26 15 46 25 23 48 32 36 19 20 1 50 43 11 22 33 48 5 37 44 14 27 19 20 1 9 15 28 
15 7 40 26 35 13 26 0 14 17 37 13 28 6 18 27 46 35 6 36 10 38 26 7 23 16 50 38 49 47 27 24 15 34 4 22 13 30 25 15 30 35 9 17 11 42 9 39 
47 1 24 35 46 23 5 40 0 39 1 17 11 35 25 27 18 40 14 49 45 2 47 15 16 11 42 6 25 30 10 46 32 7 12 42 49 23 43 28 43 29 14 33 12 14 15 30 
5 9 41 28 48 44 15 37 1 0 36 9 25 5 17 30 11 30 5 36 4 24 34 28 46 48 36 7 16 38 14 3 2 46 12 1 17 39 32 49 38 42 26 42 13 14 18 24 
26 49 4 4 7 29 11 7 22 31 0 46 30 12 38 50 49 37 34 7 29 43 16 14 23 48 7 48 13 49 42 16 32 30 12 31 18 35 11 46 24 36 6 30 37 43 2 37 
1 43 27 6 30 7 39 32 10 36 32 0 6 50 31 49 8 31 15 15 1 1 7 32 15 26 38 34 44 37 37 28 30 46 21 48 20 22 37 37 25 41 31 22 33 4 5 46 
43 37 49 50 22 29 2 36 45 11 13 30 0 42 24 46 46 24 8 3 10 30 34 29 36 44 29 41 10 20 36 50 11 22 43 41 7 39 38 6 1 45 35 4 9 10 8 45 
1 46 36 48 25 2 46 17 10 8 13 6 43 0 39 42 17 9 12 2 9 50 33 39 7 36 3 2 16 45 31 21 27 37 34 40 15 35 38 26 9 26 26 32 49 27 33 13 
13 3 19 45 48 8 50 46 19 7 29 13 22 1 0 30 22 29 38 36 20 10 50 28 32 22 36 43 33 24 1 40 31 4 40 40 13 26 36 24 19 38 39 21 8 6 25 4 
9 47 4 3 12 41 14 4 13 26 37 23 12 15 17 0 22 18 18 48 10 33 11 17 46 43 15 17 33 21 29 20 26 47 33 35 37 21 49 28 41 41 36 27 38 40 14 13 
5 21 17 3 40 9 16 22 48 30 8 10 48 24 31 34 0 35 6 11 27 29 31 31 2 20 40 8 19 47 35 30 7 30 2 13 12 4 26 30 18 31 12 37 7 13 39 31 
17 10 3 42 32 29 37 34 24 40 16 34 1 1 48 25 14 0 50 1 30 46 11 20 30 9 27 44 46 18 45 24 39 32 10 41 10 45 43 49 29 44 19 40 23 39 43 30 
18 34 38 24 7 12 9 35 7 41 24 34 6 35 41 17 30 16 0 28 2 42 11 38 30 21 2 23 37 28 22 47 42 16 47 27 13 31 22 18 27 24 25 35 20 22 10 43 
44 3 2 11 7 11 42 39 8 46 8 3 5 40 22 8 35 44 32 0 18 9 9 29 37 8 49 1 29 17 26 19 9 12 10 29 35 26 12 41 31 25 9 20 17 24 19 13 
38 2 18 50 27 40 42 35 35 25 16 3 8 11 14 22 32 28 49 42 0 46 11 38 32 24 3 2 44 50 40 12 13 40 37 14 27 50 27 43 20 20 25 44 11 11 10 33 
20 12 38 38 40 25 27 17 27 15 37 26 24 39 48 36 46 13 3 13 22 0 48 37 23 6 36 30 23 22 17 28 21 15 21 32 33 13 2 23 39 13 21 38 13 14 1 19 
32 22 40 49 48 8 47 11 23 25 16 33 4 46 5 45 10 38 16 12 3 7 0 16 23 44 41 15 1 1 11 25 10 5 17 49 1 33 19 30 14 18 10 10 8 47 20 19 
43 8 26 28 25 48 39 17 25 6 17 6 7 44 47 11 13 1 7 28 38 48 5 0 13 42 8 3 44 44 48 9 27 24 23 22 43 26 33 50 12 17 1 24 45 16 13 23 
20 22 50 47 7 41 42 31 46 4 14 37 18 46 45 24 28 48 41 32 34 22 4 36 0 30 2 45 12 37 24 10 48 29 35 33 23 44 1 2 36 33 42 27 40 12 47 33 
17 22 28 47 48 26 31 40 49 18 15 17 6 46 31 45 22 44 17 8 33 13 23 30 27 0 46 5 50 43 46 15 24 34 20 29 40 10 28 13 22 48 46 35 5 30 34 47 
40 2 48 5 46 46 39 50 4 49 48 21 2 21 32 47 4 4 42 34 36 18 41 35 45 31 0 45 10 37 28 18 1 43 49 15 48 45 41 19 28 46 20 25 41 12 8 11 
1 16 49 32 2 39 1 12 23 12 14 11 15 2 29 14 26 31 48 28 4 6 35 3 13 35 14 0 38 17 43 50 23 37 21 44 45 38 47 17 13 42 38 42 37 31 30 4 
26 17 7 50 10 15 30 8 46 32 46 19 17 25 14 46 31 12 41 24 45 9 35 26 30 15 36 37 0 17 15 49 23 34 32 38 21 11 44 41 9 8 14 49 13 42 28 1 
39 29 43 12 26 41 6 10 18 33 31 20 46 30 44 41 31 34 24 36 36 37 43 35 38 22 32 17 32 0 10 23 34 2 15 47 8 25 3 24 32 28 23 21 39 30 24 45 
30 14 23 18 29 18 43 15 2 37 8 24 5 9 39 28 9 11 47 19 32 33 36 17 29 11 43 9 14 17 0 4 6 14 27 3 4 10 43 44 16 10 50 45 22 17 29 20 
24 39 45 12 28 33 6 14 48 28 6 40 19 26 34 2 36 33 2 11 28 7 36 19 16 18 31 9 33 38 15 0 1 50 42 20 20 19 5 26 23 9 14 6 26 4 4 25 
41 26 48 10 40 15 19 42 17 3 26 46 11 2 47 31 10 14 6 40 28 7 15 33 32 7 30 2 15 1 11 15 0 13 44 41 34 36 29 26 36 31 50 3 17 44 9 16 
21 12 33 46 13 49 14 48 34 12 15 28 33 36 18 27 17 43 11 33 18 12 14 46 32 38 20 10 28 5 48 40 23 0 41 9 41 32 6 48 17 50 46 8 22 21 1 43 
1 13 23 37 25 33 26 48 10 48 38 15 25 30 4 20 30 14 25 5 42 27 28 46 11 45 45 34 22 4 42 25 31 46 0 20 47 5 19 24 7 48 44 50 43 45 41 24 
38 47 27 29 9 46 46 1 24 36 28 26 30 39 43 27 6 6 13 34 30 10 7 16 11 40 19 8 49 27 35 1 20 22 8 0 37 46 26 34 30 36 45 46 12 27 44 45 
19 5 17 45 37 33 8 44 28 40 11 18 19 28 38 3 47 1 28 6 8 31 7 32 30 23 34 49 36 14 46 39 18 46 50 4 0 32 33 49 18 13 29 30 47 35 9 15 
2 48 43 50 11 50 38 38 38 49 36 15 15 50 10 9 14 45 23 1 24 29 35 21 14 3 10 43 29 1 10 47 22 8 32 1 44 0 15 36 40 30 9 12 5 47 19 35 
19 4 21 17 3 13 8 42 24 14 22 36 8 40 45 9 38 40 40 43 7 18 9 16 50 10 33 21 16 17 30 24 46 19 42 40 9 35 0 8 35 14 17 9 38 22 29 28 
1 35 50 25 16 8 26 28 2 46 6 17 43 30 38 27 7 34 48 41 40 48 6 1 3 32 5 29 41 9 21 44 21 33 33 36 16 43 15 0 17 20 41 41 45 4 19 15 
6 27 40 3 4 24 39 38 3 30 50 22 34 3 47 38 43 25 12 46 11 48 3 11 14 20 32 21 50 8 11 48 35 18 50 3 1 6 17 21 0 33 45 30 6 17 21 31 
15 24 4 48 21 42 23 4 8 25 29 39 35 43 19 39 45 19 2 38 17 4 45 37 37 8 42 14 17 18 47 45 44 40 17 48 47 11 41 6 12 0 14 42 29 23 18 33 
29 14 6 36 37 15 34 15 12 29 17 11 13 1 9 38 41 29 35 46 46 26 21 43 34 29 47 26 3 12 16 15 20 25 14 50 11 33 10 30 11 25 0 6 19 30 1 28 
6 3 27 2 1 39 22 37 3 44 14 2 9 19 8 12 50 14 3 41 39 38 10 27 9 19 5 36 21 20 3 13 34 1 42 23 26 10 16 27 49 38 11 0 7 47 31 1 
12 3 14 6 6 28 10 40 18 44 50 44 32 34 37 17 33 41 1 18 8 27 35 37 40 48 27 42 1 27 4 30 28 19 43 33 8 14 48 36 24 12 24 30 0 26 17 35 
43 13 22 28 16 47 13 44 35 19 28 16 8 1 19 40 41 41 21 16 14 42 4 9 19 44 16 45 47 4 6 11 24 14 35 30 29 50 38 34 15 25 8 15 31 0 49 40 
36 6 22 33 39 6 2 21 2 10 13 9 22 31 19 47 32 13 17 43 45 17 39 12 42 4 37 1 39 34 40 29 21 5 31 39 25 21 17 5 23 43 34 21 16 41 0 16 
3 46 29 27 2 14 6 45 19 18 11 42 36 19 1 33 18 21 35 38 18 1 31 22 11 46 13 21 3 34 19 46 1 38 35 6 11 7 38 15 16 11 12 22 14 30 32 0 
