1
51
37 0 35 30 7 45 1 44 37 24 32 4 3 7 48 16 29 21 2 25 30 29 25 31 4 42 25 23 37 35 16 32 2 25 36 13 47 35 38 34 16 50 48 26 47 8 20 9 14 25 10 37 
20 2 0 19 9 12 5 27 15 20 28 7 3 9 1 2 28 21 36 20 44 34 19 9 31 32 49 34 47 23 16 9 13 25 29 12 50 7 27 1 43 9 23 15 39 43 46 18 47 6 42 39 
29 6 17 0 4 2 44 39 28 13 21 30 43 4 19 45 28 30 39 2 21 44 35 27 35 11 5 21 38 37 32 37 41 31 28 31 8 8 25 11 7 19 50 38 22 29 31 11 20 49 18 39 
9 5 22 45 0 45 29 32 44 48 23 1 41 32 35 40 12 26 39 38 21 5 28 45 2 45 47 6 7 31 44 2 40 20 43 29 37 10 34 36 30 27 32 14 35 19 9 7 37 40 19 35 
31 12 47 34 31 0 10 20 1 49 23 26 13 4 21 12 22 39 7 3 3 43 4 9 44 24 15 11 34 36 41 19 17 13 9 21 29 23 10 48 28 41 34 38 7 2 20 10 14 7 37 18 
31 38 17 43 28 4 0 4 10 16 50 36 15 8 4 9 1 45 1 34 50 30 9 26 12 10 16 2 43 5 5 47 28 49 24 39 30 47 17 43 26 20 1 32 29 6 19 30 4 44 20 16 
14 24 38 39 22 13 5 0 33 12 2 11 6 11 3 9 16 35 16 29 4 29 8 9 30 29 28 47 7 41 36 49 50 36 40 34 5 12 36 17 18 42 34 32 24 9 45 21 26 48 4 46 
38 15 16 38 6 15 8 10 0 45 16 48 43 26 4 12 21 22 19 4 5 50 50 11 12 45 27 35 22 35 7 21 10 38 41 11 35 20 3 28 40 4 26 22 3 44 42 6 21 47 25 50 
8 44 49 46 39 4 4 43 30 0 30 37 25 39 45 39 5 36 43 28 1 19 42 15 2 24 29 9 19 4 22 15 26 11 7 14 17 40 46 23 31 17 10 49 10 17 1 33 8 6 37 20 
28 20 24 31 16 29 48 22 10 46 0 36 40 9 16 12 15 32 31 23 16 41 20 47 34 9 44 6 35 23 46 1 13 17 2 38 6 37 26 49 38 42 24 13 36 32 21 40 45 6 37 2 
28 33 22 30 8 23 40 23 23 23 13 0 49 15 45 23 24 8 28 6 29 6 33 36 24 18 7 12 3 39 4 12 30 37 45 24 31 45 22 30 34 47 4 26 15 30 25 49 41 10 48 33 
17 50 8 46 45 48 49 13 1 11 38 35 0 20 12 34 13 20 22 42 29 37 49 22 33 2 8 21 44 43 9 22 44 41 22 45 30 30 50 29 33 47 9 29 24 9 20 7 4 46 12 29 
19 18 19 47 19 29 26 44 38 28 5 20 43 0 39 45 44 48 17 5 33 21 43 9 33 28 20 49 24 33 1 17 49 32 30 4 27 23 26 27 2 4 6 42 6 42 39 36 35 15 27 9 
37 42 30 8 26 9 37 19 49 30 3 12 37 11 0 7 39 14 36 18 22 23 41 4 30 16 2 4 41 39 34 14 9 6 42 31 7 2 22 28 19 36 7 28 22 2 45 5 46 36 1 23 
50 47 6 37 47 39 50 43 24 6 46 31 16 17 44 0 6 45 31 50 37 42 8 50 36 16 13 32 29 21 48 8 6 39 11 14 12 1 6 34 19 3 29 4 14 41 27 13 6 8 39 10 
16 36 14 32 42 47 21 21 35 7 22 22 27 48 41 42 0 5 3 32 6 40 48 32 35 13 5 37 45 40 1 27 21 33 38 43 20 26 30 22 16 31 36 49 13 31 8 27 16 1 35 8 
4 26 34 21 19 5 29 19 38 11 26 31 35 30 1 40 40 0 6 22 17 25 31 17 25 4 49 19 5 6 28 22 45 5 43 24 46 50 18 25 15 47 12 35 6 6 5 15 33 30 18 38 
11 29 19 33 23 9 9 17 21 36 25 13 11 39 31 27 42 7 0 6 41 22 31 7 21 14 47 12 20 50 34 37 25 38 40 11 16 37 10 1 37 41 1 5 29 23 49 24 17 25 29 23 
27 25 28 16 30 22 49 20 27 47 39 18 37 50 50 25 22 29 15 0 40 33 6 19 50 22 27 29 49 15 23 46 46 21 11 11 1 11 24 31 44 39 40 24 41 2 33 18 30 23 25 3 
38 10 39 41 21 6 28 45 3 44 1 6 4 2 44 47 26 39 50 15 0 48 48 21 2 43 32 29 48 39 10 50 26 41 21 8 36 33 21 41 45 33 30 29 1 38 35 21 40 9 37 43 
41 24 10 5 41 40 37 49 39 28 30 6 44 44 25 16 33 44 9 15 6 0 49 5 32 19 20 21 14 8 12 40 40 3 18 10 3 31 17 18 47 46 23 2 18 3 24 35 7 14 20 38 
46 1 22 37 42 20 29 36 22 19 24 41 27 39 41 4 27 35 23 35 17 27 0 12 20 34 47 37 29 46 35 14 1 39 25 44 40 31 31 19 33 2 32 46 28 23 32 26 30 13 20 9 
23 41 35 22 20 39 3 4 45 33 50 40 37 5 23 3 2 45 2 23 47 17 40 0 34 35 31 35 48 2 22 8 17 26 27 42 10 4 4 24 2 29 27 24 1 3 42 10 23 50 30 24 
35 12 48 12 6 2 2 37 40 4 5 2 23 26 34 15 11 14 13 50 49 21 1 44 0 20 43 40 31 44 21 12 48 23 49 23 6 29 15 37 9 2 18 35 48 24 25 1 25 19 27 49 
10 38 30 26 14 12 4 43 13 12 21 43 19 43 8 30 25 4 29 37 47 28 5 48 31 0 37 3 20 46 42 16 13 17 23 3 11 43 23 9 44 25 23 24 47 31 26 16 5 17 46 27 
21 41 41 3 32 33 33 45 27 9 34 47 21 47 9 26 47 40 47 37 3 45 35 12 25 5 0 8 17 6 21 49 4 50 16 45 22 26 21 21 28 11 28 32 36 42 26 3 50 23 50 20 
15 20 10 25 26 7 30 29 28 26 16 40 7 11 31 47 6 3 38 50 27 20 20 26 25 14 49 0 21 49 2 8 45 7 2 34 34 41 42 19 15 47 42 43 3 45 39 26 26 11 29 48 
48 35 50 44 46 1 34 50 13 8 10 30 27 18 22 34 5 28 48 7 14 34 23 4 35 27 18 31 0 37 38 24 10 20 5 11 10 8 8 38 33 8 43 7 8 38 13 17 35 24 6 22 
49 14 23 34 15 13 46 10 19 34 3 14 26 34 50 10 22 8 12 27 47 40 15 49 22 28 16 17 23 0 11 33 8 32 17 26 47 48 21 47 48 12 49 19 49 5 30 32 24 38 3 45 
28 12 30 25 9 49 24 13 38 48 29 37 9 2 46 32 9 9 4 13 2 11 15 15 48 21 17 44 43 47 0 42 30 20 16 5 46 3 43 17 49 24 9 10 1 33 12 11 48 10 48 23 
16 35 41 44 17 48 15 27 38 33 30 21 41 6 50 18 43 47 1 30 17 42 5 39 43 2 15 32 36 11 19 0 35 45 24 27 45 30 23 39 48 38 16 30 16 44 38 19 45 34 45 18 
2 10 19 6 24 30 3 1 15 34 33 41 27 14 46 26 18 29 5 39 21 9 3 42 2 12 40 45 6 34 20 49 0 42 44 18 25 27 19 3 16 28 22 24 15 5 25 3 2 49 13 1 
17 29 7 47 43 8 27 5 12 41 8 46 32 14 35 50 34 47 21 50 50 26 40 11 50 35 38 37 27 10 38 46 44 0 33 4 21 35 47 25 18 50 14 42 25 20 27 43 2 21 25 20 
5 29 13 2 41 39 46 48 9 20 41 28 3 4 12 3 49 10 15 16 37 23 3 50 36 35 15 42 24 43 37 17 3 40 0 33 18 31 31 14 32 39 50 17 49 10 36 39 22 8 24 45 
42 7 10 33 33 26 14 17 6 25 5 25 16 33 24 26 13 21 45 23 18 47 33 27 38 7 5 40 50 46 43 34 50 49 45 0 10 43 7 1 43 17 15 8 8 34 25 1 16 36 11 27 
2 14 2 27 46 24 33 46 26 22 25 17 10 32 22 26 18 39 14 33 6 21 2 6 3 39 26 43 13 7 39 4 40 20 42 20 0 48 22 49 37 11 12 25 22 43 49 48 26 13 50 34 
28 22 28 21 31 13 47 25 7 48 40 34 20 33 21 28 41 40 2 28 46 40 28 23 45 47 31 14 5 42 1 31 13 23 12 32 12 0 50 12 8 2 48 42 39 21 28 6 39 22 21 8 
36 12 23 39 38 45 5 27 34 32 33 20 16 48 10 21 47 22 40 16 41 29 44 26 49 48 39 3 17 42 43 43 34 34 15 19 41 35 0 24 37 8 24 28 27 20 28 27 42 12 8 9 
18 32 6 17 7 18 47 40 40 6 3 10 43 40 41 37 32 33 41 31 12 48 3 8 18 2 18 7 21 22 47 42 10 33 26 11 29 18 8 0 1 44 45 34 31 6 14 35 37 30 42 45 
9 21 27 47 20 30 48 49 6 1 41 20 19 10 12 50 11 15 30 8 15 25 40 37 18 14 22 3 4 17 31 28 30 28 39 21 33 36 6 32 0 32 19 3 1 4 26 16 22 44 15 24 
23 50 34 30 35 31 41 30 6 8 45 46 40 20 14 40 41 22 41 17 26 9 48 27 46 23 40 34 42 49 50 10 40 43 9 28 46 48 4 41 43 0 6 50 24 37 24 14 32 41 37 25 
1 4 48 49 14 3 8 34 12 42 7 39 8 8 36 6 47 11 36 44 43 18 1 24 20 10 24 40 23 10 8 43 6 24 49 6 43 45 46 25 39 15 0 43 50 37 18 42 16 2 18 17 
21 5 43 32 34 3 24 30 5 29 18 12 3 34 14 33 35 10 30 14 2 16 12 6 29 26 2 38 2 18 8 39 5 43 38 39 13 42 16 4 19 16 42 0 47 21 3 41 16 23 35 8 
7 22 5 16 6 44 38 4 9 2 36 28 37 21 30 7 10 47 26 21 44 45 27 45 37 25 15 35 26 36 36 16 18 11 2 18 50 28 32 46 26 39 7 2 0 34 38 5 26 42 47 31 
20 47 15 15 13 45 10 29 32 29 4 28 24 17 20 10 27 20 12 7 33 15 30 45 5 38 26 12 49 21 40 43 30 5 16 19 4 46 39 23 41 49 50 18 23 0 11 34 35 14 29 28 
6 30 40 49 5 18 20 10 25 20 49 30 12 40 11 48 19 2 2 7 32 32 40 17 34 16 13 23 44 5 41 49 21 44 34 13 41 6 11 2 34 37 15 3 42 20 0 39 29 12 14 15 
34 13 22 46 25 41 23 16 40 5 48 16 20 30 1 10 19 6 49 7 13 41 50 24 45 18 38 25 14 27 35 11 31 41 7 36 50 48 10 23 19 41 21 47 36 22 45 0 24 42 11 21 
23 14 7 2 44 13 49 2 8 3 48 2 14 21 38 35 30 23 15 10 22 47 26 39 23 21 4 38 24 23 14 34 4 7 12 47 25 40 14 23 1 46 2 20 21 39 8 26 0 49 37 15 
2 28 1 50 27 38 18 29 24 10 12 28 35 40 15 48 7 10 41 11 40 9 42 10 26 45 7 18 34 13 28 39 38 8 13 7 4 8 35 10 7 11 41 14 40 18 18 31 7 0 41 2 
17 9 26 25 43 36 42 24 33 32 50 46 11 33 23 41 27 27 8 45 49 25 32 5 30 19 29 20 8 28 26 11 43 12 11 30 12 33 21 21 13 34 3 28 7 16 30 31 17 28 0 41 
4 50 47 3 42 28 22 46 25 8 22 17 6 6 40 3 50 23 44 29 44 7 37 33 15 23 4 48 14 39 48 3 31 37 22 12 47 9 19 2 41 38 47 14 41 18 47 22 18 14 31 0 
