1
56
17 0 3 18 25 38 25 45 8 20 42 13 12 50 2 16 35 26 2 13 20 40 42 43 21 17 15 20 32 37 33 47 45 2 50 28 39 40 7 24 14 46 21 28 12 48 28 12 10 46 12 40 4 37 15 12 26 
10 47 0 8 24 5 13 21 38 45 18 10 1 24 28 46 19 28 50 24 20 14 32 23 40 3 11 37 25 44 43 8 37 38 2 29 43 49 1 9 34 50 41 17 30 18 12 37 19 17 21 26 37 41 43 12 29 
24 19 21 0 45 27 46 45 2 11 24 14 22 49 4 21 27 41 41 21 24 15 44 23 42 24 18 9 23 17 22 46 46 41 1 19 30 31 15 8 4 46 15 20 45 49 15 21 14 50 50 46 1 23 39 14 31 
47 29 21 9 0 38 22 36 39 28 18 32 48 35 41 47 26 34 17 28 1 24 28 44 10 48 46 24 18 26 46 24 3 38 38 34 3 45 49 17 25 30 31 18 31 34 23 29 9 3 21 17 6 11 14 8 19 
36 11 11 43 49 0 18 14 32 45 30 11 48 8 44 32 35 1 4 21 43 11 14 27 26 18 15 15 6 30 18 42 24 31 16 18 34 39 25 27 13 18 36 36 5 12 31 2 10 39 33 6 7 43 15 8 22 
35 35 25 34 3 9 0 2 28 38 37 18 42 27 48 46 27 28 9 26 25 28 23 14 37 13 6 17 48 13 36 32 17 8 46 50 5 50 43 10 10 34 9 17 26 14 11 33 42 37 30 30 35 39 33 45 13 
22 39 21 47 42 5 15 0 2 6 1 34 32 49 42 27 35 49 17 41 19 6 39 24 3 24 25 12 34 6 47 28 25 1 37 34 12 22 14 18 30 44 15 21 13 27 2 44 45 3 46 37 23 42 27 8 33 
16 19 24 18 44 32 47 10 0 24 10 31 12 9 16 13 35 49 12 25 41 18 11 27 23 32 17 31 11 10 5 33 25 30 1 46 4 40 1 36 13 19 12 40 18 21 32 36 37 33 2 25 31 2 17 16 5 
42 1 36 28 1 36 50 20 27 0 7 33 9 20 10 45 48 26 13 22 7 22 10 3 50 31 45 29 8 30 3 24 13 35 41 12 39 16 9 12 33 12 20 42 14 50 28 17 24 8 27 5 39 45 9 34 33 
49 36 47 7 8 43 40 24 33 20 0 24 29 48 6 33 18 2 39 45 2 19 39 1 4 28 5 1 4 49 36 18 27 8 30 41 30 13 5 26 20 31 18 32 31 4 38 26 2 44 37 37 6 14 33 15 11 
36 43 29 3 42 36 26 48 2 48 22 0 19 16 4 6 47 14 26 21 1 8 21 1 41 30 50 10 12 49 13 13 25 15 30 45 20 27 23 28 45 43 34 29 6 16 8 36 40 32 41 43 39 12 14 4 15 
42 39 24 43 27 14 50 40 35 48 4 37 0 10 36 21 41 48 27 8 24 42 45 25 22 14 20 30 8 20 25 13 1 26 30 29 38 50 36 19 30 34 40 22 19 4 50 31 47 20 2 41 36 6 31 23 47 
15 2 30 7 35 42 20 10 35 3 11 30 7 0 34 42 13 8 29 40 3 24 6 19 14 40 33 39 19 35 27 46 46 7 32 23 48 6 13 45 42 20 12 34 1 39 2 40 37 10 29 28 27 41 21 24 9 
34 16 18 2 4 2 26 8 8 15 23 26 11 45 0 7 46 35 49 33 13 23 18 26 38 43 2 9 6 50 19 6 37 8 15 14 41 46 44 39 19 36 26 43 24 30 15 27 16 23 33 43 43 38 12 37 17 
41 30 9 2 43 20 9 40 10 36 18 46 31 16 1 0 41 10 15 27 48 25 2 9 29 26 44 34 18 26 14 50 47 29 48 1 16 35 37 26 16 17 4 15 44 47 31 35 7 33 3 33 23 35 40 42 39 
22 31 27 50 37 42 15 46 37 22 18 33 16 35 6 23 0 39 11 31 22 38 15 32 45 9 28 35 24 32 27 12 39 7 12 45 5 11 27 30 26 40 19 7 26 13 2 42 48 47 10 34 25 9 21 2 7 
49 32 41 10 7 42 15 11 10 29 27 4 40 2 13 13 31 0 6 33 19 8 7 33 7 36 37 27 22 43 38 31 37 11 38 6 30 36 21 19 48 4 47 17 34 26 39 9 45 48 21 44 4 38 33 49 43 
50 35 24 21 15 44 19 23 49 41 43 3 47 34 28 11 38 35 0 16 12 40 49 32 48 29 32 24 22 44 27 49 29 39 14 30 2 47 49 34 10 29 45 36 35 46 6 49 15 44 34 17 4 18 38 3 1 
3 27 42 33 21 47 29 22 42 15 14 34 4 27 15 40 2 6 34 0 46 13 48 2 24 34 9 29 11 11 45 11 2 11 30 49 21 7 1 40 32 16 14 43 32 42 16 12 17 20 28 3 12 4 7 38 6 
25 18 50 12 19 19 12 48 4 13 23 24 29 44 33 1 16 2 31 50 0 5 21 32 18 48 12 42 33 43 49 49 4 42 44 46 39 2 29 14 47 2 46 28 30 43 38 39 26 46 2 47 2 27 39 1 4 
37 32 14 7 28 29 5 6 15 20 33 35 48 44 50 38 39 34 48 9 44 0 3 26 10 24 16 38 41 3 47 28 3 43 43 3 21 15 7 20 24 42 23 16 24 5 5 28 2 3 10 13 44 41 42 11 35 
7 5 34 12 42 14 3 18 43 31 42 6 41 30 23 33 14 25 18 21 38 2 0 5 20 39 36 39 44 34 34 12 1 32 19 14 11 23 9 33 28 20 48 32 25 13 22 12 24 37 31 30 17 25 40 47 6 
50 15 24 6 26 10 35 9 19 41 25 23 16 13 10 6 43 40 2 41 20 31 7 0 17 25 15 7 4 5 46 27 43 22 9 11 9 36 27 3 11 14 24 7 22 48 39 9 25 21 24 24 35 39 7 36 20 
8 7 31 11 3 31 4 24 15 33 1 7 2 1 21 16 37 41 28 46 24 35 19 37 0 7 33 33 31 22 42 4 16 23 42 1 29 47 43 8 33 21 34 8 16 38 2 23 20 4 9 48 48 30 40 46 23 
39 45 5 21 49 23 2 23 29 36 34 11 1 42 20 45 34 45 26 41 28 3 49 5 10 0 13 28 13 45 7 36 34 46 29 41 2 38 37 34 48 32 36 38 3 19 13 20 13 40 3 14 35 15 5 46 36 
47 50 12 36 46 39 28 22 50 1 15 22 1 18 7 47 11 28 10 42 16 46 37 47 43 15 0 24 42 43 1 19 41 33 6 6 39 26 49 3 43 8 16 3 18 49 48 12 22 46 18 24 37 46 4 21 1 
14 16 43 31 15 37 30 50 33 24 40 46 12 19 21 13 26 18 34 50 44 20 49 45 4 3 46 0 26 27 32 46 30 35 6 26 11 6 22 28 22 37 4 36 25 9 16 11 28 47 12 12 29 21 21 8 45 
17 49 28 13 42 5 23 1 29 10 12 7 44 11 8 4 40 13 13 40 34 24 36 38 43 19 29 16 0 20 18 9 14 48 32 44 8 44 15 31 33 32 36 47 49 5 4 34 37 4 8 39 8 9 18 11 44 
13 41 21 23 26 7 31 12 1 48 9 13 17 1 11 25 33 31 9 49 28 37 34 39 35 43 12 13 29 0 2 6 31 21 1 45 4 45 8 8 26 5 36 48 7 46 22 20 4 48 14 26 28 10 12 16 26 
7 33 39 34 45 19 33 50 42 29 42 17 6 7 31 26 24 34 44 43 39 27 44 14 23 9 15 16 27 28 0 21 9 35 20 47 13 19 24 31 37 3 49 15 17 30 4 49 41 33 1 5 27 19 24 37 31 
39 26 11 37 4 18 24 15 8 34 32 37 10 19 7 50 3 8 40 41 12 27 34 19 11 24 33 27 24 45 41 0 12 33 17 24 44 13 45 34 36 26 1 9 47 23 12 32 15 44 5 24 11 34 47 19 12 
42 43 27 30 35 47 41 14 43 20 4 43 45 13 37 9 25 5 16 11 19 38 47 49 43 18 33 19 21 31 29 37 0 49 12 3 21 19 4 1 29 11 46 4 4 9 39 20 32 18 16 36 29 31 8 44 4 
47 28 38 17 15 23 43 13 41 17 45 33 10 17 40 21 4 37 1 23 34 43 40 4 49 1 1 6 45 50 6 41 19 0 49 25 41 17 35 15 39 4 42 13 43 45 37 22 2 26 16 26 45 8 21 20 4 
39 34 19 14 22 37 19 41 11 4 15 12 43 50 5 20 23 13 20 43 30 47 10 12 30 50 31 30 25 12 34 48 29 21 0 3 34 16 1 17 17 23 23 33 42 23 11 9 26 11 7 22 45 2 28 25 42 
25 7 35 23 7 40 17 49 20 17 33 23 48 22 4 23 47 4 20 8 15 19 40 19 41 5 19 19 40 39 47 2 47 11 9 0 9 17 45 10 34 6 34 22 6 29 37 29 40 3 50 49 48 8 17 28 7 
18 16 32 3 21 49 9 31 21 31 27 38 13 45 6 3 45 36 2 32 47 35 41 4 26 30 16 41 41 49 44 30 34 3 42 2 0 13 7 14 8 25 41 35 48 11 42 27 8 45 47 4 22 16 46 10 33 
25 28 27 41 33 19 41 23 37 47 4 10 4 5 40 38 23 44 7 7 50 43 44 35 4 9 46 44 45 22 14 38 44 9 27 35 30 0 23 26 6 50 13 11 14 38 17 5 41 7 17 50 23 40 4 34 32 
35 43 38 24 23 47 28 16 34 17 17 45 28 6 8 1 19 1 7 37 32 30 47 37 5 6 38 29 23 42 48 41 26 45 50 38 35 2 0 33 3 36 46 31 21 1 11 13 1 10 50 4 39 47 47 50 6 
46 2 20 18 10 49 43 42 19 27 19 33 7 20 16 17 18 5 2 37 49 26 36 45 43 37 20 24 38 9 45 30 45 45 42 33 33 16 43 0 37 4 40 3 25 42 31 45 40 34 38 22 43 46 14 7 20 
16 25 25 24 30 20 4 10 32 40 38 13 29 33 34 2 12 15 33 10 24 12 3 13 42 30 40 50 38 2 35 32 38 22 18 8 42 19 8 34 0 36 43 43 2 43 33 12 1 5 20 31 31 31 48 47 5 
23 12 33 1 31 4 22 31 6 7 25 7 16 26 11 43 8 50 24 32 20 1 21 9 19 39 46 19 22 4 1 41 26 13 36 30 37 8 4 32 21 0 13 47 36 9 5 36 29 9 39 24 32 24 15 36 22 
42 24 32 42 9 4 9 3 7 35 31 4 41 31 7 1 46 43 12 7 5 35 1 14 4 17 10 33 31 19 17 12 28 15 39 13 26 13 24 17 4 45 0 29 24 25 33 39 29 32 23 37 32 4 29 17 7 
23 19 39 42 44 26 22 39 18 20 27 27 42 44 26 34 20 45 4 10 6 28 40 22 29 32 2 8 33 35 8 49 48 33 40 7 24 32 24 28 23 41 6 0 5 7 13 37 39 48 3 13 9 26 8 1 46 
30 18 14 13 25 15 6 34 12 28 29 10 5 19 10 38 21 27 38 16 22 35 15 17 45 14 11 30 23 49 24 41 33 44 28 7 18 12 3 9 36 23 43 29 0 34 28 35 30 43 25 38 50 21 36 25 45 
3 47 18 12 5 26 11 13 5 39 28 11 41 4 20 10 24 29 30 49 43 37 34 18 29 31 37 48 11 24 21 47 20 34 4 22 44 41 5 10 12 30 24 45 1 0 24 39 40 5 29 26 42 6 26 3 16 
14 1 33 24 40 14 3 31 19 31 41 8 50 49 17 33 25 21 37 13 13 39 17 6 43 48 43 33 49 29 42 44 32 38 8 43 8 32 21 49 28 44 26 21 33 32 0 40 7 12 44 18 36 40 41 4 25 
35 28 32 42 21 20 33 41 40 48 26 13 41 24 25 43 50 39 35 20 14 47 23 11 9 37 21 6 11 6 5 42 35 34 9 31 1 30 28 9 12 36 32 36 6 28 16 0 39 19 25 36 2 6 35 12 39 
6 21 34 35 49 28 30 34 44 35 28 8 15 45 43 21 11 27 9 28 15 38 6 32 22 33 37 36 20 3 36 1 23 21 26 30 46 44 10 34 6 48 42 21 50 9 25 24 0 33 16 42 29 27 34 24 18 
16 3 14 17 41 44 14 41 50 28 36 44 20 13 25 17 18 25 22 17 46 35 32 14 8 13 4 5 12 7 25 39 48 8 15 44 31 43 44 13 35 1 22 23 23 31 5 20 41 0 25 12 2 12 7 23 31 
21 1 9 28 40 10 30 43 3 47 47 13 49 31 36 25 32 10 33 45 13 10 41 28 9 35 14 37 46 23 27 41 35 34 24 31 34 16 23 25 22 30 20 27 34 43 21 10 39 38 0 21 3 25 28 19 12 
10 32 20 5 46 43 47 31 21 7 28 15 8 6 41 16 37 8 24 34 40 15 44 17 14 4 49 9 2 25 17 8 16 13 21 3 47 18 29 30 33 39 6 28 15 7 3 34 47 6 16 0 17 4 36 22 46 
39 3 41 43 45 39 29 47 41 20 50 46 35 39 19 20 30 44 1 2 9 16 2 8 2 15 13 47 9 50 4 31 41 26 15 45 27 37 36 45 10 10 38 46 8 7 49 8 37 47 38 10 0 36 21 38 23 
1 34 41 30 27 33 38 41 16 19 5 10 25 25 43 43 9 6 42 49 28 7 1 45 16 5 10 13 13 44 46 21 38 42 44 44 46 6 19 28 23 48 30 39 3 40 34 13 4 45 2 30 29 0 39 45 45 
33 46 14 23 24 26 29 22 24 34 22 33 32 50 48 3 37 15 27 31 27 13 43 27 21 47 10 18 43 16 43 49 47 49 12 50 43 47 4 47 19 9 15 19 18 2 32 5 48 49 43 15 13 15 0 19 20 
4 37 2 27 16 11 29 9 42 24 37 33 38 48 11 41 11 30 12 19 49 25 10 20 16 5 21 45 23 28 37 33 31 42 47 6 45 27 32 9 30 6 28 45 16 49 17 1 39 3 4 33 3 50 22 0 29 
28 33 12 12 40 35 36 14 37 4 3 47 1 5 47 35 49 4 39 43 48 15 5 17 39 21 7 21 25 5 30 31 20 18 28 13 16 20 19 45 21 14 9 12 47 20 50 34 7 20 35 50 11 30 32 13 0 
