2
44
13 0 22 7 19 8 27 20 9 34 3 38 44 22 36 24 18 31 35 17 30 38 49 41 10 47 18 1 17 42 41 2 1 30 19 40 31 43 20 24 31 8 12 18 28 
5 35 0 14 29 17 4 5 29 37 50 12 15 32 47 23 41 27 3 17 44 2 37 14 4 47 44 25 12 12 37 23 27 31 13 6 13 5 22 50 39 36 24 15 30 
8 25 50 0 47 48 34 4 5 45 25 27 18 21 11 33 24 30 44 17 1 28 35 34 19 42 10 36 6 3 29 9 29 23 35 46 22 44 29 15 29 33 18 33 7 
37 39 43 45 0 40 27 10 43 7 14 3 23 42 32 5 38 48 49 2 17 16 48 45 36 15 12 30 1 30 38 19 10 3 28 32 4 18 42 17 27 19 17 22 10 
33 24 31 13 24 0 27 32 34 17 16 41 39 44 7 31 28 47 9 14 19 46 43 21 14 50 2 21 7 33 25 48 50 27 36 4 41 32 18 28 3 7 36 43 37 
38 43 10 11 12 39 0 31 11 3 3 15 40 4 17 13 22 7 25 1 42 19 41 13 9 4 40 47 29 32 12 12 11 50 34 27 8 43 10 46 45 45 38 48 24 
21 15 38 15 6 6 46 0 33 35 1 19 47 30 2 8 22 42 2 29 42 42 5 40 20 41 5 30 48 30 7 48 31 44 40 38 39 2 33 24 26 16 30 26 49 
16 30 28 41 3 24 3 44 0 9 6 33 17 25 19 25 1 26 49 3 28 4 38 4 40 14 19 21 10 28 4 27 12 29 41 5 11 27 39 45 6 4 4 22 39 
8 21 15 33 9 23 50 18 28 0 48 46 28 26 39 28 34 4 44 16 6 30 21 39 35 15 14 24 37 4 47 25 50 16 16 33 43 5 38 1 6 4 9 34 31 
46 27 35 39 12 12 3 10 39 17 0 9 38 33 30 19 45 49 14 14 31 24 46 12 11 7 35 30 16 43 11 2 21 37 8 40 38 29 36 26 43 44 15 12 50 
7 45 11 25 19 6 7 41 46 4 8 0 50 15 25 33 27 32 37 18 28 15 39 1 26 41 31 17 14 38 22 38 9 35 13 4 12 25 5 48 37 4 12 25 34 
50 40 24 4 3 49 11 7 48 34 36 18 0 45 35 35 39 40 43 3 25 17 49 16 3 21 22 3 28 40 31 24 3 15 17 26 2 8 13 11 40 11 31 12 1 
28 37 17 40 21 9 48 12 9 1 18 1 25 0 22 34 32 46 34 18 18 10 33 4 28 10 34 31 27 33 14 14 37 37 15 25 35 5 13 8 31 33 13 44 15 
50 25 27 37 30 30 44 28 13 45 42 46 33 39 0 31 38 29 21 29 46 37 32 14 10 47 49 27 34 27 37 35 47 39 40 29 35 7 45 48 4 21 37 24 43 
24 30 3 16 33 20 3 12 34 49 28 19 11 18 41 0 32 3 11 2 27 11 45 7 44 11 47 32 34 24 26 26 50 9 22 36 17 46 11 1 7 34 23 13 40 
12 11 24 39 5 17 2 10 36 47 33 30 23 9 6 37 0 39 20 39 9 24 29 10 40 32 24 36 42 10 45 43 38 32 18 32 50 23 43 30 8 25 16 15 12 
40 7 44 38 6 15 18 15 34 5 17 34 1 35 7 31 31 0 11 1 41 4 45 48 6 27 7 14 46 40 32 34 9 15 49 50 26 31 49 36 46 28 29 5 28 
1 49 50 39 37 49 27 15 15 24 9 46 10 39 11 50 2 23 0 25 3 21 9 20 3 35 32 1 33 25 6 14 26 41 20 5 29 7 25 10 42 5 20 44 41 
40 5 16 43 38 37 45 5 4 2 7 43 30 47 4 5 49 45 41 0 10 10 33 6 40 34 32 43 27 13 34 48 2 15 29 13 31 16 8 45 38 12 9 22 39 
13 12 50 11 22 5 43 11 29 34 31 8 49 27 9 7 45 18 43 21 0 4 6 28 1 34 23 40 41 50 3 49 2 12 17 27 22 33 32 5 9 41 38 23 32 
48 6 32 39 50 39 44 44 17 2 35 8 34 49 27 49 15 2 11 26 36 0 30 46 33 50 37 24 13 14 34 30 17 33 47 3 29 42 1 42 12 10 6 35 11 
33 19 39 35 6 7 44 40 27 48 46 19 11 50 40 13 16 31 31 33 22 19 0 26 38 46 49 8 14 11 50 16 31 46 36 50 31 49 39 8 7 41 41 40 36 
2 35 19 42 12 30 47 30 25 3 39 15 44 1 39 7 50 30 29 28 32 16 23 0 25 50 9 14 27 24 24 43 32 29 40 37 11 31 16 3 31 4 37 6 43 
47 36 38 48 1 1 8 11 12 12 5 36 12 44 43 4 17 20 6 2 10 8 36 4 0 15 28 27 34 28 49 25 45 10 31 28 15 21 16 27 24 16 32 20 17 
36 1 49 38 24 49 15 34 32 4 33 40 50 34 33 23 24 25 34 14 38 10 27 32 16 0 28 33 1 44 32 37 29 38 20 18 15 30 40 11 30 34 42 14 7 
48 39 15 38 33 5 1 42 49 7 30 27 25 18 22 46 16 15 40 50 17 5 3 31 16 19 0 44 35 14 4 30 47 47 20 35 28 14 46 18 40 32 46 31 31 
41 42 41 13 18 15 14 20 2 14 40 43 36 34 22 15 12 16 28 45 28 33 31 5 33 45 32 0 20 47 1 18 22 25 23 41 25 28 31 17 49 40 11 45 33 
31 43 42 31 25 3 29 16 19 36 4 8 12 36 30 24 34 45 23 2 46 18 19 14 44 48 37 31 0 50 29 5 17 39 48 25 41 3 2 46 44 22 2 4 39 
19 33 13 42 2 44 16 46 38 44 37 13 24 29 38 28 17 49 17 40 31 37 20 14 12 40 21 33 49 0 30 30 44 15 30 45 11 35 46 30 7 14 10 30 45 
11 12 17 25 15 19 28 24 36 14 9 33 14 49 30 12 23 34 47 9 15 43 49 45 34 27 43 22 20 10 0 27 22 7 25 4 1 24 47 19 31 2 6 9 1 
21 13 47 36 16 18 34 30 13 22 31 18 14 23 42 38 26 7 5 26 38 37 26 40 46 30 39 27 16 17 7 0 9 35 48 24 21 31 8 6 2 27 47 10 36 
44 36 38 1 5 31 6 45 2 33 13 35 38 7 40 36 30 8 15 47 15 23 33 16 49 21 7 18 1 3 50 42 0 28 40 47 10 43 38 22 35 11 13 7 3 
35 40 34 25 18 21 23 20 32 13 22 21 4 22 3 35 25 38 45 49 34 22 7 49 11 31 44 42 36 31 36 2 16 0 31 32 10 38 33 1 31 30 31 10 15 
18 26 7 22 36 38 11 24 19 8 20 13 33 36 15 38 27 32 34 2 28 20 6 23 40 44 48 42 37 14 20 3 13 42 0 31 35 24 23 7 48 21 13 34 8 
12 19 27 3 19 13 4 49 47 8 38 48 21 34 32 43 41 19 37 5 39 17 50 41 5 30 14 5 25 36 32 16 36 48 11 0 22 17 45 24 25 10 21 7 6 
5 33 15 41 42 15 8 2 26 30 19 46 19 37 48 39 50 50 24 11 26 23 12 23 23 11 26 46 45 13 45 19 11 45 37 22 0 16 24 13 11 29 31 40 7 
29 16 3 30 48 35 25 10 47 46 31 32 21 42 18 32 39 13 7 14 35 1 36 25 50 26 24 27 37 14 33 46 34 6 45 8 8 0 47 48 11 38 36 22 15 
15 5 2 25 6 32 23 16 24 27 22 28 31 28 30 22 12 49 23 34 13 35 49 16 47 11 24 43 15 47 26 50 30 21 11 46 25 49 0 21 6 42 17 23 7 
34 17 27 31 17 26 49 40 13 38 2 30 7 37 28 46 9 30 2 27 2 23 49 11 18 35 48 13 28 18 43 47 13 42 32 31 34 44 26 0 39 49 36 37 42 
19 32 39 39 22 25 48 12 16 46 6 11 19 16 14 32 29 36 13 45 46 6 17 15 5 47 12 16 5 14 28 17 36 7 42 36 46 10 42 3 0 21 32 32 17 
37 21 13 19 30 44 11 13 24 43 47 13 15 25 34 25 14 33 7 2 18 39 26 12 25 28 36 19 45 10 25 14 25 50 28 34 35 44 36 11 3 0 16 44 44 
10 30 21 22 26 17 40 39 25 30 49 48 46 1 44 3 9 42 18 14 18 34 39 16 47 1 41 20 47 47 50 3 46 32 3 46 7 15 43 29 20 37 0 39 46 
1 30 38 35 50 34 3 11 48 30 26 27 41 6 25 26 27 21 42 29 30 47 3 15 49 49 46 44 50 40 45 32 45 44 15 17 13 6 20 14 45 39 5 0 17 
6 27 5 2 40 18 3 50 45 11 16 5 28 24 37 1 38 9 12 9 35 44 32 48 42 9 13 21 1 28 34 42 42 36 9 23 45 45 4 33 37 46 38 34 0 
29 0 10 40 40 20 20 27 36 27 47 32 13 45 8 10 32 5 32 50 17 28 24 14 42 15 15 7 44 6 30 22 40 7 49 19 32 20 23 1 31 2 49 15 45 
5 47 0 28 37 35 23 28 5 46 21 7 5 47 48 25 6 14 33 31 48 25 42 6 46 39 29 13 32 32 19 16 29 9 19 38 19 37 20 9 33 2 17 44 37 
42 14 35 0 23 48 46 18 19 18 18 21 13 41 33 49 6 10 47 24 28 5 28 47 29 10 7 20 44 25 48 46 9 49 20 4 25 45 41 34 36 1 48 12 41 
49 26 28 5 0 22 4 24 6 43 17 32 15 18 6 13 42 27 24 45 21 23 13 15 22 29 24 12 20 13 39 27 8 17 6 31 34 30 15 23 21 25 40 16 32 
39 40 8 39 28 0 43 10 27 3 42 18 37 12 7 27 49 42 5 44 5 40 24 49 13 26 30 13 12 2 24 46 34 47 33 33 39 17 24 42 21 29 1 6 26 
38 45 22 23 39 25 0 30 21 47 11 43 16 42 46 13 48 31 48 26 30 46 35 40 30 24 38 33 19 13 23 26 40 18 23 25 32 9 40 23 28 45 26 38 37 
41 18 47 21 11 44 41 0 32 26 26 30 4 6 43 50 2 43 11 8 24 35 3 48 19 21 32 40 41 25 48 36 20 48 4 39 7 41 12 9 19 33 45 15 43 
43 22 27 16 40 22 35 34 0 19 14 2 38 20 29 1 29 5 50 7 28 41 11 7 2 4 44 11 32 3 40 42 41 39 6 26 50 6 25 1 4 14 2 2 34 
2 2 37 13 11 30 15 33 39 0 38 2 33 15 25 13 47 12 4 32 29 23 12 50 15 3 1 24 31 49 4 14 40 10 23 1 2 7 48 21 24 26 9 3 2 
4 44 35 32 12 5 42 10 21 23 0 11 41 3 23 10 11 7 35 35 35 24 13 23 43 24 11 41 14 34 9 4 15 9 48 11 10 16 42 19 45 12 5 20 37 
13 10 50 35 38 10 17 42 25 18 29 0 42 21 43 8 1 15 29 26 12 20 47 32 5 12 1 45 15 16 40 23 19 43 36 31 15 12 6 26 24 42 12 41 42 
20 19 39 24 34 18 31 34 29 8 18 16 0 29 45 24 38 16 2 27 35 45 10 49 35 13 44 40 9 3 3 21 8 7 41 36 43 13 22 31 48 10 40 41 36 
19 15 36 17 33 39 9 40 36 6 47 10 20 0 4 11 41 29 22 32 27 37 11 10 39 10 31 25 44 21 29 25 6 20 14 17 49 8 24 26 14 44 31 22 1 
44 27 23 9 12 41 20 38 8 14 49 9 5 48 0 7 3 14 16 19 8 32 41 40 7 37 13 33 5 47 18 33 6 39 10 45 34 8 17 33 31 10 37 49 7 
15 9 45 10 17 24 1 29 13 15 19 3 37 17 23 0 50 8 15 42 41 32 43 20 45 4 24 45 48 33 39 49 45 43 34 42 29 19 24 39 23 18 5 44 24 
42 42 47 42 45 34 24 45 46 8 25 22 39 50 7 44 0 29 3 46 25 17 25 11 4 25 44 31 35 27 20 23 28 50 47 4 13 27 4 4 50 16 4 50 35 
9 21 40 19 18 45 44 16 9 20 8 17 31 44 17 1 3 0 39 18 27 36 48 23 43 46 44 17 26 49 47 10 13 25 26 45 5 5 13 17 32 26 8 19 30 
39 37 32 33 37 4 47 27 36 24 50 11 48 47 23 24 29 19 0 17 12 11 45 42 6 50 13 46 40 23 37 1 28 30 44 4 10 13 34 39 45 50 33 28 2 
26 34 7 8 40 44 3 8 41 7 19 45 45 26 34 25 8 7 5 0 50 23 23 32 5 43 14 11 46 30 22 13 28 18 40 30 16 6 39 1 29 34 44 37 23 
25 10 15 37 50 15 38 43 29 29 30 4 3 3 15 27 33 8 28 20 0 45 41 27 5 47 18 20 20 7 26 16 29 36 9 30 34 50 25 46 16 35 20 49 40 
11 26 14 3 24 24 47 26 17 18 29 34 34 10 41 33 46 18 36 4 13 0 2 19 44 24 32 28 9 13 13 35 25 42 38 45 21 5 17 47 33 30 41 13 19 
31 46 50 40 34 14 20 18 34 46 28 10 8 21 30 42 47 38 13 4 33 4 0 42 46 15 20 28 29 21 3 25 23 39 50 13 28 32 38 25 50 43 17 41 47 
11 36 13 35 38 5 37 42 28 9 36 28 5 5 25 14 36 42 47 31 21 5 21 0 8 8 3 11 9 14 14 12 16 13 46 36 30 7 44 42 17 17 34 45 31 
15 35 23 28 13 11 15 2 21 10 26 6 16 6 27 36 45 28 28 14 47 20 15 10 0 19 46 7 42 50 31 15 38 11 41 44 24 30 33 46 3 50 11 46 3 
20 31 15 2 18 7 22 39 6 32 34 46 21 14 9 18 5 23 2 40 46 38 46 25 13 0 4 6 12 32 26 15 37 24 13 40 39 32 6 24 43 9 26 33 29 
7 48 3 16 24 29 49 27 9 6 8 32 36 40 40 15 1 11 7 30 17 47 22 9 25 21 0 37 49 49 10 32 20 6 17 19 15 1 41 39 4 28 38 29 18 
5 8 4 42 16 10 43 49 19 3 13 10 27 45 41 3 43 50 28 50 25 38 26 19 22 25 15 0 11 23 4 3 29 19 4 4 17 18 45 34 40 17 33 1 4 
5 9 38 6 50 36 12 29 10 30 44 18 32 35 21 41 46 33 27 16 1 34 42 23 42 25 35 48 0 17 39 33 42 37 23 15 13 37 9 11 37 42 24 19 40 
11 37 36 34 24 43 45 35 7 36 3 22 17 16 14 26 1 14 13 22 47 2 31 9 20 8 4 37 22 0 40 24 27 15 3 13 6 39 2 25 25 45 48 36 2 
20 44 47 22 46 35 37 29 12 48 43 9 6 27 14 17 39 8 14 17 12 26 7 15 3 9 37 49 40 39 0 27 50 16 29 40 27 12 33 41 38 4 46 16 17 
10 5 50 13 38 9 36 37 35 20 41 45 37 32 20 38 48 38 40 23 21 44 44 28 38 38 5 7 18 27 13 0 17 11 41 5 48 9 24 12 32 3 41 16 46 
38 45 41 30 13 4 40 16 7 43 46 17 12 23 26 1 4 30 20 8 7 25 34 47 28 23 29 25 27 9 21 31 0 28 48 40 43 47 25 45 14 38 48 11 18 
45 38 37 37 49 11 28 23 21 8 40 14 11 45 3 40 25 15 40 48 23 15 40 15 33 34 4 29 36 6 21 10 15 0 17 2 40 36 43 27 16 31 48 11 21 
9 27 32 3 23 5 40 23 9 13 45 30 49 23 4 15 7 49 38 15 37 30 49 45 43 14 5 32 39 24 18 25 5 19 0 6 7 3 1 7 32 17 49 2 3 
22 22 41 14 40 12 9 32 11 46 34 29 28 38 11 10 1 8 34 36 46 20 26 30 17 47 13 7 43 6 49 39 29 47 23 0 21 23 41 43 28 15 36 15 10 
36 28 30 16 41 47 32 10 16 16 8 3 47 11 47 43 50 3 40 6 48 45 50 31 15 40 37 10 16 7 21 10 6 16 45 39 0 18 47 16 46 24 39 24 13 
40 20 25 13 44 50 28 12 47 10 13 42 28 49 1 2 11 23 44 9 46 48 47 32 17 8 26 3 38 44 32 9 22 37 42 45 16 0 25 16 16 29 10 14 46 
4 3 12 20 47 15 36 2 45 15 18 42 24 43 46 36 25 25 25 3 29 4 21 41 7 6 36 36 7 29 31 36 35 1 28 14 47 6 0 7 23 8 30 14 7 
20 1 22 23 29 30 42 5 35 11 18 50 33 21 14 41 29 50 46 17 35 32 8 23 16 32 40 19 19 2 46 50 41 14 22 6 34 14 8 0 27 37 27 1 24 
34 29 32 27 43 16 45 8 34 47 22 38 44 50 7 47 41 23 36 33 16 19 9 19 49 8 7 15 43 19 31 9 32 34 39 37 1 13 27 3 0 8 38 16 44 
43 35 13 35 7 11 36 15 41 18 9 16 20 13 29 35 9 30 16 15 17 14 7 11 11 21 46 29 46 34 26 28 3 16 27 14 46 23 8 33 34 0 16 19 14 
25 24 18 39 35 43 44 29 22 1 28 29 29 2 24 37 15 8 19 7 43 32 13 5 36 15 39 37 22 34 32 1 45 44 36 37 3 8 45 3 41 47 0 6 2 
38 48 36 44 50 22 18 26 48 13 21 44 12 14 3 20 4 8 8 39 19 27 35 35 17 37 35 8 14 16 17 47 26 11 17 38 29 46 38 50 16 7 4 0 33 
24 43 26 40 5 25 50 33 40 18 34 11 14 1 28 13 38 11 13 32 46 24 19 2 47 15 42 9 21 8 23 13 23 3 12 24 12 45 3 39 17 34 8 8 0 
