2
106
47 0 45 26 16 47 5 24 43 41 4 41 40 16 10 47 31 42 33 49 40 6 21 27 7 23 45 34 14 28 43 13 34 37 35 43 8 25 28 39 17 46 12 25 13 29 2 7 19 12 40 18 14 18 41 1 26 18 20 44 2 22 10 16 49 42 8 3 32 17 40 7 14 44 32 44 44 47 15 28 22 39 15 2 38 26 49 16 47 34 17 41 5 35 38 46 37 47 27 22 22 49 26 3 23 33 4 
21 37 0 48 8 30 4 42 23 14 7 9 29 23 43 42 7 48 50 49 3 30 6 36 8 48 20 44 7 23 14 13 29 5 22 29 30 50 27 38 38 13 13 25 39 28 18 4 29 31 43 28 3 24 31 25 15 1 40 11 10 10 36 50 1 45 30 24 2 15 12 8 21 13 12 40 18 32 48 30 30 17 16 27 31 36 11 5 24 47 14 29 10 17 29 28 28 13 25 45 49 44 2 14 19 36 8 
40 13 42 0 8 33 4 11 32 44 45 10 20 15 34 25 50 6 1 33 48 5 35 35 13 5 7 3 32 36 15 2 8 45 29 21 43 33 39 32 26 49 36 35 33 18 43 10 11 24 44 47 13 37 38 3 6 28 29 4 27 2 30 46 30 44 2 25 37 14 33 18 17 20 8 50 20 50 3 45 13 48 43 8 42 18 40 22 8 26 16 15 4 36 5 25 20 40 6 39 16 18 23 48 42 27 30 
43 29 39 33 0 6 26 35 42 30 9 22 5 12 5 31 17 12 49 18 14 32 15 34 30 31 45 14 29 45 25 45 16 15 39 47 43 20 44 10 40 20 45 26 16 48 36 44 35 36 1 12 50 25 14 48 29 46 9 3 12 13 6 48 6 15 7 40 24 9 38 48 18 39 28 45 38 40 18 32 45 1 29 43 44 13 46 42 2 41 19 47 11 41 49 28 14 48 21 1 42 46 21 27 48 4 44 
11 47 20 11 39 0 29 28 8 11 34 14 4 43 20 15 38 33 41 41 37 28 41 1 31 41 19 17 40 49 31 3 45 40 19 35 45 33 31 30 19 34 33 38 45 1 44 28 32 28 8 39 37 8 17 17 20 47 39 21 20 12 39 9 31 32 19 15 25 35 20 6 2 11 22 4 46 4 7 31 47 42 35 13 42 42 16 38 23 3 16 49 45 11 10 8 46 24 8 14 33 30 4 48 8 3 37 
26 36 14 21 17 41 0 9 24 29 27 27 18 39 16 31 42 23 20 22 12 42 2 15 9 22 46 44 48 18 38 38 5 39 6 40 3 9 32 49 9 36 38 31 32 20 6 20 48 3 38 31 29 37 41 45 25 21 6 50 22 48 11 6 41 39 22 29 33 26 28 33 42 21 14 26 5 21 33 40 17 26 46 46 31 7 10 19 49 11 16 32 4 32 28 11 26 32 40 43 48 27 37 22 26 5 40 
8 23 15 41 5 39 17 0 34 46 2 16 25 35 30 3 31 22 11 46 30 10 44 3 1 23 31 41 42 40 39 24 21 26 18 2 46 34 21 11 44 38 49 33 10 10 7 6 13 45 47 16 12 30 26 31 15 21 15 19 24 48 25 44 7 28 46 49 18 29 8 48 2 50 2 42 11 12 43 41 16 26 28 47 44 24 13 41 1 37 38 25 19 2 38 46 13 6 26 32 15 9 39 35 38 49 14 
12 29 34 21 3 28 24 3 0 49 21 29 1 33 16 5 49 31 42 33 29 50 13 6 30 5 36 12 26 8 37 43 9 45 11 2 12 18 16 35 47 46 50 40 26 34 5 44 17 11 10 8 44 6 21 14 50 24 4 16 18 17 49 46 12 28 20 6 22 15 44 31 15 7 36 34 1 24 31 46 50 43 45 16 48 29 50 4 25 48 3 39 14 1 18 31 48 4 28 48 15 50 22 3 17 30 43 
37 20 37 13 26 44 9 16 26 0 22 33 48 33 29 17 32 25 13 5 18 15 40 6 37 47 46 33 32 1 21 43 49 19 36 13 34 38 35 27 46 6 35 43 9 15 7 45 20 49 18 48 40 13 13 28 48 15 1 16 31 11 27 16 5 29 34 30 48 16 33 45 40 37 9 12 31 48 47 22 41 2 13 34 34 24 3 37 7 8 15 20 38 20 47 35 29 20 38 30 32 27 48 5 16 24 8 
4 4 1 48 1 18 29 26 29 49 0 44 32 32 27 48 24 40 1 14 7 21 40 24 34 12 10 18 41 15 4 9 18 11 16 49 33 6 11 15 2 9 45 18 37 35 38 7 4 34 4 9 4 2 17 38 15 30 18 36 42 1 39 11 25 40 26 22 16 28 15 18 29 37 13 49 27 23 38 49 24 4 14 7 11 46 5 17 44 29 35 3 39 25 23 2 21 34 43 47 9 17 41 27 20 36 30 
18 40 19 12 42 43 19 13 39 37 32 0 50 30 36 10 28 38 43 13 29 4 14 11 28 43 30 41 40 8 13 38 38 26 16 38 27 26 17 44 11 20 13 35 15 40 34 14 12 49 39 3 34 7 8 26 4 29 41 19 12 2 30 5 26 50 45 25 14 48 34 3 21 50 3 9 42 29 47 39 10 17 29 41 19 10 4 31 18 40 34 48 35 49 32 9 41 8 10 16 46 9 1 14 16 37 33 
35 5 49 35 26 33 3 9 46 23 39 37 0 16 46 14 8 24 14 36 18 23 18 45 19 34 20 31 44 1 16 16 26 32 28 19 27 20 6 9 16 32 40 36 36 2 22 44 21 32 2 28 1 30 20 11 18 10 31 2 6 2 10 9 31 8 14 5 38 27 37 38 19 6 21 36 33 33 10 17 13 26 11 12 50 39 15 46 13 18 2 17 39 5 3 14 23 32 6 28 38 18 7 44 46 14 10 
45 9 34 28 35 1 14 40 31 42 49 10 43 0 43 19 42 21 26 21 50 14 3 8 14 1 27 32 29 45 20 18 17 36 29 21 37 30 40 17 16 25 16 23 22 24 23 14 35 20 26 36 18 25 15 46 43 1 20 28 8 19 36 45 12 25 32 24 14 23 32 13 32 9 5 25 49 30 37 40 29 14 48 10 20 34 50 42 22 34 28 37 10 13 9 47 40 21 12 48 43 49 50 12 38 14 5 
10 21 40 47 14 15 31 49 44 22 26 26 28 26 0 41 3 30 46 46 3 19 50 8 36 29 19 40 48 30 15 37 22 6 30 40 21 32 38 15 22 30 14 16 26 14 46 34 23 2 47 20 16 43 11 36 11 13 5 19 45 26 33 20 30 36 4 20 49 36 20 21 43 32 25 24 6 35 33 22 33 35 18 47 33 45 21 30 46 44 30 9 28 20 20 46 47 44 36 41 10 27 36 37 33 27 28 
35 19 37 31 26 31 33 36 11 9 37 37 36 15 25 0 24 5 7 12 43 24 12 29 27 12 50 42 12 6 49 31 15 7 17 36 11 10 14 4 28 46 34 10 38 11 7 50 26 36 4 31 31 21 34 5 24 41 10 19 27 40 21 30 12 28 23 31 19 30 14 15 42 3 34 48 40 3 41 17 5 50 16 27 3 19 1 44 23 13 12 21 50 45 27 39 25 5 48 10 38 27 31 47 22 39 40 
28 37 37 16 22 50 44 14 28 24 45 27 44 28 30 8 0 7 18 44 16 47 27 46 23 36 5 31 29 29 19 20 5 14 30 24 7 37 47 41 21 6 31 49 16 30 28 5 33 9 19 24 29 29 24 43 1 42 14 31 17 19 15 36 9 4 40 14 15 5 23 21 11 27 23 10 16 28 31 43 8 50 49 20 10 45 41 27 41 37 23 15 24 17 24 3 42 46 41 12 41 15 41 28 37 48 14 
3 6 15 27 24 12 21 23 18 20 46 26 15 14 14 24 28 0 32 9 48 44 4 21 19 21 38 19 3 44 9 22 34 12 31 39 21 26 10 50 4 4 45 7 33 47 20 26 49 28 41 14 46 29 1 21 50 36 47 7 36 44 18 29 9 49 12 15 34 25 43 48 18 33 5 45 50 47 38 23 2 12 21 26 3 46 26 6 12 11 40 35 30 4 14 11 36 16 48 34 35 6 43 24 35 44 46 
14 24 7 21 3 49 25 5 24 23 43 27 14 24 7 4 23 36 0 8 19 14 19 45 9 35 50 5 38 46 19 47 41 10 50 13 33 5 40 38 37 5 49 40 38 44 39 34 11 29 3 21 39 28 25 32 45 29 48 37 3 45 37 9 6 27 2 18 14 12 24 49 34 49 21 14 16 29 8 16 46 16 44 10 44 49 9 14 35 18 18 4 7 3 35 43 18 40 35 11 42 22 20 50 5 4 37 
40 7 12 17 16 22 33 42 38 1 28 16 7 19 39 33 46 44 21 0 43 31 15 28 46 26 44 47 24 24 46 45 5 41 12 19 7 24 2 2 33 24 12 47 43 41 25 29 43 4 40 24 6 35 12 7 26 29 16 42 22 25 9 18 42 7 24 25 45 1 33 10 45 42 38 19 19 18 36 6 1 16 5 21 35 22 39 20 30 6 43 28 8 10 30 9 16 45 6 37 17 1 34 43 21 30 30 
14 47 44 39 9 44 10 42 7 20 38 33 20 18 4 46 40 8 5 3 0 35 13 30 3 24 12 50 40 50 32 13 50 6 43 25 24 37 18 34 35 48 19 24 39 28 12 36 19 13 6 45 35 17 28 45 2 18 41 15 47 45 21 43 25 8 38 28 28 43 31 9 23 24 21 5 17 39 42 26 13 27 31 27 45 37 28 34 28 48 23 6 47 3 38 40 28 27 49 31 40 34 9 26 33 47 23 
11 47 23 28 14 27 15 2 21 14 45 48 39 31 5 50 30 21 25 13 20 0 37 31 27 41 41 11 36 29 19 5 44 48 15 17 38 6 21 10 30 32 1 18 27 34 29 11 1 36 34 29 6 8 34 4 25 16 46 38 23 16 29 24 2 9 1 50 25 14 18 45 10 11 45 32 19 20 5 44 13 31 11 1 45 40 50 37 15 11 43 22 10 33 37 15 3 28 16 18 34 29 37 37 19 40 20 
45 13 3 35 6 12 3 26 43 5 29 29 13 10 15 36 14 22 46 36 27 25 0 31 29 42 4 37 11 34 45 25 33 6 20 6 24 13 27 38 11 8 8 44 11 25 50 3 9 20 43 23 16 24 4 44 20 33 24 44 2 25 42 42 49 30 46 23 43 4 41 24 37 34 35 29 19 31 20 5 42 1 29 42 41 22 9 10 2 27 36 41 39 34 36 37 16 16 45 31 29 27 10 5 29 20 37 
32 39 26 25 40 14 20 2 1 46 50 2 28 22 37 22 17 19 1 35 4 49 49 0 13 3 36 40 26 16 41 25 14 21 36 27 21 26 2 47 28 20 32 36 41 16 15 18 10 43 6 44 36 28 36 33 34 41 14 22 4 24 44 37 10 22 37 31 43 45 16 46 16 23 23 15 23 13 8 47 39 19 31 33 10 48 39 36 36 3 44 31 13 30 44 4 27 46 26 19 30 35 26 15 28 10 28 
14 5 22 11 21 33 17 34 35 44 12 27 13 34 2 45 40 1 35 33 36 30 20 38 0 27 38 40 18 4 44 16 5 1 20 25 31 15 43 23 49 46 47 9 11 15 19 14 35 29 40 37 14 44 27 43 35 36 34 34 33 43 50 30 42 29 7 27 43 10 21 31 47 29 36 38 40 22 9 24 8 25 5 40 15 8 2 11 24 28 41 45 31 10 40 6 47 17 17 32 9 43 22 26 8 9 40 
36 8 40 3 14 27 11 26 9 38 10 16 35 28 46 3 15 20 26 1 38 40 31 41 24 0 5 28 15 16 4 30 32 6 18 16 4 34 25 27 19 21 34 32 18 37 1 32 5 13 40 7 7 32 9 3 47 28 50 30 9 50 46 11 5 9 28 11 18 12 43 20 40 43 8 30 4 8 13 4 23 23 23 3 26 47 24 1 47 16 20 26 35 45 19 19 26 24 27 10 10 41 15 44 20 21 18 
14 24 30 49 39 16 46 8 37 28 43 36 9 35 28 14 2 42 18 36 45 25 40 5 31 32 0 3 45 32 8 29 34 5 30 10 27 18 17 31 11 39 38 33 41 33 39 19 25 32 28 14 2 3 36 23 40 35 26 19 7 13 2 26 29 50 9 31 29 26 1 46 35 12 7 47 8 43 49 22 42 14 28 13 5 45 27 32 20 8 20 43 43 49 24 48 37 13 4 42 24 9 40 50 31 33 29 
41 46 39 16 48 36 5 27 44 36 39 22 34 23 28 11 21 7 9 3 37 38 10 10 46 39 7 0 48 34 24 29 32 23 16 37 36 32 43 23 7 39 22 31 13 49 41 21 20 47 48 20 43 23 30 43 4 37 29 21 10 29 7 44 20 7 7 50 18 36 42 30 29 35 2 15 15 7 47 12 5 18 38 1 37 5 36 10 43 24 34 50 3 22 13 28 32 29 11 7 42 42 4 35 5 18 41 
9 21 15 29 47 40 17 17 42 42 7 8 16 21 48 7 45 3 43 27 8 22 24 33 36 47 41 21 0 13 15 4 47 19 15 28 39 28 45 38 10 37 6 22 37 26 22 45 36 44 36 10 33 13 41 34 38 47 33 43 50 50 47 4 28 39 10 39 2 44 10 29 50 15 33 41 2 50 38 8 15 2 5 27 28 5 21 34 28 31 40 42 46 3 38 11 40 3 45 48 16 33 44 43 35 7 11 
18 31 1 32 38 10 25 29 48 46 20 26 23 18 27 12 21 4 18 34 48 28 23 1 50 6 40 42 32 0 9 12 43 22 45 4 4 28 49 2 33 22 24 40 15 21 27 22 31 40 22 23 39 17 24 13 40 9 50 33 33 20 33 47 40 34 28 5 28 15 24 35 22 3 36 13 24 38 8 31 23 35 10 3 11 36 24 26 49 32 14 45 28 16 20 13 39 28 1 32 43 22 45 17 16 37 1 
37 32 12 40 3 1 19 11 49 11 31 36 4 11 2 7 46 1 29 7 6 33 23 24 47 38 27 38 1 41 0 43 37 25 35 37 44 37 43 12 45 10 6 22 3 8 42 47 22 41 16 49 16 38 30 46 5 10 38 44 15 25 31 10 9 18 44 12 20 24 9 20 4 40 34 48 1 11 21 17 5 42 5 48 36 42 28 49 45 40 33 35 50 49 47 20 29 47 14 35 14 30 28 49 33 46 45 
27 4 33 46 44 40 21 39 24 20 34 24 17 41 45 18 30 41 24 20 5 43 14 19 5 48 36 3 25 14 7 0 15 41 47 1 46 13 45 40 46 29 10 24 1 46 23 48 45 19 13 48 8 10 26 40 35 40 14 41 47 4 19 15 10 14 20 34 20 41 50 5 36 2 29 42 46 20 14 24 32 1 42 34 12 17 50 6 15 8 17 6 50 4 43 42 11 46 14 38 26 39 28 5 20 8 13 
6 31 35 45 15 26 40 10 47 13 36 3 44 14 14 19 13 25 45 6 32 9 37 31 50 7 27 48 44 23 38 15 0 5 4 44 25 31 13 2 30 10 45 47 30 25 44 21 24 13 20 16 31 25 2 31 47 44 4 45 9 50 42 16 25 26 22 49 40 21 40 39 50 23 15 47 38 13 8 6 7 36 3 36 24 7 8 40 3 24 47 32 27 18 44 30 19 29 23 4 4 46 31 4 24 31 16 
8 11 6 44 35 36 48 39 23 47 6 42 18 18 32 46 17 24 9 13 33 30 35 28 9 40 4 3 12 6 50 13 44 0 42 50 30 47 30 13 46 29 30 21 34 13 37 6 36 23 50 15 31 16 18 34 29 26 28 36 45 33 46 27 18 47 43 49 27 19 3 49 37 11 13 35 4 9 2 16 22 35 18 31 13 41 20 48 26 8 22 4 20 45 18 13 33 3 4 37 20 39 30 18 20 1 28 
20 3 34 31 21 24 13 14 11 15 16 15 28 28 46 24 19 48 49 30 43 44 50 2 1 6 15 46 34 6 1 11 12 13 0 1 46 42 28 1 30 7 31 7 49 17 38 27 10 25 15 11 21 21 22 35 26 3 32 30 16 10 17 31 6 15 6 4 15 27 50 33 41 47 19 23 13 37 2 35 13 29 6 21 19 45 31 40 41 29 25 44 10 49 36 21 40 50 2 35 12 35 13 33 26 33 21 
24 2 49 22 39 1 47 17 37 4 47 12 11 34 16 14 37 3 6 23 43 11 49 33 14 35 17 24 29 17 24 46 37 25 7 0 39 42 7 36 43 13 32 50 18 44 38 41 1 47 22 26 31 20 11 29 13 4 16 9 4 35 24 39 20 31 2 26 37 28 28 22 30 17 14 10 11 12 31 40 26 44 17 28 7 41 44 26 27 46 44 35 27 48 32 9 40 43 30 38 43 13 5 24 19 1 47 
15 7 1 18 2 23 27 34 11 19 47 33 29 37 26 49 41 34 44 46 33 35 5 21 18 32 44 48 13 40 43 9 7 45 30 20 0 27 29 43 12 50 14 22 41 43 11 2 1 17 14 14 40 26 5 14 30 2 31 50 20 30 30 22 21 26 39 26 34 8 6 23 13 42 32 46 19 13 15 28 8 31 44 31 49 26 4 33 2 32 50 19 46 29 24 33 21 43 2 16 5 35 18 43 12 41 2 
49 45 10 45 18 38 3 43 40 36 50 23 45 22 6 25 3 9 38 27 34 19 50 26 27 11 49 23 23 13 1 19 8 25 6 38 43 0 37 32 32 44 37 35 47 21 21 7 44 49 11 16 35 25 14 19 31 45 34 19 7 39 31 20 27 36 31 15 21 17 18 32 16 27 6 34 47 35 3 5 7 4 6 24 12 48 17 45 44 7 25 44 9 19 25 43 13 17 8 12 41 6 37 28 31 30 1 
9 19 31 22 47 42 29 12 4 34 7 9 29 19 37 21 15 42 25 23 47 2 13 22 30 27 42 15 1 17 29 43 33 48 8 26 14 35 0 29 2 31 8 22 10 7 9 29 43 4 35 23 36 7 7 4 7 6 9 42 20 1 15 12 37 6 15 26 32 12 11 7 30 13 24 43 40 30 4 16 22 48 50 11 16 45 43 37 27 44 2 20 5 43 9 1 16 46 36 5 42 33 48 32 43 29 44 
23 33 14 15 28 3 44 21 23 2 4 46 42 13 28 50 39 11 42 3 37 5 23 28 44 44 49 24 39 1 19 18 38 2 21 4 13 29 24 0 17 11 22 37 50 13 1 44 43 15 33 10 22 2 27 7 19 10 37 22 34 5 21 33 23 34 36 9 41 42 24 38 10 37 25 42 16 18 23 16 43 1 7 9 6 42 47 17 12 45 2 45 26 8 41 13 40 40 14 17 27 43 3 1 41 46 50 
35 28 35 42 1 37 22 29 34 48 13 27 32 37 20 47 46 41 30 12 3 46 12 2 26 4 7 39 1 48 6 19 11 42 13 39 27 4 2 8 0 5 29 8 15 28 13 33 31 7 46 7 11 11 34 47 39 17 34 16 47 31 33 28 36 43 44 17 40 24 31 21 43 39 23 8 24 39 47 24 14 22 26 32 6 41 46 8 27 45 24 23 43 39 5 27 22 1 22 23 35 46 43 7 27 26 15 
22 39 27 23 1 20 11 3 26 6 2 23 46 47 37 41 45 1 8 28 5 35 47 36 24 17 24 39 18 29 19 6 30 26 25 20 1 23 23 4 33 0 36 29 21 21 29 27 27 49 6 49 6 19 49 11 38 43 41 50 34 46 22 36 47 37 46 44 20 23 17 40 23 28 5 45 19 6 26 16 45 41 48 41 12 31 13 37 32 16 37 28 10 23 39 8 11 1 33 35 25 36 7 4 32 16 26 
28 15 4 42 32 17 25 6 44 49 31 25 17 24 10 12 4 36 40 31 1 40 48 34 19 24 41 42 10 34 44 10 46 6 35 23 28 25 6 11 35 18 0 46 10 31 27 16 11 15 24 4 19 43 36 25 39 17 20 23 9 26 34 46 11 5 22 29 12 39 37 35 30 31 29 46 34 45 38 4 43 8 31 27 37 31 26 17 10 31 47 6 8 2 48 35 2 22 35 5 9 48 5 22 29 40 24 
39 14 40 42 45 29 17 31 1 46 7 10 31 30 5 20 31 43 32 27 29 34 45 45 12 10 34 46 45 4 9 49 48 7 37 4 20 40 2 27 42 22 47 0 40 45 13 5 25 4 29 25 30 48 13 46 6 20 46 30 36 46 22 36 48 38 9 12 24 44 2 50 42 42 5 36 7 37 5 50 50 6 10 42 17 30 30 2 35 12 32 34 25 11 17 32 20 36 50 3 37 1 31 32 2 30 33 
39 43 28 39 19 15 47 30 30 36 30 19 19 8 7 28 13 12 19 26 32 25 23 16 21 38 3 14 50 25 28 40 38 47 42 9 8 23 14 19 28 31 37 46 0 41 18 32 45 30 24 19 21 34 4 2 14 21 12 18 32 12 33 31 6 8 41 32 22 17 49 20 40 48 50 48 1 39 27 26 4 6 9 34 26 7 8 7 34 45 28 39 47 5 32 7 46 50 32 38 50 36 10 28 31 5 29 
23 34 7 1 25 44 37 14 26 4 49 5 49 1 34 48 28 39 11 23 35 17 43 3 1 8 39 26 19 47 31 4 22 29 36 23 28 44 4 45 11 42 7 4 47 0 46 33 38 17 39 33 39 21 32 44 7 42 5 50 17 5 11 46 30 23 46 34 20 15 12 21 34 36 16 13 44 10 40 6 6 25 2 10 31 14 43 33 41 36 30 32 23 44 37 41 50 46 28 31 1 12 14 24 6 18 50 
4 6 19 50 47 3 49 45 43 4 2 16 16 31 14 43 35 35 30 48 40 49 26 14 49 33 9 6 44 12 28 5 13 15 39 28 22 36 34 30 25 50 45 38 49 31 0 12 1 38 20 29 39 26 20 10 6 31 6 2 15 44 44 1 31 26 47 3 2 43 37 21 49 2 1 24 41 4 38 15 19 22 9 18 25 34 39 30 43 6 34 48 17 35 20 36 31 50 15 12 2 28 11 9 2 49 30 
38 25 47 20 2 43 41 34 44 36 26 26 48 38 18 10 46 10 40 5 14 33 15 43 41 40 27 13 41 11 50 17 26 4 2 5 47 37 32 6 26 2 26 1 6 24 18 0 25 35 18 15 49 12 45 17 5 10 5 29 13 16 28 43 33 36 9 50 44 36 14 14 10 28 34 29 13 7 15 38 18 23 3 29 24 47 1 5 32 38 47 45 42 8 20 40 48 10 44 15 47 24 24 39 21 4 5 
22 28 17 4 49 46 18 11 40 14 49 20 36 35 5 19 7 40 19 23 2 9 45 31 3 13 1 41 44 49 14 9 20 42 30 27 16 34 48 50 25 48 30 26 50 41 8 30 0 43 6 17 49 3 32 3 13 34 36 1 36 45 27 18 42 50 41 50 45 6 28 4 24 43 20 48 5 29 19 32 13 6 22 49 39 32 15 6 39 39 17 44 30 33 13 5 49 30 39 27 9 41 14 25 16 3 44 
7 34 34 48 35 15 5 39 31 24 28 29 10 35 36 12 6 39 34 24 41 31 15 50 25 41 43 24 23 42 47 34 37 39 9 23 5 42 33 29 26 45 32 32 21 2 29 42 23 0 30 9 36 32 30 3 27 20 34 24 44 23 32 17 40 27 45 43 22 27 13 7 15 6 6 48 47 49 33 29 24 13 2 1 43 34 12 3 8 36 32 4 21 18 40 7 45 28 43 5 27 10 8 15 11 24 45 
30 26 32 6 28 37 5 50 31 21 31 24 7 16 42 36 36 45 10 36 47 17 49 4 20 7 28 3 15 6 38 41 20 40 32 27 26 30 5 17 16 19 9 36 14 5 37 40 35 24 0 22 20 1 38 48 14 27 29 37 22 9 3 36 26 34 41 5 18 34 16 10 7 41 44 20 28 9 14 40 15 21 39 18 41 35 18 40 32 42 19 50 48 44 34 8 14 34 33 3 24 50 20 6 20 15 15 
30 8 19 20 6 14 39 22 1 21 35 45 42 17 1 24 26 16 16 12 14 8 36 6 45 26 12 17 16 2 33 49 26 20 38 33 13 22 14 36 10 22 33 38 29 39 42 36 23 27 44 0 40 5 4 2 23 22 13 26 30 3 23 7 50 38 37 20 23 29 19 11 5 3 30 2 42 25 48 28 6 35 26 45 40 9 44 45 23 18 16 11 1 47 34 34 38 16 34 1 43 20 19 8 5 16 39 
38 25 2 11 48 25 36 20 46 28 29 18 42 45 43 47 6 13 8 11 9 20 47 15 27 42 48 35 37 16 18 40 24 20 6 20 21 7 19 37 15 27 38 6 10 48 43 7 1 23 14 45 0 47 6 31 18 29 38 34 6 27 2 33 31 10 39 44 22 39 23 27 49 45 21 47 32 33 41 6 29 50 42 35 14 2 24 43 19 40 39 41 33 23 14 10 14 44 7 47 21 4 21 18 28 46 16 
1 27 9 49 36 39 32 6 6 36 18 20 30 37 46 26 33 50 32 44 26 32 11 34 39 26 44 35 25 30 24 7 18 36 24 17 10 42 3 3 2 18 8 25 47 25 27 11 26 29 39 18 46 0 3 41 20 16 26 11 11 45 48 31 27 12 11 2 45 13 29 17 42 48 30 43 8 24 37 38 14 49 34 9 47 41 6 12 16 45 5 2 34 31 43 8 4 37 32 13 36 23 33 48 48 12 48 
21 17 10 33 46 30 39 47 13 12 39 35 36 7 50 36 50 9 28 34 11 6 22 40 22 43 24 2 41 16 36 12 35 44 36 45 7 12 9 23 45 34 31 47 15 2 46 7 36 38 33 39 21 29 0 37 16 45 20 12 3 6 38 7 47 26 28 50 43 22 5 30 39 50 5 39 27 26 26 25 20 47 18 16 4 34 47 42 7 7 20 1 37 50 6 17 8 28 34 21 38 3 4 36 32 8 45 
39 16 41 11 41 19 46 43 7 39 22 3 13 29 36 44 36 2 4 43 39 45 39 31 49 42 5 38 18 44 33 35 46 39 8 27 17 47 30 33 42 8 50 29 37 25 21 42 2 9 18 34 28 16 7 0 45 27 10 12 50 14 8 26 13 7 38 8 25 21 10 28 40 22 22 2 31 45 11 45 24 21 14 36 9 26 49 7 31 33 14 50 7 35 31 19 34 32 37 22 49 18 47 21 43 32 29 
13 7 14 26 1 17 15 38 29 1 23 17 38 8 31 28 42 8 10 21 6 41 4 18 49 8 39 47 7 24 43 44 28 48 37 1 17 8 14 33 43 47 2 18 12 16 50 14 18 41 6 14 33 11 23 22 0 3 46 27 43 29 19 32 6 9 30 40 40 22 31 11 34 45 28 29 9 40 36 7 34 9 25 29 17 18 30 11 18 25 16 48 21 32 21 5 24 16 47 10 33 26 10 43 38 30 22 
19 6 32 15 32 18 40 43 34 4 41 15 38 30 19 23 16 7 33 40 3 24 23 5 43 44 27 25 9 49 33 41 37 47 11 5 36 10 34 30 32 40 37 2 34 1 9 30 14 3 45 37 5 41 20 45 34 0 27 22 39 42 15 34 36 22 50 29 42 19 15 38 6 23 3 9 14 38 22 22 42 36 47 12 6 5 46 37 47 27 17 22 9 39 45 39 17 6 2 30 34 23 17 12 49 16 39 
14 2 32 7 8 13 6 30 4 45 4 29 31 26 14 33 15 3 44 29 18 28 15 42 9 36 42 39 20 19 35 13 41 16 33 35 15 21 9 10 4 9 42 45 13 28 21 5 20 41 2 10 6 37 22 37 38 41 0 48 22 21 17 11 35 10 42 39 16 44 29 18 45 44 35 26 9 37 21 29 32 16 37 19 30 17 26 7 4 45 46 48 24 23 37 39 37 49 7 35 22 39 6 12 41 23 8 
17 22 11 14 1 18 12 17 7 34 49 31 18 35 36 35 22 48 32 45 22 7 46 40 10 30 36 8 43 10 26 28 8 10 10 35 43 31 46 30 13 6 30 5 38 19 39 50 37 5 34 14 10 29 37 10 27 22 4 0 21 32 5 25 48 9 22 23 9 25 1 42 41 3 2 32 16 27 42 2 42 41 37 21 38 27 13 19 30 24 50 9 22 28 25 49 8 32 33 47 17 46 30 26 36 14 44 
12 8 47 22 34 35 21 12 30 46 35 38 22 46 3 44 36 26 43 21 14 28 4 25 35 44 46 35 47 11 12 35 25 33 2 11 34 2 17 24 1 16 45 4 24 44 12 1 14 2 45 50 44 43 31 34 4 22 37 40 0 40 36 16 19 35 50 14 39 45 43 11 34 9 19 20 48 33 1 2 41 33 46 21 45 17 12 42 32 3 18 7 12 16 28 35 15 1 27 19 25 31 24 6 22 42 11 
42 26 24 34 1 4 21 47 8 44 16 22 3 24 8 32 36 28 36 49 19 31 34 5 48 7 32 28 10 9 41 50 3 6 20 17 9 20 17 4 42 19 21 42 50 29 24 46 17 50 38 29 37 44 43 11 42 19 36 45 22 0 44 37 49 4 16 20 47 4 42 24 17 11 33 7 1 11 43 6 19 33 37 11 11 22 12 13 9 14 9 25 41 34 23 32 49 32 22 38 34 10 28 42 26 26 21 
19 5 37 43 50 50 13 18 12 36 33 27 28 42 4 11 34 46 17 33 34 38 1 9 19 40 5 22 9 6 45 36 35 1 44 9 23 21 9 26 28 16 11 46 16 6 45 46 31 50 44 47 9 44 38 31 4 28 24 11 45 41 0 10 7 41 48 42 27 49 45 39 13 37 41 6 18 28 6 44 14 46 10 42 9 12 49 27 42 13 14 6 45 47 49 32 37 7 5 6 18 14 18 48 37 12 31 
10 18 39 21 4 49 35 11 16 36 50 1 45 42 22 1 14 36 39 44 16 38 10 19 11 23 1 26 50 28 12 5 48 31 40 9 4 43 11 8 10 37 34 46 38 7 10 14 47 14 4 13 48 18 15 22 9 21 11 31 49 10 12 0 38 24 45 4 15 3 13 48 22 25 32 34 30 5 14 31 5 14 37 29 37 24 50 8 30 16 18 1 33 33 30 9 1 26 46 23 43 4 46 11 34 17 33 
38 16 34 36 18 45 40 6 17 12 31 25 15 24 38 24 49 36 13 15 40 45 23 34 5 10 42 38 2 19 27 45 21 42 13 42 46 31 1 7 44 27 14 48 21 1 32 49 6 30 48 26 22 3 43 43 43 1 31 8 3 2 5 49 0 36 36 5 23 12 46 29 18 35 7 21 14 32 26 14 5 28 43 33 22 21 1 24 19 49 20 49 45 50 43 4 43 22 15 13 35 46 9 38 11 2 30 
41 16 32 30 11 18 38 27 31 11 20 34 28 35 13 37 25 42 47 34 18 43 3 29 42 18 14 29 9 20 5 22 21 42 10 8 37 20 10 32 8 24 13 44 23 39 37 28 22 9 35 47 14 18 12 49 13 3 38 44 5 9 18 11 6 0 48 13 37 25 5 1 6 32 16 26 44 30 10 7 4 31 36 8 1 36 9 8 3 30 12 46 34 32 16 27 50 7 2 38 25 26 1 3 17 9 30 
15 49 42 18 20 3 47 35 14 19 2 18 26 48 40 10 7 14 10 17 24 17 39 27 38 29 22 32 28 30 34 41 42 6 44 10 12 12 42 43 37 48 3 9 48 40 26 41 35 17 44 39 8 43 6 49 10 15 31 41 32 16 7 34 36 11 0 26 20 4 31 49 45 22 18 30 27 15 30 30 48 3 31 47 12 37 45 34 50 1 46 1 47 32 2 12 22 41 19 24 37 15 6 38 5 18 49 
18 41 13 30 34 30 36 33 39 1 20 45 48 42 28 26 20 8 30 3 14 21 7 9 36 46 7 43 34 47 44 42 45 38 28 44 37 21 12 21 11 49 13 11 3 46 22 33 9 39 37 30 25 16 36 47 34 5 44 39 24 44 50 43 8 28 1 0 11 14 35 39 50 46 10 42 15 9 46 7 40 25 25 34 46 11 14 18 29 2 31 10 33 28 24 48 18 50 21 4 25 46 11 19 24 50 38 
35 16 24 21 39 39 49 4 15 49 10 5 33 44 11 22 9 34 26 7 22 23 12 25 16 39 43 32 45 14 6 10 46 24 30 2 6 32 43 21 35 24 10 49 9 46 38 10 15 24 3 36 49 44 16 12 4 50 5 1 46 18 9 2 44 50 9 10 0 15 9 17 28 41 5 23 49 14 14 17 21 1 33 17 22 11 21 12 2 8 18 49 6 27 43 26 17 15 9 6 9 37 29 45 6 7 26 
45 44 22 17 48 41 34 35 50 13 1 38 41 23 39 8 2 47 11 11 1 49 30 6 34 6 8 8 34 22 39 11 16 36 27 18 31 41 21 9 23 42 43 13 17 28 18 33 21 30 28 49 46 46 25 46 15 17 34 43 33 26 2 29 25 40 22 5 47 0 21 27 11 27 3 38 10 7 18 39 6 38 25 38 5 44 40 16 20 11 31 4 14 8 28 26 48 41 14 38 28 6 14 37 50 3 18 
23 44 9 16 40 48 28 28 5 8 38 47 36 36 25 3 44 16 18 13 3 49 27 40 19 43 30 12 1 25 38 39 2 27 18 23 11 46 42 7 37 31 24 18 11 44 29 3 4 4 20 22 33 40 15 24 17 19 47 47 18 17 28 30 20 49 46 9 18 2 0 42 49 24 11 27 23 25 10 30 25 14 27 9 47 6 17 7 13 12 45 7 43 49 45 39 20 3 44 48 12 49 20 36 2 12 22 
48 22 13 43 49 8 40 22 34 41 8 31 25 4 43 33 48 24 46 50 50 30 23 8 20 32 12 18 27 44 42 8 36 34 19 35 50 19 46 50 4 27 12 48 12 23 19 45 20 16 23 13 6 13 22 18 49 6 24 18 46 22 46 40 50 1 46 42 35 8 34 0 29 28 47 46 23 19 25 46 48 13 18 49 11 22 30 2 23 12 1 36 44 46 29 4 32 32 23 49 12 27 28 10 12 32 44 
35 10 17 49 50 25 11 27 5 29 24 35 18 21 50 23 30 34 22 41 34 50 43 15 42 46 27 35 21 36 8 37 29 28 46 42 7 14 2 12 33 20 24 26 9 47 5 28 12 5 49 26 40 42 11 35 17 3 8 4 48 27 6 20 21 37 7 40 26 8 16 17 0 33 10 8 14 26 18 6 46 42 49 23 16 37 33 48 38 18 11 26 5 6 48 15 7 14 5 6 22 41 15 3 4 39 33 
43 30 35 47 10 50 47 12 13 49 4 41 33 39 40 20 23 15 33 12 11 36 46 1 1 22 13 34 6 27 47 20 28 5 40 18 3 21 2 26 8 45 35 16 3 24 22 18 33 22 42 38 21 27 23 8 35 35 47 38 38 13 7 37 3 35 14 29 49 23 17 3 14 0 8 4 16 2 30 48 27 50 45 2 35 35 9 49 1 33 33 34 19 24 14 39 46 39 49 14 19 11 44 19 11 5 40 
24 14 24 7 6 5 37 20 39 43 12 22 2 44 37 13 47 17 39 49 30 1 19 9 28 4 16 30 17 6 27 42 30 46 35 35 28 26 27 29 33 4 25 46 34 17 47 21 32 48 48 2 22 7 10 24 45 15 29 3 39 7 4 33 16 21 42 6 9 2 36 21 41 11 0 17 27 26 24 26 12 7 46 48 19 9 25 20 24 36 12 41 13 48 24 40 26 50 43 31 14 25 41 12 31 12 27 
12 12 40 34 48 22 40 18 47 44 9 35 24 42 1 19 21 48 12 23 24 17 21 42 27 34 43 12 37 16 35 18 8 32 13 9 34 3 15 19 24 30 28 47 17 16 19 39 14 7 21 15 19 39 4 46 41 49 8 14 29 28 32 31 9 42 28 42 29 42 35 19 33 43 50 0 44 39 24 25 11 16 4 49 30 46 20 50 19 29 17 19 36 45 2 41 46 49 48 39 26 39 27 11 22 23 3 
32 26 40 10 8 18 25 47 48 25 30 2 35 40 42 10 14 12 24 50 24 32 3 4 46 41 36 50 23 40 44 27 8 43 39 24 29 19 10 2 11 48 4 16 16 47 13 49 34 29 14 49 49 24 29 1 23 36 14 18 32 26 25 9 32 4 44 43 2 18 31 45 3 23 39 27 0 28 38 38 50 28 37 16 44 27 45 29 35 14 38 2 43 5 43 20 36 24 45 35 13 3 21 48 16 49 19 
47 26 35 3 23 36 48 15 40 46 10 31 33 37 26 10 29 14 17 38 40 11 3 3 3 33 4 26 47 8 39 50 46 8 49 3 50 11 15 16 45 40 4 25 27 43 13 48 38 44 43 35 50 11 29 36 24 32 50 40 33 23 19 32 7 10 36 26 38 23 10 18 49 1 43 50 8 0 29 27 11 21 6 39 4 16 5 1 35 29 13 30 18 11 25 34 23 22 22 19 17 7 38 11 15 34 25 
36 49 19 29 29 45 6 40 20 27 35 16 17 3 10 2 47 25 44 42 7 25 17 21 29 37 11 10 5 34 46 24 20 41 19 2 16 50 35 35 13 22 6 8 39 7 5 16 8 5 41 36 21 42 18 12 32 49 1 43 35 46 36 36 32 11 46 27 34 8 37 47 41 10 30 35 19 10 0 33 23 32 45 3 50 44 10 4 29 23 8 21 18 50 42 50 17 37 20 26 28 12 29 33 50 19 45 
45 11 13 34 43 23 16 29 11 41 44 36 43 22 8 17 4 26 38 19 48 49 11 13 49 49 34 5 12 4 12 3 31 50 16 43 17 40 16 48 2 22 32 9 24 1 28 5 21 45 26 7 13 1 47 46 1 50 35 44 39 12 17 8 29 41 5 44 7 15 1 14 11 40 17 26 18 2 39 0 48 22 30 34 18 29 6 41 31 3 20 43 17 5 23 9 41 5 24 31 34 47 35 48 7 44 12 
47 23 34 22 29 49 11 38 23 10 28 50 30 24 50 25 42 38 22 35 10 39 31 27 22 44 22 6 2 37 32 28 24 18 10 19 48 31 42 45 6 17 1 50 13 5 45 7 35 23 44 11 35 10 2 8 42 7 1 35 27 6 37 36 28 50 27 12 14 32 27 11 46 28 29 43 39 32 15 17 0 50 15 22 30 44 21 44 14 16 2 27 41 31 8 18 1 31 15 22 13 29 33 44 3 46 34 
16 7 32 10 20 11 43 34 36 12 35 8 42 8 7 13 47 13 5 37 30 39 11 28 12 24 10 2 38 17 22 19 34 11 6 38 33 6 32 17 49 47 23 6 17 23 23 15 7 17 37 32 49 10 4 27 46 4 48 47 2 42 47 19 41 16 24 32 2 19 30 41 31 39 39 33 17 5 12 40 1 0 45 45 22 30 41 21 25 7 30 42 30 9 36 15 7 1 4 16 1 50 42 14 39 37 46 
1 10 22 22 11 42 43 9 46 7 47 25 40 50 46 49 26 23 28 1 33 46 24 32 33 14 40 11 40 10 32 7 36 35 40 11 4 36 19 1 37 50 40 9 10 26 15 16 6 1 16 41 12 36 13 6 37 40 40 47 3 32 19 37 26 41 40 5 11 36 46 41 4 27 14 34 6 16 22 7 49 24 0 6 40 44 41 46 50 22 35 25 14 47 22 49 5 31 4 34 20 37 10 6 20 6 26 
38 35 22 30 1 22 19 33 49 29 27 30 43 35 46 41 34 26 11 32 44 32 29 10 3 2 32 2 21 40 19 36 34 18 4 12 28 42 34 4 46 14 24 20 29 2 12 50 25 46 26 30 9 25 32 6 6 13 28 50 40 17 13 9 11 41 46 25 31 35 14 43 42 8 36 31 8 9 31 2 40 33 28 0 25 14 39 27 10 37 49 6 15 14 35 14 29 1 16 10 38 6 38 19 41 33 34 
38 2 39 2 48 47 33 27 10 8 40 39 46 22 15 37 39 33 29 50 29 8 45 7 31 43 50 44 47 3 14 38 43 30 1 26 21 35 1 9 33 38 26 7 40 12 20 38 24 19 49 37 12 34 6 31 8 33 22 5 48 40 31 7 44 2 47 16 22 39 16 4 32 20 18 42 33 38 17 19 24 12 20 28 0 4 28 26 9 25 21 19 39 14 47 12 44 7 19 14 38 16 4 17 35 4 46 
6 43 17 14 49 20 16 4 32 37 20 3 4 17 27 38 42 2 21 27 41 35 9 25 35 15 25 29 3 20 45 36 25 9 22 33 43 11 22 49 24 11 16 25 24 5 15 47 12 28 13 16 15 27 6 21 35 43 30 35 46 37 1 12 42 35 29 46 45 45 46 31 30 22 4 30 20 34 1 31 50 28 18 25 7 0 30 21 48 4 1 49 1 32 38 4 37 10 4 34 40 26 20 3 18 33 33 
37 44 24 26 1 2 42 49 35 19 20 27 6 13 14 32 43 44 46 45 49 42 18 17 21 17 50 11 5 30 26 1 42 25 44 27 25 28 50 47 9 33 4 35 18 34 48 22 27 45 28 9 22 39 34 46 26 7 6 35 2 32 44 6 44 20 35 31 19 37 7 15 45 50 37 17 38 33 50 37 19 29 35 11 3 17 0 29 4 42 49 1 18 23 16 46 27 39 49 42 49 50 18 3 40 38 14 
15 23 2 18 8 44 8 19 16 24 48 34 3 27 41 31 40 21 37 39 42 29 4 10 28 40 42 2 38 2 27 46 23 39 3 7 2 24 42 8 11 5 1 23 30 6 46 16 8 20 28 32 3 49 22 36 19 43 40 18 3 6 31 14 48 2 11 15 24 34 29 16 30 29 29 38 29 32 30 23 45 26 44 19 25 45 43 0 25 18 17 39 10 35 24 6 5 24 37 26 29 45 32 42 25 41 12 
2 25 21 34 8 37 14 18 24 27 13 13 40 3 10 37 47 8 46 20 32 7 24 24 15 42 7 2 28 14 35 20 28 13 43 19 4 34 10 2 46 17 1 29 43 11 48 23 19 9 35 35 30 22 31 46 1 47 20 17 30 13 41 11 42 43 35 27 11 42 33 14 48 44 24 16 6 45 31 4 44 35 33 20 29 1 41 7 0 33 47 18 7 14 43 23 34 27 41 38 50 27 22 13 28 26 22 
37 37 48 15 40 7 17 17 23 46 30 21 32 42 3 28 44 14 24 26 50 6 21 40 39 16 8 31 27 23 22 5 44 8 15 5 10 18 7 12 41 47 20 27 5 6 9 46 48 49 28 50 4 50 22 31 16 9 26 25 49 36 41 1 24 26 28 25 28 49 19 26 7 13 35 3 36 45 36 34 8 12 34 28 46 23 1 44 36 0 34 40 2 42 33 13 6 7 20 4 30 28 34 19 49 31 2 
43 42 16 20 45 21 23 43 17 37 2 13 5 1 25 34 40 44 10 18 34 24 50 29 47 17 42 7 6 24 43 35 48 44 31 10 29 17 39 19 29 50 17 26 5 45 15 3 5 45 45 25 40 13 18 20 42 37 23 29 30 17 37 43 45 17 15 12 21 15 6 24 6 41 40 35 8 25 25 2 3 40 2 12 30 19 45 35 27 11 0 19 42 44 11 39 12 14 24 32 38 30 4 32 41 39 21 
20 49 24 34 13 18 12 21 27 41 16 25 14 26 23 30 36 11 47 14 31 46 2 28 21 34 43 38 23 49 8 11 24 9 49 46 11 43 49 1 31 23 34 49 47 39 11 6 16 1 18 22 44 26 41 25 47 47 13 29 25 25 49 28 33 5 2 5 28 27 19 43 12 46 34 9 12 4 32 32 23 37 22 23 31 37 17 48 19 25 49 0 15 30 20 27 6 24 7 17 42 38 7 29 40 32 26 
10 49 42 33 13 44 16 32 7 38 3 27 47 46 39 4 36 4 28 5 14 42 20 29 35 6 38 41 45 17 9 33 41 6 28 19 7 37 12 6 50 49 14 39 3 47 10 21 4 34 21 26 13 27 12 18 30 14 48 8 7 26 37 40 30 21 37 41 19 20 48 50 42 22 6 16 29 31 26 39 46 18 37 12 47 33 21 15 45 10 39 44 0 39 4 50 25 12 25 9 33 11 20 2 34 37 21 
34 41 22 47 40 49 38 9 13 39 39 26 44 47 50 22 47 10 31 5 11 39 23 32 4 5 23 44 29 26 16 4 25 26 50 31 43 48 21 41 6 31 41 11 36 37 32 13 33 39 23 43 3 33 11 46 18 41 44 36 27 45 31 38 24 35 1 18 48 20 30 49 39 41 49 31 48 13 46 17 24 11 11 40 3 24 1 43 16 4 13 3 4 0 36 14 12 50 4 38 2 36 14 15 14 10 24 
4 12 34 30 48 6 46 27 13 17 34 41 35 50 35 9 2 44 7 27 46 4 28 38 31 45 25 44 32 10 46 48 31 29 21 40 9 37 7 7 8 28 24 48 28 10 20 38 18 28 12 22 7 33 29 50 35 46 49 4 32 2 46 3 22 37 10 6 30 45 50 16 38 1 20 19 31 31 11 21 26 38 27 4 48 25 42 49 50 21 5 14 38 4 0 26 6 32 21 27 42 50 14 8 23 28 46 
34 6 14 11 20 5 36 28 29 44 25 42 6 47 46 12 6 10 41 37 29 35 25 14 37 10 4 20 22 12 30 5 27 2 41 36 35 40 1 50 28 10 25 32 32 40 16 30 46 39 9 49 32 41 18 50 32 50 25 10 1 17 7 17 15 20 16 4 7 11 27 17 9 41 9 20 10 44 33 48 45 25 24 33 4 31 24 36 35 41 5 36 15 42 50 0 12 3 9 17 12 24 12 23 36 12 42 
40 41 33 48 41 38 18 27 16 26 44 24 14 35 47 30 20 17 7 42 2 18 42 48 18 1 27 21 24 33 2 38 22 12 41 33 4 37 50 17 18 39 26 24 19 29 46 33 16 45 43 7 30 21 40 23 50 35 31 41 12 48 3 33 24 6 3 2 44 14 27 33 17 40 24 14 42 19 30 40 6 44 5 30 41 46 8 2 22 19 34 19 7 10 5 21 0 36 44 50 13 26 44 40 2 18 10 
41 40 47 27 31 31 6 42 35 19 43 24 42 29 48 2 30 26 31 8 27 8 36 3 28 49 20 17 14 12 4 3 12 32 6 19 5 46 38 3 14 16 25 37 29 13 2 21 16 25 15 15 22 11 34 33 5 44 50 33 12 40 28 24 15 40 12 11 24 30 47 35 38 28 44 12 34 49 25 16 47 49 2 39 48 40 32 2 48 23 15 11 46 5 42 25 38 0 2 23 39 1 41 47 36 28 30 
27 45 17 23 50 6 20 34 36 13 38 39 26 25 9 11 14 2 16 36 39 33 36 20 24 32 27 36 16 7 3 16 12 18 13 37 35 26 23 9 42 13 20 29 37 49 26 48 31 40 28 46 21 43 42 45 9 47 49 18 29 35 19 30 11 23 28 9 13 22 26 38 30 7 45 27 14 7 34 26 7 30 5 26 29 7 46 19 27 18 29 39 28 5 31 7 44 40 0 19 14 21 17 35 10 15 41 
17 14 48 15 32 3 14 24 12 49 31 43 1 4 28 10 33 45 43 38 10 25 27 38 33 24 39 20 5 40 45 45 12 39 41 32 22 12 37 27 25 5 44 32 27 2 40 15 37 12 35 41 17 28 31 42 38 10 33 8 14 45 19 22 4 36 32 13 14 46 38 22 8 17 13 6 32 45 12 32 35 24 33 44 6 5 28 35 9 50 45 12 30 30 13 31 36 22 28 0 42 20 28 2 41 24 14 
33 1 15 25 11 43 49 1 24 40 12 26 16 50 8 48 4 14 2 27 43 29 5 32 20 10 18 20 12 8 23 42 20 43 22 28 20 34 39 2 13 29 7 23 19 11 6 29 34 23 24 38 40 47 22 5 46 33 5 1 26 29 39 16 18 20 6 24 28 30 28 20 25 50 15 14 22 32 13 9 4 40 36 40 34 35 3 23 22 18 32 37 29 39 27 34 40 41 5 49 0 6 33 1 5 46 4 
13 40 33 8 33 15 20 47 47 37 44 50 33 34 18 33 2 10 48 41 42 37 24 31 24 32 28 14 4 22 39 32 44 31 22 14 41 14 35 18 17 33 42 41 41 41 9 22 32 23 31 41 7 5 13 27 16 2 35 2 38 7 43 26 48 12 6 3 12 5 43 38 26 31 24 9 45 34 41 34 24 6 33 32 41 48 26 39 18 46 48 39 30 34 31 11 41 17 43 29 35 0 6 11 28 31 43 
16 27 31 5 32 32 12 1 28 32 24 11 35 1 37 17 35 16 7 4 9 42 50 14 18 29 42 12 49 18 45 6 2 48 32 49 9 14 15 16 28 29 7 49 38 30 32 42 43 18 22 46 21 27 35 25 27 18 37 3 41 50 3 11 37 19 10 37 19 38 9 22 1 42 26 30 36 1 27 39 47 50 20 32 47 50 35 25 14 8 23 41 27 13 26 29 27 46 12 19 21 45 0 23 6 9 50 
45 30 1 5 40 26 42 49 6 41 31 21 15 38 34 35 24 12 16 19 46 39 16 48 3 40 39 8 19 3 27 15 23 47 5 6 25 9 18 47 49 29 7 35 49 7 32 25 36 36 22 12 41 41 5 7 14 4 2 50 37 34 31 4 14 17 48 18 33 29 11 15 45 19 20 18 32 31 50 47 8 15 23 33 31 16 25 33 43 49 42 21 8 18 11 16 48 3 22 33 9 14 43 0 7 25 8 
18 22 21 38 26 33 4 5 42 23 12 48 24 48 42 16 26 35 37 40 8 27 8 5 20 29 10 18 39 45 22 16 9 23 49 3 12 6 24 9 18 3 26 38 4 1 30 24 41 44 39 9 21 35 1 41 14 17 18 47 24 37 17 48 1 46 39 1 50 40 4 21 12 28 23 5 1 21 1 19 50 37 28 46 6 14 46 25 23 8 39 46 38 27 36 32 37 29 37 8 12 30 25 1 0 40 19 
47 43 12 46 41 44 16 49 48 37 9 21 43 38 50 15 28 42 1 9 34 35 43 42 19 23 34 43 8 21 13 27 6 38 17 4 13 28 17 45 30 39 30 50 23 16 36 50 8 48 2 33 50 32 36 13 1 20 27 19 11 24 42 27 25 33 15 5 21 47 2 1 25 6 30 45 5 43 20 4 37 34 35 10 20 31 27 25 3 4 3 43 1 49 35 7 47 3 25 40 1 31 29 12 46 0 1 
8 45 2 41 8 8 1 23 33 27 39 32 8 45 6 41 3 18 44 9 1 27 22 24 48 2 19 30 4 6 6 24 15 19 23 33 23 12 46 46 43 28 17 9 18 16 45 31 35 11 29 12 18 37 1 31 23 29 43 7 40 21 20 27 22 15 18 40 22 24 18 42 22 49 17 23 11 13 6 33 7 38 46 43 28 44 6 28 19 42 10 45 19 40 7 22 8 40 38 3 48 6 9 12 43 38 0 
41 0 20 21 28 21 10 24 11 50 3 26 28 50 28 10 40 21 31 14 24 23 32 43 46 15 22 26 3 35 2 29 34 50 41 4 37 8 41 22 50 22 8 41 5 46 31 40 10 44 9 35 29 48 20 15 10 28 25 14 49 35 21 27 48 24 42 28 10 24 23 33 31 9 14 3 15 41 38 50 35 33 16 10 27 17 50 37 31 26 45 10 33 28 23 16 1 32 43 31 4 3 30 36 22 26 5 
20 35 0 18 50 19 40 26 30 17 19 12 50 32 24 6 48 35 30 14 50 4 37 48 2 33 48 8 46 32 3 31 38 1 13 30 2 13 26 26 20 8 49 6 48 40 33 12 7 49 6 46 7 8 26 2 34 37 16 18 21 33 30 48 15 39 24 49 20 44 4 35 9 4 45 43 6 32 1 13 1 37 1 48 26 8 24 31 25 11 47 16 47 9 5 38 29 1 41 10 17 34 43 14 45 21 37 
3 14 34 0 47 2 37 4 18 35 32 32 23 8 15 43 24 9 47 39 38 1 49 7 15 6 41 41 47 17 45 37 4 5 21 22 17 42 15 46 29 44 41 21 6 47 28 34 45 24 11 34 17 6 34 36 4 7 20 41 12 46 8 2 41 45 28 18 37 44 26 33 44 2 11 45 10 29 2 18 28 7 46 24 6 11 21 49 22 36 18 11 22 24 34 34 36 40 30 11 20 11 48 2 48 29 40 
15 46 39 27 0 25 6 3 14 5 50 35 46 30 25 29 47 2 26 16 11 20 18 27 9 20 50 41 48 18 10 45 26 28 22 6 4 33 9 43 5 20 11 30 35 2 45 1 37 41 15 46 27 32 18 20 47 19 30 7 26 15 5 47 45 6 9 18 9 19 25 14 43 33 11 42 10 39 43 8 26 49 5 7 4 14 19 45 11 2 10 36 3 3 18 41 15 14 35 30 43 28 42 18 17 1 4 
44 21 27 11 9 0 27 23 32 27 11 48 44 32 37 15 8 8 10 40 11 41 16 21 27 47 4 14 15 49 8 38 41 3 11 25 24 34 42 1 9 31 22 41 31 17 20 4 43 29 20 35 9 27 41 14 28 50 1 14 5 14 9 34 20 23 8 42 21 13 41 24 16 9 32 31 19 26 41 10 27 1 21 37 29 23 29 15 13 47 48 24 34 28 47 46 23 39 21 8 10 29 33 31 38 46 19 
50 45 11 45 2 10 0 41 38 4 43 22 5 47 44 43 30 25 15 18 41 39 13 37 8 31 5 34 1 48 19 41 49 33 5 30 20 2 3 46 15 44 41 43 3 1 34 24 14 17 50 9 16 21 6 30 37 9 3 14 48 26 41 40 36 2 23 22 43 15 24 28 22 20 3 47 49 21 34 8 47 31 21 34 48 10 26 29 28 25 43 11 50 39 49 40 4 1 7 1 28 13 32 49 44 23 37 
46 18 10 32 17 26 45 0 17 17 5 7 43 26 27 45 45 18 22 13 28 34 22 14 44 49 14 33 31 35 50 22 41 26 24 30 12 19 44 27 36 6 22 33 35 47 8 31 25 34 18 15 28 32 45 4 25 5 16 34 4 43 15 33 17 34 17 17 3 47 34 27 25 46 27 23 12 39 30 48 41 33 8 48 18 35 45 9 31 20 6 7 3 11 24 44 41 40 16 2 30 42 28 29 50 42 40 
33 5 23 43 36 26 18 43 0 21 35 17 15 33 39 9 37 34 42 27 24 15 22 34 32 22 24 28 18 50 5 30 48 27 45 13 4 9 28 20 32 35 18 4 9 24 25 34 13 22 6 45 38 24 18 26 11 22 41 21 12 48 50 44 16 6 20 39 38 27 5 28 7 22 45 39 47 19 26 8 48 41 16 47 44 11 43 24 10 20 2 33 18 8 8 35 36 24 38 3 5 37 47 37 18 28 38 
16 29 29 29 42 47 33 24 22 0 32 4 50 5 14 46 30 18 25 22 10 50 14 11 4 24 32 23 4 11 45 30 30 17 23 27 45 31 41 11 36 35 34 37 3 32 24 34 40 9 8 29 12 46 18 39 3 19 25 6 11 24 30 13 28 3 24 34 32 38 1 49 28 15 36 26 16 28 8 22 50 48 34 45 3 17 18 35 49 35 24 27 6 36 50 13 6 22 10 1 9 41 2 2 8 10 2 
48 10 43 24 25 12 4 7 13 41 0 35 11 11 35 40 36 48 14 25 43 42 15 24 20 45 19 7 14 10 47 32 38 44 16 21 25 6 12 50 15 3 30 38 22 21 11 49 17 19 6 5 39 33 17 10 33 36 23 29 7 5 40 47 17 10 48 17 46 14 16 30 37 15 10 41 13 28 3 50 34 21 41 46 5 43 43 5 28 7 39 39 33 33 44 11 14 33 21 12 24 45 3 3 4 26 18 
25 24 26 47 5 34 24 46 36 14 44 0 43 24 18 43 40 40 25 27 47 4 21 50 27 31 7 42 26 40 18 39 43 29 25 19 32 2 10 34 6 10 38 8 47 20 40 48 45 31 6 14 28 27 30 15 4 24 49 17 48 42 49 7 19 26 2 15 50 49 12 38 30 42 21 38 16 14 4 8 41 10 47 45 34 4 11 16 50 10 15 8 3 44 36 14 11 32 39 22 19 26 48 46 20 19 34 
37 7 42 49 41 21 42 26 39 46 4 23 0 16 15 36 16 40 35 4 35 37 6 7 27 35 25 32 39 16 12 1 26 16 20 25 9 8 12 25 38 12 18 48 19 7 10 24 7 33 10 9 12 16 34 48 32 1 16 15 16 39 3 10 27 45 29 7 46 41 28 9 29 11 17 23 19 8 38 20 26 2 26 7 6 3 40 10 33 23 43 9 42 47 9 49 9 8 21 24 29 3 28 17 6 2 31 
1 49 11 29 25 13 46 40 15 14 47 5 24 0 6 20 25 24 48 19 17 32 2 19 15 12 37 15 42 24 24 9 2 5 23 39 11 22 44 19 46 46 8 45 35 13 4 48 19 10 28 5 19 37 35 50 50 31 47 18 38 49 5 17 41 5 45 50 2 17 9 4 30 29 24 21 24 8 34 2 8 40 46 33 46 19 41 15 20 24 40 31 25 27 32 48 42 42 4 30 18 5 46 3 1 25 26 
40 14 14 26 42 47 46 11 48 3 23 21 23 15 0 31 30 29 28 29 29 4 48 26 30 33 4 4 34 4 45 44 32 22 44 1 2 7 48 48 34 30 16 34 45 20 22 32 16 38 25 18 25 23 46 23 42 38 35 44 38 44 12 8 4 10 41 49 30 15 29 24 31 30 45 50 38 15 31 11 11 23 39 46 29 28 19 9 27 21 9 14 23 5 10 41 18 9 30 36 29 23 3 1 9 2 37 
46 28 47 35 28 7 24 33 16 5 16 29 27 41 33 0 23 9 7 16 2 27 20 5 32 29 35 46 33 39 21 38 38 28 42 24 31 31 37 31 7 49 22 45 36 2 31 4 45 46 50 44 45 44 50 10 26 24 15 6 44 12 42 45 45 17 29 1 36 18 2 43 22 26 9 3 6 26 20 30 49 32 1 37 39 27 44 44 29 32 49 8 16 31 38 46 8 28 50 19 24 30 18 28 45 7 22 
20 36 47 4 1 4 35 8 12 11 5 6 18 24 35 23 0 4 19 44 28 42 38 13 46 29 26 2 7 20 14 24 42 33 5 24 9 32 29 48 5 31 24 27 36 4 23 33 45 39 7 15 9 2 30 31 32 23 2 26 26 3 29 39 49 38 13 23 13 50 26 42 26 21 40 47 18 12 28 43 7 43 7 18 13 50 15 41 3 25 43 37 31 3 23 3 2 36 28 49 41 50 20 46 14 16 39 
38 12 33 13 21 46 9 20 33 46 12 26 49 24 22 21 39 0 8 40 12 23 49 38 46 33 34 29 3 7 24 12 5 47 11 27 29 20 12 22 41 22 34 41 7 41 10 29 26 19 29 31 38 24 5 17 40 25 38 31 37 17 7 13 9 35 8 29 39 47 43 1 28 36 49 40 40 8 31 5 23 5 4 34 29 43 24 31 43 45 37 5 33 32 36 25 15 22 33 22 34 31 41 29 26 29 4 
2 25 15 27 33 45 33 8 32 13 24 35 16 11 27 37 45 11 0 39 19 47 1 25 25 19 25 10 22 43 15 26 8 1 40 22 6 28 18 4 11 50 24 4 12 42 37 18 11 7 45 47 18 38 10 8 2 1 40 9 9 35 12 16 18 37 16 35 27 39 21 9 27 7 29 20 23 48 13 34 32 8 49 15 48 18 8 21 41 32 21 6 38 9 46 26 39 9 36 25 26 3 41 23 37 36 20 
12 9 41 36 5 39 6 28 1 37 47 18 50 30 46 44 45 19 15 0 21 19 12 4 32 14 12 38 9 29 17 26 29 12 49 47 13 1 47 17 18 32 32 46 39 42 42 36 46 30 9 47 5 22 16 1 1 5 10 22 43 1 48 49 34 11 18 6 2 33 34 44 48 2 48 39 38 16 16 40 22 26 42 29 20 20 22 7 47 48 47 8 41 25 24 17 35 33 12 28 25 37 35 14 47 16 49 
3 25 27 14 35 40 20 1 18 9 19 29 14 39 11 9 4 37 26 3 0 24 28 31 5 5 5 38 16 36 41 29 32 5 21 20 33 20 35 13 18 22 25 7 8 16 4 48 39 14 28 32 27 21 13 26 25 44 23 9 30 2 5 15 27 31 38 25 43 20 29 39 20 24 9 32 49 22 23 39 1 8 50 3 8 10 2 12 42 46 45 40 48 26 34 16 17 10 31 28 29 30 5 20 36 39 13 
4 13 32 27 4 21 35 9 23 3 3 8 18 29 26 33 48 25 39 42 44 0 41 43 15 40 41 46 10 22 3 31 18 19 47 49 49 11 19 42 19 14 18 11 14 15 3 14 49 3 47 7 45 47 48 19 13 21 18 38 13 26 25 37 20 23 36 39 21 31 28 23 30 34 21 29 27 30 30 50 37 28 47 8 25 46 36 21 22 29 37 29 43 31 29 43 39 31 42 41 30 14 43 19 26 24 28 
11 26 19 42 33 42 18 1 36 29 17 13 25 38 15 18 42 45 49 30 49 6 0 28 40 47 39 39 20 24 35 29 33 2 19 25 45 3 37 4 38 26 30 44 15 22 19 18 4 16 47 2 25 27 44 29 6 49 29 46 44 3 48 28 1 1 35 12 7 13 20 15 6 41 12 5 20 13 14 18 29 22 36 5 27 34 4 6 8 40 20 47 24 42 10 35 28 3 43 14 38 7 12 42 47 33 46 
34 15 40 10 44 36 12 17 23 18 44 2 17 47 30 4 17 43 23 41 15 32 28 0 28 18 20 50 31 22 11 44 8 45 38 21 42 19 31 27 12 13 25 37 18 34 1 26 18 8 3 45 49 24 42 32 3 38 12 43 25 36 31 46 13 24 36 7 29 27 38 36 37 17 12 29 40 45 10 44 17 44 33 23 19 16 46 35 4 7 18 4 7 38 3 26 33 30 25 45 49 45 47 41 20 18 9 
33 13 13 42 9 28 19 27 31 4 8 27 47 29 2 4 23 9 35 30 49 15 36 46 0 11 20 16 46 22 47 42 4 2 8 13 23 41 16 10 27 39 12 22 23 26 3 29 16 48 41 25 32 36 39 10 18 27 18 31 40 12 24 5 34 13 5 26 39 16 30 14 8 50 8 41 37 43 14 21 8 41 50 49 32 23 10 18 13 48 45 46 24 35 21 15 16 8 39 10 21 28 41 1 19 28 18 
33 29 48 24 26 14 47 23 49 12 25 23 11 3 37 13 41 21 34 41 24 30 44 26 29 0 5 4 50 31 1 50 31 5 6 27 40 16 25 20 32 27 12 22 3 41 35 28 7 35 15 50 31 35 38 44 3 35 22 45 22 10 47 43 49 13 45 19 6 26 48 47 17 1 2 14 13 9 41 36 45 28 47 16 16 2 19 46 18 12 25 5 44 30 49 23 31 19 24 40 46 16 22 31 37 19 33 
30 33 24 32 45 45 37 1 45 13 31 27 47 45 49 2 44 2 44 4 37 2 30 33 44 35 0 1 41 29 6 17 30 48 20 39 14 44 30 30 10 8 30 5 10 1 42 27 46 47 14 28 30 44 15 46 28 3 42 39 10 44 46 22 39 47 2 30 28 6 36 9 14 23 34 46 7 48 21 33 2 8 6 45 15 28 37 36 33 24 11 11 2 42 20 17 12 9 16 13 50 13 50 40 11 6 14 
7 11 20 39 31 33 10 37 3 38 2 8 12 10 16 47 5 46 25 7 23 3 17 34 49 32 8 0 34 39 9 17 34 10 14 31 26 14 35 31 29 43 5 18 29 11 1 5 3 34 16 46 45 37 49 42 5 44 36 41 49 26 27 49 45 22 19 49 49 30 41 34 20 16 47 14 18 36 39 24 49 28 5 50 23 13 23 47 11 22 27 32 28 45 32 4 17 7 24 7 42 3 6 24 44 33 26 
29 40 35 24 19 6 13 42 22 21 27 26 32 50 22 39 27 4 9 7 26 34 44 48 12 13 32 33 0 46 22 32 6 41 37 44 8 26 49 8 27 16 3 10 33 41 31 42 8 20 15 30 20 36 27 1 45 47 38 12 7 25 30 47 50 39 21 35 45 6 15 13 29 47 32 41 23 25 11 8 31 21 24 13 32 43 13 21 15 36 49 11 38 37 2 3 36 7 11 45 20 46 47 2 5 2 2 
24 4 36 28 21 36 31 31 36 1 18 15 8 27 1 21 10 8 4 26 42 45 30 5 17 14 17 38 36 0 25 22 8 31 42 39 18 29 9 28 26 7 6 16 2 19 42 3 19 19 25 38 45 2 27 10 29 24 31 12 7 20 43 46 12 29 10 35 17 38 34 43 2 30 29 19 36 30 28 37 26 11 49 19 11 37 28 7 4 32 10 44 48 48 22 6 14 10 5 24 9 8 37 31 36 33 37 
16 23 8 24 50 47 45 36 47 22 24 36 25 2 3 31 35 28 40 46 5 9 23 5 27 26 5 28 19 24 0 18 34 28 1 12 34 47 8 11 48 4 12 26 35 40 25 30 22 7 27 3 3 46 38 33 8 50 4 48 25 42 17 18 23 4 41 8 25 40 20 35 27 18 43 43 43 34 39 15 3 46 33 22 42 22 16 38 41 18 4 35 44 11 37 6 37 44 3 31 50 17 5 32 37 43 26 
36 4 45 40 25 11 39 46 29 10 46 26 1 39 4 18 8 37 36 42 17 31 37 7 50 31 9 16 37 42 1 0 35 50 47 30 34 46 29 30 24 5 16 8 47 41 18 3 42 46 49 48 46 2 1 10 5 17 39 41 45 3 24 10 37 9 11 27 5 10 21 22 29 7 12 37 1 24 41 16 32 28 18 20 38 45 5 33 49 37 25 17 8 38 36 22 32 7 21 38 30 42 49 32 26 28 19 
40 40 14 9 32 27 24 9 17 35 4 22 43 5 29 28 18 35 4 15 41 22 41 6 45 3 4 36 40 30 36 45 0 10 26 16 43 35 28 44 41 34 30 19 37 28 35 29 33 2 14 31 48 23 14 28 18 50 8 14 29 23 38 20 38 49 9 12 18 40 36 43 41 41 13 31 12 4 5 29 11 25 21 34 26 50 39 23 47 48 48 44 27 14 15 19 47 10 31 38 20 23 12 44 17 22 41 
7 10 33 16 15 46 30 4 5 3 4 44 39 11 37 16 20 42 42 16 27 26 45 35 2 23 17 10 39 14 27 18 5 0 9 32 13 15 32 33 49 48 11 10 17 43 17 43 27 33 8 42 2 26 6 15 31 16 49 15 43 29 21 16 42 26 37 39 30 30 24 1 38 9 43 19 16 17 29 43 35 30 40 27 31 22 26 43 50 45 1 48 16 18 41 21 27 46 18 42 6 29 14 47 10 7 5 
44 33 37 49 15 38 7 30 13 39 45 35 21 1 45 39 35 30 26 36 20 19 23 43 21 49 38 37 7 17 43 17 25 17 0 32 10 14 47 36 11 10 39 28 32 32 12 48 41 12 40 29 18 35 22 35 25 11 45 29 17 50 20 24 47 47 29 11 4 19 35 26 39 45 16 26 32 41 42 11 10 1 47 25 17 39 26 33 3 33 7 50 19 18 19 11 40 16 32 36 4 1 44 23 28 15 40 
24 19 47 3 35 20 34 20 16 4 46 7 8 21 47 8 22 12 35 7 22 26 5 36 17 9 6 8 9 8 24 48 2 49 3 0 14 7 30 23 31 36 49 3 8 45 9 24 15 8 44 23 12 43 8 19 48 15 11 37 26 14 27 12 9 31 48 5 9 19 33 1 42 39 5 22 24 23 48 42 8 35 42 50 15 35 13 6 45 31 5 49 47 44 47 18 10 38 45 27 47 4 15 46 25 43 32 
23 38 37 46 26 18 19 29 41 22 27 47 24 19 43 11 29 15 34 5 48 43 37 13 37 28 21 45 5 20 46 26 23 4 40 18 0 9 36 29 32 28 15 6 46 33 41 21 9 5 44 37 32 41 39 34 31 1 24 10 48 47 24 25 21 27 2 25 21 29 25 2 43 36 3 27 33 37 42 30 46 8 12 41 11 34 15 35 34 20 10 17 35 27 32 35 4 41 35 20 32 17 1 31 31 42 44 
46 39 12 1 44 10 45 14 40 36 34 14 38 13 17 41 1 20 8 18 17 4 18 23 43 3 23 48 29 8 32 10 20 40 19 46 22 0 20 17 8 40 13 42 50 21 28 48 8 16 27 50 12 23 24 28 42 22 40 9 42 37 48 36 33 5 24 44 49 44 21 19 32 4 50 28 4 13 18 3 16 6 16 33 3 8 21 37 47 13 27 25 33 12 25 22 43 28 9 46 47 34 49 14 45 8 19 
9 24 46 24 30 4 38 43 37 22 15 33 26 34 37 48 36 17 47 37 21 29 29 36 27 4 22 6 32 7 3 39 45 40 13 14 1 39 0 48 21 45 19 39 1 28 45 34 12 10 36 13 47 48 22 48 30 45 11 47 27 32 32 12 31 19 27 38 36 22 23 48 48 20 27 42 3 40 29 9 33 20 11 47 47 44 6 41 24 42 33 20 41 42 22 39 14 8 9 32 1 7 48 40 37 39 16 
27 21 30 46 41 16 2 15 7 22 36 15 37 14 37 15 45 40 4 7 6 49 39 28 45 31 48 8 26 23 21 10 8 28 29 20 45 46 42 0 4 39 27 15 17 29 43 22 18 15 43 4 1 34 32 10 29 33 2 1 11 18 44 40 34 2 26 8 10 35 17 21 49 49 50 19 30 34 22 50 3 9 31 44 33 20 21 27 27 18 1 38 43 45 32 36 45 38 32 15 3 35 13 33 49 23 5 
2 34 14 31 45 11 2 48 2 38 1 7 15 32 50 32 42 35 29 28 5 18 14 24 43 3 7 48 19 47 48 45 11 15 19 43 14 38 7 27 0 41 47 30 48 45 31 17 34 3 4 21 49 20 45 1 35 20 40 39 42 5 5 30 6 41 6 46 1 13 7 19 5 29 3 38 8 38 16 30 12 37 24 45 15 26 49 26 17 15 34 23 24 50 15 23 36 17 25 8 39 35 17 21 47 36 17 
21 18 7 43 48 5 11 27 6 31 10 16 30 42 31 30 36 29 35 45 6 14 30 2 41 13 9 41 27 20 3 49 30 9 29 8 10 23 37 19 14 0 23 9 42 26 2 45 16 8 6 31 42 12 41 12 7 38 5 3 35 46 20 1 36 29 12 37 22 14 24 21 14 43 16 32 33 5 39 27 40 18 43 33 22 39 11 37 39 47 22 20 5 20 3 23 44 22 24 14 15 16 24 3 35 35 18 
50 47 10 29 2 50 29 13 18 4 37 29 47 18 25 49 25 42 4 16 44 41 44 38 12 32 25 12 24 44 41 49 37 22 12 41 29 18 21 20 26 8 0 35 20 8 44 27 46 40 18 49 11 31 20 24 10 4 23 18 20 25 17 40 24 13 39 42 26 7 35 21 7 22 35 40 37 6 24 30 18 6 29 23 7 45 30 18 18 48 2 37 6 1 1 45 9 18 12 8 19 2 2 40 5 48 43 
40 47 30 38 5 30 43 50 15 47 45 33 29 33 22 25 28 5 48 15 7 22 40 31 19 44 17 12 17 5 39 18 10 3 41 21 38 11 48 8 13 1 36 0 49 15 36 34 25 48 27 24 36 8 33 36 19 8 49 19 11 14 32 34 10 8 28 23 26 43 2 37 18 7 41 2 7 36 41 17 34 11 42 15 40 32 4 11 28 18 23 13 40 42 38 44 32 18 27 42 37 13 8 33 46 40 6 
30 17 32 30 34 18 32 36 50 22 18 44 29 4 17 46 9 21 40 48 27 20 47 21 40 9 50 30 21 4 10 19 1 26 25 44 46 39 40 46 8 6 38 23 0 15 24 49 38 21 18 50 13 7 43 30 10 20 12 41 25 18 2 15 47 12 49 44 3 30 24 50 21 32 44 41 22 32 25 6 16 11 12 10 4 4 48 13 9 47 15 25 35 48 15 28 6 41 41 11 16 31 46 8 47 18 30 
31 14 2 9 28 45 6 26 14 7 43 12 43 15 37 35 7 16 49 15 23 17 16 35 31 42 15 41 35 16 4 13 37 25 17 50 7 39 37 30 30 23 2 22 14 0 30 49 46 29 47 39 43 49 3 8 15 48 18 28 37 31 15 41 48 3 30 26 19 48 38 29 19 30 20 36 50 16 45 22 2 43 19 12 39 28 12 15 34 18 3 3 40 11 50 50 15 33 4 19 35 4 30 49 42 18 20 
14 29 18 8 50 3 46 26 44 12 4 3 21 42 15 42 2 46 36 40 9 30 20 21 18 12 27 37 48 14 21 20 21 9 49 37 17 10 4 50 44 35 6 39 11 30 0 34 28 20 13 29 4 7 29 12 34 9 47 41 38 26 9 29 31 41 34 32 12 43 29 25 43 43 36 46 24 24 32 10 38 29 50 18 36 35 18 14 43 48 15 28 21 19 16 25 35 7 26 48 28 48 22 35 42 38 37 
11 21 33 38 11 27 37 4 9 26 42 43 47 24 20 40 15 28 1 5 24 27 11 11 17 49 35 33 40 8 16 26 48 49 7 44 10 10 5 1 34 16 7 49 44 15 29 0 24 8 9 7 7 42 33 13 35 10 22 22 13 42 5 14 2 11 17 45 49 18 27 30 6 24 1 22 9 20 13 18 3 20 12 26 32 2 9 35 15 36 23 34 38 39 42 9 30 2 6 39 27 20 31 6 31 29 1 
34 41 12 5 15 48 5 19 44 31 29 33 1 3 33 31 14 46 44 43 18 32 42 42 7 15 24 42 34 39 6 45 3 1 26 44 4 31 8 36 34 20 49 29 1 20 6 37 0 45 39 18 11 38 37 34 2 50 21 49 1 24 13 36 5 25 34 30 50 27 39 27 33 38 8 9 49 34 13 41 37 9 38 48 45 22 45 8 16 18 25 44 34 33 8 12 21 35 45 4 17 41 6 10 6 13 36 
24 31 29 35 18 37 30 12 42 37 16 41 34 30 27 14 33 3 46 44 1 31 46 38 14 39 9 24 47 4 29 42 33 37 22 28 38 33 7 7 4 21 16 26 6 44 12 25 41 0 27 24 8 11 19 35 43 35 41 22 29 29 6 16 39 9 24 9 48 8 50 27 50 46 39 41 30 16 20 33 21 28 35 34 20 31 22 32 15 2 30 43 47 12 28 29 49 6 28 18 32 36 15 17 42 1 24 
12 22 29 6 27 16 9 1 2 44 23 46 8 38 43 45 46 29 7 30 39 19 10 42 24 38 3 2 36 14 19 43 20 8 11 10 36 46 3 28 39 11 27 36 26 10 20 30 39 42 0 19 38 35 21 35 43 12 37 32 40 13 8 16 38 25 31 27 1 28 33 9 1 26 30 42 28 43 25 17 15 18 23 13 44 46 31 8 49 23 18 48 50 14 14 15 31 46 39 11 46 33 20 3 7 33 18 
12 5 29 8 1 38 21 18 22 40 45 22 42 45 23 28 28 10 35 9 38 13 16 11 33 4 15 21 32 49 21 7 11 29 19 4 21 16 17 11 30 46 43 25 36 24 48 17 23 6 43 0 43 22 25 31 50 40 18 25 48 23 50 37 24 20 39 11 14 26 20 8 12 43 25 30 42 21 41 26 9 7 49 48 27 6 28 35 37 48 20 15 3 42 20 38 31 10 19 6 48 13 34 41 4 48 31 
50 48 46 40 29 49 43 16 42 25 2 10 18 42 5 25 16 6 5 5 21 24 37 49 32 2 36 29 47 23 8 45 29 25 29 38 42 9 41 16 10 26 29 13 29 1 1 14 43 39 19 36 0 49 44 11 27 11 47 8 28 13 15 20 19 18 8 32 44 13 17 33 8 15 39 45 46 45 24 21 32 1 22 36 8 5 22 46 36 15 3 27 46 1 14 3 46 6 10 46 22 19 8 1 27 7 11 
21 11 49 16 32 37 27 27 27 42 30 13 15 46 13 47 30 11 40 37 7 2 36 50 40 35 28 49 13 44 21 9 2 44 2 36 38 49 21 40 20 25 38 12 16 44 46 1 10 23 29 41 37 0 20 5 20 25 49 27 47 9 28 15 33 21 21 12 22 45 27 10 31 41 1 18 33 14 25 34 46 40 28 39 40 16 31 23 32 39 32 12 39 23 24 31 42 10 5 41 46 33 24 7 33 14 48 
50 37 2 23 6 50 15 31 7 32 40 25 18 41 48 30 33 13 16 21 9 17 20 26 23 10 34 39 14 17 22 6 27 18 31 37 31 17 27 12 24 43 17 50 3 35 38 1 48 4 41 44 18 43 0 40 34 17 26 50 47 17 27 17 41 11 34 49 1 10 11 50 17 37 5 48 17 50 20 24 38 23 33 42 11 26 28 39 34 28 48 20 5 17 30 46 47 26 27 40 20 37 37 42 37 4 25 
8 13 46 24 34 48 3 13 25 34 36 7 15 34 45 16 23 12 42 46 1 7 9 1 42 24 31 4 2 36 42 5 7 2 20 27 38 5 15 23 2 5 6 13 12 19 12 7 26 21 15 31 46 9 24 0 2 4 45 33 11 17 49 11 40 42 31 50 14 14 19 28 18 47 19 44 46 1 47 40 23 12 25 29 31 21 12 10 49 28 18 23 44 23 5 6 4 44 17 21 31 19 49 43 8 44 47 
34 27 16 29 1 8 6 10 49 42 20 30 19 31 22 2 36 46 46 35 46 43 13 40 2 35 26 9 5 14 33 22 38 24 29 33 33 50 17 16 38 13 7 14 34 14 48 41 10 17 13 47 12 9 1 41 0 15 26 27 17 32 47 6 35 10 48 43 45 3 39 20 37 29 31 47 34 37 49 6 38 37 36 50 38 2 36 11 29 23 38 19 7 23 1 34 41 8 22 5 37 22 4 39 21 48 26 
18 31 13 18 5 16 21 39 30 46 48 18 33 24 38 14 22 16 21 13 15 29 48 6 26 15 45 20 17 34 48 30 41 27 19 31 17 6 33 4 37 35 21 38 44 40 39 31 49 8 32 24 50 35 12 40 34 0 7 42 41 21 1 22 47 49 19 28 7 6 8 48 17 33 18 27 30 8 10 13 37 26 15 21 10 3 25 30 7 16 30 47 10 14 43 33 36 13 25 40 26 13 33 25 42 11 15 
41 33 8 32 32 25 45 6 15 7 30 13 44 25 39 21 42 27 11 38 4 41 36 42 18 34 20 37 25 44 40 30 49 38 34 48 49 34 48 23 15 8 28 26 6 50 31 16 37 42 42 48 31 23 12 1 48 17 0 14 48 5 9 32 22 18 1 15 7 41 42 23 8 29 39 23 46 13 10 36 18 3 5 50 33 2 42 50 27 27 34 1 33 20 50 19 7 27 7 9 6 36 25 26 46 20 35 
19 43 50 16 38 38 31 47 46 1 9 49 20 26 1 38 30 8 41 40 38 29 21 17 20 7 2 30 33 28 29 5 14 18 24 8 27 12 46 13 2 24 5 18 49 29 37 34 6 48 46 19 5 30 48 40 23 34 46 0 32 36 2 14 18 22 4 35 3 3 44 12 19 12 29 39 14 25 3 18 42 20 19 25 35 33 11 50 34 21 34 35 43 16 15 27 1 11 38 46 45 44 35 32 12 37 27 
7 27 42 34 16 20 17 5 13 18 27 30 35 11 5 1 33 19 9 19 3 48 2 38 4 37 7 23 48 36 38 14 49 7 5 23 43 37 18 16 27 11 3 10 25 31 3 36 41 44 3 13 4 19 24 10 26 4 31 29 0 13 44 7 27 31 14 32 29 7 32 9 47 2 44 42 43 45 42 14 23 35 22 33 5 34 25 10 30 33 45 48 39 6 39 3 34 4 26 29 11 50 25 29 9 35 6 
11 11 28 32 15 35 41 9 45 42 11 3 44 6 4 2 47 13 35 20 41 14 41 8 39 20 13 3 23 11 44 25 20 28 15 50 3 1 30 13 48 48 44 12 23 2 32 24 8 49 28 17 24 16 16 48 20 20 44 46 22 0 38 36 35 49 37 34 17 42 4 50 46 33 22 22 43 20 30 36 37 38 40 46 25 33 27 1 5 12 17 31 34 8 34 42 11 13 9 14 37 19 15 32 4 50 33 
34 2 44 24 28 40 34 7 8 32 42 11 3 22 36 29 6 25 23 16 39 49 31 12 31 11 17 49 19 23 9 42 26 1 43 50 11 39 40 41 50 1 27 11 19 2 7 42 2 40 10 7 31 34 44 36 22 33 43 17 24 36 0 39 36 24 1 36 2 29 37 18 17 36 33 17 38 23 21 43 30 5 25 48 29 13 2 11 43 7 8 28 29 46 23 18 15 13 42 37 19 16 5 13 15 22 44 
22 49 17 7 13 2 40 14 13 49 38 10 23 23 40 44 46 21 9 39 21 14 16 3 25 32 34 25 14 50 12 33 7 20 30 13 26 1 46 27 40 33 10 19 27 4 19 15 30 23 10 43 7 34 23 9 34 15 32 32 18 16 1 0 14 37 5 3 3 43 27 19 46 26 33 50 39 4 47 26 21 13 20 45 41 40 20 27 24 47 22 30 11 19 15 9 25 32 47 32 22 2 17 22 3 5 14 
17 25 34 35 6 37 39 11 19 49 21 10 24 17 29 29 6 21 48 8 28 12 24 26 7 7 15 4 20 47 48 43 37 26 3 3 41 13 17 43 23 8 46 11 4 23 24 16 44 23 11 2 5 48 37 6 1 9 28 49 22 35 42 23 0 1 29 23 48 14 27 39 43 5 6 35 20 16 13 23 35 34 50 11 47 36 47 38 40 40 48 2 32 36 18 21 38 17 24 11 25 50 26 2 17 35 18 
47 50 13 18 41 38 37 43 16 22 24 45 37 4 42 34 9 17 26 7 8 37 35 48 4 43 3 48 35 8 49 45 13 18 50 38 28 22 8 14 46 43 3 49 14 22 37 7 34 17 18 35 42 28 11 11 16 15 14 48 35 39 8 8 24 0 30 33 19 4 4 7 37 10 12 12 15 34 36 34 32 6 47 15 19 40 15 4 35 8 40 23 13 9 10 29 7 35 45 26 35 40 19 3 31 11 32 
25 30 17 47 28 30 32 32 43 39 25 40 19 10 27 49 12 15 31 45 28 1 34 5 30 39 10 50 43 38 44 35 9 9 40 25 18 12 13 43 32 27 17 40 33 46 27 17 9 42 7 39 50 16 4 25 46 12 17 39 21 32 39 6 46 41 0 31 11 20 2 31 1 2 39 13 2 35 44 23 35 13 44 42 2 31 6 35 43 5 16 29 6 45 25 23 50 38 12 45 42 15 17 47 7 11 7 
37 12 3 3 41 3 40 33 27 27 40 38 25 41 6 39 6 5 24 25 6 28 16 14 14 23 49 32 20 47 47 36 41 24 19 24 40 3 26 27 17 13 48 46 11 1 37 5 36 27 11 43 33 37 2 9 46 40 39 18 4 9 13 31 31 5 47 0 1 22 33 49 4 29 48 8 43 31 20 3 13 37 45 46 44 36 4 3 5 23 11 28 50 14 9 23 9 1 18 16 7 5 37 33 4 28 8 
15 36 29 9 29 27 37 26 32 9 14 19 45 27 2 42 29 12 5 49 40 21 25 50 43 13 4 47 9 50 12 42 16 29 40 18 26 14 32 2 14 38 27 14 45 32 24 40 6 13 9 22 49 30 18 44 12 29 17 17 23 41 18 32 48 22 4 17 0 38 34 16 15 31 4 36 3 44 11 6 12 39 15 42 46 42 41 44 37 12 46 7 48 48 16 29 23 20 46 17 24 29 8 3 22 47 44 
42 45 44 15 1 1 24 6 28 8 49 22 40 8 28 17 5 42 28 19 17 15 26 13 33 48 45 32 33 32 13 21 50 49 49 49 43 47 46 6 24 43 38 21 25 49 7 9 47 12 3 11 44 28 27 27 20 31 33 3 7 43 23 47 46 29 23 42 9 0 30 24 9 46 22 45 25 28 5 39 35 42 36 35 22 30 2 27 22 22 23 29 13 15 44 50 32 20 42 26 46 26 16 1 18 38 45 
16 23 34 3 50 16 43 48 11 21 8 1 18 44 2 1 20 37 1 12 44 2 23 14 5 36 29 43 9 26 35 18 34 35 36 5 39 19 24 13 21 17 33 29 25 20 25 33 44 25 46 15 17 27 1 15 50 20 48 14 38 50 40 35 37 40 18 33 8 48 0 13 2 14 38 42 27 19 44 40 36 12 47 50 34 31 21 2 8 35 22 5 19 21 10 26 21 28 48 43 35 3 43 25 47 13 45 
2 29 35 24 46 7 31 13 3 41 1 6 5 16 39 10 49 37 44 45 31 4 13 21 49 21 2 5 34 20 23 3 22 36 19 23 23 11 26 48 38 9 7 36 21 23 44 27 47 43 44 39 4 19 15 48 17 15 26 25 6 27 30 34 19 48 34 19 47 16 38 0 38 11 46 7 22 47 27 1 27 28 25 8 41 26 34 50 4 22 22 7 9 36 2 43 12 29 24 17 24 39 26 30 32 6 7 
29 8 12 43 2 40 14 50 48 31 19 39 9 35 48 31 47 26 9 29 3 9 3 46 44 24 11 28 38 3 45 27 36 20 6 42 43 30 21 17 45 36 4 13 43 41 16 32 26 9 29 5 23 27 4 20 6 16 50 29 30 37 13 46 36 42 4 39 30 6 39 18 0 6 43 34 17 6 41 4 3 8 29 2 29 25 41 5 9 16 36 37 27 31 43 37 8 24 9 27 1 38 27 3 21 21 11 
49 30 43 37 15 15 13 47 21 2 36 34 22 46 38 45 24 45 19 13 37 14 6 27 44 47 15 3 16 31 26 32 9 14 42 25 17 30 22 22 14 35 22 36 23 41 38 32 14 44 4 9 2 9 25 36 25 17 44 18 1 11 31 41 26 5 26 9 4 14 28 44 23 0 48 49 3 42 21 4 4 10 34 40 23 28 18 31 50 40 7 1 50 37 4 22 4 4 32 10 19 15 29 28 50 16 10 
36 4 10 22 44 4 14 40 8 18 21 8 13 9 24 26 20 48 14 29 8 19 26 46 50 11 12 36 39 31 6 40 8 18 33 27 41 18 13 47 37 47 46 4 33 46 19 2 45 39 10 31 37 38 2 17 28 15 22 34 43 28 2 28 12 32 1 46 27 48 36 2 35 17 0 42 12 24 23 14 4 42 11 41 50 21 26 3 20 16 16 49 26 47 30 4 9 46 19 43 2 46 24 25 48 4 9 
46 21 46 41 44 6 2 19 42 33 38 2 7 37 29 31 30 11 49 10 6 6 13 33 17 5 31 12 9 19 36 44 47 13 30 33 25 25 22 43 25 28 38 22 22 44 13 6 23 15 44 15 49 45 4 41 8 14 25 40 26 40 10 24 48 44 6 44 8 46 7 5 39 7 35 0 28 18 42 11 23 43 25 40 45 25 22 45 2 10 39 26 11 1 33 18 36 19 15 25 28 39 19 48 28 8 39 
26 43 10 26 24 17 3 2 47 1 1 16 49 27 49 4 35 20 21 46 5 7 39 50 10 4 17 34 35 25 27 12 37 37 46 3 43 34 16 10 9 49 37 17 36 3 17 49 29 35 34 29 7 13 35 20 4 11 17 20 50 20 18 23 24 39 30 12 31 47 12 2 4 12 38 6 0 20 23 15 7 37 19 5 1 41 49 5 24 2 27 50 32 17 46 10 40 32 14 43 47 24 5 18 33 24 33 
25 46 25 29 50 31 47 11 34 31 16 18 33 26 34 6 11 4 47 30 35 9 2 49 24 7 31 18 34 33 1 22 27 9 24 10 49 24 28 19 36 7 13 29 25 15 32 17 14 18 45 15 36 44 48 17 45 27 6 44 1 30 28 1 31 44 41 25 3 25 7 37 27 29 45 29 47 0 23 25 10 25 14 4 16 39 37 36 34 11 8 15 23 19 35 18 6 30 12 49 31 25 8 15 40 11 8 
38 8 49 19 21 22 3 46 19 38 26 12 13 44 8 7 14 46 10 35 19 43 11 39 50 35 24 44 35 18 49 15 5 32 49 29 36 43 37 44 20 23 17 31 31 18 50 6 23 18 44 20 30 27 39 46 47 10 19 36 48 10 12 1 39 11 7 32 46 30 22 22 9 17 15 47 26 31 0 9 32 35 19 21 17 24 30 36 29 43 3 32 26 24 2 46 11 12 16 42 20 12 19 10 44 47 23 
12 14 12 42 20 17 2 38 1 30 39 45 27 10 26 29 39 43 49 47 49 8 22 5 36 11 39 39 21 17 9 28 21 2 19 22 17 1 33 16 24 36 1 16 23 18 40 33 45 34 31 18 45 50 24 5 43 8 7 10 28 14 17 35 21 11 24 26 41 4 12 38 10 33 24 13 7 6 33 0 19 22 7 44 38 36 42 33 21 28 15 30 9 45 23 38 10 20 16 46 12 44 14 42 41 22 43 
9 13 27 12 48 37 26 38 39 22 20 30 49 30 28 3 48 27 25 4 44 37 45 14 44 42 11 21 25 8 15 4 16 44 34 21 45 17 17 44 33 7 35 17 40 40 17 17 34 41 17 16 17 19 50 22 18 13 19 7 27 5 14 32 8 17 14 6 47 8 9 32 10 31 21 37 3 29 25 4 0 25 44 37 35 42 49 38 48 44 12 4 32 48 11 17 28 44 3 10 23 27 11 20 27 33 35 
6 36 48 14 20 40 39 16 32 33 18 30 41 9 30 16 13 35 4 27 35 49 15 43 44 50 19 2 27 14 25 11 2 7 44 2 1 31 43 15 44 33 29 35 11 15 13 2 44 11 49 36 23 6 1 8 22 6 20 20 21 37 39 18 9 8 28 34 16 28 16 33 43 40 34 2 20 31 33 29 38 0 18 8 17 16 40 38 46 7 37 31 45 11 23 45 7 45 12 26 3 38 29 37 16 46 16 
43 33 23 49 38 42 24 42 33 3 29 23 3 20 20 32 28 29 48 21 23 20 46 27 8 9 5 30 42 9 31 43 21 1 47 6 24 8 49 40 22 19 41 42 28 22 10 7 34 6 2 8 19 25 44 23 38 47 42 29 37 44 50 24 22 37 2 2 23 15 9 20 31 8 49 4 30 5 49 36 50 48 0 47 37 7 24 25 47 8 24 18 27 17 21 3 29 20 17 20 42 21 8 34 19 48 33 
28 11 26 40 44 33 48 7 29 39 47 14 18 49 13 6 45 49 47 32 4 10 5 21 34 13 35 8 15 43 14 28 39 25 47 14 21 18 31 36 30 11 43 14 33 7 50 22 29 16 13 36 23 16 30 19 6 6 6 32 48 41 42 37 26 19 25 44 3 49 35 28 19 12 3 44 18 42 39 28 13 14 29 0 50 30 29 6 24 45 29 9 16 12 49 38 40 19 6 39 14 33 7 20 30 32 36 
17 12 14 37 1 15 17 29 20 35 12 43 7 47 13 2 49 25 41 19 16 21 24 14 25 12 3 25 45 6 45 49 19 44 12 45 10 9 28 44 49 34 29 4 28 27 49 43 1 32 9 45 40 13 21 47 38 1 13 39 13 43 34 15 40 13 24 14 35 19 42 40 47 47 21 33 42 21 36 48 13 11 25 14 0 48 50 10 6 24 16 8 9 47 39 32 7 50 15 14 16 3 36 8 33 40 19 
49 43 42 39 5 17 16 15 26 2 18 20 18 40 3 19 41 19 11 33 44 9 16 15 33 27 7 20 45 28 3 42 25 29 2 18 15 35 11 41 44 32 13 30 39 30 48 25 13 35 46 39 22 7 25 41 27 28 6 29 10 46 21 49 50 27 46 39 39 36 5 6 9 21 40 13 46 36 26 4 29 33 7 10 33 0 15 21 18 5 12 41 37 30 33 32 48 12 15 31 13 34 10 37 28 31 40 
31 2 18 13 45 42 2 3 50 28 39 11 17 36 6 29 35 28 45 18 26 26 39 42 2 32 5 14 20 20 47 30 30 43 34 19 50 42 17 50 35 28 34 4 9 2 48 46 7 6 26 9 34 13 14 5 13 27 12 14 37 39 34 30 31 10 31 24 2 37 29 43 11 46 34 49 43 36 33 1 34 10 8 14 45 38 0 46 17 29 29 7 24 31 4 13 47 45 4 23 49 21 25 45 20 27 33 
49 38 30 15 13 28 44 12 30 28 32 20 36 44 14 15 45 24 31 5 12 8 34 38 5 39 13 34 30 10 15 38 38 12 40 9 38 14 16 30 31 20 24 35 15 25 19 30 35 7 30 21 40 22 21 41 5 43 11 24 16 10 32 21 13 44 32 24 4 6 27 32 8 2 25 43 34 50 23 30 21 33 49 24 30 44 49 0 16 41 49 5 45 4 42 15 21 38 4 22 21 44 45 26 30 30 49 
14 38 48 29 8 6 21 31 4 33 12 8 41 19 46 17 33 5 2 33 28 16 38 5 5 30 28 2 37 26 7 20 45 32 31 11 19 13 42 50 25 24 39 32 10 30 14 3 26 27 12 22 28 47 21 49 1 43 24 28 28 19 44 28 26 42 14 9 39 35 48 20 14 3 8 5 27 6 45 25 17 26 27 10 14 36 42 48 0 12 32 11 26 40 15 22 6 30 11 7 18 17 5 14 41 29 43 
8 26 40 16 22 45 48 49 12 2 43 34 14 40 1 17 47 8 25 23 31 50 31 3 25 16 50 28 9 12 12 37 32 22 28 17 9 46 10 17 28 42 3 20 14 46 48 17 18 50 8 7 17 7 12 9 45 37 41 7 45 21 40 50 41 7 3 42 12 35 9 2 48 8 45 40 47 11 39 29 19 33 11 9 4 5 21 25 10 0 20 22 22 5 4 22 8 2 4 30 8 44 6 5 33 42 7 
10 9 12 23 13 35 49 12 38 12 10 31 47 36 37 28 33 43 13 37 47 44 37 38 38 44 32 32 36 14 29 28 17 47 46 12 14 38 8 38 24 43 17 10 48 21 7 44 22 16 24 13 21 6 11 16 22 24 36 19 3 17 27 24 34 33 14 50 40 25 15 45 36 26 14 4 28 27 41 17 37 38 11 21 41 16 8 12 37 30 0 40 40 2 39 35 7 17 43 26 16 7 8 5 47 2 29 
28 46 42 7 39 46 34 19 33 16 7 7 34 19 26 3 13 10 35 25 44 47 41 7 38 35 1 26 10 30 34 14 20 12 39 13 20 31 42 45 7 34 7 19 50 11 9 8 40 5 45 45 13 27 36 31 5 36 20 4 45 9 10 4 33 44 38 22 30 14 33 33 19 40 19 11 41 22 7 27 27 44 36 5 35 40 1 43 27 8 8 0 35 11 38 1 49 24 4 37 7 23 38 29 27 23 13 
26 23 9 26 41 33 29 43 28 1 23 5 19 44 43 45 45 23 6 49 22 31 40 20 37 38 36 1 4 40 16 9 33 22 14 29 35 2 17 25 7 19 11 50 26 20 35 44 14 29 43 6 22 24 41 46 34 39 39 4 48 29 39 39 36 15 22 48 31 15 11 44 6 31 43 4 21 40 45 17 3 43 37 26 47 10 38 9 31 19 45 47 0 13 14 28 28 31 22 14 12 49 37 14 50 19 49 
1 41 32 38 26 44 44 23 1 6 42 13 42 27 28 13 17 13 20 14 31 42 4 15 24 49 27 34 19 16 29 37 8 48 9 47 28 44 43 2 3 41 13 22 37 18 31 38 35 36 21 2 30 5 19 9 37 18 15 27 18 11 5 35 27 6 6 44 18 31 36 24 20 19 12 40 30 33 29 6 19 39 49 33 46 28 8 3 30 1 10 10 29 0 17 34 42 37 28 45 32 12 37 20 5 50 47 
32 12 44 29 30 5 40 9 9 29 13 22 40 49 48 3 15 18 21 26 46 3 35 20 4 2 38 48 44 32 20 45 34 49 47 47 10 1 21 6 21 20 8 6 30 16 39 47 34 10 23 2 34 24 2 30 27 24 26 28 18 43 16 28 10 18 38 41 3 2 43 14 48 15 6 26 46 30 40 39 13 42 15 35 9 18 11 10 48 17 20 37 26 43 0 39 29 5 30 46 13 28 49 44 32 17 9 
5 19 19 27 34 47 34 37 15 26 28 31 19 43 7 29 44 36 33 7 39 5 27 27 22 16 34 28 11 15 48 33 18 1 13 43 41 21 34 23 3 39 28 13 1 24 12 4 6 49 6 8 50 11 21 1 42 42 5 19 13 7 26 1 28 46 13 19 30 15 38 23 3 10 5 50 27 15 27 48 5 31 22 13 10 41 34 8 30 12 1 50 17 16 10 0 46 13 28 35 6 11 43 24 42 11 33 
6 40 6 21 25 28 15 8 14 33 35 14 42 38 12 6 39 18 15 39 7 38 50 9 38 49 31 22 37 12 7 31 2 27 36 45 3 10 38 23 35 10 2 28 11 49 37 47 44 6 5 7 28 22 27 19 41 47 33 26 48 44 21 3 26 5 12 15 3 18 4 30 31 42 5 48 36 22 49 39 13 34 28 32 8 1 3 30 1 18 4 6 27 12 26 41 0 39 49 2 7 38 22 45 27 2 25 
26 37 18 30 33 19 49 45 14 14 16 39 46 26 2 33 15 36 14 48 3 20 16 14 9 37 21 43 2 41 40 2 30 33 25 17 13 21 35 36 8 32 48 13 25 1 4 27 5 5 8 10 13 5 22 7 22 4 22 46 48 6 44 23 25 15 9 13 1 36 21 44 1 28 41 21 22 3 39 8 33 44 39 47 34 31 39 26 11 19 46 9 50 39 39 2 39 0 25 38 11 42 42 26 19 35 14 
9 36 14 1 36 19 15 14 13 4 18 47 40 45 26 34 2 33 40 12 45 12 40 40 33 47 16 29 17 42 19 20 12 21 22 4 13 10 33 28 44 37 26 35 34 43 36 44 35 9 40 44 29 23 19 47 46 25 19 39 4 37 47 22 36 49 36 19 23 23 21 42 50 13 19 9 36 6 6 40 11 22 45 9 2 25 41 39 2 26 9 39 42 45 24 7 40 5 0 49 35 8 17 21 13 38 49 
44 17 5 11 11 41 19 30 29 32 43 39 21 11 9 47 18 48 15 33 1 6 39 12 20 32 7 21 33 45 1 32 21 4 32 25 35 42 15 19 21 12 16 43 15 1 35 38 27 11 50 24 49 6 48 39 28 43 41 30 34 48 47 35 31 11 19 17 30 34 13 27 34 47 13 39 40 47 48 20 48 19 45 23 45 28 34 16 6 43 47 42 1 36 35 23 16 32 13 0 4 32 18 9 43 49 24 
41 3 43 10 49 32 46 22 33 15 4 25 40 3 28 4 12 38 38 21 26 48 12 40 23 8 35 44 38 30 11 2 24 22 38 31 23 47 44 16 47 30 3 21 20 42 43 10 26 29 6 22 6 28 48 43 42 3 37 42 47 2 34 3 4 3 1 18 16 47 31 16 44 22 24 47 46 42 21 32 16 26 18 9 24 40 46 47 25 46 40 20 11 3 19 46 46 1 17 18 0 42 26 44 30 49 41 
28 34 5 1 48 1 33 5 26 22 34 25 29 15 7 5 44 21 8 11 5 41 4 29 2 45 25 4 40 41 32 39 11 34 12 12 43 24 48 40 38 6 27 47 13 21 22 2 11 38 32 24 23 38 36 38 31 26 50 3 26 30 16 36 41 45 15 46 4 45 12 20 23 18 24 50 15 7 17 32 24 23 43 3 9 8 17 23 48 25 31 17 25 46 15 8 40 41 6 18 6 0 27 49 16 26 13 
2 5 15 37 23 25 10 19 30 3 38 14 28 33 28 42 48 29 15 46 46 27 4 16 10 24 1 49 26 47 24 27 27 47 7 13 8 12 2 7 7 6 17 12 21 27 14 24 40 14 29 21 2 30 17 25 2 50 27 50 25 12 43 33 29 11 37 32 27 16 35 37 28 9 39 40 11 42 45 34 10 28 9 12 18 4 25 47 30 33 11 9 36 2 32 46 14 35 33 10 40 33 0 47 25 30 43 
44 44 41 28 15 10 5 43 41 47 3 32 15 25 37 41 2 44 5 26 1 26 27 44 27 26 9 36 44 27 31 35 32 26 11 32 6 3 19 1 4 43 12 36 43 32 20 8 24 50 31 4 20 4 42 18 18 48 1 39 2 20 50 14 17 19 50 39 15 5 35 50 26 5 23 9 14 41 2 45 7 1 13 44 47 28 16 28 35 43 15 9 2 30 50 35 44 49 20 24 33 31 44 0 19 16 32 
28 16 32 34 4 27 47 6 33 1 7 6 18 39 4 22 5 22 41 27 48 46 5 38 16 16 22 28 13 26 8 44 29 16 50 50 47 2 40 39 13 46 48 50 28 38 32 31 21 11 27 23 28 40 34 32 12 44 18 39 5 19 44 8 43 14 28 2 40 4 26 4 33 3 14 3 49 5 10 29 35 42 7 2 49 36 16 40 32 18 39 3 34 1 34 44 2 40 7 15 10 30 41 18 0 36 23 
40 26 26 31 34 7 35 40 4 13 12 42 9 8 48 39 20 22 15 24 21 32 19 21 1 9 48 46 19 6 1 40 17 27 46 41 15 2 35 32 19 45 47 22 32 11 32 50 18 22 10 20 3 13 3 9 8 5 31 25 10 39 21 49 12 23 26 32 13 8 25 19 37 33 5 27 35 48 39 41 28 49 29 48 46 32 37 4 25 37 33 10 21 10 23 30 24 49 10 10 35 50 37 10 48 0 41 
33 21 8 26 25 11 16 40 48 12 11 24 3 31 36 22 8 27 25 15 48 27 11 26 3 37 38 30 6 28 12 19 50 6 50 17 47 49 13 23 44 31 13 11 20 50 46 30 24 13 42 11 36 33 43 6 10 33 23 39 23 37 35 20 50 43 25 48 32 19 26 9 14 2 22 18 15 50 7 4 41 9 6 44 36 2 33 17 13 44 7 14 26 25 1 8 47 43 11 27 26 48 49 6 38 33 0 
