2
84
13 0 7 32 27 15 41 31 1 37 23 21 1 6 45 49 33 22 33 10 44 48 28 32 42 32 20 47 36 36 48 8 46 21 6 38 24 15 46 21 38 23 32 7 39 31 16 45 8 39 21 28 26 46 36 38 36 25 40 45 45 45 46 15 39 15 25 31 1 8 25 18 27 13 22 21 16 21 43 12 16 26 40 47 16 
21 33 0 1 35 18 2 50 26 1 26 44 28 17 19 24 7 36 44 50 15 4 2 13 25 16 23 15 32 28 29 20 5 49 50 19 33 25 46 33 6 25 42 26 38 28 44 49 3 20 6 31 32 40 32 13 19 20 26 20 46 38 18 49 23 7 39 29 17 50 41 33 41 12 44 40 12 27 26 47 23 24 13 13 23 
49 38 16 0 18 38 50 14 49 27 38 19 8 44 3 31 40 15 32 3 29 24 40 21 46 43 1 43 44 30 47 22 25 6 26 25 19 24 12 30 1 28 34 14 24 26 33 18 24 45 8 8 42 10 34 49 9 18 20 25 38 7 20 19 30 16 44 2 18 29 13 16 3 3 3 1 40 26 47 21 10 33 19 49 22 
40 31 16 22 0 28 16 1 4 37 42 44 8 16 35 9 32 32 1 46 33 42 6 39 8 33 10 33 22 50 16 5 38 21 47 41 36 29 30 41 13 13 13 17 11 9 43 25 42 38 39 29 33 24 17 31 34 42 9 39 18 34 29 4 22 38 6 38 19 45 24 4 2 10 34 21 29 40 28 49 41 35 42 34 12 
38 22 15 5 17 0 7 44 20 41 23 29 34 10 46 24 3 6 7 48 15 35 27 23 41 47 2 45 15 10 49 34 43 45 43 34 17 42 33 2 38 30 34 11 38 5 37 20 45 5 46 35 29 44 20 27 11 49 25 8 15 12 30 11 43 40 37 39 17 12 8 12 23 5 10 35 2 17 36 36 10 33 1 10 14 
15 5 49 26 16 24 0 18 17 25 38 26 1 24 19 48 19 48 3 33 48 35 12 25 34 35 26 44 13 39 49 33 11 20 47 29 35 38 14 2 38 40 45 49 18 34 34 29 49 38 18 12 30 18 13 30 3 31 15 41 41 30 5 28 27 6 15 32 27 41 14 31 35 2 46 9 40 14 7 50 1 48 46 26 22 
37 3 44 7 18 26 5 0 23 24 11 8 35 18 22 13 19 3 2 9 25 38 28 28 23 5 40 40 24 16 40 43 35 30 7 41 3 22 25 9 15 9 8 12 41 38 24 23 42 45 31 49 46 38 1 35 9 25 21 3 28 37 31 8 34 19 24 5 12 32 10 48 28 44 44 16 30 17 38 36 31 18 48 29 35 
41 48 47 30 22 32 28 2 0 23 32 29 28 1 28 23 14 19 11 11 36 34 21 3 45 35 6 43 38 36 22 10 39 3 24 43 21 27 26 40 1 33 47 6 12 15 39 30 39 15 22 12 8 37 44 1 20 45 3 45 17 39 40 16 1 22 40 26 28 35 2 37 44 22 10 3 38 16 41 30 47 27 5 23 15 
10 3 2 10 23 23 27 25 32 0 24 12 43 31 5 41 25 13 2 4 13 35 19 36 28 41 14 5 5 23 48 40 35 17 2 41 19 39 17 5 13 26 13 13 48 48 10 7 11 1 6 34 25 1 11 30 42 17 25 19 10 19 22 2 34 34 28 27 30 15 22 37 47 48 42 38 23 7 38 30 32 7 44 4 18 
14 16 35 7 22 50 2 14 48 46 0 44 4 11 29 15 21 34 28 47 29 20 38 28 9 23 8 36 30 46 38 3 25 19 35 20 18 44 20 9 16 20 23 49 2 49 34 13 28 24 9 48 30 48 26 48 27 39 26 34 15 14 23 18 11 44 20 36 26 9 47 27 14 19 32 9 47 39 26 11 40 46 8 7 38 
40 23 27 43 38 44 30 18 36 45 2 0 48 6 38 9 29 48 37 19 27 32 34 11 17 17 2 38 13 16 45 19 6 17 31 22 21 43 43 39 16 18 10 29 25 30 12 42 1 18 32 42 9 40 30 6 7 13 11 26 36 6 17 3 42 26 46 31 25 17 38 37 5 49 3 10 23 6 36 38 6 10 37 45 34 
3 10 17 37 26 15 9 33 18 3 10 1 0 8 37 50 34 31 17 35 31 46 37 11 37 21 33 1 27 23 21 26 19 23 19 39 16 30 45 50 2 29 4 38 46 43 9 16 19 37 4 26 44 3 15 39 17 50 30 16 43 15 33 10 47 27 42 29 39 48 34 4 37 18 33 2 42 49 15 44 13 18 32 40 20 
46 33 17 8 30 23 17 50 29 8 38 47 45 0 42 20 2 31 27 22 4 50 40 27 21 13 48 18 35 36 4 25 33 44 41 2 45 25 21 10 25 18 4 8 10 45 6 47 8 46 43 32 41 11 37 20 6 7 46 46 32 6 32 15 25 34 6 3 5 40 26 27 10 18 47 36 47 32 17 27 8 2 10 40 44 
23 34 22 8 22 46 38 30 26 28 20 36 40 34 0 27 39 3 43 19 21 16 22 24 15 1 23 25 40 20 38 31 46 43 21 3 50 35 46 34 44 38 48 35 40 27 50 7 48 41 38 5 9 42 20 29 1 11 8 7 49 21 49 10 38 47 25 44 20 32 28 5 8 10 25 33 18 38 34 38 1 17 28 50 32 
34 23 4 24 42 2 40 27 40 35 23 40 38 47 44 0 3 7 37 17 14 34 48 50 17 37 11 13 27 20 6 32 44 50 29 4 25 21 21 28 30 38 28 18 25 3 44 30 41 41 36 45 30 12 37 48 37 23 38 37 31 39 13 7 34 4 30 40 10 44 19 32 36 10 37 26 6 30 25 15 43 32 23 36 35 
12 3 33 14 31 18 3 34 34 48 42 25 21 35 22 24 0 4 21 48 23 4 9 21 26 11 43 8 48 23 44 50 17 28 23 23 2 47 27 29 26 17 49 3 12 45 1 35 46 4 42 40 11 25 14 31 3 32 8 3 39 11 5 11 40 48 25 48 49 12 21 27 27 42 22 6 6 7 9 31 11 8 13 45 31 
5 40 42 14 42 21 20 40 25 41 16 12 39 13 15 21 3 0 37 34 34 16 13 19 4 8 26 46 23 28 43 32 49 11 30 35 9 34 35 7 42 1 38 3 2 7 45 18 45 45 11 8 21 29 11 16 43 21 39 6 17 25 47 12 33 10 18 2 9 28 6 37 19 30 43 33 28 11 18 47 14 9 2 29 18 
35 11 20 50 14 43 38 46 29 41 17 4 26 20 42 40 43 9 0 17 39 24 40 42 37 28 39 32 4 42 43 8 23 19 45 49 50 48 3 45 35 19 41 40 39 26 30 2 41 26 8 22 50 36 40 44 45 19 34 22 26 11 35 5 37 33 44 35 32 22 43 43 41 14 32 21 34 1 3 11 49 37 41 28 35 
21 9 38 29 1 4 31 14 31 20 24 34 37 4 7 33 45 21 20 0 33 16 31 37 4 20 11 45 17 24 24 40 20 8 21 16 25 6 7 32 18 13 29 11 45 8 37 47 48 46 28 4 17 22 46 19 41 23 35 10 40 10 14 41 7 31 4 27 17 38 33 27 39 40 2 20 37 21 42 46 33 15 48 21 46 
20 24 49 12 2 26 3 22 47 42 9 50 39 4 15 4 11 31 10 14 0 2 16 28 20 26 32 20 31 39 27 26 12 44 45 37 8 6 15 16 13 30 5 42 48 44 21 49 17 28 43 22 34 38 7 44 4 46 30 37 20 6 23 34 21 16 47 7 44 18 7 49 47 15 48 34 48 25 30 26 6 34 4 3 47 
5 42 24 37 1 33 12 27 29 47 7 8 21 22 33 47 15 5 50 22 44 0 26 20 41 23 47 30 17 4 32 36 3 20 38 16 24 24 20 44 35 46 23 19 19 41 27 27 4 47 30 41 29 4 32 3 30 23 33 14 5 4 45 23 47 11 5 38 34 6 10 24 45 12 15 26 22 8 1 50 47 20 26 20 24 
41 8 49 39 36 36 1 41 7 39 31 1 50 22 9 37 39 44 48 38 7 47 0 17 40 6 31 22 23 33 18 35 28 26 50 7 4 6 49 48 21 9 33 39 23 35 25 22 37 43 14 8 27 29 32 18 45 41 10 33 5 15 29 8 40 5 3 26 1 16 6 31 40 46 28 30 24 9 45 5 32 10 36 30 20 
10 8 50 44 32 12 13 47 16 44 6 30 26 49 19 32 50 22 22 37 33 19 31 0 1 3 44 36 47 5 2 46 30 50 39 30 47 4 33 19 4 43 35 24 3 22 1 49 10 26 24 32 38 14 43 37 42 27 49 42 39 27 17 43 15 49 27 31 37 19 22 28 17 3 19 45 49 45 29 29 3 45 27 21 31 
20 8 16 7 2 39 21 5 41 31 28 27 43 10 4 46 20 13 41 5 47 16 36 46 0 49 39 47 48 21 40 44 50 47 12 45 41 11 25 36 31 2 24 27 23 41 19 7 35 26 34 33 33 36 17 35 5 23 21 8 14 42 23 35 2 37 28 30 31 16 13 36 46 27 11 3 23 39 13 5 31 33 13 23 37 
7 12 14 30 28 40 19 41 17 23 39 30 39 25 36 14 39 26 20 13 48 38 6 26 14 0 12 16 10 16 28 32 30 50 48 45 26 14 1 4 27 45 45 29 5 22 24 35 15 28 42 42 7 44 11 39 20 6 39 17 17 24 9 25 40 41 10 30 42 30 11 50 39 23 43 18 4 9 2 5 41 28 2 33 24 
36 25 37 40 9 26 20 26 35 38 4 36 20 40 14 12 44 43 35 17 42 4 35 1 43 36 0 11 5 34 26 39 22 27 2 4 17 24 40 34 5 41 24 4 35 40 33 34 20 38 43 47 35 17 16 32 32 41 36 48 23 15 16 42 9 49 32 9 19 37 48 39 5 10 31 27 19 1 50 11 10 3 42 17 41 
30 4 6 12 20 22 26 38 43 11 40 26 32 46 37 8 24 15 34 41 5 43 26 37 40 14 32 0 42 25 38 20 24 50 2 30 45 27 47 50 15 22 1 13 49 41 1 37 5 14 3 36 39 9 27 37 38 29 19 23 6 41 35 13 5 41 17 27 31 17 42 32 28 15 19 19 4 31 27 46 39 28 28 29 22 
2 32 15 24 15 42 17 8 25 45 25 38 39 8 9 25 25 6 39 22 22 9 24 40 8 33 8 3 0 24 35 28 13 7 41 3 10 2 4 17 25 26 24 3 21 45 32 16 23 19 21 14 23 39 7 1 43 9 26 16 32 35 15 35 40 17 12 31 48 6 50 24 22 40 14 46 48 6 4 46 27 17 35 34 3 
22 6 24 50 41 10 2 27 38 35 40 12 40 14 4 33 1 19 18 20 48 43 34 26 11 3 37 5 30 0 40 15 1 31 32 19 12 38 31 8 46 48 47 34 5 24 35 9 43 1 13 27 49 18 15 6 30 23 49 40 38 23 47 47 49 20 40 32 9 45 42 46 20 12 22 22 1 9 29 2 27 45 45 5 18 
14 17 34 17 26 40 40 39 42 20 23 2 1 36 36 35 4 50 48 10 17 7 38 46 43 5 21 44 47 13 0 43 29 43 30 36 4 7 15 33 6 2 7 28 42 50 21 1 23 44 18 24 45 47 45 1 7 29 38 24 22 19 46 42 29 27 45 9 21 50 32 29 39 18 42 8 11 30 46 47 23 5 48 1 30 
40 49 32 48 30 30 25 19 42 12 37 7 15 49 16 5 12 30 24 12 40 36 28 5 38 40 28 34 42 2 17 0 21 46 13 40 29 13 12 42 21 8 10 47 7 6 2 46 31 31 42 12 26 25 39 41 5 21 27 10 40 2 42 27 41 45 17 11 3 10 37 42 1 38 3 4 30 39 21 50 37 45 47 3 1 
40 42 47 7 22 36 8 36 2 3 19 17 34 7 12 39 41 43 22 45 50 11 38 23 36 12 16 50 28 23 45 6 0 39 27 1 4 20 5 32 24 29 7 49 36 34 38 47 33 10 11 47 2 26 9 1 29 4 25 22 11 20 8 9 29 8 14 29 7 6 9 20 37 12 48 16 44 13 3 39 48 16 34 41 17 
27 44 31 30 26 22 50 46 33 21 5 21 48 21 28 21 10 40 27 2 42 10 40 28 44 8 17 2 36 24 45 36 18 0 43 2 15 34 49 32 35 9 24 4 41 43 45 47 43 26 18 39 26 8 40 25 17 4 3 37 19 5 49 10 9 26 20 4 5 19 13 37 11 9 43 44 18 6 50 36 49 12 25 27 18 
36 20 28 29 18 36 12 31 12 13 30 10 14 46 15 24 42 42 25 13 31 29 18 16 47 7 12 4 18 39 8 31 23 42 0 24 7 42 26 38 34 1 7 49 46 13 34 5 11 35 12 8 20 1 14 37 8 2 13 32 11 24 8 14 24 6 49 37 23 22 9 32 17 5 42 12 25 30 22 3 13 3 1 20 6 
32 38 31 10 5 17 5 29 44 27 10 43 43 26 41 15 48 32 39 27 30 41 16 10 3 13 28 31 10 20 9 24 39 8 43 0 19 19 28 18 6 4 3 23 29 32 19 33 5 32 39 15 22 12 44 26 41 22 22 8 43 39 25 19 24 18 36 5 35 33 22 46 21 14 34 23 28 19 38 28 34 30 24 49 22 
5 38 12 45 33 3 47 47 20 26 17 30 35 50 11 47 14 48 22 10 43 45 8 29 22 49 23 35 45 24 13 15 26 48 19 31 0 25 10 3 31 25 50 1 39 17 44 44 20 28 31 20 33 3 40 29 11 31 34 24 34 31 13 3 47 13 2 5 37 31 30 22 4 45 41 35 44 45 19 12 29 6 3 7 14 
5 30 13 36 19 9 1 42 37 20 1 13 48 5 27 15 39 7 39 48 10 16 39 13 5 36 16 12 22 46 28 28 7 39 43 33 40 0 19 19 22 29 31 18 26 40 23 46 41 43 47 40 50 15 9 5 39 42 50 32 33 43 39 20 41 42 24 6 9 12 44 26 21 39 18 20 29 48 14 24 32 40 26 20 25 
7 29 13 48 35 4 41 41 37 36 29 40 11 28 34 16 18 38 29 49 22 19 11 47 40 27 41 29 27 50 43 17 20 46 35 13 11 9 0 25 9 3 36 35 3 39 30 18 21 30 8 15 3 48 22 3 38 18 17 8 8 14 13 14 37 43 13 21 16 43 22 5 9 13 21 46 37 35 9 9 11 9 20 50 19 
36 40 19 48 43 47 45 45 1 17 45 41 22 48 10 27 9 3 29 9 3 7 41 28 26 17 4 10 8 48 50 45 14 45 2 4 44 24 23 0 47 27 11 8 47 26 6 16 37 49 32 2 7 42 41 17 30 50 41 23 27 43 35 37 4 18 1 27 27 46 7 34 36 30 33 32 43 49 44 3 20 1 17 12 26 
46 43 3 23 29 23 4 3 1 47 4 42 24 5 29 25 30 39 42 42 49 17 28 10 9 24 32 6 39 3 26 26 24 11 8 26 48 5 48 24 0 4 31 35 34 29 41 20 44 16 28 41 13 26 21 28 29 16 44 14 6 42 48 14 49 21 28 19 13 47 4 28 25 41 18 38 19 33 45 31 19 5 38 41 11 
12 14 50 3 34 29 11 4 41 43 33 7 17 37 13 1 22 7 47 13 1 16 22 9 33 10 47 21 14 46 2 4 7 4 37 8 28 16 29 19 44 0 24 35 49 36 32 2 47 33 30 47 48 42 29 11 47 42 42 21 25 33 40 41 45 41 29 50 14 50 5 23 7 28 29 20 28 32 23 23 2 8 1 39 34 
50 4 13 29 43 41 16 37 46 5 36 4 33 40 8 7 32 38 47 28 8 40 21 13 10 33 15 19 20 20 17 32 2 8 46 38 17 22 21 10 40 37 0 12 24 43 16 46 42 16 16 20 21 4 12 26 10 34 50 20 11 26 47 17 26 38 5 3 25 45 21 41 11 17 38 39 21 29 47 20 44 38 24 4 4 
50 47 29 41 32 37 4 17 2 11 34 43 20 36 36 39 13 21 47 46 25 10 5 16 23 6 31 37 31 26 23 2 44 14 27 41 26 13 44 8 17 25 9 0 6 5 47 2 43 11 32 31 18 27 9 29 41 43 13 18 27 6 17 37 26 39 32 50 7 10 45 13 1 27 39 29 1 1 49 12 27 4 38 27 49 
45 5 26 35 35 37 49 14 46 17 3 50 39 34 17 23 47 46 34 16 19 31 42 38 31 29 41 44 1 41 23 18 41 38 32 35 7 15 22 23 47 49 6 10 0 37 29 12 18 33 39 30 9 4 11 31 14 14 38 5 6 47 6 14 5 44 35 9 2 2 33 17 33 24 11 20 20 26 32 1 2 18 23 12 12 
11 15 15 31 8 18 21 19 11 17 27 41 36 1 16 3 21 11 16 50 23 48 36 44 41 11 39 33 37 4 39 24 45 2 44 30 21 29 45 35 12 49 23 7 35 0 29 35 26 16 49 32 8 8 12 40 14 29 21 40 47 30 39 33 7 29 4 47 34 7 37 33 42 17 32 39 24 26 30 10 13 27 14 18 39 
23 32 16 33 13 31 2 50 39 48 6 24 17 16 29 31 32 1 19 30 17 40 41 27 24 16 39 50 12 28 20 16 22 44 35 48 38 15 22 27 35 33 3 19 26 15 0 8 10 2 29 31 27 46 39 22 33 41 40 10 47 42 3 38 12 29 40 3 23 31 31 43 18 29 42 45 34 37 23 1 9 8 29 49 33 
48 44 21 34 23 3 8 49 5 26 36 33 46 42 41 37 13 36 30 21 37 13 48 5 44 39 46 19 39 2 39 14 4 5 14 35 20 19 50 29 24 44 14 4 6 13 39 0 46 33 15 46 23 50 28 47 36 46 17 40 34 7 40 10 4 37 23 29 41 29 6 18 44 36 1 47 43 49 44 49 32 50 1 36 25 
6 17 15 27 9 29 40 3 30 17 23 35 35 10 18 34 34 48 17 27 47 2 37 49 32 5 37 2 18 9 35 6 4 35 48 20 9 3 33 1 16 15 15 20 29 13 9 40 0 27 15 48 3 34 10 29 5 31 16 46 4 42 38 36 22 32 17 32 50 12 48 26 32 16 17 12 33 38 17 20 19 47 48 25 4 
11 33 22 45 7 44 40 43 8 29 9 29 30 44 38 12 31 9 28 29 40 17 37 17 49 46 18 14 46 27 8 45 13 33 12 50 45 38 44 18 9 34 25 37 9 33 4 45 30 0 9 38 38 20 47 15 44 46 6 47 11 27 27 47 31 22 15 16 47 32 38 18 44 16 10 21 6 43 50 9 16 43 23 34 38 
39 20 25 17 19 18 5 40 42 33 41 32 37 44 16 45 18 7 13 42 41 45 23 11 26 9 2 46 47 31 19 4 43 10 43 2 40 49 29 15 34 28 3 34 19 40 20 49 35 15 0 48 36 11 43 47 45 48 15 42 10 17 10 43 11 14 38 40 28 2 14 5 20 28 48 9 14 43 40 42 37 39 3 12 33 
34 34 44 1 13 49 5 26 8 19 48 24 35 42 20 32 50 42 48 21 11 29 8 13 34 34 2 8 23 6 21 14 49 11 27 30 44 40 16 4 10 29 12 9 50 35 29 1 20 10 37 0 47 6 41 23 6 26 31 17 29 47 48 3 2 48 35 26 25 16 40 38 11 27 44 11 32 17 50 13 49 6 2 38 14 
19 25 9 8 38 22 5 14 23 37 8 13 26 11 11 16 9 5 35 30 22 27 21 12 30 42 39 26 18 18 24 45 10 40 34 24 27 19 37 44 36 24 38 41 37 49 6 7 39 48 40 1 0 17 8 42 43 4 47 28 47 33 29 47 6 13 14 4 37 27 37 40 41 19 42 45 48 39 30 26 32 36 33 38 20 
28 23 28 2 49 41 20 31 41 40 12 7 28 32 28 24 46 20 30 2 9 50 33 26 13 44 4 25 22 47 12 1 42 27 29 40 36 2 39 36 17 9 1 29 31 39 21 8 3 2 36 17 3 0 36 12 29 41 2 39 6 38 46 10 44 28 11 15 2 4 38 38 45 32 44 36 50 49 4 46 25 23 47 22 20 
12 46 48 7 15 1 50 34 13 34 49 21 50 7 2 20 24 20 4 16 14 42 36 10 1 13 30 38 7 15 33 41 25 40 33 33 14 9 37 4 39 5 32 49 45 15 50 43 3 27 1 4 44 7 0 6 20 11 39 7 3 21 13 28 49 1 9 47 11 25 19 6 16 33 50 28 10 11 37 15 37 13 37 35 31 
14 29 48 18 35 13 23 26 3 34 33 26 28 33 48 37 18 40 19 35 21 36 21 44 30 46 10 24 25 20 41 35 28 48 36 23 11 30 26 12 46 31 13 49 18 2 33 29 40 28 19 24 19 1 10 0 28 8 5 38 39 4 50 2 33 44 49 48 30 47 25 27 39 14 7 39 40 23 23 26 29 14 32 34 47 
2 18 16 28 38 8 15 6 42 38 8 47 30 31 6 20 4 3 32 15 1 31 10 12 13 20 6 36 29 10 26 23 17 5 32 27 33 21 43 40 11 21 47 27 49 43 11 43 18 7 25 11 50 19 46 21 0 8 4 16 18 3 30 27 32 13 36 30 26 50 29 37 33 11 43 5 31 35 34 13 20 10 13 19 23 
35 15 23 48 9 11 20 29 6 25 37 31 44 16 14 14 13 36 44 39 21 43 1 8 15 16 37 25 41 46 9 40 12 5 47 48 13 33 17 39 9 8 28 36 6 25 37 19 20 50 8 24 20 30 3 43 15 0 16 34 43 25 46 38 11 16 47 20 39 19 16 1 30 19 5 30 13 16 15 2 40 29 18 5 42 
38 35 21 33 3 5 34 47 50 25 15 14 20 17 21 9 6 48 1 4 49 28 6 15 50 40 28 1 15 44 15 7 41 47 23 32 27 37 37 15 33 5 31 45 41 17 44 49 45 43 35 31 17 1 43 10 30 6 0 33 14 27 34 33 6 10 8 24 24 44 40 33 19 12 37 22 45 47 12 24 34 47 30 6 22 
9 34 40 41 4 13 2 21 4 24 38 49 23 26 35 34 43 21 5 6 11 17 20 31 29 49 14 18 33 50 18 48 28 11 48 27 18 34 20 32 38 12 15 39 50 24 23 22 28 40 41 26 25 1 12 42 15 10 12 0 6 50 35 39 5 6 41 21 12 29 8 17 10 1 24 19 49 3 31 32 6 27 42 41 43 
10 42 23 28 49 6 13 8 22 15 32 3 23 10 33 9 3 11 44 20 24 31 25 2 33 14 40 34 29 6 29 9 44 47 45 15 18 44 14 24 46 9 39 37 42 16 26 43 49 23 4 16 49 22 19 30 17 22 45 36 0 17 29 30 16 36 24 10 27 16 18 42 9 48 21 24 15 43 39 10 17 38 47 36 7 
3 14 11 23 28 16 49 46 49 28 7 17 30 23 2 19 7 50 28 31 31 45 19 28 48 4 37 29 12 28 49 20 44 24 13 23 14 37 50 1 20 46 10 20 14 8 36 20 37 41 11 38 20 6 26 9 45 33 25 24 29 0 21 34 22 30 37 24 7 10 30 6 20 1 28 11 35 35 50 15 41 19 18 42 22 
18 11 1 39 48 5 28 31 13 26 22 50 12 39 40 27 34 30 11 8 35 41 38 42 45 41 24 46 18 35 6 12 29 13 4 20 36 36 9 6 3 25 8 25 6 12 23 47 10 38 7 39 8 35 37 27 23 10 44 7 32 33 0 14 28 20 11 21 50 35 21 41 49 22 6 5 10 34 13 37 33 19 27 36 30 
28 18 5 45 27 28 47 27 42 2 24 20 12 30 6 46 42 24 12 40 48 9 18 3 30 27 44 10 23 12 39 5 47 34 1 3 7 27 23 8 24 14 8 20 32 36 49 4 8 42 42 45 16 47 33 19 50 3 15 1 35 37 5 0 31 14 20 24 29 29 3 39 16 1 4 16 34 2 49 21 45 29 40 3 32 
20 44 39 1 1 33 3 5 12 23 24 37 10 27 6 13 12 20 25 5 3 27 45 12 31 50 18 2 32 21 22 45 35 23 11 21 31 23 29 47 1 35 4 28 31 30 24 25 43 9 33 10 16 48 29 44 49 28 21 2 16 2 23 42 0 2 30 3 37 16 36 32 40 42 28 5 18 23 17 32 2 26 43 9 23 
38 13 30 38 44 18 22 3 3 28 32 49 13 13 27 2 28 37 9 8 27 44 19 38 43 11 21 33 47 20 26 23 43 50 4 39 1 15 43 49 15 29 37 14 47 7 6 11 40 30 25 39 34 2 47 44 45 42 45 33 48 39 7 34 2 0 9 6 13 9 39 1 13 44 11 44 48 8 5 42 37 6 10 43 17 
46 38 40 42 4 10 45 9 20 11 1 26 23 4 13 38 1 44 2 2 30 12 45 23 8 49 37 41 50 9 28 38 46 40 39 15 20 15 9 49 44 43 43 34 11 19 26 4 42 5 37 12 9 42 38 34 43 18 34 6 24 5 9 11 33 14 0 30 33 16 49 18 37 35 3 8 38 19 11 13 40 24 34 49 46 
23 16 30 5 3 5 23 3 31 4 26 40 34 33 2 47 39 43 39 44 37 1 28 6 34 1 15 32 5 45 33 41 6 14 39 17 34 25 30 11 26 16 6 31 27 18 4 37 10 16 2 31 45 5 10 23 39 24 22 3 41 41 48 36 22 36 35 0 21 44 36 14 14 13 28 18 21 45 47 29 16 47 29 23 40 
44 2 46 1 4 17 29 11 4 28 21 36 19 20 10 42 34 34 44 24 3 38 18 17 38 39 29 42 45 6 7 13 18 9 43 20 40 34 17 28 8 3 11 36 8 33 3 25 38 38 33 13 35 49 37 7 34 29 14 16 39 37 17 49 22 9 18 11 0 28 40 2 50 18 16 17 1 27 33 10 5 37 4 5 7 
24 45 28 20 22 37 36 12 20 1 40 21 36 12 15 50 15 43 48 48 36 33 45 20 32 37 30 2 20 9 29 35 32 10 26 27 31 49 39 41 4 41 30 18 27 47 15 16 19 11 41 45 7 7 22 41 50 9 38 35 8 35 43 12 22 5 39 27 37 0 38 19 17 4 7 45 46 3 28 43 36 23 14 33 10 
19 35 29 26 38 35 28 23 11 5 34 19 49 19 46 23 8 38 29 31 42 24 41 1 13 27 39 23 16 3 13 44 2 34 44 38 27 14 39 3 11 46 7 50 23 26 47 34 32 21 29 35 36 3 18 45 44 28 13 12 46 5 7 8 43 41 18 16 26 9 0 46 44 50 27 21 47 18 42 28 38 30 6 41 46 
24 28 8 50 16 49 44 49 2 27 7 6 39 49 7 33 9 32 9 24 25 36 36 10 32 22 28 3 1 26 32 41 15 11 34 15 33 18 50 27 15 48 43 23 20 16 8 19 35 45 30 49 47 17 22 39 42 49 19 45 22 42 48 26 45 17 42 28 16 42 1 0 41 33 32 9 28 44 14 40 16 14 9 18 7 
47 34 44 48 40 45 24 34 49 5 6 24 50 17 28 3 25 30 3 43 44 39 16 16 8 45 46 29 9 3 31 13 24 41 30 12 24 44 39 21 19 18 42 28 26 36 28 28 36 38 42 35 7 25 14 8 18 28 40 45 50 45 25 47 24 44 1 9 37 17 30 31 0 41 33 24 26 47 39 40 23 18 19 44 22 
11 47 7 49 28 22 44 46 4 44 22 25 43 46 5 33 35 19 41 20 8 11 45 24 1 38 12 30 38 18 28 31 2 3 36 28 37 2 32 15 24 34 28 47 12 50 34 2 35 8 38 49 28 24 14 1 3 33 49 41 11 14 8 37 16 41 23 40 10 27 46 34 38 0 27 47 24 34 48 13 2 5 10 46 31 
30 30 4 28 40 36 26 4 4 42 4 10 27 41 31 22 28 44 42 8 12 5 12 2 28 40 17 6 21 48 36 2 18 28 7 37 37 46 1 25 2 43 31 47 23 37 48 43 17 41 24 12 19 39 20 26 19 2 1 50 19 20 34 6 6 3 42 49 34 45 35 32 43 17 0 6 20 24 16 30 42 43 24 39 30 
24 25 33 30 9 32 19 36 45 2 6 32 9 25 41 20 45 50 9 22 7 42 19 2 33 50 2 4 23 9 8 45 32 4 33 31 21 12 41 3 27 50 38 41 12 24 11 49 25 10 47 44 16 18 24 32 6 31 48 9 30 15 13 37 45 11 1 5 43 10 50 33 9 7 46 0 8 5 28 41 9 40 3 29 14 
13 14 30 14 31 2 25 40 15 32 23 12 37 1 47 1 24 6 7 15 10 14 35 9 22 16 27 29 41 39 20 27 36 50 24 31 32 37 25 41 35 11 19 28 34 34 22 5 32 41 36 34 47 15 4 50 30 21 43 15 26 47 49 26 13 46 26 37 28 17 20 37 32 17 30 50 0 46 7 26 39 45 23 48 50 
4 37 31 22 47 25 1 11 45 10 16 38 12 43 16 38 8 35 27 16 22 49 2 30 35 5 4 24 46 4 21 4 50 50 23 26 16 5 41 4 16 10 42 23 2 43 38 4 42 38 31 10 46 32 29 5 35 1 38 42 21 28 15 41 39 13 39 13 21 40 23 4 45 24 50 12 8 0 29 29 43 18 1 33 9 
24 11 8 18 21 18 42 15 17 49 33 39 45 1 34 39 4 25 33 2 15 27 16 23 33 17 48 6 22 46 25 21 46 7 18 29 5 21 43 3 49 9 37 47 42 12 18 7 46 40 39 43 18 31 44 47 46 35 36 4 20 36 43 22 25 13 44 39 34 6 35 34 33 31 3 7 40 20 0 32 22 50 42 11 32 
8 33 3 15 13 22 34 20 36 40 34 14 16 16 22 29 18 30 24 41 6 5 10 38 28 37 7 27 4 14 4 29 25 11 15 42 10 29 26 13 23 15 49 44 47 40 42 25 48 3 4 21 19 21 26 3 23 15 37 27 15 8 17 22 36 5 39 5 2 31 20 40 4 11 19 42 7 17 41 0 39 46 33 29 2 
11 34 10 5 35 13 20 46 43 50 48 16 48 28 8 42 2 37 24 17 34 15 17 8 3 35 46 6 24 49 31 33 29 16 11 3 45 34 21 40 11 25 48 5 14 3 45 30 10 49 38 9 9 12 18 47 17 3 3 1 17 14 22 44 19 16 38 33 17 5 48 18 17 35 7 10 18 12 45 50 0 41 17 47 25 
12 22 24 17 48 14 37 43 32 20 23 48 3 4 37 49 16 12 13 5 2 20 43 25 6 9 30 5 9 4 11 1 18 47 33 47 42 21 36 3 19 5 36 47 12 10 7 14 26 46 34 29 4 42 24 42 30 49 11 39 35 32 34 29 9 23 30 7 22 41 7 46 27 10 37 48 35 46 14 47 3 0 16 30 13 
20 33 47 26 24 42 17 43 11 47 19 37 21 8 39 40 30 50 43 36 40 39 3 45 5 27 7 34 36 14 37 19 3 22 9 27 26 5 34 30 24 14 35 30 42 1 27 28 8 24 18 3 24 45 24 32 30 3 21 48 35 33 8 47 11 50 34 50 49 12 14 25 16 13 12 26 4 23 3 5 50 30 0 27 12 
46 34 46 9 48 28 48 24 34 37 46 41 7 38 20 42 17 27 30 47 10 43 38 11 33 49 28 8 50 17 48 5 7 46 2 27 4 25 3 21 14 41 42 30 18 22 20 17 4 11 38 24 1 31 2 4 47 36 27 50 1 40 24 18 40 41 34 11 37 43 39 42 25 9 33 20 2 9 44 12 30 12 5 0 40 
29 24 5 27 45 48 31 19 49 3 21 25 18 25 40 27 38 9 30 11 23 46 50 42 48 33 3 38 42 15 21 39 36 35 39 17 37 8 17 39 12 20 44 22 39 9 2 27 19 17 25 21 32 44 17 33 24 13 29 12 46 43 27 35 33 32 39 34 36 24 40 30 43 41 49 4 3 29 4 40 32 26 20 26 0 
41 0 50 7 42 18 6 43 25 30 6 44 19 43 9 39 7 21 19 41 46 27 45 29 42 46 14 31 46 9 39 31 21 24 2 44 34 26 47 16 31 31 16 1 38 48 30 11 44 40 48 20 13 35 24 49 47 22 16 47 5 26 47 16 41 25 23 46 41 16 6 32 24 4 11 15 12 45 41 44 16 3 37 7 12 
20 18 0 36 50 4 48 12 10 50 11 6 35 1 10 13 25 35 21 29 35 17 46 10 25 10 38 2 31 23 32 3 39 41 5 22 8 38 46 38 19 44 22 25 44 6 31 11 35 29 19 31 32 9 23 45 24 9 12 41 17 46 32 37 19 8 17 44 46 39 5 38 40 33 10 41 45 22 17 19 29 27 17 2 4 
1 21 30 0 19 10 48 50 27 5 22 23 12 36 6 36 39 38 15 47 24 32 42 50 49 32 1 2 43 43 13 41 29 30 34 19 37 37 25 37 41 6 12 36 12 38 29 10 17 31 31 42 12 21 29 23 9 22 32 38 10 47 8 34 42 32 44 33 2 38 50 2 13 29 6 19 21 7 38 12 3 41 36 12 12 
22 29 9 2 0 12 10 15 6 38 27 45 49 28 44 31 45 47 8 29 32 29 29 33 16 10 2 3 34 20 35 20 11 46 22 21 3 36 31 41 29 35 46 25 2 11 21 44 14 8 18 6 33 8 31 34 43 47 44 42 10 7 31 36 3 8 35 3 6 23 28 9 17 17 50 47 33 5 31 5 40 9 40 27 3 
30 37 4 15 39 0 29 7 43 39 32 22 4 10 23 45 27 18 39 41 31 9 40 16 8 35 1 39 16 39 3 2 18 5 34 24 21 32 38 17 45 22 17 28 36 28 43 23 32 37 28 22 20 50 47 45 41 21 46 31 39 40 41 4 37 30 5 50 27 50 24 46 31 22 46 9 42 12 30 30 42 28 7 30 11 
31 32 18 9 39 33 0 50 36 7 29 5 31 14 41 6 24 44 47 33 13 33 42 49 4 38 4 29 42 17 40 11 34 12 43 7 49 38 42 39 17 24 10 24 44 42 29 29 22 24 7 49 32 25 17 28 39 34 15 21 36 5 9 20 18 19 22 19 21 35 8 36 2 8 16 39 24 19 5 13 9 25 8 18 10 
42 29 10 46 15 19 16 0 23 21 3 13 15 41 6 26 21 11 8 38 17 21 47 24 9 28 5 20 29 3 12 11 48 42 10 27 40 13 23 6 17 43 14 32 6 4 24 33 14 30 42 49 18 20 1 40 45 5 1 18 11 49 37 21 9 43 15 24 32 30 36 9 38 3 22 24 8 15 19 6 4 22 7 49 11 
14 44 28 41 21 32 36 12 0 5 46 18 6 43 23 14 39 1 2 34 45 34 12 15 49 27 32 30 36 46 15 39 42 39 11 46 49 38 33 11 48 50 47 33 8 4 19 16 42 6 17 3 21 23 4 27 2 29 29 14 39 3 50 17 41 7 27 18 33 28 15 2 19 41 37 46 38 30 8 46 9 17 38 31 30 
12 19 19 35 34 44 21 9 19 0 23 46 50 31 42 1 27 1 33 15 42 15 35 30 37 9 40 23 22 34 6 22 15 20 38 29 39 8 33 50 34 45 43 1 19 42 46 7 38 7 19 8 34 24 40 15 28 39 33 26 44 22 49 26 14 1 31 31 44 13 12 20 18 34 31 47 22 35 12 45 14 34 35 15 15 
48 38 42 31 23 2 50 26 8 6 0 13 46 18 37 18 11 16 14 25 45 50 41 1 43 43 43 44 28 38 13 11 37 35 12 16 13 40 50 21 12 13 44 11 29 19 2 5 48 44 35 48 20 11 20 15 8 38 49 39 30 9 23 38 45 46 26 12 7 21 5 21 16 43 14 33 6 30 23 24 42 39 46 35 4 
15 41 27 16 47 9 26 42 12 41 3 0 41 7 17 33 43 40 48 27 39 14 32 27 47 37 10 28 16 25 47 42 14 38 35 30 5 50 47 10 13 30 30 5 3 11 43 50 14 40 32 2 41 20 47 40 33 14 30 29 38 31 10 17 15 50 40 3 22 37 29 44 44 39 15 9 34 28 25 37 44 10 15 27 44 
46 2 44 42 45 47 41 21 18 23 32 21 0 14 40 4 22 41 28 27 11 38 8 3 5 38 7 6 40 44 36 28 16 33 23 20 48 46 11 28 40 39 24 27 16 33 39 20 38 22 15 4 33 39 16 6 38 49 39 4 39 42 2 28 33 45 16 38 41 20 6 27 30 1 38 23 15 32 37 23 50 37 18 18 29 
32 46 28 17 17 33 49 7 7 39 49 38 46 0 44 21 18 1 30 19 17 39 24 32 2 44 42 6 13 17 5 2 24 34 49 1 50 38 21 24 38 7 20 23 12 39 36 19 38 16 5 50 8 50 2 41 9 15 27 24 26 27 37 40 3 37 25 4 48 44 22 30 30 6 32 11 19 2 20 13 9 23 18 47 13 
6 45 25 33 8 43 35 11 48 49 11 20 30 20 0 26 15 32 21 45 45 25 20 2 19 41 22 8 45 15 16 3 9 41 28 48 43 50 21 40 1 37 20 33 8 21 41 40 32 45 48 27 2 24 2 38 36 44 7 42 37 36 41 47 33 46 2 29 3 23 33 15 11 32 44 8 6 38 45 48 50 33 27 1 17 
39 1 36 39 40 12 50 44 30 4 16 47 24 50 12 0 20 13 38 9 12 33 16 21 30 45 33 49 49 10 43 5 10 41 30 44 45 16 41 13 12 34 22 32 29 28 12 33 38 33 29 38 46 18 39 34 24 31 7 45 7 14 1 34 37 49 7 7 44 7 18 4 22 25 48 28 12 34 43 2 34 1 11 17 32 
5 10 42 2 46 21 15 10 47 6 48 34 39 45 30 22 0 6 39 32 15 25 16 21 21 11 23 40 39 5 11 7 3 34 3 33 40 16 5 49 36 4 44 26 19 50 45 24 39 13 31 29 12 30 2 7 39 39 22 42 23 32 26 5 36 50 46 50 36 13 41 6 1 41 46 12 31 41 2 21 17 50 1 26 25 
33 45 23 33 46 45 1 45 13 26 5 28 40 41 20 4 45 0 38 27 23 25 28 22 34 41 27 49 37 1 26 24 31 1 31 3 5 23 18 41 19 40 12 39 16 42 34 42 50 33 17 22 12 25 4 50 6 24 40 43 20 46 14 45 38 2 25 28 9 38 15 32 28 48 9 33 14 39 6 42 7 35 49 5 34 
4 12 6 47 31 48 31 34 26 21 23 27 18 1 14 18 7 33 0 13 18 36 44 15 17 22 37 17 18 48 36 35 48 10 11 34 40 19 31 29 41 35 48 3 27 36 7 46 39 42 25 50 2 37 37 48 11 48 40 26 44 31 13 37 40 36 26 17 7 17 25 50 26 5 23 34 39 42 38 31 15 42 28 27 23 
37 34 12 23 14 24 43 29 6 35 10 22 12 14 42 11 40 40 22 0 18 25 25 47 14 3 10 19 10 9 11 3 3 37 14 4 3 15 44 43 44 32 21 20 21 14 13 28 29 47 21 26 2 7 9 48 13 37 48 20 5 5 33 20 46 32 7 35 48 10 39 46 46 47 29 36 5 5 27 1 41 32 41 14 39 
36 2 47 28 16 42 16 17 25 39 40 50 2 25 39 8 28 30 19 8 0 25 30 5 29 23 44 8 11 47 30 23 14 19 32 11 31 10 7 32 19 24 30 22 9 40 37 4 30 38 44 13 2 23 7 14 6 47 19 5 22 34 6 20 45 16 26 31 20 15 9 48 21 49 50 34 46 9 47 40 37 41 29 24 4 
17 22 42 12 19 5 35 42 3 11 36 18 10 27 43 14 7 34 15 29 46 0 43 4 23 23 18 48 50 29 19 32 5 33 17 29 45 34 19 2 10 25 6 19 39 15 17 37 32 4 26 30 8 14 45 8 25 18 20 39 1 8 35 13 34 30 31 35 44 49 49 30 38 33 5 5 40 24 16 8 7 32 17 46 4 
39 24 41 39 9 5 27 15 30 2 3 40 44 36 10 35 32 44 33 6 46 42 0 25 10 40 18 1 3 12 33 19 42 39 10 45 6 40 47 35 45 22 16 9 32 3 15 47 39 7 23 25 39 34 41 8 48 50 32 49 41 4 25 3 48 33 12 2 34 41 4 45 36 9 39 35 31 34 44 8 25 21 12 46 39 
8 30 8 48 3 48 6 9 48 44 41 47 13 11 49 41 14 14 49 3 29 40 30 0 46 7 27 14 6 25 24 20 42 30 15 40 3 5 4 31 44 49 37 38 15 48 38 19 23 45 17 12 8 14 44 11 19 1 12 42 26 34 50 34 24 24 50 18 49 22 46 37 11 33 5 5 42 2 16 49 19 9 42 11 8 
13 13 28 37 4 22 3 43 12 6 10 49 4 15 41 49 21 20 2 49 31 1 25 10 0 40 20 17 35 14 23 18 43 40 27 12 12 22 32 45 1 44 45 49 28 46 6 39 38 25 50 49 39 41 12 28 12 38 19 48 34 5 18 29 39 38 17 10 27 3 30 27 40 25 1 6 37 3 47 14 34 32 30 11 14 
25 29 3 28 49 50 24 3 35 11 47 26 16 10 40 29 47 12 35 46 24 9 14 40 7 0 41 10 42 5 15 3 25 8 16 14 10 15 33 28 4 6 25 6 15 5 31 22 43 7 36 37 21 46 15 41 17 15 14 21 9 41 33 48 21 9 22 18 50 46 31 15 15 34 31 40 49 4 50 36 26 20 18 35 20 
28 33 30 43 25 48 45 2 12 20 14 24 27 36 6 33 13 22 47 27 21 22 37 15 26 42 0 13 15 28 46 39 23 48 28 43 26 43 25 25 48 36 14 4 14 18 16 23 18 45 3 13 49 21 8 50 7 47 16 18 34 36 31 24 17 32 41 26 49 44 31 41 38 47 49 42 8 18 24 47 10 19 45 21 25 
33 41 3 41 29 36 30 27 8 42 13 6 40 38 33 27 41 25 25 14 13 26 2 23 17 42 39 0 24 19 8 15 41 10 49 34 42 39 36 20 8 1 14 31 6 36 36 18 31 41 21 20 45 21 7 13 8 39 30 24 37 48 7 9 1 27 23 46 42 4 41 39 5 5 18 14 49 45 47 37 32 25 9 33 49 
38 21 21 3 37 27 4 9 13 33 10 45 6 30 29 14 41 27 27 1 33 16 40 3 44 14 13 43 0 44 43 13 40 25 10 13 7 3 44 5 28 38 30 43 22 8 19 44 16 18 24 41 48 32 32 17 23 31 18 9 24 15 11 16 21 20 21 20 46 18 23 12 47 22 50 13 3 23 19 46 25 20 48 25 20 
2 16 9 43 44 40 27 35 35 32 13 27 15 22 2 38 50 48 49 46 13 45 27 33 20 14 50 13 23 0 34 4 18 37 46 20 5 13 28 2 28 47 27 13 40 37 36 39 2 17 8 26 23 49 30 8 7 40 27 24 31 40 15 12 1 29 46 41 20 3 48 25 22 46 21 49 36 32 37 46 34 26 49 46 15 
9 32 19 7 38 13 16 37 5 22 38 33 16 12 12 41 46 19 49 20 34 4 27 29 31 23 26 3 31 40 0 5 42 19 48 43 48 28 34 32 41 32 39 18 24 34 17 21 21 25 5 39 7 50 27 32 5 5 40 27 16 38 13 6 15 18 46 14 18 20 15 14 12 38 9 38 45 37 3 45 15 3 6 29 26 
2 48 42 42 16 38 43 38 8 17 4 20 33 3 7 38 3 3 1 11 42 27 20 42 40 37 19 3 46 12 13 0 33 35 31 14 20 5 23 3 32 22 26 5 21 6 18 13 34 46 8 12 1 5 18 34 25 29 1 3 29 20 41 43 46 4 22 35 3 40 38 34 31 50 20 40 17 23 49 36 22 25 35 7 38 
50 13 28 17 47 40 41 4 21 25 12 32 33 9 18 35 33 10 45 9 24 32 1 36 29 18 3 31 15 31 4 36 0 34 5 47 41 44 18 6 50 47 31 11 26 8 9 34 14 32 2 39 15 40 48 15 19 13 43 39 29 37 11 39 40 21 26 48 29 13 27 41 16 4 45 13 44 22 25 28 20 35 39 49 14 
42 39 46 37 41 29 29 1 30 28 13 36 42 21 5 32 12 5 2 5 11 24 11 46 36 21 47 38 16 19 45 49 12 0 26 48 32 31 11 39 35 48 40 36 27 32 27 2 1 20 46 9 30 37 44 3 19 28 1 2 20 32 41 36 11 34 15 24 17 23 24 2 1 17 18 8 21 38 35 14 9 20 46 18 20 
10 15 13 18 24 30 5 31 10 19 3 8 5 26 44 18 3 36 29 47 44 9 14 20 37 32 31 44 37 43 1 36 24 16 0 1 19 3 6 44 44 19 22 41 48 15 1 17 13 42 47 6 34 18 21 27 2 2 43 32 42 49 11 44 18 19 17 34 40 26 25 16 48 43 35 29 23 19 16 5 37 16 19 3 40 
37 17 19 3 40 50 18 10 25 2 45 8 28 24 29 48 17 28 38 17 32 9 42 33 43 4 34 37 39 45 27 31 9 4 31 0 3 49 32 50 27 7 7 23 41 41 21 45 45 37 7 21 38 32 36 9 29 25 36 10 36 16 32 21 30 26 15 50 24 43 27 50 35 28 12 10 26 37 2 43 23 9 39 50 33 
25 39 50 24 45 3 28 13 23 14 11 26 36 43 16 26 21 21 2 11 7 37 11 21 26 34 43 24 43 37 27 28 32 39 6 37 0 15 26 29 41 49 37 13 14 1 35 40 44 36 17 2 39 37 40 26 39 29 30 48 12 11 5 21 36 38 34 44 48 37 29 12 46 42 12 12 21 24 47 20 42 44 49 38 26 
35 39 41 43 13 18 8 36 28 18 31 44 17 27 27 18 41 43 7 8 6 7 47 26 28 6 15 33 11 7 18 12 17 45 1 49 43 0 2 35 19 21 27 18 25 31 18 4 48 20 2 2 2 42 31 21 29 43 15 16 8 4 26 26 22 1 20 28 23 26 29 25 39 9 38 37 30 40 22 46 10 3 17 13 9 
6 17 20 37 24 23 7 29 37 27 16 45 1 46 25 12 41 31 22 42 27 13 44 4 45 42 39 21 20 6 6 37 14 17 16 34 50 41 0 49 4 23 47 3 32 23 42 29 44 48 34 19 22 46 21 32 44 23 16 43 33 34 36 9 31 22 29 32 35 30 41 12 1 33 19 20 31 10 13 32 3 13 46 24 37 
38 35 42 44 36 23 12 34 49 17 20 37 39 22 10 45 10 45 14 8 22 19 40 27 1 2 34 11 35 40 20 39 13 23 44 38 37 39 49 0 8 30 29 3 16 50 34 42 39 3 37 43 19 32 16 15 20 45 16 43 35 40 1 49 9 47 31 25 17 29 23 8 22 46 7 29 44 16 24 28 18 10 45 9 49 
47 2 8 47 8 25 43 22 46 15 18 29 30 44 20 19 9 26 11 30 29 22 23 26 38 21 4 22 38 26 25 46 42 1 12 45 24 28 9 4 0 30 37 27 32 40 50 14 22 4 9 9 35 35 29 20 26 30 33 10 37 22 22 34 21 40 23 37 30 33 26 46 32 17 7 50 43 45 41 36 38 8 32 19 30 
17 41 11 13 31 36 16 42 19 23 33 9 4 6 43 18 13 35 40 29 14 28 18 29 30 28 31 39 47 22 30 40 3 4 4 49 12 24 49 47 11 0 5 13 45 24 41 39 40 48 19 26 24 43 40 16 40 23 33 34 4 5 27 45 48 43 44 6 50 3 45 6 39 36 43 18 10 15 24 6 39 39 42 41 28 
47 7 48 14 39 15 26 30 41 46 43 34 10 16 2 31 35 40 37 4 13 37 38 50 23 7 26 50 28 46 15 13 37 18 1 37 46 43 12 38 19 27 0 49 41 1 35 1 49 22 25 4 50 6 37 15 10 19 49 42 32 40 27 3 45 31 30 48 42 15 16 35 42 28 50 36 37 38 48 49 38 7 27 28 3 
42 15 8 50 3 42 19 48 2 30 49 42 24 5 10 22 38 9 34 7 41 12 23 6 1 29 23 21 50 4 26 13 50 1 3 16 22 48 40 24 47 37 41 0 48 1 45 14 34 39 28 1 48 43 21 12 31 43 2 49 25 20 49 49 49 5 36 43 24 2 44 50 40 19 11 11 4 22 25 6 7 15 39 32 22 
4 28 21 29 40 23 24 21 50 16 5 49 39 42 43 16 3 41 33 45 29 11 30 33 11 8 9 18 47 42 10 31 17 27 46 28 16 14 34 30 21 30 41 4 0 6 12 16 30 32 41 5 25 7 38 44 43 49 38 19 32 14 6 24 8 7 24 33 13 47 16 50 39 7 4 25 50 21 26 27 49 43 30 37 7 
38 35 25 30 34 3 29 28 46 3 16 15 6 34 48 33 30 4 33 17 41 17 19 3 13 44 23 23 12 20 40 35 20 18 21 22 49 3 29 45 37 23 44 4 38 0 11 44 38 29 45 20 39 47 21 17 22 17 23 17 40 31 7 17 26 14 32 46 39 13 26 34 27 25 39 30 18 23 15 15 3 1 35 45 17 
1 1 39 50 1 50 6 27 36 40 14 31 6 18 41 7 15 6 25 3 12 43 15 8 41 49 49 2 8 15 40 46 12 1 26 13 44 46 38 14 21 7 41 35 26 49 0 12 6 24 9 38 45 11 42 6 9 37 31 9 3 1 4 20 22 1 18 19 6 43 29 14 20 19 11 32 5 2 30 33 42 37 43 29 49 
28 45 36 21 45 18 27 13 38 35 13 18 37 20 35 8 31 7 14 46 46 19 27 50 11 1 7 8 49 17 17 9 26 21 44 6 33 49 11 25 3 1 32 34 48 15 19 0 32 45 26 12 31 30 33 4 10 19 36 10 45 11 19 15 21 19 5 43 16 27 30 25 32 46 39 43 46 37 44 3 46 33 26 13 23 
6 36 30 43 18 34 38 47 39 17 15 34 36 12 15 43 23 3 6 16 1 30 36 41 40 9 24 26 34 14 13 36 7 43 15 33 26 50 49 43 43 28 44 30 25 10 10 26 0 29 10 24 30 21 48 22 27 1 39 3 10 11 12 14 25 4 30 28 44 47 33 18 23 5 13 24 23 37 7 17 31 49 48 47 25 
41 33 16 10 21 39 33 37 48 39 32 31 15 19 26 46 33 17 29 47 43 2 26 8 25 49 40 45 23 23 11 14 15 40 35 21 15 18 24 8 50 31 26 16 31 44 9 18 31 0 22 48 33 20 1 33 39 7 8 35 22 49 38 15 25 28 19 16 26 34 6 31 15 43 22 47 12 27 11 27 32 41 23 14 2 
25 29 44 15 8 47 14 7 34 2 9 13 16 1 38 13 28 34 35 26 41 34 40 49 5 21 13 47 31 4 32 27 25 14 1 50 25 2 18 38 42 25 32 42 13 35 46 26 23 15 0 4 7 39 39 11 42 39 46 10 37 35 18 26 30 21 33 38 3 50 39 38 27 16 47 34 16 2 49 36 21 25 37 24 17 
1 25 39 36 3 10 11 29 42 31 4 25 49 3 21 31 47 44 27 35 27 27 42 42 5 46 40 41 11 39 13 48 44 10 29 47 44 2 50 41 28 9 35 35 44 10 18 50 29 6 25 0 31 11 39 40 25 34 48 32 8 21 21 19 4 19 6 31 40 24 24 37 45 45 36 8 18 42 7 49 45 28 40 12 5 
14 33 38 6 20 5 14 47 21 42 21 7 41 32 17 38 30 29 26 5 19 31 37 25 32 22 33 28 49 38 30 31 9 14 40 37 19 26 20 20 11 41 25 3 16 1 28 10 40 11 16 50 0 14 8 37 34 46 14 24 48 22 37 48 33 13 40 48 27 43 31 20 4 10 7 45 28 7 34 10 31 45 24 38 39 
23 31 18 2 28 7 41 5 2 22 48 24 44 42 41 26 4 1 18 9 42 12 41 7 14 9 27 13 4 44 4 49 49 9 11 32 23 46 49 37 41 15 3 38 9 21 35 16 44 34 27 44 6 0 29 48 11 41 11 39 20 30 28 2 8 19 50 26 35 31 9 4 8 2 32 19 27 9 3 48 43 25 12 20 21 
17 10 43 20 12 50 42 12 8 30 8 13 14 45 20 10 46 50 35 35 30 20 43 25 10 21 2 38 13 46 46 18 9 31 41 9 7 6 23 31 18 42 50 23 25 7 14 14 33 39 48 25 27 35 0 42 48 18 19 10 42 48 5 50 12 35 40 4 34 5 12 4 40 27 5 18 38 20 20 1 4 8 39 5 25 
49 21 41 25 40 44 42 39 46 32 33 13 43 39 39 35 4 30 10 22 35 8 49 23 18 4 28 48 18 7 35 10 50 26 13 14 49 30 44 11 20 16 45 46 22 5 46 31 32 16 1 28 29 34 40 0 41 23 19 7 37 16 45 21 39 48 23 14 18 26 25 37 24 37 50 2 20 14 4 1 13 8 47 16 3 
7 7 32 16 36 23 42 31 23 8 46 26 46 6 48 50 41 29 6 8 30 27 42 30 32 21 28 20 18 45 29 19 29 19 33 41 42 48 33 4 34 7 2 29 4 27 24 8 6 2 22 30 42 8 23 30 0 16 3 35 15 45 23 13 29 29 27 47 27 23 8 9 44 47 2 25 24 26 14 26 6 47 20 14 17 
23 50 28 21 46 4 26 39 14 18 9 11 44 24 50 28 30 48 35 49 44 29 33 40 34 50 5 3 27 30 18 25 9 46 6 30 50 26 32 20 33 20 30 29 43 14 30 3 14 49 26 50 35 16 24 45 18 0 38 38 47 49 23 12 35 1 35 3 48 18 21 28 4 17 16 17 24 49 4 47 21 20 3 39 29 
4 18 41 44 23 12 12 13 39 35 22 10 8 46 29 9 12 32 35 43 21 23 34 20 50 50 46 14 41 18 28 47 35 34 31 33 45 9 26 7 9 16 15 32 45 7 17 3 26 39 9 38 19 46 9 31 35 21 0 44 24 16 49 23 22 8 25 25 25 15 47 15 3 7 29 35 6 9 3 26 43 34 43 38 3 
9 40 29 39 26 1 49 24 16 2 41 11 44 43 25 20 33 42 39 30 24 7 32 40 12 3 23 33 45 2 41 24 11 20 14 18 47 37 50 15 49 42 37 5 38 25 13 16 28 7 11 42 5 9 30 2 9 39 27 0 23 29 16 29 15 12 17 50 24 30 8 23 46 43 24 32 32 20 27 3 38 41 8 5 39 
41 50 19 3 41 13 10 9 10 27 37 33 13 23 44 21 25 39 37 21 34 16 49 31 28 48 32 32 36 39 32 21 12 40 24 13 48 47 34 17 49 14 36 16 38 49 20 47 34 32 13 3 22 35 5 26 1 39 26 44 0 31 28 23 22 46 16 22 23 50 32 23 29 6 20 22 20 30 34 44 29 29 35 49 5 
27 30 50 27 35 49 12 10 22 40 37 22 42 15 21 22 28 47 48 3 9 35 47 2 13 36 46 18 46 47 15 46 29 19 46 16 16 45 39 2 20 14 7 16 33 1 29 16 13 22 2 33 38 47 46 42 33 48 14 50 3 0 45 15 25 26 41 43 23 20 5 7 33 8 47 33 46 28 32 20 12 7 31 5 25 
46 33 9 33 23 4 34 19 32 39 49 25 50 32 41 43 9 6 47 9 16 19 25 41 15 1 15 2 29 2 44 22 40 41 30 43 33 11 1 16 21 38 2 20 48 8 47 46 41 28 4 1 35 47 10 27 9 19 18 23 40 33 0 40 30 45 28 36 9 3 48 11 49 6 31 38 28 18 5 44 7 4 19 11 2 
49 43 38 44 32 4 35 14 43 28 27 39 49 22 25 21 23 38 44 44 17 6 45 5 9 32 9 4 25 12 19 21 22 39 32 3 41 42 28 49 14 47 6 29 4 49 29 47 31 23 34 17 26 18 35 44 49 33 36 50 45 31 40 0 31 10 6 17 11 41 23 30 32 10 45 30 21 50 17 1 10 4 13 24 3 
28 3 46 5 4 39 4 8 6 29 5 33 8 25 20 49 32 19 6 8 44 3 7 31 38 14 44 32 33 26 46 32 8 37 3 7 11 13 7 3 19 23 26 32 41 48 14 25 48 2 29 35 8 17 9 26 46 15 18 40 45 23 25 31 0 33 23 26 21 22 13 39 20 12 4 39 21 27 26 41 40 1 19 35 32 
48 12 25 41 28 28 11 46 45 18 8 47 48 46 49 18 22 44 3 36 14 9 24 5 28 39 50 21 25 28 40 26 39 44 33 22 49 35 43 45 2 44 26 45 46 42 24 31 27 24 19 7 17 50 18 39 38 21 14 40 29 40 21 17 29 0 33 9 5 13 28 20 38 2 9 34 21 34 30 9 36 16 19 45 1 
10 33 10 39 27 45 34 28 22 3 17 12 23 9 16 13 34 19 19 50 5 31 6 9 16 48 6 9 12 28 25 11 46 20 8 47 24 20 29 19 44 42 16 49 42 22 48 26 14 46 3 47 50 46 47 29 27 2 24 29 40 25 17 45 29 7 0 17 3 2 20 40 14 41 1 6 13 16 8 17 45 50 31 46 16 
25 29 11 50 24 29 20 22 47 50 30 19 26 22 21 36 5 46 25 45 7 40 6 50 41 35 14 20 35 30 30 10 30 1 20 50 47 17 30 23 50 18 17 42 22 37 38 44 37 31 40 4 6 1 10 35 23 11 10 39 16 1 37 18 21 20 40 0 26 2 21 40 39 17 2 45 39 23 14 29 5 47 20 33 5 
40 26 4 29 41 36 27 36 8 41 7 49 31 50 22 2 48 12 43 17 41 1 38 5 7 22 13 10 32 6 42 46 19 33 28 46 17 11 36 17 44 4 32 26 46 47 8 23 43 28 7 35 28 17 14 40 38 50 23 19 24 18 5 2 49 11 30 49 0 23 27 35 37 27 26 23 37 20 12 9 11 15 40 17 4 
49 7 19 3 19 39 8 18 38 17 44 27 50 30 28 35 17 9 1 17 44 21 9 2 44 27 20 27 41 13 4 34 1 1 3 42 43 28 30 34 19 17 49 11 33 47 38 40 35 25 44 7 39 1 11 29 49 17 9 43 19 31 28 26 13 10 26 49 27 0 36 42 39 29 17 48 27 22 48 20 48 40 30 43 16 
19 48 46 1 41 25 43 27 19 38 16 39 40 24 48 24 22 39 14 49 33 5 28 22 3 34 8 2 47 12 3 40 39 12 7 16 14 25 9 3 43 16 21 42 2 10 38 48 1 47 27 2 17 44 33 14 20 24 48 8 18 42 30 8 36 26 50 29 17 32 0 10 47 31 11 6 18 35 37 21 44 47 10 1 1 
35 2 23 45 29 44 46 41 27 2 35 1 36 13 6 26 11 10 32 19 38 30 21 6 38 16 30 34 4 5 11 9 42 30 23 34 4 5 50 24 37 19 21 29 27 6 33 22 31 45 34 38 29 33 13 5 31 17 8 14 14 12 37 22 41 27 10 6 41 23 23 0 6 10 8 33 19 10 42 30 33 33 8 3 10 
22 24 31 9 17 18 4 37 48 36 10 25 33 49 39 50 46 27 32 9 22 28 28 21 1 45 45 39 38 25 31 7 9 28 1 17 47 1 39 23 20 37 8 24 49 8 37 12 4 30 38 7 27 45 38 44 47 11 9 23 24 15 50 24 6 4 16 5 49 23 4 45 0 38 9 40 35 20 4 22 43 8 34 36 8 
38 25 30 15 40 7 20 37 43 17 50 5 38 35 19 46 43 32 14 31 27 43 19 18 6 3 24 44 39 17 15 40 29 42 36 31 24 1 16 42 3 18 3 22 10 35 48 36 35 27 50 26 20 5 31 46 6 13 10 37 33 27 48 26 2 10 26 46 49 39 23 42 17 0 22 29 10 40 48 9 21 6 39 9 13 
17 39 21 25 12 41 25 11 42 29 10 26 20 27 20 50 9 3 37 47 5 9 10 49 27 22 6 9 4 39 32 44 18 36 10 13 40 2 35 9 14 12 50 39 12 3 40 14 29 9 13 4 2 13 8 8 30 22 48 40 36 17 7 4 48 16 9 34 18 7 11 7 19 29 0 34 43 9 21 37 25 33 43 31 46 
26 29 42 6 28 2 34 18 5 45 24 47 5 46 41 47 45 6 47 22 49 6 36 24 30 16 50 9 36 24 8 43 37 12 28 20 24 3 7 16 24 43 3 24 6 37 39 13 30 41 30 28 47 9 48 21 43 19 27 13 3 25 33 31 38 31 11 43 19 22 23 42 50 31 49 0 6 4 12 19 43 27 37 29 45 
45 31 47 28 15 8 27 6 26 44 14 50 10 23 36 26 26 46 45 9 19 38 28 16 11 42 17 32 1 35 36 16 46 39 37 8 35 34 29 11 45 18 17 6 18 50 46 31 27 44 17 32 42 21 27 7 3 31 17 23 42 46 5 42 8 48 4 22 37 29 41 43 17 35 14 2 0 22 23 49 12 46 36 5 8 
18 5 25 25 12 31 6 4 17 7 20 50 13 25 48 21 46 25 45 48 3 24 15 8 7 26 35 31 33 6 28 6 41 48 25 4 24 30 10 6 23 38 27 11 16 15 40 47 25 28 17 22 41 8 6 44 40 17 18 37 46 26 22 12 29 14 10 15 1 45 48 17 15 39 26 15 48 0 4 42 43 36 38 6 5 
39 6 15 34 43 31 14 7 12 24 11 48 16 16 32 2 5 25 47 30 31 1 8 2 32 41 47 36 25 26 1 8 20 18 23 24 50 26 23 20 32 41 5 42 29 28 50 33 23 41 38 12 42 27 24 39 49 13 2 3 35 28 32 37 23 3 29 49 43 9 2 30 3 27 48 40 46 16 0 24 5 41 15 14 35 
38 40 17 44 44 35 25 38 25 20 36 5 10 19 19 26 50 2 40 14 39 9 9 15 29 34 43 33 39 47 12 21 14 48 50 34 36 35 5 9 34 15 5 33 42 44 31 28 48 48 5 40 25 50 46 29 31 3 15 11 43 42 49 28 9 15 41 12 20 36 40 15 48 32 31 25 4 27 23 0 36 3 16 36 42 
42 23 46 14 3 21 3 34 21 44 16 42 16 28 25 28 3 19 8 12 8 41 43 44 20 21 25 5 30 30 8 27 7 8 36 36 19 28 10 50 33 7 45 4 16 39 9 27 2 46 33 34 8 24 34 2 30 3 44 32 46 49 4 41 37 39 36 9 43 39 9 26 10 9 30 2 47 40 29 32 0 13 49 3 35 
47 24 20 34 24 34 7 17 34 29 4 35 3 4 18 27 3 50 35 13 38 8 25 50 45 33 6 41 25 12 20 48 46 20 45 13 20 3 36 9 33 42 43 31 6 46 50 43 22 2 29 13 15 41 47 40 50 21 40 42 29 16 43 22 10 7 39 33 10 6 7 1 15 27 31 46 16 44 44 50 33 0 13 19 23 
34 7 33 6 23 5 13 50 14 44 30 18 50 21 22 50 7 17 34 17 45 29 48 39 10 2 25 6 27 41 9 16 48 20 39 3 24 33 10 6 43 8 38 21 47 14 47 45 22 45 43 17 30 2 28 5 9 45 46 22 30 7 24 24 36 15 21 31 33 20 27 24 7 29 25 38 41 28 43 47 5 31 0 35 32 
48 43 36 46 42 34 44 29 38 38 26 36 34 15 36 32 43 16 13 3 19 19 10 2 28 41 14 32 3 49 17 50 23 42 26 43 30 25 39 49 27 48 37 20 3 39 4 27 43 11 5 40 18 32 13 29 34 35 19 2 21 12 26 39 21 26 13 43 40 43 3 19 27 15 26 22 33 41 49 39 37 38 39 0 43 
45 28 32 42 29 47 10 45 7 38 29 15 23 48 49 27 27 12 38 1 9 36 13 4 7 42 47 43 36 30 16 33 23 34 44 43 45 22 14 43 33 8 12 40 36 12 49 35 42 22 12 25 50 39 35 9 16 29 35 37 50 18 10 27 23 46 42 39 4 6 33 5 49 45 18 1 25 24 18 45 44 13 1 14 0 
