3
36
10 0 38 25 17 6 12 11 13 44 28 35 33 16 28 44 29 14 37 24 43 17 14 46 44 3 19 6 18 22 32 27 4 24 22 23 22 
33 1 0 33 23 20 45 20 16 12 34 28 12 22 31 49 25 13 28 32 47 43 32 15 38 7 43 41 13 1 31 10 45 6 23 47 13 
5 1 24 0 23 45 31 32 19 41 45 46 42 33 2 42 47 40 27 30 2 36 46 17 27 5 8 15 31 25 34 7 50 35 36 21 13 
5 10 2 13 0 50 46 47 13 47 50 30 49 40 13 5 30 43 45 28 9 34 47 18 38 16 2 45 8 38 47 7 48 32 29 43 30 
25 18 3 41 49 0 5 30 6 28 17 41 12 29 27 7 40 9 12 29 8 42 15 47 48 2 40 25 1 43 33 18 12 21 25 5 26 
43 37 11 30 17 13 0 10 50 11 33 29 11 40 17 39 20 1 35 39 10 21 5 40 9 31 30 13 46 49 30 41 5 23 32 48 22 
2 49 42 30 6 48 38 0 19 12 14 12 27 44 48 11 37 37 46 6 39 48 2 50 38 1 15 1 32 43 25 39 8 20 18 18 2 
43 10 4 24 18 22 48 17 0 19 37 2 1 19 5 18 27 27 9 24 1 50 5 29 42 47 7 26 38 25 4 7 27 30 10 44 28 
42 33 21 27 5 33 19 14 13 0 50 13 38 7 13 32 11 44 18 2 39 31 13 27 12 46 11 43 16 30 25 22 10 11 41 35 44 
38 48 47 18 36 16 29 47 44 39 0 31 12 22 47 34 13 8 5 48 30 6 10 32 44 40 4 35 38 29 3 28 17 28 38 23 47 
22 35 4 16 34 31 18 8 31 31 44 0 34 42 9 2 6 43 6 39 29 16 3 28 32 32 42 18 42 12 14 35 34 24 38 41 24 
2 33 47 26 43 25 14 10 11 1 47 20 0 1 22 24 23 50 45 31 20 7 22 35 43 13 27 46 17 47 11 10 5 19 29 4 11 
9 14 37 42 40 19 22 31 45 49 41 40 40 0 12 34 30 7 21 17 31 48 5 14 16 29 47 13 50 42 43 2 23 18 13 14 37 
9 40 31 39 50 4 48 14 36 6 28 35 27 30 0 48 48 13 24 13 5 50 21 13 43 6 23 39 2 48 19 23 27 49 48 22 17 
41 28 31 45 7 50 31 23 20 29 24 12 45 4 10 0 45 50 9 37 38 27 38 33 28 16 47 17 18 34 1 37 29 9 31 8 35 
43 19 49 1 40 40 24 28 50 28 8 44 9 29 27 40 0 12 34 41 3 46 4 29 11 33 13 40 19 43 45 4 15 46 25 2 31 
11 36 48 38 15 6 29 38 39 24 9 6 24 47 18 25 41 0 5 40 39 40 39 19 28 1 5 35 5 24 44 48 34 27 47 30 26 
36 3 39 41 26 42 22 10 5 35 46 46 28 30 24 42 36 14 0 41 22 18 21 37 10 21 24 15 46 26 25 29 28 18 42 39 38 
17 49 14 49 18 9 24 17 10 40 28 45 20 7 49 14 6 8 9 0 16 17 29 20 2 28 26 35 30 6 18 29 36 41 36 25 38 
50 43 4 9 48 21 1 31 46 20 27 19 27 16 23 10 33 24 22 39 0 29 13 22 43 25 44 11 43 12 43 4 35 32 11 14 13 
4 1 18 46 28 39 6 8 49 17 3 41 45 19 4 18 15 37 9 38 21 0 12 35 4 10 9 20 4 17 43 37 16 2 10 6 33 
6 26 11 40 7 15 44 9 42 21 48 43 40 36 20 46 3 27 43 43 16 15 0 37 20 20 3 42 7 30 37 39 36 13 21 13 39 
27 19 32 6 18 26 13 40 12 28 15 31 23 42 14 26 17 14 17 42 40 41 21 0 5 23 38 29 5 32 12 30 19 24 32 19 35 
45 37 25 40 2 47 9 42 38 12 35 39 24 14 19 50 4 22 50 36 48 28 33 31 0 48 9 9 50 48 46 7 42 23 29 31 31 
39 27 40 44 33 30 17 12 4 41 31 18 43 31 16 2 32 34 37 18 4 45 43 44 38 0 9 44 42 5 43 16 46 34 39 12 27 
32 7 4 19 11 22 28 7 29 42 7 18 31 5 10 40 42 13 27 44 35 47 6 25 36 26 0 8 11 25 35 34 5 19 39 20 26 
31 19 8 33 18 37 15 46 2 26 11 50 34 27 4 22 13 18 43 36 1 29 33 36 14 17 32 0 44 8 3 49 42 35 34 9 24 
6 44 27 48 32 10 23 10 15 9 28 48 32 13 43 2 47 35 26 2 37 22 19 2 5 22 38 50 0 27 20 15 50 18 31 16 19 
42 45 5 41 7 23 22 6 40 34 13 46 11 48 46 1 9 8 38 34 25 26 44 10 22 23 33 45 44 0 29 31 2 47 24 10 2 
30 35 45 14 1 14 13 21 10 43 40 30 24 14 41 11 44 33 44 17 2 46 19 34 40 27 13 11 4 11 0 50 37 39 45 22 24 
13 24 34 12 14 23 1 30 34 4 22 30 38 21 8 15 31 44 50 35 17 11 24 24 1 2 17 49 44 4 42 0 30 43 18 48 20 
49 32 4 30 45 40 1 37 6 33 24 34 3 35 7 45 45 38 8 2 1 11 11 12 6 2 37 31 13 42 38 21 0 23 39 16 49 
40 21 40 28 11 37 19 19 28 34 46 9 48 47 36 6 10 46 20 39 21 42 24 44 4 21 25 14 45 3 11 15 20 0 8 5 25 
48 30 42 14 42 43 34 23 7 28 34 16 7 33 11 28 20 28 28 49 47 47 25 41 13 5 25 26 23 31 40 40 42 12 0 8 31 
5 7 47 29 8 2 38 26 38 9 7 12 43 34 46 42 30 7 28 2 6 1 1 38 19 9 1 26 38 44 25 46 26 31 24 0 13 
31 50 41 46 10 49 4 5 48 13 33 39 36 48 11 36 34 6 25 4 6 10 11 49 1 12 38 44 34 12 37 13 11 33 11 31 0 
16 0 32 43 8 48 46 40 6 27 12 40 41 34 40 12 20 6 20 8 22 39 42 45 48 11 10 21 37 26 21 29 3 38 30 20 2 
14 18 0 6 10 20 5 23 39 22 48 11 45 50 18 7 41 26 40 42 24 37 45 47 39 25 4 31 7 34 38 3 4 20 10 6 39 
15 48 2 0 35 20 7 26 14 49 27 37 9 14 38 28 49 39 46 16 19 22 18 35 17 25 17 5 35 45 8 25 40 12 18 26 28 
38 8 5 31 0 20 33 41 49 17 23 43 47 10 5 16 25 45 38 18 48 13 35 11 4 2 42 19 41 2 48 47 47 12 50 11 31 
42 35 50 39 27 0 37 1 2 24 9 25 40 43 1 45 25 50 29 16 3 48 2 30 29 14 50 47 20 26 47 35 11 45 35 34 11 
38 30 21 26 35 9 0 30 43 17 30 49 2 3 23 47 34 34 9 34 40 6 22 25 28 41 32 27 28 25 15 46 9 17 35 37 21 
9 40 19 40 22 37 12 0 35 1 45 17 3 1 2 27 36 1 44 6 17 5 43 36 3 32 3 19 3 34 41 36 18 36 26 25 45 
41 45 19 19 10 40 27 46 0 15 24 27 23 38 10 8 24 29 21 16 16 4 16 8 20 18 10 1 11 10 49 18 26 27 33 46 7 
26 37 8 16 16 41 39 9 26 0 47 16 25 33 12 40 16 10 10 41 26 38 49 1 50 39 17 36 16 7 2 47 6 15 2 48 43 
14 1 50 14 28 49 44 22 45 27 0 29 48 10 2 16 17 42 21 19 27 37 8 27 50 5 23 2 25 50 10 10 31 14 48 3 10 
11 28 49 39 5 29 6 12 38 39 6 0 5 37 30 14 45 34 22 6 7 25 50 9 5 47 20 23 35 18 48 34 13 50 6 7 15 
22 31 22 8 2 15 13 17 17 48 39 21 0 47 16 48 43 42 47 36 11 19 44 42 36 7 21 45 41 5 44 6 31 23 50 23 3 
50 49 5 10 38 43 39 50 32 2 38 3 50 0 41 22 4 21 46 46 29 39 37 1 31 20 22 12 24 42 8 48 48 43 45 44 44 
42 26 24 27 6 42 5 6 34 43 41 14 22 3 0 10 28 4 45 14 14 48 24 41 16 32 15 8 24 5 41 11 5 48 29 12 46 
22 20 23 48 32 46 48 28 32 48 2 40 48 20 44 0 49 32 31 46 19 36 9 46 41 35 31 2 43 33 36 17 44 41 15 6 35 
22 17 32 2 26 13 34 34 14 18 26 35 47 12 24 17 0 33 44 10 14 25 33 14 1 45 5 46 47 31 9 50 34 15 10 27 15 
50 44 43 23 25 12 28 17 6 17 46 21 12 1 11 48 5 0 43 11 40 4 31 8 21 18 38 3 5 19 43 21 38 36 10 17 40 
2 38 40 13 5 47 46 28 10 26 35 31 49 2 29 22 49 38 0 11 19 37 22 6 37 9 23 48 14 47 9 35 2 34 22 47 18 
4 48 35 7 36 30 12 43 4 23 7 18 14 49 39 48 50 49 3 0 30 32 4 4 33 50 33 31 1 41 33 47 28 6 12 19 2 
4 4 34 7 10 13 34 37 17 31 50 49 20 38 3 36 19 17 36 1 0 45 3 8 4 50 12 3 21 26 30 12 3 30 38 45 46 
15 46 21 20 20 17 16 20 33 33 32 4 31 12 9 40 26 19 7 2 47 0 31 8 49 11 13 12 38 19 48 19 32 43 8 21 23 
46 17 31 28 37 38 21 17 30 49 41 14 21 23 27 12 31 44 49 35 39 23 0 9 8 6 29 1 36 14 1 11 23 42 36 44 10 
39 30 16 9 10 41 19 12 22 48 17 47 21 8 1 50 9 36 35 24 9 23 22 0 8 38 36 4 30 39 18 23 36 30 18 23 2 
29 40 25 48 4 47 36 8 13 5 15 7 50 11 15 6 2 20 2 17 8 8 22 25 0 38 40 24 4 26 32 18 4 35 50 22 19 
12 38 20 12 37 15 46 34 21 47 30 28 4 18 34 10 17 7 44 21 19 1 10 15 23 0 32 32 32 38 12 22 1 40 46 45 14 
1 40 30 44 13 39 4 41 10 47 1 9 48 8 38 29 6 1 1 12 29 6 40 5 33 14 0 46 10 26 30 39 9 24 21 10 27 
27 1 9 30 47 19 5 27 32 24 34 30 24 43 45 39 46 33 36 45 1 25 12 49 43 45 16 0 31 9 42 36 28 49 11 2 6 
43 21 15 10 2 13 23 9 31 17 36 34 35 50 14 41 35 15 27 2 39 11 37 3 4 24 19 40 0 38 7 31 14 41 40 47 25 
19 26 43 38 3 3 19 26 9 33 47 9 29 46 43 35 34 1 17 33 35 13 7 28 44 34 22 24 37 0 23 43 45 4 39 22 10 
22 39 50 37 43 12 44 21 27 11 11 43 15 47 31 41 23 15 41 7 19 16 45 20 32 45 40 37 40 2 0 5 40 24 33 13 45 
1 30 40 23 19 37 1 34 23 29 9 41 42 3 22 40 49 16 42 7 45 31 6 48 23 8 32 26 6 22 19 0 33 34 36 40 44 
25 18 39 33 15 12 47 3 37 49 45 38 31 16 42 9 42 6 1 21 24 43 1 11 5 26 28 2 10 27 7 7 0 13 29 16 32 
28 9 43 33 34 4 11 24 14 44 46 40 30 11 41 29 35 20 20 32 17 28 28 39 34 46 43 11 42 38 26 2 1 0 10 31 33 
14 18 37 21 32 28 48 12 31 38 22 50 36 29 22 44 10 34 16 50 32 5 50 38 11 1 32 26 19 44 40 21 30 9 0 15 18 
33 49 50 39 31 16 8 46 25 44 26 14 16 33 42 17 44 32 2 10 19 50 11 32 46 22 44 38 49 1 20 27 14 5 11 0 11 
35 27 20 16 47 4 13 18 25 19 10 36 2 24 27 49 8 6 49 34 39 18 44 9 23 21 48 25 24 49 50 11 22 32 33 18 0 
12 0 36 13 15 37 44 8 28 12 8 36 26 24 22 20 8 7 28 22 17 34 12 44 27 7 39 44 26 19 50 15 21 41 10 38 22 
44 35 0 48 46 11 16 47 15 35 23 1 2 30 42 5 44 10 17 34 50 43 36 8 48 50 32 9 13 44 15 35 14 35 49 15 22 
31 27 6 0 18 16 29 42 35 38 42 47 28 45 21 12 25 27 38 29 8 27 50 47 30 8 34 22 20 38 38 18 31 28 33 14 34 
11 17 35 14 0 44 24 10 9 35 32 19 23 4 11 38 47 20 7 46 32 31 27 11 32 8 23 48 1 24 16 50 13 8 28 14 11 
3 15 15 3 40 0 39 45 27 16 49 17 27 50 21 12 21 38 33 4 34 6 3 7 22 27 10 35 19 32 7 16 27 47 28 44 5 
43 43 42 43 33 34 0 17 9 7 21 2 4 5 29 25 25 25 30 5 1 9 43 27 31 4 26 45 10 34 40 30 23 27 7 29 45 
41 12 2 22 37 49 16 0 6 9 31 15 3 32 41 2 18 24 44 47 1 16 12 39 7 40 7 25 17 41 30 27 48 1 31 35 14 
29 33 14 11 27 21 22 24 0 12 42 29 44 39 13 49 33 11 28 29 30 23 46 33 31 24 50 15 30 5 18 2 1 7 39 39 42 
31 36 24 45 40 16 46 48 29 0 32 28 29 31 44 37 23 2 6 41 34 50 33 37 28 7 43 19 44 40 28 37 1 24 8 2 25 
5 34 40 8 50 35 3 43 22 37 0 49 11 31 30 49 2 48 6 42 49 50 47 39 47 47 2 9 1 45 28 5 23 42 12 19 19 
16 33 34 16 31 45 6 20 45 9 13 0 11 29 36 3 18 17 4 26 9 45 43 12 48 27 2 48 44 32 27 19 20 11 31 36 15 
23 27 18 5 41 19 3 38 39 48 23 9 0 26 37 7 38 36 11 24 24 21 36 39 30 47 12 39 19 40 44 1 49 1 38 46 41 
37 22 18 26 40 24 9 30 30 40 19 45 20 0 32 34 1 8 12 44 37 38 39 8 30 31 35 49 45 48 24 9 38 42 17 2 15 
44 48 34 48 27 10 1 8 43 44 49 9 11 50 0 42 39 44 10 4 48 14 38 46 5 25 14 32 6 31 31 4 4 30 19 7 10 
28 47 10 28 39 1 37 38 37 41 35 48 33 20 45 0 32 14 4 2 6 2 30 23 13 29 45 27 13 41 46 29 43 43 32 11 47 
50 26 10 14 2 9 19 35 30 35 23 12 37 22 41 26 0 17 2 8 49 25 47 50 44 24 25 47 42 12 42 5 2 10 48 33 38 
45 39 5 44 11 38 33 45 22 16 26 19 5 4 26 42 24 0 12 23 3 27 16 40 27 12 28 23 39 30 22 3 40 40 3 31 29 
47 15 39 37 14 6 22 9 50 29 37 8 16 14 29 48 25 31 0 12 29 49 28 33 33 16 45 15 1 14 36 30 3 23 48 45 10 
24 37 39 22 45 32 28 33 42 16 23 17 44 5 16 10 42 3 31 0 20 32 6 22 20 41 22 46 14 50 35 35 19 19 19 25 39 
42 41 35 18 50 50 42 50 23 49 8 9 21 21 11 21 18 26 28 18 0 15 20 31 23 37 14 34 8 31 4 49 25 31 27 18 2 
19 13 20 33 15 22 47 43 15 37 44 29 24 15 2 43 42 7 24 23 10 0 12 32 37 16 34 20 19 1 33 28 44 3 10 3 5 
7 46 3 44 23 39 9 50 21 6 34 16 2 6 34 25 4 46 42 7 32 34 0 17 31 2 28 42 32 10 1 26 14 13 48 36 46 
5 31 50 22 3 33 17 11 1 5 18 45 50 4 41 8 19 46 23 24 29 22 42 0 45 47 28 40 20 30 20 4 5 21 38 20 23 
46 20 5 50 18 7 31 48 11 48 32 6 11 18 46 18 25 12 18 33 39 5 26 26 0 43 47 31 31 2 13 25 13 34 18 13 49 
41 24 7 23 42 45 35 50 46 34 10 12 24 36 30 9 21 38 34 41 45 29 8 21 26 0 1 47 48 24 20 23 43 6 48 27 1 
6 45 42 45 21 27 30 9 38 19 7 16 33 16 42 46 34 22 5 13 17 36 48 42 48 37 0 26 26 12 17 7 27 10 30 3 26 
47 40 21 19 49 49 34 7 44 31 15 8 28 27 9 35 43 15 35 20 48 1 47 34 1 5 47 0 21 13 30 6 4 13 17 50 45 
1 36 14 18 3 41 48 17 23 19 48 35 8 23 35 46 45 34 29 47 43 37 18 45 3 13 45 14 0 26 11 45 12 28 15 34 8 
2 17 18 8 3 30 12 33 7 13 13 41 46 11 10 30 39 4 3 14 18 19 16 40 46 34 42 12 24 0 36 8 44 39 28 45 29 
17 21 44 13 26 36 38 40 50 5 19 15 2 16 24 24 12 20 40 33 1 28 12 19 39 1 9 21 5 20 0 2 19 17 31 14 18 
11 41 39 33 31 26 40 42 16 27 10 9 13 35 32 20 38 12 28 39 10 25 24 26 27 17 36 31 4 50 49 0 21 2 7 14 22 
31 8 2 26 39 21 4 12 41 1 9 21 38 32 31 5 4 25 9 36 17 14 6 15 41 10 39 16 29 39 7 7 0 21 11 39 31 
11 3 1 40 22 13 35 27 9 16 43 22 20 44 18 28 49 29 5 18 2 38 36 30 33 38 33 3 45 3 50 28 44 0 50 45 2 
25 19 14 4 30 29 6 25 17 17 47 35 21 30 9 43 6 22 29 23 18 22 8 34 30 33 33 7 16 16 29 20 50 17 0 4 30 
15 2 39 24 32 11 13 16 42 48 32 15 44 8 22 22 22 23 34 3 12 30 25 48 47 50 10 2 39 27 36 5 26 30 28 0 5 
34 6 41 7 10 42 43 33 1 18 13 9 44 7 48 27 33 1 18 35 27 41 28 32 2 12 28 15 12 28 40 15 30 18 39 17 0 
