3
35
34 0 23 40 7 34 19 39 37 38 9 48 44 32 2 9 48 43 6 23 24 11 2 37 26 48 37 13 37 9 42 9 41 4 21 5 
20 41 0 17 25 45 31 31 41 10 36 40 11 11 18 25 43 3 27 18 22 33 37 14 9 48 6 2 29 47 1 8 41 12 47 40 
7 27 32 0 28 43 30 11 28 41 9 26 2 20 34 49 7 15 37 49 23 34 28 8 28 39 30 2 45 9 28 50 50 14 28 18 
17 21 49 26 0 43 22 9 23 1 22 4 32 46 49 45 43 4 13 25 6 29 19 5 39 13 28 17 19 13 9 26 39 43 17 32 
36 16 12 6 1 0 25 5 7 6 36 49 7 47 15 35 46 37 40 22 39 49 17 11 13 15 6 41 10 42 46 16 40 30 17 10 
28 43 7 24 32 25 0 12 49 4 15 22 20 4 29 14 40 49 21 28 34 20 5 49 42 46 35 45 15 10 20 10 28 30 6 8 
4 30 17 41 15 37 18 0 7 49 44 37 37 32 29 7 18 19 2 34 40 23 44 16 29 48 30 47 39 34 5 44 40 49 21 11 
10 32 30 13 47 3 49 1 0 48 10 48 14 37 4 3 41 26 47 16 35 10 15 39 44 36 40 29 24 44 1 47 38 11 19 48 
36 39 40 37 38 25 44 18 20 0 50 17 11 36 32 15 18 44 33 37 1 45 44 37 28 7 25 25 7 48 13 11 3 18 6 17 
2 37 10 29 10 16 47 20 45 19 0 30 43 42 29 33 4 5 25 18 3 42 3 12 30 14 50 37 20 7 40 14 43 30 16 14 
32 34 5 27 36 49 25 43 9 28 32 0 34 28 16 10 6 29 1 4 25 50 25 31 16 10 30 27 13 5 5 37 13 27 16 1 
21 1 48 33 5 17 11 4 2 32 17 9 0 5 48 35 36 42 27 41 15 8 3 40 18 6 22 13 38 5 41 19 8 13 15 40 
5 32 19 49 9 40 22 29 34 44 21 23 16 0 21 20 45 37 37 2 44 18 12 31 27 34 5 23 50 11 14 9 47 41 9 30 
5 24 28 32 26 36 25 6 24 36 49 48 17 35 0 47 32 21 12 21 22 44 2 42 16 4 17 23 18 21 35 24 33 8 42 15 
21 10 5 26 8 43 6 7 41 35 8 6 15 15 32 0 38 36 20 37 36 4 33 12 29 9 14 8 36 39 13 17 40 25 21 26 
23 17 36 13 30 39 45 1 32 46 11 9 3 39 47 39 0 14 21 7 12 39 49 26 18 45 36 20 19 29 18 18 32 45 40 10 
22 1 7 8 48 10 32 30 33 49 6 5 48 42 24 4 19 0 19 9 37 24 41 18 19 44 19 26 23 15 29 30 15 14 30 26 
39 7 14 9 3 8 19 44 19 39 32 23 27 5 14 49 13 36 0 3 36 31 33 38 14 29 34 9 16 5 19 42 42 19 17 36 
47 6 10 7 30 6 48 50 31 13 47 50 18 1 30 18 29 11 44 0 45 6 20 1 31 20 49 3 39 1 47 40 5 11 19 17 
44 3 30 23 30 34 34 7 1 33 35 42 16 25 2 14 31 25 22 31 0 28 5 30 37 32 3 9 50 34 23 42 39 50 34 36 
15 50 38 14 12 23 13 50 48 35 8 38 14 49 34 10 30 39 39 40 40 0 23 43 42 28 25 35 23 29 41 46 42 32 40 38 
14 43 11 11 8 15 6 32 3 25 15 45 1 1 14 12 50 11 44 47 42 7 0 47 37 37 39 40 22 7 39 16 7 25 12 20 
17 20 29 32 26 34 41 41 17 13 31 34 23 15 30 47 32 38 43 46 8 46 25 0 24 20 25 34 25 14 10 9 20 40 31 48 
43 22 30 19 13 1 17 31 24 7 5 18 8 28 43 35 19 33 16 13 21 45 5 13 0 1 1 17 27 8 4 11 45 43 17 37 
26 2 20 30 45 41 16 1 18 15 8 27 47 21 26 41 38 24 19 28 48 17 18 19 13 0 35 40 24 21 46 11 26 41 42 18 
33 49 3 22 22 5 45 37 49 43 25 20 7 33 14 24 21 25 40 39 9 35 1 18 10 2 0 43 31 23 4 33 36 6 3 43 
42 35 3 47 23 4 30 20 26 39 16 34 41 8 23 41 2 2 3 10 49 49 36 12 21 13 15 0 15 45 11 39 14 4 40 22 
39 19 28 17 36 29 16 26 30 45 18 2 24 50 13 32 34 3 44 45 44 49 41 26 11 39 16 25 0 15 50 2 30 2 36 34 
22 24 35 18 31 34 23 7 18 3 12 42 16 32 30 6 11 10 46 28 41 28 2 7 47 14 41 11 30 0 43 39 1 38 16 41 
8 49 36 14 12 21 43 24 24 50 48 1 43 36 45 41 21 7 9 44 44 22 29 21 18 43 13 27 26 15 0 12 4 50 42 22 
7 26 47 34 7 48 5 29 8 49 13 49 25 36 2 18 44 30 23 47 37 21 15 46 19 9 16 49 9 39 44 0 2 2 14 38 
16 24 23 2 46 40 43 21 22 5 45 38 41 24 47 18 25 27 45 36 36 11 1 15 49 33 7 21 20 5 12 47 0 12 49 36 
45 22 28 27 8 44 50 44 42 25 21 25 25 12 21 20 25 8 29 2 6 23 8 3 13 33 23 2 17 43 48 27 43 0 39 3 
46 47 50 37 42 36 18 10 41 28 8 33 9 49 36 38 40 33 47 31 22 15 26 14 26 22 49 27 49 27 45 33 37 10 0 26 
23 25 22 38 16 38 14 17 26 6 50 14 3 31 6 9 45 47 8 32 32 22 37 11 20 38 41 11 14 34 26 47 50 24 14 0 
14 0 18 45 31 43 8 48 50 9 27 8 47 46 44 18 1 36 29 28 45 1 39 11 19 29 48 3 4 42 30 4 15 30 18 42 
41 50 0 16 15 24 34 23 28 35 12 41 45 17 46 34 41 18 22 29 14 25 8 27 2 46 5 45 8 30 24 44 18 29 2 28 
1 21 15 0 5 11 29 11 27 7 39 3 37 8 9 39 36 43 1 4 18 34 24 14 20 19 40 15 48 12 19 24 17 16 19 34 
20 4 18 19 0 35 15 31 21 14 44 19 37 50 41 38 1 17 25 35 44 27 7 46 36 21 15 14 16 39 15 37 21 39 26 20 
32 26 32 19 3 0 4 4 50 26 1 4 15 7 24 18 7 42 31 26 7 13 9 32 48 21 1 16 32 50 8 48 48 24 22 6 
26 35 6 32 41 23 0 7 20 36 18 50 7 42 21 8 45 41 14 19 7 24 44 34 49 3 38 22 1 19 3 6 42 36 19 42 
23 37 49 36 34 6 40 0 47 31 22 45 25 11 42 13 8 35 5 15 32 32 1 8 30 3 2 7 1 33 12 9 21 24 30 36 
9 42 29 36 1 35 48 4 0 28 8 13 11 9 7 45 22 37 21 37 11 22 29 20 33 33 50 39 15 19 13 25 2 32 7 5 
17 6 20 15 48 35 48 31 23 0 40 41 48 45 38 41 23 1 38 19 15 30 23 46 3 1 47 34 35 15 34 12 29 3 2 29 
16 17 7 39 27 24 49 47 43 42 0 3 45 27 28 41 24 15 14 42 25 45 11 18 14 2 1 13 17 40 29 12 45 43 10 26 
7 45 49 43 41 32 26 4 11 49 2 0 7 8 24 10 48 16 11 27 35 6 49 43 38 26 12 33 8 15 31 9 2 18 3 35 
30 16 22 2 44 20 7 7 16 50 45 6 0 43 30 31 47 34 16 25 21 8 2 11 17 29 49 18 40 31 40 1 40 5 40 30 
32 45 10 34 16 49 43 27 38 32 7 41 28 0 34 34 25 36 43 32 27 28 6 5 24 45 2 18 26 26 50 5 1 3 1 50 
3 25 33 10 22 16 26 24 36 22 9 40 6 47 0 16 15 48 24 13 2 27 40 36 39 14 32 17 1 39 28 7 38 28 34 32 
1 4 34 10 12 3 33 20 2 36 13 12 30 11 35 0 7 28 40 49 24 13 39 44 46 41 49 25 35 9 16 21 12 23 15 16 
12 15 14 2 50 45 21 35 4 2 20 38 41 5 21 30 0 49 30 11 20 12 11 38 20 13 29 48 12 36 16 1 40 15 46 24 
43 14 39 50 29 43 5 41 45 22 12 34 31 39 37 23 33 0 12 46 4 2 27 44 39 21 47 9 49 38 1 31 24 46 32 28 
16 11 31 32 27 8 20 44 49 2 45 18 23 50 43 19 28 19 0 42 22 16 20 50 29 33 34 6 3 44 41 39 39 49 11 21 
13 3 30 20 47 32 34 46 38 26 30 36 49 46 33 3 5 5 10 0 12 46 11 2 50 43 2 18 50 8 13 7 19 13 30 31 
17 49 50 45 41 33 24 13 3 4 48 7 7 11 39 34 35 40 50 25 0 2 1 31 27 46 14 34 39 25 20 11 24 20 16 17 
5 6 10 19 29 22 49 49 46 45 45 11 40 19 29 23 30 13 5 29 16 0 18 23 50 27 49 35 38 34 44 25 38 42 45 35 
29 25 21 21 3 4 2 35 32 1 4 45 21 46 48 31 12 15 37 1 37 34 0 10 43 31 37 11 16 3 21 7 19 45 34 1 
48 9 42 3 25 14 33 41 50 24 5 15 43 37 13 13 24 6 44 48 45 16 29 0 41 16 44 36 32 12 44 35 50 37 45 50 
22 20 13 12 37 4 43 11 19 26 23 18 30 41 8 34 14 2 36 7 33 31 2 37 0 32 28 1 29 6 40 5 28 48 37 41 
44 11 44 7 44 2 6 11 15 44 26 7 42 4 10 21 48 2 39 18 42 19 27 30 9 0 4 14 5 29 21 46 21 43 50 15 
23 20 46 43 5 28 21 37 44 7 22 10 26 47 19 7 27 9 20 50 25 35 15 48 41 38 0 1 32 44 48 6 14 42 40 37 
2 3 10 35 40 22 32 34 24 38 44 39 9 10 15 20 12 24 1 40 39 6 48 2 17 27 39 0 43 46 2 9 18 37 10 18 
5 18 25 30 28 44 2 41 11 48 50 43 22 30 29 44 41 41 50 49 47 5 8 18 14 33 40 38 0 23 29 26 3 49 43 10 
2 37 44 23 47 38 15 38 5 18 34 17 13 17 8 19 27 37 12 21 50 10 7 16 45 4 14 18 32 0 22 47 44 29 20 27 
7 47 18 4 12 32 18 4 1 31 17 27 21 16 11 50 16 38 23 11 43 31 28 29 43 24 48 7 34 21 0 40 38 44 41 1 
22 9 34 50 40 33 7 6 36 29 28 43 3 21 23 31 7 7 10 35 27 19 40 11 38 35 11 21 31 41 29 0 34 31 15 40 
41 33 39 33 29 37 25 43 50 16 31 45 37 12 40 34 32 34 7 25 3 20 23 12 6 22 36 26 45 1 45 13 0 38 32 32 
49 19 25 32 48 2 27 40 46 8 40 25 10 42 8 48 50 25 41 37 22 10 27 28 7 1 50 48 50 21 19 7 6 0 30 42 
16 7 3 9 23 26 30 28 5 17 48 27 34 38 3 45 38 48 45 11 39 42 47 25 48 3 30 41 25 39 33 19 30 1 0 43 
41 47 17 19 11 43 33 22 12 9 24 16 11 47 26 31 10 11 19 3 24 10 28 12 20 47 39 3 16 34 30 47 34 45 13 0 
48 0 22 30 34 19 7 21 36 17 24 37 20 44 49 9 23 8 12 48 20 31 20 5 49 15 4 30 6 28 30 28 33 16 35 29 
10 31 0 27 1 47 3 25 12 38 34 27 46 5 8 12 22 36 36 26 32 29 17 31 20 15 27 15 9 37 47 5 4 9 21 49 
43 31 11 0 2 17 7 8 18 16 38 8 26 49 17 9 42 47 41 4 50 43 50 8 36 20 39 16 26 42 29 23 37 34 9 19 
41 26 35 9 0 26 21 50 16 33 8 2 17 43 29 5 9 14 6 21 7 44 24 25 32 29 41 33 26 37 15 21 42 40 48 19 
17 12 32 28 29 0 44 34 26 29 19 23 24 47 37 21 10 32 13 3 26 17 1 4 31 35 39 24 29 18 37 11 27 45 11 39 
47 33 28 43 14 10 0 49 47 14 7 17 36 40 17 6 40 29 38 22 2 16 8 2 43 41 20 6 8 43 8 46 30 37 48 24 
28 5 21 40 17 19 4 0 41 25 19 4 34 13 13 47 33 39 23 9 24 40 31 35 3 44 4 41 5 6 11 38 49 43 43 28 
36 8 49 6 34 13 18 27 0 25 38 36 43 45 46 25 7 7 29 25 35 47 20 19 46 13 28 50 35 14 31 5 42 20 35 12 
25 41 18 26 12 22 4 10 16 0 8 11 47 9 31 4 32 21 18 9 32 16 40 3 43 6 13 33 13 44 33 44 24 11 35 1 
17 39 3 14 13 43 10 3 39 2 0 32 41 4 11 50 34 25 12 4 46 36 38 25 20 49 40 41 17 33 14 38 36 25 31 38 
43 19 5 47 39 6 37 15 41 25 22 0 29 3 44 49 20 12 7 39 15 29 14 33 15 24 2 44 21 25 14 46 17 24 24 8 
16 21 16 15 41 49 24 34 46 27 11 39 0 23 35 44 27 30 36 17 9 29 36 40 23 38 13 17 40 27 30 6 6 29 37 33 
50 47 43 49 16 6 30 37 39 13 14 21 36 0 31 38 17 31 7 16 29 31 31 43 28 28 33 34 8 17 22 5 10 36 2 45 
30 37 38 1 4 49 49 2 11 25 42 31 10 39 0 13 25 49 14 9 3 19 4 16 21 34 22 23 21 17 9 4 36 35 37 9 
30 44 7 12 30 32 30 33 3 37 2 25 19 4 48 0 6 46 28 49 26 26 22 17 18 32 27 29 35 2 21 7 47 23 31 34 
32 43 2 30 22 40 22 13 35 32 48 5 18 20 4 8 0 9 36 11 33 9 27 40 31 4 4 46 31 33 30 6 2 38 21 17 
13 44 48 28 37 5 9 33 36 35 22 12 16 49 14 49 11 0 13 48 25 5 4 22 26 18 45 41 31 5 26 46 18 47 3 41 
14 11 9 25 29 50 45 4 47 33 43 30 33 19 32 46 40 40 0 47 12 10 23 23 10 42 14 29 28 11 39 5 15 13 9 50 
39 3 38 19 25 11 50 26 44 26 15 9 12 24 31 7 28 1 42 0 31 42 39 49 34 16 22 18 44 8 28 28 18 24 20 44 
43 3 22 22 2 11 47 29 35 28 5 18 4 30 33 28 15 22 29 9 0 1 5 5 4 4 44 7 19 17 48 47 35 42 31 38 
4 6 29 40 21 45 10 14 6 11 4 14 14 25 1 14 47 46 12 43 39 0 49 18 18 9 4 29 13 37 31 21 26 24 43 29 
22 36 32 8 14 41 41 49 43 50 30 44 44 16 35 1 39 31 38 49 6 39 0 12 32 17 17 48 28 26 41 29 41 21 47 30 
28 15 39 49 3 48 50 26 18 29 10 36 47 2 31 33 45 36 44 24 34 25 1 0 41 48 44 14 24 3 22 40 23 48 37 7 
36 1 33 36 2 6 14 44 3 8 31 2 26 46 8 34 5 28 23 46 4 15 48 2 0 10 35 27 23 47 40 38 39 10 45 45 
32 13 1 43 18 21 32 48 34 17 43 39 29 45 39 35 46 25 41 4 21 3 32 27 17 0 30 41 47 14 20 43 42 31 1 27 
21 5 35 6 26 23 18 14 35 18 46 49 28 9 5 42 15 19 42 25 30 32 25 26 39 30 0 35 34 14 24 1 8 28 19 18 
30 11 20 16 31 3 39 47 9 22 31 13 39 10 29 29 23 39 27 47 40 31 10 17 47 39 35 0 1 12 17 38 21 10 42 25 
31 45 4 11 22 41 36 16 5 8 17 47 24 36 46 29 19 2 22 29 50 2 3 19 43 19 39 36 0 43 34 10 4 48 35 48 
34 19 29 5 7 5 16 5 9 31 42 11 15 16 39 19 20 38 14 26 30 43 35 18 3 2 50 24 21 0 49 13 50 40 39 12 
10 41 47 16 25 34 47 44 39 2 8 25 20 5 15 41 17 35 9 19 42 35 11 2 5 5 43 34 11 18 0 43 21 27 5 30 
29 23 22 39 43 33 49 47 17 46 28 31 19 7 9 46 16 31 20 21 26 30 45 12 20 42 14 34 22 9 37 0 48 16 26 37 
18 46 46 17 37 43 38 45 7 27 24 24 28 3 22 28 41 7 34 4 49 28 11 20 1 20 15 25 8 9 31 16 0 44 21 41 
1 21 15 34 28 38 36 39 35 47 19 36 32 50 32 47 41 32 22 38 40 35 26 16 17 28 13 37 49 47 9 30 8 0 12 21 
8 26 24 6 17 14 40 27 23 33 34 34 26 27 12 40 35 23 33 2 17 45 49 17 1 25 49 40 38 39 39 29 21 30 0 24 
21 18 26 5 25 50 9 4 34 34 45 38 10 38 7 25 7 25 10 5 14 28 7 6 43 15 1 39 35 44 6 13 46 3 41 0 
