3
13
9 0 1 21 22 37 7 46 36 2 4 38 35 26 
30 39 0 11 30 24 43 48 14 32 1 42 40 29 
17 6 5 0 6 3 1 12 43 21 22 30 17 36 
20 37 26 12 0 36 6 21 37 44 10 29 16 7 
28 44 2 28 50 0 30 32 8 41 40 31 47 2 
37 24 33 9 18 31 0 14 38 23 11 39 21 16 
37 19 43 24 46 26 41 0 46 24 19 41 44 23 
1 35 28 30 47 45 16 34 0 19 48 5 35 43 
49 2 19 5 33 13 8 34 43 0 13 16 17 45 
6 6 6 13 6 42 16 45 30 29 0 11 43 15 
45 5 32 18 22 39 39 4 28 39 28 0 20 36 
29 36 40 9 23 13 14 3 39 10 29 6 0 42 
13 20 49 19 24 9 13 19 18 3 2 25 41 0 
28 0 29 41 29 18 29 44 20 14 30 6 22 7 
48 30 0 12 7 46 4 13 31 26 20 6 9 16 
20 7 18 0 11 34 38 34 32 35 36 12 11 42 
1 13 22 50 0 41 43 48 17 11 33 7 12 8 
49 13 11 2 10 0 36 20 3 9 37 3 3 47 
18 38 26 14 45 1 0 46 4 3 50 9 27 29 
13 12 49 9 24 12 49 0 26 40 22 21 34 26 
26 41 40 42 26 20 47 44 0 26 10 42 48 39 
7 16 4 46 13 2 26 31 24 0 9 5 1 13 
42 4 21 28 17 5 30 19 25 6 0 14 11 24 
40 31 36 37 3 7 12 36 6 33 22 0 45 9 
20 9 46 2 33 36 42 14 28 43 23 48 0 44 
38 18 21 32 11 41 35 40 12 46 45 37 7 0 
48 0 40 28 37 22 50 34 8 36 22 23 23 23 
29 20 0 11 12 38 13 40 9 20 44 15 24 22 
32 10 20 0 8 14 1 16 27 39 3 37 42 22 
24 14 36 2 0 46 49 9 39 12 15 29 1 8 
33 48 48 28 46 0 14 13 50 18 25 39 28 9 
22 8 47 41 18 25 0 20 17 39 26 24 18 49 
16 16 34 21 45 41 7 0 6 19 18 30 11 8 
23 30 23 7 40 47 25 37 0 27 1 42 22 48 
5 31 42 45 23 24 10 47 48 0 47 16 48 30 
49 21 4 4 41 18 30 11 2 41 0 45 32 36 
27 44 12 39 15 42 49 47 36 27 15 0 24 46 
6 1 11 26 33 7 10 10 49 4 34 24 0 11 
25 42 38 4 40 48 13 37 48 17 36 9 32 0 
