3
75
35 0 19 39 35 29 22 22 38 9 44 31 24 23 16 34 12 35 14 2 1 15 20 38 50 32 31 45 25 35 18 20 33 43 43 49 2 19 46 26 41 38 45 12 48 44 46 7 6 46 4 20 8 31 13 43 15 32 40 3 49 27 47 4 42 25 49 31 30 17 33 44 39 39 11 13 
20 8 0 40 6 37 24 40 30 32 49 13 3 31 50 34 20 29 43 28 14 42 42 21 24 46 15 27 39 13 10 31 19 20 50 23 8 43 35 17 25 38 18 22 44 13 46 1 30 34 14 15 46 11 48 22 29 38 16 10 22 48 1 17 22 18 44 34 31 27 27 28 45 27 3 26 
25 20 28 0 12 1 15 47 6 50 46 35 9 23 29 45 21 27 26 46 27 38 1 1 26 19 13 20 3 8 36 21 20 8 22 47 9 10 5 10 7 1 46 18 27 33 36 12 3 33 7 2 20 31 26 39 24 20 2 43 38 46 44 48 14 25 16 1 1 32 36 11 22 16 39 27 
42 34 25 43 0 34 2 17 21 2 35 2 39 33 33 24 40 9 12 22 12 8 48 4 2 18 36 11 21 47 46 30 4 43 50 47 41 45 9 10 37 29 24 47 29 24 27 18 19 9 47 3 11 45 28 19 45 30 24 26 48 41 47 24 6 6 48 47 33 36 33 45 50 3 36 34 
35 1 25 28 42 0 18 42 13 1 44 20 10 15 31 3 11 22 34 12 46 33 50 42 24 26 30 36 34 26 2 4 8 9 45 35 44 6 46 35 31 50 34 24 13 37 39 32 2 33 23 23 16 41 40 1 36 10 2 2 12 32 9 37 49 40 12 1 21 47 9 6 27 50 31 47 
49 26 29 37 38 48 0 35 1 4 30 38 18 19 44 50 35 4 44 23 50 41 47 26 23 26 38 12 5 25 18 47 17 10 44 3 10 31 15 15 14 48 9 34 20 3 44 32 27 47 25 2 33 27 32 6 3 1 7 12 50 37 30 27 36 34 22 8 26 42 40 4 39 30 9 3 
33 13 6 21 32 6 35 0 9 1 16 14 40 29 38 50 10 25 4 15 28 18 33 48 37 32 37 7 36 8 21 13 4 18 30 24 40 45 36 30 44 2 22 26 21 20 32 30 38 42 30 29 36 15 32 35 1 16 20 39 46 50 50 1 30 4 11 22 49 15 11 16 39 25 21 26 
47 7 28 17 50 8 20 44 0 28 42 28 39 37 46 24 25 25 48 35 45 3 21 47 17 10 11 31 23 31 15 41 12 44 6 39 44 38 4 40 38 31 6 24 39 27 22 36 4 42 37 42 42 41 27 24 26 10 11 7 39 27 47 13 13 2 17 45 31 8 30 37 21 8 47 15 
47 47 9 41 38 26 28 32 45 0 24 49 22 18 32 13 34 27 47 1 12 34 43 11 37 10 27 5 47 12 1 21 35 44 13 28 29 2 21 19 14 50 15 19 40 3 46 28 49 45 46 11 25 7 36 31 4 36 22 31 11 22 32 21 45 3 15 28 5 5 34 33 7 28 38 12 
20 25 22 34 15 50 6 2 17 40 0 46 28 9 33 25 43 31 40 9 42 19 45 25 37 39 18 23 45 12 14 4 47 19 24 11 30 15 38 17 12 16 30 5 5 7 38 19 23 30 41 2 17 20 47 43 26 50 35 46 47 27 11 40 3 36 50 9 36 22 45 29 43 24 47 26 
40 41 21 30 2 50 1 15 21 12 38 0 28 23 32 36 30 31 43 20 35 6 40 2 19 8 29 34 2 35 13 10 44 23 21 4 36 30 5 45 48 27 46 20 41 49 22 37 4 36 16 49 1 4 12 21 50 39 3 22 23 17 49 31 9 3 44 5 3 28 1 1 26 49 23 9 
10 21 12 20 37 43 30 16 20 15 10 41 0 11 50 5 47 27 34 22 31 28 16 11 38 6 18 34 27 35 15 23 2 31 4 12 29 28 33 36 31 37 33 11 44 44 3 44 3 24 4 24 43 28 42 31 44 10 24 14 19 9 4 31 6 42 8 10 8 39 26 20 45 48 41 45 
46 6 17 45 4 24 32 4 31 41 31 25 40 0 24 18 19 5 20 18 23 34 3 5 3 37 44 37 15 48 35 30 46 37 48 36 39 44 29 11 45 28 1 50 15 12 33 21 34 22 7 16 26 31 19 11 44 1 15 8 11 38 17 6 47 12 36 39 42 39 29 26 26 9 23 46 
34 3 41 42 5 23 4 44 41 20 5 15 18 38 0 43 39 29 22 1 8 11 45 4 4 26 44 29 45 43 32 40 17 8 24 27 41 11 24 4 38 35 24 15 27 7 21 21 5 47 41 48 5 9 16 35 40 49 37 16 11 45 9 2 10 30 39 8 45 11 2 28 6 18 13 23 
38 30 27 47 6 24 25 48 2 34 36 8 43 39 38 0 43 24 9 44 44 26 23 6 48 19 14 27 44 46 13 42 37 47 43 48 10 22 40 11 37 20 12 50 26 44 31 15 6 23 9 5 48 24 20 47 15 25 30 29 42 47 31 2 40 43 49 12 50 42 29 21 34 49 7 24 
15 23 30 4 39 50 21 22 37 9 45 13 27 46 33 35 0 43 12 19 41 40 10 11 34 45 19 15 14 45 39 21 50 18 47 32 43 45 26 41 43 26 10 16 31 48 37 35 5 10 44 28 23 30 17 34 6 13 47 10 20 35 8 27 49 39 46 46 31 14 41 41 18 22 26 15 
31 45 30 37 9 35 11 5 1 12 48 20 2 13 27 30 49 0 17 21 9 19 33 17 43 2 41 5 41 20 4 10 2 4 3 4 12 33 11 1 36 24 3 26 38 41 27 45 19 38 11 42 2 1 18 46 48 28 38 35 19 30 21 36 48 2 47 16 49 10 15 47 39 16 36 35 
17 7 29 3 26 47 37 3 9 13 8 1 37 8 6 35 46 26 0 33 6 4 18 29 37 44 11 46 10 24 15 3 36 16 34 30 41 49 36 9 22 44 18 28 36 44 46 30 42 4 31 1 13 34 30 31 49 29 43 9 16 1 28 30 44 10 23 36 3 28 16 36 11 17 11 12 
36 41 44 43 48 31 4 6 44 14 40 2 36 3 31 13 6 27 44 0 22 17 39 34 27 22 11 27 14 38 45 41 46 24 18 45 9 35 1 11 35 47 22 36 31 20 21 1 50 48 3 31 34 24 40 46 47 7 18 22 38 5 41 19 49 24 44 29 18 8 22 28 6 17 9 25 
46 3 4 7 2 11 27 17 35 15 7 23 35 23 48 3 18 30 24 31 0 7 4 38 8 26 43 33 42 26 26 26 17 16 15 50 45 4 11 21 28 28 24 34 35 17 22 44 45 11 20 10 26 44 29 18 43 16 47 32 9 28 36 42 10 40 41 8 20 23 4 50 7 10 46 4 
34 20 3 41 4 49 38 32 6 16 50 24 37 48 8 29 7 30 12 50 43 0 33 24 46 27 15 24 23 7 21 4 17 48 26 35 23 13 6 28 11 40 4 36 45 40 17 21 23 16 26 43 28 49 47 12 2 47 8 15 40 26 16 26 35 13 34 26 12 14 35 16 2 2 2 10 
39 47 30 6 10 45 2 7 32 29 26 18 2 15 34 27 6 41 39 35 25 28 0 1 32 7 41 9 10 31 10 41 27 48 37 23 5 17 2 6 45 25 10 45 7 38 16 25 48 30 9 11 12 13 17 36 12 46 48 50 19 36 42 27 22 38 49 21 15 42 29 10 4 35 44 11 
16 34 45 45 42 16 12 30 22 49 30 15 32 1 12 10 20 3 37 10 33 33 23 0 20 39 45 11 6 2 50 8 27 19 6 21 28 2 4 9 3 24 12 5 24 8 35 40 14 31 20 41 1 49 35 29 33 11 26 6 47 6 6 29 23 42 4 46 26 31 34 8 16 45 34 36 
21 29 49 12 5 6 47 25 32 10 7 28 35 27 39 17 27 48 12 48 19 34 32 33 0 4 39 14 34 48 12 25 7 15 49 8 4 13 14 2 42 10 31 47 14 35 27 12 50 42 17 32 19 34 37 18 37 47 17 8 16 42 14 28 21 36 1 14 36 20 35 5 13 46 20 38 
38 38 19 48 28 28 15 42 32 31 6 23 29 32 21 8 46 6 37 1 47 4 27 28 35 0 14 26 30 8 12 19 24 14 49 31 50 28 20 30 39 28 22 47 40 30 28 36 5 49 28 10 7 10 20 42 34 12 42 13 15 2 35 35 20 12 33 10 30 2 22 30 26 27 48 24 
25 8 37 49 8 28 21 32 30 3 13 14 44 8 47 39 37 7 16 37 43 38 27 29 48 18 0 6 4 28 49 34 31 12 47 18 27 25 43 6 37 31 3 5 18 50 19 17 23 5 33 43 19 12 12 31 38 31 8 2 40 23 18 5 32 19 32 3 47 40 21 14 44 2 29 6 
40 33 10 30 29 2 34 49 45 6 15 20 1 17 31 46 18 42 16 15 14 49 24 49 18 17 20 0 33 35 20 49 18 33 6 41 5 21 28 23 39 39 19 11 26 4 12 3 31 10 25 46 3 36 14 43 42 9 11 13 13 32 2 15 25 7 48 37 45 26 26 25 40 19 28 27 
46 38 48 46 6 15 40 23 11 24 47 32 20 13 50 47 11 16 11 8 37 5 36 20 7 26 8 5 0 35 50 7 35 9 37 47 4 11 16 7 49 42 30 4 2 11 16 18 32 27 29 15 24 8 20 41 42 3 29 40 31 7 35 38 11 18 13 24 33 16 46 36 45 10 13 16 
7 1 35 9 42 8 26 29 7 35 33 27 39 47 6 2 32 27 26 42 7 43 43 35 49 42 36 17 31 0 43 20 15 46 5 34 42 18 21 49 23 32 7 32 27 35 37 35 36 11 45 5 19 34 22 10 15 8 1 11 50 23 10 48 14 16 19 31 35 14 15 34 12 28 3 10 
50 11 17 50 13 8 50 6 37 39 1 31 25 46 19 34 18 10 50 1 23 10 19 11 17 6 50 22 46 11 0 43 42 31 12 10 5 41 1 49 42 23 4 11 25 15 38 7 40 46 31 16 3 29 3 38 41 43 7 34 7 8 28 11 27 47 10 1 14 36 15 44 17 11 8 28 
19 49 45 46 29 49 11 27 15 45 41 13 29 24 19 12 35 18 42 35 46 44 35 28 6 38 44 4 32 38 50 0 42 22 26 19 42 49 11 5 9 48 2 46 32 7 48 23 40 18 3 9 50 20 24 33 26 15 17 41 42 6 7 45 27 46 49 42 3 5 27 14 25 13 34 37 
44 49 4 21 9 16 5 37 29 30 1 23 49 43 44 28 32 20 14 4 41 7 19 36 9 7 20 35 41 40 35 37 0 36 37 39 28 12 46 33 26 1 21 17 48 46 26 43 11 11 49 33 5 50 31 46 37 30 18 13 2 46 20 46 40 45 14 37 12 4 17 17 36 37 38 3 
21 41 21 40 33 14 10 24 43 8 30 37 6 41 3 48 44 33 31 31 32 26 27 4 32 39 32 7 45 33 47 18 12 0 29 26 46 10 28 31 39 37 46 4 33 15 28 32 21 2 20 24 3 6 8 21 46 15 18 8 44 32 3 30 10 11 12 25 28 16 7 38 16 3 43 44 
37 22 45 39 5 8 11 6 25 10 44 13 5 8 30 32 43 21 38 7 35 16 44 22 3 3 5 6 45 32 8 1 14 15 0 35 24 20 29 4 37 22 48 5 1 18 50 21 20 37 26 46 46 16 36 10 21 29 23 36 3 3 6 11 43 2 44 49 40 24 6 12 14 17 2 35 
37 12 43 5 3 32 36 20 20 37 13 36 28 6 14 46 48 44 1 34 17 37 13 50 24 2 31 47 31 14 33 29 14 1 23 0 10 36 18 33 22 18 36 42 7 39 8 21 35 10 11 14 21 17 18 19 50 49 44 31 2 1 40 39 6 5 34 22 27 33 5 10 31 11 30 17 
31 46 6 11 17 31 46 37 21 50 12 13 47 33 24 11 43 37 32 21 29 48 36 3 5 37 44 3 5 1 34 11 38 1 38 4 0 44 33 15 21 5 3 19 7 43 22 26 45 10 45 18 44 29 9 39 34 11 4 6 31 37 44 32 20 17 2 26 46 45 20 17 11 22 12 16 
26 29 30 11 34 12 50 44 11 34 40 32 29 13 5 44 41 27 35 34 12 21 49 41 41 47 30 1 40 28 7 23 18 43 13 5 31 0 43 23 20 38 1 22 37 27 20 47 34 41 26 27 35 38 28 5 5 30 40 20 37 32 50 4 34 27 18 15 36 50 50 14 48 4 16 47 
11 50 13 14 21 50 47 11 15 1 23 36 41 38 9 25 42 23 37 38 39 47 39 11 9 6 12 34 41 13 30 31 22 31 45 6 18 26 0 49 37 36 39 40 33 4 33 25 48 42 25 22 25 18 28 8 14 11 2 5 16 39 13 20 2 22 43 14 10 44 3 8 16 24 50 3 
50 8 6 7 27 31 14 43 17 41 5 14 45 23 31 45 16 21 34 49 23 20 38 11 12 20 16 5 39 18 6 1 18 26 9 7 5 46 29 0 36 25 21 4 11 18 29 20 37 14 8 42 46 41 2 30 30 21 46 45 8 16 10 4 49 36 4 47 19 15 25 40 21 43 48 24 
3 17 27 44 34 1 29 41 31 27 11 10 16 47 29 37 10 2 21 20 16 17 5 26 14 32 1 22 39 18 21 3 43 29 27 14 44 2 12 8 0 37 19 23 23 25 44 32 22 37 39 31 20 22 29 8 37 13 1 30 2 50 7 3 14 6 9 18 37 21 16 43 8 40 14 33 
47 44 32 2 20 1 30 36 1 38 2 31 15 21 41 2 43 22 11 9 30 17 10 18 17 27 45 2 22 46 23 30 9 46 12 43 31 50 11 1 21 0 22 2 26 4 28 3 17 31 14 1 36 30 6 3 30 35 15 36 44 7 28 15 5 15 23 22 20 10 48 21 44 12 10 39 
9 15 35 14 39 25 29 22 8 46 37 50 4 43 32 9 17 15 17 44 43 7 48 11 31 6 34 8 33 44 7 24 21 17 45 16 1 1 47 20 29 7 0 8 9 28 24 19 27 28 40 5 30 46 16 46 2 18 24 34 33 41 22 40 14 39 14 30 37 49 17 8 16 18 48 16 
37 50 39 34 8 38 7 30 43 40 28 29 5 22 43 48 28 18 15 29 8 17 44 21 15 45 32 29 11 32 39 12 48 1 10 2 29 41 26 45 35 42 47 0 25 11 35 25 16 6 19 31 48 3 20 9 20 7 19 19 13 7 29 19 11 1 17 32 4 13 41 19 37 42 20 45 
16 21 19 10 31 20 16 23 42 2 42 9 29 43 40 46 11 22 14 39 6 23 37 25 45 4 22 4 15 1 44 6 34 25 43 50 38 9 39 44 41 6 27 10 0 9 8 4 12 23 46 9 16 29 31 39 43 34 45 15 28 49 13 9 42 8 36 26 4 1 40 8 2 34 20 48 
1 47 27 16 38 50 10 31 19 42 29 27 3 37 50 16 44 45 12 45 28 47 35 3 24 33 1 12 33 39 7 33 9 34 38 47 8 29 28 28 39 33 40 50 29 0 9 23 17 1 25 14 8 22 26 20 4 12 24 43 6 50 49 48 31 36 47 18 20 49 3 9 16 17 35 6 
46 8 35 24 15 10 34 11 9 25 50 11 34 14 35 36 34 37 23 28 41 35 10 15 33 41 4 18 48 17 49 41 38 21 24 47 27 1 28 46 16 38 39 6 37 37 0 35 7 15 17 25 29 45 7 16 12 49 21 42 24 7 17 13 43 26 9 23 14 40 38 10 34 9 27 13 
3 46 4 29 47 7 48 4 31 42 21 47 32 5 13 49 6 10 5 40 50 25 47 30 29 14 22 17 28 8 42 21 18 44 13 17 45 43 45 18 10 14 33 2 6 12 41 0 9 28 40 4 25 5 38 13 28 50 24 50 33 35 31 26 24 1 50 29 38 43 47 4 14 15 37 31 
37 43 45 25 17 23 13 40 39 4 17 17 31 32 35 17 22 43 12 33 29 38 9 1 7 33 3 16 31 36 41 11 18 8 27 36 5 50 34 10 22 41 38 20 34 34 49 7 0 8 30 33 21 3 5 2 50 35 45 18 34 21 48 9 3 14 7 49 23 5 50 13 22 10 3 11 
38 50 40 18 23 34 46 8 2 3 20 8 13 7 28 2 11 32 50 40 25 33 35 7 27 35 27 3 9 17 11 12 1 44 14 50 46 27 46 50 25 40 8 1 44 49 37 17 28 0 49 3 41 10 13 36 6 16 33 41 39 8 44 50 35 43 8 8 20 43 29 7 34 37 50 16 
36 26 35 14 29 49 10 25 11 15 20 3 38 8 8 34 13 37 8 43 31 40 23 8 36 42 17 24 50 43 19 5 10 48 50 31 31 20 13 40 48 19 40 21 23 6 20 12 35 45 0 44 48 29 8 35 47 4 27 28 37 32 37 26 18 46 16 43 41 9 28 3 44 25 18 45 
12 1 2 36 31 22 6 39 5 49 22 26 3 13 4 28 4 42 26 8 12 43 22 26 7 13 30 4 8 42 1 24 11 13 23 46 2 42 48 16 27 48 22 20 24 40 41 29 5 1 49 0 2 49 11 34 20 30 27 29 18 43 3 32 14 49 49 15 40 40 9 26 13 45 11 32 
15 22 3 2 17 23 2 49 7 43 50 25 1 30 4 17 25 14 31 23 24 17 8 21 25 26 1 39 47 25 37 7 38 29 19 48 28 26 12 45 42 4 25 21 50 25 14 11 37 42 2 49 0 15 39 8 48 14 32 27 42 23 13 3 33 6 43 37 23 11 7 40 50 3 36 32 
21 42 38 21 1 12 41 2 5 24 39 43 50 21 22 34 46 49 20 23 29 1 43 16 8 38 41 50 31 3 2 47 29 7 38 7 27 11 26 30 32 12 49 9 18 50 38 3 40 23 45 1 33 0 14 3 20 50 23 14 14 21 42 22 3 23 43 15 43 34 15 8 35 23 40 41 
18 3 34 48 8 50 39 10 8 9 1 14 15 5 18 7 5 47 13 10 41 40 46 37 26 36 45 19 25 16 10 28 43 23 36 18 17 25 7 14 32 32 15 45 22 29 50 39 16 9 3 38 11 31 0 1 29 7 48 23 22 6 21 35 42 49 23 21 43 20 1 40 30 41 49 28 
10 25 2 15 47 37 7 4 17 13 23 18 13 23 7 11 20 2 36 9 12 47 23 47 49 9 8 20 16 19 23 48 13 4 42 4 6 33 27 35 50 17 19 30 26 6 9 21 13 40 21 28 5 41 16 0 13 2 6 17 39 30 37 39 48 40 26 6 9 31 4 6 38 26 1 9 
46 28 44 21 44 50 38 7 26 49 45 43 22 39 29 2 50 16 38 6 13 29 22 40 1 1 1 40 10 35 34 3 5 32 21 36 9 36 24 40 42 31 14 49 45 33 34 21 2 2 6 22 39 45 47 17 0 6 5 20 43 50 48 48 41 16 43 39 40 18 44 44 15 43 49 14 
33 16 24 45 19 17 30 38 8 30 12 15 10 36 4 30 4 16 31 40 44 33 23 34 3 45 44 3 9 8 41 29 40 31 14 2 33 11 2 26 20 11 41 12 4 29 29 4 14 15 40 50 13 9 20 50 43 0 40 43 24 23 27 30 50 39 33 25 29 22 3 47 44 15 5 21 
34 43 12 30 24 16 41 40 45 19 42 17 31 11 14 9 44 18 28 3 43 32 41 23 22 4 50 32 11 18 47 36 8 39 37 8 32 11 19 9 33 38 35 32 48 16 45 18 9 45 4 26 37 2 28 3 2 39 0 9 21 16 9 29 27 23 7 10 43 25 7 27 34 50 20 20 
6 47 10 26 6 10 32 24 17 14 21 49 6 11 35 7 44 2 49 43 25 9 9 10 41 7 2 44 3 18 21 27 18 33 23 6 43 13 3 11 34 35 13 14 2 8 5 33 40 50 33 32 1 27 46 47 39 50 35 0 50 8 39 22 49 43 44 31 24 39 29 14 32 50 38 10 
41 47 45 8 34 3 20 4 3 35 40 26 42 37 26 18 43 28 4 3 46 14 15 21 8 27 31 45 12 37 2 33 13 17 6 1 44 43 2 48 39 35 20 14 4 19 40 37 13 12 21 4 46 36 15 28 33 25 50 7 0 22 26 43 16 34 8 13 25 32 25 24 1 26 7 15 
11 44 1 18 40 38 44 32 50 16 48 37 28 3 29 19 20 43 45 26 13 43 4 31 47 6 16 6 38 38 20 28 40 21 4 34 32 7 11 20 28 44 43 50 36 21 35 22 4 7 5 9 32 31 2 19 40 21 22 35 23 0 39 45 13 46 20 47 8 50 45 37 13 33 26 49 
19 50 4 45 26 21 44 2 31 34 12 47 10 19 36 44 12 36 26 48 39 50 31 4 16 25 28 23 10 20 42 27 7 33 33 19 36 27 47 14 29 38 14 29 35 24 38 39 15 1 26 28 7 28 10 20 20 50 30 1 43 22 0 43 12 42 35 41 28 36 17 8 36 40 12 19 
2 37 2 20 43 38 40 8 9 44 15 21 29 23 14 50 37 47 46 22 8 45 2 37 50 33 10 3 48 44 41 39 45 9 9 33 18 31 37 14 4 14 35 18 28 15 13 5 23 17 22 39 44 41 12 7 35 15 20 10 28 37 11 0 15 4 26 26 20 15 32 32 6 11 32 18 
45 11 35 10 36 21 5 31 31 22 3 45 5 48 3 48 3 12 28 37 18 3 20 14 2 39 43 41 41 36 17 28 13 24 18 46 50 6 34 40 23 7 30 43 1 32 22 23 12 34 29 44 34 45 50 42 41 21 8 47 28 15 40 46 0 6 25 32 31 31 7 48 48 28 38 15 
12 24 27 14 21 18 20 29 8 7 23 45 19 24 26 5 30 49 38 12 8 17 34 38 26 1 41 43 6 37 32 16 46 31 39 18 15 8 37 30 9 36 33 40 33 30 14 8 5 2 19 50 41 27 7 45 40 40 38 21 27 27 24 21 25 0 7 50 38 35 9 41 22 12 9 3 
23 35 45 5 46 37 34 39 4 18 33 26 19 24 44 28 26 20 17 3 32 13 12 15 26 31 26 23 47 12 47 38 33 24 35 11 46 35 43 34 44 39 20 4 43 32 32 14 41 31 16 3 45 6 22 10 23 30 29 16 11 12 43 43 21 45 0 43 46 40 34 33 42 28 34 10 
44 43 9 22 45 50 12 32 17 47 45 44 27 3 25 39 16 6 27 23 32 47 28 33 49 39 36 25 8 49 25 26 12 47 29 18 15 8 35 17 49 30 27 47 27 1 17 43 16 46 17 36 1 11 28 47 16 26 24 6 14 38 24 19 22 20 32 0 31 24 8 24 9 21 11 24 
2 21 31 7 48 23 43 9 13 32 39 25 2 19 32 2 40 35 29 4 12 7 9 25 8 20 37 20 9 22 9 15 41 37 26 27 35 19 26 34 21 29 12 37 34 45 31 12 43 6 35 24 43 8 13 46 13 7 50 29 37 24 1 42 24 24 34 15 0 44 5 17 21 10 46 33 
33 45 22 41 13 39 26 27 4 37 35 23 34 24 30 15 28 19 47 48 47 29 21 13 11 11 16 18 38 39 15 14 48 25 31 1 41 16 38 40 12 48 48 5 39 1 1 41 14 41 39 2 14 48 37 4 25 10 31 2 24 8 40 15 23 22 26 10 44 0 30 25 12 32 7 37 
50 32 16 24 10 11 25 5 47 50 13 1 50 38 27 27 31 36 37 17 4 9 33 32 18 26 42 47 35 17 27 20 7 12 38 22 9 36 22 41 49 3 43 15 11 21 26 22 18 3 44 27 46 40 33 42 50 35 7 34 20 28 21 31 23 43 45 39 1 6 0 18 45 14 46 19 
2 16 19 22 47 50 20 30 32 24 1 25 17 30 47 23 25 30 39 22 21 33 13 42 18 27 38 21 13 36 49 14 1 22 32 26 32 14 10 34 50 49 39 7 23 19 28 10 5 33 44 16 26 24 48 19 4 27 4 20 13 50 18 46 26 38 24 45 49 21 42 0 12 20 5 22 
23 45 6 19 50 49 29 17 30 43 33 38 27 24 13 22 5 11 41 22 1 31 43 32 36 45 33 11 34 42 33 46 21 2 26 25 49 8 4 21 34 34 39 4 43 50 48 22 36 50 37 2 30 34 22 43 2 24 34 6 17 18 33 39 11 38 17 25 49 39 23 48 0 7 20 38 
18 43 40 40 36 48 12 26 35 5 32 17 38 31 34 23 25 25 49 5 17 1 50 44 6 34 23 23 48 27 40 45 10 47 4 50 13 35 48 9 5 42 49 34 30 21 30 45 16 16 49 23 9 15 21 17 43 46 34 3 26 40 29 8 16 37 7 41 27 34 11 41 27 0 40 1 
25 3 17 14 35 4 28 8 32 29 17 37 45 26 38 8 17 1 45 34 16 14 42 19 43 15 39 18 33 6 8 47 19 15 47 15 26 32 50 49 48 32 48 29 49 1 12 15 40 26 44 40 33 7 35 12 12 49 22 21 16 11 26 27 21 21 18 31 30 23 32 35 2 46 0 36 
34 17 13 20 43 3 24 28 7 12 19 15 13 31 35 4 28 11 29 34 38 7 21 8 29 33 32 35 18 45 9 39 37 21 2 45 49 29 29 18 43 33 19 15 3 7 6 1 46 20 4 25 23 13 49 28 46 5 42 10 22 39 11 13 4 31 28 42 29 41 5 50 33 12 41 0 
5 0 38 7 6 22 28 32 40 48 41 35 16 24 22 24 50 45 37 19 47 4 22 7 12 23 29 15 22 6 16 4 43 12 22 45 40 39 49 20 33 40 49 14 22 19 15 5 20 6 41 10 14 14 15 38 34 32 46 34 44 13 11 35 33 37 43 5 2 28 35 11 46 17 36 7 
5 9 0 35 43 8 25 45 17 15 6 41 29 47 35 11 8 44 16 27 21 30 14 32 36 27 11 3 43 21 31 14 47 28 9 33 26 48 4 26 19 19 45 21 27 46 14 8 18 18 27 17 31 41 16 28 42 27 49 16 47 22 3 46 35 43 45 2 39 3 36 11 41 40 8 2 
36 44 6 0 40 14 4 36 26 44 14 34 7 12 32 42 49 49 38 30 48 17 49 37 34 2 13 19 16 32 16 27 41 33 15 42 49 22 10 2 44 37 27 2 22 10 39 40 8 11 37 13 3 11 11 36 37 8 22 39 2 35 21 44 29 37 43 25 48 40 44 28 39 36 36 11 
40 47 15 25 0 13 23 12 5 46 3 24 31 22 30 5 41 50 21 1 10 17 34 24 35 17 15 43 18 18 10 24 17 25 1 46 40 43 48 26 29 23 16 48 26 13 13 3 18 35 3 28 19 36 27 45 6 24 31 8 49 31 44 37 37 30 7 6 22 34 15 49 3 45 22 37 
1 36 49 22 5 0 12 25 34 16 32 6 32 49 7 40 17 12 40 27 49 29 30 12 46 6 7 32 35 20 4 26 24 14 40 44 20 25 9 4 38 6 11 21 6 24 26 7 15 44 49 37 14 18 23 8 22 25 3 16 48 30 41 15 13 6 32 19 9 13 20 43 4 36 40 44 
19 9 7 22 31 50 0 17 41 22 17 13 6 41 33 22 46 23 43 6 8 16 47 9 50 43 8 49 2 24 7 34 28 29 30 39 14 19 31 36 49 14 50 43 46 44 27 28 27 42 25 20 12 31 33 28 23 1 7 30 24 2 15 17 16 34 35 28 12 44 9 28 42 8 8 45 
17 4 13 6 17 30 23 0 11 50 37 23 48 46 3 17 13 12 1 13 47 49 34 28 13 10 49 17 33 33 48 29 4 23 39 12 20 38 2 14 44 30 5 18 29 12 38 33 9 28 46 16 41 46 11 46 33 26 50 47 18 14 40 28 3 8 19 25 7 41 48 26 11 38 19 18 
44 17 49 2 22 16 8 6 0 38 32 38 9 13 43 29 44 39 6 46 30 41 27 15 22 43 14 26 18 31 21 6 4 27 43 3 17 27 48 25 2 7 34 41 21 21 10 12 14 13 4 37 5 42 39 28 18 2 28 9 9 41 40 26 17 26 35 33 20 41 12 18 41 32 44 24 
7 36 45 1 34 2 12 6 27 0 34 1 12 38 16 35 16 49 40 16 12 17 8 25 45 36 27 43 24 1 36 46 24 48 16 21 32 8 27 26 8 29 35 50 33 26 23 45 5 6 47 19 2 16 32 8 50 12 50 16 7 10 39 5 42 39 28 15 23 45 4 9 22 14 8 34 
33 9 42 20 14 33 39 18 5 17 0 45 8 16 8 22 21 8 12 19 49 40 30 8 45 48 9 22 10 3 38 48 38 9 49 25 42 20 30 2 25 22 21 50 25 44 20 49 15 24 33 1 10 46 10 44 3 1 48 22 6 11 29 15 17 20 7 50 18 33 30 1 28 11 45 28 
19 31 34 1 29 10 7 36 21 38 38 0 43 50 5 23 42 23 9 47 14 43 7 33 5 38 21 32 33 45 32 23 50 2 32 25 23 17 47 44 46 4 43 45 30 33 15 1 13 11 39 29 20 15 31 35 13 48 30 14 9 29 25 42 39 15 39 41 18 30 1 25 26 16 1 10 
1 12 3 23 23 20 19 22 6 4 3 36 0 22 47 13 25 38 33 35 18 30 1 7 15 45 24 33 33 10 14 3 5 14 21 35 2 45 8 41 39 10 3 37 36 12 3 20 21 18 27 38 44 31 34 31 50 6 39 28 50 38 36 12 42 1 49 22 1 13 11 30 30 42 47 8 
27 15 21 4 42 4 13 16 34 27 10 25 31 0 40 35 47 7 30 42 2 25 42 45 36 14 32 19 9 8 47 8 2 34 26 5 36 35 35 37 46 25 21 29 16 41 25 41 12 28 15 24 1 1 46 34 36 20 36 40 10 36 4 8 38 19 9 41 6 36 50 12 22 44 47 27 
4 14 29 45 40 42 8 31 44 23 8 1 39 43 0 20 16 50 46 27 11 21 13 41 48 33 34 36 27 29 3 2 8 5 19 31 23 42 41 1 19 28 23 15 15 12 8 3 13 16 34 13 27 17 37 6 41 23 31 13 6 6 32 3 41 22 50 47 20 13 48 25 9 45 8 33 
48 49 26 37 25 32 23 11 45 40 25 41 18 13 40 0 50 11 29 45 13 47 21 24 44 12 11 33 1 19 9 5 33 10 4 8 43 48 45 38 25 34 22 9 2 47 9 29 8 23 48 15 30 50 45 37 28 25 33 25 14 50 22 42 36 36 43 32 15 6 48 3 16 42 21 30 
25 12 23 48 3 32 26 29 22 45 25 33 15 18 30 19 0 16 21 24 26 13 31 23 16 4 28 15 2 25 46 49 39 30 16 12 17 2 36 22 32 24 43 20 42 11 11 18 47 26 30 38 46 18 45 17 45 40 8 44 26 18 24 4 26 47 37 3 49 6 14 17 30 49 42 2 
20 11 32 5 43 11 18 27 46 9 4 21 36 49 18 27 45 0 42 47 15 1 40 45 46 25 8 19 42 12 13 8 48 27 44 48 34 9 3 1 16 50 47 9 18 43 17 18 1 38 38 23 39 2 27 1 31 17 37 31 35 42 27 16 33 1 7 44 42 2 34 19 42 41 32 16 
5 32 27 3 8 41 19 4 25 41 19 46 50 43 18 18 22 22 0 16 24 23 31 26 17 37 23 26 49 5 19 31 48 21 12 47 49 40 35 23 45 24 23 42 43 33 11 45 50 35 16 48 20 25 8 43 24 6 10 16 36 15 20 50 6 10 21 25 39 47 19 29 38 50 22 1 
50 40 34 35 26 29 26 15 39 22 11 23 14 19 23 44 30 19 38 0 30 4 24 36 34 12 37 7 4 17 38 10 21 4 7 43 35 23 25 40 8 39 6 11 35 49 49 11 20 24 25 49 19 12 42 47 27 4 1 24 40 23 23 48 1 12 41 20 7 26 38 22 5 30 30 41 
48 13 1 35 13 26 37 30 42 40 41 9 13 11 17 32 22 2 1 36 0 17 9 11 23 9 29 5 44 37 4 44 40 33 1 50 14 3 16 11 14 36 44 7 12 22 32 8 47 9 7 50 4 29 45 25 40 3 29 27 34 21 43 43 39 46 1 27 12 11 4 29 7 41 37 50 
24 2 49 2 27 22 9 35 31 5 40 11 38 27 10 11 25 39 27 43 43 0 1 19 16 21 5 46 36 6 28 44 14 43 45 2 38 4 27 50 13 13 9 13 35 7 40 40 35 2 43 4 18 14 44 8 23 34 34 31 23 26 23 30 3 11 27 19 43 25 22 7 49 40 15 31 
35 38 34 10 31 15 11 35 13 25 26 1 49 38 29 5 21 46 28 37 40 29 0 11 24 31 22 48 11 30 37 6 29 49 14 23 36 50 24 50 8 16 39 18 29 36 27 20 6 47 18 36 3 12 29 41 7 28 11 30 10 18 1 5 27 19 47 2 35 15 44 5 48 46 20 22 
2 12 32 38 5 2 43 14 12 1 3 17 20 24 17 8 40 45 41 40 15 34 41 0 10 39 25 36 41 4 14 39 7 43 8 39 45 47 24 26 9 26 38 44 27 16 31 32 12 48 37 16 3 6 30 7 19 21 22 49 30 17 2 11 48 12 47 25 13 36 23 12 16 20 32 15 
27 41 15 44 9 44 24 43 17 49 37 1 13 1 21 25 25 25 46 43 25 27 46 16 0 20 6 20 27 26 26 50 34 25 16 30 29 7 28 41 37 43 9 44 50 25 46 13 12 15 48 37 42 24 40 41 1 45 50 25 4 25 48 17 42 50 4 27 48 21 43 18 47 34 10 50 
16 34 47 41 24 44 8 12 28 39 8 10 35 26 30 34 8 4 38 12 46 43 2 50 22 0 20 15 41 23 31 41 8 14 40 26 18 49 9 2 10 17 36 39 4 42 44 43 23 41 9 11 43 47 48 5 23 32 47 19 5 29 18 39 48 48 50 47 45 50 13 36 49 3 28 46 
10 4 49 8 29 27 43 50 15 20 48 12 16 36 3 36 2 40 47 32 50 48 42 7 43 48 0 48 23 29 23 12 41 20 3 46 20 34 39 41 28 36 18 25 29 50 39 31 10 48 27 35 9 6 46 47 13 13 42 16 31 30 21 22 42 8 7 43 14 41 33 3 13 50 20 46 
32 23 13 7 5 17 38 25 2 39 4 36 24 7 34 8 42 24 10 48 16 47 34 21 43 46 18 0 20 16 25 22 10 37 50 15 40 50 35 12 14 42 46 21 3 5 22 20 8 7 25 12 40 40 22 31 36 39 43 15 9 50 19 10 28 18 44 50 24 42 44 9 7 13 46 6 
20 26 32 16 22 27 10 13 41 13 33 20 16 20 30 2 7 21 4 14 24 37 44 36 12 23 46 16 0 14 17 5 28 45 16 12 10 8 28 43 32 41 7 19 15 35 25 35 5 13 43 2 37 9 32 33 33 33 47 5 50 32 44 49 25 9 6 26 50 8 20 45 30 28 23 24 
17 18 29 1 37 39 42 4 22 15 19 19 13 33 29 27 12 23 44 1 47 8 45 6 30 49 35 47 44 0 48 23 9 37 8 16 15 4 46 18 12 40 41 28 11 41 37 14 18 30 43 34 7 34 22 28 10 24 24 21 39 4 46 11 24 42 10 32 5 17 14 24 16 6 33 12 
6 30 34 16 43 36 18 17 1 15 16 25 15 31 7 42 31 25 30 8 44 31 5 19 31 6 9 1 16 20 0 18 2 2 11 23 30 41 8 29 3 37 29 10 9 27 35 17 25 11 23 43 41 27 26 18 26 26 16 36 38 27 17 2 32 48 14 24 5 9 27 1 24 47 27 21 
15 21 46 43 47 39 35 40 44 27 28 26 26 44 47 5 26 22 41 26 21 28 29 12 13 11 13 16 35 22 19 0 44 50 6 3 6 31 23 40 49 42 28 8 5 21 39 48 11 12 23 26 2 7 1 1 37 43 35 31 36 27 20 6 22 9 34 27 21 41 42 24 3 33 43 35 
43 20 24 42 24 14 2 4 12 46 18 38 49 6 17 14 47 43 4 22 23 22 37 47 38 13 28 21 21 49 24 19 0 14 17 8 18 19 43 7 23 25 16 44 26 42 46 28 16 25 29 28 10 29 21 12 22 34 28 5 12 36 32 34 14 23 49 25 33 48 50 45 4 37 32 47 
8 29 12 5 42 36 12 47 43 21 15 40 44 6 36 34 41 39 46 37 44 32 31 4 43 22 45 18 26 34 25 24 48 0 24 4 44 23 23 13 27 24 35 42 43 9 9 31 28 12 16 5 16 42 46 3 27 48 8 13 21 41 45 22 9 47 41 43 20 2 43 12 18 26 19 13 
10 41 38 46 35 41 18 6 11 29 10 32 2 21 28 46 15 11 43 36 30 14 33 47 18 16 12 26 20 4 38 40 23 34 0 44 37 11 13 28 30 23 39 12 31 38 10 42 49 25 48 48 7 34 34 33 46 8 42 28 19 30 43 37 7 42 20 10 19 27 42 36 2 33 13 14 
42 3 3 9 9 25 13 2 23 6 31 7 40 1 49 29 19 36 9 1 31 3 5 39 18 50 23 23 33 12 47 24 21 20 42 0 43 6 33 20 45 18 41 15 2 12 14 21 19 29 14 17 17 25 12 34 39 49 14 41 9 2 41 19 11 10 7 36 20 9 6 24 37 16 15 34 
40 39 4 28 5 30 5 44 20 46 31 50 9 37 4 45 42 42 11 43 27 22 4 42 6 29 1 10 23 41 30 1 10 29 44 1 0 46 37 37 30 47 47 50 15 30 7 27 34 6 12 32 45 6 23 7 18 35 12 22 27 29 46 22 30 16 30 41 31 43 3 50 5 5 32 46 
31 23 39 13 49 2 18 4 11 9 35 46 38 22 27 16 34 15 10 1 2 25 20 50 50 17 46 41 4 13 27 41 24 27 27 45 46 0 50 24 25 12 42 12 21 31 35 4 10 16 37 16 41 46 32 45 6 3 40 13 33 7 27 1 49 33 45 22 11 46 32 21 35 42 36 39 
10 14 49 19 16 13 37 25 17 47 37 45 43 33 21 42 6 37 41 19 36 42 13 39 37 13 43 14 35 17 32 49 10 43 35 43 4 22 0 48 20 20 2 35 2 46 50 30 29 25 40 15 48 1 17 4 19 1 11 33 4 21 23 41 50 16 38 36 1 48 29 39 34 40 21 50 
35 8 12 44 37 34 15 39 45 2 34 48 44 40 17 42 44 40 44 50 47 11 35 37 8 15 29 32 47 2 31 9 31 17 19 11 40 18 46 0 20 7 35 47 48 32 41 42 11 31 37 45 45 46 21 3 24 24 26 36 22 5 34 42 44 22 26 18 27 21 7 2 27 44 25 44 
13 15 37 5 18 24 19 1 11 8 37 13 10 14 46 38 15 32 25 16 24 43 3 27 7 24 15 41 25 36 18 1 22 27 41 9 37 21 19 49 0 37 33 32 36 35 13 8 13 26 19 38 46 20 9 21 21 12 10 48 44 9 28 26 25 40 36 41 33 24 37 1 44 14 27 30 
41 11 18 43 44 16 3 16 7 49 23 32 13 7 21 48 28 24 25 40 9 7 7 47 49 22 26 40 39 18 44 32 43 30 31 10 45 18 4 29 7 0 13 20 27 18 5 29 27 4 40 24 21 39 37 21 34 4 22 44 22 41 13 27 39 5 41 39 34 26 11 3 10 20 46 34 
47 37 30 30 45 44 49 36 50 45 24 44 6 9 47 7 24 25 33 38 44 36 32 23 27 16 45 1 44 37 14 1 43 4 25 48 24 43 49 29 42 27 0 28 45 32 48 33 25 30 4 30 36 38 8 40 11 6 8 3 29 50 48 43 13 31 23 1 3 34 50 34 32 26 5 46 
17 9 38 42 30 33 20 22 40 8 29 14 36 14 15 42 16 40 20 29 45 34 15 15 9 48 31 41 30 21 49 10 34 12 24 2 19 17 24 47 30 27 4 0 6 2 9 16 39 20 8 18 42 6 26 2 33 44 24 33 32 2 29 42 20 10 19 31 24 41 13 24 50 17 24 50 
19 31 10 13 1 33 42 22 23 3 7 4 8 11 41 9 45 35 42 45 1 35 35 46 33 28 43 48 8 34 19 26 33 27 34 3 34 11 32 50 10 8 20 17 0 3 15 23 13 1 4 29 16 26 29 49 35 47 15 30 23 41 45 15 39 35 31 22 32 27 39 26 35 3 42 35 
44 15 18 43 18 6 30 48 4 5 3 1 4 28 50 6 20 31 10 10 16 44 32 32 23 44 42 37 13 29 45 13 34 45 5 20 29 22 12 18 11 47 11 34 33 0 31 18 4 28 33 6 4 43 32 19 1 33 37 21 25 15 43 36 25 11 40 17 10 24 30 27 49 20 43 50 
20 33 49 50 42 27 38 10 30 24 42 21 3 26 4 38 43 1 38 4 18 12 37 24 43 14 9 31 48 6 8 35 1 33 50 19 35 37 30 49 27 34 6 2 20 20 0 15 34 20 43 35 48 32 40 32 8 46 26 8 28 18 8 12 24 16 7 20 20 27 36 4 6 22 40 27 
35 6 36 5 23 50 25 11 6 22 10 3 12 2 42 23 10 30 2 31 20 22 33 36 13 1 46 8 35 40 29 27 42 13 48 3 11 22 35 29 44 47 7 3 6 5 9 0 19 35 13 45 27 20 10 7 13 24 50 43 23 5 17 27 17 43 34 11 49 5 40 13 39 45 24 37 
23 16 30 30 8 43 27 24 22 46 3 7 33 6 35 29 12 30 13 25 27 21 41 10 23 44 10 15 46 1 7 32 47 23 35 48 44 20 35 31 28 44 5 22 40 27 28 43 0 20 11 1 10 32 49 11 3 25 20 8 15 33 13 29 22 39 22 11 11 22 38 36 42 45 33 47 
34 17 20 21 46 16 17 46 35 50 48 50 48 12 32 23 24 13 20 48 16 16 33 33 19 16 18 22 32 26 10 15 49 2 27 36 5 50 12 50 16 18 44 23 42 22 14 49 40 0 16 12 29 26 36 32 19 35 38 2 30 49 46 14 10 40 33 2 46 36 47 18 25 1 21 33 
49 23 11 41 48 3 19 32 17 15 31 39 14 21 9 2 18 49 32 2 21 4 34 33 10 20 18 14 44 48 38 29 6 3 34 47 24 48 4 28 30 14 48 46 10 44 38 26 27 45 0 1 26 20 20 13 45 39 28 31 28 36 5 38 19 27 3 34 11 37 13 28 20 46 5 22 
7 7 39 24 16 33 43 37 50 48 12 9 37 41 40 8 47 17 26 42 25 26 29 19 7 11 27 39 15 17 31 31 15 48 7 39 1 5 16 46 43 19 39 22 16 44 48 21 48 5 32 0 4 20 13 47 31 28 20 17 5 7 5 23 33 18 32 45 39 35 1 8 43 1 31 50 
7 38 8 4 13 13 6 41 11 36 27 11 2 1 27 11 31 38 11 39 38 46 7 5 35 50 10 36 47 47 40 3 40 14 41 43 21 17 4 43 1 15 13 48 41 21 43 39 9 41 28 5 0 40 42 12 11 31 4 20 14 4 21 44 14 47 25 21 39 10 34 41 15 34 19 39 
24 34 10 15 14 7 21 28 7 20 35 13 49 2 30 13 18 48 41 40 31 21 49 1 16 50 5 29 26 1 14 22 22 3 38 27 22 40 7 8 33 44 37 44 12 12 23 37 30 21 23 17 44 0 29 9 4 36 9 49 14 2 43 2 7 7 14 42 46 14 4 41 29 42 33 7 
38 34 5 40 5 28 18 49 5 28 47 29 43 45 35 42 13 41 43 7 41 42 31 38 49 21 28 23 27 30 45 26 12 22 22 20 31 20 44 36 34 44 48 30 11 36 49 2 30 13 29 38 49 27 0 17 46 4 18 42 35 1 46 23 25 33 21 17 21 23 16 11 44 48 7 23 
47 45 1 27 14 22 26 44 15 2 8 28 36 6 26 16 14 28 9 36 39 22 23 48 41 19 28 29 14 2 35 40 42 4 20 2 4 41 29 14 25 2 8 23 25 44 32 16 47 1 47 16 39 22 35 0 26 22 4 37 45 45 47 30 13 18 18 36 32 36 25 13 24 50 46 11 
37 14 50 23 48 37 13 32 14 6 19 2 21 19 45 30 50 4 34 19 28 22 46 6 8 8 1 31 23 39 24 17 43 11 48 12 23 32 40 9 33 16 17 8 49 17 16 13 41 45 13 20 17 27 34 16 0 18 44 16 40 37 32 10 26 32 3 9 10 22 34 8 19 14 25 37 
13 6 39 7 41 42 38 40 28 26 4 50 17 28 33 44 29 16 50 23 1 7 42 26 47 9 6 42 8 38 44 7 42 40 21 10 30 38 25 49 49 43 32 50 28 3 42 33 40 40 29 3 14 3 37 7 15 0 13 10 33 36 47 33 41 32 48 9 27 7 23 15 42 41 2 24 
8 25 42 48 45 17 24 3 19 9 42 43 40 3 14 46 17 28 43 14 3 11 42 18 31 45 16 26 17 25 38 12 13 29 30 32 23 15 16 16 13 45 14 32 41 5 19 24 43 27 49 15 49 39 22 48 34 24 0 18 1 1 48 36 44 22 30 31 11 24 33 24 2 13 28 1 
9 47 10 27 26 26 43 34 41 26 24 14 24 8 33 49 49 47 16 15 15 9 20 10 12 25 8 1 11 4 48 2 21 38 13 1 24 48 43 25 9 15 45 18 49 16 7 4 42 35 25 5 47 13 37 50 27 1 15 0 1 19 43 23 38 29 22 43 37 45 32 25 2 5 41 6 
1 15 3 11 47 18 4 9 27 29 43 6 9 2 14 24 24 33 43 7 17 42 8 39 28 23 21 10 10 11 24 1 7 7 36 36 25 40 19 33 15 34 47 9 37 17 35 35 31 8 1 19 12 35 39 10 7 14 34 24 0 47 45 49 17 6 43 49 2 17 29 50 35 15 10 43 
34 45 49 3 12 39 36 29 3 10 5 39 22 18 27 29 12 7 45 37 20 35 31 3 45 18 33 19 3 9 17 5 3 43 6 15 8 11 23 36 12 16 47 7 2 4 28 34 40 1 39 29 20 24 23 49 15 46 9 45 6 0 18 27 45 44 50 36 30 13 12 21 1 35 10 26 
4 39 24 2 41 41 50 29 2 21 39 36 30 20 7 50 12 3 28 31 44 40 2 14 2 18 48 22 29 31 38 44 10 49 19 10 42 45 19 5 7 39 25 25 6 15 7 11 6 12 9 49 7 30 32 15 37 11 1 23 43 28 0 1 22 33 45 27 32 1 48 9 18 35 24 25 
6 15 28 8 37 12 37 17 17 23 39 38 31 18 5 24 31 44 46 12 29 39 4 42 12 39 26 11 9 4 41 15 33 6 26 1 9 3 14 12 6 12 34 50 44 7 46 15 46 24 28 25 39 13 46 18 11 37 47 49 36 27 8 0 14 32 25 6 25 42 4 15 29 30 34 6 
17 5 5 48 5 43 12 15 35 26 16 26 20 10 9 41 23 6 15 26 30 5 20 18 20 1 22 23 43 10 50 46 5 7 30 13 7 39 43 7 25 13 24 39 17 49 36 16 34 14 42 24 15 8 27 13 35 37 29 4 22 39 22 25 0 27 21 21 14 30 46 34 35 14 9 2 
17 32 32 2 21 16 6 40 29 18 26 31 47 31 18 29 20 11 39 36 36 41 49 12 46 29 23 36 38 30 8 10 7 7 11 32 3 36 8 39 16 50 44 8 1 41 24 33 13 18 15 24 25 24 17 26 34 21 6 43 43 21 2 50 11 0 17 25 41 21 37 26 35 3 1 21 
36 48 42 11 6 5 40 24 21 16 34 36 34 41 35 48 33 30 16 46 46 49 45 47 35 16 34 13 26 43 31 22 25 4 31 29 42 10 50 39 4 47 32 34 27 31 42 1 36 39 43 5 37 5 26 38 4 45 27 41 21 27 48 29 36 13 0 12 31 10 6 7 23 31 28 43 
49 17 11 20 4 25 34 27 38 50 27 35 20 28 43 26 48 33 10 18 27 50 3 49 15 20 12 41 31 33 20 24 10 13 27 21 44 25 23 16 38 50 11 30 9 28 42 3 18 31 9 41 21 10 17 50 15 12 6 34 14 43 47 5 30 3 26 0 7 2 22 32 24 11 44 31 
27 39 24 40 38 28 10 24 50 25 30 4 50 47 28 7 32 19 40 3 45 4 6 50 7 2 36 1 46 49 36 31 27 30 41 11 41 22 19 6 4 20 48 31 50 50 26 11 24 16 1 5 22 42 36 23 33 24 34 36 43 9 28 1 39 50 27 21 0 7 18 16 11 1 34 49 
26 6 26 1 8 27 25 28 31 49 32 10 36 45 18 28 17 39 34 14 46 42 47 42 50 23 6 4 7 50 40 4 38 43 10 18 8 24 26 10 18 31 48 3 8 41 42 26 40 40 49 22 18 21 4 34 10 34 2 36 21 21 22 32 9 28 22 43 36 0 50 21 44 13 24 46 
15 45 45 35 9 32 31 15 17 1 18 36 18 40 26 8 24 22 41 39 47 10 16 44 30 20 49 41 40 19 6 10 44 25 39 39 15 50 43 4 41 7 5 31 42 42 4 4 10 42 48 23 23 36 49 6 29 2 5 39 34 41 26 49 46 9 43 43 2 37 0 44 25 30 37 49 
41 5 35 3 38 17 45 31 48 22 34 38 9 27 33 10 14 45 4 21 1 31 7 36 33 50 11 3 23 49 24 43 36 38 8 2 45 50 17 23 39 10 29 27 13 22 34 17 19 28 31 30 26 17 49 10 48 50 20 39 6 42 9 49 49 41 2 21 20 31 16 0 15 29 32 32 
41 3 31 24 12 16 45 34 46 19 44 18 19 40 48 5 45 30 29 17 47 2 30 29 22 20 14 47 39 12 16 1 45 35 8 8 17 26 8 23 12 8 13 31 5 23 34 32 22 26 21 35 50 15 35 40 24 3 2 43 3 48 46 35 3 43 23 35 32 41 38 20 0 22 6 6 
39 39 50 24 49 37 32 25 13 41 32 1 31 1 18 35 15 24 16 20 14 13 29 28 12 1 50 50 32 39 2 13 45 9 46 2 24 29 3 7 22 23 34 44 21 42 43 35 15 6 23 46 7 37 43 27 10 23 12 49 37 32 44 24 39 20 7 22 5 17 11 37 22 0 10 49 
41 29 36 7 21 8 16 36 27 16 6 7 8 17 20 43 2 18 5 20 40 30 10 5 2 35 21 30 49 45 37 25 47 38 2 49 25 16 42 42 22 46 17 9 33 14 49 6 35 24 10 20 18 41 9 12 19 31 6 36 37 36 38 32 30 32 10 21 16 22 19 36 26 13 0 48 
45 13 2 23 38 36 16 46 25 35 18 8 7 30 41 30 45 11 7 5 37 9 36 30 2 5 29 40 14 6 25 44 5 43 15 49 18 8 18 50 21 40 14 47 12 24 3 42 25 42 24 26 20 9 11 36 28 22 21 34 8 27 32 19 11 24 4 14 15 43 13 37 43 7 34 0 
47 0 46 39 18 28 2 38 16 22 32 49 25 46 33 29 22 46 38 35 42 45 9 45 36 39 21 39 27 33 30 38 33 13 25 14 41 39 5 44 32 20 11 10 37 13 50 8 32 37 21 17 50 9 15 40 39 1 4 30 7 13 12 33 43 45 17 12 22 19 38 33 41 44 3 22 
34 49 0 8 24 40 14 8 40 12 13 39 25 48 36 26 41 35 26 37 20 9 29 18 43 47 38 37 14 50 39 26 6 6 43 6 40 43 31 41 44 6 22 21 30 6 42 15 37 43 48 48 16 8 34 14 5 32 16 28 2 27 44 41 24 38 34 19 5 30 36 48 5 36 43 14 
38 9 38 0 37 5 24 50 21 2 41 10 49 23 30 1 9 28 3 39 17 12 31 47 43 23 24 10 7 8 50 43 31 15 20 26 47 44 29 24 29 28 23 39 34 28 36 46 25 29 27 21 3 47 27 3 8 12 46 15 31 14 44 14 3 48 30 35 4 5 5 16 49 30 10 40 
40 42 14 16 0 38 28 35 28 31 29 41 35 38 18 19 35 49 14 43 15 35 10 37 37 49 1 43 21 25 12 23 23 37 37 14 16 49 31 28 4 29 16 33 24 7 45 47 36 37 20 17 35 38 46 6 30 6 27 17 37 35 15 4 20 7 19 48 2 5 4 37 18 37 39 37 
19 28 13 30 4 0 5 8 35 6 45 38 35 42 32 34 10 22 14 42 19 15 12 14 17 38 48 46 32 34 34 49 49 49 9 37 3 44 48 14 32 28 31 49 25 20 34 6 20 21 44 15 5 46 21 22 8 14 46 42 6 10 26 2 22 47 40 37 33 45 32 16 25 50 10 41 
34 14 40 48 4 42 0 26 11 40 20 45 3 29 37 30 39 48 6 8 23 3 30 27 29 31 48 24 26 40 28 40 5 37 30 39 44 25 49 38 15 34 15 12 3 2 37 8 46 16 44 19 20 43 37 39 4 38 11 17 7 19 1 22 12 30 40 17 49 49 37 14 50 18 44 40 
38 18 24 27 44 40 28 0 10 47 10 21 13 50 41 35 7 15 32 32 46 34 44 1 24 13 20 10 48 30 30 20 2 49 48 2 37 14 35 23 17 42 41 26 2 9 27 18 8 14 31 50 18 36 49 6 44 18 1 15 25 31 31 31 17 41 20 15 3 40 49 43 30 9 16 4 
44 19 50 15 36 3 2 34 0 50 31 2 17 50 42 8 20 13 21 49 36 12 10 10 12 40 13 15 19 16 38 20 9 21 45 13 26 19 36 29 23 29 47 32 36 39 4 15 12 32 30 31 9 11 30 43 34 9 38 26 24 38 34 19 12 11 43 46 6 29 33 2 27 42 27 8 
15 28 24 24 37 48 4 37 36 0 8 11 49 41 3 30 17 31 11 6 35 45 29 20 25 46 8 10 34 50 29 4 18 35 23 28 6 36 15 40 26 35 48 33 5 1 45 6 3 50 16 21 17 37 42 13 37 9 50 28 30 38 21 37 7 4 44 15 19 25 24 32 16 21 31 1 
48 46 15 25 2 2 7 34 35 8 0 37 31 43 11 42 48 36 37 11 38 15 11 26 2 7 30 38 29 26 34 5 46 6 41 15 42 44 25 27 28 32 37 3 49 18 13 22 9 34 26 47 30 11 43 36 37 20 14 19 22 15 29 9 1 4 41 26 3 46 50 5 11 10 33 7 
29 9 28 34 44 9 30 46 1 38 26 0 35 13 5 29 23 30 7 6 13 4 28 2 46 27 38 20 14 34 22 36 20 29 37 8 29 43 30 25 13 36 34 9 14 29 6 13 48 17 28 26 5 5 20 4 1 7 32 8 6 39 17 12 29 3 6 7 27 48 50 30 50 33 43 28 
20 20 39 18 21 26 23 47 7 46 31 15 0 9 34 8 23 11 23 20 24 20 22 30 11 23 50 36 50 18 48 26 23 12 43 34 32 18 15 38 30 17 20 6 34 22 41 49 43 41 28 20 28 13 19 9 49 41 29 46 22 40 23 29 9 20 9 4 17 1 27 5 47 35 40 8 
50 17 47 40 32 1 44 10 40 29 49 10 43 0 35 35 41 40 19 17 41 45 41 47 14 13 38 33 43 15 23 23 43 24 12 9 33 45 39 15 21 47 14 40 31 22 50 11 33 16 36 16 28 19 49 14 9 20 33 27 44 19 1 46 17 6 7 36 32 26 3 47 1 5 47 44 
32 2 17 43 14 28 1 27 30 8 45 24 25 49 0 1 13 12 13 21 2 46 18 23 25 15 15 30 7 14 39 15 24 23 6 33 7 4 41 14 17 19 25 17 10 11 33 11 34 25 40 36 39 34 45 48 14 30 42 28 50 49 44 14 41 44 22 1 20 16 44 10 21 50 5 33 
22 2 14 14 32 4 46 32 25 3 26 40 29 9 19 0 28 12 14 15 19 26 12 26 16 40 33 42 18 32 30 15 40 30 12 27 12 17 28 46 46 3 12 39 38 18 32 23 12 47 17 49 8 35 37 8 11 26 48 25 50 13 29 1 45 39 37 11 17 33 8 12 35 19 19 16 
14 23 39 48 9 10 30 21 15 32 8 5 43 4 16 36 0 19 4 46 33 24 12 45 50 32 21 6 30 40 6 14 40 17 21 45 38 38 1 16 41 33 9 36 13 31 33 18 13 17 22 43 31 23 36 43 2 28 39 17 38 4 1 31 10 18 19 39 23 10 28 49 19 38 6 1 
16 26 32 19 50 3 44 13 19 13 33 17 31 29 43 11 50 0 34 28 37 32 28 27 46 13 44 46 4 39 24 25 43 17 36 27 27 47 20 18 36 11 38 12 47 35 2 8 45 17 18 49 35 11 20 19 38 50 37 7 6 8 40 25 46 39 41 50 45 2 17 14 30 17 43 26 
44 16 30 11 11 36 2 38 21 25 40 33 48 17 39 28 11 13 0 12 28 22 14 17 9 45 2 14 43 50 4 20 19 18 44 25 23 20 26 47 20 7 2 4 22 49 8 3 29 13 40 4 17 6 16 5 31 50 22 16 9 23 9 39 17 6 22 15 4 42 17 9 35 17 42 22 
20 10 46 10 38 50 35 30 11 1 3 13 3 40 45 23 48 10 39 0 47 48 14 38 16 28 43 49 37 47 32 20 1 14 44 35 22 5 13 29 9 38 29 28 17 4 9 13 15 48 45 11 25 28 45 24 7 22 30 33 45 2 49 34 29 31 2 50 9 5 23 19 35 32 30 10 
19 36 21 13 19 31 34 39 3 21 45 24 19 21 29 50 26 31 35 8 0 40 46 49 36 2 10 4 11 26 26 26 44 48 36 5 21 2 17 14 14 18 11 32 9 36 28 31 39 27 24 44 5 48 23 20 24 37 36 11 10 28 24 14 27 45 2 26 34 17 8 49 9 17 21 40 
30 15 41 50 25 30 16 35 3 33 22 46 26 16 32 34 16 6 5 37 45 0 47 5 14 34 3 48 22 19 25 35 39 27 33 41 9 47 36 37 30 13 39 12 44 24 7 1 18 36 25 33 4 12 35 46 33 10 28 16 22 32 44 17 28 49 33 20 43 26 23 38 31 19 25 25 
6 36 11 40 28 3 30 37 44 43 31 27 43 38 8 50 19 20 16 49 19 23 0 34 46 42 37 8 43 13 37 2 35 38 10 40 48 50 39 38 20 2 7 23 36 18 7 27 6 18 23 19 12 4 27 6 34 2 16 49 41 46 38 24 7 41 46 40 33 48 11 1 31 32 46 47 
13 50 49 29 35 11 2 25 41 18 41 32 11 5 7 46 34 40 47 25 15 33 16 0 46 22 18 44 9 7 23 39 30 9 31 43 34 3 37 14 31 44 14 34 40 50 15 29 29 42 15 17 41 35 21 33 30 35 4 7 18 18 43 19 18 30 12 24 31 12 23 43 48 27 17 31 
2 49 27 47 7 39 16 18 42 7 49 45 38 49 13 50 50 31 47 14 1 46 17 10 0 38 42 49 17 19 23 20 15 19 40 31 32 8 8 50 29 2 26 27 12 32 17 36 32 49 24 44 17 30 4 30 7 33 17 9 16 41 49 50 20 38 34 27 48 18 32 42 43 31 19 12 
26 19 6 29 21 7 17 18 45 29 3 35 15 10 25 50 42 49 35 38 3 27 8 25 48 0 41 38 15 18 33 2 37 12 42 5 38 27 39 38 9 25 32 5 41 35 50 12 39 43 33 1 44 46 32 9 50 12 32 32 31 19 2 1 12 28 17 24 24 6 38 23 4 12 26 14 
22 22 17 40 49 30 50 23 35 33 8 41 31 33 6 27 46 7 8 41 23 32 44 14 19 26 0 39 33 6 10 48 33 20 18 38 28 46 42 34 2 20 30 16 30 20 26 44 41 50 12 28 47 4 36 41 40 29 4 22 23 41 17 18 26 36 26 21 13 46 28 32 4 24 7 22 
44 17 14 44 43 33 48 33 44 33 1 29 34 28 49 50 43 21 11 11 3 13 40 45 45 5 32 0 45 23 31 25 23 48 15 48 23 15 10 29 41 43 35 24 44 35 47 38 35 48 28 39 33 13 46 19 31 27 20 49 38 1 4 11 14 8 29 31 19 30 26 35 33 42 21 18 
19 40 47 11 48 18 47 48 45 42 42 11 2 47 18 47 46 12 42 40 40 24 10 36 7 17 19 5 0 23 44 7 42 43 29 1 42 31 9 2 20 5 6 16 23 17 19 29 23 13 29 40 22 1 31 28 45 30 12 4 32 50 42 26 2 35 1 18 24 46 26 16 37 11 22 36 
35 9 38 20 39 38 46 42 44 4 36 41 12 1 7 12 20 6 20 21 13 31 15 38 16 1 6 28 38 0 14 3 12 30 46 44 37 43 42 16 45 5 50 32 48 50 10 7 23 40 15 47 32 41 1 24 4 44 50 4 38 32 18 5 31 1 25 12 16 8 21 20 28 40 26 17 
13 49 17 39 7 44 33 39 23 17 22 21 29 22 40 43 44 39 28 13 37 46 2 47 25 48 41 16 20 46 0 20 43 15 35 12 6 27 11 48 45 49 30 32 14 30 4 34 45 19 28 27 39 12 14 30 18 47 21 14 9 4 18 20 28 47 30 7 44 11 35 16 33 42 34 14 
7 14 38 17 22 15 47 47 42 19 31 31 2 5 45 9 7 48 40 41 31 11 5 18 1 48 40 34 34 12 44 0 48 29 50 23 4 9 4 42 44 8 22 28 9 16 50 5 39 17 26 9 36 2 43 34 47 10 21 17 25 26 14 13 31 26 34 2 3 33 41 50 4 6 46 34 
10 33 46 2 2 43 1 17 9 3 9 46 36 17 27 45 39 37 18 19 44 9 48 34 33 48 3 7 27 26 6 31 0 6 10 24 14 14 20 16 32 25 47 5 28 17 38 17 37 7 46 12 18 38 28 40 2 36 12 20 5 41 44 41 33 48 29 41 27 43 13 31 20 22 36 44 
48 4 20 17 46 31 17 1 31 15 39 43 29 20 22 29 3 50 11 42 31 6 22 31 39 48 41 44 44 16 43 46 3 0 35 43 49 17 45 25 24 25 44 10 19 10 36 13 7 22 35 29 20 11 44 14 42 32 39 28 48 41 24 7 16 23 43 41 45 28 24 12 8 26 38 18 
38 46 4 22 4 36 34 22 10 37 23 36 9 21 1 17 28 18 27 34 2 37 45 47 17 45 18 30 48 23 21 44 24 27 0 27 46 29 18 25 13 7 2 47 29 50 7 33 24 27 7 35 41 50 4 17 1 2 8 5 9 18 4 24 38 16 30 13 32 45 6 39 10 43 14 27 
50 40 16 47 10 13 45 4 42 38 31 45 20 11 26 45 21 13 17 46 3 28 10 13 21 45 2 29 22 19 25 48 36 27 17 0 11 36 11 45 46 23 1 33 50 36 35 44 21 20 11 18 47 27 19 25 22 31 3 27 16 12 17 32 23 14 33 9 43 45 16 9 11 19 21 24 
2 46 11 28 36 2 31 10 11 1 28 22 18 3 45 30 33 34 30 35 7 20 10 36 3 26 1 27 4 3 8 29 6 45 23 27 0 21 26 41 15 32 8 22 23 36 12 42 40 50 36 26 27 40 36 18 33 36 25 25 11 1 5 6 8 43 49 16 23 30 18 10 8 44 15 4 
49 49 38 1 42 35 12 27 18 28 32 40 21 28 41 42 46 2 31 15 27 2 14 30 37 46 19 10 33 26 19 34 25 33 19 35 48 0 24 33 26 40 28 38 31 12 10 46 45 40 27 14 6 13 1 27 48 35 9 14 47 16 2 45 43 9 49 15 38 10 6 44 22 19 6 25 
50 14 33 18 28 1 24 21 7 12 13 21 25 7 21 50 40 11 37 10 39 34 46 22 13 45 9 35 35 33 43 38 8 26 28 35 3 41 0 37 47 42 32 39 31 47 28 41 32 40 7 5 12 32 46 37 16 18 11 5 33 42 39 36 24 20 25 14 49 29 37 47 49 25 41 19 
7 46 16 26 36 4 27 46 28 28 31 6 13 39 12 17 43 36 4 5 3 46 15 11 22 14 43 3 3 10 7 38 42 27 30 20 2 36 20 0 30 16 44 9 47 40 19 2 10 17 20 5 14 21 37 16 12 32 6 4 22 12 25 44 18 22 44 15 36 9 42 16 7 16 25 39 
10 37 18 21 3 13 33 36 34 6 44 17 6 12 19 39 47 32 48 19 42 1 41 26 47 5 17 1 25 5 48 48 47 48 6 25 14 35 1 9 0 29 39 10 13 28 27 10 24 41 4 19 26 18 7 48 10 47 43 25 49 47 33 11 29 8 46 21 8 7 44 25 12 31 40 41 
3 41 28 48 20 46 43 10 22 36 23 30 41 50 46 29 22 10 3 13 46 28 31 6 32 7 2 18 48 29 8 45 29 17 45 20 19 45 6 4 5 0 23 40 44 36 17 31 8 11 15 4 3 29 27 45 26 10 23 16 14 44 26 13 43 29 28 1 25 6 27 11 27 5 50 9 
24 39 38 21 16 27 45 7 33 26 5 17 3 22 20 11 46 30 43 11 29 11 47 15 8 17 6 3 35 5 27 48 29 19 21 38 22 3 1 38 49 19 0 30 18 24 11 49 3 37 16 15 48 13 40 30 14 42 24 13 49 21 43 22 29 49 8 38 34 2 32 39 44 29 5 12 
11 31 30 42 48 19 4 16 19 40 30 36 40 40 8 46 49 41 2 17 7 47 1 19 17 23 15 2 5 28 22 19 8 29 20 33 13 32 15 31 17 27 4 0 39 20 22 49 45 44 37 41 4 28 38 5 14 30 11 25 25 5 3 12 42 19 11 29 12 21 26 34 17 26 22 1 
31 44 13 50 46 25 20 8 18 37 19 42 20 24 6 3 3 8 41 26 15 15 12 21 9 44 38 25 19 4 24 28 6 38 24 21 18 11 30 1 35 45 44 5 0 1 20 9 38 15 23 31 10 35 46 36 17 32 42 42 3 37 46 40 15 14 41 37 32 1 36 35 42 28 40 42 
21 21 8 20 39 35 50 10 47 23 15 44 10 3 8 39 26 20 28 14 40 6 30 42 11 34 27 38 30 38 40 32 46 5 16 46 25 23 3 18 37 36 44 42 49 0 48 27 30 43 47 9 23 1 26 3 15 42 16 10 6 8 13 31 9 34 33 48 6 37 13 14 4 17 10 27 
5 13 38 43 14 7 47 46 33 30 17 32 20 3 1 5 10 13 47 11 25 5 35 9 16 50 22 44 31 34 5 6 41 49 48 3 4 23 47 50 11 18 49 30 17 2 0 28 3 37 8 5 42 21 50 3 50 28 30 27 14 36 4 15 50 25 12 41 22 5 48 2 37 17 48 50 
8 7 6 42 15 22 19 7 23 29 14 35 42 47 48 26 24 46 33 15 8 3 50 6 6 11 7 49 39 7 18 26 23 1 45 44 22 38 13 43 17 47 42 21 11 27 50 0 25 8 23 28 41 34 34 42 5 8 1 37 4 16 21 19 17 12 39 13 41 2 4 4 37 34 41 48 
11 11 29 45 29 12 32 42 16 29 28 42 40 9 40 37 22 2 9 28 47 29 26 10 23 15 9 24 4 20 42 8 44 36 32 45 29 7 9 43 34 30 3 38 34 47 23 32 0 12 18 33 36 25 14 2 33 36 20 22 14 3 9 39 47 38 20 49 4 28 46 9 15 43 17 44 
18 26 38 26 26 43 27 13 37 37 6 34 30 35 49 9 9 35 45 41 26 42 7 50 15 49 19 5 16 9 18 43 8 20 34 8 49 45 46 22 26 46 2 11 33 36 19 20 29 0 38 1 31 49 27 19 27 20 38 11 28 24 23 47 28 19 14 26 11 1 42 11 14 39 23 16 
30 40 47 18 29 31 50 27 29 9 38 44 32 2 8 38 11 34 19 49 3 50 25 42 19 11 8 19 37 27 37 42 27 12 39 38 24 20 33 47 25 46 18 20 32 20 44 9 44 5 0 50 30 21 25 13 30 15 5 50 19 23 32 40 3 22 47 18 21 13 21 15 41 2 22 25 
8 32 6 10 49 17 50 26 33 27 7 22 3 49 9 23 19 21 15 25 44 7 16 48 36 3 24 47 23 40 10 29 49 1 6 49 10 45 1 2 24 6 8 26 15 25 16 22 4 49 47 0 21 38 48 32 1 16 8 25 47 44 3 3 44 18 29 24 3 44 11 14 24 21 13 2 
38 49 41 34 11 37 2 43 25 43 39 42 1 19 5 33 2 21 4 9 21 3 15 8 37 2 14 28 43 35 24 50 26 47 44 3 26 25 15 10 42 11 29 1 29 38 23 34 40 28 12 3 0 17 4 31 35 34 33 47 9 24 24 50 40 20 40 16 5 26 2 8 28 7 44 17 
11 25 15 30 49 29 31 39 16 24 21 33 22 16 10 19 43 28 6 37 19 11 40 31 40 22 19 9 39 21 34 47 24 37 21 10 20 4 48 31 43 36 35 16 50 7 45 39 16 33 15 50 2 0 7 49 1 36 34 41 28 10 23 50 45 40 24 10 35 46 50 49 40 31 25 44 
33 26 24 32 33 27 31 43 6 6 35 46 17 38 21 25 37 13 21 21 21 36 41 27 26 47 11 43 16 35 25 20 27 14 17 25 13 3 8 1 30 30 45 39 6 29 44 47 26 26 13 27 11 5 0 24 48 36 47 6 37 17 38 27 22 32 15 20 4 22 46 13 35 6 20 41 
41 41 2 22 48 4 14 18 41 22 48 10 22 41 20 40 16 47 22 35 42 4 24 8 41 9 41 26 30 14 28 22 41 14 33 7 34 26 8 33 4 20 36 50 34 6 49 14 3 6 47 38 35 35 50 0 38 18 44 31 40 14 39 39 28 45 27 19 8 8 13 7 40 39 39 32 
22 18 25 25 35 11 28 23 24 17 41 37 6 15 46 40 40 45 19 20 16 32 9 6 8 37 41 6 40 50 7 50 46 4 28 20 43 20 46 29 37 16 15 12 4 40 13 43 13 24 17 46 20 20 17 41 0 10 20 18 49 21 22 34 25 10 41 42 3 38 26 47 21 49 41 33 
50 18 48 2 18 24 48 43 17 34 12 30 27 38 38 10 23 3 48 9 15 32 40 2 14 49 11 6 38 27 47 47 30 37 17 23 13 19 50 25 23 30 18 41 49 12 16 15 1 16 24 18 2 33 19 19 29 0 47 39 20 14 43 6 40 38 15 1 40 22 15 48 5 3 24 36 
36 15 49 3 2 33 46 6 22 3 29 46 48 19 48 45 17 31 31 11 31 24 28 4 34 12 26 43 36 19 20 15 28 47 34 4 30 44 37 37 18 37 35 37 9 20 3 22 24 21 32 25 23 13 6 12 38 46 0 19 41 8 3 20 4 34 14 18 1 35 45 16 23 44 44 44 
44 40 41 45 15 9 5 20 15 38 45 43 16 42 23 17 34 26 47 30 15 18 31 4 46 2 2 37 30 6 9 31 30 20 12 22 47 2 5 32 3 34 6 17 39 22 2 10 13 29 32 48 48 15 29 27 10 38 50 0 13 7 19 41 10 29 14 13 47 30 1 20 33 22 15 27 
32 12 15 15 24 50 43 25 1 24 11 34 16 41 36 13 9 3 42 25 35 44 46 38 26 9 6 31 12 9 50 27 33 38 48 15 45 24 26 13 15 44 40 36 19 31 48 6 45 39 12 31 30 41 43 38 16 28 40 15 0 45 13 13 42 25 34 2 29 44 21 19 35 27 29 11 
41 5 11 19 45 12 50 36 23 48 20 48 43 46 11 49 17 35 11 19 3 32 48 12 35 29 20 13 24 21 27 4 1 30 2 34 6 9 45 4 45 27 40 45 5 37 10 34 34 22 2 1 17 11 9 10 7 49 34 17 42 0 38 13 3 22 17 47 13 44 27 44 9 41 7 24 
27 42 4 7 49 19 37 30 2 20 26 37 41 21 43 27 7 26 28 12 8 14 38 23 39 41 47 40 7 29 43 11 10 37 33 18 4 43 36 48 6 8 11 33 46 30 6 42 2 1 37 34 13 45 17 13 5 31 18 9 22 47 0 24 24 27 16 27 5 39 25 24 15 40 30 7 
50 4 5 27 10 35 6 39 6 43 10 48 16 20 20 14 23 25 28 27 9 35 38 7 31 3 2 4 27 27 22 44 33 39 18 9 50 5 9 24 17 9 18 31 17 19 12 35 19 12 2 41 13 4 48 16 17 49 47 7 34 3 13 0 30 21 17 15 27 3 12 14 18 16 4 10 
1 17 7 40 12 42 17 35 15 26 32 31 30 42 2 43 2 8 2 41 15 46 39 10 1 4 36 33 8 48 34 25 10 45 47 50 10 9 35 16 17 18 48 5 40 36 36 35 2 19 12 11 14 14 46 5 28 47 40 8 6 35 27 17 0 42 7 22 35 45 3 34 44 23 37 24 
47 49 35 21 15 19 1 32 40 36 24 11 47 49 43 22 13 19 28 11 33 42 31 13 33 15 1 41 49 35 19 38 28 40 50 7 44 27 26 40 6 4 38 31 19 47 26 36 3 32 22 25 46 27 41 5 18 23 39 1 18 10 33 5 18 0 36 34 7 50 36 28 37 44 38 5 
30 5 50 45 37 40 15 39 18 14 44 43 2 49 45 39 22 39 26 22 46 21 33 14 33 13 19 37 17 4 35 32 8 22 12 1 18 28 3 11 4 22 15 42 24 44 33 9 6 47 7 49 18 17 10 9 23 37 12 24 21 29 22 15 29 13 0 35 30 37 44 22 44 37 15 19 
24 7 41 40 40 31 11 31 20 48 37 14 42 12 4 29 32 17 29 41 25 50 1 13 12 9 3 22 12 26 13 12 4 49 36 3 32 47 22 43 11 48 3 18 43 49 44 19 34 16 40 27 8 25 44 25 6 29 29 31 29 40 20 45 35 25 11 0 43 26 2 47 36 45 37 30 
27 48 34 21 13 16 35 38 46 37 36 5 29 5 12 47 4 18 42 15 22 29 9 34 18 39 1 43 33 20 4 33 22 45 18 28 23 8 16 16 44 2 24 8 49 21 32 39 15 5 44 18 4 22 9 49 40 1 4 25 15 43 6 27 33 4 34 35 0 37 35 24 46 3 26 21 
20 5 1 35 47 8 12 28 28 27 36 29 50 37 20 39 23 5 41 2 2 47 48 25 45 38 47 2 31 32 48 16 28 2 40 44 39 16 7 18 3 15 28 1 48 26 34 49 18 47 1 41 12 25 19 23 8 26 41 10 11 10 48 47 29 21 1 49 47 0 27 50 8 48 24 49 
37 20 48 28 20 4 49 35 35 31 7 4 4 33 17 37 14 25 47 7 43 18 32 22 27 25 36 2 42 48 44 43 38 26 32 4 10 48 22 7 12 26 13 17 22 17 48 17 30 40 36 33 2 17 6 20 39 26 2 45 19 48 44 38 37 15 17 28 1 14 0 27 17 4 41 46 
18 5 15 1 11 27 20 22 2 12 11 42 21 20 13 16 34 47 27 39 15 33 26 30 8 1 21 16 17 14 20 29 11 22 39 15 24 26 42 19 49 26 42 26 26 23 46 8 38 49 44 20 28 3 32 35 29 36 44 11 7 4 6 39 43 33 32 50 32 48 42 0 9 6 8 40 
39 42 50 4 36 5 13 28 19 21 50 1 8 41 5 36 38 33 32 12 46 21 4 34 44 41 47 27 41 7 35 15 20 14 43 44 29 33 9 6 45 26 38 19 43 32 24 10 27 12 5 27 25 47 44 19 38 17 10 45 9 37 38 12 36 35 31 45 49 11 7 6 0 24 26 18 
20 34 36 41 12 17 37 50 29 3 9 41 24 20 24 6 13 23 14 47 8 39 26 33 9 1 30 11 16 5 49 3 49 30 25 36 3 27 49 29 22 37 9 10 27 45 8 25 25 6 45 34 11 29 10 32 8 3 33 11 37 26 34 25 4 7 43 45 46 39 4 37 24 0 36 26 
22 30 16 7 15 44 5 37 11 11 16 42 20 20 43 28 1 44 38 42 46 3 35 6 21 3 14 30 37 2 9 10 25 4 39 3 43 47 19 18 33 40 24 15 39 15 23 25 3 12 4 43 37 45 30 19 45 10 36 12 31 25 1 9 2 7 18 17 32 41 36 4 26 20 0 9 
7 30 21 18 7 30 39 28 26 49 16 23 31 25 20 9 33 11 7 38 8 40 15 13 33 48 7 44 13 26 50 17 17 36 23 40 24 43 30 33 42 48 26 11 36 34 37 42 12 33 3 43 20 33 2 18 16 9 36 9 24 45 16 50 49 50 7 46 2 31 35 40 32 25 46 0 
