3
37
36 0 3 10 28 29 6 34 38 50 46 22 22 50 4 29 10 35 18 25 12 24 26 4 11 8 1 49 49 36 22 46 17 44 23 40 24 24 
35 42 0 2 8 9 49 21 38 28 45 13 27 38 5 48 50 38 42 10 49 49 21 28 8 35 2 29 1 5 28 28 14 6 36 50 27 24 
5 15 28 0 33 24 30 6 37 23 49 18 48 18 7 31 30 26 26 15 14 45 24 7 20 21 34 50 18 49 22 2 5 21 26 34 27 33 
16 26 41 23 0 21 13 4 11 3 37 22 47 35 30 11 36 14 30 31 8 8 13 40 31 39 38 1 47 13 28 43 23 4 48 10 50 24 
42 24 12 4 9 0 18 47 28 21 15 43 41 19 8 47 3 19 25 4 36 11 34 33 12 7 49 26 45 50 43 37 21 11 13 22 6 19 
5 50 45 44 3 18 0 24 9 7 44 20 46 20 36 24 7 14 14 8 41 50 48 11 43 3 29 29 28 23 30 7 36 41 35 15 26 9 
43 8 17 10 4 1 5 0 7 49 30 8 13 14 47 49 15 15 20 7 39 3 42 24 40 46 37 27 38 34 5 36 21 49 49 22 6 42 
32 47 48 7 37 4 50 21 0 15 9 33 8 22 27 16 8 37 6 2 34 27 14 18 25 17 23 45 44 38 15 15 26 43 23 33 23 10 
33 17 38 25 19 31 28 44 30 0 12 29 21 13 12 44 21 23 15 19 29 23 40 14 10 6 34 1 44 8 15 50 44 43 48 5 39 14 
9 8 33 41 31 38 11 16 24 25 0 3 22 6 21 8 15 45 37 43 4 29 19 36 31 34 37 15 13 36 29 15 8 5 7 14 8 37 
39 43 3 3 44 33 10 48 23 2 45 0 42 29 49 12 12 36 36 40 23 2 7 45 23 49 31 45 10 46 17 49 7 1 29 6 45 41 
1 35 37 27 33 12 35 21 21 7 31 4 0 46 20 22 24 35 35 32 48 30 5 14 38 50 3 6 4 38 42 1 43 17 22 36 1 4 
47 20 46 11 2 29 24 15 6 50 48 28 34 0 16 44 24 47 11 47 21 50 27 31 6 32 33 30 6 39 38 24 35 21 21 39 16 37 
38 29 26 41 23 44 3 9 26 5 26 8 19 20 0 12 39 30 5 20 39 40 30 20 50 18 27 19 26 14 7 14 28 29 38 10 33 21 
31 27 34 28 48 6 29 4 49 20 18 13 46 41 16 0 20 27 48 9 9 27 23 47 25 27 46 19 42 49 29 31 11 29 19 50 29 37 
12 42 24 41 46 20 7 2 14 18 17 48 8 3 41 2 0 24 45 9 30 9 2 3 38 38 6 20 39 7 35 28 42 38 34 16 6 35 
19 31 3 40 24 14 28 3 44 41 27 41 10 6 24 42 49 0 29 10 40 37 4 41 50 19 45 29 41 25 10 25 37 36 17 6 15 6 
41 35 38 25 36 44 15 44 49 48 30 4 1 40 5 6 16 49 0 15 40 4 22 29 35 38 28 35 17 40 6 43 50 9 36 8 44 22 
15 2 10 27 7 20 48 50 37 25 21 20 32 20 19 41 26 3 19 0 7 4 38 8 10 49 4 43 6 30 45 15 32 12 34 1 48 5 
13 47 2 31 36 2 3 14 47 9 36 24 10 34 33 39 37 19 28 44 0 1 29 4 28 43 20 42 10 40 9 49 19 22 36 13 7 18 
27 18 37 6 46 2 46 7 32 21 12 32 43 26 15 24 4 5 35 44 24 0 39 16 10 44 25 39 11 17 2 24 22 27 22 11 2 41 
39 6 27 8 21 11 49 31 28 47 33 34 46 18 32 29 13 44 38 2 27 12 0 21 14 36 40 30 48 40 5 21 15 14 33 16 49 8 
36 4 29 18 30 16 28 6 27 22 35 42 43 15 28 24 50 14 27 36 13 23 31 0 31 2 41 23 26 19 20 13 3 34 21 28 41 9 
35 48 47 43 9 9 19 46 6 48 41 44 42 15 20 40 14 45 13 23 49 16 40 43 0 2 38 8 10 33 9 22 37 38 15 16 17 31 
43 4 15 13 35 47 44 33 33 27 6 44 13 20 26 15 19 11 19 8 4 41 22 2 10 0 14 47 26 4 6 28 50 3 10 21 42 49 
10 14 20 47 11 20 11 2 16 20 39 47 23 20 5 47 10 27 3 33 14 4 22 50 18 29 0 28 50 7 41 4 50 35 16 9 47 50 
12 44 22 11 50 44 45 8 29 32 37 23 4 44 33 19 9 36 7 43 21 29 33 42 12 46 26 0 16 40 12 8 12 9 47 49 34 31 
22 14 11 28 42 39 48 42 27 4 48 22 31 26 30 3 4 30 33 11 30 50 4 18 29 18 18 24 0 25 15 7 46 50 38 38 22 46 
16 29 40 35 1 36 43 28 45 9 36 28 10 5 18 16 23 2 23 11 43 49 24 22 24 17 13 47 3 0 23 44 39 8 7 38 1 43 
27 30 15 11 41 35 10 32 47 16 10 39 30 27 37 16 12 4 18 5 19 12 35 24 46 26 22 16 48 21 0 3 17 17 24 47 22 8 
50 3 15 15 40 28 1 3 9 23 46 7 23 47 3 21 47 25 15 46 42 15 15 13 44 35 27 13 43 22 7 0 31 15 8 12 2 4 
40 29 35 34 21 38 3 27 10 25 24 1 47 21 49 32 27 17 35 38 2 22 5 2 38 10 37 17 16 42 16 35 0 2 18 8 46 31 
12 21 28 12 37 35 11 3 13 47 2 8 49 39 41 27 14 2 19 24 33 47 12 1 36 12 18 9 40 49 29 14 4 0 2 16 47 8 
26 16 37 45 50 26 13 35 10 17 4 25 8 38 17 39 22 48 16 10 28 26 26 18 2 13 14 19 39 4 48 23 45 20 0 38 37 32 
30 34 21 49 17 27 45 14 35 32 12 13 25 33 4 50 38 31 50 41 20 44 37 12 45 46 6 19 32 30 38 50 30 8 43 0 14 45 
11 11 50 31 4 18 31 3 6 15 22 44 23 8 40 39 47 12 37 48 10 4 21 21 26 33 5 45 12 33 17 40 41 6 27 20 0 1 
11 16 27 6 10 40 32 35 26 9 23 49 12 34 47 7 17 35 7 41 29 5 22 13 37 41 23 49 32 4 18 32 21 38 37 46 10 0 
42 0 1 15 39 37 1 24 32 46 50 50 21 34 25 21 20 29 22 6 45 14 19 19 17 34 3 22 42 42 28 24 48 1 47 25 35 42 
2 43 0 4 49 31 41 42 24 28 49 30 47 12 43 17 31 2 47 23 33 49 6 34 30 33 41 19 27 2 20 38 50 37 28 27 30 3 
47 33 29 0 27 43 6 5 42 45 30 36 8 18 50 50 2 2 44 47 9 24 16 41 23 16 22 8 11 30 11 34 17 37 29 6 14 45 
6 6 50 30 0 38 38 11 34 19 35 21 38 49 35 35 30 22 29 31 43 7 12 22 49 44 12 35 47 20 22 40 44 36 7 47 38 47 
29 36 29 30 39 0 47 38 37 24 32 26 49 37 15 50 25 22 39 44 35 2 36 27 3 15 15 48 46 27 2 42 39 48 34 43 43 2 
14 18 15 34 12 21 0 31 10 49 33 7 40 19 15 19 3 3 45 44 10 27 16 25 50 43 10 22 40 38 2 3 22 8 24 9 22 29 
2 41 16 46 43 17 32 0 41 6 8 38 24 37 45 40 50 33 26 49 43 16 42 2 49 41 23 47 31 35 33 46 7 47 24 2 4 29 
15 34 50 44 9 37 2 35 0 16 1 7 14 23 25 48 11 30 14 10 40 17 5 21 20 2 7 24 13 31 28 14 43 36 22 19 43 49 
49 7 5 50 15 26 22 41 17 0 13 8 49 47 18 10 42 15 12 10 13 30 43 3 14 40 5 39 38 14 29 1 7 6 12 31 7 6 
41 3 30 49 30 35 44 16 15 35 0 10 4 2 22 10 9 30 19 7 5 42 10 11 37 34 27 39 13 2 43 36 37 4 37 24 10 31 
14 1 8 9 49 26 20 30 35 13 8 0 41 48 27 43 24 3 14 31 42 44 16 3 47 32 14 22 49 23 1 15 48 1 29 16 18 50 
46 44 34 41 8 50 14 31 22 5 17 43 0 13 1 23 43 18 37 49 49 11 27 35 5 21 7 35 49 10 41 19 11 25 25 7 21 48 
2 37 16 40 16 10 10 5 7 10 50 42 5 0 33 43 17 20 39 19 9 30 20 1 15 16 22 32 36 6 19 39 44 3 46 17 1 33 
10 45 18 26 50 15 47 35 7 5 8 27 45 5 0 36 38 13 19 33 36 2 24 45 29 24 50 38 22 6 40 10 17 42 34 11 45 2 
33 30 5 5 31 9 17 24 10 11 14 3 6 40 28 0 34 15 32 36 50 39 3 50 27 25 30 18 46 42 35 12 45 42 37 30 39 29 
32 21 16 29 5 14 39 25 20 50 50 32 34 28 2 25 0 45 13 31 31 28 30 1 42 21 33 26 50 19 12 20 10 40 5 34 12 21 
22 35 40 12 3 6 30 18 14 9 8 10 20 47 24 50 8 0 1 2 21 25 8 22 39 39 6 8 30 41 43 29 44 41 5 23 29 41 
19 26 25 22 24 7 25 18 40 49 15 47 11 32 5 33 41 47 0 15 14 1 23 47 48 50 28 22 31 14 20 16 24 46 9 40 26 27 
49 1 1 48 21 49 7 44 34 30 11 24 12 50 9 9 16 41 47 0 29 27 22 47 36 44 5 21 34 41 2 2 43 29 6 43 46 14 
16 30 24 40 5 16 48 11 7 3 21 7 16 31 19 43 48 1 27 4 0 16 4 17 29 24 3 33 29 19 46 6 8 13 45 50 11 24 
39 23 6 50 25 38 2 1 27 26 21 34 1 31 6 16 42 49 13 14 45 0 17 2 34 20 43 11 47 13 44 21 31 8 20 9 29 22 
5 41 16 15 28 47 28 12 45 19 15 1 42 21 47 37 47 29 23 21 23 30 0 33 27 6 38 33 5 41 26 31 23 27 45 38 8 47 
49 18 21 24 22 25 24 47 47 22 24 25 45 11 41 37 8 49 25 9 40 10 41 0 14 24 22 20 38 43 24 48 34 39 40 49 12 2 
47 2 6 9 31 9 17 10 31 46 15 41 36 20 46 13 50 8 39 27 7 1 50 5 0 37 4 23 24 40 36 5 13 30 35 12 48 20 
1 9 2 24 4 44 26 5 48 7 5 2 22 40 33 10 35 46 47 2 1 22 27 36 44 0 21 45 42 2 11 1 8 49 43 49 50 38 
4 4 7 25 50 40 48 19 22 18 46 23 3 46 40 15 46 19 29 32 16 31 34 49 35 3 0 37 6 47 3 29 42 33 23 31 42 40 
28 1 33 30 18 22 3 49 20 50 16 12 43 3 24 20 18 23 23 20 9 40 47 3 42 22 19 0 39 5 40 31 15 48 26 19 19 47 
3 48 10 31 1 16 4 22 45 4 1 5 22 16 50 8 23 32 38 4 30 38 47 3 14 44 30 19 0 1 14 18 34 6 24 16 26 14 
40 8 25 44 32 47 18 19 35 34 25 32 7 26 45 32 15 18 15 2 8 17 7 36 36 21 32 37 17 0 50 49 50 25 45 33 24 14 
11 48 42 29 34 30 11 6 37 45 38 23 3 41 7 1 24 7 24 2 39 8 12 16 31 3 35 36 25 8 0 13 44 22 18 5 20 24 
23 24 37 47 31 49 27 44 15 14 9 42 49 1 39 10 22 25 3 37 26 48 32 46 25 31 30 33 45 2 36 0 37 37 28 1 33 37 
5 9 10 36 23 17 39 27 44 26 8 24 35 50 43 2 34 49 26 42 42 22 50 19 44 49 13 29 22 6 22 50 0 6 23 17 17 44 
2 3 31 43 19 32 6 23 9 11 2 43 36 4 30 26 42 46 34 9 41 42 24 4 11 6 39 5 8 19 12 33 27 0 9 32 46 45 
50 23 41 44 47 36 39 11 37 37 2 42 24 15 27 34 8 3 11 30 27 33 14 43 2 15 40 49 20 16 27 22 35 31 0 42 23 43 
16 45 6 35 43 25 19 37 13 35 5 36 49 19 6 22 16 18 17 10 49 43 32 47 41 42 21 10 30 8 43 23 4 42 43 0 9 5 
45 35 8 45 7 40 31 35 14 21 47 22 1 19 14 26 14 45 24 14 10 45 2 5 10 7 6 42 33 32 8 27 48 17 22 34 0 9 
15 43 4 1 12 28 22 24 38 30 39 30 47 41 48 20 46 46 50 33 4 36 50 34 40 3 32 14 21 25 34 47 30 17 49 3 20 0 
13 0 49 18 30 31 22 28 17 12 36 41 10 8 3 22 23 1 5 30 44 20 11 9 46 9 4 14 46 42 50 31 43 46 50 33 47 32 
3 24 0 15 22 18 29 17 41 4 13 23 13 25 30 12 20 10 1 2 40 23 22 28 9 32 25 12 5 49 15 9 20 25 41 48 32 15 
22 3 33 0 42 5 5 41 41 34 18 21 20 24 37 49 31 8 10 31 47 7 40 43 17 12 43 39 5 3 38 35 32 30 5 38 49 20 
48 18 18 37 0 18 49 8 41 36 25 29 10 40 18 32 17 36 9 32 11 17 30 12 17 37 39 47 33 40 40 20 49 1 12 10 42 14 
11 39 42 35 26 0 27 19 11 46 14 21 4 15 45 46 6 38 3 19 7 2 50 30 2 26 2 47 6 30 9 29 9 40 3 25 21 41 
26 41 4 44 6 41 0 25 26 30 25 45 25 44 14 9 42 36 13 11 10 40 10 25 31 13 31 38 35 13 14 12 20 26 16 13 13 15 
13 46 10 5 27 46 27 0 2 32 37 46 20 17 5 41 15 11 1 17 17 24 31 26 4 40 14 17 13 26 50 28 2 47 27 23 18 2 
6 14 14 48 29 32 44 43 0 16 46 10 22 6 15 15 46 46 41 33 20 6 15 13 30 15 27 32 10 45 24 40 32 23 14 5 37 3 
20 46 49 32 12 25 19 7 42 0 21 35 13 6 1 37 41 48 46 42 2 35 34 3 50 35 49 42 6 28 49 42 10 28 43 27 46 34 
38 45 40 44 23 23 7 48 47 39 0 23 4 41 26 18 14 36 19 37 43 49 48 13 34 14 29 44 29 25 35 13 25 42 7 10 2 3 
8 12 11 47 3 39 10 19 2 38 24 0 25 47 43 25 40 3 36 41 32 6 30 44 30 28 24 12 27 49 13 35 16 17 12 28 7 26 
47 47 9 4 15 12 42 20 5 29 43 38 0 36 39 22 20 20 47 29 18 32 19 30 28 34 21 40 3 9 8 35 16 19 14 7 40 33 
29 41 19 3 10 24 45 19 39 14 25 13 46 0 47 16 50 39 45 28 18 32 20 45 23 39 12 47 44 28 20 22 32 33 38 42 6 10 
16 22 46 35 9 45 8 15 41 13 12 20 16 30 0 19 29 23 1 9 47 46 14 48 27 2 42 20 42 43 31 9 6 10 40 23 24 33 
33 23 25 38 8 49 50 36 25 12 40 3 3 11 37 0 33 10 15 3 24 19 34 18 26 16 23 10 4 6 10 27 7 46 47 40 29 34 
10 38 15 49 42 28 30 31 40 40 20 23 23 1 25 21 0 1 15 50 6 50 22 36 39 47 30 15 36 33 8 7 22 9 49 50 28 38 
25 27 6 38 46 27 33 41 32 34 9 2 37 46 32 40 23 0 35 38 3 26 3 12 13 44 48 33 33 49 14 24 1 48 34 26 38 44 
18 4 45 3 49 16 47 6 35 47 12 25 32 36 15 12 26 12 0 23 15 44 45 48 45 50 42 18 10 9 4 4 20 45 47 6 31 43 
50 28 37 16 8 10 2 21 9 18 29 10 39 23 22 3 23 1 24 0 7 1 3 8 48 37 48 31 43 43 31 36 31 34 20 26 35 36 
50 36 35 47 25 42 24 40 50 20 32 32 18 22 46 33 25 43 47 20 0 40 30 10 30 9 29 28 33 48 27 20 47 37 17 24 15 39 
11 27 11 34 9 37 29 49 11 25 10 40 49 10 28 29 16 47 20 26 6 0 38 46 15 42 42 24 50 36 46 2 48 31 44 15 16 36 
37 31 43 32 31 48 4 18 43 50 17 43 18 22 20 5 40 33 23 31 47 42 0 17 13 29 14 16 24 12 9 5 46 12 43 29 17 28 
44 26 40 43 47 49 43 8 7 18 25 32 44 42 11 42 35 40 45 14 30 3 18 0 33 30 7 34 45 22 32 25 43 4 27 46 8 33 
39 50 44 25 6 23 46 42 42 18 18 45 4 27 4 35 3 48 42 8 8 13 41 15 0 49 36 26 44 32 29 17 47 4 9 47 41 2 
40 25 31 22 42 38 39 17 1 18 5 22 8 1 30 5 50 26 26 9 29 27 20 48 3 0 10 14 2 22 41 46 31 14 34 14 23 11 
37 17 25 3 49 48 18 22 22 25 28 37 42 4 34 22 32 24 13 5 34 20 32 25 37 45 0 10 23 25 9 25 38 7 44 14 9 1 
7 30 29 3 27 31 36 36 15 30 38 12 10 32 11 1 19 28 17 35 1 16 5 39 46 48 14 0 50 41 31 49 40 25 21 25 44 35 
3 8 39 47 39 23 15 22 11 15 27 15 37 39 16 48 25 1 42 26 40 7 30 18 36 46 35 31 0 49 38 39 8 17 17 17 21 29 
39 12 43 40 18 35 33 38 36 4 43 33 43 1 21 34 19 45 46 29 22 12 44 39 35 23 24 27 19 0 49 21 22 46 19 36 39 49 
37 23 23 47 30 1 42 43 49 7 37 18 25 48 22 22 42 8 27 19 5 6 45 11 6 19 38 34 21 38 0 24 15 33 35 33 23 23 
32 42 12 3 47 36 16 37 9 45 1 50 1 4 12 10 21 45 32 28 12 42 12 13 8 22 11 34 23 36 40 0 16 50 49 11 17 16 
16 9 20 29 25 47 24 37 35 21 34 13 6 12 41 1 45 12 41 30 49 45 25 26 33 15 24 6 35 50 2 44 0 46 44 5 36 13 
49 38 45 38 26 24 1 27 21 17 24 50 15 5 38 21 37 18 22 34 44 47 11 24 19 3 35 20 41 18 13 8 5 0 39 46 24 46 
43 23 21 24 49 12 48 50 7 20 46 14 23 9 26 33 2 19 3 27 21 20 24 40 32 37 4 5 17 45 26 10 14 26 0 45 46 2 
11 46 35 14 25 13 33 40 6 18 9 37 26 4 21 44 47 25 23 49 32 43 12 9 43 34 12 44 36 50 48 15 31 32 42 0 23 18 
14 47 7 41 1 26 19 46 19 41 41 6 16 18 1 22 47 21 19 34 27 21 42 1 40 4 7 21 44 6 44 12 48 26 33 29 0 17 
8 31 17 44 14 24 43 21 39 21 33 48 44 34 12 24 40 42 44 5 6 2 47 20 48 2 13 48 30 9 41 35 23 5 39 40 2 0 
