3
34
8 0 9 5 46 11 25 16 12 32 41 11 5 47 26 24 17 22 25 21 4 4 40 29 9 43 5 20 6 45 1 40 28 34 19 
38 18 0 50 33 16 17 43 17 13 4 9 46 44 10 13 18 38 30 41 8 12 19 30 47 3 7 5 10 18 31 1 34 22 29 
39 7 17 0 40 10 5 12 37 27 25 50 48 11 10 44 27 14 11 38 27 8 20 38 4 30 9 12 33 50 32 4 26 25 16 
22 6 2 48 0 21 36 46 26 42 6 47 6 47 46 17 41 17 41 47 45 21 20 20 14 10 1 44 29 38 46 22 25 24 45 
39 39 26 16 40 0 2 31 32 28 33 8 24 13 17 17 9 16 13 30 30 45 3 37 38 39 21 43 18 38 47 35 22 33 2 
8 28 16 1 1 45 0 15 40 42 37 7 37 38 28 12 30 30 9 46 44 50 36 2 38 28 20 10 14 45 31 49 36 41 12 
9 39 43 15 12 35 16 0 6 11 50 32 2 33 15 6 8 17 26 27 40 2 22 27 28 23 32 35 1 45 11 39 21 46 27 
19 23 37 16 47 11 29 45 0 25 2 6 27 37 45 8 37 15 23 9 2 10 38 13 15 42 31 50 15 12 50 11 12 6 7 
47 33 22 2 30 16 11 8 47 0 25 23 47 45 41 44 8 47 17 12 45 18 32 11 22 24 16 12 14 33 26 42 45 21 31 
49 25 16 14 44 44 41 2 41 38 0 43 46 36 10 21 4 4 45 50 12 40 16 23 50 28 14 5 47 25 22 34 28 26 15 
42 19 43 34 24 19 4 16 41 23 29 0 29 31 2 44 30 22 47 46 10 42 33 3 16 36 31 40 44 27 20 5 16 20 22 
18 3 11 20 22 32 8 24 26 50 21 50 0 33 4 4 46 50 37 33 17 24 10 16 28 49 43 29 10 40 21 19 14 10 9 
34 41 19 3 26 15 2 18 8 4 45 37 48 0 37 41 32 20 18 33 3 49 9 37 34 22 29 3 49 35 5 31 8 41 25 
20 14 27 48 12 19 16 6 2 13 33 13 46 43 0 20 8 2 1 31 7 11 25 5 36 31 47 12 3 34 4 23 38 46 24 
17 28 5 23 7 15 38 43 8 25 2 10 34 10 30 0 27 3 30 27 34 14 46 9 42 17 15 7 13 23 49 40 45 17 22 
27 43 4 29 45 16 20 19 18 31 34 21 14 3 24 7 0 1 43 11 13 10 21 19 13 6 43 9 25 20 10 35 8 44 12 
34 38 24 25 36 11 15 46 28 29 9 46 1 5 39 17 48 0 47 34 5 13 6 24 41 23 3 8 46 49 9 46 27 28 2 
20 37 34 27 8 1 49 15 43 40 5 10 42 4 36 4 12 38 0 24 40 50 28 14 33 2 33 3 20 48 20 33 32 19 49 
36 3 33 22 40 34 6 48 13 34 36 14 11 4 10 45 47 9 3 0 39 3 42 24 2 25 25 48 30 18 24 8 24 42 43 
19 34 21 41 48 41 34 2 15 31 47 39 23 50 10 3 24 25 29 30 0 47 44 30 32 47 15 37 27 31 40 27 13 22 18 
36 26 25 7 11 13 6 1 27 43 5 37 3 49 20 16 1 34 45 12 47 0 26 5 40 44 34 4 7 22 26 4 34 17 5 
14 35 29 17 14 17 25 46 17 37 27 11 13 39 8 16 39 44 19 10 22 11 0 22 35 13 28 9 49 30 1 40 22 20 48 
35 36 38 34 20 29 38 1 9 19 13 33 21 16 50 6 37 11 16 8 34 4 13 0 44 5 37 8 26 17 17 47 6 42 15 
4 22 29 6 24 41 22 21 3 4 23 30 7 44 50 24 15 29 7 12 15 31 23 44 0 30 34 21 13 35 42 22 8 42 6 
12 28 28 32 38 25 36 14 2 10 21 25 30 14 26 43 3 19 50 30 1 24 50 35 27 0 40 20 10 36 11 32 16 39 1 
32 23 47 33 42 32 27 2 30 14 23 5 5 7 37 43 40 4 8 13 6 39 29 43 6 48 0 5 26 28 42 28 6 37 29 
33 4 46 20 27 18 3 50 44 36 12 22 36 13 24 44 21 29 8 26 46 44 44 5 28 44 27 0 2 24 38 36 18 19 27 
25 33 48 21 27 41 10 6 45 43 31 34 13 42 3 35 22 50 49 11 33 39 11 41 42 34 41 2 0 26 6 1 45 4 9 
39 41 46 50 3 18 17 41 49 1 24 45 31 36 49 40 17 37 19 8 44 36 23 7 29 43 50 8 30 0 39 43 37 30 4 
4 12 39 22 47 32 44 43 40 10 18 48 3 6 4 37 40 15 26 47 16 3 19 40 22 10 19 10 11 11 0 9 38 15 28 
32 37 1 46 40 38 14 2 46 13 39 31 41 44 5 43 50 29 11 34 39 2 44 49 50 38 13 35 33 30 1 0 31 34 26 
25 17 37 44 25 38 33 14 7 6 1 41 20 25 5 18 11 31 27 31 39 31 43 2 46 3 25 29 20 17 13 9 0 48 16 
20 38 7 6 4 24 1 25 45 39 48 10 18 39 31 15 20 21 5 3 37 44 24 35 49 22 13 5 45 41 44 43 44 0 5 
6 18 11 6 27 3 30 15 36 5 5 37 35 37 49 5 47 42 5 45 29 26 14 23 7 32 11 47 30 5 46 6 16 14 0 
34 0 13 5 14 44 2 24 23 9 20 31 13 38 27 6 40 44 2 38 50 26 30 4 38 49 45 43 33 35 32 10 49 21 21 
4 36 0 1 34 48 4 22 7 18 45 43 45 45 35 42 41 11 44 19 17 39 4 10 17 16 50 10 41 38 27 11 32 42 17 
24 21 40 0 11 4 35 29 20 13 10 46 4 1 8 42 45 21 16 31 5 33 50 26 35 18 49 45 31 19 41 34 11 4 29 
12 22 1 1 0 41 34 39 20 41 1 21 12 49 2 49 44 7 46 2 38 34 24 45 5 43 5 41 48 1 22 26 35 1 22 
47 21 44 20 26 0 47 17 14 9 26 14 7 50 43 33 25 35 39 10 17 45 38 27 46 9 36 44 41 19 19 25 37 11 28 
5 28 1 37 20 6 0 21 20 15 19 42 36 5 48 16 26 38 38 26 35 27 9 44 48 12 40 4 26 46 41 2 28 46 23 
39 5 25 48 19 5 46 0 26 24 9 5 23 31 46 25 43 32 38 11 27 1 46 34 3 26 31 2 45 25 25 17 15 40 33 
10 12 1 40 19 22 40 2 0 36 36 44 39 10 8 1 3 9 14 17 20 23 43 21 22 23 39 3 1 1 50 42 40 34 49 
37 14 43 42 20 40 38 49 11 0 49 10 37 21 44 44 23 16 3 49 20 10 17 41 29 18 30 20 39 2 37 44 4 6 12 
22 38 11 18 45 28 33 25 33 23 0 13 36 18 9 7 28 34 39 42 14 39 20 24 14 24 40 20 49 47 25 5 7 32 10 
23 7 13 48 9 22 38 36 35 19 17 0 32 13 11 32 24 3 6 12 43 23 3 14 47 44 6 8 34 28 8 18 7 5 8 
37 50 16 36 31 21 26 4 35 5 47 43 0 27 10 18 23 22 50 45 40 38 20 44 16 4 3 14 4 8 27 2 11 27 5 
24 32 9 17 25 42 17 20 18 9 1 2 29 0 48 17 6 37 18 12 16 21 17 7 50 32 29 7 23 46 8 4 37 16 23 
36 36 14 6 25 4 23 18 3 35 16 3 24 17 0 37 3 41 34 49 12 34 8 25 10 35 47 35 44 24 10 5 14 37 7 
13 32 42 32 44 9 43 4 15 23 34 30 5 41 37 0 44 18 21 38 4 40 29 11 4 21 29 19 30 45 43 30 2 16 18 
5 5 11 10 40 41 19 31 43 3 27 6 42 45 8 30 0 43 35 27 33 17 34 22 38 11 15 40 14 9 22 43 32 14 38 
37 32 34 8 31 48 36 9 37 8 28 15 37 25 23 15 1 0 46 26 33 1 21 34 23 49 26 1 6 22 21 10 45 42 5 
9 26 47 36 4 30 48 8 48 14 11 47 28 16 42 45 22 48 0 7 31 37 16 49 12 9 6 47 30 38 16 49 34 24 33 
16 47 19 16 42 47 36 43 24 21 13 3 48 35 15 28 49 12 38 0 11 18 44 28 35 27 49 33 19 21 32 15 27 24 46 
1 45 26 7 6 11 46 44 42 28 50 7 9 13 16 11 17 37 46 13 0 16 23 19 34 39 44 14 18 23 43 6 36 30 3 
35 20 2 42 7 28 16 24 2 50 36 21 40 20 4 11 15 29 31 12 31 0 28 26 43 19 13 47 29 22 50 23 15 27 7 
28 46 9 25 31 19 47 42 22 20 48 19 4 44 14 13 28 27 5 19 22 8 0 45 9 24 44 31 37 3 3 28 22 44 34 
43 8 2 40 49 13 15 39 7 7 45 50 9 3 15 9 23 46 10 9 35 21 1 0 50 2 37 39 10 39 20 43 27 25 21 
2 7 12 38 29 43 5 34 1 38 15 24 36 28 23 45 30 32 12 36 50 22 8 2 0 39 12 24 5 50 38 15 19 26 39 
2 9 48 35 18 18 5 1 21 13 36 28 1 11 38 45 40 11 15 40 21 31 49 10 50 0 18 19 50 34 14 24 46 49 48 
27 14 47 46 15 45 32 49 2 45 16 12 11 13 17 5 49 4 5 37 18 21 10 38 36 1 0 50 5 18 7 40 40 29 4 
35 24 48 44 47 21 9 22 30 5 45 39 7 7 34 29 16 21 42 13 31 6 5 10 11 15 45 0 27 32 45 5 26 33 8 
28 44 8 5 7 35 29 46 42 5 43 48 44 44 22 39 42 19 49 17 24 29 19 38 34 33 26 32 0 40 35 50 19 6 50 
29 40 22 12 14 7 35 35 15 1 17 14 21 2 6 44 4 36 28 17 34 50 25 20 21 25 10 47 6 0 8 5 25 42 44 
16 32 17 30 6 42 33 39 15 19 21 21 12 24 26 47 32 15 42 40 16 29 16 3 41 40 48 38 29 7 0 46 43 22 27 
37 25 27 24 31 36 35 46 35 6 49 1 13 36 22 10 26 41 34 3 29 37 16 15 40 17 44 45 10 8 24 0 29 49 36 
37 2 20 8 34 6 6 21 45 11 4 40 28 13 16 20 31 5 9 20 49 1 9 13 34 15 42 40 36 27 32 20 0 3 28 
49 21 40 19 7 28 48 9 42 6 11 1 40 32 29 41 27 19 20 30 37 37 43 8 24 20 15 16 35 19 29 35 38 0 50 
14 46 31 13 49 32 23 41 9 4 2 34 25 11 11 46 50 14 50 23 41 13 28 32 45 38 14 32 24 24 27 27 13 40 0 
18 0 34 10 15 21 39 8 47 28 40 7 41 45 5 6 40 19 16 35 15 9 2 19 49 19 12 18 41 17 36 27 26 22 36 
43 28 0 36 36 43 12 16 45 35 39 26 5 43 9 27 34 5 12 42 48 31 17 15 11 47 10 21 17 30 43 14 32 19 10 
13 28 5 0 34 23 24 50 15 18 31 24 14 19 9 15 34 32 15 34 24 5 27 13 25 40 34 41 49 16 43 25 45 36 34 
47 49 30 21 0 40 19 48 17 49 35 38 33 41 12 3 47 11 49 48 46 5 36 15 30 45 39 33 2 50 25 6 30 29 36 
12 16 4 11 26 0 15 27 39 28 28 38 7 44 29 46 19 32 27 47 41 29 12 34 1 27 2 36 47 17 25 30 8 4 6 
1 38 43 1 24 34 0 20 16 9 37 43 38 46 5 6 31 44 30 34 38 7 1 32 4 34 24 29 30 22 4 49 30 3 39 
29 9 27 31 3 14 22 0 14 4 47 8 39 7 32 41 37 31 1 25 17 49 50 6 40 17 50 5 40 44 5 39 14 35 7 
27 48 5 13 27 21 17 44 0 48 36 46 45 18 48 40 36 23 49 5 37 40 29 4 37 15 3 9 33 20 49 9 45 5 50 
6 44 33 19 24 5 50 6 2 0 21 45 23 32 8 50 9 33 40 9 48 18 48 44 19 49 24 12 35 24 50 27 1 41 19 
42 47 3 4 25 50 38 35 27 34 0 42 43 22 2 33 11 16 19 37 7 32 9 50 15 21 50 44 16 32 3 44 45 32 13 
16 4 7 29 15 9 11 34 21 11 27 0 7 3 11 2 14 34 9 15 34 38 34 47 38 34 26 7 23 3 25 41 47 11 9 
36 30 5 37 4 28 47 49 39 40 38 15 0 48 33 14 19 20 36 31 49 26 32 7 19 46 40 3 39 32 46 20 30 46 45 
25 23 10 47 5 37 37 39 46 8 1 19 28 0 24 9 34 5 5 17 13 33 5 23 36 42 14 25 9 18 43 20 9 19 3 
9 42 10 23 31 44 12 37 37 50 19 27 13 29 0 30 48 42 15 14 34 12 21 50 24 6 41 12 29 22 4 38 43 1 25 
16 17 25 32 25 24 1 46 18 23 18 15 2 47 29 0 20 1 5 45 35 42 38 42 36 18 40 32 34 16 33 13 27 27 38 
14 13 23 10 41 40 34 17 3 27 7 41 40 16 50 2 0 3 33 48 17 34 28 26 39 15 35 42 17 31 35 11 41 39 15 
34 17 48 42 15 6 2 25 36 16 30 28 1 17 35 14 31 0 30 30 10 4 36 38 35 46 6 49 17 37 18 17 17 2 26 
33 33 5 11 19 43 16 10 43 11 9 37 35 26 33 17 5 32 0 12 29 11 48 29 13 47 9 7 35 39 18 49 14 26 25 
34 2 10 21 11 38 45 45 44 28 26 9 22 23 34 20 14 35 5 0 23 15 36 5 43 15 11 36 31 21 25 12 46 12 10 
43 32 8 35 21 24 35 17 4 2 37 38 38 35 1 19 5 15 9 3 0 11 49 48 18 6 1 3 14 24 20 17 31 48 12 
31 3 13 30 15 32 39 49 32 4 6 27 24 2 30 2 21 47 38 9 50 0 44 34 40 29 21 22 21 43 35 35 7 41 26 
4 49 6 26 1 28 14 13 17 44 12 30 27 1 35 23 49 20 43 40 13 37 0 19 23 1 44 10 19 6 47 19 49 37 48 
48 32 46 45 47 10 45 37 27 40 29 49 44 21 37 21 36 16 14 2 14 18 30 0 33 25 7 18 46 7 21 26 14 44 30 
4 3 27 4 23 34 45 26 10 30 45 2 50 39 33 36 12 4 35 35 35 31 3 14 0 21 41 42 49 31 7 15 15 6 15 
17 34 44 32 43 31 7 38 8 1 38 23 7 30 14 21 9 23 29 9 45 24 50 14 34 0 33 42 46 46 3 15 31 47 36 
22 49 42 30 11 5 29 48 23 3 26 48 34 13 36 10 48 43 37 48 21 44 35 31 49 11 0 40 11 42 5 36 8 27 22 
8 16 30 30 12 25 31 47 2 47 38 36 49 29 11 37 5 23 44 49 15 29 15 11 32 50 16 0 18 7 19 18 18 21 13 
6 21 30 19 31 13 18 24 43 38 44 13 12 11 50 5 50 14 14 28 7 30 1 19 49 12 9 13 0 41 34 30 21 15 37 
24 41 7 37 42 32 32 42 37 27 18 19 39 5 18 2 19 4 4 44 6 26 20 12 20 20 4 5 34 0 10 8 23 48 26 
37 10 49 13 23 33 46 16 43 25 2 30 24 5 45 40 15 26 17 22 32 48 21 46 18 23 29 27 8 28 0 20 45 22 14 
18 9 4 6 32 22 48 41 34 46 11 40 46 49 11 44 45 32 7 26 44 40 39 3 46 50 4 20 8 16 5 0 7 9 11 
37 36 37 10 45 46 25 41 15 26 36 28 27 30 16 14 33 38 39 46 20 29 20 1 10 32 18 29 33 18 41 4 0 31 36 
13 26 8 36 38 12 1 3 25 14 17 19 24 25 4 44 34 18 18 14 42 8 17 36 50 14 28 47 9 48 36 32 47 0 42 
17 41 7 48 1 28 45 17 5 7 35 42 9 44 25 39 35 23 37 18 44 5 9 23 36 25 35 5 45 28 28 35 22 32 0 
