4
29
33 0 19 28 26 27 41 24 41 10 20 19 12 44 47 49 22 18 20 32 25 3 42 9 45 14 2 5 1 16 
14 21 0 21 39 26 24 15 14 16 1 44 20 42 50 9 45 27 10 46 32 15 49 44 26 16 13 42 10 33 
13 26 37 0 24 25 47 50 49 24 19 24 34 8 2 19 38 6 11 42 1 50 37 43 9 19 1 15 27 45 
23 13 32 6 0 31 3 26 8 47 17 3 9 47 4 41 23 49 8 47 25 38 11 2 1 10 34 27 34 28 
6 25 33 23 4 0 1 6 42 29 28 49 44 31 10 44 39 42 4 33 2 37 21 44 18 2 8 13 12 31 
46 48 27 43 30 41 0 43 21 36 43 4 36 31 20 30 49 32 7 2 9 12 19 31 44 33 41 36 31 15 
22 47 38 45 12 34 31 0 23 1 2 19 1 19 6 11 29 16 7 1 15 20 21 1 12 4 20 28 17 33 
11 39 5 13 6 15 47 16 0 42 19 36 50 26 31 5 33 8 44 13 21 16 17 34 35 17 46 1 46 27 
42 42 7 14 40 41 14 15 39 0 13 41 14 13 25 38 16 15 44 40 47 29 47 26 15 47 18 44 5 20 
46 11 14 2 40 1 28 30 37 37 0 40 42 19 19 32 23 7 3 42 46 20 2 2 12 50 48 46 17 43 
17 23 48 9 45 43 2 27 13 24 25 0 11 36 29 8 50 5 11 28 45 43 41 16 2 9 1 44 9 3 
3 42 6 12 38 20 14 43 33 25 26 30 0 46 44 29 18 36 34 24 45 12 45 38 18 22 1 27 8 46 
1 45 50 43 25 11 32 20 50 49 9 44 7 0 23 37 3 15 47 47 37 35 24 17 21 15 42 8 4 38 
40 37 44 7 48 33 31 27 38 22 34 47 49 36 0 35 15 1 6 23 2 16 7 4 30 21 12 28 28 29 
29 34 3 29 32 11 12 16 38 9 40 7 26 28 26 0 13 41 36 38 32 6 15 36 36 3 23 33 34 14 
37 37 5 3 48 10 39 31 19 17 26 23 50 14 47 33 0 46 40 30 29 17 31 26 40 46 24 14 48 18 
26 9 28 29 2 2 23 36 4 29 19 38 33 22 19 13 10 0 6 2 40 4 7 34 4 6 48 7 12 16 
7 24 46 42 14 43 8 48 45 49 12 24 48 43 11 12 42 35 0 9 7 27 37 19 13 8 15 20 26 25 
24 5 46 12 20 47 5 24 46 19 29 11 15 15 8 40 17 6 15 0 23 43 15 13 48 5 40 21 6 33 
35 50 24 33 24 22 44 17 13 28 46 6 39 46 16 30 46 12 22 11 0 24 42 9 5 3 33 9 42 48 
7 31 27 50 41 12 20 6 29 42 44 14 23 4 28 19 18 4 19 47 19 0 9 28 49 45 9 43 41 19 
30 42 13 2 20 7 48 20 7 48 34 47 25 18 21 29 48 2 38 31 36 36 0 29 41 46 29 48 4 28 
5 32 19 29 37 49 50 32 12 4 48 31 50 11 7 36 50 45 42 7 21 48 8 0 6 11 33 44 14 23 
7 41 9 45 43 2 16 15 18 38 19 22 48 37 49 41 1 37 26 22 6 46 35 6 0 47 7 8 25 14 
19 4 5 36 9 6 13 40 36 7 10 41 21 33 7 24 36 24 11 10 16 10 47 19 43 0 18 11 7 3 
48 36 44 42 2 49 34 14 36 39 32 36 2 15 30 16 31 35 14 29 32 12 33 47 15 49 0 10 8 37 
44 42 45 7 37 38 21 16 50 19 34 23 11 1 36 30 24 14 45 17 3 12 33 48 29 21 37 0 4 48 
27 3 40 27 28 42 47 37 30 15 27 9 1 32 16 31 6 22 12 48 18 41 35 15 42 34 33 10 0 48 
29 16 2 18 19 23 17 44 47 34 9 39 43 45 49 18 8 3 30 17 17 23 50 26 6 30 37 19 26 0 
36 0 45 9 38 40 2 50 26 42 33 9 50 37 10 39 3 9 25 47 36 47 34 32 3 44 31 6 17 26 
13 39 0 37 49 19 11 40 50 2 4 43 50 43 17 20 22 17 31 14 12 24 47 6 41 33 29 2 14 7 
44 10 47 0 34 1 29 45 23 2 19 49 49 3 8 22 4 37 5 18 12 32 27 1 42 5 3 16 34 46 
16 40 10 27 0 44 8 44 47 17 42 38 25 49 15 12 16 13 21 40 34 37 47 25 35 2 25 18 10 5 
29 49 13 12 27 0 36 30 40 23 9 50 28 7 20 13 30 37 34 12 39 27 43 32 27 50 9 20 15 25 
25 20 41 35 43 39 0 44 25 14 22 29 32 27 40 13 40 6 31 27 13 6 15 42 6 21 29 36 17 37 
12 19 17 16 15 48 40 0 10 44 15 32 19 5 24 12 33 7 50 4 19 38 45 29 44 3 20 11 28 35 
14 14 3 28 39 3 4 13 0 17 12 42 24 31 12 16 45 44 1 41 31 23 14 29 33 48 50 18 40 23 
13 46 38 12 25 30 1 30 42 0 17 22 9 21 41 38 12 46 8 33 13 49 10 20 20 48 12 50 35 21 
30 40 36 14 40 4 17 5 12 6 0 33 15 16 2 34 20 22 3 24 42 21 2 43 35 27 24 4 27 18 
14 13 30 16 10 13 28 37 45 31 37 0 21 8 34 2 1 48 34 8 36 50 26 10 27 44 50 28 48 1 
37 17 50 41 37 49 43 3 50 6 39 7 0 34 28 23 37 21 14 19 41 35 30 40 47 41 18 38 4 4 
23 10 36 31 36 8 14 37 31 21 36 9 49 0 49 28 19 30 17 48 37 40 24 36 10 7 16 8 27 4 
1 20 11 40 49 27 47 4 27 48 21 9 1 41 0 44 33 32 37 31 12 28 12 2 41 17 14 50 25 26 
24 21 50 38 34 30 2 26 20 50 22 32 15 3 19 0 28 29 40 33 43 27 25 30 28 15 26 39 18 21 
23 35 28 22 28 3 28 22 21 17 11 42 8 13 37 9 0 31 13 9 33 13 39 25 17 32 50 49 41 22 
24 8 42 34 5 47 15 45 10 37 1 42 7 8 23 23 1 0 19 13 44 20 35 13 31 36 8 35 11 12 
41 29 4 38 50 48 10 20 9 3 16 22 15 21 27 8 42 7 0 31 2 45 31 31 37 48 3 40 45 11 
49 48 12 5 34 20 9 48 5 7 11 14 3 43 16 47 22 6 15 0 37 23 44 2 4 9 17 10 48 17 
40 47 8 15 9 10 6 4 17 31 1 18 11 37 50 21 39 42 38 16 0 40 26 48 26 8 39 5 46 8 
47 17 10 12 31 15 10 3 49 45 34 11 43 5 25 14 20 12 7 2 34 0 21 26 23 33 28 15 50 33 
8 20 5 10 47 21 15 41 7 31 23 40 19 40 48 5 5 47 21 23 12 39 0 28 48 45 25 26 42 38 
29 3 1 11 20 42 25 29 1 47 35 11 23 13 31 35 12 16 31 28 19 28 31 0 44 27 22 19 43 8 
16 22 45 23 4 29 28 23 30 49 48 23 26 4 1 37 13 39 27 47 14 33 10 45 0 14 20 2 23 7 
34 49 23 32 22 36 26 40 39 19 35 4 13 33 17 33 6 43 24 31 8 15 33 43 47 0 44 34 13 50 
9 35 28 5 16 46 1 26 41 4 19 26 47 25 20 42 43 1 50 43 12 9 27 28 43 50 0 20 16 31 
36 28 2 13 40 30 35 8 49 48 37 16 8 15 39 6 5 11 40 13 1 4 44 34 20 38 1 0 8 50 
13 16 26 36 45 6 27 17 13 7 46 36 35 45 4 13 28 5 45 38 23 38 39 31 4 30 32 35 0 19 
44 3 30 27 8 37 32 11 31 14 9 13 39 43 5 45 27 17 10 40 21 42 34 6 20 28 25 27 46 0 
32 0 15 24 42 49 20 5 16 9 27 9 22 2 48 41 36 26 34 46 35 36 27 14 23 45 48 2 19 24 
7 31 0 12 6 16 49 49 36 21 40 23 50 29 19 40 2 19 19 45 43 21 45 44 30 42 10 6 2 2 
47 2 19 0 37 43 3 47 47 16 37 50 43 1 5 45 23 36 8 9 24 21 27 29 7 26 3 13 37 33 
14 6 43 48 0 34 25 39 5 14 37 16 43 5 3 33 46 1 21 40 50 7 7 3 48 28 32 20 23 12 
11 40 40 11 15 0 2 32 7 46 18 31 6 19 23 21 43 32 17 25 47 12 25 33 23 38 27 8 3 45 
20 3 5 16 43 3 0 48 26 33 41 1 1 39 6 4 10 44 38 34 33 6 47 16 46 27 1 36 8 18 
23 38 45 30 12 26 15 0 26 41 27 21 24 17 49 26 24 46 23 20 29 13 45 39 24 21 40 24 37 9 
39 43 17 41 9 10 3 7 0 22 27 30 39 35 3 12 14 9 39 48 40 23 31 28 17 29 5 29 50 21 
10 22 3 29 17 2 35 4 34 0 9 39 23 18 25 47 41 41 29 42 28 10 12 2 26 48 37 9 15 1 
13 4 32 4 36 12 5 28 11 18 0 2 27 11 26 30 10 17 5 6 32 26 39 26 38 22 11 48 21 27 
31 30 43 20 4 22 5 8 20 32 13 0 42 14 30 12 40 1 50 36 22 17 31 33 3 34 25 24 29 44 
32 26 15 35 1 30 39 9 8 7 5 26 0 3 48 24 43 40 13 9 15 49 22 11 13 49 11 1 48 41 
36 30 48 27 14 38 7 49 7 14 1 24 31 0 44 44 31 47 15 33 10 10 45 13 16 14 46 11 15 2 
36 40 30 41 19 22 28 8 49 39 10 17 45 33 0 50 9 42 18 29 17 32 3 47 18 39 31 42 18 32 
14 18 28 42 47 22 24 21 33 13 22 17 23 48 26 0 24 43 16 12 13 8 22 29 32 48 21 34 43 12 
3 39 30 10 27 36 21 32 26 48 12 26 38 10 5 7 0 1 9 5 21 45 47 15 31 5 25 42 40 46 
44 27 38 32 10 30 25 43 7 47 12 6 42 17 19 50 38 0 21 13 25 26 48 12 29 22 18 7 24 49 
6 3 45 32 36 32 21 24 45 28 30 30 14 44 13 44 16 3 0 30 46 31 17 5 29 16 21 47 16 10 
10 43 24 1 44 2 45 18 25 7 35 49 26 44 43 34 45 13 4 0 50 36 7 15 28 29 19 39 48 16 
16 16 36 5 15 35 36 7 30 20 42 18 26 42 47 45 47 5 24 12 0 46 21 8 43 17 24 4 28 47 
23 26 14 47 3 9 41 50 44 11 9 7 27 16 43 13 32 11 15 19 33 0 32 14 16 37 20 46 8 44 
39 42 32 8 11 7 44 29 21 23 34 6 46 3 44 15 5 20 6 16 31 35 0 14 39 9 14 41 13 48 
11 34 14 34 7 6 20 27 49 17 9 49 34 11 38 31 14 38 29 20 1 32 1 0 40 43 13 4 28 44 
50 47 17 32 32 11 40 21 23 39 48 25 38 6 3 48 17 47 24 27 8 46 26 13 0 44 47 30 34 24 
41 44 2 42 34 50 21 43 18 3 1 48 11 41 49 32 45 14 26 48 42 27 17 31 2 0 36 4 21 4 
39 35 32 7 47 32 46 46 34 5 7 33 6 49 45 24 29 48 5 28 32 49 34 4 36 33 0 15 28 22 
40 49 47 50 39 30 19 20 41 14 10 4 36 12 9 20 16 36 29 22 8 23 39 49 44 23 40 0 1 28 
21 15 18 19 25 44 6 10 34 18 19 27 4 39 34 46 24 47 37 25 34 21 47 37 6 15 18 11 0 48 
6 16 41 18 42 20 50 42 35 11 19 4 10 33 19 10 46 4 35 5 4 20 27 3 26 44 1 18 32 0 
14 0 10 27 46 13 28 3 29 9 12 19 35 4 40 36 19 22 25 39 29 27 10 12 33 6 45 36 39 38 
43 48 0 20 32 11 22 1 43 8 48 5 16 31 38 42 17 20 50 31 42 35 4 20 13 39 5 4 49 44 
40 18 42 0 14 42 16 15 49 3 44 18 35 26 15 27 34 13 47 23 20 16 37 45 5 48 3 39 28 8 
43 6 19 2 0 50 18 30 13 3 39 22 28 19 18 6 14 7 10 39 44 29 27 9 32 30 28 4 24 37 
17 40 28 37 42 0 10 39 50 33 27 48 47 21 11 8 2 43 48 19 39 42 41 43 1 35 29 17 48 37 
23 22 14 7 26 37 0 50 45 41 27 8 18 14 25 34 42 48 8 17 1 30 37 30 35 35 46 26 47 28 
3 13 44 41 13 10 6 0 34 40 46 24 9 7 2 22 12 22 28 17 10 9 37 22 1 48 7 36 42 29 
23 31 12 3 18 38 15 15 0 27 2 15 29 9 8 13 43 42 24 36 9 24 14 18 9 38 19 16 42 43 
44 6 25 14 5 18 15 13 7 0 40 14 7 48 45 27 3 32 1 30 10 9 6 34 1 33 6 10 13 3 
15 49 23 24 22 34 46 40 15 4 0 40 48 30 35 34 22 2 27 19 42 6 7 19 36 33 35 38 22 24 
31 50 9 3 10 42 41 42 34 27 11 0 31 13 18 47 40 12 29 21 1 30 31 30 41 21 47 9 31 37 
42 37 46 24 17 34 4 32 46 20 43 43 0 30 19 1 8 12 44 39 22 46 21 6 18 22 45 50 21 18 
32 13 34 11 6 43 40 16 7 47 34 44 9 0 17 9 28 8 50 13 30 33 10 4 20 9 41 21 31 29 
3 22 34 34 14 14 7 10 32 25 26 11 43 5 0 47 6 29 38 5 48 40 14 46 38 42 36 22 9 14 
2 15 23 10 38 4 26 50 10 45 4 2 19 27 25 0 38 19 40 6 8 15 31 3 17 34 40 40 26 47 
43 29 42 49 46 30 11 4 2 6 1 22 6 19 44 1 0 46 21 38 22 50 23 46 17 2 50 22 12 6 
26 49 15 50 3 18 16 12 4 23 47 14 34 18 35 5 37 0 9 12 10 16 39 19 2 5 47 20 34 26 
47 47 9 49 48 26 8 36 22 4 2 28 40 42 49 42 8 17 0 6 11 12 16 42 10 3 41 38 30 14 
46 6 49 32 36 8 27 38 16 36 42 27 20 16 6 11 32 26 47 0 20 11 47 31 14 23 15 32 6 49 
47 8 39 28 23 26 48 3 46 4 35 23 4 43 31 15 35 43 50 37 0 50 21 15 41 11 3 49 25 36 
10 22 26 22 40 19 29 3 50 48 40 8 8 36 22 13 48 8 5 1 49 0 39 23 32 19 49 26 44 48 
18 20 28 23 18 37 33 9 1 14 24 2 13 35 45 11 29 43 35 43 29 13 0 46 45 25 37 21 50 44 
3 41 43 36 5 33 28 12 36 40 50 40 4 47 44 31 49 37 4 28 21 41 7 0 42 1 20 5 25 34 
48 31 16 33 15 49 23 31 17 8 3 18 50 43 3 36 4 25 17 2 14 26 1 17 0 23 24 12 34 2 
35 35 28 4 29 38 9 34 7 39 49 21 50 32 29 2 10 22 48 5 6 48 46 39 23 0 20 23 31 49 
11 42 37 40 30 33 24 26 15 21 6 44 2 47 36 18 31 14 44 23 16 13 2 15 30 46 0 38 39 39 
31 9 16 29 35 47 48 12 32 21 50 6 27 46 1 43 12 4 1 11 21 43 7 29 9 34 48 0 41 23 
10 34 46 35 37 34 13 40 15 18 1 38 7 49 44 45 17 40 18 1 22 18 42 37 29 19 39 3 0 38 
21 2 50 7 39 23 37 4 22 41 12 39 3 47 37 1 23 14 44 14 34 42 45 30 40 2 42 42 10 0 
