4
83
9 0 2 4 14 31 44 6 47 40 38 2 27 6 47 19 34 13 45 45 14 29 39 26 4 47 26 33 49 23 15 22 14 6 46 50 20 27 10 10 26 31 15 34 17 16 3 28 20 5 4 49 44 2 47 8 21 26 1 18 5 11 7 24 25 16 39 22 11 47 49 7 3 36 20 34 14 6 9 39 45 49 14 44 
20 17 0 28 13 9 38 29 44 27 43 5 15 24 42 10 2 27 31 18 23 7 47 46 9 33 14 44 16 18 12 23 7 47 14 5 9 39 27 14 23 19 5 30 11 32 5 11 23 47 8 12 14 32 41 38 23 21 20 30 46 45 14 27 16 20 48 18 11 37 1 13 1 18 45 5 2 17 36 27 29 3 22 20 
10 50 10 0 26 7 26 32 38 19 47 18 29 5 28 15 42 34 37 1 36 46 46 12 46 37 37 37 6 35 43 2 43 23 45 18 16 10 23 12 35 5 13 45 5 50 17 50 25 3 45 44 42 3 36 25 15 39 15 39 20 40 26 3 26 45 26 6 11 10 49 32 11 25 16 31 33 1 7 46 21 37 12 4 
41 50 11 40 0 37 20 4 27 46 34 42 46 30 11 20 11 25 11 40 15 4 14 34 17 38 5 42 14 33 19 19 34 28 23 13 27 34 36 19 41 6 23 36 28 34 21 2 23 32 47 22 11 48 48 1 28 16 44 3 32 28 41 45 28 16 9 18 7 48 43 27 39 42 49 10 32 28 7 34 17 4 20 33 
36 48 9 37 31 0 23 35 11 41 33 38 13 16 28 9 12 25 3 45 25 39 20 33 19 49 39 19 50 10 10 36 29 9 9 9 30 7 22 38 35 13 32 37 6 5 36 44 5 20 45 9 15 9 46 44 17 15 40 39 43 4 36 1 31 47 9 5 8 19 29 6 4 15 11 12 7 34 27 15 13 45 15 31 
16 2 22 21 13 15 0 43 16 17 34 45 31 28 32 6 10 46 32 37 36 42 40 6 50 48 35 37 33 38 26 26 49 40 5 36 30 26 39 42 43 26 13 39 21 21 30 34 26 29 18 19 32 9 29 40 27 46 22 23 29 29 11 28 42 8 47 42 23 46 27 34 8 40 44 10 29 1 35 30 19 1 11 5 
21 7 45 40 11 16 9 0 34 4 17 14 15 16 36 47 13 24 39 12 30 3 35 11 42 15 19 11 26 12 42 5 29 18 6 8 35 14 7 31 8 38 43 30 42 27 29 45 43 5 22 7 30 40 31 3 37 46 3 26 42 5 33 23 13 13 35 48 10 28 12 50 17 9 5 43 10 5 20 16 36 25 18 22 
40 36 25 40 37 4 22 39 0 11 32 40 3 5 21 18 30 42 32 35 16 43 22 41 22 36 39 43 32 27 38 40 17 37 12 33 27 38 46 11 7 7 23 40 35 20 2 39 40 38 41 24 5 41 3 30 18 46 4 5 49 11 40 13 23 42 23 16 44 38 41 42 47 22 29 9 20 33 6 3 34 50 4 45 
37 15 36 27 34 33 16 32 34 0 42 12 46 17 11 17 44 47 37 45 3 47 49 27 33 13 45 10 36 41 2 21 49 8 45 27 9 7 46 32 12 22 10 9 6 10 33 42 10 16 13 6 48 6 1 49 38 38 3 15 40 23 31 42 33 21 14 38 23 34 9 38 2 5 34 31 38 41 21 24 30 3 1 20 
29 47 24 44 7 47 39 21 4 32 0 42 39 42 18 27 35 46 46 20 26 8 26 5 43 22 21 12 48 17 29 35 38 23 12 14 37 48 20 31 26 46 38 34 20 13 45 40 20 14 36 29 35 33 26 12 4 42 31 22 37 36 42 4 25 48 5 17 31 5 41 38 26 15 44 30 21 42 36 30 28 32 43 34 
31 1 50 5 47 1 11 45 17 49 44 0 41 5 34 9 22 9 28 9 15 24 49 3 21 40 46 41 12 7 2 45 6 44 8 23 24 48 1 20 30 45 46 22 28 21 4 26 38 33 14 22 50 23 28 10 33 49 30 16 2 10 49 38 15 4 39 48 47 11 35 24 9 9 29 21 29 27 25 50 36 20 4 29 
44 30 46 34 16 48 41 26 19 35 19 21 0 46 9 7 25 33 6 30 27 48 40 14 42 44 8 32 7 25 30 30 33 7 20 44 35 8 6 32 50 21 10 6 24 40 9 25 20 20 50 18 31 41 28 32 5 17 5 41 9 17 34 1 39 6 36 15 27 15 22 17 28 24 30 6 38 34 40 2 35 33 12 37 
25 13 50 42 29 39 40 19 4 15 24 34 37 0 9 18 18 5 45 49 6 49 34 41 7 11 22 44 21 28 4 6 26 5 48 27 26 7 44 36 38 25 4 14 13 1 47 19 29 17 23 48 40 34 7 39 42 23 44 32 8 46 20 41 1 10 48 29 40 33 42 12 11 10 11 31 45 20 28 6 14 3 15 4 
6 6 16 42 48 9 35 4 14 13 28 43 6 13 0 13 3 3 18 30 47 26 11 38 31 23 27 44 22 45 38 18 5 31 17 36 45 44 6 32 31 49 38 49 48 32 19 26 32 7 25 4 46 24 19 28 45 19 35 20 22 15 13 10 26 45 24 12 39 27 19 10 48 37 49 48 39 13 40 50 5 1 13 15 
20 35 23 31 13 39 42 26 9 37 11 16 36 29 23 0 3 9 7 37 6 39 16 6 10 26 21 40 33 30 36 15 21 3 49 40 42 23 43 49 1 36 44 1 11 26 33 13 11 40 37 41 48 14 8 27 4 29 13 6 43 49 10 47 23 22 40 14 38 39 31 30 16 8 37 20 46 16 46 34 43 8 30 43 
43 46 18 7 46 23 37 14 11 38 7 2 26 48 28 39 0 37 20 26 23 10 7 26 40 28 38 32 39 33 30 13 35 20 18 4 28 5 33 18 15 2 17 20 29 2 35 44 49 38 7 48 24 33 7 33 36 20 28 30 9 41 48 32 31 25 23 32 9 44 1 34 4 2 11 21 44 37 47 39 43 44 33 2 
27 32 40 2 13 35 19 8 28 4 10 24 4 36 40 5 29 0 4 36 5 38 23 45 22 23 37 40 49 24 40 37 15 9 47 5 50 35 21 19 25 26 43 7 50 43 37 17 8 48 43 10 40 9 29 14 4 38 19 30 27 46 20 35 39 18 45 16 7 31 40 20 8 35 11 30 46 16 46 29 36 20 32 1 
31 30 47 7 31 34 2 13 17 42 43 30 6 8 19 32 49 21 0 10 28 8 23 3 6 48 49 19 38 42 40 44 7 14 19 4 9 22 38 36 24 30 28 4 17 43 32 24 38 48 14 31 16 10 5 44 8 28 41 9 32 15 14 21 27 48 36 16 38 4 10 11 11 35 37 49 31 20 36 14 17 25 31 41 
29 10 29 48 10 26 47 32 31 30 5 9 16 8 27 19 8 16 37 0 34 38 4 20 31 24 7 13 39 42 28 43 7 34 23 42 18 19 38 7 12 8 28 30 32 31 28 33 23 44 17 7 1 39 48 4 25 40 49 24 4 13 9 41 3 37 48 26 43 16 9 1 20 10 25 27 10 24 39 1 47 24 41 45 
25 22 43 19 37 20 18 29 21 15 4 50 50 38 28 46 33 3 40 7 0 36 17 38 41 14 21 44 1 1 48 28 30 22 14 16 32 44 30 39 23 49 31 30 6 6 26 27 23 47 44 18 45 34 35 10 8 35 2 5 16 27 17 28 23 37 24 28 36 22 46 2 3 14 17 8 6 38 33 36 39 45 22 4 
8 31 34 47 38 5 8 47 42 26 23 47 33 3 7 19 32 48 41 1 2 0 42 15 31 17 27 4 21 3 17 16 22 5 13 20 43 4 28 41 32 14 49 11 28 42 21 26 3 31 14 4 41 4 21 3 17 16 4 30 11 1 38 45 26 11 2 43 20 34 15 16 4 8 10 37 3 32 38 40 47 2 2 41 
39 13 25 18 34 10 4 28 1 49 30 31 27 5 35 18 41 28 6 20 17 49 0 50 34 45 35 1 35 28 15 33 10 49 48 6 13 36 34 9 11 30 37 16 6 29 29 11 48 47 21 50 19 47 33 24 41 14 42 24 50 9 19 50 36 16 21 32 30 50 23 32 7 20 46 40 30 34 45 5 16 24 4 39 
8 15 14 13 17 24 16 50 45 11 9 2 11 38 30 40 8 47 31 49 24 40 43 0 50 1 43 44 8 19 37 8 26 6 31 42 21 3 8 16 7 35 24 37 47 11 44 30 43 4 6 48 20 44 5 16 19 23 15 13 25 30 8 31 9 4 34 46 31 46 9 37 1 32 25 15 50 3 47 40 8 14 2 4 
13 40 38 33 2 16 24 49 38 46 42 27 27 43 29 44 27 48 49 47 46 19 48 38 0 19 41 16 16 27 25 5 11 29 5 19 20 16 1 45 16 23 10 50 5 41 49 39 7 24 4 13 10 15 6 8 44 42 1 14 12 50 8 23 14 41 31 48 22 25 10 28 27 4 34 24 36 20 43 48 21 2 9 42 
23 13 46 46 24 47 25 28 15 38 34 16 15 38 36 14 10 1 17 33 15 26 37 6 32 0 32 22 25 50 4 44 10 42 16 50 1 46 35 25 26 1 32 13 39 20 18 10 49 34 29 38 20 36 27 28 48 26 40 15 43 25 1 28 12 44 25 24 50 39 36 19 26 26 42 32 34 13 48 37 14 23 24 41 
22 17 24 25 16 39 2 26 6 20 33 1 1 5 2 46 46 45 10 11 49 10 12 45 45 45 0 45 35 29 4 2 21 2 10 7 46 21 50 9 12 37 10 14 6 44 41 32 29 12 3 41 20 13 14 42 12 5 30 30 21 45 18 47 3 19 13 50 41 48 6 26 46 36 49 25 39 47 7 2 4 14 16 24 
27 14 32 8 39 18 46 42 41 21 39 17 20 14 11 37 31 42 41 32 7 27 45 35 14 39 3 0 15 48 29 26 7 30 44 21 40 37 6 11 24 3 14 35 26 47 32 6 26 36 20 21 13 24 34 18 50 19 48 44 50 15 31 44 13 45 32 38 26 43 22 1 26 31 18 30 43 43 19 38 33 34 28 30 
29 8 14 34 46 27 22 21 40 12 12 9 22 21 23 32 15 45 30 33 14 20 46 33 7 5 25 8 0 50 11 12 16 38 2 15 6 32 49 43 49 22 2 11 15 19 9 8 22 21 38 23 38 4 45 16 10 12 31 28 42 2 15 21 30 50 46 21 21 6 17 1 17 3 32 12 13 9 32 15 48 47 4 37 
13 38 24 13 43 36 6 44 1 22 1 47 8 31 32 15 23 38 38 17 4 38 7 36 23 34 4 1 31 0 17 30 45 49 28 9 42 27 34 29 35 1 24 50 45 2 36 5 32 27 18 42 10 10 38 34 25 31 38 41 10 33 5 13 35 42 6 48 30 23 40 38 40 10 3 17 30 39 12 35 37 29 22 25 
14 26 21 36 12 44 34 12 39 44 19 3 46 11 15 4 46 38 25 10 37 30 2 50 8 22 5 37 19 4 0 4 32 12 31 50 10 22 21 37 37 39 29 50 46 42 1 21 19 24 9 40 50 4 13 38 34 24 21 29 41 40 48 43 36 41 38 41 16 12 6 32 25 1 39 21 8 31 6 9 7 1 36 13 
11 15 4 28 50 43 16 36 1 43 46 48 42 37 14 6 4 10 6 8 19 27 15 49 16 43 30 4 18 13 22 0 40 5 35 32 22 38 11 42 23 46 20 32 33 5 42 29 21 17 1 5 48 45 28 45 34 1 5 12 8 13 12 19 38 21 7 43 8 5 43 19 44 18 34 12 49 46 32 45 25 14 9 38 
17 8 25 45 27 40 49 22 34 50 35 10 35 2 44 13 49 49 21 17 24 33 12 30 12 17 46 39 19 11 37 44 0 5 24 2 31 46 12 17 18 7 22 35 45 33 24 28 48 2 19 46 27 44 43 15 35 47 45 34 10 45 11 3 23 13 42 6 11 1 14 17 38 32 4 11 2 48 18 47 39 40 49 38 
1 15 11 1 12 10 17 34 2 29 7 24 46 20 13 32 42 19 17 47 38 3 8 45 41 33 13 37 30 48 45 21 46 0 23 3 9 3 42 44 1 35 31 16 10 26 30 15 33 36 36 6 20 23 3 1 48 7 16 11 29 48 30 5 4 34 36 28 23 18 4 30 50 25 16 13 8 38 49 20 11 19 31 2 
45 43 26 48 44 23 5 2 37 31 15 4 5 26 12 27 40 3 42 16 32 6 6 45 8 40 43 11 9 46 1 11 18 29 0 11 11 8 39 35 1 13 3 43 20 10 12 9 32 26 22 31 9 28 15 20 39 37 31 41 4 30 44 44 42 31 5 37 26 16 2 19 2 19 42 3 30 13 37 36 46 32 12 36 
37 16 43 34 3 10 22 25 28 48 31 21 20 10 2 39 6 25 34 17 25 4 30 40 37 13 40 26 1 46 46 22 19 9 7 0 26 39 22 35 16 44 27 42 4 38 22 34 21 12 49 30 21 49 45 12 34 37 3 48 40 20 46 25 33 3 9 2 12 3 26 50 35 41 18 24 48 12 26 3 15 30 20 15 
2 16 25 24 25 47 23 40 37 24 46 46 48 3 9 2 29 20 23 18 36 50 46 31 32 22 15 22 11 1 33 10 1 32 23 18 0 28 36 27 15 30 36 13 11 45 22 26 45 3 24 24 45 8 2 29 3 20 44 42 4 33 2 30 37 42 36 45 17 30 42 24 44 44 8 39 1 37 36 37 10 46 20 19 
37 28 38 3 50 3 21 48 35 44 24 33 29 7 26 19 9 28 10 16 12 1 30 2 1 14 29 16 35 8 33 8 14 33 43 10 5 0 34 45 15 9 45 40 50 20 26 10 44 12 17 28 33 37 4 8 37 48 36 3 37 24 6 13 27 11 16 20 47 14 17 15 25 33 45 7 17 11 30 32 25 4 35 5 
19 30 1 22 10 25 6 13 19 32 9 41 4 33 13 39 5 7 13 30 45 2 3 50 42 48 42 26 18 4 28 33 40 2 44 48 11 45 0 10 23 9 5 47 44 25 5 3 34 49 41 28 19 42 5 10 17 28 2 31 12 33 31 45 15 5 26 1 2 39 16 29 11 47 41 22 41 6 10 26 37 45 8 27 
27 27 9 42 35 43 27 20 10 15 49 40 28 10 32 39 49 4 2 46 34 13 18 23 1 34 20 12 18 26 44 18 26 4 18 39 46 35 17 0 10 12 46 20 47 48 2 44 31 25 21 27 33 44 13 44 15 9 37 41 2 23 16 3 34 21 32 15 25 42 43 44 15 38 42 34 39 43 22 25 50 40 39 38 
47 49 11 24 14 10 4 30 9 44 15 38 47 44 36 26 17 38 20 39 32 28 13 46 3 29 6 22 38 13 42 13 35 29 6 36 10 8 1 15 0 39 13 35 22 23 5 38 45 7 46 8 13 21 1 7 20 37 16 22 35 5 32 43 47 2 3 3 18 39 1 16 10 37 5 1 19 44 42 23 49 41 11 16 
42 5 30 43 34 23 37 49 45 37 17 11 7 21 38 20 20 2 21 7 6 31 49 26 16 1 38 26 46 43 24 45 45 17 2 42 23 11 19 46 3 0 3 21 23 21 45 44 48 7 22 4 47 21 4 10 12 7 4 27 34 35 11 4 3 13 22 16 41 20 46 48 10 33 25 5 4 10 26 6 22 7 40 20 
24 40 27 25 41 8 40 36 19 35 36 12 42 49 19 11 49 29 4 29 11 25 44 15 46 50 6 2 31 49 5 28 45 42 30 14 37 47 26 34 30 11 0 29 25 48 14 13 5 42 16 7 44 4 12 10 50 46 12 29 42 2 39 5 21 30 8 17 1 20 6 24 2 3 20 49 50 46 19 18 33 37 2 11 
16 42 12 24 33 33 31 18 25 18 35 33 42 7 9 45 40 47 13 36 36 42 5 41 34 13 10 5 27 45 47 5 1 28 39 30 19 35 35 19 39 38 50 0 34 19 38 8 43 38 25 28 37 25 16 25 24 37 21 40 21 23 27 42 30 22 30 33 14 18 29 27 6 13 45 47 49 43 21 22 47 6 18 17 
3 17 10 31 35 3 15 43 48 45 15 47 13 47 20 13 39 6 44 25 9 48 23 25 30 19 27 32 16 50 44 15 5 10 39 14 13 50 48 11 4 37 29 12 0 48 49 35 2 23 9 33 41 12 43 9 5 45 36 1 17 27 34 28 49 1 50 42 4 8 7 1 40 9 34 22 23 20 12 27 32 35 25 10 
7 17 3 4 13 1 35 20 27 49 31 35 21 9 30 11 49 7 31 45 17 9 44 33 29 21 36 36 33 9 19 33 2 25 21 33 48 47 29 3 23 38 24 41 29 0 49 2 14 40 1 28 26 4 31 43 48 23 21 25 42 16 50 37 19 31 48 34 47 39 48 13 3 28 28 22 29 36 4 4 30 20 23 46 
32 31 44 29 22 32 23 10 27 22 38 38 24 1 6 11 31 16 6 26 43 38 26 48 26 9 14 13 20 17 46 23 43 4 5 38 37 19 12 15 16 38 37 32 41 41 0 49 29 31 44 24 15 14 48 4 44 6 47 4 13 18 11 41 11 27 16 45 20 46 18 24 12 4 41 10 5 2 45 8 36 11 36 32 
26 44 31 9 46 1 12 32 41 16 50 48 6 47 27 6 26 46 29 33 13 20 12 11 24 38 49 42 12 39 18 3 32 29 16 17 46 7 50 19 35 37 34 47 5 44 4 0 8 26 40 33 41 32 4 20 7 33 21 36 8 3 20 21 2 48 47 16 28 32 10 10 19 46 10 48 27 37 15 7 30 35 41 17 
22 7 28 22 29 10 9 34 25 22 43 17 16 16 32 49 9 28 27 26 16 30 14 45 22 6 44 21 18 15 6 24 12 3 49 46 21 25 38 19 24 26 36 47 4 43 33 11 0 5 17 48 3 8 15 1 43 43 34 50 24 17 39 17 11 17 19 6 13 17 37 29 34 41 9 3 41 45 17 41 30 23 33 16 
2 17 3 16 47 3 7 3 38 26 14 3 35 10 25 31 35 37 20 44 18 39 15 13 50 13 11 48 26 43 21 1 34 23 15 45 14 4 10 10 10 34 41 8 27 6 19 31 20 0 37 7 43 3 39 49 14 2 41 16 35 43 9 28 45 6 14 19 13 45 31 18 32 28 11 35 35 48 7 36 44 44 30 29 
40 37 29 48 46 25 2 43 23 38 26 18 2 7 46 3 14 38 7 37 40 19 25 16 43 5 14 16 46 6 22 41 14 31 38 9 27 16 24 38 43 38 46 44 2 43 34 28 2 4 0 23 7 38 44 39 22 12 14 6 41 11 36 48 17 17 36 5 21 20 38 26 48 14 19 44 3 23 32 14 50 22 37 15 
42 34 15 3 21 43 17 47 14 11 33 28 7 40 29 28 16 39 13 9 14 29 25 44 20 50 37 49 31 50 6 20 25 22 7 34 2 34 35 28 4 41 13 38 31 42 37 13 45 4 48 0 12 9 29 1 14 9 22 34 21 7 18 17 15 6 14 3 36 34 45 27 33 5 35 6 24 17 38 13 28 13 24 5 
27 3 44 11 46 21 44 26 30 1 14 22 36 24 48 33 18 39 2 30 50 28 15 8 24 23 28 48 22 10 6 8 33 14 41 13 12 3 8 15 41 20 47 33 41 13 20 50 19 5 45 40 0 12 45 5 49 38 37 37 23 44 46 4 20 45 7 40 23 34 36 21 15 32 37 39 30 32 33 17 11 4 28 30 
17 15 17 46 39 9 42 25 26 16 35 22 45 17 27 39 34 24 48 16 33 35 30 8 26 6 26 18 6 20 26 20 16 17 37 6 29 11 1 14 42 12 46 49 48 15 45 14 5 44 34 37 6 0 12 47 33 35 9 20 33 34 25 20 6 41 15 6 28 30 22 10 24 24 35 24 22 39 32 11 11 12 12 13 
12 37 39 15 4 21 5 21 21 42 19 31 18 42 40 9 34 10 17 35 33 35 10 14 22 38 26 44 4 48 9 21 22 12 9 20 2 50 2 8 26 2 39 33 5 4 7 30 50 23 28 2 46 28 0 31 27 27 26 44 16 45 11 17 24 33 48 9 6 34 20 8 34 8 10 9 31 46 28 10 18 32 46 45 
32 20 8 26 45 32 32 44 26 6 37 13 15 36 16 1 7 46 2 47 30 15 45 45 37 19 50 31 49 16 27 35 49 17 35 4 25 23 14 24 2 27 32 28 21 47 44 46 31 28 3 22 30 50 15 0 18 26 13 40 27 33 1 45 11 30 2 15 49 2 12 26 35 32 28 46 4 33 17 24 41 25 4 1 
21 14 5 5 50 2 17 29 13 33 38 42 1 32 22 48 20 32 46 44 19 3 18 40 3 4 11 35 9 39 50 2 29 1 25 47 26 48 15 47 35 34 13 2 45 37 45 23 11 19 5 9 30 10 33 18 0 46 15 3 46 42 33 20 24 34 37 14 1 8 26 23 22 18 49 10 35 41 16 46 17 9 39 24 
41 34 42 22 19 19 7 1 11 46 19 6 3 15 39 19 9 23 45 15 36 46 33 41 32 1 48 28 30 19 36 38 3 9 29 41 43 15 45 33 1 25 13 27 49 43 8 21 2 48 38 44 14 24 39 45 1 0 1 41 19 21 29 21 42 10 32 3 44 36 49 27 44 29 13 14 12 34 7 43 39 43 27 27 
33 31 43 24 30 21 35 40 42 24 27 12 23 4 21 18 18 40 15 36 3 22 45 16 2 10 27 11 45 8 2 26 45 2 39 11 17 8 24 24 1 10 35 21 2 2 42 8 14 39 26 50 29 42 24 11 37 28 0 23 20 44 24 45 35 22 1 17 21 16 10 1 10 16 41 35 44 38 24 14 50 19 20 47 
7 33 3 47 4 28 28 24 40 36 5 30 27 15 1 49 1 35 21 42 5 39 16 34 38 7 31 24 14 14 23 2 24 28 39 2 20 4 14 44 39 36 11 24 12 12 8 30 37 26 13 15 49 28 43 18 17 20 10 0 47 48 4 11 26 13 4 6 50 26 49 30 47 21 28 4 20 28 43 23 27 49 2 37 
38 2 8 3 46 35 21 35 50 45 18 46 35 25 36 12 8 6 9 4 38 47 16 45 21 25 24 41 25 48 33 48 47 17 24 25 5 1 10 15 6 15 30 3 4 32 19 46 43 32 15 22 41 49 50 41 36 14 33 22 0 12 30 10 3 13 20 50 19 1 11 7 8 46 44 48 24 18 14 41 40 6 29 49 
44 34 12 8 49 18 34 39 42 19 39 4 26 5 28 41 35 33 1 45 32 25 7 27 48 1 26 24 23 24 44 16 34 32 17 20 1 12 1 1 18 23 16 40 7 40 23 19 41 24 6 7 6 34 17 19 27 36 11 48 42 0 10 16 18 26 23 20 44 39 8 40 23 32 50 28 9 10 18 20 8 28 7 34 
50 18 37 11 1 15 48 44 16 2 4 9 8 7 48 14 34 21 29 30 33 34 33 25 6 7 8 9 9 16 3 21 36 27 17 50 39 13 20 29 42 15 24 22 29 42 20 3 13 5 36 38 49 27 1 16 36 12 5 44 7 39 0 36 1 50 33 24 31 40 49 26 22 1 50 39 18 11 12 47 15 37 6 47 
4 30 16 22 9 26 2 15 28 9 26 23 3 30 24 22 46 18 39 13 14 30 15 37 50 39 33 5 24 16 41 7 2 42 32 21 34 12 16 6 39 34 49 13 26 28 36 39 37 40 1 48 49 44 33 25 15 29 23 20 43 47 42 0 12 19 19 21 11 49 3 39 34 2 34 25 31 32 2 12 22 3 45 19 
34 15 43 9 9 10 7 6 5 40 46 13 42 43 37 45 7 7 26 40 34 2 18 46 15 19 3 44 13 18 1 18 49 29 8 48 26 11 13 2 43 47 34 45 7 22 33 38 45 7 6 15 28 5 35 32 48 48 44 40 7 13 43 38 0 39 29 14 14 36 39 20 46 44 24 48 38 19 23 40 44 37 16 50 
6 13 37 41 44 45 26 1 28 17 24 45 31 4 46 6 28 8 19 3 7 38 10 21 4 8 48 14 25 9 1 3 42 14 38 26 3 39 20 20 10 39 42 29 21 30 18 34 23 18 12 36 18 13 43 19 3 16 37 37 47 12 27 20 17 0 22 3 18 17 21 3 40 39 50 43 19 46 32 1 25 40 14 42 
7 48 16 35 30 21 19 23 38 2 34 23 48 12 23 13 49 27 1 17 2 15 22 48 19 21 25 24 22 15 13 47 33 21 20 23 1 37 24 47 49 48 16 38 5 27 45 7 24 19 3 48 40 48 40 43 26 19 16 9 46 46 2 24 40 37 0 40 28 43 1 12 12 4 4 18 4 50 34 43 42 26 19 1 
3 13 15 8 36 32 28 47 33 21 15 2 4 47 42 49 18 38 18 15 23 7 41 45 37 30 36 44 42 27 25 33 28 46 49 12 25 30 5 46 16 4 30 42 39 3 15 8 8 36 25 5 9 4 28 46 22 21 22 6 46 35 6 7 47 32 24 0 8 48 31 24 39 33 22 50 20 28 50 6 34 16 28 36 
7 2 20 25 24 19 3 40 5 9 50 50 32 49 24 45 7 29 8 10 27 12 37 23 37 5 8 19 23 16 38 41 19 49 50 5 28 8 1 40 45 41 20 30 34 22 19 22 4 6 49 6 9 18 9 45 16 47 38 19 11 35 18 40 22 9 32 33 0 50 20 17 50 28 18 16 37 43 7 39 16 37 37 15 
18 17 32 33 1 40 5 39 31 20 32 30 11 24 31 9 25 41 36 23 35 39 49 28 41 3 23 3 10 8 23 33 24 20 50 23 40 27 32 43 45 31 36 31 47 39 6 13 12 48 15 26 2 15 30 29 18 5 42 48 18 3 30 23 47 50 6 41 25 0 8 20 49 9 43 28 5 3 19 32 3 48 10 41 
12 44 48 31 10 40 21 6 36 35 34 26 42 2 13 34 47 33 15 39 4 29 16 17 9 38 26 26 50 23 40 1 8 13 18 30 50 19 47 1 4 3 35 14 25 18 36 4 41 36 35 20 33 22 37 34 29 31 23 23 15 45 6 13 46 34 18 30 34 34 0 35 28 37 15 36 1 45 2 43 41 2 22 36 
15 39 20 18 36 26 34 1 19 47 25 36 9 47 22 19 42 50 7 20 7 1 8 34 19 37 36 40 27 39 32 21 43 10 42 25 26 16 32 4 1 33 16 32 12 29 28 5 23 34 1 42 45 3 30 14 32 37 49 50 41 45 25 30 15 4 44 49 6 48 44 0 26 18 3 20 24 36 26 22 41 10 32 17 
43 38 41 27 41 31 29 44 40 18 33 14 6 8 37 18 9 35 29 49 26 40 26 24 43 33 6 29 6 15 9 41 9 28 32 42 24 28 3 19 27 5 5 9 36 39 14 16 49 9 14 6 32 33 42 3 13 18 34 8 25 1 38 25 9 43 6 28 27 45 44 31 0 33 10 23 22 36 18 38 5 20 40 30 
47 1 3 10 26 37 30 30 7 44 46 45 27 17 30 50 44 33 36 40 4 16 33 24 22 11 21 18 45 30 30 39 35 21 41 24 7 34 30 42 47 16 37 37 38 16 47 5 7 19 45 22 34 1 26 32 19 30 38 16 16 12 35 27 15 7 10 6 26 6 44 11 4 0 45 43 39 29 47 37 7 14 16 11 
26 35 9 5 35 46 10 6 27 46 14 26 36 31 11 23 31 6 42 30 1 26 35 18 40 8 38 4 23 44 31 3 1 1 9 42 7 2 26 11 17 1 17 15 40 19 8 8 19 24 7 2 23 37 11 1 1 41 16 27 8 6 34 34 16 12 26 35 22 19 16 29 31 32 0 13 50 9 21 29 21 1 31 36 
49 37 30 30 15 41 9 42 16 37 49 3 11 17 33 50 28 44 24 36 50 8 28 22 42 24 11 42 31 13 46 27 28 21 36 47 37 33 11 44 14 27 1 43 32 29 3 33 27 22 1 27 27 45 36 41 9 8 39 42 30 17 12 4 41 22 26 41 32 36 13 46 33 30 23 0 24 8 36 40 14 21 28 16 
10 12 19 1 34 36 45 38 29 44 20 15 47 16 47 2 10 4 13 2 41 9 5 45 48 22 12 33 24 18 26 21 2 2 3 42 22 22 43 5 38 49 35 2 13 16 26 8 12 35 30 10 9 27 26 2 8 25 3 12 24 13 15 11 19 50 13 46 14 6 30 39 12 8 14 43 0 24 3 32 33 47 4 22 
39 38 16 12 26 27 2 35 48 19 31 32 26 34 25 34 13 3 31 45 7 5 42 49 2 13 34 28 5 43 21 16 20 41 26 23 4 39 37 19 13 21 32 20 31 26 39 9 50 20 20 30 16 10 16 35 47 17 10 13 44 24 30 6 48 16 13 35 8 2 30 25 16 12 33 36 23 0 23 19 27 24 25 29 
36 24 42 50 11 26 42 27 37 30 25 26 39 42 27 22 15 14 5 1 48 41 46 14 4 27 31 12 24 49 34 40 19 46 45 33 7 17 3 9 17 26 43 46 42 36 45 44 47 2 4 13 19 24 31 46 29 29 46 34 46 31 3 39 46 35 8 44 48 45 16 49 12 46 35 23 48 50 0 22 19 33 37 15 
23 45 21 21 45 15 50 5 29 21 19 14 37 23 4 50 8 29 1 47 3 36 6 2 24 40 9 48 29 7 28 2 9 16 30 45 26 15 13 29 49 40 37 28 43 32 49 50 44 1 15 40 32 40 13 37 39 19 47 6 7 2 26 22 43 18 6 21 43 10 25 43 17 22 49 13 50 28 9 0 42 42 10 4 
28 43 39 20 19 3 44 6 7 18 8 23 47 14 16 36 26 27 28 7 35 26 22 24 11 42 1 38 11 11 6 15 48 48 49 30 5 48 37 19 50 4 19 25 9 49 2 49 34 43 33 15 14 3 20 2 21 15 10 28 3 6 45 47 13 43 26 50 16 37 31 29 41 9 7 31 8 47 15 12 0 40 2 4 
19 28 41 1 45 28 47 9 40 39 9 17 45 9 23 13 16 23 3 33 48 12 5 25 5 46 39 45 24 1 48 39 1 2 27 19 22 43 32 22 20 28 42 40 32 43 13 22 36 35 49 39 37 20 7 7 23 17 46 49 39 3 36 40 41 21 16 43 33 4 42 24 42 32 13 20 21 16 43 12 34 0 17 9 
40 2 10 2 32 45 20 47 5 47 33 33 18 43 3 50 12 28 21 40 33 44 26 47 6 7 38 37 8 25 34 16 22 44 46 38 31 20 35 48 14 8 37 28 9 49 46 28 18 16 31 35 14 28 27 47 27 13 46 26 8 33 39 31 13 18 11 24 47 15 19 43 43 23 27 26 7 49 38 7 11 11 0 19 
42 44 50 3 45 18 50 12 19 24 9 40 31 19 6 15 42 39 22 31 4 48 39 42 41 2 2 40 29 25 40 15 48 14 48 38 14 15 17 7 47 4 1 19 34 33 46 7 2 34 46 19 40 30 16 45 5 8 12 43 17 11 33 44 34 45 43 17 21 19 1 28 23 15 34 1 48 21 8 9 6 45 38 0 
45 0 30 22 25 19 49 4 34 7 4 24 40 37 21 8 35 40 41 29 37 34 33 19 47 25 47 16 47 35 50 4 37 23 23 39 15 13 20 25 19 18 35 45 25 49 26 48 31 40 36 19 19 28 8 5 12 11 25 1 22 34 7 49 8 1 37 18 14 32 44 23 20 16 11 19 49 39 45 48 50 49 35 8 
50 31 0 35 10 15 19 27 4 39 20 3 36 12 37 37 25 13 8 35 49 47 13 49 3 17 40 7 24 16 28 2 24 49 50 50 27 16 27 4 46 6 40 35 1 14 26 8 13 3 21 36 43 15 37 11 37 32 33 44 26 12 4 38 11 19 29 37 12 37 10 9 36 5 39 43 8 29 49 39 42 32 44 21 
46 42 10 0 9 12 39 14 45 34 34 29 34 3 2 24 33 35 39 46 26 43 12 50 38 26 45 4 8 34 44 2 44 19 33 43 20 10 20 25 23 24 15 26 3 27 6 41 6 6 16 4 3 36 18 29 34 42 22 34 18 36 6 12 40 32 35 16 20 10 5 24 16 15 23 3 28 37 48 12 21 4 48 2 
19 40 50 8 0 1 4 10 28 38 37 7 38 18 4 37 21 42 40 21 47 2 42 39 39 14 16 2 47 45 10 13 15 38 4 43 50 32 28 16 16 50 27 36 29 8 36 35 24 1 28 21 31 34 2 1 27 1 12 45 35 3 13 33 29 24 43 50 14 12 37 39 15 25 5 47 25 6 11 31 28 31 28 47 
18 40 32 32 37 0 4 16 49 21 33 31 14 38 44 8 5 16 37 22 13 15 39 6 7 29 5 26 22 41 32 18 5 25 17 16 39 43 12 13 10 46 38 19 33 44 42 10 31 49 6 16 42 10 16 33 29 34 25 3 32 29 45 9 40 16 27 39 21 28 19 13 4 24 12 17 27 21 24 14 38 45 45 23 
35 17 26 46 10 34 0 38 6 18 9 31 32 1 29 29 17 18 3 39 3 30 44 12 18 48 49 6 9 11 12 16 37 35 22 24 24 40 31 29 38 41 14 46 45 43 31 16 49 42 7 46 35 7 42 44 42 5 9 48 11 29 30 45 6 44 44 47 30 6 6 28 38 24 2 13 16 49 17 25 18 33 8 17 
4 17 31 31 43 29 33 0 19 32 33 19 9 11 19 40 1 50 34 37 44 36 30 9 11 5 29 28 43 39 34 31 29 22 13 42 39 14 14 5 2 23 38 47 5 6 43 2 47 9 16 26 34 47 15 32 24 9 20 26 15 1 40 31 48 2 40 38 49 28 1 38 37 30 36 21 49 34 4 6 12 28 31 34 
23 9 48 33 8 32 18 31 0 44 38 40 1 34 7 49 3 16 6 4 20 8 29 40 5 11 44 33 41 5 15 15 37 20 6 8 39 5 8 30 17 10 21 44 50 40 36 38 42 35 2 40 6 24 12 27 45 20 44 22 14 50 28 27 30 24 4 31 28 50 11 48 9 27 38 10 38 35 40 15 26 7 42 6 
3 26 9 14 9 30 14 20 12 0 37 17 18 32 45 15 27 37 5 10 43 25 5 31 30 37 2 39 11 30 29 46 7 8 23 24 4 15 40 23 48 36 41 37 22 10 21 29 43 20 14 28 22 48 50 31 49 45 29 27 7 41 4 40 33 41 10 10 10 22 12 12 47 32 12 7 34 18 10 21 17 24 47 41 
16 1 25 10 9 42 25 9 37 13 0 16 8 33 2 4 32 1 11 20 22 9 3 32 40 36 43 47 31 36 9 11 34 45 13 25 32 17 50 2 18 47 3 25 35 16 5 24 33 15 29 20 6 5 25 33 13 20 35 24 16 46 44 24 29 3 33 13 21 27 22 15 1 10 2 25 6 29 47 25 32 19 15 17 
8 39 5 30 20 30 12 12 32 26 36 0 23 3 29 47 33 34 42 4 6 44 14 19 47 3 50 27 35 24 11 43 47 32 28 17 40 48 3 43 41 16 10 33 25 24 30 23 28 32 15 41 40 16 9 24 44 20 9 28 21 3 27 39 22 34 40 41 25 13 7 35 32 49 13 41 34 31 44 24 23 28 50 4 
9 21 3 32 23 5 23 20 39 26 23 39 0 40 21 12 42 35 39 48 15 26 30 10 42 3 19 40 14 26 36 5 44 3 24 31 2 31 8 19 20 40 37 47 6 27 25 2 13 20 3 39 34 30 35 28 29 11 12 29 5 16 10 44 4 22 30 36 16 41 10 11 27 21 28 26 39 34 4 15 29 18 28 44 
24 47 21 14 19 46 3 41 20 30 14 5 31 0 43 43 35 47 39 36 23 10 42 13 14 3 10 40 45 8 47 1 38 39 16 21 8 1 17 18 20 38 19 42 47 7 23 46 46 42 20 18 40 32 5 35 32 34 8 12 9 7 8 34 23 30 27 17 16 23 35 35 31 21 16 35 41 1 16 7 30 15 44 4 
38 30 11 6 34 31 39 25 43 5 10 14 31 36 0 20 18 31 6 30 23 7 35 37 20 16 21 44 32 18 2 32 45 13 5 46 44 20 21 34 35 34 11 43 26 12 3 5 6 31 49 26 24 35 21 47 4 43 41 40 14 38 8 7 41 24 15 2 27 40 26 49 11 23 46 40 47 43 11 8 14 17 39 1 
20 26 9 10 42 8 43 1 29 31 20 47 27 4 2 0 3 48 2 28 16 5 1 16 1 39 32 50 11 32 34 26 48 49 7 38 15 16 5 10 19 48 26 20 30 3 49 13 44 41 9 11 13 39 24 46 20 10 8 22 10 9 32 20 45 5 23 49 21 16 37 38 43 42 10 18 30 31 37 48 40 20 6 21 
24 24 14 9 26 11 19 5 8 34 50 10 17 6 25 26 0 30 1 42 28 4 21 19 22 29 6 16 39 24 10 32 41 3 12 47 22 42 15 23 10 48 33 30 9 42 50 2 25 6 12 19 39 28 28 17 3 6 42 30 21 45 30 32 49 2 10 8 5 10 3 34 16 29 32 31 22 41 10 30 30 4 42 33 
13 42 43 13 26 46 44 17 50 35 3 16 18 1 32 8 33 0 43 48 15 4 28 3 11 47 48 45 12 46 13 1 18 3 48 19 7 9 48 33 10 16 37 34 32 26 17 13 21 10 2 48 38 7 27 30 35 40 33 17 28 1 32 21 38 34 35 13 21 33 26 49 35 11 38 50 17 44 21 35 30 35 24 3 
45 16 14 12 26 18 35 18 27 32 5 10 34 16 47 48 42 4 0 43 39 34 3 13 27 19 28 13 41 19 48 37 44 28 30 27 23 21 24 37 3 49 8 23 4 7 29 16 2 48 23 44 26 43 35 19 42 4 37 43 49 6 44 49 30 45 11 33 5 39 25 28 18 18 40 41 27 31 9 21 41 13 11 44 
47 4 11 1 43 11 36 20 34 31 39 48 6 10 44 10 46 47 12 0 13 24 45 26 9 3 45 43 11 45 17 3 36 45 50 2 26 34 10 41 44 4 5 44 38 29 43 36 17 38 50 26 45 2 48 20 2 28 3 49 48 18 25 25 18 29 3 3 6 8 18 26 36 7 18 10 19 2 39 31 11 10 27 24 
46 41 8 35 47 31 1 49 32 12 43 26 29 31 26 9 26 40 31 10 0 20 25 41 39 34 39 2 1 40 23 39 39 42 1 30 28 21 18 6 25 8 20 44 24 14 42 32 39 26 30 5 21 29 18 4 22 1 20 1 9 30 1 9 10 24 5 35 29 1 49 38 9 35 6 2 1 31 17 25 43 8 13 25 
10 19 18 10 25 47 9 27 2 17 48 46 7 11 35 1 10 8 3 38 27 0 43 46 37 24 16 4 41 34 45 9 2 17 26 50 42 6 45 10 32 43 23 37 42 38 10 45 41 47 17 16 36 5 25 49 17 23 32 36 10 44 18 43 7 9 46 30 32 11 43 45 15 48 22 46 4 7 5 50 14 21 13 45 
18 30 23 48 43 27 33 20 24 10 50 39 25 30 30 33 42 31 14 30 4 23 0 2 38 33 30 45 11 18 33 23 40 31 24 26 28 37 48 38 5 29 24 21 6 49 34 21 25 27 23 8 34 7 34 41 46 28 35 16 13 33 22 2 42 37 11 8 2 5 3 47 44 44 9 2 31 2 47 40 49 10 21 35 
46 26 39 33 48 34 31 50 2 33 25 23 7 23 30 19 38 27 19 21 24 27 14 0 40 49 33 11 44 32 46 17 4 12 37 6 16 49 28 10 18 25 3 45 12 20 36 45 8 22 29 2 23 41 1 12 20 12 50 35 16 24 37 19 7 17 22 11 20 17 15 21 11 17 1 47 21 32 3 21 13 38 3 23 
3 44 44 13 12 26 37 4 49 44 45 45 38 35 39 45 48 25 25 41 8 9 42 7 0 40 5 41 39 10 29 23 28 21 15 16 13 24 9 50 44 31 11 22 18 22 7 9 37 44 8 23 38 13 12 15 45 3 37 24 8 36 49 44 21 21 17 25 24 19 26 22 40 26 31 11 48 37 24 35 34 46 5 45 
3 6 35 16 9 50 21 11 37 35 43 9 33 17 2 47 6 32 35 18 18 36 34 12 32 0 2 18 8 29 3 41 12 32 4 41 15 37 2 16 24 48 15 36 5 34 23 28 31 36 28 30 2 12 37 28 18 23 23 34 8 33 13 33 35 45 31 27 30 26 38 11 4 17 12 20 4 50 29 29 10 24 37 23 
1 23 39 1 46 27 24 42 14 19 9 42 35 32 2 11 3 46 49 5 49 18 26 36 50 17 0 24 18 45 45 24 34 46 41 32 12 7 31 32 4 3 46 48 36 8 20 36 22 49 19 26 15 26 33 25 34 48 4 1 29 3 6 47 19 45 25 46 45 1 40 4 23 14 46 3 3 20 40 28 31 32 3 20 
27 19 10 9 14 17 49 15 4 30 4 1 47 50 29 42 33 24 41 22 9 15 4 1 30 31 22 0 14 8 26 21 48 1 37 21 1 36 17 33 28 2 26 1 43 10 45 6 4 42 49 45 7 41 31 11 13 15 9 29 33 46 35 7 28 10 7 1 11 29 29 7 17 41 14 20 33 14 12 41 36 26 18 23 
10 32 14 7 20 26 8 36 27 39 50 33 18 20 24 33 4 45 45 25 13 43 29 16 28 12 29 49 0 4 18 44 8 28 12 47 47 47 50 32 35 22 44 30 29 42 31 3 14 41 30 38 42 31 43 11 18 3 48 30 8 48 9 33 9 45 43 5 6 23 27 36 4 13 10 4 20 13 50 25 48 9 15 9 
24 31 3 28 36 2 30 44 50 21 24 38 13 11 21 34 50 26 48 41 14 44 34 29 21 40 42 5 4 0 23 33 50 33 1 9 29 43 15 20 4 44 34 37 34 40 23 42 9 43 17 26 22 12 25 46 31 48 24 7 47 11 25 41 27 39 25 5 13 3 43 41 35 7 45 48 31 8 1 40 49 48 33 13 
37 47 11 38 9 6 29 31 20 9 24 43 19 44 10 45 15 18 30 7 50 26 42 15 17 27 15 24 48 35 0 8 49 29 13 4 30 28 37 47 7 24 12 22 27 34 2 29 38 48 6 25 32 19 27 14 12 6 47 21 32 41 6 34 35 1 25 15 7 40 30 17 29 22 23 33 38 4 16 32 16 48 28 26 
42 11 27 30 2 50 42 25 32 16 15 17 19 28 38 26 9 37 23 48 18 39 46 10 47 45 26 8 41 15 6 0 34 13 30 43 25 24 46 14 7 48 6 35 13 7 7 14 11 17 40 24 29 26 31 9 3 15 18 34 8 25 35 35 18 10 31 4 40 36 13 3 13 24 17 50 12 5 34 3 41 31 15 42 
1 41 28 9 33 21 40 11 7 13 6 33 14 21 18 3 27 3 25 25 4 37 11 5 9 31 47 49 32 15 44 27 0 10 43 34 27 33 23 22 19 46 3 47 1 19 34 36 41 37 31 27 38 7 40 39 15 30 23 50 2 25 42 30 43 20 30 23 22 38 41 21 4 32 7 30 1 41 11 37 26 45 6 12 
2 38 6 21 20 5 20 47 11 23 21 44 4 24 5 31 39 11 15 4 47 10 23 7 50 11 38 24 20 37 25 7 19 0 31 28 5 14 9 4 17 18 44 11 32 11 13 26 28 37 31 48 15 31 2 16 42 15 50 22 9 18 47 28 24 49 15 26 24 46 50 17 31 8 48 37 3 50 42 46 37 36 10 38 
40 39 11 26 17 15 37 40 15 38 45 50 22 16 37 33 47 38 2 33 37 14 18 7 33 16 13 42 23 4 35 24 8 10 0 39 36 38 39 9 10 9 10 3 44 14 49 16 37 14 9 50 50 34 28 1 26 22 4 44 2 2 46 18 12 4 21 43 13 28 1 46 8 30 43 24 27 11 25 44 35 50 27 28 
14 4 35 41 31 9 13 14 34 46 7 8 14 43 42 41 43 7 4 10 13 14 43 21 42 4 25 16 48 11 10 2 26 18 4 0 8 19 31 12 4 15 37 12 13 23 36 11 34 20 34 1 29 47 18 15 1 12 15 49 27 35 48 17 24 37 5 33 46 40 34 22 13 45 50 45 27 3 30 48 7 44 41 46 
14 10 31 6 8 3 4 47 4 32 36 20 17 21 38 27 19 3 15 45 36 12 39 34 47 23 39 48 33 18 43 33 45 2 4 15 0 6 50 25 44 37 38 19 31 10 31 29 6 15 3 30 4 30 47 10 2 21 47 9 36 15 6 15 36 39 3 26 16 18 24 22 20 29 22 8 49 44 9 25 17 45 33 34 
30 39 40 4 48 42 2 45 9 41 39 30 32 24 33 42 7 5 14 39 42 32 10 25 9 39 12 9 13 23 42 42 32 22 36 48 50 0 50 28 24 16 29 14 29 41 43 27 26 11 17 18 12 31 45 42 48 29 16 45 10 31 44 33 36 49 47 48 10 39 36 43 8 28 40 23 13 19 32 35 17 13 36 48 
46 5 31 11 38 30 38 19 35 5 19 43 23 47 28 31 44 45 17 38 26 25 10 35 42 22 30 30 48 31 28 47 45 46 37 31 19 37 0 11 30 1 17 8 3 9 47 1 17 41 2 41 23 46 49 23 22 46 46 20 17 1 9 22 4 28 22 49 27 10 47 12 8 35 38 37 9 17 8 26 45 21 14 39 
46 41 6 2 46 24 16 36 23 17 44 29 43 45 5 26 38 49 24 7 45 40 34 38 9 13 14 5 38 20 26 46 38 21 26 13 22 21 3 0 4 45 12 39 41 41 9 45 14 12 32 39 46 48 7 44 6 8 18 44 34 10 11 49 3 42 49 42 23 19 42 5 18 46 21 13 34 1 43 48 50 19 50 44 
6 32 30 49 32 27 20 6 4 27 20 44 34 14 37 50 42 18 22 45 20 28 22 1 27 45 11 6 16 20 44 16 10 18 43 22 12 1 11 47 0 50 37 1 41 26 28 29 21 15 43 6 33 47 6 24 29 11 30 22 37 16 15 41 34 34 5 34 16 21 15 39 42 7 26 46 34 28 32 25 50 16 41 41 
23 14 11 19 5 45 15 12 33 29 24 31 35 46 17 7 22 44 14 50 1 4 15 27 21 10 40 1 29 5 23 22 25 25 18 21 24 36 29 22 7 0 4 7 14 34 46 12 38 12 25 4 6 3 42 41 19 50 35 49 46 5 14 33 28 6 3 7 10 28 47 33 36 15 42 43 47 48 1 43 26 48 2 39 
4 1 17 20 34 35 50 21 40 38 34 18 44 21 29 8 32 40 3 11 16 43 19 42 11 49 44 22 49 42 24 48 3 25 29 28 39 34 23 26 29 26 0 44 49 31 25 50 26 20 43 12 37 46 42 24 12 33 26 9 35 41 28 22 48 14 37 15 19 42 2 19 48 17 27 32 40 49 20 11 36 50 18 2 
6 31 38 2 12 2 18 45 14 25 39 35 2 5 47 35 45 11 32 35 19 25 14 20 20 11 34 14 13 16 23 35 24 26 16 18 27 36 4 17 25 7 6 0 24 28 43 31 36 3 35 17 26 19 34 34 32 17 18 33 1 18 5 32 49 3 4 12 26 39 29 9 9 7 15 10 12 19 41 43 27 31 49 11 
29 49 47 17 40 42 34 1 9 4 3 49 21 26 8 22 24 31 6 47 24 26 8 19 4 25 23 13 27 26 6 21 20 44 4 50 6 38 23 34 5 29 1 6 0 5 17 40 37 12 19 19 46 26 2 38 3 42 29 14 16 20 21 24 34 49 32 29 28 22 8 16 37 9 22 42 45 26 3 15 38 35 37 2 
8 7 10 46 19 6 1 9 28 25 7 14 35 5 18 7 23 38 13 15 5 3 33 37 4 10 43 28 39 14 26 31 34 20 16 27 39 37 11 22 22 50 39 13 3 0 8 8 41 9 46 42 1 23 22 47 5 25 23 43 9 14 24 21 14 49 27 31 15 39 41 19 37 27 42 44 5 15 21 35 46 3 3 19 
43 22 26 9 12 23 12 3 16 45 3 9 48 30 25 14 27 28 44 2 18 28 6 24 32 28 43 41 5 39 47 7 11 5 28 43 24 18 19 42 28 39 3 43 25 33 0 46 26 40 7 9 18 9 1 2 15 16 2 28 35 31 21 48 28 48 47 48 44 2 33 41 9 10 3 25 30 26 14 50 49 33 17 2 
49 30 30 48 11 4 14 27 22 41 35 11 8 41 25 45 28 36 3 25 7 16 50 9 7 27 22 40 3 2 30 2 15 20 50 49 19 50 38 40 39 7 19 19 26 42 17 0 40 1 20 23 14 30 42 45 33 30 21 41 34 33 24 24 20 12 33 47 38 41 27 27 29 48 14 37 50 47 32 34 16 10 32 40 
34 30 16 23 23 25 18 19 48 9 4 8 15 33 50 8 43 46 29 50 24 43 44 16 17 6 46 36 49 38 26 24 1 35 41 41 46 10 24 14 23 9 29 21 45 6 22 17 0 48 24 41 21 31 33 16 41 37 1 7 17 29 33 20 11 34 30 7 31 43 9 13 34 22 16 27 15 14 24 22 11 34 29 38 
26 47 6 44 19 19 1 5 45 4 8 35 41 40 19 38 15 50 42 25 40 12 8 50 16 6 1 28 13 30 46 33 1 46 44 14 29 37 39 12 42 5 18 30 14 31 37 26 45 0 37 7 12 43 4 49 15 40 6 28 13 18 23 42 16 8 25 35 45 46 6 9 28 11 30 33 35 44 28 36 36 19 26 33 
27 23 35 41 47 48 30 25 23 9 26 44 19 14 3 23 40 46 42 30 40 28 29 1 13 22 14 21 12 21 43 45 43 41 15 43 23 34 39 48 16 32 37 20 36 36 14 22 41 6 0 46 40 27 46 44 50 44 35 29 26 34 9 13 2 17 31 2 29 49 11 50 6 8 45 15 8 41 10 15 27 8 42 31 
7 25 4 18 47 48 16 49 39 6 13 14 8 19 36 3 5 35 36 24 31 6 41 32 33 32 36 9 35 20 2 18 42 29 6 27 13 14 6 32 33 13 12 50 46 31 7 39 6 7 11 0 43 22 19 1 2 35 22 35 16 13 8 15 20 5 45 22 29 14 9 41 42 30 5 41 18 44 41 37 3 25 47 4 
28 9 10 46 23 28 5 43 41 29 41 19 26 48 43 46 1 9 29 26 47 17 20 14 18 29 33 8 44 36 33 41 16 5 38 11 45 49 49 1 9 16 50 13 39 36 15 21 2 46 37 44 0 47 21 7 11 40 47 29 45 46 47 50 6 46 50 4 22 11 33 2 2 10 28 17 32 18 7 25 33 14 13 7 
49 50 40 44 45 48 27 21 48 21 5 6 13 17 44 18 40 32 44 10 20 44 35 34 20 4 26 43 34 23 47 31 33 40 2 7 6 6 9 24 35 12 4 31 6 22 5 15 24 40 36 1 21 0 4 38 5 15 7 25 42 23 34 38 26 25 25 23 23 16 38 12 34 24 20 26 8 41 5 29 49 50 11 19 
44 38 46 11 30 3 48 42 50 32 18 1 1 25 28 7 31 49 33 49 37 29 3 27 1 29 30 14 11 28 27 42 12 15 44 39 29 15 44 20 19 46 12 2 6 19 26 34 14 48 48 50 17 12 0 33 16 35 20 10 2 24 34 32 23 6 26 40 36 32 39 28 17 6 13 31 41 17 1 21 32 3 47 1 
13 30 27 26 50 33 28 4 10 5 42 47 35 15 39 47 31 30 41 2 25 21 31 45 5 32 43 50 35 49 28 49 27 34 20 43 29 1 40 4 5 36 19 13 14 17 46 26 28 5 41 3 13 45 27 0 43 50 33 22 19 40 29 20 12 28 44 20 2 45 47 19 30 41 38 48 39 2 19 31 38 36 18 22 
31 8 26 37 33 7 28 44 46 30 21 14 26 17 8 36 21 47 44 31 32 36 12 12 26 47 38 41 32 2 34 33 22 8 39 4 2 8 38 46 18 4 23 1 20 24 22 23 45 34 11 41 43 37 40 45 0 47 14 11 36 20 38 12 44 47 39 43 19 28 4 34 13 10 49 14 28 14 12 43 3 26 15 46 
48 41 43 41 36 18 44 8 38 47 3 27 31 42 29 4 31 32 4 46 42 50 48 32 44 24 13 32 35 22 9 11 5 42 15 3 4 49 7 2 34 46 46 17 8 23 34 37 35 8 12 22 22 20 5 48 43 0 12 47 13 6 13 23 17 39 42 22 39 28 26 1 33 25 2 12 46 5 32 25 21 41 26 48 
28 10 38 39 35 38 17 11 43 3 45 47 22 23 30 29 16 1 45 9 9 7 30 47 21 9 9 44 12 37 26 23 30 16 46 7 1 4 38 2 12 16 8 31 30 6 40 24 26 4 9 21 46 17 39 21 31 41 0 18 26 29 23 49 6 27 23 17 7 28 23 28 13 13 44 48 43 50 50 17 16 20 36 19 
9 29 6 27 13 27 25 27 10 36 13 23 39 17 3 4 8 39 34 46 3 26 47 8 3 19 46 22 32 24 3 7 44 4 41 28 22 46 5 30 3 47 18 27 1 21 10 26 47 46 10 27 37 40 17 33 32 48 25 0 44 32 3 45 36 33 7 30 35 27 26 33 12 35 4 43 7 9 20 8 33 10 20 26 
36 15 27 21 4 38 9 46 24 22 11 49 50 2 32 44 44 41 25 50 22 14 49 43 33 47 11 25 13 41 42 35 12 28 9 22 7 37 27 48 18 31 9 40 25 5 44 5 27 26 14 42 36 20 4 23 17 35 38 7 0 28 35 34 34 30 27 38 23 43 10 38 8 14 27 33 42 5 9 19 29 4 6 48 
37 27 50 49 42 25 37 6 23 50 20 21 34 48 26 10 48 18 21 12 17 39 7 29 9 38 13 19 8 16 10 3 22 37 47 7 30 28 46 48 7 5 16 9 45 7 49 45 30 49 21 12 33 45 32 49 20 22 41 4 12 0 18 48 7 41 17 50 47 1 19 31 21 22 23 5 12 23 49 35 3 40 19 40 
10 46 48 21 28 6 49 38 8 38 43 37 39 7 10 19 28 7 2 44 11 19 50 40 10 40 20 26 22 38 38 15 44 29 39 11 43 47 22 42 2 32 23 34 30 37 17 6 14 31 7 46 38 25 29 41 46 8 11 39 37 24 0 16 20 50 28 43 11 18 49 26 31 36 11 43 30 46 17 11 24 24 14 12 
42 31 42 28 20 1 48 15 35 37 34 6 29 16 3 34 2 45 6 38 16 5 27 11 27 33 49 46 30 48 38 16 23 13 25 40 8 1 24 11 21 34 42 44 2 6 14 15 44 33 10 30 18 27 46 37 5 32 1 37 2 3 36 0 37 50 19 33 17 41 14 26 2 21 46 18 33 13 33 10 21 19 35 2 
47 38 8 48 47 17 38 35 27 50 37 10 18 49 5 45 33 23 48 24 31 8 8 9 22 10 14 25 22 23 31 19 17 2 39 50 42 21 37 50 4 29 50 3 35 37 50 34 8 39 27 48 21 12 22 40 30 50 26 37 3 14 14 5 0 20 18 43 17 11 6 3 12 37 49 21 2 9 6 25 36 10 31 17 
33 46 33 49 5 30 49 20 42 46 50 48 40 16 45 33 17 44 34 24 2 37 15 12 23 42 20 32 25 26 41 28 23 48 31 9 38 20 38 37 12 37 11 17 37 1 31 37 14 23 8 42 27 7 15 47 32 21 27 14 11 18 45 17 5 0 23 25 42 36 37 46 47 7 47 13 16 26 48 26 22 11 34 19 
2 18 49 1 16 33 34 27 17 44 25 27 45 42 45 12 14 27 39 2 27 28 11 36 30 45 50 22 34 45 6 3 27 50 44 49 7 22 9 9 2 10 30 4 32 21 19 24 32 36 12 46 22 33 42 25 7 14 21 22 34 13 44 22 39 22 0 50 46 48 46 6 43 18 31 50 18 48 8 4 10 27 27 41 
48 33 11 31 45 8 20 43 43 1 38 26 40 17 8 16 11 22 24 26 37 31 20 28 42 33 24 27 50 11 12 46 7 23 46 39 29 42 5 38 29 4 14 42 30 5 11 2 41 42 44 39 3 2 5 18 14 33 39 12 35 44 43 33 40 42 19 0 18 21 19 38 19 17 36 47 33 18 29 48 38 23 23 36 
9 17 24 43 6 18 29 26 46 3 44 4 35 11 31 3 39 36 44 31 22 5 25 23 18 5 22 1 35 35 2 40 12 8 34 16 16 49 13 50 43 43 42 16 24 33 13 22 37 27 10 2 30 42 14 5 43 2 26 2 47 28 41 12 2 5 42 28 0 27 15 37 40 23 44 39 30 13 9 49 35 43 50 14 
9 25 50 10 20 44 30 24 15 24 12 3 15 2 30 15 20 42 35 45 22 40 21 30 36 4 35 42 34 3 42 10 48 14 33 37 3 45 23 34 48 42 22 16 12 41 24 28 34 45 30 44 8 5 43 19 5 21 25 16 9 39 40 13 32 2 6 1 20 0 44 13 25 20 1 48 31 19 5 18 45 31 8 9 
40 23 49 3 43 22 14 33 32 21 7 26 9 3 10 34 10 35 23 8 41 32 6 25 7 7 13 1 1 3 30 36 2 31 50 41 34 50 14 29 7 11 31 5 13 26 40 28 10 21 9 11 8 1 19 8 18 25 46 37 10 14 32 30 41 21 25 28 3 20 0 1 10 22 44 2 30 2 1 12 32 18 35 42 
31 45 20 29 1 13 42 23 10 5 28 20 43 30 1 14 42 2 12 26 41 21 49 39 14 50 40 7 17 13 14 20 26 23 2 36 22 43 24 16 11 47 41 6 45 25 9 50 1 37 20 31 6 9 1 11 47 31 16 2 24 36 7 47 42 9 44 21 28 16 43 0 50 28 46 15 45 30 43 44 39 41 40 6 
31 44 34 14 17 22 42 39 41 28 22 43 25 41 44 15 37 31 38 23 36 45 20 3 10 44 7 31 4 38 27 12 35 31 27 4 8 45 28 50 37 27 2 23 7 4 41 5 36 29 8 9 4 18 20 36 24 32 4 23 15 11 36 4 2 11 9 45 14 40 7 42 0 4 39 37 9 44 48 46 7 4 3 45 
25 30 18 9 17 11 41 31 27 41 5 36 26 42 48 22 47 46 46 41 46 22 16 6 15 32 12 43 26 36 48 20 12 16 11 25 34 3 42 34 24 10 31 2 49 4 11 18 47 27 50 11 8 13 50 3 15 13 44 36 50 49 5 42 44 36 24 10 31 24 38 44 4 0 13 17 37 42 15 7 12 21 45 46 
50 36 37 12 49 17 8 10 21 10 6 35 25 5 39 9 14 30 2 37 23 39 6 7 46 47 13 11 1 7 32 16 5 3 6 6 7 24 25 43 24 14 18 35 49 28 42 33 4 7 43 33 19 8 23 11 30 31 17 3 5 47 10 15 28 40 30 23 49 33 2 41 5 9 0 14 10 22 21 9 18 5 31 8 
45 14 49 47 48 30 46 26 27 8 23 39 27 5 4 8 9 49 20 34 21 5 3 28 10 45 14 40 9 22 49 49 24 40 16 1 29 43 33 43 4 7 26 33 33 21 38 6 19 14 50 20 35 48 38 41 12 22 38 3 17 6 18 5 9 24 15 37 40 3 29 17 17 28 30 0 14 29 20 46 40 8 9 21 
45 23 30 15 27 2 25 39 8 6 30 26 48 40 22 25 9 6 1 17 16 36 34 4 7 18 24 13 42 26 48 46 9 36 23 32 29 10 39 35 15 14 21 11 37 2 32 24 7 45 37 34 7 43 6 10 39 27 8 9 29 13 48 33 8 34 18 13 18 40 47 49 17 16 2 2 0 16 24 17 6 36 1 6 
47 40 15 39 16 31 14 44 2 3 30 7 2 17 38 3 4 34 19 6 17 49 38 17 42 41 4 44 16 11 2 24 28 7 1 44 44 45 3 33 5 47 45 47 38 9 50 35 28 21 13 22 17 45 39 49 2 48 48 26 27 20 28 41 1 7 30 45 17 45 10 9 32 37 1 21 4 0 42 30 34 41 19 16 
46 48 31 7 33 18 2 42 47 48 28 6 36 20 4 46 31 30 6 19 34 11 4 41 31 44 19 45 11 18 14 35 9 5 32 44 21 1 47 27 16 4 14 12 5 31 16 2 50 46 50 5 36 1 33 36 44 41 26 40 50 7 32 29 34 43 48 32 38 11 26 31 33 29 3 30 47 43 0 36 1 28 18 46 
15 19 10 49 9 22 47 50 31 25 8 28 9 22 36 28 12 33 35 14 39 21 19 22 8 48 3 39 2 5 26 12 32 12 17 11 25 45 40 10 42 12 45 7 26 1 45 9 12 15 25 18 44 5 7 45 50 38 41 11 20 8 48 27 49 47 47 48 5 26 4 18 44 26 23 28 26 13 47 0 8 3 45 28 
37 31 9 18 28 5 23 11 37 4 29 41 34 14 19 8 29 5 48 4 37 11 8 24 18 32 30 19 38 42 34 8 26 31 11 47 41 29 20 43 33 15 18 14 16 36 40 14 8 5 18 3 6 41 41 27 23 35 1 46 26 5 24 46 20 21 16 3 3 23 18 1 35 6 22 22 44 44 9 33 0 43 17 11 
33 24 31 3 35 41 35 24 6 29 25 17 28 42 23 44 45 21 37 11 36 38 18 19 1 20 19 34 30 27 19 3 10 45 41 22 40 18 31 13 19 49 13 23 11 39 45 31 21 50 14 13 7 6 25 46 6 13 2 16 22 2 44 29 10 22 8 33 1 1 5 28 40 24 43 37 25 46 8 13 26 0 38 13 
30 14 7 47 4 20 46 17 27 17 16 42 17 5 34 13 40 31 12 31 21 46 37 23 33 14 39 21 11 5 40 40 34 39 15 16 4 26 5 14 5 35 29 11 24 33 26 32 42 33 19 32 15 8 43 35 27 34 14 40 32 26 6 22 27 26 8 28 41 18 9 14 27 48 26 36 18 26 49 1 38 7 0 29 
29 37 9 26 26 47 31 39 21 12 15 32 29 30 7 35 49 25 49 42 24 24 5 5 17 32 7 18 2 35 14 3 26 47 27 36 19 1 32 32 11 29 39 2 13 16 47 7 11 42 1 26 40 15 6 5 32 4 10 45 40 14 38 36 49 12 7 33 3 22 16 48 43 17 32 45 36 3 43 1 35 1 7 0 
11 0 35 39 13 12 42 23 4 16 41 38 42 47 42 3 4 1 10 15 4 40 26 3 33 24 33 11 19 29 12 9 10 39 7 28 2 10 50 46 42 30 18 1 7 6 25 35 4 34 50 42 41 21 47 17 36 32 7 40 29 31 5 25 4 32 28 4 41 15 2 45 1 15 24 25 22 25 46 27 49 48 7 36 
30 20 0 18 40 43 40 42 20 4 11 17 11 26 43 47 25 28 22 45 40 32 6 41 27 47 23 46 11 36 30 42 31 25 19 46 35 15 39 11 1 23 32 41 41 48 14 49 29 28 21 50 27 4 18 4 25 29 42 43 20 45 31 35 25 20 37 37 8 48 13 11 39 12 45 18 1 15 50 30 34 25 17 34 
15 30 15 0 28 7 16 21 7 24 46 41 6 42 48 16 22 11 27 42 32 16 10 11 16 9 1 3 10 29 12 10 46 28 48 20 46 5 9 30 42 27 7 38 44 21 39 26 4 50 29 20 7 34 36 19 5 19 50 19 7 13 12 28 12 37 45 29 44 28 21 18 2 48 50 5 10 23 18 45 21 25 50 11 
1 43 3 13 0 43 29 16 27 6 41 23 30 16 29 27 7 26 11 32 27 29 11 18 10 34 31 10 33 2 5 49 33 14 1 28 20 35 33 36 15 13 45 12 12 25 21 40 31 47 11 20 10 43 23 32 40 25 43 29 12 20 33 26 2 42 41 16 15 2 7 23 44 25 17 15 35 50 6 35 14 42 30 37 
41 35 40 40 41 0 19 38 46 42 4 25 46 30 19 11 21 35 5 25 29 40 39 27 36 26 9 48 41 19 9 16 20 41 47 35 17 3 1 26 46 15 11 31 40 1 22 35 16 40 36 1 9 18 1 47 3 9 4 15 32 22 48 27 34 39 5 5 34 35 44 19 34 30 29 15 30 8 37 35 5 25 32 2 
34 8 7 3 41 50 0 33 9 49 37 44 25 17 35 48 1 46 17 2 32 46 18 17 30 39 36 18 45 22 20 11 8 40 46 43 26 33 2 15 34 2 35 20 48 36 5 48 45 10 36 40 38 23 1 6 17 42 27 15 5 33 38 38 30 26 36 35 22 42 23 19 44 3 19 30 12 48 20 44 35 39 23 36 
36 30 24 36 40 41 27 0 34 6 38 10 2 15 48 41 22 50 20 27 3 38 18 46 35 5 21 45 19 23 34 30 17 10 3 2 50 3 1 46 31 16 39 14 7 43 18 16 14 8 48 44 16 12 21 48 19 35 39 31 19 46 8 12 22 8 44 42 12 46 41 19 50 24 46 38 49 4 40 42 38 6 32 12 
25 40 15 5 40 5 34 16 0 15 21 27 36 8 28 42 49 50 26 4 18 17 29 45 42 17 33 50 15 46 47 44 14 15 47 37 33 44 39 3 7 13 26 5 29 48 11 31 22 12 41 43 12 2 14 46 47 46 23 39 7 6 19 20 18 27 14 21 11 41 10 6 12 24 47 6 41 25 16 45 6 2 29 4 
5 5 32 12 2 2 41 38 21 0 50 46 2 44 6 37 3 35 40 20 31 3 35 31 39 5 8 5 22 30 29 33 6 27 16 16 14 45 2 20 10 1 23 36 12 28 46 12 35 39 14 11 17 32 49 1 20 25 44 7 44 47 19 8 42 17 41 26 28 41 24 9 33 20 11 30 30 50 19 11 10 47 20 34 
17 19 17 24 29 15 46 40 2 45 0 27 13 32 15 44 45 38 20 35 45 16 6 28 47 22 19 22 21 6 33 48 48 28 36 42 24 1 17 47 14 46 35 7 38 44 49 49 15 7 24 24 40 13 26 19 12 41 20 2 10 44 26 34 19 48 30 36 46 24 20 45 21 23 21 49 31 49 40 4 24 21 7 14 
32 10 8 36 3 18 31 34 32 16 38 0 20 21 1 39 41 15 13 3 42 37 30 3 17 42 27 38 13 1 17 29 40 37 12 3 10 41 45 33 28 43 37 14 6 36 1 29 31 11 50 39 11 18 16 28 2 7 41 44 26 31 18 33 15 37 48 34 10 48 29 50 21 30 25 49 50 17 48 32 41 48 7 3 
1 28 19 23 21 34 1 4 1 1 8 48 0 26 4 49 19 38 18 20 33 32 50 19 31 43 18 28 35 10 9 4 28 24 16 33 38 19 26 14 26 47 26 50 20 23 28 24 46 19 29 44 24 29 25 21 2 9 38 30 4 7 17 44 42 47 30 25 10 22 11 1 13 5 45 36 7 50 50 8 16 44 32 17 
31 16 31 50 50 45 32 29 31 47 10 19 31 0 32 9 24 44 4 14 25 8 28 32 20 35 39 15 2 10 30 14 10 25 50 13 27 16 31 25 15 41 33 20 16 45 26 5 25 42 26 15 13 30 8 9 4 34 12 15 12 31 30 20 1 33 50 45 32 19 33 8 14 29 50 34 26 8 16 25 10 34 40 10 
34 16 2 31 17 42 10 43 5 16 14 35 11 13 0 20 34 45 31 24 7 10 19 2 35 31 25 34 46 18 37 6 29 42 20 37 36 31 20 29 41 9 40 4 48 16 15 23 14 39 33 31 29 10 34 1 15 15 18 50 42 8 15 25 18 11 36 44 42 27 35 3 26 3 34 48 20 16 4 20 16 3 21 8 
36 7 27 19 8 20 22 21 14 20 37 33 45 15 36 0 38 30 22 32 37 5 30 6 27 26 37 31 50 11 49 34 40 38 7 40 11 34 17 36 22 6 14 40 6 17 2 3 5 30 17 40 45 21 34 3 7 2 1 44 22 39 22 11 15 36 47 45 38 26 26 5 14 37 10 32 41 40 50 10 25 35 27 21 
45 9 40 20 5 4 33 9 33 24 14 34 34 4 25 20 0 20 8 15 30 5 13 27 8 12 3 13 17 2 41 20 38 13 2 16 7 46 28 41 34 44 17 22 40 23 26 48 38 16 31 41 17 20 48 16 33 33 33 8 3 42 16 8 42 5 27 22 33 38 19 24 43 17 31 36 38 41 37 36 36 5 25 2 
22 1 3 18 16 36 34 24 14 20 39 43 28 10 31 36 46 0 5 15 1 47 7 48 50 40 12 29 42 47 47 23 48 18 15 36 42 2 9 7 47 4 46 10 23 29 39 9 29 11 2 40 31 40 25 5 15 4 3 29 5 8 42 28 18 48 41 25 13 24 40 34 38 49 18 47 2 48 25 22 1 3 50 32 
45 8 42 8 43 10 22 38 50 31 3 40 13 18 43 26 39 14 0 47 6 22 18 3 33 23 29 4 18 29 32 28 2 9 11 33 11 7 34 32 4 2 2 34 7 47 29 35 34 6 50 33 38 7 44 11 28 5 9 36 15 7 4 10 19 3 1 32 2 36 32 19 5 32 44 4 21 34 46 37 44 45 20 13 
29 49 41 46 15 50 6 6 48 49 18 47 49 42 16 5 46 47 33 0 49 24 31 29 6 14 41 41 44 10 23 42 21 37 42 31 21 12 5 17 3 30 26 22 7 15 47 6 29 19 41 41 47 13 22 39 49 20 36 33 25 10 13 47 25 7 48 11 7 12 46 43 42 31 31 19 48 10 23 41 17 35 12 25 
19 33 45 8 16 4 33 1 27 23 43 43 18 30 47 50 18 36 50 18 0 24 49 49 17 33 3 42 39 48 45 16 40 49 38 29 43 12 40 46 4 29 46 16 19 38 38 1 19 14 23 24 32 36 44 2 20 34 29 26 13 12 44 3 33 7 3 44 31 1 4 38 28 41 47 39 29 33 30 30 45 3 24 26 
25 21 35 5 5 36 9 9 34 14 34 42 36 43 34 13 35 45 21 18 10 0 36 47 41 39 6 24 37 4 50 32 10 39 19 29 12 23 48 40 46 42 46 5 14 8 5 4 36 50 18 45 1 33 6 16 40 25 44 16 50 12 22 5 35 33 24 3 18 14 22 41 37 5 26 26 15 31 33 34 35 3 38 38 
37 5 32 28 34 3 39 38 29 33 41 34 21 41 21 31 35 3 36 22 28 28 0 8 46 8 31 2 9 43 11 32 47 24 35 19 30 2 46 20 16 26 35 12 5 15 42 6 24 11 2 49 32 17 17 10 9 48 36 21 4 1 31 46 18 1 44 10 36 22 42 30 39 34 21 47 44 16 3 31 16 25 29 49 
41 12 1 31 8 25 11 32 17 25 17 15 45 40 45 5 21 33 20 2 20 23 10 0 49 46 20 17 43 46 5 6 29 23 33 5 6 1 13 2 12 12 10 14 14 17 6 3 5 22 48 10 34 5 27 29 19 3 2 36 39 8 18 37 12 20 38 43 13 35 39 5 9 31 9 41 10 10 46 32 40 18 13 21 
48 45 22 24 46 4 37 4 49 28 14 4 44 24 2 45 30 14 40 20 34 44 2 3 0 47 36 19 10 7 20 46 22 46 48 39 17 48 15 48 10 49 35 6 31 18 5 47 37 8 2 3 27 28 43 38 4 43 20 27 10 35 27 48 29 33 42 8 47 35 35 47 15 16 31 22 49 39 22 35 42 39 33 3 
5 18 19 44 4 11 35 25 29 38 38 25 22 38 27 48 26 48 1 2 23 6 39 11 48 0 21 39 16 21 35 36 21 3 25 44 12 15 49 4 36 1 11 18 28 29 7 50 12 12 25 9 45 39 31 30 49 30 8 46 34 22 19 4 44 3 17 22 48 44 15 34 28 44 16 2 13 38 11 33 42 21 27 5 
47 27 41 33 23 45 46 33 7 3 21 14 32 8 25 25 13 35 3 18 47 41 32 2 24 30 0 18 11 19 26 5 13 45 15 7 18 12 34 50 3 49 33 28 25 23 2 20 5 14 37 20 7 19 10 8 6 45 40 10 43 28 35 15 31 49 9 20 17 1 8 13 29 36 1 20 15 14 8 29 22 10 13 48 
33 6 48 44 36 8 1 23 23 24 7 25 14 19 47 26 15 33 4 4 6 24 41 22 19 40 44 0 43 37 11 38 33 15 38 32 26 2 15 34 10 1 35 41 6 29 26 6 46 18 32 15 40 7 10 42 9 15 27 26 46 14 9 36 12 37 25 11 27 37 22 25 50 49 44 4 22 33 36 43 44 35 48 25 
6 47 48 26 6 46 24 11 25 39 38 47 42 49 30 20 5 16 29 10 47 8 15 42 14 6 21 27 0 29 35 33 12 16 34 31 15 39 49 5 31 14 11 50 11 12 47 12 23 4 17 38 29 6 39 29 48 33 7 13 50 26 47 32 41 7 27 31 9 18 15 31 7 11 49 47 36 9 4 30 17 45 48 24 
12 47 5 6 28 6 34 33 32 36 5 5 17 30 9 5 35 17 4 5 39 36 31 18 8 43 43 40 29 0 27 46 6 28 24 20 45 3 22 4 3 35 33 50 22 7 44 30 7 50 50 46 1 41 43 36 26 16 37 48 36 13 44 5 5 40 49 27 44 10 15 2 14 14 1 21 6 37 10 12 15 13 37 40 
29 32 46 15 36 38 44 29 16 24 19 41 41 28 46 32 8 17 36 47 36 48 32 37 41 23 30 40 7 26 0 34 23 26 4 26 23 44 34 42 6 17 36 37 40 46 10 30 29 42 29 5 48 27 41 5 31 1 9 25 13 9 4 23 41 41 46 16 38 2 23 38 24 25 31 30 1 12 42 42 31 44 2 49 
28 22 36 46 35 50 46 23 36 10 30 48 13 13 47 50 50 45 43 27 19 41 31 24 47 11 5 20 9 17 44 0 20 8 6 45 20 5 1 31 38 7 1 3 15 46 34 18 38 16 43 43 37 2 25 30 37 41 13 49 24 46 26 15 19 16 11 40 7 19 27 45 50 15 5 20 19 39 17 29 14 44 18 5 
16 25 8 18 33 27 8 29 43 2 7 43 32 36 34 49 35 44 12 20 39 48 44 22 48 6 11 49 25 35 36 31 0 28 22 49 44 8 43 8 31 11 49 3 48 8 12 39 34 5 18 44 20 33 49 16 19 32 36 21 27 16 10 5 8 16 26 15 10 38 41 42 43 36 31 9 41 45 46 15 36 18 28 44 
7 41 16 49 30 6 31 13 22 22 31 15 1 44 46 32 32 47 29 46 15 27 2 34 2 40 26 24 36 22 36 10 39 0 17 48 17 1 28 36 4 7 28 20 21 6 17 9 47 50 14 34 40 39 32 29 31 40 32 48 41 31 8 27 1 37 22 27 35 47 29 32 5 12 25 40 38 7 31 29 35 31 29 24 
23 39 47 21 7 38 18 28 19 30 45 23 50 1 19 34 35 41 25 1 22 33 29 28 14 43 42 24 9 3 13 10 3 34 0 5 13 41 1 20 47 29 2 13 25 17 2 40 37 39 48 45 45 7 29 3 40 10 19 8 15 46 44 19 16 17 36 21 16 47 7 43 34 22 28 22 21 20 5 12 12 3 6 36 
12 9 19 4 24 32 15 3 23 44 5 1 36 34 47 8 31 31 24 40 32 5 12 24 29 8 32 21 6 7 46 12 41 9 7 0 8 49 33 48 35 32 4 21 41 17 28 37 38 23 47 31 32 29 16 5 8 48 46 25 17 50 45 48 17 49 43 11 27 27 39 10 49 34 40 9 28 34 21 7 2 21 45 48 
9 26 15 34 25 5 50 11 4 8 31 35 37 7 5 43 24 18 10 11 35 38 33 48 40 7 27 24 27 39 24 46 5 48 40 41 0 35 10 36 22 27 29 6 41 3 5 23 22 30 29 33 34 11 35 14 21 44 17 44 18 28 27 35 15 35 35 30 39 17 14 9 15 32 39 34 6 32 43 45 35 35 6 44 
49 6 40 36 21 35 19 48 18 16 18 44 1 44 41 6 19 26 34 5 16 21 19 2 23 1 8 39 1 22 9 34 23 33 37 10 46 0 50 9 5 49 17 41 49 15 45 34 13 42 37 27 10 2 1 28 28 38 38 13 21 27 30 47 46 8 35 22 18 8 32 11 19 17 29 7 50 30 20 38 29 17 46 48 
15 46 50 33 22 6 9 22 8 37 38 28 19 20 46 42 31 24 16 5 10 26 9 44 23 45 29 49 18 1 35 4 32 33 32 1 8 3 0 50 13 50 10 4 32 29 2 39 30 35 29 8 6 2 41 39 40 38 6 11 28 28 10 5 7 3 34 46 36 38 45 34 29 24 4 6 50 23 27 15 21 6 49 15 
40 44 30 3 42 45 43 14 3 42 22 36 40 6 47 30 45 6 3 42 40 45 30 32 48 35 39 18 12 42 40 22 29 46 16 14 23 31 4 0 42 46 32 32 37 2 18 17 45 26 47 21 15 4 7 26 45 14 48 6 8 6 26 2 12 3 1 7 45 41 33 8 14 3 11 47 8 14 43 30 30 18 45 42 
16 21 25 19 22 20 21 50 26 26 46 36 20 31 21 35 2 12 23 4 43 40 7 13 43 10 19 32 21 18 26 41 12 35 37 41 28 32 35 25 0 21 33 32 38 7 26 28 27 43 9 29 19 46 41 50 27 15 13 27 13 2 40 29 8 1 6 25 36 44 31 7 20 27 48 34 10 8 19 7 18 33 42 39 
13 40 7 46 22 35 11 26 15 6 23 23 31 5 25 38 1 1 43 34 13 2 9 43 48 7 40 20 46 6 9 31 11 1 17 18 44 11 4 1 34 0 5 43 15 4 26 3 6 33 31 6 17 40 8 27 11 32 15 49 15 45 42 30 10 47 43 13 31 38 8 45 41 48 42 1 8 10 45 39 23 4 35 37 
15 1 43 41 3 25 7 37 29 13 39 6 42 26 34 18 12 13 23 19 26 37 16 19 48 8 19 1 38 27 26 11 11 5 15 9 5 2 11 6 31 22 0 16 28 10 37 9 33 27 27 27 10 32 17 12 29 35 24 43 45 6 6 49 3 37 28 46 37 11 25 14 10 3 17 38 5 22 39 10 12 50 37 24 
11 50 17 30 45 44 37 25 31 10 16 1 25 23 14 42 32 42 22 22 3 14 18 8 15 29 8 8 47 14 32 46 20 33 39 3 21 49 2 44 25 50 33 0 1 37 17 13 32 8 47 29 21 28 16 22 48 32 9 15 16 36 30 29 17 28 20 31 43 35 11 21 33 40 29 48 4 32 18 21 49 16 26 50 
50 36 12 19 5 11 42 21 12 34 36 8 46 22 16 23 17 36 21 48 47 27 46 31 50 18 18 17 15 39 17 50 11 30 29 32 17 2 27 32 44 41 10 50 0 5 21 3 32 16 45 4 13 46 29 4 24 40 32 19 37 44 26 7 24 18 37 48 16 43 34 7 16 10 39 5 7 18 47 26 30 16 37 1 
20 35 5 4 33 27 6 43 36 33 40 39 19 34 36 33 18 23 37 40 32 39 39 3 8 24 47 7 43 6 40 21 8 25 37 40 13 33 16 40 38 42 21 33 20 0 50 37 23 32 15 8 7 30 47 20 32 46 2 47 9 30 50 50 31 44 20 32 44 48 47 20 36 8 48 2 40 19 6 34 8 38 25 25 
29 48 34 42 11 6 6 44 11 37 8 10 38 43 41 40 1 19 43 26 36 46 23 50 32 45 30 13 41 19 39 21 6 25 22 34 11 28 22 39 43 3 9 49 1 38 0 15 48 28 17 33 40 45 49 40 34 25 34 10 16 27 43 4 43 49 37 5 14 21 7 29 24 47 5 33 33 37 24 50 45 31 32 35 
24 36 49 27 7 36 39 9 27 18 7 13 1 50 16 1 14 33 1 27 22 39 10 43 41 16 8 47 1 35 15 35 45 8 31 8 50 11 48 29 33 48 3 6 41 43 33 0 33 21 24 36 13 31 6 14 35 26 7 36 41 29 42 9 43 3 23 18 43 20 9 2 4 35 23 44 24 37 5 3 49 33 25 26 
28 50 3 4 40 44 46 32 43 25 8 50 41 40 10 3 18 25 41 14 12 22 32 28 8 12 41 49 22 4 38 8 4 16 32 43 50 19 29 50 25 28 9 30 28 23 4 34 0 27 2 35 24 43 12 15 6 18 26 47 29 3 47 10 40 38 50 47 26 9 18 4 50 47 41 39 35 14 3 1 35 9 8 23 
21 20 14 16 43 2 26 26 25 23 1 47 29 18 20 43 28 27 28 26 10 49 36 28 2 23 31 42 15 25 12 20 46 24 40 21 24 35 4 24 33 42 29 28 46 45 11 17 45 0 11 23 9 31 33 14 23 34 37 14 20 22 34 11 50 11 31 2 5 29 49 19 44 23 5 43 18 20 8 32 8 13 14 48 
5 3 4 40 14 11 18 37 37 22 35 2 49 32 30 17 16 43 6 38 46 42 30 36 26 40 47 3 27 6 6 7 8 37 6 47 8 41 38 45 12 13 33 23 39 3 45 36 41 41 0 17 16 7 27 3 13 24 19 15 24 14 15 11 32 16 28 45 13 26 33 10 25 5 12 27 34 10 8 47 24 46 11 13 
36 40 41 50 32 35 43 24 40 27 15 31 48 3 1 7 12 9 32 10 9 32 42 11 46 1 19 4 17 22 42 29 4 3 25 43 26 28 13 28 33 9 21 49 41 32 30 31 9 1 36 0 15 14 1 5 5 48 31 5 32 16 40 8 18 36 36 28 46 28 9 32 34 46 4 28 50 12 43 20 14 22 39 46 
16 36 27 15 3 49 21 45 46 23 31 13 44 2 3 14 6 5 34 3 50 20 3 19 10 24 5 43 6 11 41 11 28 44 42 33 9 21 25 48 8 15 37 11 15 42 34 49 9 29 15 10 0 38 36 47 47 34 8 6 29 44 28 39 35 33 21 36 1 10 21 5 35 30 37 46 36 34 42 4 19 41 6 35 
27 47 32 24 42 48 46 49 1 16 47 4 30 26 2 29 45 6 33 39 39 25 31 30 1 40 11 13 42 5 37 39 39 44 13 39 1 47 45 4 15 22 5 19 34 34 17 11 32 14 10 14 8 0 18 46 3 16 2 24 2 37 33 7 47 30 9 16 37 14 14 28 48 12 30 24 17 20 12 47 17 24 1 31 
29 46 23 31 21 48 10 23 50 24 43 17 33 16 8 40 26 19 31 48 19 37 12 3 28 44 30 33 5 6 7 29 37 2 29 2 7 28 45 39 4 42 29 24 20 14 42 2 13 22 21 48 44 4 0 13 43 34 21 3 28 19 28 18 44 17 14 31 31 37 6 34 49 25 42 44 28 9 38 33 15 2 28 21 
33 35 9 35 33 40 36 19 36 25 17 20 27 24 35 8 6 34 12 15 7 39 23 24 2 10 35 35 47 39 39 27 42 7 36 10 8 30 48 41 1 38 48 24 8 23 18 5 25 31 28 31 40 13 14 0 44 13 36 34 23 5 2 23 48 36 41 29 20 39 25 50 27 36 21 15 19 42 49 16 30 43 31 11 
16 11 9 37 30 44 42 48 23 46 25 36 50 16 1 38 18 45 49 16 50 31 2 45 19 49 46 3 14 20 4 31 25 42 7 37 28 4 49 26 47 28 28 31 11 36 16 3 41 12 48 36 44 16 12 35 0 10 14 19 32 49 39 34 3 43 45 12 8 10 14 11 15 46 23 19 22 4 21 35 34 33 43 12 
3 22 19 37 10 31 22 28 14 36 18 28 8 44 25 39 17 24 8 44 27 1 34 40 22 47 40 31 39 30 35 49 6 28 32 31 24 9 3 28 38 37 47 30 28 45 12 28 30 33 19 11 26 50 35 2 39 0 30 15 13 41 41 39 35 1 20 23 31 13 44 15 8 21 31 6 41 4 5 12 28 36 12 2 
6 12 24 23 7 43 30 43 45 44 40 37 47 48 12 29 9 23 31 16 36 19 11 41 46 44 45 48 35 18 38 28 30 40 34 24 28 48 16 39 33 2 20 15 31 44 9 44 42 26 4 6 5 47 16 38 1 34 0 28 14 49 32 8 28 7 12 8 8 15 39 2 12 7 42 33 35 49 47 10 2 35 2 6 
9 14 33 24 33 25 46 23 44 20 3 41 1 44 43 9 19 37 2 29 4 25 43 49 14 14 32 40 5 24 26 29 48 26 50 15 24 39 25 34 19 16 8 42 4 2 33 41 6 38 42 16 34 23 3 34 21 34 11 0 19 43 7 18 20 45 25 44 25 45 29 35 30 12 18 11 39 17 2 46 12 32 41 34 
17 33 10 45 25 24 16 44 41 29 7 41 13 48 39 47 29 8 8 47 28 4 12 5 16 12 14 18 19 38 49 38 3 24 2 37 35 31 19 1 29 35 44 2 6 28 49 41 29 6 17 4 24 44 6 14 22 6 29 13 0 10 49 25 3 31 19 38 39 47 2 12 49 40 8 18 43 11 11 50 39 14 24 39 
14 22 45 14 10 18 38 16 29 2 6 41 31 11 42 22 37 40 10 44 28 44 18 15 17 26 13 4 12 7 41 50 37 11 11 31 36 6 29 21 9 37 33 48 34 17 38 33 19 40 13 49 5 30 11 21 4 30 48 34 5 0 35 4 23 12 7 5 21 50 11 36 32 12 40 36 41 11 21 32 1 39 31 35 
23 45 42 46 7 50 41 27 7 8 46 16 24 33 11 36 27 12 17 33 9 4 32 37 15 45 20 11 34 49 47 45 25 1 32 29 21 12 48 22 10 34 30 24 17 24 12 9 50 36 5 39 22 49 26 19 13 5 31 13 30 30 0 44 8 11 1 42 24 2 33 16 16 14 46 23 26 25 8 21 42 34 12 11 
48 44 9 23 26 26 13 16 16 32 36 43 30 40 22 13 17 33 39 7 18 21 40 25 27 26 1 44 5 35 39 30 18 20 46 15 3 28 16 49 40 17 50 35 29 3 44 36 4 46 5 10 46 6 43 28 5 34 46 1 25 19 11 0 32 43 7 26 11 44 7 10 39 17 41 18 1 21 5 47 25 33 15 41 
10 30 30 34 12 27 19 10 20 32 16 24 21 6 18 42 22 28 34 42 47 36 16 43 5 39 43 7 50 37 22 19 10 29 1 3 14 23 14 34 26 48 41 7 2 17 47 45 4 14 25 47 50 24 44 25 14 37 29 24 35 12 11 33 0 11 48 14 43 6 16 29 50 15 50 16 50 45 9 42 39 42 48 4 
37 13 25 19 37 35 27 39 27 44 40 50 15 37 9 47 5 3 5 40 38 35 26 33 50 8 44 31 5 45 41 33 37 8 24 21 36 29 28 8 29 28 3 6 25 1 1 13 37 12 38 36 38 8 17 3 38 42 20 29 41 47 34 32 3 0 8 13 8 14 38 12 26 26 47 11 10 32 20 9 50 8 32 44 
43 8 6 45 30 42 22 33 44 10 50 17 33 45 21 4 18 39 44 50 49 1 12 11 41 47 7 21 18 34 20 22 10 3 41 25 48 13 34 16 43 6 19 17 26 30 29 16 12 17 42 12 14 32 46 43 46 46 5 33 36 1 16 10 40 29 0 8 31 4 46 6 5 6 29 8 44 32 46 35 11 19 41 10 
2 43 9 8 28 8 48 30 2 9 1 31 42 41 9 28 48 23 49 12 16 11 37 7 36 25 2 11 50 12 44 15 45 42 14 18 31 21 30 24 7 16 4 47 5 48 16 4 24 18 37 39 21 29 44 41 6 3 23 4 6 38 30 41 15 37 36 0 1 27 42 47 28 44 25 6 1 7 40 2 38 10 49 38 
32 25 6 44 17 49 23 12 28 48 27 19 20 36 14 33 18 12 16 27 32 21 10 45 46 23 43 35 17 1 35 44 7 50 49 17 9 43 20 3 4 31 20 30 18 7 37 15 44 8 34 27 45 22 6 12 16 12 49 44 6 39 46 27 14 33 12 20 0 38 47 24 25 43 13 24 2 2 31 27 39 36 29 41 
9 17 9 50 35 44 38 2 48 45 27 47 16 35 43 16 36 46 18 27 47 35 10 35 32 49 5 10 35 35 10 8 28 49 37 11 5 33 27 26 1 46 26 31 17 17 8 17 10 15 42 44 19 2 44 25 8 25 19 37 40 28 17 14 36 19 20 18 48 0 33 12 4 19 42 27 1 9 30 19 16 41 38 50 
21 43 17 39 26 5 13 3 31 14 41 36 23 30 12 45 48 47 41 19 28 4 39 25 28 26 43 16 29 7 4 46 3 29 46 22 20 30 44 13 36 31 31 40 29 6 4 22 48 35 21 19 50 19 23 18 5 42 12 1 12 48 24 25 11 45 34 45 35 41 0 26 18 3 29 34 48 23 50 46 22 22 22 18 
45 36 36 47 35 6 29 18 28 18 44 1 39 7 7 30 35 23 9 37 8 9 3 16 22 35 26 45 6 46 41 29 40 30 29 39 26 49 50 39 6 24 48 50 10 28 46 41 17 20 12 50 13 36 11 36 33 20 25 50 31 34 12 32 28 15 11 9 29 18 5 0 36 23 20 31 35 12 4 7 44 40 35 28 
36 35 42 17 5 19 44 6 6 24 50 9 23 12 17 23 45 17 37 13 49 16 26 27 44 5 27 25 30 13 32 11 47 7 27 48 37 49 6 40 36 13 49 13 24 12 9 24 45 31 13 27 3 23 30 20 9 16 23 1 43 19 27 44 43 40 12 17 35 19 37 47 0 11 48 28 37 18 14 3 32 46 3 30 
50 1 5 9 24 27 8 39 21 26 6 47 17 37 5 20 35 50 43 39 26 45 16 17 5 46 43 3 45 13 42 5 40 40 27 44 39 31 39 40 28 30 16 21 6 1 11 1 13 45 19 32 4 15 4 5 35 38 4 29 35 5 45 9 35 1 8 28 10 12 31 4 12 0 4 12 46 29 46 11 5 35 42 40 
1 44 10 2 26 36 22 9 1 27 10 5 23 36 8 37 5 44 34 42 2 14 15 20 50 3 8 27 39 27 50 44 43 16 44 15 25 50 32 43 38 3 31 28 2 49 40 11 22 10 7 12 2 1 38 38 29 40 2 24 28 46 21 24 28 17 13 7 42 43 13 6 12 41 0 5 49 34 38 19 2 14 48 6 
30 21 39 42 43 29 7 36 35 48 9 15 42 33 7 50 36 37 33 19 29 47 1 50 12 47 39 4 42 22 1 10 31 41 41 4 39 26 21 29 35 8 29 9 4 27 13 17 28 38 33 16 31 29 27 34 20 39 31 46 40 3 45 13 48 49 35 2 43 3 11 11 17 5 35 0 22 19 43 47 35 34 23 27 
4 39 36 29 2 14 8 34 50 45 25 40 32 13 16 12 5 42 12 24 25 28 23 49 27 45 6 15 28 43 46 13 17 26 42 24 12 20 34 38 36 20 12 16 42 15 3 9 4 32 42 44 23 49 3 27 16 37 3 7 9 43 7 8 50 13 24 6 22 42 50 35 9 25 39 5 0 16 8 8 12 43 47 12 
46 1 3 41 18 24 16 8 26 18 27 29 43 14 4 17 30 42 47 38 12 33 8 35 49 11 49 11 9 30 41 15 13 32 11 7 47 23 6 33 7 35 25 18 33 46 47 41 13 41 28 20 47 10 50 14 44 18 42 8 25 5 50 47 27 12 17 11 4 48 20 8 36 14 31 28 9 0 41 3 3 14 9 49 
18 2 21 19 3 33 48 13 30 31 49 9 2 36 29 41 21 30 37 38 15 22 21 34 33 29 23 6 4 15 40 44 17 7 32 45 6 44 14 29 7 36 40 28 38 6 30 43 30 50 32 24 28 21 34 47 32 37 36 25 10 42 10 16 41 6 42 45 4 34 35 28 16 9 32 29 32 43 0 47 28 50 31 26 
4 33 17 17 46 23 35 14 19 8 40 19 15 27 25 37 33 14 35 39 47 16 5 8 20 40 5 15 39 41 8 25 30 17 6 33 25 39 47 23 19 20 16 20 27 40 17 3 8 7 15 15 16 43 29 39 28 10 48 7 18 21 26 29 1 15 40 48 21 43 13 44 17 13 20 27 50 36 31 0 30 23 3 8 
33 27 43 10 38 38 18 5 16 42 40 5 49 45 38 19 13 1 20 33 16 44 22 48 4 23 3 39 43 29 18 34 16 14 44 3 8 6 3 10 4 38 48 2 28 8 21 33 13 17 19 29 4 20 43 39 6 46 6 15 36 29 13 37 24 6 39 36 1 35 12 7 49 10 30 28 47 20 21 46 0 3 20 27 
26 10 40 31 47 21 5 48 13 50 39 25 25 26 11 28 22 20 36 32 28 6 12 30 44 41 15 43 36 25 11 12 17 3 37 27 35 26 43 15 47 38 49 8 11 36 5 3 36 42 50 27 18 39 49 21 48 10 37 6 7 13 12 39 40 27 9 23 39 35 44 46 27 21 36 41 7 5 20 9 36 0 13 8 
45 25 34 45 28 4 16 29 25 39 38 9 34 26 11 18 35 28 33 14 2 48 4 1 47 3 9 15 44 41 28 20 44 6 18 14 6 32 31 19 24 6 20 8 40 13 2 15 46 37 35 32 4 50 7 47 21 34 48 26 45 2 36 34 11 18 15 29 9 48 13 3 47 15 40 47 29 47 11 35 2 45 0 19 
7 6 47 17 45 50 21 43 22 34 6 24 22 20 36 47 22 48 24 7 49 25 33 35 39 10 11 19 25 24 14 24 1 33 30 29 15 1 21 30 38 5 41 19 42 41 18 27 43 1 39 38 28 39 21 32 24 12 28 36 40 3 19 49 21 32 23 40 40 8 32 21 28 45 19 44 34 14 43 48 42 34 26 0 
24 0 35 27 46 13 13 48 5 4 24 36 41 36 37 43 49 11 19 29 37 36 20 18 11 34 20 27 48 10 19 30 44 6 27 45 15 45 36 11 28 42 3 28 48 42 4 34 8 42 16 33 30 13 47 41 4 17 17 13 43 36 1 45 36 44 42 35 10 42 28 5 26 8 2 45 33 43 21 19 30 37 19 7 
45 36 0 50 31 10 36 42 48 29 24 18 42 42 9 42 4 50 20 25 17 14 12 8 22 12 2 9 12 47 48 33 7 17 45 50 50 44 12 26 24 1 31 26 3 41 10 4 25 1 17 19 11 13 3 43 34 29 29 19 8 28 30 1 31 41 12 25 48 9 43 11 39 45 1 17 34 36 5 32 3 49 35 11 
31 30 23 0 44 15 2 17 21 16 43 18 47 21 31 46 12 29 35 6 16 9 7 30 16 12 36 10 49 24 47 17 9 43 20 20 2 19 18 11 46 42 22 45 47 27 5 47 3 40 44 3 18 44 19 3 25 50 7 33 29 43 19 48 20 26 9 4 2 11 44 43 12 25 10 25 38 12 34 39 8 40 7 9 
31 45 50 16 0 25 17 45 3 13 36 32 3 24 25 26 22 19 2 46 43 46 1 42 44 34 44 16 14 17 19 25 39 37 10 17 26 27 43 29 35 16 42 31 26 43 7 1 13 37 12 21 6 45 15 13 30 3 7 33 31 2 32 36 44 11 44 17 14 8 50 45 26 23 11 27 5 21 16 1 27 44 3 27 
5 48 20 45 23 0 48 38 23 21 11 48 33 34 7 37 16 50 41 38 6 37 18 45 34 34 38 9 10 38 6 6 38 49 6 32 47 42 49 45 17 21 28 25 16 25 28 43 49 34 1 1 37 7 48 40 38 4 36 11 35 40 29 35 15 5 11 35 29 25 41 24 1 46 21 36 9 43 30 9 7 46 11 26 
38 5 20 32 2 16 0 44 44 6 39 11 28 42 44 11 11 15 44 15 24 43 28 1 41 36 13 31 46 24 28 5 39 29 3 48 10 36 29 33 13 32 48 18 13 36 44 44 16 32 20 45 13 32 37 33 11 5 29 47 40 35 49 20 29 35 22 49 39 46 1 26 36 12 2 43 46 10 39 6 42 19 16 14 
5 34 42 8 42 21 38 0 5 7 33 44 28 33 28 40 28 14 45 5 21 31 44 9 2 30 45 38 1 17 24 5 21 20 35 16 45 44 14 7 19 9 46 20 3 18 24 10 18 21 11 42 48 15 46 33 11 25 40 29 47 34 37 39 33 29 23 9 48 13 45 35 50 39 37 12 35 25 6 34 6 36 20 31 
6 33 8 7 25 3 6 21 0 4 36 10 36 22 8 38 25 46 16 12 6 27 27 42 10 29 34 48 36 20 7 23 12 14 7 34 50 21 17 34 46 7 25 31 15 29 1 41 28 38 31 39 40 24 14 5 29 42 49 29 42 5 20 1 47 13 49 22 16 25 38 5 29 32 17 49 2 46 28 31 28 43 21 49 
39 18 34 38 50 2 5 8 23 0 39 43 42 38 24 34 2 30 29 26 4 50 27 10 9 8 16 3 33 15 18 1 49 34 21 13 30 30 11 22 14 20 30 32 41 40 25 12 29 12 26 2 49 18 18 49 12 9 25 31 35 50 22 44 6 38 45 8 17 11 5 22 20 8 12 34 21 46 20 19 33 5 24 21 
39 17 2 31 17 22 1 21 5 31 0 38 15 49 37 27 3 45 18 45 19 8 4 32 42 7 34 29 17 39 6 48 31 26 1 5 39 37 14 41 45 10 34 17 40 21 48 36 34 20 18 25 16 10 6 14 36 35 11 25 34 44 35 33 49 33 7 39 48 32 38 17 32 27 50 9 24 37 43 22 9 49 45 48 
22 32 33 22 20 37 20 5 26 40 8 0 2 26 2 19 7 14 10 38 3 32 1 43 39 11 48 41 49 42 40 16 35 49 38 11 17 1 36 19 12 13 33 41 42 19 48 33 22 19 37 8 50 11 43 16 22 39 44 11 23 47 22 13 37 24 24 4 39 42 2 6 29 41 27 41 49 10 2 20 13 15 19 30 
6 32 17 24 6 22 40 29 7 25 47 16 0 41 21 5 19 46 44 45 31 18 31 30 9 35 3 17 12 38 24 49 8 28 42 8 6 7 50 49 17 2 24 49 4 45 12 50 29 6 33 24 19 20 39 12 25 2 8 39 4 5 29 41 33 27 39 38 50 14 50 12 47 46 29 29 45 32 27 15 24 3 39 7 
6 50 30 39 40 30 33 4 50 11 45 12 24 0 34 16 27 7 24 1 16 6 21 28 24 42 10 18 44 26 44 16 1 17 22 35 33 48 50 49 20 32 46 13 36 2 17 5 12 16 50 8 50 3 24 1 35 23 6 47 30 13 39 29 6 46 44 46 2 49 33 30 7 25 31 35 10 9 42 23 25 6 6 28 
26 36 16 49 44 22 50 11 42 4 20 8 43 18 0 7 41 8 22 3 14 33 21 2 26 23 40 41 27 31 34 22 25 7 12 4 21 30 46 2 31 49 23 38 4 6 23 42 43 3 2 15 4 3 43 45 6 35 41 26 5 31 24 31 8 32 46 2 31 15 36 11 12 20 23 15 11 33 48 20 50 48 49 24 
29 20 19 22 14 17 48 37 40 21 48 50 25 43 30 0 23 11 22 12 28 17 42 3 34 30 29 35 23 37 21 27 7 33 1 2 39 13 24 38 14 17 50 21 42 23 24 41 19 3 26 10 29 37 21 8 38 17 36 43 36 33 26 50 19 44 42 17 25 41 42 10 38 34 48 12 17 21 12 12 7 39 16 21 
12 12 49 21 13 43 14 23 28 31 3 32 42 1 2 48 0 32 7 16 28 12 17 23 45 39 10 41 18 5 24 37 47 17 5 39 8 46 21 5 32 28 19 32 7 31 16 20 17 19 14 31 50 23 39 10 45 40 4 32 3 2 47 18 4 45 7 15 37 13 45 2 11 3 35 1 43 35 16 14 24 40 25 49 
42 44 37 25 29 46 44 18 43 40 2 30 31 1 29 12 25 0 2 34 4 24 12 20 48 39 38 17 11 25 40 9 14 28 48 27 10 8 32 36 41 20 28 10 21 1 5 20 43 7 4 40 22 7 21 25 31 24 40 37 41 30 33 44 3 31 39 3 34 25 19 4 43 16 43 35 47 2 49 47 34 19 25 4 
21 1 37 7 7 24 46 37 19 46 46 12 37 34 8 41 12 3 0 37 18 39 1 47 6 14 37 29 29 25 43 3 23 6 29 24 2 45 32 46 11 29 32 36 48 21 32 49 13 45 9 36 32 33 7 16 20 5 31 44 21 45 18 12 26 44 23 6 8 11 6 46 30 7 27 40 7 15 50 36 33 39 16 34 
16 8 21 41 50 14 4 48 14 39 26 16 12 21 11 4 48 26 41 0 3 40 14 6 26 6 18 10 6 5 46 11 32 30 34 46 19 24 33 7 45 8 8 33 42 31 12 29 37 5 47 38 8 48 14 45 3 2 45 35 33 4 48 43 18 29 44 36 28 25 42 31 16 19 46 46 33 31 15 45 45 40 24 2 
9 9 3 35 17 40 44 17 29 48 25 41 10 15 16 13 37 26 1 12 0 13 17 22 40 2 18 13 23 38 1 40 44 31 47 35 9 27 10 19 38 32 26 2 18 45 6 37 18 15 2 8 20 39 12 40 43 37 14 33 49 28 21 29 29 8 32 10 13 31 7 37 28 7 14 31 38 15 4 45 47 32 45 8 
37 43 21 5 20 8 42 23 13 28 21 10 11 47 24 10 13 46 24 37 9 0 15 31 13 25 31 3 29 33 19 36 18 33 13 43 37 38 27 41 6 40 35 24 50 37 4 20 41 42 44 33 2 9 8 50 22 12 9 31 39 6 14 40 45 43 3 27 49 5 37 23 37 5 18 48 25 42 32 26 21 12 12 37 
39 37 34 9 26 14 21 25 29 47 2 1 26 45 30 8 34 27 22 36 5 22 0 46 47 42 10 26 31 31 33 10 28 44 27 1 9 9 45 2 35 34 12 45 41 4 17 22 30 12 24 42 44 40 26 33 18 41 38 18 16 38 40 45 47 37 25 8 50 44 22 50 40 26 37 2 43 28 6 44 25 39 46 19 
7 41 16 38 18 45 33 18 21 28 37 47 45 18 48 4 29 10 23 36 41 25 3 0 19 4 24 40 41 35 45 43 28 43 22 38 6 21 38 40 6 11 4 29 13 39 40 8 26 30 2 16 16 16 10 29 33 39 48 35 44 6 43 33 27 35 10 5 23 30 42 34 41 20 18 25 38 47 40 30 14 16 15 12 
33 29 27 12 33 43 6 18 24 4 47 50 19 21 2 28 30 36 35 46 38 19 25 47 0 49 35 41 37 49 18 21 28 42 31 1 48 9 49 23 31 25 25 10 38 23 18 7 17 45 12 50 28 31 19 24 15 5 30 13 48 2 20 19 6 33 19 9 38 21 5 20 32 14 5 21 14 10 37 24 32 29 25 42 
37 18 43 47 23 8 36 44 30 36 25 29 5 6 4 5 5 9 19 47 41 43 19 15 27 0 48 11 6 18 6 32 19 28 28 33 38 40 22 37 31 35 11 40 47 39 27 17 9 6 32 20 23 11 28 2 45 50 29 21 25 47 31 26 24 4 6 1 28 24 17 16 33 23 38 13 30 3 23 26 50 32 3 50 
36 36 10 9 1 26 38 39 12 2 13 35 4 36 17 43 34 27 39 35 40 17 37 1 24 16 0 23 42 28 3 22 43 45 32 40 38 45 48 1 2 36 28 5 32 11 4 9 45 37 30 43 24 43 18 11 20 49 10 36 35 4 47 12 9 30 20 40 23 46 29 49 36 27 38 50 12 13 6 41 20 7 29 6 
48 10 49 1 28 21 21 39 36 13 16 48 40 17 46 2 41 14 36 49 9 31 7 47 5 18 50 0 7 44 19 16 29 26 41 14 49 32 20 13 3 25 40 14 24 12 41 11 45 17 5 50 7 21 30 47 18 3 2 46 10 21 14 46 17 48 37 22 49 4 47 20 22 1 34 24 20 17 34 36 15 8 5 41 
40 20 9 8 47 44 46 46 31 24 4 32 12 44 48 26 25 19 12 42 21 35 28 6 38 6 28 1 0 20 16 31 2 17 24 7 47 39 30 26 5 8 2 40 49 48 3 13 26 20 8 12 46 47 14 20 6 43 4 20 42 16 46 27 16 44 2 16 38 38 2 38 45 44 7 34 19 45 30 9 36 43 3 31 
12 4 35 6 3 4 2 5 36 11 34 40 12 25 25 5 46 37 26 38 19 21 18 3 40 31 2 11 14 0 45 35 49 14 15 16 12 9 47 13 35 37 48 2 35 10 18 22 45 21 25 13 49 18 15 13 41 37 33 16 23 3 41 41 41 26 35 26 48 10 13 47 49 24 41 2 21 20 34 43 23 9 7 40 
39 33 37 32 49 2 25 26 26 31 41 32 46 7 11 9 26 42 25 35 8 28 14 25 27 14 43 22 4 40 0 44 14 46 2 3 9 40 4 28 46 35 38 21 19 34 10 6 15 9 25 18 31 35 22 32 11 19 12 6 35 10 4 23 36 38 28 36 45 5 3 20 23 14 30 1 21 8 46 42 18 8 28 13 
29 23 13 30 25 20 42 40 29 48 43 36 31 16 35 31 6 24 12 11 7 6 46 17 5 22 12 4 24 20 39 0 27 33 41 44 14 25 48 12 25 14 13 42 25 22 44 20 5 23 15 36 44 47 18 7 24 28 47 25 3 9 38 17 9 10 17 4 41 22 22 7 9 13 38 48 44 15 21 46 12 2 7 31 
9 35 45 31 16 35 21 36 29 23 9 16 26 47 33 15 5 41 30 34 2 9 28 32 10 21 14 9 7 1 14 2 0 3 7 8 25 16 37 39 6 2 36 29 36 4 22 22 47 32 7 41 21 23 23 30 1 7 14 21 45 21 12 30 28 10 8 13 20 39 9 50 19 3 24 33 16 31 42 28 38 49 17 28 
1 10 44 29 30 28 8 18 2 16 44 36 40 7 1 27 47 9 3 9 24 7 22 18 50 41 14 20 16 36 33 47 5 0 35 29 18 17 29 33 42 31 41 48 4 10 39 43 10 30 15 32 30 47 9 4 44 39 26 30 40 14 39 3 17 33 48 31 5 28 34 11 18 26 11 28 33 10 19 9 11 48 5 41 
1 5 4 50 46 31 36 30 41 50 44 29 43 39 32 21 13 8 38 32 47 5 15 4 37 31 22 35 20 17 19 42 10 49 0 2 12 30 48 36 25 43 4 20 18 33 32 36 45 28 48 47 4 10 23 44 47 40 1 14 16 10 2 10 25 31 3 19 45 37 20 42 15 23 14 40 44 35 47 21 5 46 27 7 
22 21 16 32 37 5 5 23 30 35 20 15 41 44 46 37 31 13 41 8 8 7 32 31 47 33 1 13 44 30 10 20 34 45 38 0 5 16 21 32 40 33 48 12 31 3 50 49 50 39 10 41 42 5 20 50 15 39 35 36 5 5 43 29 1 25 50 32 47 6 41 22 10 32 2 26 10 46 2 28 47 35 1 24 
34 39 19 16 14 46 23 17 31 36 28 36 40 20 12 6 3 19 3 44 49 38 32 11 4 45 40 20 37 7 39 20 4 20 45 12 0 7 35 18 2 33 25 41 25 4 16 36 41 34 46 26 29 33 8 26 46 8 9 12 20 6 4 30 25 47 9 32 21 25 1 50 18 1 1 11 24 48 7 8 38 9 49 37 
41 32 11 38 47 44 49 4 49 24 48 46 30 46 17 29 45 35 15 17 34 47 8 28 32 47 3 49 2 2 24 11 7 18 39 43 36 0 21 36 28 26 47 2 45 3 5 31 29 31 29 13 4 45 33 3 45 25 34 6 50 42 1 3 48 50 38 39 13 7 25 44 24 49 38 42 37 46 13 25 27 17 24 19 
23 39 21 17 25 15 45 19 2 15 37 36 26 44 4 45 16 17 19 23 7 36 39 5 7 41 17 50 12 10 30 34 18 32 30 9 30 21 0 15 49 12 7 42 9 13 2 16 43 42 19 9 11 48 2 12 38 1 16 10 34 49 45 7 43 36 4 18 44 15 46 15 45 3 21 11 1 44 30 43 5 26 24 9 
43 1 19 36 17 20 42 9 15 12 31 50 18 50 50 24 9 35 23 29 46 5 14 9 28 42 12 45 21 23 5 9 26 37 15 42 17 18 2 0 24 23 38 50 34 22 21 44 1 45 7 34 21 3 45 13 39 37 11 9 26 9 48 38 43 7 22 25 31 36 8 7 41 34 49 7 9 5 31 37 8 48 11 50 
15 39 35 6 31 25 26 6 7 10 27 16 25 50 8 28 1 46 13 16 38 50 43 38 4 39 4 35 7 24 1 28 48 49 24 4 22 16 45 7 0 10 2 1 32 7 34 32 10 48 3 37 12 36 45 12 15 46 47 3 43 21 42 50 33 9 50 18 27 27 4 6 36 2 7 7 36 50 12 31 21 7 45 37 
4 38 40 43 3 37 9 8 26 14 2 36 18 3 18 23 8 16 6 33 44 48 1 11 29 39 27 16 34 17 32 36 27 5 46 45 20 8 16 40 19 0 46 31 22 50 22 39 34 32 40 23 5 2 12 43 6 37 30 14 15 11 44 25 9 32 17 10 14 7 23 3 1 1 16 15 49 17 30 11 8 50 43 34 
45 44 28 35 15 12 40 9 41 44 1 30 25 22 22 41 33 12 26 27 10 38 23 4 36 47 45 40 8 19 7 15 18 10 30 16 4 32 46 2 17 15 0 12 8 50 37 40 27 46 39 28 46 25 17 25 7 21 24 50 18 17 1 1 23 38 37 12 16 42 6 37 2 17 24 11 45 26 15 5 49 8 19 44 
19 41 11 40 2 36 24 45 30 33 28 35 16 15 40 21 14 25 25 35 40 2 27 30 1 7 30 32 7 20 1 11 49 8 32 33 27 47 11 30 19 11 8 0 19 39 40 45 31 37 45 42 25 33 34 5 17 14 31 39 46 6 43 39 10 33 18 37 9 33 8 44 17 15 45 17 29 45 9 41 12 12 50 45 
12 29 27 28 15 3 15 19 47 8 16 25 27 23 48 37 22 4 36 48 30 2 25 10 38 18 26 23 6 40 28 34 6 48 28 31 6 40 22 6 18 39 47 9 0 49 21 40 7 48 22 19 9 27 3 16 11 4 17 40 48 28 43 14 7 31 33 19 30 46 17 32 33 33 30 30 42 5 17 11 17 28 20 25 
34 21 19 7 4 32 17 28 40 50 24 29 26 25 41 28 17 3 11 12 31 41 37 27 47 23 25 6 38 6 24 20 9 18 31 36 13 26 15 48 29 40 43 34 9 0 2 5 17 14 40 45 15 18 8 45 44 35 43 11 32 8 11 40 34 27 4 21 8 45 6 16 42 39 13 33 42 49 4 18 46 19 8 43 
48 12 9 3 1 24 37 2 21 16 34 41 18 50 9 7 6 31 47 23 9 24 3 26 6 25 3 46 32 25 15 14 50 19 42 23 18 1 21 35 8 5 46 27 6 22 0 16 42 40 47 13 16 22 35 34 25 9 33 48 26 21 42 20 46 1 20 42 49 8 37 40 5 11 12 16 5 29 27 21 34 10 12 6 
35 12 50 42 15 36 18 14 35 4 46 14 16 35 50 26 36 30 17 34 4 8 9 6 10 20 29 46 32 13 14 16 10 37 36 34 2 29 27 14 41 23 5 2 15 48 50 0 21 29 2 36 4 43 28 3 28 4 45 33 46 7 23 32 23 40 30 5 30 49 16 25 8 4 3 44 31 3 8 41 12 21 9 17 
31 27 10 24 33 34 8 31 7 46 32 8 18 42 33 12 36 44 20 22 14 27 29 1 40 34 23 26 47 4 21 25 49 6 2 46 30 7 23 46 41 36 18 12 22 46 27 39 0 20 46 5 19 1 37 4 5 49 10 34 49 12 33 35 4 26 7 10 13 41 37 32 30 22 24 31 29 10 17 29 45 8 34 6 
1 50 3 24 13 3 47 47 21 24 24 35 9 2 15 37 16 37 14 49 33 15 26 47 28 6 26 46 33 31 40 42 29 28 34 4 23 33 48 10 44 41 12 7 49 40 23 27 45 0 31 14 8 44 35 23 37 24 7 47 7 28 2 15 40 35 32 7 32 18 11 14 33 40 5 6 43 4 20 49 39 33 49 1 
2 18 32 49 44 5 47 31 17 37 41 33 42 26 22 23 17 34 42 10 34 17 31 18 40 29 30 34 5 8 9 25 30 2 14 23 3 34 13 27 22 31 48 47 50 22 15 18 32 48 0 33 6 42 40 17 36 37 14 9 15 26 14 26 9 28 17 4 40 13 49 20 34 21 16 38 4 20 34 19 18 15 12 2 
8 26 4 34 41 36 29 36 40 25 49 1 9 5 39 19 34 19 25 6 34 28 50 35 26 2 13 17 3 45 42 50 14 12 19 34 25 33 13 5 34 13 31 9 23 15 30 49 31 16 36 0 49 40 7 19 30 27 19 8 40 23 13 33 45 34 49 38 47 37 6 44 1 6 21 22 21 48 41 13 12 22 15 36 
38 10 43 11 8 43 40 7 7 26 24 33 22 31 37 26 25 28 34 13 26 22 36 44 20 35 49 33 36 7 47 19 9 27 46 36 41 38 30 4 47 49 38 25 32 38 50 40 12 16 38 34 0 38 2 11 16 25 50 41 23 45 7 22 1 30 6 25 46 36 1 35 37 48 30 16 28 35 11 12 33 36 9 21 
21 19 13 31 7 17 30 11 41 48 8 10 40 28 37 46 27 14 5 5 11 31 2 37 9 36 34 32 14 39 9 38 37 37 1 33 17 26 18 30 6 41 44 39 41 21 26 1 49 15 36 19 32 0 4 11 40 17 27 22 21 33 49 47 3 40 20 24 4 27 5 29 1 46 25 50 21 38 13 46 39 10 34 33 
50 4 40 7 33 26 12 16 41 4 47 47 8 44 42 49 22 47 22 24 44 36 35 23 7 5 41 2 5 31 34 11 50 16 48 50 1 13 41 29 15 39 39 47 50 28 42 27 47 14 25 42 39 10 0 39 14 19 17 1 28 36 10 12 11 21 36 48 42 46 42 49 9 6 44 10 6 48 38 24 29 13 14 6 
41 6 42 23 41 27 34 31 34 13 14 44 5 28 29 27 14 31 50 31 5 16 16 37 45 50 34 17 32 43 22 15 22 5 22 5 29 13 7 16 13 12 16 47 43 1 5 28 20 11 11 49 14 33 1 0 25 41 6 29 41 44 18 50 41 41 49 23 1 6 25 49 1 24 35 19 44 1 20 44 45 45 6 48 
21 33 23 2 39 4 47 14 23 35 17 23 45 12 25 6 45 28 5 22 45 13 11 25 30 15 8 25 21 13 34 46 38 21 29 9 18 47 34 48 10 11 26 16 8 12 25 32 27 14 50 17 41 34 3 8 0 23 49 23 25 46 22 43 11 2 21 36 25 34 16 38 48 45 7 13 35 38 45 18 18 40 27 49 
8 13 17 5 4 18 21 37 20 25 10 3 39 18 15 15 37 27 50 49 11 27 2 23 35 22 18 21 28 31 6 35 20 23 36 49 35 16 32 7 13 29 18 23 35 5 25 18 23 31 32 41 41 28 39 31 11 0 45 21 33 1 1 10 40 20 26 33 16 32 17 31 21 46 44 36 32 9 30 39 30 48 1 48 
48 49 16 45 42 35 5 38 40 46 50 7 13 20 28 4 9 22 9 36 7 50 12 45 47 43 7 23 32 7 41 35 50 3 12 42 5 32 42 31 27 30 41 26 47 38 24 13 31 26 30 9 39 15 42 48 38 21 0 48 50 29 33 6 34 5 15 7 11 8 37 50 28 31 29 10 28 10 36 49 10 19 45 42 
7 28 33 47 36 12 15 4 34 34 43 3 44 24 7 21 32 31 14 5 45 26 2 28 11 6 14 39 2 22 39 31 35 42 50 7 23 19 22 50 44 34 16 44 39 26 16 5 3 16 18 29 6 40 48 31 26 6 36 0 30 48 27 2 13 46 12 19 3 25 1 49 13 10 15 11 11 11 8 39 35 40 10 36 
37 5 10 25 45 45 20 31 17 33 42 2 18 32 4 49 27 8 14 30 2 18 5 19 42 29 37 20 18 17 2 40 38 41 16 8 36 38 24 8 5 21 32 30 19 13 44 30 7 10 13 27 27 30 34 19 1 42 34 16 0 9 50 13 1 32 2 15 27 17 47 13 40 34 6 26 32 36 25 50 30 36 7 14 
9 4 25 14 8 7 47 8 45 5 9 50 6 8 31 49 18 49 18 14 11 48 23 44 22 5 3 33 26 42 4 31 2 37 5 47 8 39 7 20 20 39 19 36 26 6 20 24 6 27 33 31 19 44 3 11 32 32 42 3 4 0 14 32 3 1 29 48 20 4 34 42 30 42 48 44 23 30 38 18 16 36 30 28 
50 9 24 13 9 34 44 16 26 47 4 16 6 7 16 36 47 9 1 20 22 35 4 40 21 50 31 32 44 14 26 18 25 37 33 44 28 17 40 36 10 19 16 33 38 32 39 16 14 3 22 8 35 10 7 15 6 34 42 9 4 13 0 22 13 22 36 42 20 25 22 8 31 20 15 10 3 20 22 3 40 11 16 18 
42 43 19 34 15 30 18 39 44 26 31 33 48 47 4 12 2 41 19 41 42 45 42 39 20 50 4 46 35 32 3 48 38 45 31 20 3 3 27 41 8 34 15 6 39 33 13 7 16 11 1 49 43 25 27 47 2 31 14 16 26 22 5 0 13 23 33 45 3 17 34 9 50 14 29 34 9 31 37 50 38 38 48 31 
25 31 4 6 14 19 34 19 23 40 12 15 36 30 2 33 7 38 10 41 32 2 2 36 14 42 18 17 16 31 26 28 29 42 31 32 20 27 32 35 33 16 36 10 3 15 48 29 29 4 44 1 28 8 49 23 30 19 43 23 1 17 3 43 0 15 34 36 45 50 21 13 30 7 26 8 17 16 42 33 49 44 40 39 
12 38 25 1 22 43 8 2 2 35 9 34 16 13 44 46 19 29 3 30 9 41 14 45 2 50 33 7 38 36 44 29 12 29 42 6 40 34 15 2 42 19 12 46 48 42 42 4 23 47 15 21 41 10 31 21 24 31 49 22 11 2 14 16 41 0 31 23 38 22 39 7 36 14 2 38 40 29 19 48 11 8 30 35 
42 22 24 38 2 49 21 32 9 35 44 41 41 5 47 5 17 20 5 32 34 40 29 7 40 23 41 42 5 34 39 14 32 17 22 45 18 43 22 40 2 7 48 1 21 11 48 35 33 14 31 41 4 48 1 3 43 17 49 30 8 29 27 26 47 30 0 10 24 33 2 37 25 49 15 30 28 42 28 37 30 25 6 10 
42 4 48 11 34 17 20 2 2 45 42 33 24 30 23 5 41 1 24 3 31 27 6 43 39 19 23 11 15 30 20 5 2 20 36 23 49 20 26 7 14 1 36 31 7 33 7 48 20 24 46 29 2 4 29 15 48 6 22 16 44 10 38 22 26 38 31 0 4 44 1 6 22 26 17 39 31 42 26 36 7 12 25 42 
42 35 41 4 48 42 22 25 44 49 10 14 4 13 14 6 19 2 3 5 19 18 24 3 35 15 48 24 23 20 15 5 20 19 47 38 35 35 34 13 23 26 13 24 16 4 36 18 28 21 18 5 9 21 23 24 11 38 19 33 44 48 3 24 34 6 44 36 0 17 27 21 35 19 41 32 44 5 1 37 31 30 30 46 
3 3 10 47 49 47 23 27 47 16 1 19 26 24 40 41 11 10 50 2 1 50 33 37 19 40 29 19 11 2 38 3 15 3 1 21 24 10 46 40 44 1 25 19 18 22 7 21 16 10 26 21 31 29 45 3 20 24 28 9 18 5 16 46 28 48 5 24 23 0 19 17 2 15 11 8 1 25 15 19 47 34 9 4 
1 26 18 23 36 8 48 1 50 32 37 23 40 35 30 41 21 17 34 48 47 43 25 7 21 22 45 28 6 6 31 26 9 2 15 21 11 25 20 16 25 18 18 21 29 38 18 17 46 24 49 31 1 12 7 8 1 11 3 15 14 20 46 45 1 12 14 39 20 9 0 31 46 48 18 23 30 26 4 29 33 4 28 33 
32 7 1 25 48 46 8 20 50 23 5 3 6 23 23 21 17 24 30 47 37 44 3 33 34 39 28 33 48 33 21 12 36 38 14 38 50 37 17 44 13 40 31 24 44 15 18 7 4 34 12 9 24 31 46 39 4 18 42 9 18 26 22 17 2 43 18 18 9 35 21 0 31 8 37 35 47 13 30 40 19 22 21 29 
14 22 12 38 5 43 25 35 33 45 9 26 38 19 14 22 1 47 50 48 19 13 31 2 38 47 49 26 24 28 23 38 48 47 8 46 41 5 14 26 34 1 39 36 49 12 48 29 50 9 40 23 23 23 10 1 41 10 1 8 44 50 11 5 23 22 28 41 11 19 31 46 0 34 24 14 19 25 46 3 27 50 20 27 
16 39 1 15 25 37 8 5 31 5 6 33 35 41 34 13 28 34 7 19 32 28 44 39 49 9 41 27 46 7 25 9 25 24 45 17 23 7 3 5 3 14 1 42 29 42 30 29 41 33 25 43 43 1 45 38 45 13 17 17 46 31 10 24 30 47 8 12 46 18 41 22 31 0 3 17 19 28 3 10 8 30 13 36 
13 33 32 16 24 29 8 22 11 40 37 9 22 4 27 12 32 34 18 34 24 42 4 13 41 35 27 10 42 3 10 38 34 46 47 42 48 31 35 33 39 46 31 33 44 45 45 15 2 42 28 24 12 29 13 22 30 20 26 40 2 48 31 8 31 50 25 27 7 35 14 2 50 35 0 46 28 11 21 19 47 41 13 9 
1 25 37 26 6 34 26 13 29 6 45 32 41 16 24 3 45 21 18 8 17 28 27 24 27 34 36 11 9 2 29 50 40 39 31 34 44 24 19 44 32 23 36 46 5 4 5 12 38 19 24 27 23 5 42 23 49 13 50 23 49 15 5 27 27 46 42 3 35 40 9 21 2 25 26 0 45 43 31 19 23 29 24 24 
40 28 3 27 35 48 8 36 32 25 47 46 18 19 9 19 10 13 3 27 48 11 3 25 49 29 48 31 18 44 27 44 25 42 15 49 25 19 7 6 28 5 27 47 5 30 9 27 34 12 10 11 27 47 26 30 25 28 29 7 50 28 18 39 48 4 21 26 4 10 45 41 6 47 50 43 0 34 7 21 19 21 21 48 
6 34 17 17 29 17 35 25 47 41 1 6 50 38 39 50 2 9 34 23 24 18 19 5 30 47 33 47 19 8 10 37 30 31 13 5 31 37 42 10 20 36 49 1 6 42 1 6 46 7 20 10 37 49 24 39 15 13 38 33 34 39 6 40 31 15 26 20 25 35 20 15 18 24 3 38 19 0 19 49 38 47 27 2 
13 39 50 50 32 7 25 40 18 50 10 27 32 31 10 20 42 16 31 32 11 38 5 43 14 46 37 20 47 14 50 37 7 37 44 1 31 16 45 14 1 45 2 16 8 48 22 8 10 49 8 22 16 46 41 25 34 8 36 37 21 5 44 5 1 24 20 45 38 9 40 26 22 18 32 16 37 40 0 36 16 24 30 10 
48 6 28 21 11 47 19 18 24 30 9 43 46 2 47 15 35 29 27 20 2 10 32 1 48 15 25 39 45 22 21 13 41 46 46 49 23 3 9 49 20 42 16 47 14 25 36 15 40 25 1 38 48 10 9 38 24 27 24 47 22 30 23 2 9 46 3 1 6 49 42 32 20 29 1 11 44 36 38 0 23 30 11 50 
21 21 33 16 32 37 9 25 47 30 13 27 41 19 15 38 19 23 36 9 42 33 20 19 19 9 48 44 39 40 1 17 12 30 2 31 26 30 21 14 48 24 46 3 7 2 11 42 30 48 19 1 45 2 9 39 2 15 47 23 40 15 37 7 30 46 15 11 17 34 12 39 2 22 11 19 37 17 12 18 0 49 6 14 
42 21 1 23 10 21 14 29 12 34 48 25 34 37 40 24 11 38 1 26 47 36 31 49 23 42 41 2 36 4 30 25 34 1 46 36 29 23 5 40 3 5 1 5 5 48 28 32 47 44 1 31 48 31 18 6 41 2 1 19 31 13 44 8 4 23 41 33 42 5 45 38 33 11 23 42 36 26 45 25 15 0 10 5 
43 3 50 27 4 34 41 46 28 23 37 10 41 12 44 2 32 8 45 40 43 49 14 48 38 8 26 21 15 8 26 5 21 8 2 6 5 47 37 50 2 9 18 16 46 1 32 31 43 25 13 18 21 20 13 44 40 2 40 46 8 20 32 20 47 33 39 34 10 38 48 36 22 45 39 34 32 48 2 38 26 45 0 29 
40 45 9 34 2 45 8 16 3 8 41 42 32 28 48 19 14 13 49 21 5 28 28 47 26 32 29 12 42 50 2 20 14 42 42 25 39 49 38 39 3 22 45 29 31 3 7 6 34 29 39 26 28 24 24 13 18 13 9 20 16 46 25 3 6 21 29 40 37 24 31 16 25 10 19 33 33 50 16 23 26 24 29 0 
