4
43
49 0 24 17 26 43 3 38 42 47 29 35 8 25 11 39 9 12 4 1 47 46 13 27 39 32 2 6 34 10 27 29 5 20 43 18 46 44 43 21 42 8 37 1 
38 15 0 44 48 7 1 8 30 10 35 9 3 36 47 28 44 42 47 4 33 20 50 30 39 33 43 44 16 19 33 10 39 10 13 40 25 39 5 50 34 2 47 20 
21 12 41 0 32 49 16 50 30 45 4 4 31 39 35 6 16 14 7 43 12 27 25 20 44 24 8 3 6 38 47 21 32 23 30 10 27 42 12 46 50 20 4 15 
36 6 33 1 0 41 34 39 37 27 10 36 44 46 43 47 9 41 14 44 43 48 34 23 8 9 25 29 24 2 12 43 42 23 10 35 38 41 7 12 22 49 11 44 
22 37 37 14 34 0 45 3 5 37 26 11 18 3 34 25 43 16 5 16 35 16 17 45 21 37 9 10 18 34 2 23 45 38 40 1 22 23 12 46 29 50 7 7 
16 13 43 33 5 17 0 15 46 18 34 26 29 6 43 16 28 26 36 35 21 36 4 17 30 13 33 4 20 5 10 37 36 9 11 29 9 44 27 5 2 20 6 5 
12 12 11 46 29 7 34 0 20 44 15 37 21 13 46 14 20 22 13 45 42 9 48 41 21 45 14 8 35 50 32 34 2 31 50 6 18 2 38 25 14 21 40 43 
21 23 40 17 13 31 7 33 0 39 25 14 47 15 22 41 1 16 50 50 21 13 32 35 41 14 41 46 19 35 39 32 21 19 5 20 49 5 47 46 5 43 49 45 
27 17 3 42 46 11 37 10 15 0 22 20 31 40 38 50 4 22 35 39 49 1 44 44 28 10 3 43 47 19 4 46 28 14 37 9 24 11 50 50 8 49 30 17 
50 49 24 30 11 6 44 24 20 4 0 1 44 33 24 25 32 44 19 41 41 11 26 42 17 3 29 26 44 22 35 32 1 22 28 44 30 37 23 32 42 26 30 26 
24 14 43 27 1 36 19 7 40 8 39 0 7 25 7 8 28 32 30 1 3 36 23 1 23 6 30 46 46 22 37 50 16 31 50 19 3 10 3 25 8 4 29 42 
43 33 22 20 23 29 46 50 12 26 28 41 0 2 14 21 22 21 41 24 36 4 9 24 26 25 39 5 18 30 5 43 49 8 31 8 40 34 11 24 17 27 37 38 
40 3 9 17 40 40 32 4 18 31 43 39 35 0 10 46 45 34 25 28 21 7 33 30 34 21 6 31 38 11 17 7 10 18 21 34 23 16 22 15 28 48 1 26 
19 15 42 24 30 38 16 41 42 49 16 31 7 24 0 26 47 35 9 45 44 1 24 34 22 14 27 24 29 12 11 50 23 7 8 12 20 29 32 1 50 45 27 16 
11 2 40 27 50 41 26 31 19 4 8 25 45 31 21 0 11 4 15 38 30 32 49 43 25 50 13 6 18 3 9 46 50 24 9 24 21 24 50 24 39 36 31 31 
20 50 33 17 40 9 22 47 35 8 48 34 13 10 16 28 0 38 35 8 28 11 9 9 2 36 8 50 37 5 42 49 44 1 18 23 26 18 46 17 10 32 12 11 
42 27 25 11 12 9 23 37 4 28 3 21 12 41 32 32 33 0 9 36 43 44 9 5 33 45 37 40 10 43 19 49 47 50 48 17 25 11 47 39 28 33 5 46 
16 49 48 12 35 36 15 35 1 46 19 18 33 23 42 17 25 19 0 13 45 35 30 7 21 15 25 7 21 36 20 8 11 39 14 39 35 47 25 6 25 29 35 49 
1 32 30 34 3 19 30 14 10 20 11 11 37 42 28 47 10 29 44 0 49 31 39 8 30 20 34 8 20 1 14 39 17 1 32 6 39 35 42 5 2 7 6 48 
41 29 3 3 43 20 28 46 46 35 36 18 12 24 1 14 19 12 10 14 0 47 32 45 10 6 37 39 13 19 25 43 43 25 41 17 1 17 32 15 1 23 18 44 
32 15 14 45 16 35 28 37 40 47 43 2 10 35 44 48 7 31 16 27 21 0 43 44 43 21 7 50 47 38 47 10 42 29 39 13 45 42 42 23 28 42 39 3 
46 33 40 8 17 24 34 9 20 7 41 23 40 22 22 24 9 35 31 49 43 37 0 2 24 22 23 49 6 15 8 39 36 33 40 49 11 32 50 34 24 4 39 41 
35 38 17 23 24 21 19 15 43 12 40 10 9 32 17 37 45 26 29 44 12 19 6 0 40 1 24 11 42 10 2 8 46 5 47 17 36 6 1 26 36 46 44 46 
24 43 31 40 30 16 14 40 48 26 46 29 16 32 27 23 1 10 27 5 42 4 45 6 0 13 15 31 32 45 50 43 48 18 24 32 47 20 34 32 27 47 13 10 
21 9 18 1 4 29 28 25 26 20 40 4 21 49 25 27 15 35 33 46 48 33 49 11 43 0 50 30 3 17 29 1 8 30 45 25 48 45 14 27 3 17 26 18 
29 29 20 12 49 46 8 17 42 15 17 12 38 11 8 9 5 49 26 9 48 19 32 25 26 25 0 28 33 2 8 30 29 23 16 20 33 24 38 32 7 10 12 9 
44 13 33 37 37 38 6 23 4 41 17 20 10 47 46 36 24 18 25 16 34 36 39 39 23 41 25 0 36 17 18 19 49 37 10 39 12 44 39 42 46 46 35 26 
39 6 46 11 37 28 3 9 40 35 46 25 9 25 45 14 47 13 21 7 37 22 19 34 1 9 34 43 0 35 27 30 20 50 10 50 33 28 31 39 8 14 9 30 
14 41 35 31 38 50 26 45 33 26 29 40 18 38 12 10 29 44 10 24 14 6 27 26 50 25 12 36 16 0 25 14 43 28 43 5 44 16 28 47 44 10 32 48 
44 21 20 33 46 16 21 11 14 5 36 17 9 14 9 32 13 38 40 29 8 13 36 13 25 34 19 45 1 48 0 17 14 32 9 33 6 30 43 17 21 46 15 50 
39 43 26 47 30 7 47 35 6 21 3 40 32 36 8 8 12 48 26 10 16 38 23 35 50 31 4 2 20 22 19 0 34 44 13 47 21 49 38 39 39 4 13 11 
43 29 20 2 20 23 35 5 23 20 5 34 1 21 42 47 49 3 45 15 35 2 20 46 19 39 38 9 25 9 38 7 0 4 28 30 7 31 30 35 30 35 18 46 
14 40 30 46 1 8 42 40 36 10 49 27 41 9 24 34 31 35 27 30 15 33 49 31 24 41 36 16 20 19 16 31 17 0 7 7 7 40 43 38 1 34 20 3 
48 6 2 39 48 8 47 4 45 9 39 32 32 42 49 23 10 23 26 20 17 44 19 10 35 3 18 44 38 48 26 46 45 30 0 2 26 22 3 39 9 24 16 21 
22 29 25 26 16 41 21 29 29 9 50 36 4 38 42 4 46 41 3 16 48 33 43 38 2 40 23 2 7 35 18 47 2 23 47 0 32 11 27 2 4 18 20 48 
38 46 44 48 39 30 49 43 19 22 1 24 39 36 38 25 26 19 20 22 45 42 4 35 31 41 11 44 19 39 49 48 28 36 6 42 0 8 43 35 22 9 42 49 
25 1 49 8 47 24 3 26 36 49 49 4 47 43 10 17 48 20 6 25 30 23 3 47 4 31 46 17 34 34 48 13 3 43 29 34 32 0 34 14 21 17 13 14 
50 30 33 9 50 49 26 37 2 4 17 19 3 49 3 4 17 28 36 43 2 1 36 1 4 15 26 35 15 7 35 9 18 9 4 17 21 22 0 47 19 8 48 47 
10 36 24 26 36 30 30 48 43 31 20 13 49 44 33 5 36 24 41 22 45 19 9 2 44 46 36 33 45 32 17 35 5 4 27 15 31 39 40 0 6 36 9 42 
28 48 47 5 23 39 17 11 46 18 26 2 41 28 23 32 41 44 47 3 12 14 36 9 45 18 18 25 47 34 35 37 36 27 31 4 48 41 14 45 0 29 21 22 
18 29 3 36 38 8 8 49 13 39 7 31 15 13 38 10 6 22 42 15 12 33 39 16 15 47 20 34 1 31 3 25 42 42 18 30 43 33 31 18 40 0 35 23 
49 30 47 17 42 10 31 8 24 37 6 10 35 41 37 21 41 39 24 49 33 37 33 39 23 45 9 18 23 41 25 26 28 11 41 37 18 30 29 25 20 23 0 29 
38 36 33 34 40 7 12 40 30 17 36 40 12 47 9 45 47 2 14 35 33 13 31 33 25 1 1 4 12 11 50 29 11 8 45 3 41 12 19 12 12 2 45 0 
10 0 42 21 29 40 10 35 32 23 7 38 47 26 6 50 9 40 6 9 29 20 17 7 30 5 3 6 5 35 33 2 24 32 18 22 42 4 23 11 44 27 29 27 
23 23 0 11 20 48 42 4 30 6 3 24 26 43 35 41 24 38 5 31 47 40 5 14 16 9 34 8 5 18 46 15 2 41 41 35 8 44 33 8 14 32 4 47 
22 8 42 0 30 8 14 49 24 40 46 32 38 18 10 46 12 15 34 49 13 11 39 22 35 3 50 34 30 5 48 17 15 37 9 43 8 17 5 50 42 19 22 26 
6 10 3 18 0 49 49 22 44 30 34 41 37 34 37 8 28 9 30 19 19 43 29 17 2 10 17 38 45 10 35 7 45 39 13 16 26 50 33 36 32 33 4 38 
32 46 22 10 22 0 10 28 42 13 50 3 34 27 43 2 9 32 11 28 34 46 27 47 49 21 21 32 28 26 44 38 36 39 42 36 7 38 8 17 35 32 44 45 
45 36 30 39 33 49 0 25 5 22 6 20 43 5 49 24 39 2 29 1 16 19 13 17 45 36 8 45 21 25 44 43 2 3 33 2 13 42 32 50 29 2 40 16 
31 19 50 31 8 14 19 0 16 7 32 28 26 33 19 35 4 26 4 4 30 28 13 18 41 23 48 11 48 20 30 22 14 29 48 37 26 36 27 38 7 6 29 37 
21 25 7 20 45 7 28 24 0 26 49 10 38 18 1 10 9 11 4 22 46 28 11 15 47 36 32 10 19 50 17 47 25 50 27 48 16 16 28 17 42 43 6 47 
15 20 10 19 26 27 18 28 4 0 35 33 10 10 10 10 35 13 48 10 25 10 2 36 38 42 3 44 44 33 37 30 4 22 15 50 28 26 14 34 42 32 39 44 
41 18 17 39 7 6 43 5 45 33 0 32 38 13 34 22 27 23 34 25 45 17 5 29 38 46 11 33 10 50 14 18 43 21 9 46 21 25 15 38 38 40 33 36 
22 41 28 37 44 4 37 12 9 8 44 0 27 36 39 30 43 46 24 34 6 32 15 39 17 5 39 2 2 8 46 37 5 34 20 8 47 19 24 39 6 13 2 10 
36 27 33 11 32 46 22 42 15 7 28 4 0 7 2 11 33 6 3 35 4 14 22 40 43 16 32 34 25 23 36 29 43 30 6 4 41 23 29 20 7 37 5 22 
49 7 17 2 45 8 42 33 3 28 49 47 14 0 38 40 46 1 12 48 20 29 28 36 25 1 49 21 11 27 34 28 18 9 50 41 37 50 31 39 17 32 3 26 
15 32 10 40 3 33 34 20 46 40 35 43 21 21 0 42 1 47 38 31 7 20 50 32 38 15 47 4 47 20 23 31 39 27 2 21 44 41 9 18 28 44 14 33 
29 25 7 20 16 8 30 43 30 1 47 7 15 1 23 0 26 7 30 38 50 23 9 47 17 20 1 49 10 38 20 3 13 6 18 4 13 8 27 38 39 40 31 1 
38 30 46 7 44 19 34 12 49 7 15 11 20 28 41 1 0 16 10 21 6 11 48 34 2 48 47 10 18 30 43 49 10 42 9 9 37 25 44 5 42 5 8 5 
7 41 7 35 35 18 27 23 30 20 25 41 41 47 44 9 47 0 9 16 33 6 8 5 19 11 20 4 27 22 5 29 2 3 43 28 11 42 13 26 1 3 20 20 
41 18 18 19 41 31 36 9 34 39 26 50 50 36 38 24 16 14 0 1 2 26 41 24 39 48 19 34 18 34 34 15 30 37 39 15 2 44 1 14 47 37 46 46 
13 28 44 29 25 4 40 10 38 3 19 44 50 44 30 21 22 47 18 0 26 50 24 46 13 11 22 36 31 15 50 4 16 30 45 11 12 5 41 10 14 44 24 28 
28 18 45 16 8 14 31 42 50 19 21 47 39 32 31 18 4 18 10 46 0 38 49 4 14 5 33 19 17 32 38 4 32 27 47 19 46 16 6 28 17 35 9 4 
47 10 49 23 30 24 24 7 47 35 29 40 29 15 32 11 26 46 14 11 13 0 15 40 21 43 14 36 2 48 40 44 11 30 46 8 5 7 11 39 44 8 31 8 
48 48 7 40 32 35 45 3 21 22 48 42 32 20 29 30 16 38 22 9 7 41 0 19 11 34 8 27 5 15 7 20 3 32 8 43 23 36 25 5 17 3 38 24 
40 33 5 26 35 28 32 24 7 37 22 2 7 30 47 7 25 8 41 39 14 2 45 0 10 25 28 6 45 42 33 5 7 20 18 29 28 29 32 43 28 34 34 14 
17 10 7 37 44 39 18 31 9 13 49 10 38 38 46 1 8 22 37 33 24 32 16 33 0 39 1 20 28 43 16 14 6 31 39 29 50 19 42 13 7 25 3 46 
45 21 9 42 41 34 31 35 6 47 2 41 36 45 25 48 43 20 40 39 44 50 44 30 50 0 9 47 33 16 10 31 9 21 36 22 12 31 9 29 45 12 31 8 
9 29 48 44 5 45 45 20 38 35 14 3 46 27 29 43 32 38 49 20 47 17 44 20 50 24 0 13 17 35 41 46 28 13 42 36 1 2 16 42 39 22 40 44 
24 7 33 27 36 3 17 47 7 14 12 11 42 36 29 44 32 33 28 36 47 40 37 41 4 42 29 0 41 16 47 10 48 8 24 20 13 18 47 28 15 18 44 40 
14 1 31 44 15 24 23 10 7 45 4 47 35 21 43 23 44 24 26 31 11 4 15 4 19 17 16 27 0 35 5 14 18 3 50 23 40 23 48 14 18 44 37 4 
4 4 28 36 43 26 25 34 41 42 13 30 11 37 27 26 49 8 47 26 2 31 36 44 35 48 3 1 47 0 10 9 38 24 50 12 1 41 32 24 1 11 22 23 
27 40 21 13 4 46 22 16 10 48 12 3 23 18 34 1 46 23 24 38 31 34 26 6 12 26 26 35 18 35 0 46 15 30 8 10 5 14 36 50 5 25 45 49 
40 13 48 40 34 8 31 28 29 37 35 43 43 15 16 1 29 20 38 49 26 3 47 23 15 8 30 37 11 24 20 0 13 36 35 36 43 14 37 43 27 37 7 18 
28 46 16 17 40 49 35 22 35 37 47 23 38 16 26 25 27 29 45 18 6 18 22 7 8 29 23 38 42 28 11 12 0 20 36 19 27 49 41 40 39 27 2 36 
27 40 13 48 27 39 12 16 49 43 39 12 11 25 10 9 12 26 47 30 7 27 35 4 3 48 49 27 36 40 6 42 4 0 32 46 17 46 31 46 50 31 13 13 
20 31 24 8 3 40 32 28 13 30 23 29 50 6 9 46 30 40 36 31 9 37 48 9 29 29 43 13 32 31 48 49 45 15 0 15 24 30 40 47 37 4 13 44 
13 32 4 46 11 38 36 16 11 46 33 4 34 33 15 30 25 47 19 47 33 33 24 35 35 42 36 16 41 44 49 27 47 43 36 0 27 26 33 32 26 47 15 38 
4 13 12 32 41 15 11 23 40 35 17 12 30 8 19 11 20 2 20 26 18 48 6 7 41 48 38 4 42 16 44 1 18 46 21 23 0 24 10 46 1 31 21 9 
42 31 32 6 19 7 22 12 25 27 40 21 7 7 5 41 43 27 7 31 25 42 16 44 35 38 47 38 10 7 19 45 47 39 15 27 9 0 43 19 47 20 4 19 
24 29 25 15 16 20 20 3 24 24 41 35 50 15 38 21 32 11 35 2 18 8 45 24 19 43 28 33 1 8 10 12 22 23 43 16 10 24 0 31 18 41 5 45 
22 6 4 15 13 22 22 38 37 35 2 2 17 34 2 47 24 43 38 2 17 15 29 14 28 23 23 11 8 30 18 12 14 13 24 18 15 28 16 0 11 30 21 23 
27 20 22 26 32 9 28 7 25 4 3 29 8 28 41 38 40 50 11 30 8 18 41 39 5 11 34 32 47 27 27 23 46 42 3 44 6 47 41 2 0 31 23 43 
8 11 34 17 41 24 41 26 12 19 41 16 10 30 34 22 21 26 46 11 48 28 31 33 16 26 47 32 43 9 9 50 36 25 33 28 21 45 43 8 7 0 2 15 
4 6 26 43 15 23 26 20 27 35 12 45 30 31 1 1 16 28 9 33 4 10 41 31 36 47 6 2 27 34 38 5 47 14 27 28 41 33 33 9 18 40 0 33 
16 24 30 4 48 20 45 27 31 48 19 12 45 16 46 8 18 18 24 44 44 47 8 48 17 4 24 11 33 45 50 15 14 28 25 7 6 44 8 32 32 7 8 0 
7 0 29 2 33 12 45 26 15 42 45 47 40 20 17 32 37 44 46 35 44 37 49 4 48 18 41 39 2 25 10 43 12 37 40 1 20 15 22 12 16 8 30 9 
21 18 0 38 6 41 25 8 15 36 48 13 21 9 26 5 16 22 6 24 41 32 2 35 3 30 16 13 22 22 34 19 37 7 40 33 31 30 35 49 28 18 46 7 
15 25 19 0 42 44 11 7 41 11 35 39 27 19 33 36 27 25 12 36 43 2 29 27 14 19 44 25 36 38 7 46 24 37 46 21 29 11 24 19 12 16 44 9 
3 19 14 14 0 48 45 9 24 16 33 4 5 36 48 6 24 1 36 21 4 4 39 16 41 24 13 7 16 2 44 24 28 9 21 25 46 6 30 28 42 29 34 31 
42 33 41 36 31 0 6 1 18 26 45 41 6 14 3 24 40 36 38 44 23 22 9 27 47 16 24 10 18 22 9 30 25 21 8 25 8 33 28 26 10 1 27 48 
33 18 16 11 43 33 0 40 42 5 36 11 9 33 7 45 20 8 46 33 47 18 15 16 35 6 29 16 8 9 12 34 23 46 11 44 29 1 13 18 36 32 17 26 
40 10 50 42 2 39 8 0 19 14 18 31 31 19 3 31 5 15 18 33 34 43 2 39 14 23 13 16 20 45 29 48 15 1 40 27 26 7 38 14 20 1 44 21 
5 15 31 26 27 21 9 3 0 19 49 34 34 38 21 37 20 40 23 39 25 35 21 16 31 29 26 5 49 28 4 14 33 49 32 35 49 43 37 40 50 36 27 30 
16 18 7 40 5 21 18 25 48 0 13 19 36 35 50 1 48 1 16 11 26 15 36 1 35 6 37 39 28 3 33 39 39 9 41 50 13 22 37 1 28 10 30 17 
20 31 47 50 49 43 40 40 35 26 0 1 15 31 17 23 34 18 33 41 22 15 25 31 28 44 50 38 26 14 15 33 16 36 20 31 4 10 37 40 36 13 43 5 
13 8 26 20 46 50 4 33 46 19 8 0 2 46 50 19 7 49 5 15 27 20 44 36 30 11 37 19 24 31 43 6 9 22 20 18 20 18 31 42 26 10 32 37 
48 28 19 35 5 41 31 41 31 49 17 35 0 20 23 47 9 10 31 31 3 3 13 49 30 27 33 50 39 19 14 39 18 39 7 38 2 43 3 15 33 1 3 26 
11 6 35 49 48 21 22 33 46 30 30 35 35 0 30 39 9 23 42 43 23 17 10 50 47 14 35 46 17 8 17 48 3 1 38 39 24 42 35 2 18 47 32 44 
38 10 23 3 23 4 45 43 41 8 30 9 1 7 0 39 35 13 26 6 26 29 32 28 34 48 41 15 17 39 40 26 26 36 17 12 38 42 32 24 13 14 25 7 
45 21 29 38 17 4 50 40 42 42 7 15 7 32 39 0 6 32 39 28 5 2 33 5 23 34 46 2 44 31 3 43 12 5 26 33 14 20 3 49 14 39 1 34 
35 30 2 6 6 3 27 42 25 36 21 6 12 17 6 4 0 22 2 6 9 40 50 45 11 32 49 25 36 29 41 15 16 1 50 21 43 33 41 46 42 4 11 18 
27 35 20 22 48 14 49 27 12 34 43 44 35 36 42 25 7 0 28 42 14 34 22 5 6 13 47 13 22 31 7 15 5 30 32 18 26 12 28 28 23 30 15 3 
32 9 6 36 8 41 17 39 14 13 48 35 5 30 15 9 1 1 0 28 46 6 19 38 15 3 18 16 13 30 50 19 34 20 20 23 47 8 11 6 32 15 18 2 
42 32 48 14 46 48 20 28 22 3 19 47 13 21 41 33 40 25 5 0 10 14 44 15 15 36 8 18 1 40 46 46 32 39 18 46 33 6 5 21 16 10 23 48 
31 2 23 10 26 17 29 17 7 11 8 38 49 18 33 28 39 30 19 38 0 26 8 38 9 46 26 8 28 35 5 39 1 41 47 34 14 14 48 43 35 12 30 39 
21 32 30 48 16 23 28 32 37 42 36 22 24 15 15 15 1 9 1 32 3 0 22 7 48 2 35 20 15 42 37 35 26 47 19 17 27 16 29 43 6 8 24 3 
10 6 25 11 50 49 33 43 26 11 48 37 50 25 33 46 31 4 13 40 50 7 0 10 26 6 49 38 49 23 17 46 25 30 20 48 43 28 25 20 16 9 45 9 
15 49 32 18 3 34 33 12 2 45 34 4 3 46 50 5 2 12 34 20 10 16 24 0 8 30 27 41 19 7 34 48 32 5 48 45 27 24 31 35 16 40 5 44 
30 46 17 46 47 29 20 19 5 25 26 50 50 26 24 38 27 43 15 6 19 48 3 50 0 5 1 23 31 21 27 18 31 5 22 44 12 14 31 44 41 38 15 44 
7 30 49 46 1 1 44 9 24 26 50 26 33 44 17 42 46 6 39 48 28 8 46 46 28 0 32 13 24 46 49 24 18 4 5 47 21 7 6 23 31 28 19 45 
5 6 47 11 19 47 39 49 36 50 17 16 50 35 4 18 19 38 20 13 25 2 32 22 29 48 0 47 36 40 33 8 21 10 13 41 40 32 22 45 28 7 1 39 
19 37 39 48 36 4 39 4 44 8 6 21 3 24 25 33 21 50 4 9 3 42 46 7 37 44 14 0 36 48 44 43 7 24 14 14 36 40 1 11 33 2 30 15 
14 4 42 38 16 8 39 24 28 4 42 37 27 41 32 11 43 40 3 6 50 15 50 47 40 11 40 43 0 21 39 21 8 23 27 33 4 46 6 48 28 9 20 15 
3 33 27 37 45 9 40 19 44 49 25 15 49 5 45 49 6 19 47 3 39 33 35 14 1 9 29 15 38 0 42 26 47 30 1 47 15 13 24 45 35 31 21 28 
9 48 13 34 49 1 7 43 9 13 17 27 20 48 13 37 36 30 25 32 2 24 29 35 49 8 31 37 32 24 0 12 23 19 6 27 17 38 25 31 15 31 50 17 
34 14 24 28 17 50 38 9 6 6 39 27 35 20 28 36 42 20 21 11 35 1 45 8 15 22 47 49 12 50 11 0 2 3 8 45 22 25 31 15 37 45 16 7 
17 30 30 42 47 11 40 39 45 10 39 32 33 19 17 14 45 3 39 48 7 46 38 24 28 25 6 11 11 6 35 17 0 20 45 29 28 35 30 50 39 22 11 17 
42 14 26 12 4 9 18 20 34 6 18 1 21 42 6 15 23 6 30 28 39 26 22 12 39 40 39 29 16 3 1 27 47 0 30 47 10 2 13 2 3 44 37 1 
12 3 45 8 36 30 15 28 34 43 33 28 17 43 14 24 14 20 39 5 31 5 42 5 42 46 46 14 10 4 27 35 3 25 0 11 10 44 33 3 50 1 26 18 
34 14 3 31 18 38 40 39 33 6 32 20 7 12 41 16 41 34 1 19 31 16 48 25 42 33 5 30 32 17 40 4 6 38 8 0 41 40 15 28 27 21 16 44 
29 22 6 4 48 4 17 13 16 50 7 38 18 16 28 40 36 33 10 7 17 17 28 14 20 5 1 27 26 6 25 49 16 23 20 4 0 36 29 7 27 16 5 24 
5 50 50 40 25 12 26 43 44 12 9 28 13 44 42 35 44 4 41 37 11 26 8 23 46 47 25 4 7 26 33 42 12 43 24 15 20 0 15 27 15 50 13 31 
38 7 45 7 10 45 45 14 23 26 18 14 30 42 28 44 28 37 23 37 18 29 18 16 21 20 27 15 29 28 26 37 48 45 21 16 2 41 0 15 10 12 13 11 
17 44 30 45 24 42 21 49 28 28 27 13 10 40 29 37 41 18 31 35 46 50 32 16 36 21 12 43 37 23 13 25 6 18 1 22 41 26 4 0 23 9 29 48 
9 21 32 12 27 23 5 25 42 32 28 15 17 13 14 10 3 31 28 13 6 15 3 8 42 39 8 46 15 14 8 27 18 3 23 46 4 10 36 21 0 33 48 22 
43 28 4 35 10 28 16 2 43 31 17 42 45 19 24 20 38 16 10 10 29 25 2 48 15 41 18 6 43 45 8 31 9 44 10 30 39 5 48 18 50 0 13 15 
47 1 11 29 27 31 40 48 6 24 38 44 19 27 6 20 19 10 11 9 48 23 37 34 1 9 45 32 34 18 42 11 16 10 6 47 4 13 42 26 4 48 0 3 
7 22 1 42 3 33 35 30 9 39 4 18 24 15 28 28 19 36 8 14 39 32 28 28 9 22 9 17 7 19 36 6 1 21 30 13 1 18 42 49 50 38 34 0 
22 0 12 43 32 32 27 35 23 40 46 34 15 26 44 23 33 32 25 19 23 40 4 49 17 3 36 16 28 1 44 10 15 1 49 6 16 16 40 27 40 22 46 46 
11 17 0 7 4 19 28 35 11 25 32 16 44 18 14 26 29 46 12 8 23 46 36 19 14 28 39 7 18 42 48 29 1 44 9 39 50 47 33 48 50 16 34 35 
34 35 5 0 38 3 40 11 31 29 15 24 50 25 49 43 27 30 21 18 19 28 3 15 50 10 25 26 33 14 15 9 7 13 2 35 30 23 2 5 28 32 17 1 
37 21 9 15 0 2 5 6 18 29 49 15 8 32 21 5 28 28 14 29 18 15 7 18 38 24 14 14 4 29 17 40 38 11 3 28 30 2 11 25 29 9 47 30 
8 48 44 4 9 0 18 24 27 14 4 50 36 31 4 21 42 39 41 2 40 13 9 28 48 29 43 26 26 18 40 1 10 18 28 10 41 30 10 5 37 5 40 26 
35 12 17 48 26 31 0 20 36 38 7 8 17 49 20 46 25 17 43 48 10 25 3 40 19 4 45 31 12 29 37 16 36 24 34 44 36 13 45 50 46 48 4 13 
3 11 11 11 21 35 36 0 38 44 7 30 2 32 22 49 45 32 50 8 8 1 41 23 43 16 26 11 13 23 43 3 12 21 41 38 9 43 34 11 28 44 50 22 
29 45 32 13 15 15 1 19 0 46 40 47 13 12 39 19 46 45 24 23 16 2 5 18 31 41 35 41 3 48 40 31 14 2 19 44 49 34 14 46 49 22 24 7 
22 25 29 26 20 25 39 16 4 0 22 34 21 25 27 2 22 30 24 49 21 7 10 34 11 43 45 20 12 32 29 25 44 28 48 46 7 13 10 21 29 10 24 28 
43 18 49 19 23 33 42 17 25 24 0 4 1 13 42 18 33 26 5 27 35 26 47 40 44 28 31 45 10 21 4 21 11 33 32 41 43 45 26 48 30 40 13 50 
21 24 47 33 16 45 27 45 24 34 40 0 3 46 28 5 42 42 39 33 46 21 4 43 19 32 1 26 38 50 8 48 45 14 48 20 20 31 48 29 15 44 9 47 
28 43 30 46 15 41 35 6 42 7 17 30 0 17 32 29 2 16 20 40 46 17 37 45 40 49 9 35 11 45 10 19 2 12 7 16 26 2 6 11 48 16 2 7 
38 47 18 3 39 3 46 14 45 5 14 31 42 0 48 40 47 7 6 24 11 32 39 16 18 10 17 3 1 10 10 43 30 15 30 7 44 31 6 46 9 49 46 25 
48 49 27 24 29 12 9 5 42 43 42 25 50 32 0 1 44 23 1 46 4 36 13 35 16 12 41 47 16 2 11 15 13 36 15 18 20 34 43 24 39 2 6 2 
38 24 6 8 12 31 13 23 8 4 43 40 35 14 11 0 12 38 16 44 3 31 28 29 39 36 14 31 10 31 27 8 3 30 11 48 43 7 34 36 35 39 38 8 
9 44 26 34 6 23 31 37 23 8 3 21 10 45 18 22 0 49 50 3 43 32 46 40 10 24 17 18 6 5 31 9 15 44 21 20 45 11 31 26 37 50 41 35 
45 28 41 38 49 39 12 37 36 37 45 27 14 4 16 10 39 0 6 25 33 43 50 39 27 39 25 23 12 19 25 16 44 41 12 45 32 34 30 20 17 43 44 24 
28 49 45 7 41 45 22 37 32 26 9 42 46 40 14 49 24 17 0 50 19 11 21 2 36 3 10 35 26 10 36 8 40 50 27 11 29 45 19 32 18 48 38 35 
18 33 20 50 42 20 31 47 1 43 26 13 8 48 10 5 32 10 46 0 28 47 18 20 43 20 30 36 5 6 35 33 21 23 36 34 3 34 10 43 6 29 40 8 
47 25 14 3 31 36 14 1 8 3 11 39 1 14 27 31 13 35 27 41 0 16 11 5 41 22 14 7 21 23 18 40 49 7 11 23 19 6 27 5 19 42 35 26 
19 13 48 34 40 7 30 31 22 3 49 42 37 20 24 31 17 29 44 28 40 0 13 13 32 41 41 9 25 36 30 8 49 32 35 36 29 24 31 18 15 43 38 18 
46 8 20 37 49 33 47 39 41 49 7 36 7 50 17 44 49 49 5 45 43 46 0 50 10 2 35 46 8 36 12 29 35 3 46 17 24 21 5 10 42 40 42 18 
1 25 49 30 29 8 38 20 17 39 43 26 1 9 10 35 15 38 40 3 29 21 22 0 33 11 34 44 23 45 39 14 6 2 28 50 36 4 6 17 50 49 42 12 
47 11 21 17 16 12 20 46 5 1 39 39 31 4 16 19 46 14 16 25 29 26 38 25 0 23 9 25 32 10 21 40 5 38 9 25 23 41 18 28 11 26 43 9 
5 13 40 20 33 38 37 22 36 33 18 34 22 24 46 44 7 38 38 37 34 12 35 2 23 0 29 44 28 29 37 5 50 36 17 33 12 34 40 42 45 23 49 4 
22 20 25 3 50 45 24 22 24 38 7 26 44 28 38 47 4 45 10 44 50 28 18 49 6 41 0 35 10 18 46 43 15 35 8 14 32 48 26 44 33 5 15 32 
13 30 42 39 35 47 43 39 1 14 6 4 44 3 27 48 9 11 15 5 28 45 43 41 37 15 7 0 50 29 1 27 40 36 47 5 19 15 3 50 14 25 8 43 
2 30 4 20 29 21 28 35 22 40 11 5 18 38 2 3 21 40 44 10 50 37 17 19 48 48 8 34 0 7 12 2 30 20 2 41 11 33 45 28 30 1 16 5 
50 25 42 38 32 14 1 30 24 32 49 43 15 14 36 23 31 13 45 29 11 39 31 35 16 47 41 20 27 0 13 14 10 35 33 17 45 6 11 27 20 7 32 28 
49 22 10 27 48 48 22 47 17 6 37 44 12 45 8 22 36 24 31 4 11 18 39 9 33 47 42 18 21 37 0 26 23 29 11 32 13 7 21 43 23 5 16 48 
4 48 39 6 1 49 39 42 47 26 29 18 32 33 1 44 1 7 5 27 31 31 15 15 1 13 45 16 16 31 9 0 49 45 20 36 11 45 42 41 20 32 46 29 
47 1 44 1 31 6 27 43 16 1 40 18 23 33 24 6 38 4 24 26 17 18 30 23 12 48 41 50 9 16 35 45 0 36 3 19 15 7 13 15 10 39 38 43 
49 6 3 13 29 21 37 4 16 9 20 12 29 22 22 39 33 16 27 34 1 16 46 32 21 15 10 49 26 40 14 38 29 0 26 32 18 10 36 12 29 23 13 20 
37 16 41 41 44 35 24 32 45 12 5 42 33 11 21 42 15 12 38 28 26 45 32 33 3 40 5 30 48 4 49 11 39 47 0 9 17 30 24 17 14 3 8 20 
26 25 34 49 8 39 44 48 18 35 36 44 42 35 9 38 4 31 45 35 41 14 44 4 36 2 5 13 41 46 25 26 19 26 7 0 9 19 42 48 42 4 6 31 
27 4 4 17 32 22 37 13 34 8 24 29 13 31 31 14 6 34 32 8 22 11 10 26 16 29 50 19 13 34 4 31 35 33 18 1 0 33 35 23 41 4 33 42 
18 45 48 44 29 39 29 42 8 23 49 9 16 44 28 1 4 22 19 1 50 5 43 44 30 13 31 31 21 11 41 4 40 20 43 31 19 0 35 21 30 34 42 46 
9 37 24 3 7 5 34 19 19 36 32 42 13 3 5 15 17 9 48 21 47 33 46 20 47 1 48 33 20 1 39 17 9 10 35 7 6 10 0 24 27 38 42 22 
18 9 29 31 28 15 21 5 22 37 21 49 26 42 5 7 7 7 2 50 18 48 15 33 3 19 48 9 7 35 22 34 6 12 28 12 18 21 20 0 19 50 47 17 
31 38 11 9 16 2 4 18 20 37 43 4 21 44 46 28 10 18 12 49 37 15 38 44 15 15 44 39 37 38 34 50 22 31 34 45 43 10 32 7 0 3 18 3 
48 13 8 7 18 23 43 10 1 38 48 30 16 1 18 45 2 9 16 32 32 3 43 32 40 10 1 36 1 36 6 46 20 13 40 31 7 8 26 16 44 0 28 33 
13 25 1 19 45 25 16 31 49 38 37 21 45 21 27 17 9 23 8 10 16 33 2 11 3 12 38 38 45 34 50 38 5 21 31 8 40 42 7 11 36 6 0 7 
9 33 43 46 10 31 41 18 44 36 19 18 30 23 41 16 33 38 28 37 16 38 49 17 24 41 19 28 17 16 47 24 10 27 43 28 11 16 28 8 4 17 6 0 
