5
49
12 0 46 24 23 7 50 43 47 43 11 48 44 50 18 49 8 39 40 27 31 18 50 1 18 7 3 14 19 33 32 13 43 46 13 46 17 13 1 1 32 7 15 3 5 41 10 1 1 24 
28 6 0 22 19 29 14 12 46 7 17 5 37 24 15 12 49 6 49 37 22 33 45 38 40 46 24 4 48 46 27 48 3 14 45 5 27 42 24 18 50 34 22 7 35 46 45 34 1 42 
7 36 11 0 14 29 42 34 18 32 24 6 10 14 50 30 20 2 23 29 10 35 7 33 31 37 39 11 39 4 44 1 40 4 7 40 42 37 40 36 4 22 10 10 50 13 41 20 22 27 
15 44 22 5 0 41 7 50 4 31 27 40 31 45 15 39 24 16 7 8 11 38 34 13 38 26 38 26 48 33 19 47 19 40 13 40 50 29 36 13 50 40 39 7 13 46 23 28 46 22 
27 47 34 13 12 0 39 31 32 35 30 4 32 3 21 12 30 21 42 33 25 39 45 31 45 8 21 50 28 1 43 4 11 31 26 7 22 14 7 29 24 9 19 45 6 9 19 38 19 45 
33 25 31 45 21 33 0 32 17 39 5 41 39 4 31 43 26 44 2 27 15 40 17 15 14 9 17 21 1 25 37 40 34 32 33 18 18 23 16 11 43 25 5 25 2 38 35 6 38 3 
31 15 18 11 4 6 17 0 11 17 37 4 13 32 43 3 16 7 8 21 14 25 3 29 42 35 41 35 42 13 26 24 12 33 49 44 22 23 24 28 28 1 7 6 29 7 30 43 12 23 
37 32 28 35 25 28 28 37 0 26 26 14 21 26 49 42 13 43 31 34 49 32 44 34 30 43 13 19 47 1 35 5 48 23 19 26 45 47 27 8 21 17 35 47 48 15 8 26 9 15 
16 15 49 10 13 42 43 49 48 0 43 13 9 31 37 41 21 17 48 7 23 47 17 16 24 13 33 47 48 36 16 35 38 11 33 35 21 6 38 11 28 34 47 49 34 46 12 37 49 6 
27 48 11 19 36 19 49 49 26 47 0 31 45 46 13 32 8 25 49 49 2 20 15 29 38 30 40 50 19 32 28 1 46 48 42 9 18 25 20 25 14 36 23 31 42 30 33 39 34 17 
27 21 14 39 47 36 12 20 24 39 46 0 20 30 17 48 47 35 47 4 5 15 34 6 24 35 17 47 35 38 8 47 2 16 3 6 8 38 8 2 7 47 49 1 31 30 45 6 7 33 
46 45 36 35 30 3 43 15 40 4 31 39 0 28 33 16 43 45 4 28 11 41 9 27 46 47 9 16 34 26 45 41 11 41 2 43 13 11 17 37 50 14 43 48 5 21 18 19 17 35 
38 35 41 29 47 43 37 18 41 39 21 37 10 0 40 45 13 21 49 26 41 3 33 29 18 29 47 48 11 23 26 29 40 50 49 38 11 50 33 44 10 6 46 21 29 16 13 5 4 4 
43 50 20 44 27 33 6 7 24 50 50 45 26 46 0 15 10 32 38 11 2 35 13 39 5 16 35 8 12 50 2 16 43 45 8 30 26 10 46 24 17 33 4 27 33 44 16 31 50 6 
20 35 26 44 2 19 30 12 15 28 42 25 44 7 23 0 35 8 50 18 16 40 50 36 15 45 20 31 37 7 11 1 4 9 7 31 18 40 49 44 40 1 14 45 19 32 42 39 48 4 
48 36 16 13 34 16 20 49 11 50 32 38 44 6 5 28 0 39 17 38 26 6 46 10 7 29 16 26 6 18 34 3 32 34 33 9 25 35 42 25 41 12 19 29 49 12 2 7 9 41 
41 44 26 1 22 49 3 27 9 34 18 41 15 32 28 47 1 0 5 11 47 30 43 47 42 47 15 37 17 11 46 28 9 18 15 27 41 27 31 12 35 7 49 26 8 7 1 48 38 2 
2 11 48 47 13 12 48 47 35 5 8 12 36 16 14 7 10 24 0 50 5 38 20 21 43 27 40 31 17 40 35 47 17 50 16 9 35 30 13 5 4 30 44 43 27 5 23 22 33 13 
1 48 28 49 33 14 32 40 6 20 23 31 32 8 1 8 41 12 21 0 7 29 28 47 19 46 26 44 28 45 38 5 19 48 5 39 37 20 19 17 2 27 45 25 43 33 23 48 37 43 
19 14 11 1 27 34 24 2 9 3 8 20 5 46 18 16 5 33 27 19 0 14 39 22 46 19 30 35 3 4 37 23 28 8 35 26 24 44 18 22 22 16 36 11 17 10 33 23 50 8 
28 29 41 22 19 29 31 42 16 33 47 49 22 48 23 30 31 13 20 20 44 0 22 37 12 6 4 29 28 6 36 37 8 36 46 27 8 33 6 39 7 46 33 29 36 26 23 44 39 39 
38 29 20 3 30 14 6 42 29 17 15 1 4 37 30 47 39 14 27 21 15 47 0 25 24 14 25 12 43 1 36 33 10 40 40 19 7 17 5 6 32 21 16 4 40 25 6 43 46 49 
39 37 9 18 18 24 41 5 47 40 6 3 13 42 44 34 6 11 15 18 23 31 34 0 9 45 50 49 43 35 50 9 32 16 45 12 49 25 42 23 16 28 3 21 16 1 29 9 25 11 
7 20 45 29 29 27 9 4 1 24 18 26 49 20 47 31 24 38 19 30 45 9 14 39 0 49 40 21 10 18 8 17 42 24 32 29 30 14 4 38 18 4 46 25 19 5 41 30 33 24 
35 28 42 40 46 16 48 6 6 30 39 6 49 36 43 7 27 2 17 42 18 17 20 50 1 0 27 50 35 45 35 9 10 39 37 33 31 26 3 28 17 31 25 9 24 50 13 5 10 32 
13 28 40 14 41 7 19 8 42 39 20 17 13 12 22 22 29 18 13 3 12 32 24 24 1 12 0 44 9 47 1 39 22 40 4 33 7 20 47 48 31 15 24 34 15 9 50 18 13 37 
3 21 45 43 8 20 31 5 16 14 30 14 10 12 41 50 48 27 10 29 16 3 32 20 32 38 39 0 48 10 16 1 44 31 23 44 31 44 30 33 34 3 3 4 34 19 18 6 12 43 
15 11 24 9 35 22 50 39 26 11 20 32 33 45 1 14 36 33 38 18 11 6 18 44 27 27 14 49 0 49 1 14 33 27 5 46 5 27 36 46 1 45 42 19 20 13 3 20 9 4 
20 33 35 19 45 33 9 43 30 32 9 9 1 40 25 47 38 5 29 49 46 37 1 38 37 24 19 38 49 0 31 25 7 5 46 29 18 30 15 33 23 38 13 48 4 38 43 44 2 45 
23 26 48 42 10 8 34 33 48 32 22 14 21 44 49 8 2 4 6 11 7 18 24 22 6 12 33 40 47 50 0 45 30 18 44 27 6 27 16 46 38 46 36 33 33 12 9 17 19 49 
47 37 39 39 41 38 6 3 27 36 49 25 45 37 48 37 42 47 28 18 44 32 36 9 18 16 22 36 41 11 48 0 45 15 41 1 14 6 42 27 6 21 4 1 31 47 13 2 50 35 
47 20 13 40 1 6 15 1 31 22 26 17 21 12 16 39 4 11 4 36 35 32 1 21 22 48 40 32 6 12 5 15 0 22 1 45 42 35 6 14 36 36 13 26 21 1 40 1 42 35 
42 43 3 48 14 1 15 19 42 18 4 16 34 46 19 17 12 45 21 18 25 4 49 48 18 50 22 7 31 20 33 47 49 0 47 14 19 3 17 8 50 30 23 44 38 10 20 2 17 7 
4 40 45 31 24 11 39 45 6 30 14 29 9 38 23 36 7 17 37 32 1 15 45 37 21 39 2 11 12 38 49 49 5 50 0 28 30 38 17 25 37 26 25 48 37 45 22 21 36 21 
2 4 4 15 36 6 39 46 8 11 36 10 28 33 18 32 16 24 10 11 43 49 40 43 1 7 26 18 8 43 49 18 17 40 11 0 35 46 34 20 44 39 35 31 7 40 28 48 43 30 
5 29 48 12 25 29 4 14 11 15 29 31 22 38 15 12 18 44 39 23 34 37 33 4 16 23 8 19 34 3 23 10 34 38 4 15 0 1 7 42 12 7 22 35 19 42 14 17 48 16 
46 22 35 10 20 47 18 47 45 47 3 21 35 30 9 42 20 48 34 34 1 11 11 2 27 16 12 3 14 13 2 6 11 4 38 31 39 0 50 14 42 36 18 7 11 40 42 23 42 27 
27 23 17 33 14 15 35 12 34 33 4 35 16 33 33 45 47 11 32 42 28 4 20 34 43 49 34 4 1 12 35 44 21 27 37 40 36 23 0 47 40 4 20 6 17 10 7 21 36 25 
16 44 32 41 50 49 24 4 33 41 15 31 32 11 22 49 11 15 39 46 43 10 24 14 43 39 8 49 3 24 37 29 48 30 35 19 4 4 21 0 28 14 37 3 33 32 9 23 10 34 
19 50 43 32 40 33 7 20 19 48 11 42 26 1 10 5 37 34 2 27 3 45 8 44 11 33 6 7 41 32 35 17 49 15 34 25 44 48 9 47 0 29 50 36 6 11 37 39 36 44 
29 46 26 21 33 32 25 43 50 21 7 27 50 30 37 14 44 43 11 18 36 11 39 25 5 48 4 10 2 34 25 45 21 14 12 36 10 47 16 33 10 0 32 45 27 2 21 30 20 49 
43 17 44 28 19 9 19 7 1 16 36 29 15 42 17 47 13 6 36 18 1 4 48 28 28 9 4 16 13 24 35 19 34 11 10 17 31 17 3 6 44 29 0 9 32 31 5 45 41 29 
30 40 15 44 3 49 39 20 17 50 10 5 3 45 28 31 17 45 5 32 50 17 46 4 31 24 22 45 16 47 23 15 13 38 33 35 20 26 31 13 21 48 14 0 18 43 1 42 35 32 
1 15 11 40 9 29 13 44 12 14 29 27 44 4 20 27 46 42 15 12 44 12 42 14 43 11 3 3 29 12 30 33 38 14 16 33 13 25 5 9 21 41 9 13 0 3 36 28 44 44 
41 47 9 27 24 39 39 24 47 48 48 27 10 15 50 34 46 40 31 39 38 14 22 38 7 42 3 4 29 12 7 34 9 10 38 15 22 7 14 25 27 10 17 28 7 0 32 11 26 9 
30 7 47 48 6 7 27 26 21 21 32 36 36 45 35 41 15 19 1 28 36 12 40 26 6 13 28 48 45 32 25 32 27 46 50 6 11 36 4 3 12 40 1 37 33 39 0 42 16 32 
37 43 14 10 49 24 18 17 21 43 44 30 29 31 40 46 1 9 41 45 30 30 29 15 49 16 46 12 3 44 17 22 13 17 8 40 11 22 29 23 33 39 41 44 11 24 33 0 9 12 
41 32 31 1 21 2 8 14 50 12 33 28 7 14 28 27 23 18 13 24 1 36 30 31 19 13 42 40 36 5 26 34 37 50 13 12 37 21 42 15 50 26 12 11 46 45 27 25 0 13 
18 38 6 21 36 12 6 3 50 33 9 11 18 29 45 36 50 42 7 2 16 40 3 26 48 24 25 25 19 36 25 37 17 27 18 17 20 14 1 39 7 10 37 38 34 5 32 48 18 0 
25 0 46 3 21 23 48 28 36 31 23 12 37 32 34 15 9 22 44 42 11 28 17 37 41 18 46 6 4 15 42 44 42 27 7 45 40 22 16 45 30 41 32 40 41 40 2 26 27 23 
29 12 0 11 41 37 40 9 9 12 3 28 42 25 22 39 30 20 10 25 40 25 37 6 50 12 21 47 28 47 2 16 20 29 31 36 30 33 1 41 17 36 31 11 14 17 38 16 10 1 
12 20 42 0 2 38 49 42 6 12 30 16 44 32 13 10 38 9 13 45 36 9 48 20 20 8 4 44 27 43 34 24 6 37 27 35 33 24 19 42 33 44 25 21 22 25 24 4 18 1 
27 9 26 22 0 25 42 14 1 23 44 34 5 15 14 29 6 11 8 5 29 28 14 40 22 12 42 35 27 48 45 35 50 27 27 17 25 49 34 13 36 21 33 2 26 8 29 29 11 43 
16 14 16 50 40 0 24 13 19 4 10 33 7 38 3 28 10 35 29 39 47 4 8 27 46 20 8 45 13 15 14 34 13 24 35 33 31 19 1 37 4 4 7 45 24 30 29 34 31 24 
16 24 1 41 15 40 0 8 38 21 31 33 29 1 5 40 27 20 33 3 21 47 41 34 42 36 43 48 13 3 16 41 24 15 39 49 41 34 23 10 46 25 44 48 21 4 25 4 3 5 
48 11 46 31 10 28 26 0 40 9 6 22 43 45 35 6 40 9 15 12 6 50 44 48 24 8 47 3 43 14 38 11 40 45 8 6 6 46 44 5 12 24 1 25 18 39 4 30 10 43 
32 46 11 43 47 6 5 13 0 23 23 14 25 33 27 21 45 33 48 37 29 1 44 16 10 1 33 49 19 31 35 5 18 43 50 33 43 1 47 49 3 2 43 23 21 42 37 41 25 5 
23 7 6 43 32 43 38 31 1 0 42 15 8 36 33 39 19 47 32 34 45 29 45 36 49 35 28 8 22 45 19 14 43 24 14 8 28 49 25 12 8 45 13 1 5 35 45 16 10 35 
3 46 5 8 31 27 29 22 8 8 0 5 35 17 36 33 29 22 35 23 25 11 20 22 21 26 50 16 44 31 15 41 12 49 37 43 24 9 36 44 38 30 7 42 18 8 23 29 27 19 
27 13 11 44 35 25 33 24 35 32 31 0 11 35 41 43 17 43 37 30 44 9 21 37 41 35 46 4 29 5 14 3 22 40 26 5 3 31 19 14 13 10 50 25 4 13 28 45 17 50 
1 16 37 49 34 10 7 27 20 9 40 21 0 5 20 22 29 10 22 9 37 41 37 24 23 18 34 10 46 33 29 8 1 38 30 4 49 16 23 6 17 48 27 12 10 25 42 5 31 3 
25 4 6 37 30 9 15 42 15 31 1 1 11 0 44 41 2 40 34 26 17 24 14 37 16 42 39 15 25 15 49 27 29 30 43 9 26 2 14 8 21 39 7 2 42 6 17 38 33 21 
9 35 9 30 14 30 12 17 40 45 42 45 40 28 0 16 5 22 22 18 36 16 50 26 26 6 28 17 12 45 11 26 2 32 5 7 14 19 50 16 14 47 10 12 20 17 26 50 30 36 
38 34 46 20 48 5 9 10 33 24 37 14 50 22 30 0 20 40 14 35 22 3 37 23 6 5 39 7 39 6 10 30 29 37 27 8 27 30 32 34 1 48 4 36 26 29 50 48 38 33 
1 27 13 15 9 34 1 12 40 16 10 48 21 4 23 45 0 9 27 24 14 3 40 9 30 35 24 49 1 47 28 5 42 19 6 6 33 18 14 29 43 8 16 41 17 24 3 28 1 14 
32 21 24 24 25 31 11 19 33 30 36 36 1 15 13 11 19 0 30 15 49 41 28 45 49 32 7 37 50 43 6 33 47 48 38 16 7 32 18 45 26 45 15 35 34 43 7 7 2 28 
6 6 23 13 2 24 5 26 25 43 18 44 12 26 27 47 40 38 0 13 49 6 30 1 35 40 4 26 43 12 6 25 50 35 22 37 1 10 34 47 15 12 32 7 26 28 32 34 39 8 
37 4 19 45 4 22 27 6 39 24 49 48 12 15 20 18 19 9 40 0 40 27 38 7 42 49 37 25 23 25 8 8 21 37 36 25 3 6 6 32 50 10 45 22 10 49 17 1 18 38 
9 9 24 44 50 31 50 48 28 46 17 48 5 31 32 17 28 12 26 41 0 18 12 13 27 40 30 32 16 47 44 32 37 7 36 17 49 34 27 38 5 25 5 29 10 16 2 6 14 41 
43 21 6 25 28 21 48 47 47 4 20 49 35 2 34 14 30 42 19 15 33 0 33 1 25 22 16 13 33 3 12 38 24 19 26 4 23 27 13 30 15 20 3 38 24 18 6 41 4 45 
46 36 11 37 50 8 11 20 32 4 12 8 15 44 36 16 47 31 9 48 12 38 0 18 12 4 46 31 46 28 8 16 26 10 38 7 26 27 37 19 19 44 3 46 10 18 8 5 9 2 
8 21 26 32 6 34 9 19 50 33 4 27 15 43 24 38 37 49 27 37 11 39 10 0 12 41 5 9 42 9 44 47 41 22 45 20 37 41 45 4 5 48 8 28 4 16 42 30 11 22 
22 32 10 29 23 42 19 12 14 41 2 26 18 10 6 37 13 6 20 23 38 48 42 45 0 23 39 3 12 6 47 50 26 48 20 38 12 37 13 50 4 1 26 27 4 3 29 31 49 22 
18 4 37 10 38 35 24 41 15 7 34 39 8 6 18 42 27 28 49 22 44 50 50 6 17 0 22 13 21 39 43 44 9 5 40 39 43 14 16 10 36 14 22 23 7 16 15 44 20 10 
13 27 1 33 27 28 18 4 31 43 17 22 3 2 23 13 26 34 19 18 25 28 11 19 13 9 0 23 28 44 40 2 29 43 12 26 17 43 26 29 12 21 40 33 24 44 14 11 20 50 
45 40 32 25 3 35 35 16 33 20 18 6 41 10 41 41 38 29 41 27 7 20 1 5 7 48 35 0 46 37 25 50 48 3 29 50 1 21 4 41 28 42 1 11 7 12 7 30 30 42 
33 7 35 20 44 43 25 40 27 19 5 50 40 30 9 21 20 4 13 11 41 21 34 38 14 35 7 10 0 45 44 1 18 5 4 4 19 15 29 9 36 25 11 44 36 37 28 2 21 3 
36 42 3 18 20 2 13 24 48 7 9 37 16 46 34 18 38 46 37 26 41 7 42 45 28 37 30 27 48 0 2 37 33 36 8 9 2 48 1 36 2 42 45 17 23 50 50 10 16 11 
19 49 33 16 46 13 29 50 9 41 34 22 37 26 46 20 26 1 9 37 32 20 37 10 35 35 46 40 20 45 0 29 28 15 16 29 3 4 18 41 45 30 2 40 11 3 30 5 20 22 
3 24 49 1 29 29 49 13 23 32 12 18 40 31 14 13 7 8 21 47 44 17 9 11 14 8 30 31 27 8 5 0 30 26 19 18 21 30 27 37 37 30 41 32 37 29 28 41 22 26 
49 46 23 35 23 28 37 16 39 38 21 49 19 36 15 27 32 42 21 14 44 33 30 22 34 17 3 35 23 32 36 17 0 9 5 29 12 33 46 4 41 32 6 42 39 16 39 12 6 17 
10 47 37 20 9 33 16 17 2 1 6 26 2 43 8 3 5 41 14 7 4 44 37 38 30 32 38 42 42 6 46 6 48 0 19 13 35 49 47 1 23 14 46 32 46 48 16 30 14 35 
37 12 48 48 49 14 17 11 49 41 27 45 25 26 46 5 1 28 33 30 23 4 8 41 41 44 8 13 42 41 15 2 25 8 0 5 45 49 8 50 6 47 25 50 7 24 28 40 21 37 
41 48 38 48 34 12 34 4 8 7 5 6 4 19 9 26 25 21 17 21 1 7 43 29 28 33 49 4 1 17 14 5 37 27 2 0 43 27 5 41 47 21 42 41 1 45 50 44 6 42 
32 50 7 23 50 36 34 6 10 20 2 13 31 3 42 44 50 19 28 18 17 49 20 31 21 1 10 16 42 34 29 40 44 12 20 18 0 7 33 38 41 18 38 18 36 39 34 41 39 50 
7 45 31 16 38 26 33 30 27 3 50 27 19 14 27 42 12 20 19 34 24 38 18 32 37 1 30 32 35 42 37 10 22 17 35 39 48 0 24 6 37 37 39 31 31 38 15 50 24 42 
45 28 15 23 6 26 20 28 50 29 38 47 2 45 35 16 40 6 2 29 38 45 38 14 32 47 36 8 38 44 23 2 6 40 41 15 23 38 0 17 41 16 12 48 46 19 41 35 44 46 
16 48 10 48 45 4 1 40 1 41 9 41 13 40 6 7 37 41 13 5 20 43 3 39 12 14 26 47 43 46 42 12 42 12 23 46 13 5 12 0 36 41 26 23 48 8 50 4 23 42 
39 32 1 23 40 26 23 46 21 36 31 29 4 47 6 50 47 49 1 17 11 45 33 29 27 14 45 21 6 32 12 11 4 5 4 14 42 40 3 36 0 1 1 42 19 31 8 37 29 18 
48 12 2 3 6 32 45 50 22 47 26 32 3 41 40 25 21 25 50 43 42 8 8 46 15 17 10 3 14 49 19 27 16 4 8 20 10 8 48 23 10 0 15 21 43 27 5 48 10 3 
45 10 33 38 37 26 41 5 6 38 40 22 43 36 23 28 49 16 49 34 20 15 13 27 27 34 28 38 15 20 11 19 1 1 20 39 36 40 30 28 18 16 0 5 21 9 1 18 29 48 
15 28 40 49 27 33 31 48 6 12 3 49 3 40 37 28 21 22 43 17 35 42 10 36 22 17 5 10 43 19 26 17 49 41 1 42 22 20 24 18 39 42 30 0 29 28 29 15 27 18 
43 39 29 25 12 14 23 19 4 28 11 29 21 6 38 36 37 50 12 39 46 7 1 49 25 28 43 13 31 9 43 2 28 43 50 30 47 42 37 27 28 23 18 43 0 14 40 19 37 42 
43 41 29 4 38 23 37 39 31 1 35 21 11 38 46 36 10 1 29 6 9 39 46 14 36 12 23 40 9 36 35 10 7 21 39 18 14 49 41 21 14 42 17 41 3 0 7 18 36 22 
8 5 40 40 31 34 4 46 16 19 27 50 48 30 46 16 25 14 41 50 28 22 11 11 9 43 17 23 5 11 29 44 38 18 1 32 46 20 27 37 35 23 48 31 14 21 0 16 12 21 
26 28 43 27 36 45 36 44 29 32 38 17 32 42 6 40 33 12 30 29 15 20 6 38 4 16 6 25 31 47 38 27 6 2 29 33 37 17 3 24 16 39 17 38 39 20 3 0 31 43 
41 31 10 37 33 7 6 23 5 24 21 39 12 13 33 45 12 12 30 13 24 3 17 10 7 14 26 3 18 49 34 13 25 32 41 16 28 41 23 46 23 11 32 44 33 35 4 26 0 35 
44 28 9 24 19 20 39 15 1 30 20 31 3 5 7 40 8 14 30 23 17 17 21 39 35 40 13 22 23 27 22 10 50 19 25 22 26 39 7 13 2 2 28 12 4 15 20 7 26 0 
4 0 25 21 25 4 19 27 8 20 40 29 7 17 43 24 8 10 31 35 30 36 15 19 8 17 21 15 40 10 36 20 20 7 46 19 3 2 35 47 50 49 15 6 49 29 7 35 10 4 
4 44 0 34 36 27 41 40 6 14 8 34 4 38 48 35 20 9 50 22 24 22 7 25 35 36 32 22 10 21 30 10 36 6 36 6 42 37 35 31 6 30 47 38 27 13 46 11 17 21 
30 20 7 0 14 36 33 47 19 49 50 46 20 30 36 35 49 49 49 2 43 44 34 24 20 16 45 26 20 48 23 40 21 5 39 42 10 3 22 20 4 9 23 38 35 35 36 50 11 4 
29 15 48 10 0 24 28 46 46 38 48 42 7 28 22 27 11 26 15 42 45 25 46 27 29 49 34 21 46 39 36 30 45 15 16 19 8 42 11 32 12 46 15 16 24 29 47 31 2 12 
25 9 22 9 17 0 30 34 38 20 11 40 7 50 7 3 18 47 43 13 3 19 19 15 34 30 50 10 30 4 50 3 4 20 35 15 27 9 37 49 37 36 21 23 1 42 6 46 8 14 
6 32 4 19 50 43 0 7 45 39 30 18 20 5 34 20 9 37 38 16 43 26 10 11 45 27 18 48 47 15 42 25 4 3 17 48 19 49 36 21 42 9 33 20 8 32 17 32 37 3 
43 5 18 31 16 38 46 0 21 10 42 33 45 10 30 47 5 14 18 39 37 2 10 2 18 24 34 44 40 4 13 10 37 11 44 22 37 7 23 37 29 2 48 39 44 38 47 49 3 23 
3 18 50 44 1 1 33 4 0 1 8 32 45 7 18 48 32 47 34 16 9 11 49 42 31 10 35 4 22 9 30 27 36 41 17 1 46 11 43 11 43 39 34 7 16 6 34 46 30 42 
12 42 13 33 45 13 5 26 19 0 34 17 47 12 45 21 31 46 4 40 18 2 21 4 24 24 20 27 42 27 25 26 39 25 31 47 38 14 4 47 5 47 20 42 10 44 46 28 39 36 
35 10 31 7 13 40 42 39 39 10 0 25 36 13 50 44 8 29 23 32 49 34 18 43 7 36 22 33 30 44 31 28 42 39 7 43 16 46 33 13 41 6 49 25 44 23 19 35 20 48 
3 16 24 47 40 3 17 17 24 22 42 0 7 12 46 9 33 33 48 6 8 29 12 46 11 41 44 35 43 50 35 17 37 13 32 42 16 4 46 49 4 26 50 23 11 22 35 44 4 17 
12 40 21 29 13 20 41 20 14 6 47 19 0 24 18 39 5 5 44 31 4 43 29 38 50 2 32 30 40 36 40 7 50 31 27 39 46 46 9 1 13 1 47 41 41 2 36 3 33 34 
7 18 41 14 50 24 33 2 22 27 32 41 1 0 35 25 49 47 38 47 30 44 9 46 44 19 4 47 39 48 48 17 30 48 7 29 23 17 37 31 4 6 44 25 33 19 23 1 13 17 
42 6 48 6 3 40 48 22 47 45 47 27 45 5 0 24 10 2 43 45 6 3 33 10 8 44 24 50 35 13 25 47 3 35 22 7 43 19 25 45 17 32 1 20 43 35 28 11 39 1 
23 18 30 7 7 15 9 46 41 13 30 41 13 10 23 0 49 45 42 23 49 32 42 28 49 28 24 2 14 18 24 16 13 11 35 40 8 17 47 28 8 48 47 29 12 15 27 19 42 48 
44 40 36 38 41 19 32 40 31 29 34 13 46 28 18 47 0 17 30 29 20 15 32 48 15 16 1 36 14 16 34 2 5 11 16 25 34 31 26 21 16 9 19 37 18 45 46 3 19 11 
16 49 48 41 23 33 12 43 22 23 41 34 19 24 48 28 29 0 2 30 4 35 16 42 10 14 11 47 46 30 20 21 49 17 3 50 35 5 15 39 33 13 41 10 3 31 32 40 46 39 
41 17 44 23 16 27 1 8 39 27 12 37 17 13 2 3 42 18 0 17 24 13 23 14 14 47 42 44 6 39 29 32 22 2 7 40 4 27 26 2 26 50 28 17 38 28 47 47 29 9 
50 39 15 24 22 27 18 3 31 27 24 34 45 19 10 46 41 36 10 0 24 48 27 17 17 41 24 35 7 26 37 1 45 15 48 39 41 18 48 30 31 22 1 47 50 28 43 5 9 7 
43 38 12 38 6 11 24 22 48 34 49 42 12 28 45 26 30 19 48 30 0 19 29 43 6 29 3 47 30 18 40 48 19 27 50 34 49 39 8 10 37 15 19 20 14 32 40 11 24 3 
24 48 25 8 29 39 15 45 6 9 3 14 45 5 9 37 30 16 12 45 46 0 37 23 9 11 15 50 9 29 25 40 43 23 28 45 42 23 11 48 12 19 5 34 49 7 24 21 15 11 
28 2 25 49 30 8 37 26 16 48 15 39 6 16 31 20 11 41 17 11 18 14 0 19 18 50 26 41 4 24 2 38 45 36 49 2 24 16 44 44 21 8 16 8 14 34 24 14 39 4 
29 47 33 4 5 43 14 34 7 50 5 17 34 3 15 11 20 3 7 15 8 5 18 0 48 47 3 3 7 6 35 26 13 3 50 45 6 5 41 31 7 38 40 10 44 40 4 25 14 43 
3 14 22 7 25 47 25 30 35 8 3 41 8 29 22 25 42 15 34 8 9 6 30 22 0 1 27 18 45 24 9 43 29 40 14 3 22 5 6 28 4 20 27 21 33 29 17 31 12 38 
20 48 40 41 7 35 47 34 50 7 48 29 30 6 27 15 24 1 44 26 50 20 37 37 31 0 38 33 36 47 44 35 47 7 8 5 11 4 38 34 30 7 38 6 49 30 26 41 21 44 
19 5 16 37 36 39 50 11 3 11 19 2 11 38 6 22 2 23 23 2 16 12 37 18 15 20 0 13 15 38 7 5 48 12 42 29 39 20 10 21 19 6 50 1 27 15 28 46 1 50 
28 29 4 18 20 28 7 19 48 23 17 27 35 23 47 6 22 40 20 9 18 3 42 2 4 46 16 0 12 11 4 37 24 12 16 11 29 2 31 42 14 22 21 23 37 4 43 21 28 5 
21 43 39 27 43 32 25 37 2 14 24 13 46 9 44 37 44 15 19 13 18 4 42 48 6 37 48 31 0 6 48 12 26 39 7 40 11 49 48 20 34 37 42 1 17 19 2 27 13 29 
1 11 29 2 16 37 17 2 41 21 6 35 44 32 4 3 49 24 39 19 34 39 46 46 36 26 27 4 25 0 30 5 10 35 3 5 38 33 24 24 21 23 10 9 27 14 49 43 11 47 
15 20 29 38 44 46 13 15 33 17 40 11 14 27 11 17 46 50 42 27 17 20 25 50 19 47 24 31 20 33 0 37 33 17 7 10 11 26 23 42 8 43 23 1 8 35 10 9 33 48 
11 18 49 2 34 31 46 45 29 19 47 22 32 46 1 30 7 44 7 18 50 41 24 9 35 34 45 20 18 16 10 0 39 42 33 9 15 38 32 33 27 15 16 48 4 45 36 11 27 50 
28 28 17 2 16 48 20 45 41 17 50 36 27 28 13 10 9 31 50 37 37 42 25 11 31 3 35 44 20 14 50 23 0 18 20 40 39 43 37 26 35 40 21 48 15 34 41 39 38 36 
44 37 5 11 40 14 36 3 6 22 13 14 27 25 27 18 27 19 7 39 25 17 23 5 16 48 16 45 11 28 40 15 48 0 8 27 28 45 12 29 7 4 36 38 15 14 21 14 46 21 
47 7 23 32 49 11 27 14 1 46 43 48 42 43 28 33 49 16 19 49 50 24 15 41 1 36 39 29 8 42 45 35 20 25 0 14 22 17 33 49 48 50 14 44 17 36 9 12 44 11 
33 16 5 45 48 22 24 42 33 32 14 23 49 7 10 1 8 28 18 30 6 16 16 18 22 50 36 31 49 5 42 24 46 19 26 0 27 41 40 23 4 41 31 35 1 36 25 1 8 35 
17 28 31 45 15 5 17 50 38 24 49 36 44 44 28 40 40 27 30 31 34 10 19 6 14 40 26 31 15 32 47 49 29 46 32 27 0 12 29 32 14 9 27 3 17 25 19 47 38 7 
12 47 48 22 28 2 7 10 25 32 25 29 37 35 6 27 50 7 48 12 2 29 11 46 17 22 7 8 3 32 46 43 39 25 4 36 49 0 28 2 45 26 18 37 48 7 35 23 42 47 
40 25 12 50 26 6 33 36 3 6 6 45 50 8 44 36 33 41 12 32 21 29 23 6 4 37 35 42 14 40 32 49 15 11 14 8 35 43 0 14 20 21 1 47 22 46 50 26 11 44 
13 24 45 12 11 27 11 2 7 47 40 21 42 23 13 25 7 30 39 44 37 2 40 27 43 11 20 33 1 10 4 11 25 49 1 16 37 38 5 0 34 3 6 28 47 25 49 30 29 34 
48 40 20 37 17 7 12 34 18 19 1 8 29 1 48 43 29 47 43 22 48 38 19 26 6 42 31 24 44 3 44 31 42 49 4 20 35 24 9 42 0 40 33 19 20 5 27 24 6 31 
4 46 2 37 7 37 11 21 45 32 25 27 38 41 16 25 20 16 30 48 28 9 5 39 2 32 16 20 50 22 29 18 26 44 40 8 42 44 35 13 43 0 50 40 43 34 16 2 42 4 
45 35 12 45 8 3 45 42 14 36 25 22 41 21 24 3 7 1 45 1 9 33 26 31 18 5 29 19 12 5 37 30 24 17 6 37 18 24 19 41 45 16 0 29 9 10 42 3 29 17 
40 27 15 8 42 46 12 9 31 28 3 25 27 30 9 50 46 49 25 16 37 35 34 33 5 6 43 5 17 21 26 3 50 3 23 29 22 23 32 21 45 28 38 0 47 16 16 19 37 20 
10 15 44 28 14 31 6 44 33 4 37 4 8 42 11 2 1 26 24 8 31 28 23 17 4 22 9 48 38 17 39 37 6 35 8 6 33 26 36 22 17 36 39 19 0 45 18 37 36 27 
45 16 41 45 30 40 33 42 27 24 43 22 8 6 17 16 1 48 23 35 5 20 26 40 3 41 46 39 5 23 37 35 23 21 43 1 49 42 27 45 26 15 6 2 44 0 50 10 30 23 
4 44 21 15 2 23 25 41 1 43 40 45 44 38 4 38 9 50 37 13 16 17 10 22 28 10 41 14 24 47 3 31 16 17 1 29 16 20 22 49 18 11 48 49 38 1 0 32 27 2 
14 36 1 23 17 8 37 35 50 37 42 33 12 17 5 41 9 29 28 38 26 22 39 28 39 45 5 20 11 35 28 28 14 12 10 11 2 8 49 9 14 45 17 34 30 16 7 0 44 43 
8 29 22 5 39 27 43 47 23 35 23 3 18 24 16 10 14 19 50 8 44 39 1 31 19 24 31 6 6 49 23 39 12 27 4 6 6 24 25 35 18 14 29 24 27 7 47 21 0 2 
24 16 48 7 37 49 20 29 42 37 16 47 37 42 25 12 35 42 41 21 10 4 41 44 15 40 31 11 28 4 13 28 11 4 32 33 26 32 26 29 35 27 14 38 10 39 31 22 4 0 
12 0 43 15 6 1 42 20 25 4 43 47 19 9 2 38 24 38 36 33 11 43 37 4 17 13 37 34 41 4 34 27 9 9 7 16 12 48 23 10 13 12 8 22 40 30 10 26 26 26 
14 23 0 3 49 12 12 25 40 49 44 14 9 30 22 21 17 38 11 3 36 27 26 15 27 21 50 35 15 14 38 3 12 9 15 41 11 24 11 48 45 41 23 49 29 46 5 32 37 2 
24 42 50 0 23 40 50 38 8 27 28 12 28 11 26 12 42 3 1 16 31 10 43 27 14 9 45 5 27 37 31 17 18 49 14 41 46 4 39 19 15 3 3 47 33 36 18 31 47 38 
38 44 5 16 0 6 43 31 15 36 15 46 45 11 22 46 12 44 29 47 35 17 38 14 32 1 29 7 47 45 28 41 15 8 40 49 38 12 2 43 22 11 31 18 25 24 21 43 32 1 
21 42 39 34 13 0 22 50 30 23 16 28 36 35 21 9 24 31 37 21 23 9 1 42 36 26 24 36 21 39 9 31 37 26 46 24 37 3 31 46 19 49 9 40 37 16 36 27 11 10 
2 43 34 22 9 43 0 21 50 3 9 39 36 30 41 14 36 41 11 39 48 22 21 1 42 3 25 1 11 6 21 40 48 26 12 38 17 47 16 17 4 3 37 50 23 8 33 20 18 26 
2 25 26 38 13 38 31 0 42 43 19 35 42 11 45 33 19 42 11 19 4 48 39 26 44 36 46 36 22 29 35 20 5 33 35 4 46 15 10 13 24 7 25 5 47 33 12 43 43 18 
5 16 23 1 15 29 14 50 0 32 2 18 3 10 14 9 50 30 10 26 41 38 5 32 48 45 48 23 35 30 12 25 3 43 5 25 19 48 5 19 7 41 47 33 8 46 22 47 11 46 
47 4 2 17 2 30 50 35 25 0 7 17 6 29 20 21 27 15 10 6 40 40 2 26 41 20 50 41 22 24 3 24 2 13 39 33 9 23 37 42 25 25 35 23 48 3 1 13 27 13 
31 31 13 41 22 6 46 28 12 48 0 3 39 29 11 22 34 16 44 41 37 13 5 29 19 32 16 6 30 28 39 19 38 15 10 43 23 11 11 41 33 38 31 12 40 39 36 46 24 1 
15 37 8 22 41 50 27 3 44 10 6 0 50 16 1 24 29 15 25 20 19 50 23 6 3 8 50 33 43 39 30 46 20 33 29 14 2 12 16 25 10 16 21 17 1 35 33 22 30 38 
12 24 11 27 5 2 42 32 5 15 42 18 0 34 14 15 14 37 17 37 38 22 17 50 1 10 3 30 6 5 18 25 28 3 6 28 6 36 44 29 28 22 21 8 2 34 42 32 7 3 
38 49 16 36 43 16 45 25 11 17 3 22 36 0 27 37 40 14 16 29 36 9 29 43 39 10 17 2 10 49 18 19 21 23 4 17 19 9 43 11 40 33 32 26 27 27 6 36 44 21 
12 20 27 4 21 45 10 7 28 26 26 15 36 27 0 43 49 32 50 33 11 18 31 22 6 39 4 27 4 16 13 4 32 8 39 37 49 42 18 2 10 8 13 32 17 35 26 48 6 33 
29 45 7 3 34 4 32 48 22 15 18 18 7 41 15 0 23 45 7 48 41 44 7 14 48 24 3 5 50 6 21 14 6 22 21 38 18 47 29 25 35 6 2 21 3 35 43 1 23 18 
45 40 20 50 16 39 22 32 10 30 31 49 32 43 1 2 0 12 46 37 4 47 26 17 32 13 35 43 37 11 14 31 3 33 32 11 32 44 6 7 32 16 37 38 49 44 36 24 10 20 
2 23 47 15 20 22 20 23 38 38 31 47 36 21 47 49 29 0 17 1 32 20 8 6 40 5 38 10 38 19 38 28 12 34 17 10 41 35 38 14 11 42 9 6 19 26 36 31 16 42 
50 16 20 23 29 1 44 17 7 10 33 12 32 5 50 11 19 13 0 20 12 6 14 42 4 41 40 12 3 38 14 20 7 45 47 19 23 8 39 6 16 16 25 29 28 32 50 11 4 7 
9 8 23 12 4 37 36 25 17 33 39 39 42 30 43 41 26 17 36 0 37 28 3 30 8 4 47 32 36 14 23 41 30 9 47 29 7 48 46 41 11 33 49 42 7 17 27 25 46 36 
38 6 33 25 17 29 7 28 16 9 8 5 1 11 45 42 10 31 46 1 0 36 44 31 27 26 5 29 11 24 41 27 22 36 1 27 17 9 5 43 18 23 30 33 37 33 6 33 39 48 
15 8 47 30 45 1 45 26 7 50 12 1 46 4 25 33 37 20 50 35 28 0 34 6 39 29 29 6 12 44 44 21 23 41 14 10 34 30 43 42 1 33 41 2 5 31 17 28 27 8 
5 47 37 33 5 20 31 2 8 1 17 45 33 33 13 30 40 10 32 44 41 3 0 44 28 50 2 37 32 1 9 12 1 30 4 39 48 34 41 37 44 30 32 23 42 25 6 50 9 40 
26 42 7 46 33 17 3 4 9 33 3 34 49 2 50 40 17 16 30 44 16 46 49 0 24 39 15 10 31 2 3 44 3 28 43 25 17 5 5 47 37 37 44 26 8 34 11 31 31 23 
2 9 41 20 16 24 31 43 34 8 19 8 23 2 6 39 50 6 6 27 33 36 12 19 0 43 8 22 20 41 40 28 34 29 8 50 45 4 33 13 19 45 25 22 47 28 30 15 43 21 
20 34 5 25 4 40 17 48 23 28 8 2 11 2 44 30 36 29 15 2 12 36 18 43 37 0 33 9 15 15 42 14 44 30 50 22 6 24 9 26 19 34 47 31 6 6 18 34 23 28 
17 43 1 50 41 9 35 17 12 39 21 32 2 34 32 15 15 23 12 31 38 7 27 4 47 19 0 15 5 13 38 20 50 37 37 48 49 13 44 39 41 38 40 12 21 6 37 32 14 50 
41 41 45 23 42 40 11 17 48 4 23 45 30 5 25 19 22 45 15 36 33 2 21 34 21 44 49 0 46 7 48 10 37 1 5 22 48 26 27 45 48 38 33 16 41 17 47 8 36 38 
3 35 43 17 29 18 40 21 11 3 49 42 15 11 50 44 36 44 25 33 28 43 45 1 18 49 1 37 0 30 18 24 36 14 9 4 14 18 21 23 38 33 27 15 25 47 6 23 22 16 
47 32 3 33 3 11 10 41 42 50 30 17 4 41 44 29 13 29 7 7 36 27 15 22 38 1 1 28 20 0 4 13 26 29 21 34 36 22 4 11 49 45 24 26 22 43 22 29 37 22 
47 35 28 17 16 31 21 17 32 46 2 10 32 21 39 37 5 38 34 8 8 8 9 18 9 12 12 1 44 29 0 17 22 15 7 23 19 35 10 13 40 13 19 40 8 9 39 14 4 37 
35 39 34 46 29 14 40 26 11 9 5 19 20 23 4 30 30 46 26 48 20 3 45 25 44 45 40 18 1 9 21 0 49 9 15 10 40 33 27 36 43 34 43 25 2 9 22 44 46 36 
29 29 43 39 6 17 32 45 9 2 34 25 22 25 2 39 6 10 6 14 15 47 4 10 33 14 28 28 44 16 23 2 0 44 33 23 30 28 11 4 48 28 46 25 26 2 19 13 18 23 
13 4 12 38 33 22 33 26 33 6 42 40 5 1 43 29 33 32 40 3 22 11 46 7 9 36 20 22 28 8 14 2 10 0 5 31 13 11 14 11 11 40 5 45 5 13 8 24 45 33 
47 20 38 24 16 2 3 8 6 30 47 3 11 48 25 43 41 31 50 20 30 18 19 21 29 13 18 16 41 45 1 13 25 40 0 32 39 27 28 45 4 29 5 6 35 14 9 30 7 20 
13 22 28 24 25 3 29 2 18 46 3 34 37 18 12 30 35 28 21 17 37 16 13 37 47 42 25 13 35 7 20 34 12 47 29 0 23 24 39 50 38 3 37 10 33 42 21 42 38 44 
6 30 32 9 40 34 47 9 41 28 34 28 17 18 11 26 19 22 41 39 40 6 46 28 34 15 50 7 31 45 26 50 38 19 29 28 0 39 26 23 13 32 14 33 12 17 10 37 20 49 
7 24 50 2 49 5 50 34 4 25 25 34 41 29 47 3 35 41 48 39 34 38 44 49 28 8 26 23 35 12 24 29 31 8 24 22 27 0 48 39 14 29 44 35 1 48 30 41 35 37 
10 33 20 39 31 15 20 30 1 24 42 29 27 49 42 2 47 3 33 5 26 26 37 2 34 10 40 3 43 2 49 17 41 37 26 30 5 41 0 50 43 4 42 26 25 48 36 3 45 44 
50 1 27 9 31 12 34 46 18 5 21 26 18 38 50 26 25 38 41 24 13 48 7 3 40 1 34 50 13 5 49 8 45 10 44 1 22 9 11 0 26 43 34 37 36 29 18 37 4 27 
49 23 48 12 22 31 3 45 24 19 30 28 34 34 14 6 14 31 9 45 49 5 17 28 16 31 29 11 21 25 22 15 30 23 14 32 2 46 23 29 0 41 7 48 40 32 48 10 50 23 
30 16 38 28 10 29 44 7 20 47 42 3 42 24 50 48 16 48 11 20 33 5 18 8 31 4 43 8 27 47 18 22 29 39 41 9 35 37 21 45 21 0 25 32 50 32 27 50 33 48 
43 16 1 49 30 41 26 48 30 48 7 36 37 30 24 30 20 24 4 33 42 13 29 28 16 50 8 23 19 26 5 4 11 10 35 31 18 23 49 48 16 11 0 5 40 14 10 34 45 9 
21 12 3 47 1 7 30 38 23 34 31 33 3 30 5 44 3 26 28 45 43 12 48 25 6 18 31 9 40 14 7 17 13 15 48 15 2 8 11 3 6 44 45 0 40 19 15 13 31 1 
46 12 34 7 1 16 9 15 29 41 33 27 21 48 9 27 15 21 38 32 40 43 46 16 26 40 50 17 8 6 41 5 50 9 44 3 24 10 13 50 40 50 23 17 0 28 27 36 46 36 
14 5 45 25 49 11 4 17 18 32 11 16 42 8 23 1 29 27 13 5 7 4 5 8 39 43 41 20 29 39 49 4 5 31 45 2 47 30 1 48 41 37 6 29 2 0 35 48 43 1 
17 49 50 23 42 30 10 1 38 37 6 20 35 38 30 33 8 12 11 13 22 4 50 26 15 14 21 49 26 6 4 46 48 20 13 41 49 32 13 2 35 1 10 43 46 28 0 7 49 26 
47 45 24 37 30 29 13 50 25 9 28 10 12 26 32 33 11 23 15 26 40 34 26 49 10 28 21 45 7 31 37 8 22 23 29 12 31 10 19 41 50 41 25 23 35 43 24 0 26 28 
10 35 6 42 24 36 14 19 25 27 3 9 18 43 45 22 20 38 39 47 21 3 1 5 25 26 49 9 4 14 17 5 45 18 47 46 31 17 48 37 16 43 7 33 16 33 32 49 0 31 
2 16 5 36 30 8 8 35 2 18 48 38 5 16 11 11 49 14 1 46 49 42 4 40 2 31 29 47 19 39 42 45 1 29 3 49 12 19 16 10 40 12 29 50 1 50 12 27 46 0 
23 0 18 20 31 3 33 10 12 16 35 50 30 12 17 14 26 4 38 26 14 13 49 30 49 42 7 37 13 5 40 2 19 2 1 46 21 23 14 48 47 43 38 47 34 16 31 28 46 15 
24 48 0 13 36 13 34 24 39 22 40 47 46 48 8 26 33 31 28 11 21 44 4 40 40 30 22 25 2 46 33 11 29 42 48 31 43 40 33 39 18 22 33 2 24 2 1 46 30 22 
2 35 3 0 18 26 22 21 8 23 7 42 9 23 43 39 29 18 5 50 27 34 44 49 39 44 49 12 3 16 39 29 27 45 31 45 48 8 12 17 27 11 35 17 26 48 10 50 40 13 
45 34 47 46 0 4 38 8 37 14 24 27 11 18 42 35 29 16 14 42 48 41 22 7 38 24 16 49 28 23 42 35 50 22 40 21 6 32 31 42 43 38 12 44 38 40 16 44 43 33 
48 32 46 8 43 0 23 24 27 9 22 39 40 31 15 23 40 27 40 29 21 29 47 35 22 50 11 30 28 19 49 8 23 6 45 25 10 39 43 30 18 48 29 23 9 4 4 7 47 22 
49 14 27 15 23 4 0 1 48 24 9 32 43 47 9 11 15 16 34 36 41 13 2 35 11 11 24 1 25 26 19 46 5 34 6 21 35 32 8 34 42 24 13 15 34 48 26 2 21 12 
45 38 20 21 7 10 47 0 29 17 4 49 4 27 22 6 13 28 10 41 38 26 33 8 1 45 17 50 37 1 13 36 23 31 13 31 31 26 34 27 47 24 7 16 4 35 38 47 41 10 
21 21 16 11 34 36 12 30 0 20 26 40 10 11 28 5 19 27 23 15 41 25 37 44 33 44 14 20 18 5 16 7 20 9 27 30 42 20 12 48 27 20 1 7 9 37 37 14 29 11 
36 9 16 33 1 36 35 28 34 0 18 20 17 45 26 5 19 20 2 34 48 13 49 15 26 39 22 24 31 36 46 7 50 42 7 19 7 42 38 9 42 46 15 37 45 28 11 25 25 2 
40 18 36 30 31 49 38 45 40 45 0 29 12 4 43 38 11 20 26 38 8 48 27 32 43 43 2 49 12 21 49 28 47 49 29 47 29 22 21 11 9 32 13 3 44 31 31 43 23 49 
35 8 36 38 18 5 13 36 43 38 30 0 1 26 24 41 17 32 13 25 47 10 39 50 15 30 27 36 25 39 13 12 10 27 14 36 42 43 10 32 25 34 44 29 33 32 9 6 39 13 
28 49 18 18 26 40 46 8 21 9 41 19 0 39 47 31 26 20 24 13 38 50 24 23 32 50 13 16 10 17 34 21 21 47 12 11 15 45 42 1 24 41 34 23 1 41 6 46 47 49 
8 12 35 44 1 13 4 27 37 19 14 24 36 0 42 37 38 21 23 27 37 16 32 29 24 39 48 16 2 22 41 44 18 20 12 10 23 37 27 46 49 8 38 8 24 38 1 5 42 36 
14 21 34 19 11 33 26 34 12 6 4 48 2 6 0 47 25 46 5 25 33 15 2 44 27 28 29 29 24 6 37 38 43 24 17 9 21 11 50 9 29 34 39 25 22 43 2 6 33 12 
49 42 46 31 10 22 12 27 7 41 32 5 3 29 26 0 18 11 24 36 48 26 15 47 47 47 49 26 27 23 35 26 23 46 13 7 45 43 13 15 46 47 44 4 9 27 24 32 11 50 
4 32 29 21 36 36 34 45 50 35 11 46 35 5 23 15 0 10 10 40 22 31 26 49 10 41 1 33 12 39 20 23 18 15 28 19 3 48 3 11 27 24 1 43 29 4 50 12 39 31 
44 18 15 42 40 20 29 34 19 31 35 4 23 7 31 12 44 0 31 8 37 21 18 7 50 14 48 30 33 21 7 41 39 44 31 46 3 9 27 26 8 41 20 29 23 26 24 1 45 13 
17 10 19 5 3 11 27 11 16 28 42 40 46 14 13 40 47 10 0 42 11 29 4 18 6 50 46 1 39 35 24 41 48 36 21 5 47 23 34 42 21 20 42 43 49 34 18 46 7 17 
33 30 15 10 34 35 13 43 13 6 7 10 38 26 42 38 45 5 25 0 9 17 18 13 18 22 42 37 11 19 23 32 1 45 23 3 45 26 38 2 37 42 4 10 29 35 11 32 16 2 
11 40 14 21 48 50 16 18 47 38 43 48 3 25 41 24 7 15 16 24 0 48 12 7 3 39 18 13 8 34 34 12 11 21 10 8 34 18 31 48 23 37 27 30 1 10 39 40 30 19 
5 29 46 17 43 4 49 33 11 32 30 38 8 35 13 27 33 28 43 17 8 0 6 27 18 43 37 21 33 7 44 1 29 34 40 29 6 17 44 28 6 10 1 8 49 18 36 30 43 17 
25 28 12 47 14 12 50 3 28 24 7 34 17 26 18 32 2 5 19 6 8 11 0 39 50 38 8 7 49 28 50 8 8 28 16 33 16 40 32 20 28 30 4 39 21 22 23 43 25 40 
17 17 31 11 38 10 15 40 12 10 7 5 1 25 29 16 50 6 2 44 3 43 20 0 35 41 27 5 23 18 28 15 15 33 10 11 33 28 47 41 7 19 26 28 23 14 24 29 29 10 
6 23 18 42 32 37 25 48 47 21 11 5 43 22 34 45 42 23 41 14 46 39 3 15 0 45 26 27 16 48 21 17 48 27 13 13 6 48 24 1 23 37 36 31 26 30 2 27 5 44 
28 23 2 38 15 14 17 20 3 47 7 11 9 50 27 4 14 29 30 10 29 48 18 22 19 0 27 11 8 27 35 44 49 23 22 21 49 15 10 12 49 46 36 46 28 45 13 28 36 5 
23 17 24 47 45 16 31 5 31 20 38 4 9 43 18 4 8 38 38 30 28 39 4 18 31 14 0 43 2 41 28 6 50 25 4 5 19 20 2 28 7 41 44 35 41 24 46 37 44 28 
25 37 26 41 7 27 34 14 7 17 32 23 29 15 4 15 39 29 6 38 50 34 6 10 32 40 35 0 5 13 44 36 27 49 24 16 41 31 9 19 27 21 5 14 36 46 34 12 29 32 
27 35 17 32 6 29 42 31 16 10 17 43 30 1 13 31 6 24 5 50 13 34 31 11 29 17 45 21 0 21 15 48 28 6 23 37 10 19 45 44 46 25 11 15 50 2 35 42 4 1 
5 41 10 8 30 20 43 5 7 3 39 34 21 11 2 12 40 37 7 14 4 13 11 31 9 25 2 20 31 0 9 45 26 42 20 16 24 38 21 26 4 45 5 13 43 5 12 4 50 14 
38 13 48 35 40 48 43 31 29 49 6 18 24 24 48 8 14 43 2 46 28 24 20 12 4 20 49 50 18 27 0 48 22 3 6 44 47 48 41 2 22 24 44 10 22 21 37 22 31 16 
35 42 20 2 5 36 14 44 37 32 21 49 43 13 3 2 35 16 18 31 1 11 23 41 30 23 35 15 48 42 18 0 48 19 35 34 36 28 20 48 20 31 3 12 10 32 24 31 32 7 
20 36 22 5 1 15 24 20 29 22 33 2 49 46 45 15 23 31 9 29 18 24 15 18 48 50 48 50 13 10 7 42 0 3 8 28 6 46 44 18 20 10 16 50 48 16 19 32 7 17 
45 9 43 23 3 40 47 22 4 7 1 18 25 7 19 16 41 49 41 19 40 19 29 13 39 20 2 25 18 2 29 19 41 0 34 19 1 14 19 1 19 32 35 42 38 18 3 36 10 31 
33 25 21 41 39 27 27 31 31 35 34 38 22 4 3 28 33 27 41 39 18 2 22 49 23 37 6 27 42 46 37 35 42 45 0 35 27 9 28 2 8 42 21 34 35 17 31 10 31 40 
10 35 26 45 22 13 31 4 22 19 2 21 50 39 35 48 50 47 28 19 27 19 5 25 34 47 47 19 37 32 42 28 26 38 32 0 11 11 40 21 32 5 24 38 9 1 37 42 33 49 
38 18 35 32 12 14 41 31 2 11 26 16 13 17 41 28 25 46 13 7 24 38 10 27 46 15 3 32 47 25 48 5 15 20 50 14 0 8 46 15 24 42 31 10 30 46 17 42 7 47 
32 26 42 29 26 26 1 8 9 37 47 11 10 35 27 14 21 1 44 18 27 20 30 32 40 16 44 28 31 32 30 24 47 35 15 50 6 0 26 39 45 50 7 49 10 18 14 32 47 33 
16 25 16 48 40 21 12 47 11 40 11 32 23 28 28 7 24 15 25 20 28 8 45 13 50 18 21 22 21 14 26 34 47 46 15 7 14 27 0 7 15 4 4 46 36 29 13 28 29 22 
3 45 49 8 28 6 9 31 4 48 23 50 41 26 47 14 27 36 27 14 21 44 48 9 10 17 25 13 9 34 38 41 43 50 19 20 28 27 20 0 40 6 27 11 29 35 16 13 28 49 
22 2 27 1 16 2 9 48 41 48 11 31 47 22 20 11 32 8 42 8 28 37 1 17 37 8 45 33 19 24 45 4 47 14 37 33 11 40 27 49 0 10 23 37 29 9 10 10 5 42 
18 3 8 22 21 22 36 2 11 14 9 7 27 29 17 4 7 35 33 36 37 50 42 31 44 49 5 1 22 8 28 48 40 42 2 22 37 33 27 43 2 0 32 1 27 19 42 34 45 20 
25 2 26 27 20 5 18 11 28 28 23 17 35 30 3 36 11 17 35 27 46 18 25 8 41 34 6 50 16 13 2 15 11 32 48 7 3 22 21 38 34 11 0 10 5 5 26 17 2 48 
42 9 25 49 18 24 8 28 18 36 37 49 19 46 15 27 8 7 4 33 47 33 40 47 48 44 35 8 20 3 16 17 4 2 24 5 27 17 44 8 40 29 36 0 36 35 39 16 16 45 
29 48 20 14 20 2 9 19 29 2 25 40 1 9 15 21 20 45 17 22 11 50 41 14 47 44 18 48 5 13 9 28 20 14 41 6 47 3 35 1 16 36 49 15 0 19 19 39 21 21 
16 15 45 50 45 34 29 7 7 18 27 35 12 15 17 44 47 20 38 18 10 25 17 11 17 7 26 2 27 45 28 5 48 28 39 48 15 29 26 30 13 49 41 36 8 0 17 4 21 32 
22 23 49 2 4 11 42 49 34 33 39 9 28 31 12 40 23 37 35 26 20 29 19 45 9 6 11 34 32 3 1 3 5 20 5 22 30 3 44 17 48 50 31 46 37 21 0 35 19 29 
47 36 30 20 46 13 43 4 4 44 48 1 8 18 31 33 36 5 9 27 41 10 20 43 19 28 20 49 23 8 38 21 43 6 36 18 22 33 10 7 12 18 27 9 47 17 41 0 33 50 
13 2 16 27 43 39 37 16 37 2 18 44 45 32 46 7 28 8 2 33 14 12 4 46 2 15 23 34 12 47 2 38 38 50 10 7 22 45 50 18 49 3 35 32 43 14 17 37 0 31 
3 19 9 40 1 37 2 48 21 25 28 17 4 4 40 50 30 6 46 22 39 35 33 9 34 34 11 27 23 4 38 49 36 3 9 29 44 49 38 13 9 10 2 20 23 2 46 49 46 0 
