5
10
43 0 24 11 7 27 46 19 19 2 42 
11 22 0 10 3 34 40 19 31 24 26 
9 22 21 0 36 15 49 37 11 44 12 
43 29 12 15 0 15 33 48 22 17 24 
10 23 37 34 13 0 42 37 20 34 20 
29 43 2 32 23 22 0 3 25 42 29 
9 8 25 41 49 33 10 0 46 39 2 
42 47 15 50 16 36 35 37 0 24 24 
12 18 28 25 33 1 27 31 42 0 43 
30 23 31 39 16 2 49 47 35 31 0 
32 0 42 32 32 28 32 28 3 16 37 
37 16 0 2 19 17 42 31 1 8 49 
6 30 4 0 46 23 20 17 27 35 14 
38 39 2 44 0 42 21 37 46 47 1 
23 25 15 5 7 0 14 22 12 22 24 
22 48 39 37 25 3 0 38 36 10 9 
16 2 18 3 49 48 15 0 8 28 47 
6 36 5 7 27 31 15 49 0 39 9 
48 5 5 11 43 41 1 16 20 0 39 
33 1 37 38 36 21 8 13 6 9 0 
50 0 15 35 26 19 36 44 33 11 44 
38 39 0 47 1 11 11 48 7 11 9 
48 49 39 0 39 15 5 50 17 21 6 
24 3 44 30 0 10 34 21 30 43 7 
47 18 6 26 2 0 44 4 36 28 26 
24 1 3 48 12 1 0 27 47 11 15 
37 27 12 5 20 35 46 0 18 41 27 
41 18 15 4 12 30 44 13 0 38 22 
2 14 40 46 32 24 1 47 19 0 9 
8 25 19 29 21 20 7 1 6 17 0 
48 0 37 45 1 36 7 36 49 36 32 
8 14 0 9 40 13 23 38 17 24 47 
34 50 49 0 33 20 17 49 37 33 43 
24 43 7 21 0 24 15 20 39 11 26 
38 2 12 37 1 0 44 16 29 16 49 
33 41 28 9 34 48 0 38 13 32 19 
8 50 17 43 9 16 7 0 39 16 49 
3 50 6 48 10 32 39 13 0 32 26 
2 20 22 34 11 34 15 48 38 0 26 
27 7 8 42 19 38 36 19 29 36 0 
37 0 27 14 17 46 33 35 30 50 2 
10 26 0 32 6 18 38 28 34 33 25 
2 10 2 0 41 22 47 42 15 30 22 
47 21 34 46 0 39 25 7 5 38 28 
49 35 49 36 17 0 2 26 2 24 31 
11 2 36 4 35 28 0 26 24 46 50 
42 21 50 28 6 39 43 0 36 18 44 
31 24 46 6 26 17 11 16 0 24 21 
22 41 41 50 12 45 36 31 12 0 11 
50 34 9 38 37 29 35 21 31 29 0 
