6
20
11 0 4 8 47 31 18 13 24 23 48 21 14 22 14 34 13 30 41 5 37 
7 8 0 28 34 9 28 17 20 23 28 1 19 18 40 12 13 33 17 31 28 
13 6 3 0 24 44 34 8 17 27 17 28 45 33 43 24 3 26 24 38 4 
2 44 1 46 0 48 3 46 33 2 22 31 14 11 28 24 2 5 5 41 26 
21 50 43 7 1 0 6 37 26 16 10 37 9 29 28 27 20 6 8 26 42 
39 26 15 5 36 14 0 34 5 19 23 49 22 34 13 33 2 1 45 45 42 
16 21 17 43 36 22 35 0 34 2 5 46 48 29 49 38 46 35 38 21 37 
23 33 8 44 12 15 26 16 0 45 25 20 11 13 34 27 19 9 23 20 15 
29 1 4 15 27 2 44 36 26 0 38 17 13 25 9 20 34 14 23 32 21 
47 20 40 27 36 36 35 45 23 20 0 37 13 19 7 8 22 30 43 18 11 
22 40 41 8 9 7 37 5 14 43 6 0 37 42 49 18 10 11 27 30 41 
17 49 14 7 1 5 45 19 1 48 5 21 0 6 22 50 8 29 32 19 29 
50 31 32 30 15 1 21 21 40 49 12 3 14 0 27 44 24 27 34 7 4 
13 18 4 16 39 35 31 21 49 11 31 30 8 1 0 42 37 18 34 43 1 
34 24 29 3 37 2 7 29 28 27 31 45 26 16 16 0 32 27 16 41 30 
20 1 22 29 18 32 45 13 35 8 6 43 42 7 20 39 0 39 2 29 37 
28 2 43 23 30 36 4 43 35 10 10 3 43 13 31 34 3 0 1 35 5 
8 45 44 21 21 38 4 19 46 28 43 26 37 5 2 18 9 49 0 50 32 
28 2 28 26 48 4 50 30 26 37 37 39 17 24 30 34 9 22 3 0 42 
33 36 48 8 18 34 16 39 12 14 25 4 1 4 27 6 17 19 24 17 0 
39 0 25 43 9 42 4 10 13 26 18 10 37 47 8 50 43 5 21 8 14 
39 12 0 18 13 12 33 39 14 47 24 18 40 49 36 4 9 43 40 17 14 
25 4 13 0 44 4 39 8 44 4 35 2 47 12 10 29 27 7 30 47 10 
16 47 16 2 0 1 21 39 11 4 42 50 16 4 44 40 35 49 25 10 24 
25 45 10 13 23 0 22 28 39 8 28 3 14 43 8 49 28 39 12 43 34 
1 47 40 13 35 36 0 43 18 21 44 28 32 21 23 35 21 38 3 30 30 
43 50 4 27 40 37 23 0 47 46 12 47 38 33 26 24 29 6 47 28 37 
29 10 18 14 50 21 43 20 0 23 29 41 36 33 14 41 1 44 14 24 49 
13 47 23 10 48 41 50 45 50 0 7 15 41 26 43 1 33 32 40 28 19 
44 4 24 17 21 12 6 19 36 23 0 35 43 24 29 24 33 38 9 17 9 
22 49 21 17 14 1 11 40 13 8 20 0 4 36 5 6 10 23 7 39 37 
36 31 9 28 22 23 17 47 19 18 46 24 0 24 19 48 45 34 7 4 21 
1 16 6 28 4 32 7 19 24 15 10 32 21 0 31 24 41 40 44 46 41 
34 14 22 46 13 46 31 18 8 11 27 17 3 18 0 36 20 25 32 24 40 
16 48 23 5 9 15 4 43 45 7 6 41 12 13 38 0 38 44 11 16 8 
2 39 12 13 38 44 29 3 46 5 16 9 20 6 25 37 0 42 18 37 48 
43 38 24 1 6 37 5 40 31 49 26 15 16 16 39 28 37 0 10 17 15 
36 1 48 41 41 47 21 7 38 1 47 27 24 18 16 15 16 11 0 8 1 
40 39 22 48 29 2 43 4 17 48 1 32 1 23 12 42 40 34 11 0 9 
16 49 3 30 2 50 41 49 1 25 12 26 3 16 26 48 29 1 12 40 0 
5 0 18 40 41 1 15 27 2 6 24 26 33 1 50 35 41 37 43 46 30 
12 45 0 3 43 36 25 29 35 47 15 13 39 22 21 4 49 9 12 29 37 
23 40 43 0 28 50 30 25 4 32 35 11 37 6 33 29 11 15 47 5 27 
37 43 5 42 0 12 37 11 30 46 36 33 25 14 9 7 22 3 26 44 7 
50 26 4 13 5 0 27 33 39 43 44 35 12 8 3 1 31 35 1 16 13 
19 45 8 46 3 36 0 23 48 27 7 9 39 4 48 27 11 39 43 37 35 
5 23 38 2 2 21 17 0 11 8 26 38 2 10 32 38 5 19 9 11 19 
4 36 13 37 36 47 9 11 0 27 41 42 43 15 32 9 47 8 6 44 32 
19 12 40 1 19 7 29 23 10 0 22 42 31 33 18 32 19 11 2 17 6 
13 7 35 17 35 46 38 29 23 42 0 48 13 15 29 1 42 46 12 18 29 
18 37 1 6 49 11 11 47 50 40 36 0 7 40 39 19 12 28 23 17 24 
20 50 50 18 24 30 17 4 18 40 23 49 0 34 38 38 27 7 30 18 24 
36 41 29 34 7 41 23 26 11 39 15 23 46 0 45 10 18 37 33 32 20 
45 7 29 11 18 38 23 3 2 43 6 49 5 43 0 39 29 22 17 12 33 
8 41 44 30 26 50 3 40 29 20 40 24 48 49 29 0 29 13 19 17 20 
19 20 25 18 33 17 19 3 6 31 47 21 21 49 13 4 0 14 50 35 18 
35 34 25 32 3 32 1 7 14 10 17 3 1 43 15 38 17 0 26 47 10 
32 1 34 49 24 19 3 49 37 26 15 14 34 49 36 36 46 44 0 16 1 
16 12 39 46 14 45 21 29 35 25 38 39 3 26 36 35 50 27 9 0 34 
30 2 20 39 46 4 19 2 8 30 43 24 11 46 44 21 12 38 35 30 0 
49 0 25 15 12 38 26 11 9 14 1 36 19 35 32 22 14 42 1 1 11 
26 20 0 21 5 33 15 29 7 32 16 23 12 42 30 36 5 37 8 2 20 
43 10 38 0 7 44 24 39 30 25 31 29 11 38 25 4 30 4 11 30 24 
48 5 28 49 0 28 25 28 6 46 17 27 34 49 32 18 16 32 15 12 10 
27 50 33 2 37 0 13 25 18 26 6 2 27 29 29 23 39 33 39 29 19 
46 33 34 8 4 45 0 12 7 8 38 48 40 49 21 47 48 23 27 12 16 
1 11 31 40 16 50 6 0 21 9 30 33 43 36 43 14 45 17 25 48 43 
1 18 11 38 9 12 28 9 0 32 25 17 7 28 13 19 36 2 44 43 4 
40 42 48 29 5 6 4 7 7 0 3 32 48 29 20 16 33 50 43 32 4 
22 48 40 35 13 27 16 24 24 28 0 43 23 33 44 3 10 21 33 33 3 
9 22 2 29 44 19 28 8 47 36 36 0 10 12 39 33 43 2 14 16 29 
40 31 34 30 11 9 16 36 17 7 13 18 0 10 30 46 1 46 11 42 45 
49 9 27 38 42 33 12 44 12 11 8 7 17 0 5 13 28 38 22 19 35 
3 43 41 41 24 19 50 33 44 32 47 41 23 21 0 30 32 5 46 38 28 
48 23 25 7 50 6 1 6 17 18 13 24 43 7 43 0 7 18 37 15 24 
33 29 1 31 15 17 35 47 25 32 24 43 34 41 38 31 0 18 35 41 19 
18 45 17 26 19 23 49 16 29 24 14 19 32 15 45 19 22 0 45 42 33 
21 5 31 36 45 21 40 2 20 12 39 34 46 46 7 39 13 26 0 12 42 
19 19 18 2 18 6 12 20 47 20 9 24 43 8 48 13 14 31 31 0 48 
33 47 47 17 35 31 23 36 9 7 6 47 33 1 15 3 37 30 18 40 0 
10 0 21 6 50 4 16 41 38 49 44 25 32 45 15 9 22 22 2 17 37 
33 26 0 11 40 14 12 42 43 44 46 27 35 13 42 39 13 42 47 13 20 
40 35 37 0 16 32 24 3 19 42 43 31 35 14 32 7 34 10 16 37 42 
25 49 44 4 0 17 41 20 3 26 47 31 25 39 48 48 48 40 46 8 41 
10 23 1 2 15 0 42 21 32 36 6 3 26 11 22 45 42 42 33 49 42 
5 50 43 46 12 6 0 47 16 34 9 45 14 8 47 32 2 48 43 40 26 
20 38 18 21 44 6 15 0 18 3 7 7 7 48 17 36 11 30 6 40 9 
46 5 49 28 11 39 18 15 0 40 44 44 49 44 23 22 18 33 23 2 7 
42 29 14 28 2 38 17 42 11 0 22 22 43 4 31 31 15 40 40 10 5 
38 50 29 10 13 9 13 25 45 19 0 29 8 4 33 18 17 42 21 27 24 
23 27 4 19 22 2 46 14 43 8 29 0 43 13 48 20 42 1 4 15 43 
25 42 47 43 43 15 39 21 13 14 24 19 0 14 37 32 11 47 11 39 12 
14 50 33 38 41 37 46 7 13 27 17 38 6 0 34 49 32 31 12 26 8 
13 25 1 29 34 10 29 27 16 10 46 41 16 4 0 30 26 9 10 2 7 
20 33 9 37 48 36 13 31 38 1 31 35 35 32 50 0 40 49 5 4 31 
9 19 41 4 32 27 23 3 4 24 23 21 10 19 39 30 0 17 15 31 49 
47 48 39 16 30 11 6 35 5 41 27 5 6 21 49 1 42 0 6 5 22 
14 11 27 15 28 10 26 16 43 20 23 34 24 6 35 11 30 26 0 24 22 
22 38 49 14 47 19 16 39 21 38 38 12 10 10 35 37 21 25 38 0 21 
35 40 42 35 18 44 32 1 37 38 21 17 32 34 1 26 13 14 19 10 0 
44 0 37 46 6 32 12 24 15 21 48 40 6 39 3 37 32 47 14 47 4 
38 16 0 2 33 18 22 30 27 9 9 25 8 7 29 27 49 44 37 3 6 
20 17 30 0 40 49 16 29 29 48 19 30 49 18 15 23 29 35 13 38 10 
33 48 7 13 0 24 32 50 10 27 39 39 10 11 41 34 21 36 13 35 3 
44 1 30 40 30 0 26 41 42 6 48 14 32 49 43 24 22 11 18 16 17 
16 19 3 9 31 21 0 38 27 32 2 43 22 29 36 17 32 19 17 34 48 
42 8 5 29 26 7 11 0 18 18 13 11 19 48 18 37 26 49 21 9 9 
39 14 11 5 5 42 4 14 0 27 42 4 44 34 19 25 9 15 24 34 25 
10 21 10 19 42 25 25 11 50 0 41 34 49 8 25 10 29 48 50 24 34 
4 48 42 27 9 17 35 30 44 29 0 12 25 38 35 50 19 5 42 13 31 
18 43 14 36 8 6 37 10 9 47 11 0 15 1 1 21 12 29 33 10 26 
40 46 18 22 30 9 11 24 25 42 25 7 0 38 43 17 11 34 6 19 4 
31 26 21 47 18 48 25 38 15 38 40 22 32 0 37 42 23 26 43 7 50 
45 14 36 18 23 5 27 8 34 10 28 24 15 7 0 46 14 25 21 4 33 
35 24 9 37 3 3 25 1 1 44 36 42 50 20 10 0 17 40 4 25 14 
21 17 4 5 10 16 7 26 42 28 49 5 40 24 15 21 0 5 49 16 20 
30 27 7 41 25 37 24 46 47 29 24 21 47 40 12 18 21 0 5 27 37 
46 50 10 24 46 31 3 26 5 40 13 42 39 5 35 45 10 13 0 31 24 
42 12 29 13 4 28 9 50 12 47 50 50 22 29 24 30 17 34 45 0 44 
35 49 42 8 16 33 33 42 6 18 8 9 25 4 45 35 22 47 20 19 0 
