6
68
21 0 29 12 32 46 10 48 34 13 47 49 28 46 39 40 27 42 7 32 33 9 13 6 39 32 21 28 25 43 45 15 13 16 8 41 50 47 22 5 40 19 25 36 35 47 17 4 34 1 11 4 38 21 28 19 8 23 24 50 25 32 23 42 18 32 36 13 38 
49 41 0 30 20 3 43 15 35 28 21 42 15 18 45 25 33 41 27 42 39 39 33 27 24 22 31 8 46 34 18 3 11 5 16 36 11 31 35 36 29 14 35 30 3 32 36 7 38 49 10 27 6 45 24 49 16 15 7 48 23 36 19 2 11 18 32 11 2 
10 14 2 0 7 42 14 25 5 4 24 42 37 24 20 47 25 41 48 17 31 18 20 47 24 37 13 44 45 33 20 35 1 25 6 29 35 8 21 14 32 50 44 13 41 16 12 49 16 22 28 21 21 16 31 35 41 18 29 21 29 21 31 23 34 40 41 13 19 
42 12 17 21 0 35 35 32 24 7 7 9 26 14 29 23 5 49 15 36 45 21 39 18 30 50 35 11 19 22 29 2 25 50 31 24 11 11 1 36 31 49 11 34 12 20 46 16 43 8 18 35 25 6 18 48 3 45 38 21 50 25 13 3 28 6 34 27 34 
5 13 45 49 29 0 6 46 11 5 7 10 5 20 19 12 4 45 27 20 32 34 22 17 23 30 36 7 37 9 7 7 36 20 32 38 45 24 37 47 1 22 38 49 38 29 16 31 6 1 49 34 29 15 45 50 34 47 22 20 43 49 10 3 48 1 24 36 38 
31 18 31 8 31 20 0 10 47 23 29 45 15 6 2 36 10 24 28 22 25 32 5 48 3 17 4 2 13 36 1 38 5 31 44 25 34 19 26 49 46 35 4 11 19 27 5 38 48 24 43 24 23 3 11 6 27 20 28 42 27 19 48 12 23 41 41 34 13 
27 3 41 49 29 26 41 0 29 45 30 26 12 17 4 39 43 27 16 2 21 38 48 15 42 35 23 28 37 43 39 29 37 22 26 22 22 3 26 44 28 21 28 32 41 3 30 11 15 10 19 46 26 39 14 25 29 39 50 15 7 49 4 36 7 2 40 41 42 
33 17 41 2 22 25 50 11 0 16 24 39 5 12 13 28 24 43 4 48 8 1 43 34 3 11 37 30 17 42 26 40 13 39 20 33 44 29 45 4 15 14 15 14 15 11 10 46 36 27 13 14 49 42 33 41 40 33 38 41 35 46 34 19 41 35 27 17 43 
30 34 45 49 50 34 44 37 30 0 20 43 1 42 44 41 30 12 42 22 6 29 43 11 42 4 19 19 31 46 23 30 35 44 3 6 43 18 16 49 9 39 5 11 13 46 41 44 2 44 40 29 44 5 12 14 37 24 4 46 31 15 14 42 7 40 8 8 39 
38 48 12 47 43 14 17 25 33 48 0 47 13 26 18 38 6 45 36 30 33 40 20 20 15 21 19 44 26 13 5 24 38 33 5 15 46 29 32 2 42 45 40 5 26 8 33 5 48 27 36 12 5 28 26 50 19 29 48 27 25 20 42 12 28 25 9 31 22 
4 42 28 13 35 39 38 50 15 45 8 0 39 14 47 49 28 43 20 10 8 5 46 18 32 6 28 22 4 28 27 1 49 2 34 45 36 9 49 20 40 38 50 4 34 40 38 11 24 43 35 35 6 49 24 17 8 24 47 7 8 17 35 23 39 44 9 37 31 
3 14 19 45 50 21 20 5 42 34 42 19 0 17 49 11 43 43 45 50 29 17 37 12 13 42 12 23 4 28 16 40 32 2 31 22 30 17 41 7 29 5 13 16 41 5 39 42 19 25 31 46 50 10 9 14 16 2 6 3 38 48 17 28 27 44 11 17 36 
27 31 27 2 39 22 25 5 21 22 8 3 21 0 5 29 48 20 41 22 44 17 6 28 11 39 19 32 38 35 40 47 45 23 6 43 44 5 45 12 39 34 10 46 31 48 50 18 44 38 31 7 4 39 24 20 21 4 16 13 21 41 37 20 31 25 14 31 16 
13 35 44 26 30 34 10 7 11 48 13 40 2 38 0 1 5 34 44 7 49 36 22 41 39 32 41 48 48 41 15 7 35 19 2 32 4 38 32 24 5 15 13 11 6 3 24 20 3 37 16 48 32 7 32 30 42 44 5 44 39 36 12 17 46 42 29 21 50 
7 48 17 2 21 3 35 24 11 35 37 8 22 46 12 0 25 18 25 29 37 23 40 10 34 38 35 19 3 46 16 15 25 4 20 46 39 49 46 11 5 48 7 31 10 19 36 17 41 50 42 29 17 50 35 28 17 39 34 14 36 34 32 28 46 20 12 5 2 
1 23 26 22 14 24 40 16 10 1 15 3 19 29 3 4 0 37 49 25 19 43 29 1 16 33 26 21 16 29 36 40 7 31 15 40 28 17 8 3 26 45 12 8 39 19 12 18 6 30 24 9 22 37 36 10 22 23 11 40 39 4 24 37 25 11 8 22 4 
39 26 38 30 47 49 25 32 21 13 47 21 9 16 37 6 27 0 19 21 45 6 19 5 6 18 14 23 21 25 34 28 12 40 15 18 4 36 30 25 38 12 28 1 10 15 19 30 38 38 32 48 43 38 28 48 21 21 33 12 33 27 4 8 38 36 36 32 45 
49 34 20 48 44 33 33 29 18 46 42 50 34 35 34 43 36 35 0 24 12 17 48 33 4 18 42 12 9 21 14 24 29 37 36 40 5 13 1 50 5 45 20 3 26 42 12 50 42 21 15 2 2 12 20 28 2 1 16 30 3 22 25 9 5 22 13 13 49 
45 30 31 36 36 19 18 48 45 8 13 7 43 20 39 7 12 23 18 0 18 9 39 4 47 22 47 34 21 11 49 4 29 50 1 47 42 34 17 17 43 3 30 7 44 4 24 11 2 37 3 43 50 46 46 40 7 26 35 15 39 36 48 37 47 4 34 7 42 
24 48 23 46 7 25 15 29 33 10 44 49 37 32 34 9 6 4 34 5 0 12 41 16 49 3 28 8 6 43 11 40 20 17 19 29 40 30 48 44 21 31 12 25 16 42 17 2 4 14 29 41 1 1 3 31 33 32 24 43 29 18 10 36 22 21 25 32 19 
3 45 30 8 11 14 24 50 17 50 8 37 27 4 43 15 20 40 20 14 39 0 47 8 6 6 15 4 21 27 3 46 17 35 34 1 19 49 34 40 37 30 31 17 32 16 7 3 15 18 21 2 31 6 19 30 7 38 24 3 47 11 3 24 15 5 41 2 43 
3 25 16 37 50 33 35 8 30 26 40 49 12 39 4 6 1 15 12 17 5 44 0 31 26 31 44 27 27 8 3 28 26 6 11 12 44 5 16 31 23 34 22 28 12 34 5 35 22 49 18 14 40 29 36 39 9 44 41 7 7 6 8 1 28 49 15 44 2 
27 11 1 36 35 40 33 33 17 19 42 27 9 6 28 40 39 39 47 20 22 4 50 0 14 10 25 18 26 21 50 14 20 11 33 45 39 18 29 6 40 3 6 42 25 50 30 48 1 31 12 39 10 19 24 30 24 11 37 26 10 22 7 12 18 5 23 16 27 
12 40 23 11 33 7 17 17 13 26 15 30 27 18 46 10 11 4 2 38 3 22 28 31 0 3 46 19 46 45 25 20 28 15 22 40 42 40 29 28 12 7 14 12 36 23 47 34 5 12 3 7 1 22 29 24 40 12 43 8 38 39 21 22 38 6 38 16 5 
29 4 20 32 27 40 31 40 11 43 8 7 12 14 35 42 19 19 6 37 49 50 31 48 22 0 40 24 37 42 24 30 35 31 29 27 8 33 25 25 32 48 35 30 19 35 1 26 25 37 30 20 37 32 30 7 30 24 23 11 37 16 45 48 37 14 24 26 34 
38 27 10 44 45 25 39 14 20 12 14 21 15 49 50 12 4 43 3 2 22 47 35 10 15 38 0 16 4 37 44 5 12 26 42 37 10 21 26 43 8 41 43 10 12 10 40 23 18 45 36 33 21 21 25 12 41 43 50 30 8 9 36 27 27 8 2 46 23 
12 40 42 28 1 46 11 29 37 23 1 25 15 49 9 2 11 34 41 1 30 46 18 22 47 35 50 0 6 16 34 5 8 44 50 6 5 44 6 21 25 14 34 5 21 49 5 43 10 27 26 17 24 12 45 43 17 23 21 32 17 47 6 13 4 18 44 32 16 
44 5 8 5 14 17 38 47 42 48 23 42 42 40 30 41 18 32 47 49 7 39 33 24 24 5 29 8 0 21 2 3 6 24 28 16 22 18 12 10 46 7 47 25 26 48 40 25 7 27 23 36 37 47 33 10 5 23 35 32 10 38 31 27 41 45 17 19 15 
25 8 24 7 22 2 42 11 15 7 26 35 31 23 32 49 16 17 9 42 18 12 50 34 31 50 8 27 21 0 34 31 32 21 10 33 19 49 29 15 46 41 49 41 16 9 47 30 16 49 28 25 29 8 28 47 14 8 40 27 22 44 16 41 31 26 45 14 21 
41 13 50 37 2 14 1 20 21 35 26 34 21 43 28 43 9 3 24 44 13 20 12 10 3 43 2 26 9 10 0 40 14 33 9 26 37 29 39 27 45 27 28 43 24 15 43 2 1 38 48 22 24 22 21 9 21 2 41 35 10 12 26 11 12 45 12 1 12 
18 42 15 21 26 30 17 35 27 39 45 10 42 2 38 12 38 17 43 13 1 5 36 38 4 18 33 1 18 32 29 0 4 43 40 34 47 34 1 48 42 4 24 44 14 46 25 19 11 39 49 24 28 19 39 12 14 7 27 18 8 47 16 17 46 10 42 18 2 
18 42 29 38 19 1 10 27 11 22 42 30 50 23 13 19 8 2 35 5 29 20 40 7 34 40 46 38 8 48 4 5 0 8 17 43 47 21 36 10 18 29 35 3 35 36 38 9 24 4 48 39 9 7 14 24 48 2 22 4 29 6 22 20 13 19 37 23 33 
30 16 49 22 42 17 26 44 18 6 22 46 32 22 35 10 10 46 49 44 44 46 46 50 33 31 13 7 16 41 17 49 16 0 26 45 38 50 17 17 40 39 30 31 47 1 8 48 34 38 11 3 23 39 29 40 35 21 49 40 12 5 19 28 27 40 24 30 7 
28 47 10 44 30 9 6 14 15 49 50 25 33 30 20 6 38 45 10 38 37 10 17 1 27 5 36 20 2 5 8 27 29 42 0 6 41 1 10 43 30 24 26 21 23 50 16 30 25 50 23 39 46 14 43 21 19 31 9 17 26 24 36 13 11 42 23 47 42 
24 29 5 29 2 30 15 11 40 45 1 12 26 11 21 30 16 13 14 36 21 38 11 42 43 18 7 38 14 10 31 28 19 38 1 0 22 19 10 44 34 29 10 30 37 9 6 1 13 16 34 45 30 9 11 21 37 19 13 37 35 24 27 48 30 14 23 43 38 
10 49 11 6 19 30 8 12 8 24 34 37 17 45 23 30 16 1 19 8 17 15 4 6 24 10 11 3 12 1 23 36 13 13 3 17 0 23 40 12 30 4 10 30 45 29 1 18 30 5 18 15 14 5 36 22 46 46 6 33 9 20 6 50 8 2 49 25 5 
42 6 8 26 40 40 5 8 35 10 28 23 43 32 48 44 36 10 32 28 42 8 22 18 8 3 10 49 10 22 43 30 26 13 38 49 11 0 39 24 15 31 14 11 37 29 10 17 39 8 7 22 43 18 47 13 35 34 41 19 38 31 7 48 14 17 48 47 30 
44 49 34 48 36 17 47 28 47 36 39 48 36 21 41 3 50 1 12 30 1 4 15 21 21 37 34 25 16 48 20 31 13 38 46 9 24 25 0 7 1 50 35 38 49 2 22 2 10 16 45 14 17 36 18 29 40 35 14 28 50 34 23 12 50 16 9 35 49 
26 33 30 26 44 12 30 16 16 17 19 50 35 25 9 22 34 4 46 45 9 6 25 11 48 7 18 28 24 39 34 44 37 4 34 34 16 38 23 0 25 39 14 25 19 45 29 16 10 14 41 16 13 13 41 40 21 9 20 29 37 44 2 43 27 33 26 13 31 
41 26 6 47 31 22 7 46 32 7 16 19 42 9 14 33 24 21 31 46 15 14 26 46 10 37 31 37 21 48 36 19 16 35 19 39 35 20 33 41 0 35 45 40 2 4 10 45 35 39 11 4 13 45 17 17 28 1 11 37 44 41 20 25 34 21 47 4 7 
41 26 48 5 39 40 12 21 24 24 42 1 42 46 49 11 45 24 25 49 19 42 38 25 33 39 1 15 20 6 31 7 6 39 45 13 14 49 25 5 5 0 46 4 28 19 37 3 45 21 14 40 48 23 6 39 49 38 23 22 50 40 48 1 18 43 36 45 4 
1 36 48 46 49 20 44 23 38 11 7 47 37 6 44 7 17 33 35 1 50 46 26 41 28 26 16 8 46 36 35 34 43 49 45 36 16 45 50 3 12 16 0 12 28 17 26 13 35 4 44 2 10 1 44 4 5 11 7 19 24 5 36 27 3 26 24 4 38 
12 9 41 23 34 32 39 35 35 49 25 2 13 31 5 2 34 26 33 49 46 40 25 9 27 26 49 27 39 10 2 43 22 25 23 45 4 30 26 20 6 20 21 0 13 33 17 11 24 32 25 19 1 41 6 43 23 35 32 47 9 34 13 46 26 47 32 30 39 
8 11 49 5 50 13 43 27 19 13 27 10 15 25 45 14 42 2 3 17 33 1 11 22 34 18 37 43 24 46 16 1 38 23 16 22 27 14 1 28 13 16 4 22 0 6 38 45 10 18 32 34 46 30 14 7 8 50 27 22 33 27 1 3 24 48 26 22 42 
9 24 38 28 2 25 4 17 47 39 17 47 23 28 25 43 12 21 22 25 17 9 22 50 43 18 2 13 14 31 25 30 16 3 1 45 45 7 45 5 10 40 11 12 10 0 26 10 50 26 11 13 28 4 48 26 50 2 38 36 34 24 41 3 17 15 38 31 21 
27 30 49 5 27 17 15 27 48 11 41 17 8 2 38 3 19 47 26 19 28 1 43 7 21 11 32 20 38 45 47 23 45 40 23 46 13 8 2 38 33 49 2 42 48 19 0 27 22 4 50 48 18 12 13 43 26 38 42 35 16 35 46 40 4 14 18 23 18 
30 42 41 12 46 39 36 30 50 2 9 3 35 11 16 38 47 30 11 32 47 48 9 21 23 36 3 38 9 49 29 30 47 9 43 12 10 37 23 24 27 14 27 36 33 33 32 0 25 30 3 7 35 8 41 22 32 34 20 39 10 36 49 21 1 24 30 6 27 
19 4 29 11 7 37 5 34 21 23 39 41 5 29 8 7 42 44 22 6 38 11 29 40 48 13 38 29 44 26 13 4 27 6 6 26 25 47 28 21 36 38 12 11 32 49 6 8 0 41 14 10 30 8 1 40 9 26 40 13 45 50 27 40 45 11 35 15 50 
23 32 33 45 17 2 21 50 50 19 8 50 7 31 38 30 17 33 46 27 17 48 1 36 35 33 22 10 49 17 50 48 35 7 35 10 32 15 14 7 30 40 9 7 32 13 38 20 39 0 10 29 28 40 38 33 26 32 48 11 34 30 11 2 33 19 11 16 1 
46 29 49 2 20 39 47 27 39 44 4 22 46 3 21 39 39 23 8 47 24 10 29 34 5 31 28 20 39 26 39 22 48 38 24 11 12 27 9 1 41 7 37 38 45 39 38 27 41 13 0 45 47 3 19 27 36 1 16 48 40 12 28 38 13 6 32 25 8 
29 11 28 13 14 8 6 17 24 41 40 17 43 1 29 26 32 42 20 29 11 39 11 46 29 20 39 14 20 24 33 13 14 30 49 31 36 33 33 45 14 11 12 10 26 31 47 12 49 12 32 0 14 13 47 48 41 50 32 34 45 19 43 48 1 8 27 3 13 
3 49 41 50 10 25 15 1 27 1 20 48 23 28 15 8 42 20 1 18 33 8 31 5 49 39 26 21 13 11 2 50 29 35 9 1 22 33 5 38 32 48 14 50 12 36 22 42 29 41 10 39 0 27 36 30 45 18 36 1 21 49 45 38 17 49 21 20 39 
19 14 37 10 16 14 36 36 45 32 44 13 17 35 43 23 2 14 24 43 5 15 33 37 32 34 39 38 10 48 1 42 17 34 24 15 4 50 23 14 1 45 50 37 43 38 4 15 2 16 15 36 48 0 28 34 5 31 1 28 32 25 49 27 48 31 3 47 34 
12 29 19 3 41 11 42 11 15 47 44 44 30 25 36 44 33 16 44 39 1 20 34 4 22 42 39 3 19 2 6 41 42 21 4 24 48 12 45 37 36 24 40 35 7 35 2 1 13 33 15 16 9 8 0 34 43 45 15 31 50 22 40 43 13 42 4 3 10 
21 12 47 21 22 8 4 27 30 50 48 38 40 39 40 36 38 40 33 34 38 12 30 33 32 45 16 46 32 27 43 4 32 43 30 1 37 44 45 2 5 7 13 45 18 43 11 34 1 7 26 2 22 19 23 0 10 33 14 40 27 42 8 46 4 8 45 6 47 
10 39 49 44 46 31 30 31 49 36 16 39 34 33 45 25 1 42 32 14 21 20 19 23 5 18 10 47 12 9 38 23 38 14 24 13 9 33 6 41 40 42 11 48 49 1 43 10 14 21 3 16 13 43 27 40 0 20 26 39 29 22 33 20 40 48 43 2 20 
9 33 17 19 36 42 24 30 9 22 25 4 25 50 34 41 7 22 11 46 38 35 43 33 44 28 19 8 22 21 50 6 50 23 2 31 5 35 30 22 20 48 32 49 2 36 4 23 50 30 34 27 33 7 33 24 41 0 34 26 9 23 17 8 38 22 19 5 2 
48 4 36 23 42 40 26 41 4 44 31 9 24 47 8 43 38 23 24 44 41 28 40 21 10 22 49 4 40 44 27 34 32 3 25 47 44 12 35 44 31 43 21 48 4 17 35 27 9 16 1 49 46 11 12 21 14 16 0 13 20 41 23 2 10 17 48 28 22 
23 12 49 26 39 30 14 49 7 42 18 43 37 23 45 24 44 28 38 21 41 5 33 29 49 15 3 8 42 12 31 6 40 14 5 47 17 25 11 16 48 14 14 22 48 21 34 19 29 28 17 39 10 7 31 19 30 21 27 0 24 28 7 8 46 12 13 3 24 
18 49 7 19 17 23 24 28 41 11 31 28 32 35 30 14 45 42 46 33 33 36 18 47 48 38 39 42 7 19 11 36 19 10 1 30 22 49 22 38 34 4 28 19 40 50 42 43 27 44 1 20 17 20 42 33 32 11 21 30 0 34 33 22 23 50 46 10 23 
34 50 43 47 20 9 50 29 9 49 7 49 47 46 15 13 18 42 20 49 18 19 49 11 28 43 4 2 32 6 20 44 40 19 10 28 2 5 50 8 21 13 24 34 5 22 34 39 18 10 6 9 27 12 5 15 2 32 19 28 6 0 48 47 4 29 13 10 28 
37 38 11 13 42 12 28 5 45 15 6 7 10 16 34 23 50 11 18 29 14 45 26 20 36 22 3 23 17 21 5 43 13 6 3 31 49 43 17 16 34 1 20 37 27 13 19 40 15 25 4 19 46 32 14 42 12 42 28 20 10 6 0 39 25 11 14 45 4 
14 3 25 8 44 2 46 14 25 40 44 24 4 13 9 42 18 37 47 31 43 11 20 8 15 47 7 29 12 46 27 13 19 15 27 12 50 46 25 44 37 50 17 23 48 5 17 47 47 47 7 25 17 14 12 3 34 17 43 47 46 17 3 0 29 13 32 5 40 
37 48 42 23 12 4 45 43 44 48 11 11 31 10 32 15 40 3 46 6 3 24 29 34 3 28 48 20 48 38 10 17 50 27 10 50 5 35 13 13 19 20 9 36 7 33 16 36 36 38 40 11 36 50 37 13 19 9 20 34 7 26 45 7 0 39 44 12 5 
50 33 10 5 40 33 37 34 16 44 27 21 12 12 34 10 48 49 31 50 40 48 31 47 16 30 7 43 26 3 48 14 21 12 36 3 29 36 22 3 14 4 48 26 32 49 22 46 42 35 9 40 13 12 15 3 2 14 40 11 27 44 9 13 46 0 14 50 1 
26 32 32 13 28 29 37 37 1 6 15 17 8 12 1 41 45 9 1 10 48 34 2 15 47 12 27 20 45 35 31 19 49 22 20 11 3 46 13 35 25 28 2 47 50 23 3 16 44 18 19 38 14 41 3 42 30 18 17 16 2 18 42 17 26 46 0 18 36 
42 41 38 49 47 16 35 20 32 6 16 24 9 12 27 28 16 43 5 9 19 28 31 36 30 47 34 8 36 36 21 4 5 18 24 3 31 21 42 48 7 34 11 25 2 43 8 41 42 15 1 33 42 10 17 14 10 3 19 50 33 28 35 47 35 13 19 0 42 
38 24 47 45 2 7 3 36 18 7 35 38 40 43 16 21 35 38 12 46 1 11 43 28 3 42 16 30 50 14 41 39 24 16 3 19 18 7 32 35 7 32 46 4 18 31 11 40 12 14 12 47 1 24 42 28 31 20 43 11 42 24 37 4 17 46 14 24 0 
41 0 48 4 29 7 28 39 19 15 40 11 22 31 27 18 36 3 44 38 1 25 26 38 49 15 21 43 34 45 43 38 22 18 38 50 14 11 34 40 23 35 23 14 42 9 21 30 15 6 1 2 23 9 14 50 16 10 5 15 37 35 6 25 22 2 39 5 44 
28 5 0 26 20 4 15 17 2 12 47 41 44 42 29 28 45 41 15 14 4 39 35 4 6 19 4 39 29 49 42 40 21 17 36 38 2 25 32 19 44 48 48 4 14 15 22 45 7 28 30 31 37 26 1 6 44 1 20 1 1 27 38 3 20 8 20 27 6 
41 27 20 0 9 47 21 7 41 31 41 42 48 10 32 2 19 11 3 46 17 31 45 2 5 32 19 17 10 45 34 7 45 45 39 17 2 11 22 41 6 44 15 13 10 29 3 42 46 37 35 9 5 25 11 26 47 25 15 28 28 4 48 47 48 35 48 4 21 
16 50 9 40 0 12 41 23 16 33 42 27 29 28 22 24 11 25 2 20 35 13 20 27 47 45 14 2 47 19 16 26 31 50 21 31 37 27 20 43 35 38 11 15 34 38 49 50 33 24 36 23 33 28 19 8 46 23 12 45 49 39 26 47 17 16 46 30 8 
41 37 35 6 10 0 36 47 3 6 44 9 46 14 20 23 34 43 44 4 31 13 35 15 15 25 44 47 13 15 48 18 42 20 43 42 38 2 18 24 43 23 6 40 30 4 50 35 20 4 14 24 23 43 49 45 7 22 21 31 16 39 35 38 9 26 17 27 22 
28 35 32 26 20 11 0 9 8 45 35 12 26 10 27 9 2 24 45 50 22 49 35 16 32 38 9 4 39 18 32 4 37 23 14 42 19 32 49 4 32 40 37 12 38 9 5 7 13 26 37 36 32 18 6 23 43 19 1 39 12 8 21 40 14 31 26 4 46 
35 41 20 25 42 18 32 0 12 24 29 23 33 3 42 13 32 47 23 19 18 42 50 50 31 10 43 25 20 48 49 7 34 2 11 28 36 17 11 40 50 24 11 20 41 29 6 9 16 8 9 17 9 7 36 4 36 41 39 16 50 44 12 15 25 23 39 32 42 
14 28 15 37 34 19 44 31 0 30 10 3 4 34 9 12 39 32 49 28 16 8 43 45 28 46 41 7 12 46 45 19 40 25 18 3 31 45 31 26 39 42 23 6 32 37 12 16 35 1 26 43 25 12 16 35 22 34 37 42 43 12 33 35 35 41 14 30 16 
7 32 45 1 24 40 25 35 37 0 13 42 34 25 23 12 20 2 45 28 9 34 32 48 9 40 33 27 10 38 21 41 23 32 50 29 20 32 42 2 23 42 50 35 21 45 8 19 40 22 15 34 47 36 21 33 25 35 36 12 41 13 16 47 16 22 19 2 25 
44 43 39 10 44 6 18 34 47 27 0 14 33 14 37 39 24 38 45 38 12 18 4 35 46 31 11 10 26 4 19 50 26 6 45 47 29 27 24 4 30 4 50 29 8 23 29 28 27 28 24 29 28 32 41 8 41 8 43 30 34 47 42 31 29 28 39 28 19 
41 10 47 15 41 9 9 19 26 28 24 0 3 33 33 49 30 41 22 45 15 38 7 22 35 44 21 34 12 19 50 31 34 2 9 37 19 27 14 37 24 33 39 15 31 19 28 1 14 44 1 38 6 44 13 32 34 38 13 21 21 25 47 50 26 47 40 1 25 
47 31 3 27 35 22 32 49 42 42 16 17 0 21 21 19 19 13 25 40 40 27 3 31 15 44 17 49 36 40 39 34 29 27 27 17 13 48 12 21 23 31 34 43 46 47 4 1 5 29 31 14 22 1 12 48 44 50 39 34 19 23 47 9 3 8 37 41 44 
4 6 21 1 5 18 9 44 11 35 18 40 17 0 45 7 9 26 12 29 16 29 23 13 10 28 3 50 35 25 40 38 11 14 7 1 24 11 13 18 33 4 4 34 16 21 45 2 29 40 50 28 47 8 26 16 31 43 12 24 2 18 24 20 21 47 8 27 11 
45 34 49 13 45 46 12 26 40 48 39 34 2 22 0 46 25 13 42 3 39 41 20 31 49 40 17 16 30 34 14 19 14 19 41 34 7 2 15 2 13 14 40 42 46 24 40 50 46 29 45 8 5 5 38 20 25 3 1 24 29 30 33 42 26 29 25 16 11 
38 39 24 48 41 41 25 2 28 36 26 50 17 21 1 0 39 6 14 10 31 22 10 4 1 42 24 33 31 49 17 17 49 25 39 8 41 22 10 15 14 14 19 47 17 25 24 12 10 33 3 20 15 16 35 40 29 35 23 7 17 9 45 3 12 19 28 25 29 
13 11 18 46 50 46 18 3 13 38 27 18 13 23 49 46 0 47 3 33 41 49 30 6 49 4 48 6 19 16 36 49 48 50 34 48 22 35 24 16 21 18 38 17 48 47 39 5 37 46 8 16 17 45 35 30 34 6 19 43 2 40 49 38 27 40 30 19 30 
25 27 11 23 37 13 23 12 13 8 3 15 44 20 23 9 21 0 32 3 15 4 15 17 17 32 14 31 19 50 40 9 17 21 25 12 20 47 43 30 33 12 18 21 48 17 29 9 20 26 29 7 8 28 4 26 10 11 45 42 24 32 4 12 24 50 36 45 19 
9 4 13 28 2 20 3 37 45 20 1 3 5 12 44 22 34 2 0 40 17 50 2 10 2 2 6 2 9 6 48 49 31 35 41 12 23 17 29 6 8 2 39 16 42 45 39 20 21 11 41 40 48 46 28 19 7 45 11 27 46 19 45 32 47 21 20 19 15 
50 22 5 6 46 33 16 11 36 18 7 13 37 32 48 15 8 1 35 0 7 22 6 28 7 2 10 40 7 8 19 21 26 20 5 21 40 37 35 3 14 13 9 21 27 4 15 9 38 47 17 40 21 35 13 43 45 44 49 4 36 44 9 4 17 48 32 43 33 
11 9 28 24 49 22 44 14 35 1 3 38 1 2 11 41 30 1 41 8 0 12 27 46 39 31 17 21 5 6 5 30 23 22 27 28 38 39 16 23 14 19 30 11 43 47 17 35 42 49 13 37 48 42 35 21 34 14 40 43 32 2 40 9 31 22 30 16 24 
25 23 2 15 29 28 40 33 17 3 43 14 32 29 6 43 18 32 32 37 7 0 44 25 50 23 41 12 30 22 30 22 17 2 11 17 27 11 23 19 14 46 38 17 11 48 29 50 23 34 16 14 40 49 29 18 32 48 3 42 38 16 11 12 37 32 26 13 22 
13 30 33 45 13 18 42 19 27 14 3 44 42 40 46 6 17 32 19 23 44 36 0 29 8 32 32 49 36 27 31 30 22 17 29 10 4 33 19 28 32 38 49 5 35 1 48 47 26 15 6 20 1 8 41 28 28 2 25 14 32 19 6 43 47 34 31 28 13 
30 43 23 49 5 38 35 46 31 45 8 34 35 23 21 21 11 30 15 27 1 33 3 0 8 6 46 13 32 6 9 1 21 21 34 47 23 33 22 47 21 6 33 47 8 18 30 47 47 36 22 36 5 16 2 12 48 40 15 44 9 25 4 40 23 44 38 14 2 
27 49 38 40 34 45 22 19 37 45 41 26 50 17 47 34 23 47 5 19 22 50 33 18 0 29 38 46 2 44 24 14 31 16 46 20 38 34 46 21 22 31 44 11 45 25 18 10 9 8 6 1 48 33 45 30 28 16 21 12 46 49 20 26 13 32 10 10 4 
47 10 1 27 26 33 39 29 39 39 44 11 29 37 45 39 24 17 48 22 16 43 23 14 35 0 26 24 11 19 49 14 15 8 6 12 48 6 24 23 1 7 2 39 28 27 1 18 13 25 38 40 16 13 39 38 5 37 37 43 50 9 28 11 41 25 29 3 23 
25 47 33 50 45 47 15 15 4 45 38 34 8 12 36 32 9 49 3 20 18 8 12 20 32 23 0 42 29 42 49 3 49 49 46 38 28 5 40 21 16 24 24 2 42 49 9 43 48 43 30 32 27 27 34 5 18 36 14 18 22 6 37 24 5 43 40 36 13 
24 9 27 19 28 38 46 45 7 20 21 23 31 44 37 12 18 27 22 15 41 21 43 41 23 50 11 0 38 50 47 50 10 24 30 24 34 3 13 49 40 39 11 12 17 44 46 42 12 1 12 38 17 18 22 23 4 16 37 47 29 28 9 45 10 20 11 50 1 
21 3 10 5 28 33 26 31 9 26 48 28 8 49 37 38 10 34 43 3 8 20 19 17 16 21 12 31 0 16 2 47 33 46 42 41 49 2 33 39 35 46 43 46 40 40 20 21 29 22 7 50 37 19 48 44 1 34 44 39 8 21 46 15 7 29 15 32 17 
8 39 37 28 45 8 7 16 25 29 27 47 50 34 9 9 3 11 15 48 49 41 15 9 44 32 15 50 28 0 39 12 25 39 5 21 34 21 23 42 11 41 28 26 6 17 43 8 38 38 7 5 19 50 34 19 18 25 28 34 14 44 7 39 37 18 3 8 46 
14 26 38 30 20 4 7 21 15 9 42 1 24 28 13 21 34 43 26 5 37 4 10 43 40 28 18 35 40 40 0 39 15 36 13 24 13 19 26 50 46 27 48 3 16 37 33 40 17 45 18 4 25 27 4 9 10 16 45 41 42 37 23 31 26 21 27 16 12 
4 1 2 8 44 30 28 39 1 44 7 7 38 1 40 22 36 14 38 32 4 15 47 25 36 8 10 4 17 27 46 0 10 18 29 14 44 16 46 32 48 26 20 9 23 38 35 4 36 33 10 41 7 40 35 9 40 4 28 23 36 21 24 23 25 49 48 39 10 
38 47 7 41 33 41 6 34 6 25 37 1 4 24 22 8 37 40 21 34 20 25 41 39 23 46 27 2 48 35 24 41 0 46 45 49 37 3 50 24 49 29 25 34 30 42 22 33 47 3 15 38 10 27 6 40 14 7 19 18 38 14 5 36 21 1 46 6 10 
26 35 5 37 16 22 6 46 41 11 47 2 13 30 50 34 48 15 14 40 5 35 31 35 33 37 35 24 39 14 29 46 17 0 23 22 19 10 1 44 5 1 45 23 46 22 17 25 35 5 3 24 37 32 16 6 41 4 20 4 30 38 32 7 27 33 1 35 41 
9 32 24 47 21 9 40 11 13 36 14 17 12 1 20 37 41 43 15 1 18 32 15 41 47 15 18 20 39 47 14 21 32 35 0 26 24 30 27 16 23 27 46 29 19 7 38 18 37 13 21 37 40 37 35 24 27 17 34 50 7 42 21 23 16 23 44 36 28 
25 46 7 14 27 42 25 23 4 46 35 10 48 31 7 18 10 24 34 48 12 50 7 47 28 10 32 6 24 13 47 13 2 40 13 0 17 14 23 14 46 10 1 24 22 50 40 9 11 14 5 6 50 10 39 17 26 39 11 37 18 10 19 50 41 50 22 9 8 
19 41 5 38 10 38 38 11 27 36 47 38 1 21 43 19 7 48 4 14 24 37 29 3 37 46 37 42 2 33 23 29 32 2 43 24 0 50 19 40 22 2 7 50 4 14 49 18 39 26 31 35 3 18 46 35 32 13 3 2 15 2 46 9 44 14 19 7 49 
29 20 20 39 8 32 13 18 38 25 39 38 29 48 16 22 49 20 11 36 18 11 12 48 18 25 20 6 48 6 40 45 43 19 10 7 11 0 47 45 37 34 18 44 38 14 15 37 5 31 37 46 44 9 21 32 19 9 23 21 34 13 7 20 33 36 44 46 10 
38 10 12 2 26 25 3 1 17 24 34 4 39 16 26 11 10 47 37 22 37 42 49 39 26 12 24 27 48 12 3 21 19 27 17 22 26 44 0 18 35 19 32 2 35 40 18 45 47 32 9 23 39 8 24 24 47 11 23 27 15 1 27 3 6 22 14 35 13 
49 5 35 16 29 3 4 6 40 14 49 8 17 28 45 40 39 14 14 46 4 20 11 3 18 4 34 43 30 47 13 27 34 33 49 28 24 7 11 0 5 21 19 8 48 24 19 48 24 32 13 17 9 50 40 10 29 45 33 49 25 19 11 26 43 2 23 25 35 
30 17 16 32 3 9 25 35 13 13 29 49 7 11 11 17 30 5 27 45 23 20 34 42 9 36 37 10 43 15 47 2 44 13 45 15 48 36 6 42 0 15 25 17 32 4 50 19 8 50 9 13 47 47 31 12 10 34 25 24 18 22 15 43 48 17 28 5 45 
17 47 20 45 49 35 30 49 3 3 39 9 18 29 11 34 3 50 5 14 1 35 32 23 13 39 21 1 33 20 15 26 45 25 42 4 40 19 49 13 2 0 14 8 31 36 15 50 43 5 9 46 18 24 42 44 33 16 47 33 10 15 29 17 34 38 13 15 44 
38 7 45 34 1 43 13 38 27 1 37 48 39 28 47 25 25 48 3 4 31 9 39 43 37 39 49 23 48 24 44 24 50 6 5 48 14 12 17 32 30 7 0 6 15 10 35 21 37 33 43 10 40 11 12 14 30 18 2 48 13 45 41 41 3 8 14 48 34 
24 49 11 13 32 22 25 25 3 24 34 3 18 12 40 5 15 4 13 39 43 26 31 13 15 4 37 39 16 3 8 46 37 38 14 35 33 47 8 40 37 39 27 0 45 19 46 45 33 1 36 39 4 2 10 41 48 19 48 49 29 35 36 9 1 17 38 17 30 
49 5 23 19 46 23 2 5 49 37 44 20 9 5 39 31 15 4 45 28 48 16 17 35 49 30 6 2 30 27 28 32 30 16 34 47 13 21 8 29 8 36 50 32 0 5 29 20 30 48 29 36 13 43 39 32 34 38 39 20 17 18 1 25 23 9 13 41 44 
21 43 18 45 47 16 21 12 16 35 31 20 10 26 5 2 41 16 39 41 34 1 9 25 1 42 12 7 12 27 24 43 39 27 10 6 11 41 17 27 19 20 18 4 9 0 50 7 43 46 24 32 44 24 1 10 21 34 44 45 5 5 14 1 40 12 38 31 34 
17 50 41 50 50 12 22 14 33 5 16 1 36 19 12 39 45 31 19 39 17 39 22 18 47 12 23 6 20 29 43 21 20 24 27 47 33 33 44 12 29 46 39 30 28 44 0 20 36 3 13 46 31 19 43 17 28 29 23 4 38 40 16 45 5 13 46 32 13 
43 15 6 13 37 8 10 21 1 43 40 4 43 37 4 7 33 12 2 27 7 49 18 10 29 7 22 14 2 35 17 33 12 8 43 38 8 33 44 12 33 46 28 37 34 50 46 0 3 13 38 22 2 44 5 6 45 47 46 34 31 36 47 20 16 26 8 42 35 
44 16 50 1 18 41 45 12 21 32 27 30 12 20 1 14 14 16 40 8 3 49 41 12 50 14 27 36 27 12 11 27 8 11 10 47 39 22 34 4 11 44 24 16 20 5 20 17 0 46 6 3 11 18 35 33 46 26 39 1 5 14 9 36 10 22 1 22 1 
11 5 26 42 32 36 47 9 25 26 43 46 45 10 41 21 9 1 9 24 28 14 22 1 21 30 40 2 9 15 44 19 33 19 7 42 31 11 29 33 38 25 22 50 46 6 10 5 19 0 16 1 21 43 49 24 47 34 26 22 3 47 46 50 10 32 24 13 27 
4 50 41 48 22 26 36 3 42 22 5 16 20 36 34 44 15 24 27 35 45 10 8 5 40 27 36 43 26 12 18 22 43 34 1 19 25 3 50 17 13 22 5 12 22 7 33 11 12 7 0 46 9 48 29 32 44 42 36 9 46 40 44 28 31 4 33 23 37 
35 16 19 12 25 10 23 24 5 46 34 34 44 26 32 19 17 10 25 15 2 7 28 40 45 4 27 20 44 25 9 39 34 46 27 47 38 34 35 39 7 9 40 46 3 26 2 15 12 9 15 0 45 9 9 36 28 38 30 18 21 33 3 30 31 38 45 50 49 
49 36 31 33 26 37 9 44 18 32 37 20 2 12 8 35 11 15 31 26 11 49 9 9 17 14 6 4 29 10 8 8 27 4 17 27 29 33 19 23 1 42 10 7 43 49 19 22 45 46 20 24 0 14 24 38 50 27 23 16 12 31 5 16 9 24 29 44 49 
46 32 7 29 46 9 26 19 40 3 16 19 45 35 10 33 40 34 45 3 16 17 50 6 17 8 42 46 27 1 33 14 6 21 26 14 39 42 29 5 48 19 11 25 8 48 17 47 46 33 20 41 35 0 41 33 29 32 2 12 38 18 30 43 39 21 2 13 25 
9 46 45 49 6 40 6 47 6 26 49 19 41 45 1 44 32 43 30 15 38 47 32 38 30 42 38 18 27 23 5 6 35 42 38 50 39 22 35 46 36 37 24 7 3 43 47 23 30 49 7 29 23 49 0 38 12 15 7 19 15 2 38 21 34 22 43 35 50 
8 1 6 11 8 34 30 2 24 26 35 37 45 16 39 28 16 27 33 37 5 27 36 32 3 21 44 49 16 40 36 11 9 48 16 29 44 47 21 39 19 37 39 40 23 33 20 37 50 43 18 46 11 49 45 0 31 16 25 8 37 40 32 36 34 40 25 29 47 
1 10 35 20 6 44 18 19 38 47 10 21 1 8 49 24 23 41 50 11 4 35 14 20 39 35 50 38 2 5 50 49 5 24 37 40 8 48 40 17 31 27 44 20 15 38 36 33 33 12 12 50 25 18 44 16 0 47 16 32 22 45 31 17 34 48 12 17 28 
22 9 17 25 1 34 30 27 42 45 5 2 49 17 5 40 44 50 24 37 31 21 44 42 17 19 22 1 10 10 22 4 22 9 12 24 46 37 50 41 38 17 25 3 12 30 23 28 26 28 40 49 38 30 47 1 16 0 25 8 32 12 30 17 32 23 1 31 41 
6 32 45 7 1 33 49 14 47 42 30 37 47 45 26 33 21 24 17 42 12 11 9 21 29 18 30 9 1 43 30 12 50 33 23 45 33 33 49 5 32 34 5 24 45 21 36 18 5 34 12 49 35 40 29 46 23 24 0 29 33 4 40 13 4 12 19 38 14 
23 32 50 38 26 12 10 29 6 35 27 9 32 12 5 17 32 32 28 11 5 27 22 10 5 16 2 42 21 1 12 26 34 23 46 23 35 24 23 23 30 1 40 38 47 21 2 42 36 47 23 31 42 27 10 46 10 41 34 0 11 10 19 8 6 24 1 25 10 
16 32 33 8 9 5 32 4 38 34 13 35 15 10 6 25 29 32 35 7 13 1 14 45 41 13 14 11 43 35 15 47 46 42 26 4 15 15 22 38 46 6 9 27 28 49 46 50 13 34 27 42 17 18 48 16 19 39 18 47 0 42 21 11 3 19 17 39 23 
34 3 10 15 11 48 12 7 43 37 17 42 17 14 48 10 8 24 30 28 45 11 36 27 48 26 46 25 45 6 8 11 10 24 17 11 24 13 32 20 7 41 24 32 22 26 30 28 24 2 46 46 38 12 29 24 17 34 17 35 2 0 38 12 37 30 7 32 44 
48 38 36 46 42 11 21 4 37 4 5 23 46 19 2 44 11 12 24 49 45 43 44 41 46 47 18 20 29 37 3 16 44 37 31 37 16 50 4 27 41 25 37 14 29 45 40 34 36 19 27 18 33 34 49 5 44 46 50 46 43 2 0 26 1 1 40 29 9 
38 16 28 11 8 47 8 20 6 31 12 2 8 35 34 11 10 36 33 10 38 26 43 21 1 9 35 40 50 37 14 40 16 31 46 21 41 17 10 37 26 30 50 13 35 49 38 8 18 15 41 15 7 20 22 12 23 8 11 50 13 19 21 0 19 18 22 36 27 
39 14 20 44 27 47 34 9 27 31 37 2 22 27 22 36 47 49 34 47 10 35 49 34 7 11 24 8 9 31 46 13 14 12 19 5 46 47 39 11 36 13 36 42 21 9 29 37 47 36 22 20 39 39 18 5 15 36 37 17 24 27 50 46 0 36 24 39 10 
8 17 40 50 11 24 12 47 49 7 13 48 32 38 11 24 9 27 25 25 44 15 41 10 10 22 37 9 14 40 7 48 21 19 30 30 46 23 9 15 28 21 7 9 23 40 35 37 16 26 37 10 49 15 16 44 27 31 40 39 37 3 34 9 1 0 16 28 14 
8 31 29 37 18 10 47 24 8 33 37 21 38 1 44 38 4 48 49 6 3 37 3 15 33 21 29 26 38 48 8 8 12 21 29 35 47 50 42 39 19 43 36 45 45 20 1 36 9 46 6 3 17 22 12 22 28 15 5 47 32 21 37 11 25 30 0 9 17 
23 9 41 4 6 10 38 10 1 9 21 13 20 44 17 42 42 6 41 40 10 7 8 33 45 45 8 48 7 25 21 15 11 35 13 1 6 3 47 8 35 2 21 20 44 43 28 38 4 45 20 19 40 19 8 17 2 8 9 11 2 40 4 27 38 6 3 0 36 
31 17 36 40 9 34 6 9 36 38 39 3 18 21 44 12 5 3 26 42 27 47 50 48 44 36 6 45 48 45 33 38 40 42 8 38 9 31 10 6 14 49 31 14 19 6 43 32 47 42 22 35 31 11 9 35 17 39 46 24 28 12 11 42 5 2 13 27 0 
13 0 6 3 25 43 20 29 28 16 36 29 38 43 24 49 6 23 48 8 30 33 24 21 21 36 37 29 3 39 40 10 18 43 17 19 41 40 48 42 11 33 31 19 32 11 8 31 5 14 5 19 7 44 34 45 40 36 33 40 7 42 27 40 26 27 11 45 27 
5 8 0 17 25 7 47 47 2 5 40 11 28 7 24 40 34 22 3 24 10 23 29 6 7 9 36 20 7 42 43 6 50 13 4 50 6 39 44 1 48 37 43 36 46 22 12 1 18 38 7 5 24 37 36 5 27 3 10 16 21 28 41 11 12 35 11 15 3 
25 34 46 0 28 2 27 23 30 44 10 36 48 36 2 20 36 39 32 13 28 50 23 3 29 29 31 21 47 33 24 12 12 48 49 43 4 11 28 22 11 14 25 33 44 25 19 36 26 22 25 24 3 49 38 3 2 32 17 50 22 7 26 48 20 48 24 1 38 
9 17 25 12 0 11 3 15 25 41 10 5 10 45 45 26 8 1 10 14 10 46 42 22 45 28 50 5 38 28 14 46 1 19 49 17 6 1 13 43 46 24 29 12 22 13 40 28 12 1 40 19 39 11 41 43 18 45 31 34 11 49 27 47 27 15 4 41 47 
28 21 8 39 18 0 18 37 17 30 1 32 38 23 43 37 39 45 7 40 29 7 50 11 20 29 32 48 47 33 36 8 10 50 32 34 31 32 31 22 44 4 26 39 45 50 46 39 7 41 8 32 8 14 13 41 29 10 39 10 36 21 41 35 44 43 23 39 42 
9 7 7 15 36 47 0 26 31 11 17 21 34 44 42 7 25 4 50 46 37 41 5 21 44 21 36 23 13 42 45 2 28 7 48 48 34 2 18 23 17 38 10 19 43 19 26 43 30 35 11 41 43 27 3 1 4 36 14 44 50 25 13 40 17 16 43 28 47 
44 23 23 37 28 30 50 0 31 37 29 25 45 44 44 29 31 5 9 1 5 47 44 49 38 24 23 43 26 21 3 28 26 49 46 36 12 38 4 16 48 3 20 18 8 39 49 7 31 34 9 13 7 43 23 50 1 25 36 14 6 37 25 10 35 1 50 47 48 
8 17 44 1 44 4 2 27 0 27 41 49 25 17 12 42 13 41 21 34 26 47 36 38 2 41 10 11 29 10 33 7 40 3 9 24 18 15 12 14 39 22 24 24 34 38 39 40 26 33 48 45 31 17 21 2 22 29 42 10 34 44 23 18 44 34 10 22 8 
39 25 48 29 8 45 5 24 12 0 5 15 2 21 36 47 13 39 27 23 33 8 2 39 23 3 30 46 49 7 31 50 29 18 32 37 9 50 17 23 22 17 29 11 25 28 8 13 9 27 5 6 8 37 40 50 37 36 26 26 28 50 6 17 32 5 37 35 39 
49 38 14 22 5 1 17 30 42 14 0 46 45 18 37 22 2 25 43 42 28 33 1 23 25 41 46 23 11 12 29 21 41 23 24 10 40 42 34 4 36 24 21 46 23 30 31 10 13 34 16 7 13 45 7 7 49 15 39 32 9 29 6 19 14 44 5 23 44 
27 33 11 42 40 7 5 13 6 1 45 0 10 36 11 27 46 22 9 47 17 18 12 25 3 3 45 8 18 3 32 29 25 9 17 36 2 6 16 23 39 2 44 43 15 45 23 23 18 30 23 42 36 9 6 27 16 9 8 39 46 49 38 11 24 23 21 1 20 
25 26 41 6 36 8 15 24 20 11 9 31 0 22 40 39 30 41 43 17 4 41 21 43 48 27 28 41 15 34 20 43 24 22 4 44 4 32 36 50 2 42 3 46 49 50 9 24 10 49 31 33 30 5 48 30 5 33 43 29 9 18 50 40 50 19 35 9 19 
47 35 49 5 43 16 12 38 25 45 49 19 5 0 31 17 4 37 13 20 24 25 39 22 40 8 42 34 42 13 47 31 15 1 6 13 14 33 29 37 40 36 42 31 38 44 11 4 37 34 37 14 6 15 35 44 8 14 9 48 2 32 21 25 29 15 35 18 50 
19 3 22 9 27 31 39 33 9 34 46 47 39 47 0 8 27 34 25 50 16 12 5 1 24 31 36 8 16 17 2 24 10 43 5 19 32 15 5 29 35 47 12 50 31 14 2 14 35 13 49 46 40 35 3 38 14 2 49 28 42 23 23 16 7 10 37 4 34 
29 27 12 29 47 16 19 50 6 20 10 30 23 23 4 0 19 7 34 25 40 17 5 30 17 28 37 12 25 46 43 21 28 48 30 7 36 37 17 43 20 35 38 8 33 39 49 20 1 20 48 50 27 12 14 17 24 47 46 2 11 4 45 5 14 50 33 32 43 
17 18 33 41 41 6 6 29 48 48 28 29 17 12 5 48 0 43 45 16 34 14 33 40 42 16 33 16 41 34 45 34 6 17 28 34 2 16 10 36 6 9 38 27 50 18 23 44 43 40 8 22 5 17 49 29 35 29 42 25 9 41 16 46 4 15 23 13 40 
28 3 33 33 10 11 26 27 6 40 24 44 40 23 1 27 24 0 29 39 19 49 49 24 25 36 28 16 43 42 24 36 46 10 4 15 37 25 39 46 7 23 3 29 39 18 32 19 18 15 20 30 36 34 45 41 29 30 9 48 33 46 34 35 33 4 29 34 37 
9 15 2 35 34 33 46 47 21 35 7 4 9 48 28 22 44 1 0 13 15 13 36 7 17 42 13 12 40 19 47 35 40 49 33 10 1 19 46 2 1 49 45 9 45 2 45 24 48 6 13 39 4 17 19 24 23 8 35 44 21 22 7 29 24 50 18 5 27 
39 28 4 48 49 12 16 19 28 13 16 47 40 15 34 6 8 32 23 0 30 10 37 43 34 3 32 30 43 17 35 45 34 40 47 9 28 9 41 6 5 3 6 46 46 20 47 32 8 23 23 16 19 45 26 18 3 36 21 46 18 32 24 2 43 18 32 8 43 
6 7 47 18 26 19 28 4 41 48 14 7 50 23 20 45 19 27 40 15 0 30 7 43 39 46 38 24 30 4 4 29 39 39 39 2 17 26 49 43 27 48 14 12 39 8 40 18 10 5 8 24 41 43 44 13 50 15 9 23 39 46 49 1 38 20 25 18 12 
22 4 19 21 34 13 17 17 46 4 32 6 21 14 26 46 30 38 47 46 26 0 3 3 18 27 5 32 50 14 24 20 33 22 7 39 1 40 4 7 30 27 47 4 11 27 17 18 32 23 5 8 32 29 23 36 19 2 1 45 30 31 17 3 22 35 49 35 14 
26 25 7 27 31 17 19 30 49 42 41 10 37 1 27 9 17 38 4 50 22 20 0 50 40 9 28 50 11 45 33 26 28 33 4 6 49 48 31 2 13 4 7 21 10 10 35 43 31 40 45 6 48 46 35 43 7 25 18 19 3 17 9 35 16 16 13 28 33 
45 29 11 36 36 42 47 16 50 41 30 25 36 20 21 50 28 28 33 48 12 50 25 0 31 13 50 46 46 22 5 44 47 8 10 36 12 34 20 13 4 39 28 8 35 38 44 18 48 38 36 39 39 31 30 22 46 4 31 24 37 47 1 45 45 47 33 18 26 
34 10 17 8 16 30 10 35 43 40 43 19 32 48 9 37 16 6 17 28 39 40 8 3 0 47 27 8 38 33 13 38 5 27 42 15 28 19 31 23 2 21 37 4 14 38 5 5 49 43 9 30 41 17 40 38 44 2 15 12 40 22 22 2 31 3 38 42 40 
34 31 19 36 34 16 8 2 37 44 15 42 22 9 46 25 34 48 39 38 5 21 26 4 19 0 34 30 49 36 24 12 50 13 15 16 12 41 44 8 1 32 36 8 9 50 21 18 14 26 27 47 6 50 5 36 13 5 15 17 50 37 9 17 14 33 16 29 8 
43 35 35 40 40 38 6 19 13 18 5 48 17 16 23 9 27 7 1 9 30 3 7 26 28 9 0 15 24 20 45 26 35 43 10 21 42 42 8 16 13 50 17 50 38 10 19 34 21 37 8 37 26 15 21 29 40 28 9 13 31 23 33 50 19 42 20 6 7 
45 31 17 19 41 38 9 13 3 20 17 9 26 45 37 12 8 1 20 23 31 32 15 34 46 35 40 0 18 18 32 46 40 14 27 26 6 42 18 35 27 12 17 37 8 43 5 6 29 46 38 12 42 1 34 26 14 17 34 24 6 49 41 45 22 25 27 45 50 
19 32 21 40 16 43 11 15 45 8 41 41 30 12 23 31 20 4 40 31 1 12 39 8 45 29 29 22 0 22 15 33 17 10 7 10 14 17 22 26 8 23 12 20 10 44 33 27 38 18 15 2 21 37 15 49 7 43 13 46 37 14 39 44 30 25 24 32 23 
2 10 14 48 28 32 8 40 43 30 15 12 2 42 4 7 13 13 30 46 8 3 21 4 27 39 44 34 18 0 40 36 20 2 5 36 9 2 5 44 6 7 10 15 14 49 35 36 23 36 37 17 12 44 37 15 49 39 10 22 39 38 24 22 3 45 45 10 48 
7 45 6 9 19 25 39 49 39 7 6 43 4 22 49 31 24 24 27 16 41 38 20 42 33 5 18 34 39 12 0 20 4 25 38 17 41 32 8 43 19 48 17 10 33 4 29 35 17 25 41 30 21 19 44 8 19 26 14 27 15 8 5 11 28 38 2 18 16 
6 9 50 16 31 8 18 24 28 38 38 5 20 1 9 48 32 49 36 31 31 48 16 18 32 29 12 44 7 33 45 0 3 12 19 12 17 42 15 41 12 27 34 42 38 27 22 46 7 46 13 46 39 17 37 36 8 43 33 34 2 46 25 18 45 44 36 44 1 
40 43 7 18 9 24 5 48 6 29 42 10 34 5 48 44 38 7 36 25 34 4 25 10 31 39 16 2 16 48 45 41 0 29 45 18 4 7 28 30 44 32 38 3 15 42 25 19 42 27 25 7 37 1 19 17 37 18 47 38 21 9 3 33 9 35 1 32 39 
38 44 37 11 27 43 43 47 1 10 19 7 20 25 26 41 41 8 41 10 29 32 36 10 40 10 36 30 5 45 31 41 44 0 31 5 34 38 47 10 9 27 20 36 9 29 32 1 34 28 42 18 27 11 22 11 6 8 28 21 18 8 14 42 7 30 28 14 40 
21 43 4 44 49 33 34 9 47 28 31 8 9 2 2 13 27 5 31 22 21 49 26 11 26 43 1 14 29 29 29 2 19 12 0 14 36 39 24 29 28 38 3 10 30 47 14 9 6 12 29 31 26 47 42 19 22 17 43 19 6 32 21 31 18 49 30 40 48 
39 16 25 3 26 3 35 19 40 46 15 13 34 46 2 50 49 4 5 28 43 42 19 47 6 23 47 18 23 42 31 17 24 12 18 0 46 5 28 50 45 8 1 33 22 29 6 23 37 19 31 20 46 25 12 5 47 47 28 48 4 6 17 47 49 15 48 39 22 
28 6 45 21 5 11 21 42 10 48 19 50 1 11 49 42 22 36 43 12 8 22 50 28 31 47 39 41 5 34 7 31 18 1 9 14 0 37 49 42 15 42 13 37 50 10 48 4 46 18 5 27 30 6 27 15 7 7 18 41 8 22 30 37 26 41 38 33 50 
3 36 5 24 45 28 21 45 36 50 18 33 43 44 23 50 8 28 26 41 36 3 8 20 8 34 44 13 26 11 9 22 15 4 43 33 1 0 4 36 29 7 21 21 7 50 9 16 28 7 37 19 14 12 43 15 50 28 36 16 11 34 8 19 25 42 47 18 40 
1 41 50 5 43 48 34 16 32 1 21 50 19 16 7 39 43 46 11 23 39 44 5 16 38 25 45 49 2 47 16 4 41 26 27 17 38 14 0 21 15 9 49 19 28 15 16 43 18 2 30 33 47 36 46 1 8 36 35 17 19 4 35 14 36 36 18 10 44 
40 41 2 29 25 46 14 40 26 28 1 23 33 27 48 22 14 19 18 46 25 20 31 4 48 3 12 24 36 33 42 48 6 50 29 12 29 5 23 0 40 32 12 33 9 34 44 36 27 38 43 22 17 1 15 19 21 10 49 31 22 35 41 5 43 36 4 18 34 
49 36 44 10 47 28 15 14 37 23 20 4 17 35 37 43 12 25 47 42 31 9 2 30 24 1 6 41 7 41 23 30 27 3 28 2 49 13 21 24 0 1 6 34 38 30 28 6 1 4 12 32 12 7 27 4 41 35 14 37 47 23 24 7 47 50 40 28 14 
7 35 45 49 5 24 41 25 25 15 1 46 46 5 38 45 10 12 23 1 50 38 18 35 26 25 1 28 50 38 38 40 1 42 44 20 18 33 7 34 36 0 29 16 20 14 41 1 18 36 13 37 39 17 28 15 20 18 10 24 31 23 14 26 38 27 12 46 5 
12 18 27 27 5 40 15 21 23 48 22 36 24 34 42 37 1 50 23 24 27 24 2 8 10 27 11 23 4 29 44 3 45 47 6 19 36 11 34 27 13 44 0 48 20 39 38 7 40 22 39 37 28 39 23 28 39 17 20 18 29 30 42 18 44 5 19 42 27 
29 24 2 41 16 46 11 34 27 33 20 22 20 22 1 15 42 16 15 22 20 18 3 17 43 6 48 21 26 4 16 20 47 31 11 49 38 47 12 43 13 45 12 0 34 50 47 9 8 42 3 2 39 5 20 8 12 22 35 49 11 49 41 8 23 17 50 26 40 
11 3 28 46 5 22 10 25 6 19 17 47 47 40 30 24 2 28 16 27 23 50 27 3 48 2 45 23 38 39 18 1 21 20 48 39 26 6 35 33 11 34 6 4 0 19 3 14 9 11 35 22 40 34 49 18 11 26 25 48 3 28 38 38 17 2 17 26 28 
43 41 48 46 44 33 17 40 45 24 35 46 38 37 12 3 18 28 17 23 2 37 13 2 9 32 5 23 46 39 3 2 27 37 16 20 37 26 47 1 33 29 17 3 40 0 3 16 42 26 35 50 24 50 3 26 7 29 46 38 12 28 44 44 6 22 34 19 2 
21 42 17 43 32 16 41 24 20 11 12 6 17 14 48 12 40 29 2 24 11 10 42 41 38 35 24 39 35 12 31 7 34 14 22 35 19 8 43 35 13 2 37 18 35 32 0 46 15 47 33 17 43 32 46 41 11 1 26 5 47 43 2 40 9 31 6 23 3 
43 13 43 32 37 18 12 10 24 24 7 6 40 9 42 2 45 38 26 39 24 11 34 44 3 46 43 12 13 28 38 30 10 43 23 34 40 35 7 15 35 32 38 27 19 49 7 0 34 10 38 14 43 30 35 30 33 30 50 30 41 26 1 48 46 36 28 47 47 
37 9 12 11 32 11 5 43 23 7 26 4 39 9 2 25 14 46 50 25 14 40 5 41 6 16 40 34 35 43 42 41 3 11 48 2 26 4 11 20 31 37 10 23 25 26 3 17 0 49 23 32 41 29 22 34 47 4 22 5 17 22 21 9 31 16 35 2 29 
11 50 49 11 35 31 44 27 30 32 17 30 14 23 36 12 11 1 13 31 27 1 48 5 49 45 48 11 29 30 7 40 25 24 6 50 25 22 6 49 28 7 18 22 5 26 4 50 35 0 47 20 16 23 21 2 11 2 45 12 40 33 34 48 50 26 27 6 40 
17 36 38 40 45 14 3 21 34 26 50 24 42 49 26 32 11 42 18 4 22 46 48 31 11 17 16 45 9 18 47 29 20 14 33 50 10 31 21 9 18 32 27 27 45 38 49 35 8 16 0 40 34 9 2 19 21 38 8 30 29 49 8 12 17 30 22 4 29 
16 27 23 31 22 10 36 40 20 22 36 23 18 32 38 43 28 13 20 19 46 12 12 3 1 42 11 10 21 11 47 23 34 21 19 32 44 10 13 50 16 29 2 17 22 7 11 17 21 19 40 0 17 3 36 33 5 15 20 30 30 50 26 20 9 25 14 40 48 
14 6 50 19 1 21 3 18 10 46 32 45 32 44 40 2 22 31 20 49 38 15 17 25 30 33 50 40 9 43 42 8 18 13 3 16 20 21 16 33 33 16 45 20 39 36 49 6 37 19 38 44 0 44 42 11 50 40 26 39 19 21 14 9 18 4 24 27 19 
41 24 33 1 16 38 16 22 21 47 36 45 34 44 3 41 5 49 15 27 3 4 27 44 33 48 12 20 8 27 17 15 9 31 15 13 36 38 29 6 26 39 30 43 40 45 35 28 11 18 13 6 10 0 1 16 38 48 39 19 19 27 46 15 44 31 22 36 4 
29 40 6 18 20 9 1 15 25 34 5 38 14 34 10 40 15 11 6 9 16 28 16 47 20 10 30 30 25 37 12 18 9 31 50 21 13 45 36 1 50 2 14 15 35 31 5 43 37 25 29 20 17 27 0 39 1 25 9 49 11 30 21 41 39 23 37 29 33 
35 39 27 20 26 6 10 14 15 1 13 39 5 37 44 50 8 43 2 33 43 49 46 5 47 26 21 29 12 26 42 48 3 23 8 48 48 9 44 12 18 25 37 25 47 10 6 43 28 41 31 30 35 47 41 0 37 44 23 24 1 35 31 3 39 9 15 37 33 
30 46 2 50 49 41 15 18 12 22 9 38 21 29 2 21 45 13 13 6 32 22 4 26 36 44 27 38 22 48 16 32 24 23 14 32 40 32 32 45 33 23 26 23 15 37 31 6 30 33 44 47 2 31 1 8 0 42 27 14 5 14 28 46 14 7 27 14 48 
16 20 31 14 31 19 24 10 46 32 11 50 14 22 8 40 5 19 30 43 22 6 40 14 18 28 31 6 28 12 17 39 23 33 41 11 3 31 17 33 8 42 12 11 16 15 42 43 20 7 10 39 47 22 27 11 30 0 17 47 4 39 19 32 35 16 23 27 32 
32 48 37 24 2 47 36 30 44 30 48 3 37 39 36 21 3 29 42 2 7 30 31 36 34 14 45 40 10 28 45 44 38 10 11 23 20 36 37 50 37 47 17 1 20 44 18 50 33 12 32 38 31 26 26 2 17 2 0 41 39 3 46 21 16 35 4 15 27 
28 13 1 18 42 42 16 10 14 30 17 40 47 45 7 49 47 8 14 13 35 10 6 19 46 49 48 41 27 2 17 16 29 41 23 20 11 15 46 39 11 16 39 38 36 1 42 8 40 22 19 27 41 3 42 18 8 33 22 0 44 45 25 34 12 14 2 11 6 
23 37 38 32 12 26 2 20 22 19 34 45 7 40 1 5 33 40 25 26 50 5 13 28 43 3 44 36 32 27 24 34 40 36 36 3 35 38 16 16 2 23 47 39 50 27 37 5 25 30 29 24 27 36 7 18 24 10 40 9 0 32 16 38 45 45 50 6 22 
5 48 21 46 24 10 25 27 8 25 29 16 17 40 12 3 49 1 8 5 29 18 30 25 48 8 35 36 35 3 44 1 22 16 1 27 9 34 50 17 11 30 10 50 32 24 42 43 5 36 47 45 42 2 43 38 19 47 48 17 26 0 39 43 6 31 28 45 2 
40 35 44 15 1 41 44 50 8 31 43 25 16 43 32 50 7 50 10 20 23 13 9 13 36 34 42 23 38 5 19 4 29 40 3 20 42 32 45 1 8 44 30 39 4 24 2 34 7 43 50 32 19 25 29 27 27 32 30 18 50 22 0 12 4 12 40 46 26 
40 13 8 26 5 9 13 30 34 21 10 13 32 9 16 45 6 38 35 5 12 27 44 11 2 28 1 37 32 27 27 15 28 26 44 45 36 25 27 11 13 50 43 7 22 18 36 42 7 17 48 25 5 42 15 13 20 48 24 28 8 26 49 0 8 44 46 35 6 
15 21 10 32 11 25 42 13 34 37 39 35 42 10 31 16 29 2 10 37 12 32 26 38 1 49 3 37 1 36 13 27 34 30 28 36 8 17 14 30 1 3 29 33 10 39 37 49 46 34 29 42 36 48 45 33 45 23 31 13 23 5 12 49 0 24 12 2 13 
32 45 8 12 39 30 37 10 3 44 29 13 13 4 42 18 7 21 42 36 35 45 41 36 37 2 8 46 42 31 9 48 38 24 17 2 26 18 4 6 11 36 30 2 44 18 50 19 14 44 42 3 21 16 28 38 4 23 25 37 23 42 18 23 35 0 31 25 39 
38 41 43 40 18 36 25 50 16 40 42 19 2 40 33 48 39 6 28 23 47 30 48 3 44 18 34 20 18 7 17 14 44 12 31 24 1 3 36 35 41 29 23 14 32 6 35 34 9 20 35 30 3 3 43 9 43 41 46 50 3 6 32 9 24 28 0 26 41 
9 10 48 36 20 44 33 18 8 34 21 38 33 1 12 48 23 37 12 42 19 23 31 10 7 37 32 36 47 14 41 5 31 45 25 50 23 50 10 9 20 25 1 10 21 9 17 3 45 34 36 37 17 35 22 36 30 38 29 34 13 48 22 44 44 16 8 0 39 
26 12 26 24 28 3 22 45 22 22 40 49 20 29 42 14 29 5 39 46 23 40 21 35 21 27 47 23 4 8 17 5 1 29 28 33 9 13 10 14 13 28 14 8 49 31 15 34 6 9 16 39 28 12 17 37 42 41 3 2 7 49 42 14 5 36 48 41 0 
2 0 9 5 16 45 25 34 46 26 13 37 40 12 14 17 46 43 28 27 40 12 42 41 19 10 9 8 14 36 50 4 14 33 24 32 48 4 50 45 4 29 21 11 29 4 14 40 43 32 46 22 28 9 9 29 11 18 37 6 37 18 20 10 26 10 24 7 38 
32 20 0 42 43 33 24 12 42 31 13 15 47 19 15 32 40 29 26 5 25 45 21 30 17 44 8 36 9 12 36 20 30 7 3 11 13 5 29 45 36 48 38 31 6 22 10 19 3 38 20 47 35 20 33 43 12 41 25 49 26 38 3 30 45 43 35 41 17 
4 20 36 0 1 31 20 28 8 41 24 45 35 40 34 21 42 39 36 11 24 10 50 22 30 30 20 48 45 8 36 14 38 19 2 49 18 34 47 4 1 5 36 21 18 30 15 36 5 32 39 6 7 25 17 7 5 49 7 21 11 22 33 50 5 11 8 17 38 
35 4 8 43 0 33 11 20 24 30 5 50 16 35 43 14 20 31 7 14 3 45 45 20 27 26 43 29 23 36 16 8 23 49 48 20 29 31 14 25 14 48 34 25 44 8 6 27 29 20 31 25 4 45 14 44 41 34 32 17 40 33 48 39 14 48 27 18 37 
24 35 39 17 32 0 50 6 12 20 27 19 21 16 50 3 6 42 4 28 35 5 30 45 50 48 36 32 1 45 12 46 31 39 41 6 35 42 8 22 45 9 32 21 8 13 46 24 34 45 33 22 45 49 33 33 44 40 40 20 47 19 5 17 8 31 38 33 26 
44 19 15 34 32 33 0 26 24 9 38 38 2 12 49 6 13 40 2 33 6 8 13 45 2 39 26 27 4 15 13 28 25 14 48 40 27 18 39 13 17 7 9 36 3 3 19 35 21 50 5 19 29 6 27 18 32 24 13 46 7 7 23 9 46 11 13 38 15 
9 30 45 2 40 17 49 0 49 28 43 49 20 41 7 5 11 45 49 19 38 30 9 3 6 43 6 10 35 1 40 42 40 32 21 12 21 10 17 39 40 28 19 5 32 14 26 17 1 18 49 1 12 45 50 35 1 27 40 10 34 7 15 49 38 1 10 39 20 
45 34 1 29 11 29 10 11 0 4 22 42 17 40 10 17 2 39 30 46 32 37 12 45 20 7 5 34 14 21 17 31 5 38 47 6 35 48 23 2 17 40 24 47 5 49 44 45 47 48 47 50 21 14 8 34 33 40 32 22 6 45 47 41 37 41 37 30 44 
4 33 5 17 29 29 42 14 16 0 40 22 14 11 37 17 24 18 11 42 31 13 23 45 17 1 47 22 44 33 10 15 13 14 1 44 15 43 33 43 35 16 21 18 1 10 8 46 9 31 18 20 31 46 50 31 31 39 39 17 32 8 48 31 6 25 10 50 10 
44 2 32 36 18 7 15 43 6 44 0 7 43 2 14 14 15 41 35 18 15 21 13 27 4 17 11 28 18 40 13 26 1 9 36 15 29 37 34 13 39 35 39 26 45 32 24 31 44 35 16 15 41 42 36 40 32 25 28 19 7 29 47 4 44 19 6 35 16 
50 35 29 7 22 29 30 33 37 33 23 0 43 31 34 34 24 48 35 9 23 46 34 5 10 16 7 10 39 35 33 26 27 40 15 45 50 38 9 20 14 6 8 45 43 6 27 27 46 13 31 46 34 47 12 20 16 31 20 42 16 19 42 48 5 7 46 3 16 
39 34 37 40 16 46 18 39 40 12 5 39 0 30 15 27 5 37 42 30 29 45 30 20 19 17 5 45 15 10 40 36 10 24 11 7 29 45 7 19 2 44 32 27 20 15 3 36 5 15 44 18 15 17 25 21 10 15 18 23 11 2 4 29 50 26 46 16 20 
8 48 11 30 23 29 35 14 3 50 4 15 19 0 40 50 17 22 22 44 49 40 47 14 27 35 8 1 41 3 27 44 20 38 16 47 18 33 39 42 38 40 8 7 15 15 8 43 12 4 12 28 5 2 17 30 12 34 35 46 15 29 45 12 26 7 34 28 3 
43 33 34 34 30 6 9 33 40 50 12 28 16 39 0 37 41 50 40 18 21 37 36 34 49 43 28 10 46 47 31 9 32 31 40 19 22 29 44 26 47 8 48 22 35 23 18 50 40 8 21 27 18 16 8 17 8 49 35 41 3 46 14 37 9 41 31 48 27 
20 15 13 6 15 22 13 39 15 50 27 25 29 20 39 0 26 5 42 16 23 23 12 24 44 3 23 1 45 12 13 45 43 21 23 21 44 8 22 3 45 45 29 44 50 9 17 25 27 26 11 5 50 15 25 4 9 42 20 3 42 21 19 28 2 6 35 5 6 
50 45 18 33 39 22 29 45 19 25 35 37 49 25 20 1 0 8 45 28 47 19 12 3 39 20 12 24 27 1 42 45 25 12 19 27 31 43 23 11 43 46 10 40 17 35 16 43 47 49 27 44 11 7 8 37 38 43 30 14 28 49 3 44 27 31 11 25 30 
48 40 8 36 35 35 2 10 23 36 4 5 19 28 28 25 48 0 34 18 5 33 39 38 14 10 34 45 43 17 13 37 25 41 13 49 10 20 9 26 23 7 28 16 8 27 10 9 21 26 20 30 47 44 21 48 9 2 45 27 2 41 9 44 10 49 30 14 6 
30 18 5 40 9 45 49 5 24 31 38 1 25 24 18 47 34 41 0 31 20 16 40 8 25 32 25 33 48 35 7 9 47 46 3 42 8 15 40 38 49 23 43 36 22 8 27 27 17 42 47 26 9 49 44 41 40 10 31 8 35 13 1 21 17 22 41 5 22 
32 10 33 45 3 33 48 23 4 37 18 6 48 16 7 38 32 1 49 0 2 13 2 49 35 32 4 36 22 22 19 50 17 22 6 35 32 14 32 6 16 46 18 37 24 13 3 38 48 44 34 36 22 42 4 10 31 12 49 13 50 48 27 2 36 37 2 34 42 
31 25 24 50 45 34 6 45 16 25 22 30 17 39 28 39 33 29 25 19 0 47 5 21 16 19 7 19 20 17 2 37 12 19 46 17 20 10 36 27 9 48 15 15 37 27 34 34 9 49 13 3 8 27 16 46 26 5 9 31 39 15 37 29 15 39 11 11 21 
22 9 29 48 3 17 22 32 41 34 39 36 23 10 21 4 50 29 35 4 1 0 41 15 1 5 38 44 11 36 1 49 16 23 13 38 41 34 6 6 10 44 14 36 21 20 46 16 5 16 25 16 10 27 7 21 31 45 29 43 16 23 11 47 41 36 24 13 11 
23 31 20 45 24 25 11 37 6 44 32 10 22 40 46 12 35 39 40 17 43 7 0 46 6 13 40 38 34 18 46 36 47 33 6 33 36 5 22 36 2 47 34 26 1 47 33 45 34 16 35 6 48 34 47 18 16 35 15 32 35 38 27 20 10 9 35 28 16 
7 10 7 14 3 38 21 9 32 46 9 31 46 5 19 33 41 39 13 36 39 18 1 0 41 40 2 15 20 15 16 42 13 6 29 27 6 29 42 45 46 27 9 35 40 6 1 40 34 9 37 20 21 22 42 28 40 10 16 24 2 24 1 45 16 4 47 26 17 
28 13 5 49 44 18 10 30 33 12 36 40 13 32 11 28 46 22 41 15 1 38 47 13 0 18 44 23 26 15 19 36 9 26 23 6 46 33 21 27 5 32 49 7 48 31 35 39 43 40 18 21 33 7 12 16 40 17 43 32 1 46 34 16 15 27 28 14 41 
26 15 46 25 45 37 33 3 32 49 33 33 5 30 37 48 49 4 3 15 7 17 30 41 40 0 27 10 49 34 42 22 3 21 49 17 25 22 46 38 21 29 14 9 18 10 49 46 16 48 18 17 23 26 50 34 10 36 6 36 18 27 35 20 40 28 30 12 7 
13 12 26 3 16 33 36 44 8 12 31 42 32 45 1 16 26 49 28 22 16 8 39 17 11 21 0 44 45 44 20 41 31 37 40 3 36 43 14 8 43 14 40 2 25 25 44 37 33 34 4 15 30 2 41 41 6 23 9 43 46 39 42 50 39 21 1 5 42 
42 16 23 12 41 35 9 26 7 15 42 17 34 11 12 41 6 12 29 47 49 48 13 34 22 12 4 0 23 41 13 4 25 40 45 41 18 32 3 39 18 33 16 49 9 18 27 12 28 30 10 34 10 22 9 44 45 3 39 41 30 31 36 36 44 11 17 28 39 
21 44 9 3 23 12 15 34 49 5 17 46 50 27 43 31 30 44 4 32 2 46 15 43 13 10 37 47 0 30 6 48 1 50 24 8 37 1 32 38 11 44 11 47 49 23 46 30 5 44 6 15 17 14 46 38 25 29 17 40 14 25 18 4 44 7 17 46 27 
19 7 30 49 7 43 38 42 50 17 21 18 31 32 4 25 42 31 37 4 36 33 8 35 42 25 36 27 7 0 3 42 6 50 3 36 37 26 16 11 22 9 47 26 13 47 23 34 44 15 29 3 27 31 43 42 37 49 46 7 33 8 12 35 47 25 15 19 28 
46 17 50 26 21 16 45 39 8 46 38 20 41 43 12 29 1 16 26 7 12 50 39 30 10 28 14 48 13 29 0 38 32 5 6 48 48 29 28 6 15 49 3 29 4 8 38 42 16 50 6 46 10 40 12 17 46 29 20 17 43 2 48 27 29 8 6 16 36 
45 15 50 24 10 11 9 10 21 36 22 22 36 49 49 7 33 29 43 43 40 2 20 9 11 13 14 1 26 1 46 0 2 23 7 21 35 7 23 50 29 4 7 25 43 49 45 8 4 50 21 46 29 14 23 46 43 45 41 13 48 48 8 34 21 40 20 49 30 
29 14 1 11 30 15 40 33 27 27 11 16 6 11 2 6 5 17 39 1 11 28 40 16 10 3 31 46 24 5 4 29 0 46 28 26 36 21 36 50 49 34 14 17 19 30 47 42 38 6 29 16 23 31 49 19 1 24 35 2 28 35 44 10 23 24 33 21 28 
35 17 36 20 18 41 17 48 12 22 37 13 11 43 41 45 39 31 48 48 9 25 13 36 34 23 15 40 4 45 46 48 27 0 14 3 40 44 47 6 41 32 22 40 2 49 39 17 42 4 15 34 43 35 23 19 11 4 50 36 45 27 28 44 18 27 39 36 48 
41 1 2 43 25 8 16 38 36 11 38 46 6 24 37 40 11 3 13 5 45 43 36 44 11 11 15 5 28 22 26 10 3 20 0 1 3 14 42 18 28 8 32 25 44 12 41 39 3 41 5 8 25 26 32 3 48 16 8 32 14 44 11 10 14 35 28 43 37 
23 34 27 19 35 36 47 14 18 43 33 21 23 12 14 24 15 2 34 22 18 4 38 6 11 4 34 48 22 12 9 35 48 3 31 0 7 29 39 40 41 36 40 31 24 26 11 42 33 47 36 49 34 44 22 20 20 47 21 9 31 2 50 42 7 34 48 23 20 
31 8 46 27 12 44 37 28 23 15 31 50 13 2 1 37 13 25 41 27 34 12 11 8 31 10 39 36 49 24 40 28 39 23 2 40 0 41 23 23 1 35 42 47 32 41 9 19 1 49 6 45 9 8 46 37 20 47 39 47 3 5 1 30 50 25 3 11 40 
50 12 46 40 3 40 42 42 15 29 17 22 41 39 38 43 30 31 20 43 36 33 43 2 27 20 46 35 13 48 7 39 49 29 1 38 10 0 5 7 19 4 46 5 18 22 25 12 17 14 37 20 45 33 18 5 18 19 44 14 33 44 8 30 18 22 29 24 13 
39 50 34 26 25 2 40 41 28 26 31 2 9 30 22 26 28 13 6 31 25 33 20 16 41 24 25 47 16 38 47 44 2 50 28 14 4 45 0 20 32 29 14 41 44 14 12 25 14 37 5 40 9 24 44 39 6 30 18 35 2 28 44 26 41 30 37 1 10 
3 8 22 34 44 25 2 11 43 27 2 30 49 11 10 12 48 38 21 9 12 22 35 36 11 19 4 36 39 1 15 27 12 16 12 29 33 7 16 0 49 42 28 14 4 16 5 3 17 34 14 43 42 17 43 48 31 24 37 23 25 21 17 23 43 13 26 19 34 
49 31 30 42 22 22 17 34 9 31 20 6 17 38 3 25 8 23 11 19 18 32 6 47 34 41 29 26 6 21 42 41 37 19 18 3 35 2 20 45 0 26 15 22 43 17 18 9 34 15 48 35 41 15 50 16 18 26 33 8 32 44 42 29 39 40 30 19 48 
20 50 41 7 3 16 44 4 11 13 31 17 33 46 11 9 36 2 26 38 3 1 28 2 44 39 2 35 37 33 4 37 49 12 14 15 7 28 38 50 7 0 13 8 13 3 41 50 49 31 21 3 39 4 32 45 20 23 39 14 14 14 9 17 28 10 44 19 22 
32 47 2 8 14 26 31 41 43 15 50 3 40 4 4 17 30 16 33 17 17 44 42 19 15 25 37 48 47 31 3 10 23 28 17 35 19 46 25 29 1 5 0 28 8 40 11 24 10 6 1 48 45 11 2 5 38 5 33 44 40 40 34 44 13 13 41 31 12 
38 20 48 35 41 5 16 12 17 34 30 5 1 27 43 46 33 9 49 22 24 29 30 36 2 36 39 18 11 15 46 49 31 12 23 36 4 13 5 6 36 44 21 0 21 4 39 39 14 41 49 30 5 42 9 39 9 40 12 33 5 17 49 1 3 39 31 25 39 
4 7 43 21 4 43 36 30 8 10 33 14 47 26 27 13 36 42 8 22 24 14 47 42 30 50 40 38 43 19 33 24 15 1 10 35 7 9 1 49 24 9 2 31 0 30 20 8 41 22 39 17 47 24 3 16 41 11 1 41 5 4 49 38 40 27 9 49 47 
17 42 7 27 42 9 49 15 13 16 13 11 42 49 16 4 2 37 50 12 35 19 25 6 19 46 46 25 22 13 5 21 21 12 25 30 33 41 5 16 5 1 29 45 39 0 31 13 5 34 34 38 40 10 37 13 48 18 1 9 46 13 24 44 1 12 42 40 31 
24 36 22 12 32 35 8 34 41 31 18 38 34 41 42 38 25 15 12 35 49 28 13 33 32 10 3 32 8 29 34 47 42 33 32 48 13 26 9 25 30 29 7 38 34 21 0 13 22 33 7 26 48 31 5 32 47 24 40 30 23 32 26 27 13 48 21 47 1 
10 45 25 50 6 37 5 21 21 25 49 12 47 31 49 2 3 36 17 37 1 36 24 24 46 36 43 4 3 44 41 13 25 12 13 39 32 26 42 44 1 12 26 49 41 19 27 0 1 27 25 10 12 5 10 1 25 21 2 4 21 45 1 18 28 35 37 37 35 
19 11 21 28 45 24 36 39 11 26 34 28 10 43 27 28 35 30 9 15 12 39 18 30 22 21 50 1 44 49 14 4 32 42 33 17 5 33 17 31 24 12 15 46 19 27 11 2 0 24 41 43 6 28 23 24 30 44 41 6 24 25 36 46 12 12 30 46 19 
10 11 23 2 13 28 42 1 25 23 11 45 11 48 27 4 6 8 27 10 19 3 23 14 27 43 7 38 17 3 34 40 32 43 43 13 18 42 44 50 32 23 6 21 31 11 14 27 10 0 42 7 4 4 37 50 8 38 9 25 21 22 4 35 23 39 22 14 18 
6 14 36 14 15 27 29 46 48 3 34 16 29 31 28 25 46 31 37 46 44 35 26 10 17 23 29 28 39 34 32 9 48 47 22 47 7 43 39 27 9 4 10 36 26 9 42 42 26 10 0 27 9 36 19 25 21 39 27 48 42 48 1 7 14 21 25 19 33 
9 32 18 3 42 10 37 40 26 40 34 8 32 38 3 30 7 24 24 30 23 1 9 30 46 47 30 8 48 46 16 1 41 10 33 45 42 25 17 26 32 36 46 49 43 40 11 10 49 28 8 0 47 2 40 11 8 24 38 7 45 31 29 43 30 24 34 18 22 
6 9 38 33 7 48 48 37 6 10 38 7 37 20 10 20 39 19 50 1 50 25 21 4 18 23 46 3 44 16 26 10 22 39 5 40 41 26 41 4 42 24 3 14 1 1 9 11 19 23 41 5 0 35 17 23 31 38 34 16 35 3 45 44 40 35 29 35 48 
15 21 29 14 29 46 10 27 23 8 4 17 14 36 35 21 25 21 25 5 17 24 3 8 10 7 2 48 30 13 30 23 16 12 46 49 45 28 27 39 8 47 9 30 31 49 21 17 11 24 15 14 4 0 30 31 41 18 22 4 23 45 12 47 10 28 31 1 2 
40 36 27 48 44 36 48 21 16 23 28 12 36 35 37 6 48 16 19 37 31 6 32 23 25 5 45 46 50 49 3 50 48 20 28 26 48 18 20 18 33 11 26 45 45 43 37 11 26 41 13 12 13 15 0 21 35 5 4 24 40 42 2 21 17 21 28 14 16 
7 12 9 30 46 1 4 21 31 37 29 33 18 35 21 10 37 41 38 34 49 44 21 45 45 31 27 32 41 9 25 17 29 22 4 14 33 33 16 12 12 1 4 19 25 42 23 8 31 12 31 30 41 31 18 0 14 41 15 36 16 25 22 30 22 12 13 4 47 
31 7 27 4 25 27 22 49 40 3 20 4 9 19 2 30 28 45 26 48 4 41 23 18 48 1 37 40 21 33 8 12 38 26 27 24 35 28 6 15 9 19 24 39 45 33 8 7 21 1 45 17 38 7 43 41 0 35 10 7 25 40 33 29 8 46 9 16 33 
42 28 45 1 40 12 39 36 17 35 24 15 43 31 19 20 38 41 25 31 34 37 40 26 21 32 25 26 41 17 44 37 17 26 15 44 6 44 28 26 18 8 24 50 37 42 32 10 15 9 20 5 34 36 49 6 38 0 20 31 9 37 13 45 1 42 37 49 17 
16 25 14 45 14 49 14 26 14 40 39 29 50 16 12 33 47 39 3 32 27 10 6 37 14 20 40 5 14 23 9 50 44 15 44 41 46 26 42 35 22 23 42 49 31 2 9 21 2 13 5 3 35 17 41 7 20 28 0 31 45 9 9 13 41 32 40 35 36 
23 22 37 22 47 18 10 5 18 8 6 12 11 20 4 1 19 6 15 27 25 37 21 18 45 48 27 14 10 1 17 42 18 24 49 31 26 34 6 17 8 37 40 12 23 19 34 40 6 12 23 26 25 8 11 36 1 20 27 0 50 42 46 45 17 41 15 45 37 
22 23 26 35 1 49 20 39 48 10 46 26 14 37 9 49 29 42 17 10 14 13 31 7 7 7 25 12 43 23 21 9 25 47 18 33 37 38 26 27 39 23 39 41 24 1 37 5 38 47 39 50 48 36 24 10 43 19 29 45 0 24 8 47 26 39 38 2 17 
19 26 12 41 17 41 21 41 24 40 34 7 20 21 25 46 34 22 11 39 23 9 41 18 10 31 3 32 26 14 3 36 49 20 36 12 35 49 34 8 15 34 36 3 36 22 25 4 33 1 42 18 28 14 44 11 36 44 31 36 38 0 40 16 11 38 48 8 1 
35 14 12 36 38 3 24 40 24 39 32 39 7 49 49 26 22 36 9 36 26 26 26 41 19 49 21 26 18 25 16 39 15 24 20 20 40 6 30 25 40 4 37 48 13 42 30 39 41 40 40 3 40 23 25 9 38 21 18 40 33 49 0 22 49 23 44 25 33 
30 30 37 16 6 34 46 22 40 29 29 27 20 32 35 29 36 14 50 42 50 12 32 19 39 41 42 42 33 38 25 19 18 47 10 12 4 24 47 6 27 4 20 10 43 42 21 2 14 44 14 10 45 33 34 18 49 18 28 16 42 5 40 0 2 4 10 9 23 
22 24 25 13 17 44 16 46 43 22 27 48 20 41 29 39 25 16 25 36 14 42 13 36 46 32 14 22 14 18 6 33 33 49 30 40 20 2 43 1 17 38 26 27 42 30 46 2 27 2 28 39 36 23 10 30 12 40 17 36 31 45 33 25 0 17 44 15 22 
11 39 20 23 23 25 20 26 16 37 44 16 36 13 45 13 41 17 48 11 39 50 29 30 36 8 21 23 5 2 11 48 16 25 41 39 33 5 17 11 4 34 15 25 46 1 1 18 50 21 34 50 47 5 33 11 11 40 38 15 4 47 22 15 26 0 47 1 12 
22 7 30 37 1 37 7 6 36 4 35 35 8 3 24 35 19 12 1 12 42 30 29 43 17 2 7 7 13 50 50 49 50 39 46 43 41 48 50 11 48 28 25 7 5 3 8 2 24 37 46 15 46 40 20 42 29 37 20 49 30 1 44 37 5 37 0 35 19 
8 31 45 22 12 41 14 15 6 22 39 14 45 6 33 26 4 35 4 11 20 4 14 4 28 1 31 48 34 39 2 19 19 40 45 44 43 25 3 5 26 6 37 8 49 6 5 25 18 18 33 21 33 25 50 4 18 41 44 12 10 17 31 17 20 21 46 0 6 
12 40 34 29 32 49 35 14 17 7 5 22 47 7 30 17 7 32 36 44 40 41 26 2 32 42 45 10 25 21 38 29 11 49 13 28 34 4 39 35 40 36 37 12 36 22 15 4 37 15 11 38 35 3 16 21 14 33 48 40 4 25 40 47 19 27 12 49 0 
44 0 3 33 4 44 1 4 5 5 15 16 10 28 42 24 10 10 50 44 8 34 42 15 2 6 49 32 16 46 40 43 9 10 17 10 35 33 7 45 35 49 12 17 49 17 38 13 12 1 30 37 20 34 4 15 3 38 31 48 46 20 39 9 15 23 7 1 12 
33 40 0 28 4 6 9 10 23 26 16 36 19 36 20 15 17 3 23 26 6 2 8 47 3 10 50 15 10 3 3 27 10 38 1 30 12 3 34 15 25 45 43 28 23 46 29 10 1 25 43 12 50 32 45 11 25 44 25 44 6 45 50 20 24 39 26 32 36 
40 3 14 0 20 9 1 12 9 31 24 8 31 40 15 36 10 41 27 29 44 41 6 19 28 41 9 31 45 23 5 35 20 48 25 11 22 30 43 41 31 33 2 45 20 18 13 17 30 14 11 33 12 47 38 45 35 35 36 29 1 21 17 36 27 40 38 34 16 
5 15 31 48 0 36 49 11 39 11 49 11 28 43 2 31 13 22 23 24 11 30 26 37 44 15 41 11 16 17 19 31 31 30 1 26 50 30 35 26 49 27 6 25 37 26 1 9 20 36 23 5 18 15 24 36 29 29 37 34 46 38 46 23 42 18 31 49 42 
26 32 34 37 47 0 25 34 25 2 50 19 14 32 41 30 44 14 14 16 7 15 47 21 43 2 31 11 32 34 33 20 45 3 18 44 5 40 19 21 40 40 12 27 30 19 21 14 47 16 29 28 4 15 42 27 30 11 41 36 16 14 2 41 20 30 24 11 15 
48 26 5 46 43 26 0 17 4 21 42 25 31 17 14 17 5 5 16 31 11 41 15 44 49 33 5 26 39 21 8 50 45 10 49 50 40 25 33 12 39 26 23 9 19 17 5 50 1 35 37 15 15 44 1 25 34 33 6 13 38 50 28 34 14 43 30 22 18 
15 28 31 23 5 42 36 0 18 6 25 33 29 6 26 5 34 43 35 2 9 25 16 8 20 20 24 40 48 40 46 26 37 34 32 36 8 7 43 10 3 16 7 28 8 23 35 33 24 24 50 21 8 29 13 43 49 20 11 3 32 3 38 28 11 49 47 46 25 
41 48 28 50 26 50 44 19 0 38 1 47 36 42 16 25 41 25 19 8 21 39 37 38 46 41 29 50 29 29 18 9 27 39 8 34 27 22 21 33 30 20 25 11 20 15 17 41 38 13 38 36 31 39 25 36 4 10 32 10 48 50 16 40 21 42 20 48 34 
32 49 19 5 36 29 2 14 27 0 19 31 24 38 13 16 42 33 28 39 15 23 31 17 40 11 36 30 5 36 41 28 46 20 7 6 14 19 32 46 10 24 22 28 41 2 37 10 38 50 49 38 14 32 34 12 1 32 29 44 50 50 48 29 36 41 36 5 32 
7 2 23 2 33 29 41 1 4 26 0 39 25 27 43 5 37 3 15 14 37 46 6 32 40 38 46 11 26 44 42 1 16 32 29 31 48 27 37 31 4 43 12 48 7 41 19 24 7 43 42 34 27 23 18 36 2 20 33 14 38 18 16 7 13 26 23 43 49 
12 8 11 17 34 11 45 35 8 26 50 0 20 22 4 33 2 9 25 44 15 43 30 28 44 23 44 36 27 5 36 32 18 26 26 45 36 32 17 43 12 24 1 44 45 34 45 17 15 33 6 5 1 30 29 6 33 30 17 44 41 26 18 30 23 45 32 44 46 
9 48 21 42 33 32 41 42 36 34 11 29 0 28 22 45 50 32 31 39 47 21 13 6 15 23 2 37 6 22 22 50 2 1 21 6 35 35 13 19 48 38 14 47 47 7 16 14 4 23 31 42 15 44 47 26 47 42 6 19 31 46 36 21 15 34 10 28 8 
17 10 15 19 13 41 10 7 16 10 8 8 39 0 33 33 41 30 36 8 4 45 9 44 30 44 38 3 3 43 33 14 48 39 7 38 14 17 23 3 4 38 20 31 33 48 12 43 13 3 31 35 48 2 25 13 8 17 36 26 25 39 7 14 34 46 11 20 32 
45 20 25 7 34 5 16 25 29 11 32 32 46 40 0 1 13 48 17 46 14 44 31 48 32 48 29 15 32 6 48 38 38 43 11 18 33 6 28 14 47 9 38 30 6 4 44 29 49 7 2 36 30 15 6 39 14 23 44 10 6 40 35 20 31 24 45 40 36 
22 18 7 21 3 49 6 6 2 42 28 5 50 17 25 0 5 13 8 23 38 23 5 11 13 19 9 8 24 19 49 32 10 4 43 27 39 45 16 28 17 50 33 13 31 16 5 6 24 10 15 18 17 23 2 14 18 8 44 2 45 42 33 38 3 10 19 2 8 
41 37 10 48 31 7 39 40 42 30 47 15 3 35 14 4 0 31 16 37 2 30 9 32 1 14 34 25 18 46 11 22 48 4 49 33 24 5 21 37 17 14 24 27 29 48 38 42 7 19 34 22 45 32 50 29 32 6 10 34 47 32 21 45 32 9 49 11 5 
2 41 49 11 30 21 38 6 33 4 4 27 42 18 49 12 39 0 28 17 5 21 2 18 46 38 40 36 44 30 45 20 49 27 38 6 28 35 12 15 11 12 24 50 3 7 8 6 14 22 34 43 31 33 7 35 50 23 4 24 41 36 45 26 38 34 5 50 5 
13 22 27 28 13 7 43 47 3 16 40 30 35 22 22 47 2 40 0 17 21 4 6 5 32 39 25 25 17 48 12 20 2 8 1 2 1 7 16 19 26 14 38 48 8 14 44 6 15 24 30 36 44 39 30 1 7 18 45 39 39 32 26 50 41 47 39 22 34 
21 21 40 37 21 41 7 17 9 48 19 45 19 11 44 18 27 26 13 0 29 50 45 34 12 28 30 45 39 38 7 12 26 23 23 44 3 40 50 23 48 24 35 49 21 27 45 20 21 33 33 15 22 26 44 34 26 38 29 9 41 46 19 30 2 36 44 23 47 
17 41 28 27 3 15 6 16 47 14 35 33 11 25 6 5 42 41 50 29 0 39 19 16 12 41 32 3 6 6 47 35 34 22 23 4 43 5 38 19 11 38 19 29 25 44 27 31 22 13 25 10 46 44 44 8 49 25 17 37 21 13 1 11 1 30 2 11 38 
21 13 1 5 22 39 42 21 41 42 18 15 2 31 43 32 37 39 41 29 15 0 6 18 39 2 49 49 38 9 29 46 43 16 43 1 1 24 6 25 5 3 38 9 34 49 23 19 33 9 29 14 41 11 33 23 16 45 13 4 23 41 4 13 12 46 26 49 9 
30 42 8 32 14 36 27 28 48 35 40 29 30 16 30 30 15 5 32 34 21 36 0 6 12 3 2 15 49 25 47 38 24 24 11 3 17 22 33 28 26 7 46 19 11 23 25 44 25 25 34 47 42 45 16 39 45 37 47 29 12 21 28 3 1 47 17 5 20 
13 14 9 33 28 6 27 25 18 45 39 28 9 40 25 42 50 47 30 9 22 9 30 0 25 4 16 5 30 43 18 15 6 20 24 12 12 26 15 14 39 39 14 28 43 8 2 4 32 3 11 2 50 38 47 49 5 34 34 29 12 2 48 33 50 30 33 8 35 
28 14 17 35 33 41 21 8 32 38 18 3 13 24 27 32 17 16 19 24 26 8 28 42 0 37 3 38 41 32 28 13 25 44 19 4 39 45 17 17 47 27 41 23 46 16 27 50 28 22 1 34 14 15 35 10 20 36 25 49 31 4 30 26 4 25 44 9 44 
20 38 38 50 49 22 48 35 35 33 26 10 3 10 20 31 45 50 10 10 10 34 4 20 18 0 36 44 47 15 20 22 23 18 7 9 34 14 34 15 43 37 25 36 4 49 39 29 45 10 46 10 26 34 50 35 36 35 18 32 13 29 1 20 16 12 4 42 46 
2 37 18 11 35 18 23 35 49 50 21 30 8 50 37 20 10 46 40 19 23 23 49 46 2 2 0 15 37 6 20 43 46 47 33 43 24 28 50 42 16 27 1 38 36 48 3 6 30 14 50 6 16 14 24 24 29 38 22 9 33 3 36 30 29 7 25 33 25 
7 13 42 11 5 24 42 22 36 14 49 50 47 36 23 6 15 28 33 24 10 15 37 7 41 10 14 0 41 21 9 29 23 21 32 24 1 9 46 12 40 32 2 44 24 24 10 36 18 14 24 15 30 43 9 16 42 27 36 20 46 11 2 1 27 36 26 29 16 
13 23 48 19 17 43 43 8 21 13 33 32 24 47 28 48 45 49 31 12 16 32 25 23 26 16 30 31 0 1 17 39 49 31 21 6 41 27 46 14 1 17 9 22 14 4 39 22 14 24 4 33 37 46 17 50 32 49 25 44 1 13 12 7 5 25 35 1 3 
42 38 21 49 35 30 46 8 11 11 20 37 44 16 8 48 35 2 4 14 22 25 43 2 3 14 39 6 2 0 17 40 19 38 20 23 37 33 35 3 16 22 42 21 38 6 7 7 47 5 10 20 23 32 38 32 17 45 20 46 22 42 41 6 44 22 1 50 25 
43 21 15 1 50 38 42 30 4 6 47 47 7 42 1 43 48 17 38 1 38 7 42 14 39 31 25 32 37 28 0 17 5 7 32 4 34 45 20 24 44 46 3 14 40 23 50 15 50 40 14 46 5 13 50 37 37 30 1 12 19 13 11 44 26 39 42 40 26 
39 17 48 28 44 45 5 36 43 3 41 40 16 26 43 24 32 13 43 8 45 17 5 45 8 5 32 36 9 39 1 0 32 10 40 11 23 16 19 11 19 45 1 45 27 10 23 4 37 19 20 44 27 49 32 31 22 13 4 20 40 13 19 27 4 2 10 30 26 
15 20 8 14 2 24 13 45 23 28 35 35 1 45 18 40 46 25 33 28 10 40 11 13 49 22 6 27 24 41 26 1 0 44 28 22 49 13 30 26 26 19 36 50 35 19 36 39 18 1 38 9 28 27 3 16 26 9 46 15 30 18 37 21 32 3 35 42 24 
24 20 27 16 50 8 9 24 41 27 45 14 34 39 26 37 32 48 24 42 12 46 41 18 15 46 8 33 16 18 32 34 44 0 16 45 32 12 44 29 20 44 42 36 33 2 2 46 30 12 35 1 5 12 1 12 28 29 10 1 4 1 27 9 23 45 11 21 19 
44 44 25 38 20 5 48 20 11 8 17 14 50 28 21 32 18 27 23 43 4 17 3 2 44 26 19 17 34 13 39 41 32 28 0 36 18 10 13 36 7 4 42 18 22 44 37 4 23 6 28 6 18 38 28 15 28 41 24 45 45 36 32 37 48 20 26 33 23 
42 4 23 5 42 16 40 13 50 32 9 7 22 47 11 7 8 21 4 4 13 9 27 36 18 41 22 23 5 20 3 19 5 32 31 0 3 6 2 26 22 39 3 28 10 16 39 23 39 21 30 41 49 22 29 10 34 27 37 37 1 45 18 8 30 30 41 2 41 
16 9 2 6 45 33 15 11 32 18 21 30 18 33 3 25 30 4 47 26 22 48 27 19 15 26 28 22 46 48 31 25 37 33 24 12 0 29 35 4 40 15 50 3 9 16 8 33 12 16 33 1 26 44 26 20 18 33 33 42 20 6 44 16 34 38 47 44 36 
10 41 47 46 1 8 12 22 46 18 4 8 43 16 7 13 48 6 31 11 14 6 30 47 43 34 34 21 35 19 22 19 14 48 2 25 37 0 6 25 37 15 48 23 16 29 35 28 40 38 3 37 32 16 33 23 4 12 1 3 18 24 41 38 27 46 36 44 46 
14 32 27 42 31 45 47 17 33 15 18 9 7 45 34 32 33 40 4 32 25 49 14 36 4 8 14 24 10 47 20 44 42 32 26 6 27 45 0 2 22 37 7 22 47 33 44 11 30 7 7 45 6 32 13 21 16 18 41 39 24 32 23 7 37 45 25 18 25 
19 29 6 38 39 33 45 19 28 17 4 10 47 34 17 4 2 15 12 29 12 11 38 36 6 29 40 14 50 35 3 9 27 37 11 29 1 8 17 0 50 18 3 39 2 38 30 27 48 6 4 35 31 13 39 14 9 41 20 32 11 43 31 20 43 15 45 33 11 
24 39 3 45 48 13 12 10 22 37 48 27 2 43 8 47 50 22 47 39 23 3 39 31 26 7 7 37 33 47 37 44 47 16 25 18 1 41 33 50 0 28 5 37 4 22 5 9 50 24 23 43 43 49 45 39 21 50 22 19 42 6 25 27 26 1 5 30 37 
19 41 46 10 40 47 11 19 16 35 10 22 48 7 14 11 4 44 45 3 28 4 18 30 22 42 45 3 29 12 4 17 26 23 32 33 28 33 4 3 34 0 20 5 15 13 48 44 49 11 16 22 7 11 28 9 15 23 17 39 48 3 9 41 4 32 43 46 25 
25 32 33 22 41 43 20 9 49 3 17 25 48 46 43 13 41 48 7 48 15 18 11 12 45 6 1 26 30 2 34 21 2 20 25 30 34 50 16 19 9 1 0 16 20 50 14 1 7 16 28 13 35 36 49 11 8 21 22 27 35 42 44 29 48 20 47 23 29 
22 13 29 41 32 39 40 14 2 41 12 31 6 44 10 2 39 49 35 4 9 17 9 12 24 31 27 15 22 18 1 4 42 22 36 4 49 23 3 48 9 47 6 0 31 11 46 30 49 35 27 10 21 12 19 20 5 5 18 18 1 12 26 43 34 41 8 40 34 
8 7 3 17 46 38 46 13 11 29 2 28 2 29 31 45 9 30 43 23 3 32 49 32 5 3 36 34 5 22 41 3 7 46 41 28 25 44 25 24 24 8 44 26 0 16 40 49 34 46 48 26 11 16 17 32 27 8 22 12 44 3 13 8 40 38 49 22 7 
38 3 21 16 6 19 50 45 38 24 16 16 4 2 38 8 47 31 37 41 14 15 21 4 32 32 22 12 50 5 38 18 18 43 47 43 27 10 6 47 17 37 40 35 6 0 46 41 1 25 1 43 8 13 32 44 24 33 18 34 25 48 39 46 34 36 49 48 12 
6 46 31 37 26 41 24 27 25 36 48 37 41 21 37 49 12 31 5 37 50 24 11 10 26 31 49 29 42 7 49 7 49 30 46 30 21 7 33 22 8 17 49 47 20 48 0 34 28 2 48 22 6 44 11 12 32 36 22 12 45 42 46 36 19 37 41 39 12 
25 8 29 6 48 34 30 33 25 14 41 28 48 22 27 45 35 44 14 38 18 14 44 49 45 39 31 13 32 30 10 29 10 22 3 44 19 17 8 11 32 30 7 22 32 34 47 0 21 19 42 35 44 28 1 45 11 14 30 11 10 4 18 2 46 4 12 19 26 
19 34 26 19 36 3 7 39 7 23 18 12 42 10 44 41 46 17 1 9 28 43 30 40 7 49 8 14 29 12 18 20 15 21 2 36 16 17 9 25 45 7 4 42 12 49 18 44 0 25 11 1 38 11 10 49 27 4 36 12 37 46 43 11 46 5 48 48 21 
8 9 25 30 9 27 14 21 39 39 28 8 32 14 40 18 12 30 10 5 22 26 33 31 5 22 29 3 47 9 37 14 2 47 36 17 37 22 30 35 46 28 39 16 9 5 6 32 3 0 44 35 25 39 43 49 33 26 45 25 37 48 12 25 30 2 14 7 35 
29 24 31 40 50 26 10 45 38 17 22 1 16 47 50 3 24 13 26 10 48 4 41 43 47 44 37 35 3 9 14 45 48 21 4 30 13 45 25 14 34 5 45 10 23 25 21 1 13 23 0 6 40 39 48 37 26 34 38 44 7 39 25 42 30 3 27 3 46 
44 20 41 30 38 12 27 44 9 32 21 22 23 36 22 31 3 25 7 1 35 29 46 26 2 19 25 9 14 16 7 46 23 26 8 43 33 27 3 27 21 44 17 3 18 22 35 3 4 11 27 0 29 21 2 12 15 24 15 29 19 37 19 31 43 25 25 50 47 
29 29 49 26 23 30 31 41 12 44 8 30 34 23 5 3 40 28 26 22 15 43 19 18 49 34 40 3 14 25 28 43 23 38 25 25 12 1 6 41 22 21 3 31 8 49 36 15 14 28 3 48 0 50 29 33 36 10 32 28 40 40 28 28 38 17 15 8 46 
48 31 41 39 23 35 50 45 40 39 11 50 48 26 39 37 22 31 44 44 6 39 15 31 23 17 1 44 44 16 15 43 41 40 17 34 37 15 25 15 29 39 46 22 22 28 42 15 39 42 16 36 22 0 15 40 10 16 11 16 7 34 6 1 25 25 18 10 8 
9 6 50 8 6 29 15 18 44 44 9 45 25 37 6 3 1 29 21 27 1 8 18 27 49 19 32 23 38 22 47 4 19 34 6 33 42 9 30 44 50 22 16 23 2 21 32 48 1 49 25 46 48 33 0 8 2 39 24 10 38 48 42 31 22 47 6 27 41 
31 23 11 42 50 28 27 29 42 46 25 28 38 34 23 39 48 1 7 36 27 4 45 19 50 43 47 8 42 45 26 47 45 41 17 29 39 33 47 21 6 30 10 44 50 32 1 14 20 42 25 46 50 41 15 0 28 28 43 43 7 31 20 37 48 20 28 33 47 
17 45 1 16 5 36 30 47 45 2 20 18 43 33 39 50 20 30 48 4 26 40 1 47 40 41 40 37 43 13 24 22 49 4 47 26 42 10 42 14 11 19 33 27 23 26 14 49 32 38 28 40 31 29 21 28 0 44 5 26 14 47 44 5 32 28 48 19 40 
36 13 9 11 39 35 44 8 7 24 24 15 27 42 6 6 35 35 42 20 33 20 32 37 34 28 17 18 15 2 50 26 7 25 13 19 29 18 1 46 36 14 21 21 32 12 38 6 38 49 48 43 7 49 7 17 32 0 22 28 11 18 26 44 6 25 48 8 2 
29 38 27 18 34 46 35 19 49 12 6 22 41 12 30 16 5 7 20 9 19 46 38 7 40 41 28 11 21 16 46 34 5 37 27 1 22 30 9 11 15 38 18 20 16 6 21 7 46 28 2 18 29 49 34 33 50 21 0 28 44 18 24 49 34 16 23 17 5 
35 30 44 25 49 9 45 31 29 19 42 35 20 22 16 43 15 29 5 7 4 45 1 2 3 16 44 42 40 35 4 44 39 17 23 17 34 27 19 21 5 3 5 32 29 44 24 47 9 6 20 38 18 11 2 41 29 43 23 0 34 15 3 41 44 15 48 46 4 
49 50 10 38 10 34 2 1 40 20 23 9 42 47 33 35 16 17 26 29 16 33 38 42 4 36 6 2 12 12 18 32 49 20 48 9 47 32 28 34 10 1 1 10 20 15 42 18 21 7 29 49 22 18 39 16 12 18 35 24 0 29 50 39 29 2 42 11 22 
49 24 39 35 39 42 19 15 32 29 23 40 45 38 32 6 33 20 10 32 32 33 48 29 47 4 6 10 13 23 8 28 4 20 19 47 18 44 10 31 49 25 35 34 45 45 30 41 19 33 46 33 33 29 41 17 27 10 38 36 36 0 10 3 10 21 45 36 25 
19 36 38 40 11 30 33 8 49 14 34 3 25 16 41 30 28 25 46 25 30 3 20 8 7 25 45 39 22 25 13 1 10 5 22 34 46 7 23 3 47 34 19 13 27 36 11 21 19 23 32 46 49 11 46 17 17 30 33 37 35 45 0 36 24 1 34 43 21 
44 8 35 22 3 43 29 47 34 7 32 22 14 24 21 50 44 17 2 49 10 5 17 16 24 37 19 3 48 46 13 43 43 41 28 11 39 11 44 6 32 50 34 10 49 12 23 11 24 37 31 35 32 45 12 39 41 19 48 16 25 27 49 0 38 45 39 29 24 
47 10 11 34 24 46 17 10 22 8 18 13 15 8 29 12 16 28 11 49 29 39 20 20 13 29 32 5 1 47 16 10 33 49 15 15 26 48 11 37 28 2 18 34 2 36 2 18 49 37 22 17 29 31 45 9 40 41 21 45 15 13 10 25 0 43 9 30 16 
44 14 37 19 17 25 21 28 21 37 19 27 27 15 7 15 25 49 32 2 5 7 25 36 27 17 23 16 43 43 42 44 6 36 25 36 1 4 50 4 10 18 38 4 23 45 19 50 7 45 1 44 27 29 12 37 39 1 43 1 3 6 36 29 46 0 25 22 42 
41 21 15 22 50 28 43 38 19 22 14 33 49 23 9 48 43 48 17 28 25 38 47 50 12 49 2 4 32 9 8 48 23 27 10 36 31 30 45 50 37 25 18 17 38 10 3 31 48 38 37 48 8 44 17 3 25 16 11 1 27 39 6 10 15 16 0 10 22 
13 24 18 14 3 18 42 1 20 30 12 2 46 22 7 45 23 11 40 29 11 8 12 15 19 45 24 48 19 9 3 22 1 32 18 24 20 23 45 41 3 17 34 45 4 10 5 5 32 11 38 5 27 31 11 6 13 3 45 9 45 44 32 12 28 40 1 0 14 
4 34 25 50 16 50 27 45 24 17 12 10 40 19 16 9 21 49 46 20 22 13 12 17 29 36 47 10 35 23 18 14 9 41 2 49 36 38 39 28 5 17 32 46 42 35 20 27 28 24 41 29 45 32 43 41 23 9 22 30 3 18 10 2 50 48 2 49 0 
17 0 18 23 34 10 19 16 6 32 16 26 44 17 21 32 12 32 39 20 28 49 11 27 28 16 10 25 38 7 30 47 44 34 22 10 11 2 7 20 26 16 38 10 7 33 28 14 33 36 49 21 12 29 25 1 6 41 45 18 1 45 29 49 3 20 32 11 45 
11 21 0 10 25 20 44 12 11 2 20 45 38 47 42 2 8 10 35 15 9 22 4 20 7 40 19 32 38 39 8 38 1 18 19 22 16 39 46 43 35 14 40 5 22 50 31 4 3 27 42 43 35 18 2 24 8 2 3 36 1 13 24 23 45 32 45 21 29 
20 37 19 0 15 43 31 46 32 49 48 8 10 16 30 11 48 15 4 34 16 45 15 14 36 10 42 23 40 18 11 40 6 11 26 33 41 23 29 42 37 7 42 9 4 46 27 36 34 13 26 30 29 11 5 35 6 23 33 5 1 9 6 15 39 9 3 49 41 
47 20 25 36 0 12 48 10 3 7 11 41 34 7 39 27 42 31 12 46 6 42 28 19 40 25 42 29 1 28 20 46 44 28 45 38 44 1 44 18 14 45 32 49 12 43 21 45 20 30 23 9 47 7 43 50 19 2 35 12 21 19 10 25 38 16 47 6 12 
2 34 42 37 44 0 33 12 10 29 7 48 4 47 9 22 5 11 49 37 35 46 19 42 17 33 48 45 36 7 12 47 46 16 33 18 46 32 23 4 25 32 40 40 45 38 9 24 10 38 21 27 18 11 22 16 34 42 26 4 47 38 27 3 18 11 2 39 15 
42 27 24 39 46 12 0 4 7 29 48 29 25 24 35 48 37 36 30 36 45 17 35 4 7 19 7 38 5 38 23 34 36 20 10 19 12 48 38 23 50 18 10 6 45 47 30 23 3 30 17 33 32 17 45 48 7 23 17 21 39 24 49 19 6 14 43 5 15 
17 36 40 48 8 36 27 0 8 30 9 10 39 34 36 26 22 41 3 20 26 12 13 39 31 18 34 26 20 41 50 32 4 26 8 37 44 27 35 25 31 19 40 28 15 7 32 6 39 23 48 16 11 24 29 4 5 47 10 30 24 11 7 17 31 28 7 13 26 
49 32 45 6 29 39 8 22 0 36 25 24 36 28 37 47 44 35 21 30 48 5 32 48 18 5 1 21 12 24 47 37 1 19 30 40 42 3 10 33 36 21 32 20 22 37 44 47 25 10 23 46 7 27 16 22 18 35 28 1 29 19 47 49 39 38 23 18 49 
47 6 42 25 38 45 27 24 13 0 26 32 12 5 46 2 1 2 30 24 4 9 23 7 26 9 5 18 25 33 32 35 14 27 48 28 4 32 22 20 33 40 48 6 10 46 40 24 23 45 48 37 8 50 14 41 24 50 16 16 34 27 2 41 31 42 19 35 7 
18 49 20 31 11 41 14 11 18 48 0 30 20 31 45 31 36 45 27 15 13 7 5 5 16 6 36 6 38 8 25 18 28 6 17 5 46 29 7 48 9 1 31 7 2 37 47 3 33 21 6 37 16 4 22 1 14 44 4 25 26 35 27 3 44 30 2 15 14 
40 35 7 38 30 6 13 27 48 3 30 0 9 33 24 17 3 38 3 24 34 17 41 3 26 32 22 24 24 28 14 22 35 33 39 43 37 49 49 37 49 9 24 17 41 24 17 43 12 10 1 6 28 28 31 47 50 33 32 6 8 32 39 49 35 32 45 27 44 
32 31 4 39 17 26 25 44 25 12 2 16 0 30 13 15 28 8 45 7 2 43 44 4 17 43 29 17 21 26 32 10 29 41 49 31 29 47 18 11 3 7 4 25 21 31 41 28 20 25 21 28 37 39 25 2 38 28 38 46 38 10 5 18 43 3 23 25 32 
33 37 32 41 34 5 45 39 20 33 37 3 1 0 47 46 5 5 23 41 16 47 43 2 10 22 24 44 3 37 32 19 8 16 47 38 39 40 37 4 35 30 14 19 45 1 44 38 13 9 13 39 30 33 9 35 40 35 23 20 11 11 43 3 38 15 30 37 5 
10 8 16 18 20 7 37 34 25 8 9 28 37 32 0 44 24 43 39 26 8 12 49 4 18 18 44 24 38 12 31 31 22 8 33 4 2 48 21 11 26 23 2 16 28 14 42 25 30 50 30 45 26 5 30 43 12 4 49 50 26 33 50 23 44 27 38 21 4 
29 43 26 22 29 50 35 11 33 27 4 27 20 45 38 0 32 36 5 18 29 41 43 48 50 22 36 43 24 30 22 1 27 22 21 2 7 4 24 48 5 45 33 29 28 45 24 7 39 12 41 8 23 21 43 14 36 45 26 1 44 8 12 31 12 26 27 6 49 
44 32 28 13 8 14 34 8 14 21 5 48 29 4 12 40 0 14 29 7 30 8 16 13 29 23 4 47 33 2 18 3 18 19 8 46 31 13 46 15 8 9 6 22 25 21 3 15 4 50 41 48 48 21 26 41 28 19 50 40 4 17 1 7 47 19 38 30 21 
9 32 28 19 14 50 21 3 44 39 8 20 40 44 34 11 21 0 6 48 43 17 18 12 13 6 12 41 8 49 26 7 34 24 44 45 19 14 29 34 21 6 39 35 31 43 21 15 23 18 46 27 13 40 38 5 41 21 15 14 3 9 13 4 19 32 24 47 46 
49 16 48 42 22 27 37 29 34 31 21 36 48 18 40 4 49 44 0 45 37 40 4 48 50 16 32 13 43 35 17 50 19 24 19 25 3 49 36 42 13 1 26 8 40 44 29 6 41 24 50 20 39 30 11 7 45 18 48 27 41 15 45 44 17 32 3 12 29 
44 38 6 14 2 32 37 14 47 9 6 38 26 22 20 36 47 11 39 0 14 12 30 36 1 9 1 49 6 33 41 9 42 17 27 48 37 45 7 37 48 24 43 49 10 42 40 15 44 26 9 21 21 14 48 18 14 2 6 5 1 34 31 32 6 50 14 21 50 
25 34 41 40 25 42 40 20 32 27 9 20 37 5 31 24 21 38 29 19 0 10 34 35 39 2 36 15 44 12 44 10 29 19 15 20 42 18 31 47 23 9 48 33 26 47 36 15 29 1 8 35 13 36 3 41 41 49 3 39 40 27 47 8 39 17 31 2 22 
36 39 7 41 42 7 11 12 2 10 43 17 21 36 44 4 9 47 43 17 25 0 29 44 16 43 8 46 13 40 45 9 17 34 43 44 12 2 45 22 29 43 29 40 40 10 22 19 42 3 5 30 20 38 35 48 7 46 41 48 35 12 48 22 7 1 27 33 28 
43 32 3 14 26 14 25 46 40 4 6 21 39 5 10 36 15 39 29 50 46 37 0 17 11 47 37 18 45 8 33 40 34 39 41 49 22 2 16 44 25 11 2 18 42 36 27 46 8 39 36 42 12 49 34 33 7 16 43 17 40 47 30 39 7 15 23 33 49 
6 38 35 50 45 4 39 44 19 25 26 21 42 11 7 22 42 28 36 5 8 43 7 0 10 49 5 29 31 14 12 28 14 45 48 2 1 2 43 18 45 46 39 38 41 18 47 48 36 24 17 16 37 37 29 41 14 32 26 1 40 26 8 31 8 47 12 27 45 
9 6 21 49 11 41 9 20 5 16 42 2 8 43 8 48 46 41 27 17 7 39 19 27 0 42 28 19 39 9 31 45 6 21 4 28 18 47 17 27 46 20 21 9 16 34 49 33 34 1 34 12 6 36 11 38 20 38 45 8 34 23 21 12 25 22 37 32 4 
15 40 1 30 15 31 47 36 31 3 43 43 45 35 39 25 19 39 21 11 17 9 31 3 9 0 44 24 49 10 34 45 48 18 30 20 11 33 32 42 5 14 2 40 35 2 16 39 38 33 37 7 34 17 21 38 7 9 49 22 21 8 49 27 47 9 46 25 16 
16 28 43 37 48 16 48 15 19 47 1 44 6 36 16 23 28 12 31 48 42 13 3 34 11 21 0 48 16 26 43 26 7 41 23 23 6 45 20 37 1 24 23 38 12 49 28 16 22 33 4 20 47 15 28 24 3 26 9 26 27 19 33 40 27 21 44 4 33 
14 11 29 8 26 30 25 20 26 41 36 34 5 26 33 23 24 29 42 13 50 20 31 36 44 10 33 0 41 34 12 42 5 25 34 9 22 25 12 22 35 4 5 28 35 24 43 23 43 50 17 3 42 2 41 33 44 31 43 14 16 48 34 36 14 50 31 9 22 
17 12 48 12 8 8 9 45 43 46 13 1 38 40 42 18 9 50 3 34 1 16 42 32 48 6 38 21 0 20 14 36 43 35 2 27 38 19 41 35 45 32 39 1 35 30 14 29 8 42 19 5 50 28 26 21 2 21 16 15 2 21 39 26 30 11 21 17 37 
14 4 49 19 15 9 2 13 15 7 2 35 28 30 29 1 9 36 15 9 31 25 18 4 27 34 24 44 13 0 22 25 10 47 43 45 38 21 37 35 20 24 8 37 15 14 30 25 42 10 26 21 25 7 9 6 39 37 45 42 32 35 9 1 44 32 43 38 35 
35 42 31 23 1 46 35 23 38 4 40 48 9 33 34 38 2 1 3 39 38 7 2 26 46 3 35 16 8 44 0 33 22 42 41 7 19 45 49 24 12 24 33 1 34 6 45 24 3 25 14 43 32 40 50 48 29 40 6 27 48 11 19 16 45 21 18 6 19 
27 16 43 3 27 42 16 5 6 19 20 2 30 33 42 45 2 2 32 43 43 28 29 40 22 27 1 5 18 7 13 0 38 39 5 27 9 21 40 6 48 35 43 23 22 36 26 19 29 27 22 43 20 37 14 26 49 37 3 32 1 42 11 38 50 6 32 13 26 
7 34 24 13 47 34 8 1 6 8 4 47 8 23 28 46 14 44 2 26 29 29 23 18 9 5 7 24 5 24 16 5 0 13 43 23 44 49 31 23 4 6 26 44 29 50 35 43 19 33 42 36 13 31 38 47 29 11 6 4 42 27 35 46 32 42 50 34 16 
1 34 48 34 21 49 20 4 35 44 19 24 13 38 41 13 39 4 25 26 47 44 34 43 27 32 27 22 30 12 37 50 2 0 28 19 50 45 2 42 32 18 43 44 17 37 31 30 39 44 33 44 39 26 8 19 7 1 6 8 40 23 49 25 24 7 20 23 36 
20 42 19 37 13 43 9 5 1 17 6 46 3 38 29 47 19 49 24 44 9 12 49 40 45 3 10 19 19 20 11 18 9 44 0 20 2 15 7 26 34 50 15 7 35 50 12 37 35 21 28 6 8 47 29 27 8 43 30 43 10 33 40 36 31 7 39 38 9 
19 27 33 12 24 41 45 45 6 15 41 33 16 26 49 42 15 3 22 31 18 13 9 36 15 17 1 10 29 26 28 11 25 29 17 0 44 46 44 35 6 34 32 2 29 39 10 44 8 41 45 16 4 18 8 41 6 18 47 47 7 40 35 16 31 37 30 9 38 
9 6 47 22 18 16 47 37 11 31 47 6 23 43 20 35 10 25 43 17 38 11 26 49 48 28 17 50 16 22 42 9 1 7 50 36 0 49 45 36 3 12 5 46 38 1 41 35 47 16 32 21 13 38 43 50 48 30 48 24 40 49 47 21 40 40 38 5 16 
44 34 37 16 39 41 6 33 16 39 48 7 44 21 34 35 1 29 22 9 7 2 7 1 21 46 4 15 35 6 48 13 37 19 3 33 45 0 6 24 48 37 17 33 41 1 18 47 29 14 36 40 12 17 47 10 43 28 37 45 43 37 42 49 10 42 35 21 25 
18 2 40 45 5 25 22 40 19 16 1 3 50 26 2 49 17 37 47 40 10 11 5 9 11 31 12 46 19 24 50 16 48 23 12 12 47 45 0 7 42 25 20 24 12 37 42 44 11 40 50 43 6 39 31 15 7 47 31 35 24 14 26 22 46 17 35 6 28 
15 40 3 23 30 6 15 41 37 43 23 19 38 1 6 19 31 45 28 18 8 5 15 16 11 33 29 49 48 29 46 2 37 17 47 1 47 21 26 0 33 16 25 20 5 9 16 37 13 21 3 15 22 8 39 20 10 26 38 13 48 27 16 43 9 48 22 32 21 
4 6 22 11 20 45 2 33 35 11 8 45 47 16 29 46 15 25 44 49 47 38 26 10 9 29 7 50 32 12 7 37 34 16 10 15 31 5 3 14 0 37 37 25 15 31 18 1 12 38 47 44 24 28 34 25 17 31 13 2 41 39 2 2 23 4 21 12 31 
7 14 16 11 22 31 12 10 13 11 30 42 28 45 13 35 19 34 10 1 42 43 35 19 3 12 25 36 36 2 11 11 6 20 5 24 32 34 2 47 22 0 15 5 21 34 11 14 44 39 17 5 21 11 12 39 14 30 47 8 10 6 27 25 11 50 20 36 8 
40 40 3 35 32 13 29 28 39 15 35 42 49 32 47 20 48 41 50 44 32 42 44 36 26 43 41 45 41 44 21 15 25 6 4 50 14 21 39 49 33 12 0 26 16 12 17 11 25 30 5 14 9 20 42 27 49 46 18 9 40 22 34 38 46 44 21 17 44 
29 47 6 27 3 1 12 20 16 28 24 10 33 17 16 36 31 13 45 33 29 5 5 46 12 50 27 49 25 30 23 42 50 18 47 34 50 37 6 20 31 8 33 0 18 45 50 8 6 19 2 16 32 27 34 15 24 43 10 16 4 25 13 45 37 6 32 10 15 
21 32 37 44 7 26 3 22 22 37 1 13 43 22 31 24 15 41 15 16 3 23 41 40 22 2 45 19 13 47 12 13 40 43 35 37 16 22 25 2 32 43 3 6 0 9 3 12 4 32 22 22 15 18 45 13 49 42 47 22 5 31 34 10 25 25 39 23 1 
37 44 8 44 16 13 34 11 21 35 31 19 41 42 37 41 26 48 46 46 30 37 46 19 50 21 22 49 34 28 32 21 31 12 17 39 15 29 49 5 11 2 29 7 17 0 4 15 40 47 19 49 28 43 27 21 1 48 40 44 46 42 36 28 43 4 10 39 29 
26 49 27 48 49 41 36 29 9 39 2 47 7 33 3 15 29 4 29 4 42 16 41 25 35 4 13 26 25 36 3 7 15 36 14 49 43 2 30 2 42 42 43 9 38 48 0 40 10 33 13 15 1 32 36 38 10 8 2 14 45 28 11 4 23 37 46 32 21 
19 5 23 28 25 27 12 50 24 32 38 38 14 4 43 12 22 3 26 30 49 5 41 41 39 35 25 32 39 20 23 43 16 19 42 29 41 37 26 6 24 38 37 26 15 26 32 0 25 18 43 2 34 20 2 23 15 14 32 40 41 3 31 12 4 9 45 23 46 
12 14 21 35 28 20 7 11 18 15 26 13 4 50 14 47 18 40 23 14 47 28 16 9 48 36 4 44 27 34 17 20 4 36 14 5 22 18 6 1 46 12 47 49 7 27 37 3 0 17 16 36 20 23 9 49 35 49 12 38 42 17 13 35 35 48 6 9 18 
37 10 26 1 34 23 18 36 31 17 3 21 49 1 27 12 48 48 48 45 38 29 6 10 30 15 34 34 27 13 2 1 19 20 17 8 40 36 36 1 42 14 4 33 10 18 43 17 37 0 24 38 1 9 14 31 8 4 16 22 20 39 35 9 19 16 3 3 30 
34 19 22 13 13 47 4 24 26 24 50 13 22 18 47 4 25 1 43 5 40 10 5 25 15 16 13 7 6 35 18 8 16 14 33 18 3 26 38 12 11 7 32 30 16 9 49 21 38 6 0 44 15 10 48 40 25 15 48 49 47 35 48 19 41 7 43 48 8 
35 30 2 50 14 31 45 33 28 25 9 6 18 42 19 50 42 4 48 18 24 9 3 5 27 42 27 13 39 42 24 23 12 41 37 9 5 44 2 30 4 8 47 41 40 43 30 44 29 19 50 0 4 46 30 34 27 27 47 24 22 5 32 45 36 1 36 44 27 
6 11 46 48 3 18 14 17 12 13 16 35 13 33 35 20 43 21 28 32 7 10 33 8 21 30 26 23 13 11 40 5 50 3 39 18 24 3 2 29 17 18 15 15 31 39 10 22 48 25 44 31 0 9 12 21 46 29 38 27 23 43 41 4 1 23 12 35 10 
45 17 47 41 20 49 16 40 45 18 27 32 20 4 26 38 17 10 46 38 33 44 40 36 26 29 36 26 14 14 42 20 5 50 27 31 29 4 12 10 47 31 1 11 12 45 4 39 16 16 35 14 16 0 48 28 2 28 12 15 41 14 40 26 32 27 8 28 20 
28 45 10 13 49 37 41 2 43 29 24 31 25 47 11 49 30 29 4 7 23 26 4 18 40 21 46 8 6 20 35 5 18 34 12 21 7 22 16 29 8 26 9 49 38 35 16 17 30 28 2 49 4 22 0 48 2 41 43 24 28 42 34 47 24 45 20 14 42 
35 40 43 9 14 26 50 47 17 6 30 6 5 29 28 28 18 37 1 47 37 11 31 15 48 38 38 24 30 36 4 18 21 25 32 41 36 44 35 29 22 1 35 36 13 19 23 13 6 19 6 9 20 18 5 0 25 10 29 11 26 38 26 17 32 3 13 35 30 
47 38 43 25 2 23 25 36 26 45 2 30 15 26 19 11 30 45 49 4 21 8 32 8 33 9 42 46 35 4 34 1 34 44 16 18 27 32 8 47 43 19 49 15 27 32 12 13 8 7 2 8 14 32 10 40 0 7 36 42 43 32 29 2 23 12 2 46 22 
10 2 35 49 38 2 11 2 9 17 31 2 48 30 39 28 2 27 37 3 34 27 11 42 41 15 16 14 18 27 3 25 36 40 3 7 22 4 20 13 21 9 31 41 5 40 46 3 41 24 21 36 15 44 38 34 41 0 44 8 23 36 47 34 33 14 7 17 8 
27 33 6 49 7 25 32 26 46 21 38 2 20 14 24 44 6 18 10 43 2 20 16 29 46 47 27 24 25 48 27 49 24 38 26 9 18 23 30 41 12 13 38 20 7 7 4 23 24 40 28 47 47 25 6 8 17 28 0 3 10 49 8 2 48 45 39 28 32 
38 16 27 33 39 20 31 40 32 46 23 40 43 5 1 35 21 31 3 50 33 19 42 41 21 20 43 4 11 40 26 18 29 23 35 9 14 46 8 27 44 17 26 21 5 13 17 45 8 18 28 14 37 29 49 20 25 36 12 0 19 27 27 29 43 20 6 11 21 
20 43 21 26 23 26 6 17 43 21 37 8 4 49 47 44 13 13 31 50 24 15 34 29 34 39 1 18 38 34 2 49 2 47 25 16 47 3 41 12 24 33 27 4 50 4 16 29 30 35 30 8 26 11 47 6 9 43 42 34 0 26 38 29 10 20 38 7 8 
25 32 48 11 22 19 27 42 38 31 29 31 24 22 38 3 4 44 24 41 50 20 7 5 11 8 37 36 4 18 35 13 48 8 4 49 38 20 37 7 35 6 18 28 14 12 10 4 1 27 7 26 14 16 8 6 25 43 50 15 33 0 42 38 21 46 17 33 16 
19 39 16 34 8 18 7 45 2 29 41 50 48 34 36 28 12 9 49 33 1 49 25 45 21 23 25 43 19 48 33 48 29 45 35 12 12 23 19 46 9 13 4 46 2 1 17 49 7 10 9 38 18 1 16 20 15 21 14 35 44 14 0 27 5 47 44 21 4 
49 24 17 40 41 3 24 38 46 30 44 20 6 26 37 10 39 45 30 29 29 16 47 41 9 34 3 45 37 50 49 9 31 14 1 33 43 20 48 16 27 28 24 36 28 45 30 19 28 18 16 3 15 42 25 33 27 27 31 7 1 29 1 0 47 31 35 39 42 
26 5 17 20 48 15 2 2 42 12 14 15 5 35 18 20 35 47 44 39 40 18 6 17 39 41 15 48 27 28 5 43 6 38 43 23 1 46 5 1 41 23 42 15 13 17 2 16 12 32 13 35 42 1 3 9 49 1 31 7 50 5 25 15 0 8 22 10 17 
42 45 20 39 42 44 49 17 27 41 4 23 39 49 37 46 16 20 2 6 36 35 25 50 15 48 1 36 49 27 8 41 8 35 25 17 12 24 44 48 2 36 33 8 47 9 18 1 18 29 49 38 21 5 32 8 21 21 24 44 43 13 19 50 34 0 14 16 4 
25 21 35 43 27 4 4 1 3 18 3 7 31 1 19 20 29 20 21 4 4 17 47 42 50 50 6 39 17 33 25 34 43 14 26 48 45 7 12 17 1 32 5 4 18 18 14 43 45 49 21 14 43 13 1 8 24 44 43 28 49 15 34 20 43 19 0 14 17 
25 21 26 23 9 5 3 23 12 44 24 33 36 14 45 18 13 11 42 31 14 19 24 2 15 35 18 37 48 36 11 50 4 48 18 24 24 49 6 39 11 29 46 31 20 10 42 36 20 16 8 33 28 34 3 7 48 24 9 24 37 17 25 27 33 24 30 0 39 
46 22 44 14 6 3 20 36 23 43 32 5 44 33 17 32 29 28 22 20 45 12 27 1 41 32 3 45 4 20 49 46 30 3 41 49 23 44 28 26 14 18 34 5 43 4 31 5 50 44 49 6 3 10 45 35 46 44 24 24 1 26 32 4 45 36 25 41 0 
