6
10
49 0 7 9 41 6 31 39 23 11 14 
3 24 0 28 4 34 1 20 31 42 44 
41 35 44 0 10 10 7 37 10 35 25 
16 37 17 27 0 38 41 19 26 45 44 
30 18 17 17 31 0 44 38 9 28 1 
20 19 19 41 24 15 0 14 49 31 49 
44 30 39 37 48 16 7 0 2 17 44 
33 44 37 48 15 24 18 27 0 30 17 
20 28 32 35 6 47 19 27 4 0 24 
27 20 46 46 50 1 29 31 19 15 0 
38 0 37 43 35 18 26 33 21 27 50 
47 38 0 20 14 30 17 48 4 31 2 
48 30 48 0 43 17 14 49 41 49 15 
45 38 8 15 0 30 33 35 48 17 31 
14 48 50 4 28 0 40 50 32 16 33 
3 25 1 18 18 8 0 39 50 18 5 
27 43 23 13 6 9 30 0 6 35 48 
32 50 38 50 38 50 31 44 0 16 28 
14 17 26 16 12 20 38 40 47 0 23 
45 36 30 12 5 22 26 38 49 19 0 
10 0 44 48 19 2 4 38 1 30 18 
28 46 0 34 41 42 10 17 7 2 36 
22 40 10 0 12 3 47 20 27 46 16 
25 43 45 48 0 18 20 20 7 15 9 
33 37 11 29 46 0 50 2 40 21 45 
5 19 37 14 47 20 0 35 36 16 6 
34 12 5 15 44 35 1 0 37 23 22 
41 11 43 43 4 36 30 31 0 17 4 
45 31 6 2 12 6 6 32 2 0 49 
36 34 41 9 26 22 32 47 36 11 0 
50 0 15 17 50 4 45 27 44 10 12 
40 5 0 20 13 11 3 6 4 3 39 
29 19 36 0 25 37 8 20 34 18 32 
4 34 46 6 0 5 30 14 7 48 17 
29 13 22 41 9 0 31 14 29 49 23 
16 29 44 47 32 31 0 30 43 13 47 
25 44 26 29 8 6 10 0 14 8 31 
39 49 7 37 10 17 47 46 0 16 6 
44 42 35 46 17 26 41 49 24 0 24 
1 22 44 2 43 36 37 44 33 3 0 
22 0 50 21 19 34 17 23 7 38 16 
35 35 0 28 8 3 34 9 31 12 32 
16 12 41 0 35 31 18 6 5 45 24 
31 3 13 13 0 35 45 21 17 12 50 
4 34 11 9 40 0 16 44 37 49 9 
28 6 33 1 38 11 0 10 37 39 16 
12 18 13 15 35 32 23 0 15 23 9 
14 42 20 13 29 32 1 32 0 45 15 
25 20 7 36 46 26 21 13 25 0 25 
35 34 29 46 39 37 21 47 24 8 0 
44 0 29 14 41 46 36 37 20 22 7 
10 28 0 42 24 42 43 11 28 19 10 
12 10 41 0 49 24 30 14 24 25 43 
11 5 8 38 0 22 46 6 16 40 10 
39 1 41 19 16 0 8 42 6 4 47 
26 44 28 15 47 34 0 39 16 18 17 
23 14 46 30 46 5 21 0 5 2 47 
37 46 38 9 21 11 20 22 0 34 17 
39 8 20 29 18 18 28 44 42 0 38 
7 41 49 24 37 26 6 11 24 11 0 
