7
24
21 0 46 45 24 50 27 23 28 7 44 10 22 28 19 24 50 15 15 28 33 16 20 34 28 
24 15 0 38 43 19 2 47 30 4 7 5 30 19 7 43 11 36 7 48 29 18 12 26 9 
41 24 41 0 12 45 43 14 1 12 18 50 36 40 31 10 5 47 31 18 21 14 45 31 9 
23 18 47 10 0 23 6 10 13 39 29 2 46 12 36 36 12 44 4 18 2 7 7 22 6 
47 43 33 38 44 0 6 46 46 44 33 39 27 46 5 29 7 8 38 48 11 29 15 44 11 
45 7 28 10 28 29 0 2 16 47 41 14 30 23 23 19 34 34 7 3 29 47 9 16 39 
26 11 44 20 10 11 28 0 32 50 22 43 38 28 36 19 15 32 24 31 5 42 50 35 36 
19 14 28 22 13 16 15 36 0 42 39 35 17 36 33 6 36 14 32 31 2 30 32 6 48 
38 38 48 23 29 11 48 27 27 0 8 1 47 34 6 20 34 8 8 46 39 2 2 29 49 
19 45 42 10 19 33 6 38 9 30 0 35 25 18 42 8 31 42 9 41 29 32 10 3 8 
12 47 44 23 36 17 47 37 10 49 5 0 35 19 38 8 44 2 13 39 5 22 45 17 16 
50 15 48 43 12 1 18 10 42 34 48 23 0 39 34 2 42 33 48 15 19 37 23 13 4 
2 48 27 19 21 49 37 17 31 29 23 21 20 0 4 26 10 32 46 43 36 40 35 5 19 
12 47 22 24 31 48 30 28 3 45 42 14 25 49 0 39 44 48 31 43 11 11 31 22 30 
23 6 38 42 31 28 14 17 43 8 8 25 28 13 37 0 33 49 46 19 26 12 12 36 34 
7 50 38 9 43 44 9 31 26 42 1 25 11 38 47 26 0 31 26 22 17 41 15 16 35 
45 10 12 15 13 47 18 12 20 4 36 32 40 5 24 50 50 0 28 50 36 12 13 23 12 
49 43 45 37 41 19 43 43 34 4 15 34 32 44 18 29 24 40 0 5 7 3 16 37 26 
2 22 18 14 16 31 23 33 38 1 16 20 2 32 22 1 11 43 48 0 36 40 41 18 6 
10 21 13 23 8 16 10 34 7 19 35 19 2 30 27 4 31 33 47 32 0 28 49 27 42 
18 5 47 10 18 1 36 12 4 13 5 45 18 50 25 22 42 33 14 33 48 0 3 50 32 
17 45 6 8 45 37 28 12 45 21 5 4 20 50 16 7 34 24 15 40 25 32 0 36 31 
8 25 40 45 35 44 45 16 5 15 44 23 46 29 17 17 35 44 1 48 46 22 3 0 42 
18 8 50 25 38 11 7 35 10 25 50 21 48 33 27 1 27 40 49 5 7 43 12 5 0 
7 0 49 5 32 32 39 36 36 22 49 28 28 44 21 28 44 8 9 14 21 30 47 20 2 
17 1 0 21 6 24 48 36 26 47 46 18 40 7 26 4 22 40 14 49 50 6 50 7 7 
13 5 47 0 48 30 41 26 11 29 3 15 31 18 30 13 25 13 2 31 49 3 38 38 33 
6 42 32 16 0 48 21 46 18 45 15 44 19 2 38 46 6 21 7 12 4 12 23 4 10 
1 25 37 4 19 0 8 4 26 18 15 43 38 10 10 13 9 8 47 37 3 37 45 23 26 
7 26 29 47 27 35 0 21 33 38 22 15 24 35 42 50 37 12 19 2 38 46 9 47 11 
44 3 46 15 37 2 23 0 7 2 11 48 44 30 7 49 33 44 10 50 38 45 40 25 16 
48 50 41 19 43 36 30 48 0 29 18 3 24 39 7 47 37 50 9 23 24 44 7 7 5 
20 19 44 36 10 9 17 5 29 0 31 18 37 11 4 14 16 31 1 15 13 5 26 44 38 
14 13 39 37 18 2 22 42 43 37 0 50 24 43 44 39 21 1 49 45 9 39 10 27 46 
45 7 43 44 42 45 1 44 26 7 23 0 47 21 31 38 28 9 27 44 25 5 40 24 37 
12 45 12 6 31 36 49 5 37 43 42 11 0 10 28 50 49 36 7 49 36 22 43 50 21 
11 18 50 13 16 3 42 5 33 6 33 48 34 0 45 13 41 8 19 10 28 39 28 19 32 
27 46 40 49 42 39 16 20 45 42 46 14 36 36 0 39 35 2 37 28 4 46 2 15 41 
44 9 28 3 33 22 32 34 50 19 36 20 13 44 14 0 45 40 13 4 43 50 50 5 22 
30 26 27 3 50 15 36 25 32 50 5 34 11 13 37 24 0 10 13 15 18 1 20 22 9 
24 34 15 34 49 23 41 45 4 6 23 7 46 30 35 36 33 0 12 39 14 39 31 35 27 
26 31 33 38 36 38 22 11 5 18 29 17 50 3 27 10 9 10 0 30 5 40 30 28 31 
28 29 35 39 31 8 20 44 49 38 8 19 40 4 10 16 34 13 3 0 28 1 18 36 30 
35 29 6 30 1 30 37 46 3 3 10 7 3 33 30 47 48 36 18 12 0 46 9 20 6 
50 15 22 28 28 1 30 10 44 5 5 3 3 41 44 20 1 12 16 38 44 0 4 13 1 
33 7 30 16 1 24 35 27 9 50 30 37 9 10 19 2 23 50 13 49 29 28 0 44 8 
42 49 12 34 43 33 13 47 2 21 45 21 21 15 10 20 21 28 44 4 11 8 11 0 42 
43 14 15 44 41 15 23 5 13 23 24 3 13 1 35 27 38 34 35 39 15 49 32 8 0 
41 0 44 29 2 35 41 47 35 38 20 41 29 18 19 6 37 49 41 8 49 41 7 8 20 
44 17 0 16 28 23 23 28 45 33 8 4 48 37 22 21 23 26 40 16 44 11 7 9 19 
29 49 40 0 25 41 33 18 34 37 9 8 18 25 20 13 15 43 46 46 11 16 9 50 28 
20 35 23 2 0 42 14 10 37 9 48 50 24 34 3 5 1 40 20 12 28 14 3 49 7 
28 2 1 15 11 0 48 4 20 50 13 5 6 10 16 42 23 50 21 10 28 21 39 32 40 
42 46 22 46 48 22 0 15 18 37 17 25 41 14 46 27 11 44 30 25 21 49 49 41 24 
28 39 29 43 43 21 36 0 39 21 12 23 16 27 8 23 28 49 37 19 44 42 2 10 5 
45 49 34 42 15 11 41 44 0 5 48 19 9 44 22 25 17 31 36 21 2 23 11 35 37 
7 47 23 12 31 48 33 27 30 0 24 48 45 38 45 24 10 21 30 12 30 40 15 35 27 
13 3 13 6 31 8 33 35 14 47 0 35 19 38 30 14 8 16 42 29 20 24 31 29 36 
13 11 32 44 50 6 48 42 12 46 50 0 28 35 27 47 23 42 14 31 41 10 6 22 42 
17 4 14 48 37 16 3 32 24 27 44 20 0 27 39 36 9 50 44 7 43 30 36 24 39 
46 6 29 11 50 39 27 7 40 41 28 46 42 0 1 6 47 43 18 4 8 33 27 47 3 
29 22 42 17 49 30 12 31 30 25 2 31 38 43 0 33 36 1 37 31 36 12 40 17 50 
39 11 50 12 32 17 7 20 10 26 33 28 47 10 8 0 10 29 47 16 17 49 25 10 1 
36 19 7 46 46 11 42 40 6 43 28 38 30 50 49 14 0 19 33 21 12 10 5 40 41 
29 21 8 15 24 50 1 14 2 50 27 14 10 11 24 50 34 0 44 23 5 33 21 30 29 
49 3 49 16 4 48 41 31 30 16 18 26 3 28 16 6 42 14 0 37 31 24 36 5 9 
10 22 29 17 33 36 9 9 42 30 17 22 2 35 11 5 9 46 35 0 45 44 49 47 6 
28 17 13 19 34 49 5 13 48 40 7 32 19 25 49 44 7 9 35 24 0 12 45 4 7 
4 32 23 28 1 11 16 11 26 23 40 16 23 41 26 43 25 4 24 13 28 0 29 37 35 
48 41 38 35 15 24 45 33 13 6 15 2 27 27 13 38 24 47 7 46 35 34 0 22 17 
33 42 49 8 22 42 29 26 46 39 31 11 23 31 47 2 29 7 3 18 26 24 16 0 48 
42 36 39 32 22 41 50 15 20 22 2 23 26 37 11 22 27 40 7 39 47 3 16 43 0 
50 0 5 17 29 31 4 41 10 27 1 17 37 4 48 4 5 40 17 41 2 29 25 27 43 
46 32 0 42 37 17 28 2 40 20 46 33 17 24 21 34 16 31 43 46 26 20 25 18 30 
36 2 50 0 31 12 15 14 26 29 25 33 50 13 5 43 50 49 28 17 9 15 37 32 19 
33 25 21 37 0 29 2 23 22 14 12 1 16 29 21 28 6 32 8 39 50 39 34 4 27 
50 47 27 42 9 0 9 15 49 21 31 48 37 44 28 48 28 3 12 36 1 4 28 21 28 
1 11 28 8 49 33 0 30 50 22 44 38 32 25 31 13 5 47 2 46 48 24 41 13 5 
11 11 47 28 48 3 23 0 22 26 49 42 48 32 8 1 39 1 49 16 50 40 16 3 22 
49 31 4 2 33 24 5 11 0 49 24 48 38 36 3 2 20 22 16 6 27 40 16 24 40 
2 8 47 26 25 13 15 45 9 0 25 29 18 49 21 40 3 45 32 50 9 10 13 3 49 
48 47 29 24 11 27 33 34 8 15 0 1 25 27 30 36 36 9 3 30 11 24 35 21 1 
27 3 32 8 16 15 30 39 5 49 28 0 29 34 42 35 32 43 46 10 34 21 15 27 16 
47 14 1 8 34 43 25 14 26 29 48 8 0 45 25 18 44 35 12 21 29 2 7 3 17 
19 48 19 29 25 37 31 12 27 17 12 2 14 0 23 6 13 24 15 3 6 45 28 37 18 
28 17 50 9 45 48 14 40 12 34 39 36 24 47 0 39 40 49 36 31 29 14 16 30 13 
7 8 5 37 5 47 23 42 11 1 1 9 38 22 17 0 30 3 22 41 30 34 20 39 28 
27 14 8 9 47 9 4 13 37 37 2 38 44 28 36 16 0 12 48 25 23 47 30 2 27 
20 2 26 42 26 50 29 37 19 28 11 41 39 15 45 3 48 0 38 23 2 20 30 36 26 
37 26 19 37 45 17 32 47 12 31 39 46 34 13 37 37 9 16 0 19 16 18 45 27 48 
3 23 26 9 8 1 7 41 16 1 5 1 32 42 43 3 47 14 29 0 9 26 50 19 35 
2 36 43 5 11 21 8 43 49 22 34 23 41 23 39 12 24 49 30 33 0 8 37 6 17 
23 17 20 4 16 19 22 4 4 41 8 23 8 3 30 46 44 13 2 10 9 0 21 13 24 
26 18 35 27 20 37 28 15 30 27 32 45 1 4 28 31 50 31 19 50 16 16 0 5 22 
20 35 40 45 35 47 9 3 5 47 29 49 35 46 34 18 14 43 44 31 21 36 45 0 40 
36 22 11 28 2 13 8 10 14 13 8 36 47 33 30 34 19 29 41 5 25 30 47 4 0 
48 0 1 37 24 22 24 2 34 40 1 10 14 36 31 2 42 39 19 35 22 39 48 22 31 
13 11 0 13 42 46 41 15 7 25 7 30 1 27 35 38 40 12 24 47 47 24 17 48 38 
28 49 16 0 7 45 25 16 50 30 6 11 12 11 10 38 49 36 4 39 30 2 1 15 4 
31 45 11 15 0 2 25 7 47 14 25 15 47 26 9 13 1 41 31 22 21 25 27 29 2 
37 48 11 21 28 0 18 37 28 35 12 26 50 14 2 49 5 50 14 49 37 46 42 24 28 
41 39 40 21 30 44 0 30 5 17 9 29 4 15 37 20 46 39 37 13 14 34 13 37 39 
32 17 22 11 28 43 7 0 46 25 34 30 40 29 16 48 41 33 21 34 6 24 45 41 14 
45 3 48 9 29 10 44 29 0 2 1 39 14 23 19 27 24 3 33 30 31 7 31 18 23 
40 23 32 13 30 32 15 38 26 0 9 16 26 46 48 17 16 40 2 38 28 27 35 18 14 
44 10 4 41 15 10 7 15 36 25 0 20 6 29 32 49 20 36 2 38 14 3 2 29 5 
17 15 42 6 43 40 47 5 5 18 19 0 20 29 25 23 17 2 2 40 21 29 12 37 9 
3 18 42 26 48 5 12 43 32 49 25 1 0 18 2 23 47 29 15 2 12 13 30 42 12 
29 21 13 2 13 8 26 6 28 34 3 25 48 0 21 8 1 6 27 38 30 50 23 49 1 
30 44 42 15 10 26 46 24 27 31 47 27 43 10 0 30 24 24 20 23 35 50 48 49 8 
8 1 6 36 42 12 13 7 22 12 23 20 17 12 46 0 3 38 29 49 18 25 31 9 46 
47 14 7 31 50 14 2 32 45 35 8 10 20 10 33 15 0 18 41 5 31 38 11 8 13 
25 21 48 21 50 31 34 27 43 10 40 28 6 33 8 9 11 0 41 25 32 5 36 33 28 
47 34 50 34 26 29 9 37 7 45 6 29 17 31 32 15 1 31 0 18 11 21 6 10 36 
34 47 20 48 37 27 9 39 38 21 25 17 31 50 1 14 2 4 22 0 12 27 29 43 31 
9 11 31 24 19 23 7 41 25 15 1 30 9 11 50 31 37 18 42 46 0 7 16 34 2 
30 4 9 18 35 48 10 5 5 40 39 26 46 35 20 16 15 34 42 17 50 0 22 6 41 
4 41 26 10 38 47 24 44 28 30 44 16 14 39 7 27 5 46 25 20 23 25 0 35 2 
48 26 32 23 24 17 3 9 49 19 15 44 23 50 17 8 16 46 49 16 42 5 2 0 26 
28 15 12 4 47 36 19 30 6 25 13 12 16 2 20 11 28 36 18 46 25 13 5 6 0 
29 0 17 5 27 26 20 11 43 24 7 46 9 5 49 12 13 50 36 38 49 38 6 43 15 
27 38 0 38 6 38 7 2 15 11 7 25 30 32 42 4 37 14 20 38 10 6 11 7 29 
24 5 46 0 40 26 7 18 24 25 41 1 38 32 5 6 18 5 32 49 49 25 32 32 8 
32 2 35 19 0 18 34 9 17 32 10 33 33 12 13 39 4 39 1 6 42 42 17 5 10 
14 21 5 25 12 0 9 4 42 24 38 8 25 23 50 7 42 32 35 7 23 23 23 7 43 
43 46 10 25 27 41 0 17 16 47 26 5 47 29 35 5 24 6 41 10 24 5 15 31 40 
44 15 10 8 11 33 38 0 42 15 12 32 16 49 30 16 34 22 43 28 48 46 10 13 48 
30 33 17 32 14 33 39 29 0 15 20 31 12 31 9 6 14 38 14 33 18 3 40 25 26 
25 27 3 12 37 34 45 34 3 0 13 28 28 16 6 28 32 23 4 1 30 49 4 3 13 
38 15 10 33 28 45 45 41 8 42 0 7 37 31 27 42 32 26 47 10 19 32 28 49 33 
36 1 45 50 39 46 27 22 24 40 25 0 23 24 13 6 8 18 38 20 25 50 42 2 47 
12 20 4 3 44 35 32 11 17 28 47 28 0 1 46 3 13 15 36 14 42 3 20 8 14 
41 3 1 44 8 24 34 45 50 49 38 19 42 0 25 28 40 9 15 7 47 16 29 8 22 
35 8 10 14 29 10 44 43 12 41 12 42 34 38 0 3 43 44 3 28 2 9 34 21 40 
8 24 33 39 13 11 48 13 45 30 9 50 14 20 17 0 40 5 45 7 2 14 36 6 21 
12 15 3 13 1 6 13 2 38 21 7 5 27 5 30 2 0 43 49 47 5 30 4 29 25 
37 39 47 15 27 19 26 22 19 13 28 49 8 36 12 40 17 0 8 13 44 14 12 13 1 
15 6 10 15 40 2 42 9 37 29 27 13 9 49 25 19 45 35 0 37 15 28 32 44 8 
38 8 38 22 42 35 12 25 26 47 50 22 10 12 33 17 22 20 13 0 30 9 49 31 19 
33 44 50 29 26 49 23 34 12 2 28 32 15 20 18 2 18 2 37 13 0 50 4 10 33 
3 20 44 9 19 15 49 40 28 19 39 48 35 33 49 28 25 16 10 9 35 0 2 2 2 
2 12 13 7 12 18 20 30 35 17 27 6 6 15 16 48 4 38 4 46 31 20 0 17 35 
4 10 39 34 44 2 49 2 19 42 7 8 3 42 28 10 50 9 14 19 7 44 23 0 10 
1 12 5 47 48 7 21 33 45 28 4 3 30 36 37 33 18 26 38 14 8 8 46 12 0 
10 0 44 47 23 6 49 28 11 37 29 33 32 47 3 4 13 21 24 14 25 39 26 31 14 
23 31 0 1 32 6 9 3 44 17 44 37 4 10 49 28 47 1 44 16 2 4 5 37 16 
22 26 44 0 35 45 22 24 35 14 33 50 25 48 47 5 28 26 40 16 3 16 50 3 22 
47 17 25 45 0 10 29 11 18 45 36 10 31 16 19 49 46 21 2 40 28 50 3 49 4 
40 38 26 15 40 0 35 50 22 23 22 38 28 47 29 25 36 23 32 31 13 37 25 13 8 
41 20 33 14 10 25 0 23 44 19 21 6 23 3 46 29 11 36 39 8 45 31 22 49 42 
28 5 6 18 23 37 18 0 15 26 19 24 21 2 36 12 48 49 45 10 27 23 3 34 27 
4 21 28 49 17 18 28 20 0 21 41 37 6 20 6 22 33 3 41 48 35 23 8 9 50 
27 10 46 37 13 23 19 26 22 0 29 14 3 10 20 49 8 42 5 50 11 50 7 29 44 
24 27 24 33 5 50 5 46 12 28 0 23 8 23 41 8 49 23 11 35 42 43 19 24 34 
43 40 43 18 9 49 50 21 32 3 14 0 36 49 37 21 22 25 18 42 32 47 42 36 1 
48 1 39 39 22 37 2 5 4 41 40 15 0 7 37 38 14 28 2 26 20 28 23 1 36 
41 13 18 25 28 42 37 2 5 43 21 9 10 0 11 49 45 2 9 32 9 47 6 16 38 
31 28 4 46 16 16 24 26 1 3 49 10 20 27 0 28 13 4 39 10 14 17 29 4 18 
4 31 18 19 42 42 40 35 47 30 44 50 39 42 36 0 40 20 46 9 8 13 40 25 26 
32 19 6 9 46 2 21 2 25 37 42 35 48 6 35 9 0 14 15 13 41 33 28 25 12 
3 21 45 22 21 47 5 15 7 43 37 23 37 32 39 46 9 0 43 26 2 1 2 42 14 
11 1 44 48 27 35 43 5 45 44 6 26 7 50 32 28 32 27 0 29 6 19 12 22 32 
26 18 32 41 3 23 12 2 29 32 11 21 3 7 39 22 1 32 28 0 44 27 14 39 10 
11 48 21 24 23 37 46 49 29 12 23 10 4 2 3 23 33 4 47 26 0 39 11 25 25 
39 8 5 37 35 28 6 13 29 22 30 5 3 38 29 43 37 12 42 41 35 0 29 18 49 
30 6 12 23 17 13 21 1 24 46 35 16 32 9 15 2 7 11 31 32 23 49 0 20 45 
25 5 40 28 19 34 41 10 40 7 8 30 17 34 46 17 1 30 32 7 4 14 11 0 28 
48 41 35 25 49 36 27 32 36 18 48 13 24 44 32 40 6 25 26 26 1 35 35 23 0 
