7
22
19 0 17 26 2 5 40 28 28 45 7 37 44 9 17 4 37 23 3 26 44 3 46 
18 43 0 14 1 2 31 41 22 10 4 14 5 20 25 37 39 26 4 9 29 41 18 
15 24 42 0 8 31 10 30 17 22 23 44 24 50 33 39 5 38 48 38 24 47 33 
30 5 47 29 0 1 35 28 22 35 25 5 50 28 41 9 45 50 31 43 44 32 42 
11 47 26 4 1 0 21 16 12 42 18 22 32 44 38 11 2 10 45 39 50 38 20 
19 50 6 48 47 44 0 48 7 31 3 1 39 44 50 4 48 35 7 6 23 33 38 
29 46 48 21 34 49 22 0 48 6 32 4 41 29 26 49 3 25 23 15 35 37 19 
32 5 44 12 49 13 11 33 0 45 15 37 31 22 10 1 26 11 50 36 34 48 19 
35 4 22 29 50 32 33 34 9 0 49 1 11 15 43 28 23 1 10 37 23 38 40 
4 48 4 39 2 49 13 15 50 4 0 21 13 21 41 40 21 14 29 50 11 6 39 
30 12 45 9 49 38 50 27 47 25 32 0 46 50 24 25 11 30 34 22 44 49 48 
40 3 22 37 33 31 46 9 24 28 34 16 0 18 43 44 44 50 25 16 24 7 46 
31 25 42 17 46 3 49 16 39 13 41 33 22 0 43 37 12 6 20 31 39 2 4 
12 34 6 32 18 37 35 48 29 25 42 45 22 48 0 46 17 35 44 10 8 39 22 
25 36 22 2 7 38 20 47 44 18 44 28 13 8 11 0 15 36 13 32 42 34 16 
41 28 21 40 17 39 35 37 30 45 15 41 10 21 11 16 0 30 47 29 32 32 24 
1 45 35 38 6 21 9 47 26 48 38 10 45 44 31 18 22 0 31 12 7 39 50 
13 23 49 41 4 20 33 36 14 3 34 18 27 27 6 29 34 15 0 29 34 19 18 
4 50 26 17 36 13 25 48 21 25 35 1 32 13 40 16 17 39 14 0 41 34 36 
26 27 17 4 13 43 48 47 29 6 32 46 19 49 15 37 34 21 11 16 0 32 10 
33 27 46 43 39 18 49 40 20 28 34 18 25 49 50 33 50 33 1 24 47 0 30 
19 36 44 42 2 30 6 43 30 19 4 17 44 41 9 20 4 30 48 39 36 5 0 
13 0 2 25 16 38 2 22 29 15 8 13 4 8 10 50 48 17 20 35 28 49 15 
15 8 0 5 10 24 31 29 21 27 8 44 15 24 43 17 36 43 4 22 1 4 47 
4 41 33 0 49 20 7 14 29 5 9 6 48 37 17 11 28 28 41 1 45 32 6 
10 44 37 8 0 31 31 28 32 6 48 12 18 4 15 27 26 11 23 7 48 3 36 
10 26 6 50 25 0 15 26 31 1 10 15 49 32 40 12 13 26 34 2 24 3 8 
36 20 13 47 1 2 0 31 29 38 34 3 24 35 11 3 32 7 13 6 25 48 3 
4 6 34 38 15 49 48 0 24 47 30 33 2 40 37 37 28 14 24 1 22 22 31 
46 8 6 1 10 45 28 39 0 19 29 10 34 16 8 14 14 38 32 32 14 38 23 
42 33 21 17 45 29 49 32 25 0 27 31 23 11 26 33 14 40 4 47 8 12 5 
42 7 21 30 15 1 37 20 41 8 0 44 23 16 23 30 44 1 49 41 37 4 34 
3 44 47 38 31 24 43 28 18 31 12 0 37 42 15 46 15 15 49 45 6 36 23 
30 38 10 11 35 46 4 48 18 25 1 8 0 4 28 33 27 20 13 27 13 41 13 
12 29 31 16 48 36 35 42 42 49 49 30 14 0 10 28 21 40 47 25 20 14 37 
37 34 11 19 32 38 29 33 29 23 33 17 27 32 0 30 19 49 18 14 26 34 2 
10 25 14 24 49 50 23 31 38 21 50 25 43 47 5 0 29 5 48 13 10 21 26 
48 48 34 47 41 21 49 8 7 38 4 35 25 37 6 8 0 39 30 10 49 36 13 
18 2 39 34 14 20 13 17 14 24 31 34 27 17 41 3 9 0 2 33 30 14 12 
21 8 22 19 24 47 9 34 50 23 41 35 30 32 9 8 8 29 0 46 41 25 30 
4 42 10 39 18 37 21 8 17 6 49 6 31 32 12 46 47 16 8 0 31 24 9 
44 43 37 10 45 2 45 4 35 24 37 42 4 31 9 36 30 23 13 43 0 7 36 
37 24 1 27 46 12 33 30 34 45 7 46 48 18 2 9 43 19 13 13 21 0 25 
20 40 28 31 38 11 36 35 18 32 3 8 6 14 9 18 7 34 22 5 41 43 0 
36 0 9 33 42 34 22 31 44 30 45 16 12 5 11 50 16 25 22 44 49 28 25 
44 41 0 12 39 50 25 13 29 41 16 35 28 5 20 48 46 28 15 5 24 2 9 
43 45 9 0 48 19 41 10 50 11 42 15 11 15 43 30 46 22 6 32 2 4 50 
27 28 6 30 0 18 29 45 30 44 4 24 36 48 18 30 2 7 22 20 41 5 44 
13 45 5 5 17 0 33 43 49 43 1 5 43 18 32 42 39 24 32 6 32 49 12 
38 30 45 12 16 20 0 50 10 32 13 45 34 16 12 25 13 12 13 37 45 12 23 
31 6 1 49 10 18 49 0 39 36 24 45 1 8 26 11 6 17 24 50 33 19 43 
48 34 17 31 15 11 20 44 0 45 4 1 15 50 40 12 17 10 33 12 44 27 22 
39 15 5 50 3 7 46 14 46 0 29 5 38 8 17 33 30 4 38 19 42 29 42 
1 44 26 22 44 50 14 17 22 26 0 16 27 46 2 27 15 9 14 49 31 8 22 
10 13 33 45 35 31 30 24 25 36 43 0 47 15 11 24 32 13 46 1 29 8 29 
22 31 22 31 4 39 30 6 44 48 35 29 0 34 14 39 50 16 34 38 48 1 31 
34 49 38 16 41 28 1 3 31 29 14 31 41 0 2 24 4 27 41 45 20 42 45 
13 36 28 11 43 14 30 18 42 11 29 42 48 23 0 44 38 48 3 5 41 18 6 
15 3 24 38 26 13 7 47 3 31 39 39 36 3 39 0 31 35 37 24 14 38 4 
3 49 5 1 10 40 44 43 15 1 28 7 21 25 38 5 0 39 18 12 45 8 48 
3 9 37 42 50 18 18 19 18 5 19 12 1 25 34 25 3 0 18 4 11 17 39 
12 30 33 14 43 31 49 6 2 43 47 5 47 47 14 19 40 27 0 25 47 33 24 
38 9 25 14 22 14 16 45 42 47 32 14 47 8 9 37 25 38 20 0 13 3 27 
15 46 28 38 11 34 28 27 36 20 6 38 42 24 40 30 9 35 41 8 0 1 50 
24 33 50 7 10 4 2 38 27 21 22 12 44 29 36 34 3 32 17 15 11 0 12 
9 9 17 36 48 45 29 35 23 45 26 16 23 45 39 5 24 25 26 49 44 36 0 
17 0 30 30 11 45 26 33 9 42 37 39 12 25 41 40 25 6 8 10 43 49 27 
37 29 0 7 41 46 49 9 42 40 13 19 24 43 37 7 37 1 4 3 14 4 40 
27 11 21 0 48 15 50 19 18 39 2 38 41 44 1 5 4 30 34 1 50 47 27 
44 2 49 4 0 19 19 8 7 40 35 23 47 3 46 20 48 34 9 24 22 24 17 
37 2 43 6 33 0 47 24 19 14 5 43 1 18 20 50 11 32 50 11 33 12 3 
18 47 49 9 35 33 0 1 42 26 26 3 27 16 47 12 13 37 12 34 21 21 19 
5 2 29 1 49 23 28 0 24 12 42 6 34 35 46 7 25 13 42 19 23 29 18 
49 41 5 4 50 19 14 50 0 50 41 33 50 43 47 31 34 35 28 15 3 14 11 
22 32 13 16 6 12 49 42 3 0 49 40 38 4 39 47 45 24 9 10 12 43 15 
2 36 4 10 45 29 8 42 8 26 0 4 38 19 23 41 35 14 2 1 8 39 34 
10 6 44 42 37 40 4 7 44 3 19 0 8 31 28 12 46 18 21 35 11 41 14 
34 17 20 25 5 39 46 8 11 35 26 18 0 26 49 17 3 42 18 38 2 33 2 
19 11 42 14 23 18 35 31 23 29 44 46 22 0 28 23 13 36 16 11 36 42 34 
33 14 2 14 30 16 29 18 24 39 32 33 48 10 0 33 41 17 29 24 31 13 48 
25 30 27 40 31 29 33 23 42 47 10 36 29 29 13 0 9 38 20 2 6 6 5 
15 40 30 14 30 45 49 33 13 11 22 36 39 22 38 40 0 35 50 35 1 48 35 
23 13 31 5 28 8 41 4 30 8 42 21 16 37 10 18 50 0 38 24 9 35 50 
14 43 40 41 21 48 35 2 21 5 7 31 18 18 33 26 18 42 0 43 10 31 15 
44 19 7 2 31 18 1 47 28 40 1 24 49 38 15 38 38 43 19 0 29 37 38 
14 36 20 43 35 24 21 33 17 25 19 50 50 22 35 20 18 18 1 25 0 28 18 
30 44 20 45 12 30 4 50 41 3 28 7 6 22 32 39 33 28 27 46 23 0 26 
5 49 39 43 4 18 26 2 28 12 11 46 6 26 23 41 13 41 29 18 35 16 0 
22 0 44 17 13 38 30 35 23 49 33 46 5 40 21 7 19 27 37 25 40 25 17 
46 10 0 17 7 16 43 16 36 17 6 41 40 27 45 27 41 30 47 17 5 14 29 
1 1 37 0 3 34 44 14 42 44 46 41 6 48 7 47 32 15 43 8 14 16 40 
14 50 45 12 0 42 37 7 28 23 21 3 18 9 16 20 14 9 22 22 25 13 46 
49 21 48 20 44 0 48 32 24 48 1 13 11 37 37 8 23 2 28 36 16 23 21 
4 30 49 32 13 1 0 35 36 42 41 28 19 2 24 15 23 44 9 47 50 23 3 
6 48 29 33 6 36 20 0 45 40 48 23 29 18 18 22 12 36 31 39 12 9 23 
34 19 36 35 9 30 34 27 0 20 24 48 2 25 1 3 30 46 49 17 48 2 31 
46 24 7 47 2 32 24 16 11 0 12 44 34 15 11 48 22 28 41 11 13 29 50 
31 16 43 22 9 6 36 41 46 12 0 21 4 23 13 28 12 29 2 4 5 14 36 
9 42 36 43 33 25 22 26 37 39 3 0 47 43 41 5 30 23 18 30 21 17 32 
13 11 38 35 44 17 13 9 10 25 36 45 0 8 2 36 17 24 11 19 20 25 33 
2 27 20 37 8 49 30 37 25 44 20 27 30 0 26 6 48 31 6 13 29 30 28 
11 49 34 4 45 7 44 19 2 47 8 30 10 12 0 15 8 9 15 30 23 50 43 
26 32 22 11 12 26 31 14 7 46 4 24 16 22 4 0 5 4 23 43 6 42 23 
20 1 16 45 34 24 47 49 50 7 29 19 24 3 32 35 0 46 19 39 39 40 12 
26 36 46 44 4 5 11 7 31 45 1 3 12 22 45 17 43 0 7 17 9 47 48 
46 48 49 2 23 20 28 25 17 4 33 8 25 30 49 40 20 42 0 38 43 26 34 
18 21 41 11 40 29 27 32 22 32 15 29 41 49 45 3 33 42 30 0 7 29 48 
20 4 47 15 19 3 38 25 21 5 22 12 30 29 11 13 30 49 49 35 0 32 1 
44 47 40 1 46 17 10 47 14 20 6 21 1 37 14 25 11 24 45 48 12 0 11 
7 29 19 17 43 21 12 31 9 44 16 19 11 1 26 18 8 21 15 24 41 3 0 
7 0 9 28 25 49 5 39 25 41 35 40 33 41 12 32 29 25 40 36 33 12 13 
6 32 0 27 14 50 43 17 24 33 38 20 5 22 11 39 19 22 7 42 34 3 32 
30 28 11 0 15 37 29 47 26 38 9 41 45 4 47 48 35 6 47 9 18 2 2 
14 37 40 22 0 41 7 18 30 42 28 10 25 3 49 4 36 6 39 27 8 1 12 
14 28 7 43 21 0 37 2 46 26 35 30 28 14 25 25 16 38 41 8 8 17 13 
35 30 44 50 32 20 0 41 20 42 45 2 3 23 12 15 48 37 31 29 47 3 26 
46 25 35 30 11 41 1 0 37 1 43 45 1 44 28 50 21 6 32 5 6 44 35 
27 12 2 14 1 41 5 27 0 30 21 11 10 35 20 15 3 9 1 20 5 45 9 
8 23 18 37 49 16 26 47 42 0 47 32 11 48 23 28 48 40 10 33 24 13 24 
41 35 44 30 7 3 24 5 37 39 0 40 18 4 30 46 15 43 39 1 33 30 14 
28 24 22 42 25 11 11 10 23 21 46 0 35 32 34 44 19 10 23 24 38 10 43 
21 31 19 49 2 26 18 44 24 31 45 27 0 8 21 9 15 29 13 44 28 17 20 
22 20 48 13 22 24 30 28 10 42 4 36 3 0 42 23 27 9 35 43 30 48 16 
41 6 27 24 11 45 45 11 44 33 27 2 9 50 0 1 40 5 44 14 46 22 3 
23 22 18 18 42 2 4 10 35 37 23 7 30 43 37 0 49 14 36 34 49 49 22 
9 2 33 24 27 20 31 49 17 2 45 39 34 5 6 43 0 4 44 8 34 48 40 
30 3 20 9 4 7 31 29 13 24 4 2 14 17 35 18 26 0 35 30 37 21 21 
13 42 10 32 43 21 32 41 42 15 24 20 22 31 4 18 16 24 0 19 39 40 21 
35 32 42 40 9 36 19 23 5 12 20 10 40 29 50 22 15 10 47 0 23 33 39 
28 44 45 5 15 8 19 6 19 33 31 42 7 28 41 4 13 47 22 19 0 11 12 
1 13 41 26 19 44 10 9 42 18 39 46 4 48 45 5 22 11 4 49 44 0 37 
29 49 22 23 31 11 48 50 1 14 29 16 44 32 14 40 40 25 47 10 41 13 0 
3 0 12 24 44 9 8 25 12 16 12 19 14 34 43 4 47 13 49 12 43 18 26 
17 39 0 4 13 42 33 22 29 2 35 47 17 46 11 49 38 3 40 25 39 49 18 
48 31 49 0 21 36 43 12 49 48 49 46 28 45 36 41 46 17 43 40 37 10 35 
17 18 48 43 0 48 26 46 22 18 29 27 50 41 23 15 22 47 29 17 4 37 49 
22 19 17 14 48 0 7 23 33 49 13 9 13 14 31 23 44 46 37 3 26 32 17 
1 46 45 18 32 46 0 47 12 20 6 48 19 47 30 27 35 29 40 50 35 30 15 
42 28 10 34 49 3 33 0 31 1 11 17 5 18 21 19 31 26 28 37 38 43 3 
15 45 35 44 18 12 9 14 0 27 47 37 36 5 17 8 48 48 44 29 40 5 38 
2 42 12 6 16 49 15 22 49 0 43 23 39 14 15 50 6 36 22 23 38 35 21 
19 33 17 3 23 28 31 43 9 3 0 48 28 44 43 32 12 47 10 50 5 49 44 
13 16 4 44 48 43 8 8 18 18 3 0 32 24 30 40 13 26 37 42 6 34 20 
42 36 22 8 24 25 26 13 39 30 23 25 0 20 2 49 29 30 38 36 2 36 31 
26 12 20 3 23 34 34 13 14 43 10 43 24 0 19 23 41 19 34 33 5 29 24 
10 50 10 38 14 48 7 4 21 33 35 12 11 10 0 38 21 3 42 29 27 17 30 
15 28 28 31 7 40 20 3 20 31 2 2 3 20 44 0 35 20 37 7 10 22 28 
9 12 8 13 3 49 32 41 27 3 7 30 35 33 10 33 0 41 18 35 19 14 5 
11 9 8 19 27 18 22 42 20 8 9 38 20 17 23 44 37 0 21 21 29 5 50 
45 23 36 12 25 37 47 40 25 3 15 5 2 50 6 35 22 14 0 19 35 33 50 
21 48 13 44 11 47 32 14 48 35 50 11 14 35 33 16 43 35 46 0 30 33 6 
23 16 15 24 39 2 50 8 11 21 17 46 2 38 49 31 27 50 9 11 0 6 30 
5 42 36 21 3 7 21 34 39 3 17 16 25 48 30 37 9 30 15 41 25 0 30 
44 19 33 46 17 13 8 47 22 22 1 43 11 24 38 18 49 44 37 27 32 14 0 
