7
30
28 0 34 5 38 36 39 7 29 44 5 31 6 34 25 34 37 41 1 37 49 6 44 35 32 4 8 46 29 2 44 
8 9 0 25 15 10 43 18 11 44 31 17 40 20 13 26 26 28 14 20 13 26 47 13 4 25 34 50 23 35 29 
44 29 28 0 1 47 23 32 20 15 42 19 30 7 6 33 17 25 22 7 28 30 32 9 39 18 12 47 21 41 26 
43 45 27 16 0 38 38 13 19 17 4 45 9 49 29 44 46 40 7 22 8 10 28 17 7 49 12 21 39 33 36 
26 11 29 40 49 0 25 4 41 19 45 4 6 6 3 34 21 34 31 45 23 22 40 50 33 16 16 29 20 18 26 
18 24 37 32 28 34 0 30 10 30 20 43 49 39 27 4 5 23 14 24 28 29 40 45 11 14 36 12 47 24 34 
46 34 24 43 28 31 19 0 25 25 50 42 24 2 25 30 24 1 24 29 12 44 16 46 40 48 28 29 27 18 42 
23 34 36 47 24 9 25 47 0 49 24 36 48 39 25 37 5 39 20 31 41 36 38 18 13 40 31 38 35 46 1 
3 43 7 34 27 8 39 5 1 0 22 49 5 25 6 26 46 27 22 3 43 40 9 46 28 7 35 17 24 7 44 
22 41 2 49 21 44 42 6 48 30 0 17 34 19 10 43 31 13 12 38 44 4 16 32 3 11 44 48 30 27 43 
42 15 48 8 1 8 4 27 35 33 5 0 22 25 24 27 6 41 36 35 27 23 5 37 13 41 6 9 50 38 28 
46 12 29 6 38 2 37 12 10 35 28 37 0 27 5 40 32 42 8 26 6 3 12 45 1 21 38 29 35 18 45 
49 5 39 8 37 43 43 20 37 26 20 29 27 0 1 49 36 28 32 24 9 14 2 24 32 25 35 18 29 35 1 
23 2 45 15 36 23 48 20 19 48 40 22 22 1 0 37 25 35 45 2 35 10 48 12 10 32 48 31 7 33 2 
26 14 35 36 3 18 35 12 15 26 39 8 14 26 20 0 43 30 24 46 1 50 23 28 1 41 26 40 36 34 39 
43 41 38 17 23 26 38 37 48 19 40 24 31 26 46 3 0 34 37 40 39 19 8 12 32 3 3 37 34 46 28 
29 50 29 26 34 48 21 47 4 44 5 43 27 27 12 27 42 0 3 5 39 42 4 46 45 20 35 29 7 14 20 
39 4 42 21 41 40 46 5 42 48 33 38 33 47 35 26 32 35 0 21 26 12 35 30 7 36 25 5 34 7 50 
20 15 33 34 6 2 2 6 37 22 32 37 11 7 7 5 21 50 11 0 44 4 45 36 39 9 5 24 35 35 16 
36 12 49 43 29 18 5 50 41 33 25 26 48 50 45 25 24 23 1 32 0 5 6 23 13 46 25 29 45 26 1 
28 18 21 22 36 20 38 18 28 39 1 22 9 28 20 29 47 37 44 34 31 0 2 34 4 12 31 39 37 48 5 
40 10 24 41 6 7 5 27 14 25 37 7 45 12 31 33 47 45 43 18 29 42 0 1 42 21 27 34 18 10 5 
32 2 21 24 49 42 48 19 23 14 24 20 23 20 48 25 7 22 24 30 34 44 45 0 30 27 48 9 33 20 29 
24 38 18 9 44 36 36 22 14 40 35 29 22 30 44 9 19 32 44 47 20 12 45 31 0 21 38 8 41 48 2 
33 16 49 45 41 37 3 15 27 13 40 36 9 34 45 6 22 15 37 18 29 27 39 24 10 0 12 44 37 38 7 
29 45 25 12 7 19 31 28 40 8 7 5 6 32 7 35 4 11 36 16 16 43 5 30 23 7 0 28 25 35 29 
43 16 27 20 35 45 12 48 27 26 25 45 26 30 12 24 22 7 17 25 9 33 1 23 42 37 40 0 45 40 1 
42 6 43 11 15 41 29 36 48 13 23 7 35 11 41 22 17 26 18 49 35 21 8 11 21 11 15 5 0 29 49 
5 17 8 26 35 20 2 16 15 22 45 36 10 5 2 3 49 41 32 20 20 15 27 41 16 21 49 33 40 0 4 
26 25 8 50 8 7 49 9 26 22 20 2 11 47 4 50 11 3 9 19 12 25 23 9 29 41 41 18 10 14 0 
21 0 19 26 11 47 21 29 11 48 46 5 41 16 10 1 19 4 31 37 17 10 46 25 22 42 2 2 49 21 17 
17 31 0 49 13 2 2 26 50 1 34 22 1 5 13 15 22 10 14 9 10 37 10 32 44 4 26 44 4 19 46 
19 30 40 0 32 30 24 42 3 9 49 44 5 30 3 46 10 41 13 8 21 42 39 40 12 31 7 49 6 9 26 
8 22 31 6 0 16 42 12 24 33 41 30 7 6 11 17 33 30 29 48 45 35 32 47 49 4 31 41 29 1 24 
25 37 45 33 41 0 22 24 25 38 5 49 17 30 17 41 36 33 30 45 49 27 21 8 15 42 27 26 32 3 35 
2 33 24 10 16 44 0 13 24 20 46 9 6 42 44 47 18 3 30 9 19 48 11 34 3 47 5 30 30 41 14 
47 42 23 3 4 16 44 0 20 2 48 24 10 10 50 40 22 29 15 19 24 25 46 24 34 38 41 50 21 13 11 
14 33 33 7 49 17 33 39 0 40 32 25 33 29 12 45 38 1 35 13 26 26 15 12 18 40 2 19 39 16 13 
17 24 7 41 34 41 28 4 1 0 23 39 41 25 38 50 42 17 13 39 50 40 15 8 38 36 50 21 15 17 48 
49 45 23 28 16 1 26 38 28 5 0 11 48 34 40 38 36 41 25 18 48 35 6 50 17 24 2 16 20 6 35 
21 13 37 4 25 45 19 48 23 49 16 0 29 35 35 39 43 32 18 1 50 9 46 47 19 13 43 45 7 4 14 
36 7 33 44 34 48 11 31 16 43 18 43 0 3 20 33 6 22 15 28 32 20 48 20 6 26 25 16 19 41 32 
1 12 44 9 14 10 47 41 1 42 32 2 3 0 8 33 16 44 28 37 8 22 30 30 23 44 38 38 27 19 10 
33 43 40 35 43 6 50 45 6 23 10 31 15 37 0 50 19 46 12 24 10 32 38 32 34 10 21 33 21 15 26 
22 20 23 42 9 40 12 18 16 28 17 49 22 14 49 0 41 16 43 24 26 42 27 4 9 29 45 11 7 25 22 
23 29 31 31 1 40 9 23 28 11 8 28 46 46 43 33 0 17 18 35 20 6 40 48 40 34 46 16 14 14 15 
29 5 44 44 5 38 19 42 13 9 33 43 16 13 18 14 31 0 9 16 46 29 43 22 6 17 33 32 41 47 6 
25 45 10 13 32 3 35 3 42 6 14 25 6 27 37 13 25 35 0 22 20 16 8 49 18 36 36 34 39 27 22 
7 28 45 8 34 39 34 3 32 16 30 29 17 11 32 4 38 45 19 0 5 9 47 20 27 40 17 47 43 28 46 
20 47 26 20 49 36 30 48 43 48 30 22 4 6 41 38 41 38 36 33 0 49 39 20 23 14 10 9 19 18 18 
43 42 26 36 47 34 3 48 13 47 25 41 3 22 26 37 44 14 37 3 27 0 9 7 45 48 31 27 3 7 40 
28 12 30 26 6 38 47 19 10 7 35 44 26 40 8 8 37 49 48 27 17 46 0 32 16 41 34 35 31 38 16 
7 1 41 24 19 13 11 27 17 38 41 26 4 30 18 33 34 18 37 41 45 29 6 0 31 23 32 30 15 35 22 
4 16 31 44 50 35 4 3 21 46 48 10 33 11 37 41 42 3 48 9 50 17 44 48 0 21 29 46 11 1 37 
34 47 42 45 34 25 45 10 30 34 30 32 48 42 43 35 47 45 44 33 41 28 18 27 22 0 37 23 34 24 22 
40 43 2 34 12 1 19 38 27 12 47 32 23 14 30 19 20 2 5 36 33 1 17 19 47 7 0 29 16 23 47 
3 11 37 9 45 37 30 14 31 43 17 9 19 32 36 9 5 4 48 4 17 21 30 38 39 39 27 0 34 38 6 
22 4 16 30 10 36 46 14 19 43 39 7 22 13 20 25 33 35 33 39 2 26 18 19 30 32 32 50 0 20 6 
11 47 27 25 21 14 44 39 23 50 14 42 35 5 16 11 49 17 18 15 7 42 2 49 5 47 36 47 50 0 28 
5 46 44 13 33 43 30 48 43 6 32 44 13 33 25 10 41 14 4 20 34 15 32 6 50 19 45 28 21 24 0 
29 0 47 39 45 46 18 48 23 22 24 31 2 25 13 34 14 30 19 25 45 7 22 43 31 45 40 14 39 14 14 
48 3 0 27 20 28 35 5 18 37 7 13 19 42 31 39 32 41 20 22 37 40 27 4 27 17 7 4 9 1 7 
4 10 9 0 8 27 29 25 6 36 50 9 12 32 18 32 39 31 13 42 13 49 45 18 27 25 21 49 50 3 21 
31 46 18 31 0 4 4 10 34 5 10 7 35 34 22 28 29 45 36 45 29 27 42 17 38 8 10 42 32 34 6 
30 25 4 16 19 0 13 44 2 15 29 30 47 9 32 6 15 12 46 49 47 27 13 6 25 44 40 29 30 24 45 
12 28 1 49 31 32 0 32 19 4 16 35 44 22 16 50 31 33 35 33 44 48 47 33 38 30 17 20 29 22 30 
34 14 29 21 18 2 46 0 10 2 24 33 43 43 34 12 33 42 40 26 14 8 44 48 30 47 16 45 14 20 14 
13 4 48 24 32 21 16 2 0 49 48 35 23 34 9 12 5 4 50 26 47 26 30 4 8 23 40 17 49 24 3 
7 33 41 39 12 30 46 19 3 0 42 18 40 42 28 30 35 11 39 19 42 12 46 38 24 38 33 50 40 2 42 
5 18 28 47 41 2 33 45 48 33 0 10 36 48 35 29 36 39 26 29 38 30 28 30 33 41 12 45 17 1 29 
30 7 17 11 37 1 13 45 37 28 3 0 17 41 37 33 27 49 4 45 3 44 24 11 15 13 27 38 45 6 30 
7 16 45 20 3 3 19 37 48 29 24 45 0 39 2 35 14 38 44 1 15 13 42 22 49 35 6 46 3 48 11 
14 18 39 8 21 37 22 22 34 30 8 12 6 0 17 30 50 35 10 30 50 39 45 45 42 17 16 44 47 35 48 
7 17 39 37 16 6 6 32 31 49 42 17 10 22 0 8 2 36 6 19 36 21 37 23 49 23 19 24 48 41 6 
43 26 37 37 23 41 23 20 1 24 45 4 30 32 9 0 23 35 23 35 16 30 38 28 50 27 21 45 41 15 47 
33 9 42 25 6 17 30 23 50 17 29 17 6 46 41 18 0 7 42 40 50 34 1 14 25 27 5 48 38 11 2 
47 32 5 5 41 37 12 6 26 43 44 13 24 18 38 13 33 0 32 9 9 15 3 1 16 13 33 45 18 48 1 
19 43 12 48 20 47 12 2 6 5 7 2 16 48 7 22 27 46 0 37 14 23 17 29 3 38 44 31 40 42 8 
42 45 8 26 25 1 2 27 48 42 2 32 27 4 3 14 37 4 9 0 42 7 50 31 34 29 2 14 10 11 26 
16 22 10 48 14 12 44 41 24 6 21 1 48 46 13 41 40 26 50 25 0 7 28 32 50 2 42 14 25 47 23 
38 42 16 23 26 30 22 30 40 41 20 47 31 4 22 6 3 36 21 38 13 0 39 10 37 19 38 41 11 46 23 
49 20 45 2 18 29 35 26 20 34 20 11 36 10 5 11 48 28 29 46 39 29 0 4 9 11 50 32 30 4 39 
39 12 34 18 43 50 3 29 36 43 22 28 16 38 19 2 3 1 32 9 41 14 32 0 50 34 20 17 36 42 19 
47 5 23 32 46 8 28 18 18 5 9 19 42 36 25 12 13 17 41 9 47 32 48 45 0 48 26 30 34 35 23 
34 18 38 18 46 17 6 35 42 11 25 36 33 27 50 22 22 47 26 22 7 1 45 33 22 0 16 8 28 34 21 
29 44 34 46 22 42 31 25 40 8 7 29 25 30 35 12 50 21 45 27 4 34 9 14 16 34 0 23 6 46 31 
10 28 1 22 33 31 3 38 6 9 41 47 7 18 15 29 26 16 49 11 16 37 33 8 17 45 36 0 20 30 38 
19 26 29 10 49 30 28 3 47 4 10 12 15 37 36 8 28 41 49 37 8 8 7 36 15 23 45 44 0 6 39 
46 33 8 19 41 15 18 48 20 36 1 24 19 46 2 5 22 47 22 9 17 45 22 44 31 12 20 44 45 0 26 
35 35 47 8 8 27 5 47 46 21 40 31 21 13 37 34 39 12 35 11 2 49 22 48 22 1 11 15 38 29 0 
46 0 25 3 45 2 17 28 11 38 25 1 25 1 2 20 37 25 9 7 47 23 8 9 34 25 37 14 50 37 7 
17 40 0 10 18 25 15 28 27 12 21 7 28 24 11 11 27 48 21 28 36 27 2 8 42 6 39 16 19 20 16 
3 28 25 0 32 9 11 16 34 27 5 9 49 48 37 40 46 34 49 24 48 39 44 22 2 31 15 32 18 12 37 
49 9 7 47 0 18 30 4 43 3 50 11 15 44 23 27 29 5 21 3 11 5 18 46 23 27 10 6 24 1 45 
29 49 22 40 6 0 50 42 1 20 11 42 41 47 25 37 25 50 49 25 2 10 11 16 2 32 32 14 35 21 8 
24 31 43 9 21 13 0 43 4 17 27 37 5 2 43 19 15 22 21 36 2 11 7 49 49 35 18 33 21 9 25 
36 8 31 13 37 12 49 0 39 4 25 32 46 33 49 16 5 10 24 33 18 11 44 50 19 48 18 32 44 24 3 
30 23 46 43 41 30 25 39 0 6 8 16 33 18 11 21 15 25 1 34 30 9 10 38 42 15 43 9 12 16 19 
31 6 16 1 45 10 1 40 8 0 36 31 21 18 26 2 28 26 39 49 33 43 32 10 44 45 21 36 4 28 49 
22 13 24 38 27 11 18 17 17 11 0 15 35 44 49 50 38 42 12 41 38 17 20 14 33 26 49 47 22 7 25 
25 47 13 10 15 19 47 31 49 42 10 0 10 23 38 19 9 38 11 45 8 29 24 14 40 32 2 50 42 12 29 
14 47 11 42 37 18 23 35 35 31 41 12 0 14 49 28 8 48 26 15 18 12 36 28 49 46 1 33 23 28 13 
19 6 20 21 28 14 50 31 1 1 37 4 27 0 14 17 17 11 16 13 24 4 24 27 44 17 28 20 12 47 37 
36 50 7 22 13 35 43 43 22 15 9 18 26 15 0 32 8 10 14 33 30 41 18 11 5 10 46 29 26 4 50 
45 38 34 15 15 37 47 6 2 32 25 18 44 48 16 0 36 49 13 13 10 19 6 30 17 46 18 40 3 12 17 
7 18 39 22 21 21 34 11 50 45 11 5 13 1 6 23 0 24 14 39 24 47 17 13 45 32 39 9 18 19 47 
48 45 44 35 26 7 30 23 27 46 2 39 13 18 49 15 44 0 29 12 24 45 27 14 38 21 40 5 44 40 33 
12 17 42 3 48 17 11 28 25 49 44 2 37 44 23 9 5 45 0 47 18 45 31 6 46 3 22 31 6 15 37 
2 36 34 45 34 35 47 10 21 33 4 16 5 14 30 44 40 21 16 0 13 36 10 48 22 38 32 12 46 1 27 
36 5 14 39 47 9 18 42 10 38 12 45 25 15 14 30 26 42 17 10 0 32 11 41 3 1 42 38 12 8 3 
23 2 10 45 47 49 2 16 17 22 26 48 11 28 1 41 36 34 9 8 6 0 20 30 41 45 25 15 12 38 5 
21 7 35 8 15 11 36 31 18 15 28 11 26 45 35 34 1 13 2 11 7 5 0 4 50 47 4 22 19 50 23 
35 41 28 13 2 19 14 3 14 41 5 6 16 44 31 46 45 35 6 12 24 2 11 0 28 49 16 4 36 11 12 
39 17 31 46 31 38 33 13 43 16 21 49 50 12 6 2 39 10 19 2 9 37 14 38 0 49 33 30 1 14 36 
16 28 42 2 2 39 25 21 13 43 13 32 42 40 42 26 3 49 22 48 28 44 17 9 4 0 2 4 44 47 48 
8 32 49 8 1 43 7 48 10 18 27 19 48 26 40 27 45 24 47 23 31 31 29 17 9 22 0 11 33 49 1 
35 32 25 16 36 31 33 35 40 49 20 5 40 5 21 9 47 41 20 28 7 31 47 24 17 27 4 0 33 49 29 
32 24 50 10 33 46 44 32 41 9 44 11 34 48 4 26 42 24 47 50 26 20 14 22 44 5 35 1 0 49 9 
28 1 37 11 17 46 6 30 23 26 16 15 1 12 34 47 47 50 20 42 35 30 36 49 4 12 11 29 17 0 29 
11 44 34 32 31 43 24 24 31 8 21 12 2 22 35 11 20 2 38 47 8 36 31 8 24 49 16 38 7 5 0 
36 0 28 14 44 15 22 32 19 31 42 23 23 19 12 22 24 28 15 15 43 43 9 41 20 21 25 13 27 8 33 
28 37 0 18 26 23 43 49 9 7 13 30 1 21 47 25 36 18 20 36 1 21 1 24 14 13 27 37 45 24 40 
10 6 11 0 48 15 36 6 43 40 29 25 20 9 2 14 42 39 45 45 36 8 44 41 8 13 27 14 4 14 47 
6 4 36 17 0 3 24 41 24 32 39 30 26 31 7 27 2 43 22 1 22 39 43 50 38 33 17 15 4 36 38 
23 3 30 43 23 0 22 35 42 49 40 2 15 13 7 6 33 13 34 32 12 34 42 4 42 9 14 4 48 35 37 
10 37 38 45 16 28 0 47 38 34 5 17 2 23 11 21 24 30 44 33 50 4 31 23 24 4 31 49 38 35 10 
18 37 7 13 31 15 28 0 19 41 29 37 26 50 27 45 33 19 44 22 35 35 11 16 35 33 29 15 14 41 35 
29 9 4 25 38 30 45 11 0 30 6 47 11 3 4 14 29 32 47 30 22 13 6 16 50 25 8 22 23 31 3 
1 14 28 6 50 28 23 25 39 0 15 38 9 14 16 39 24 8 12 22 5 48 18 35 19 23 24 44 4 1 31 
9 23 31 28 6 34 33 48 5 36 0 6 7 8 15 34 4 42 50 11 2 1 11 2 26 6 33 29 10 34 27 
35 20 25 9 7 16 28 37 11 6 41 0 10 7 36 49 41 11 21 35 19 32 44 43 50 31 48 22 5 22 24 
5 24 15 29 2 37 32 49 8 19 26 6 0 40 6 11 41 4 16 27 15 23 9 25 15 45 42 27 26 29 10 
44 24 15 37 1 17 46 29 34 13 10 12 13 0 17 43 26 4 37 39 40 44 6 29 8 1 47 50 1 34 11 
10 6 21 49 26 3 41 4 5 44 45 26 33 15 0 5 11 46 9 22 19 38 40 38 39 16 38 46 8 37 5 
18 46 45 24 3 4 42 15 41 41 36 1 33 45 46 0 19 24 14 3 41 1 42 29 15 23 21 19 32 34 38 
8 33 17 1 27 49 32 9 12 2 20 31 18 32 34 38 0 8 43 44 47 15 32 6 47 4 26 17 30 1 33 
35 11 32 4 33 3 34 33 18 47 37 15 2 1 22 21 25 0 48 32 35 13 27 39 37 24 27 28 21 47 2 
33 3 8 30 17 9 50 14 50 31 5 26 25 47 11 50 30 5 0 25 34 2 20 48 17 21 9 22 46 31 6 
26 13 36 17 15 35 7 23 35 13 21 11 49 1 31 38 2 42 27 0 24 47 23 46 13 1 13 5 42 10 8 
38 4 33 44 6 42 40 8 32 26 43 8 21 13 13 41 21 48 36 34 0 7 30 20 7 10 4 17 24 17 2 
31 16 14 27 25 18 29 6 46 39 48 45 11 1 32 40 3 33 1 10 43 0 8 6 27 2 8 35 26 34 3 
26 17 42 31 45 28 45 44 38 46 13 16 2 48 36 13 20 19 26 21 1 34 0 24 7 10 24 10 38 26 18 
34 3 22 44 14 32 3 30 7 4 46 10 45 5 48 28 6 9 41 39 38 16 1 0 14 2 42 44 35 21 22 
19 7 18 21 13 11 44 8 35 4 11 41 13 22 25 42 39 19 10 33 19 1 47 38 0 31 18 2 9 43 22 
39 18 9 36 36 39 42 25 43 38 34 48 25 37 29 48 4 29 39 10 3 25 26 39 3 0 18 11 31 40 46 
9 36 16 13 16 43 32 28 36 37 50 14 27 22 49 21 27 10 9 34 15 24 20 33 19 14 0 43 21 33 19 
28 12 36 48 30 48 32 12 22 37 16 27 43 3 11 39 49 4 40 33 42 1 22 7 31 35 17 0 34 44 2 
1 11 45 18 9 39 29 30 43 1 39 15 39 23 18 38 31 18 23 30 16 39 31 50 28 28 41 29 0 17 45 
32 49 18 20 37 5 32 26 44 22 10 19 12 40 44 27 13 49 39 44 5 50 11 15 36 12 31 46 40 0 32 
48 50 13 49 19 40 48 20 37 13 7 6 24 1 20 47 27 41 6 2 16 42 41 24 41 33 39 4 34 25 0 
25 0 37 36 13 24 10 7 14 21 5 30 44 13 27 37 49 26 10 45 39 36 40 40 39 17 7 10 40 8 37 
2 44 0 36 13 39 21 20 12 27 10 41 14 21 2 22 23 30 15 37 42 8 29 10 45 40 35 47 47 47 18 
1 17 6 0 35 3 36 8 50 38 16 29 14 34 35 49 22 20 38 17 45 28 46 3 17 29 24 35 41 24 4 
24 24 16 10 0 10 25 9 37 50 37 15 30 27 22 13 44 46 25 47 18 16 10 30 2 41 5 14 40 6 30 
2 17 27 35 42 0 6 49 25 25 24 14 33 39 31 30 48 20 32 4 36 28 10 45 6 39 15 44 14 19 6 
12 19 31 20 35 48 0 3 42 30 8 46 22 1 24 4 33 22 50 23 43 36 32 36 21 2 43 23 22 47 28 
12 35 6 20 13 45 2 0 19 46 32 46 28 3 46 41 7 9 22 2 6 44 45 42 27 21 30 33 11 18 43 
26 32 46 3 46 11 17 31 0 12 9 31 3 4 41 47 8 30 41 31 45 34 2 20 42 34 18 44 29 50 33 
13 42 1 3 7 14 33 50 1 0 30 41 29 11 44 25 41 41 1 30 13 1 43 31 23 10 24 13 5 19 28 
17 38 32 29 47 40 2 1 35 33 0 26 30 40 1 5 5 42 27 17 43 28 44 49 37 32 20 12 29 44 33 
2 28 32 23 14 4 48 32 47 35 40 0 40 16 47 38 22 3 30 19 5 33 37 38 26 1 23 39 45 47 28 
29 24 8 2 32 48 48 18 37 1 8 11 0 30 33 4 39 28 3 50 11 17 32 10 39 1 16 41 6 23 41 
15 3 35 19 7 17 32 15 16 41 24 36 43 0 19 47 23 7 6 23 12 45 37 46 37 11 48 15 20 2 16 
8 43 46 47 37 6 26 12 27 37 7 14 37 10 0 37 32 39 42 42 29 10 35 34 11 46 28 8 49 8 9 
3 13 13 50 33 32 41 47 32 42 47 45 30 36 6 0 32 1 37 50 30 9 24 28 24 7 23 9 35 1 10 
49 28 4 18 35 44 1 38 27 6 41 42 10 1 32 15 0 6 48 6 15 28 21 49 28 50 29 36 40 43 11 
23 6 47 23 44 20 42 12 1 12 31 13 10 44 39 18 14 0 28 42 43 18 12 30 36 32 28 29 26 18 6 
9 11 45 17 33 36 45 38 7 13 23 44 48 44 35 15 11 5 0 40 33 16 9 49 50 43 12 27 12 41 16 
41 16 45 45 3 20 19 44 12 4 23 27 21 29 20 24 14 36 2 0 18 17 25 37 36 41 1 13 45 24 22 
9 34 47 42 22 8 50 3 41 15 47 18 44 36 10 39 39 20 31 19 0 48 41 11 23 50 17 29 10 4 3 
8 24 20 40 45 39 30 30 7 13 25 12 45 37 22 50 31 2 26 2 13 0 43 15 5 24 18 24 24 42 6 
29 41 49 39 7 23 48 4 41 22 10 9 13 18 45 37 47 24 2 50 36 28 0 34 3 41 15 9 16 17 27 
16 6 38 2 35 35 13 7 31 50 3 27 11 5 43 4 30 48 11 37 22 1 23 0 43 20 1 7 47 49 42 
14 33 38 14 6 4 22 12 34 10 24 41 43 3 48 10 18 30 10 37 36 12 5 30 0 6 15 34 46 32 34 
29 17 8 39 36 21 40 47 49 40 32 19 14 1 13 32 8 21 45 11 33 28 37 12 7 0 2 28 8 9 42 
20 27 30 50 32 8 33 5 17 28 20 22 32 21 6 17 49 4 17 24 8 14 1 22 1 1 0 30 47 32 34 
43 33 38 7 20 5 39 15 20 6 50 4 4 17 42 12 46 16 7 41 4 24 41 36 35 7 27 0 9 49 31 
29 36 23 33 35 37 34 25 2 1 28 35 35 12 24 4 11 35 30 40 5 14 41 42 31 20 42 3 0 23 14 
29 31 16 39 27 15 31 21 32 5 29 22 15 6 13 20 39 30 12 31 47 43 29 10 26 15 46 32 3 0 16 
46 32 2 38 22 48 19 47 35 10 24 40 3 26 11 34 49 35 29 12 32 13 41 43 18 37 2 6 13 13 0 
19 0 50 19 17 9 47 21 27 34 16 1 42 45 2 8 7 40 4 49 43 16 11 3 41 35 34 41 9 21 36 
46 14 0 35 23 41 25 22 37 17 15 13 22 2 14 11 40 18 39 36 11 47 48 8 20 47 9 47 28 32 26 
6 12 7 0 49 20 38 8 22 11 33 35 4 38 35 31 45 10 40 31 46 16 3 24 10 39 48 6 15 27 33 
28 45 5 41 0 9 2 16 3 44 24 32 46 28 3 27 44 11 23 40 3 49 8 48 37 11 4 38 47 11 23 
32 44 46 29 6 0 41 50 47 27 29 29 7 46 7 14 20 25 22 34 45 37 33 25 24 34 20 48 18 31 5 
14 19 43 21 43 38 0 1 50 47 37 45 15 47 11 24 43 12 41 23 42 30 17 14 16 36 49 19 22 45 37 
43 32 17 22 16 10 15 0 25 15 27 20 26 25 48 1 23 37 14 1 42 8 7 45 39 26 47 6 27 36 44 
19 29 5 11 44 14 48 25 0 46 15 28 37 27 47 23 4 42 17 16 14 13 6 22 4 29 37 37 28 47 19 
4 38 40 22 8 41 22 15 4 0 38 25 12 19 36 14 22 31 49 17 22 5 40 12 23 31 14 7 1 32 8 
27 20 29 27 11 40 48 6 40 32 0 33 28 13 28 39 1 37 36 40 8 6 39 12 26 15 15 27 17 41 44 
35 21 33 47 11 5 34 43 26 25 24 0 26 9 35 39 28 28 34 35 31 28 21 12 25 2 39 9 3 13 47 
14 31 16 47 48 13 45 17 18 34 18 45 0 11 16 34 31 30 27 37 37 38 43 33 11 17 14 10 9 45 23 
47 31 31 30 11 44 11 13 38 27 33 11 17 0 1 13 34 11 46 41 22 9 32 17 26 10 22 48 5 30 34 
3 37 22 45 38 38 15 32 5 41 21 18 40 10 0 5 27 26 33 48 34 4 14 18 24 14 15 14 5 21 40 
46 6 33 4 25 46 40 22 14 26 20 30 41 1 2 0 42 43 7 21 34 46 16 8 47 31 39 19 49 32 23 
24 10 11 16 45 16 35 36 36 9 37 5 20 23 15 25 0 23 18 23 23 23 8 34 38 44 31 48 37 24 36 
28 41 41 41 2 10 19 26 6 36 7 7 21 13 47 42 46 0 35 33 7 16 1 27 9 1 17 26 24 22 14 
18 49 13 1 31 47 14 30 21 5 6 48 12 37 17 16 37 22 0 41 3 35 14 5 18 20 27 15 33 40 36 
35 45 4 43 19 9 45 21 32 50 28 17 14 28 1 19 39 41 42 0 36 30 5 33 20 29 4 44 46 32 5 
33 32 40 36 21 12 44 20 18 9 22 17 41 42 25 19 50 27 17 2 0 39 24 41 5 7 31 12 35 14 16 
15 50 40 28 18 47 27 29 7 40 25 20 23 34 15 14 15 42 45 11 5 0 18 29 31 17 9 42 36 29 41 
50 10 7 3 45 22 28 13 24 29 42 22 20 28 27 20 1 7 40 44 16 20 0 40 3 11 47 21 9 12 9 
6 42 50 17 40 15 13 21 40 43 36 2 18 17 20 33 48 1 4 47 8 35 46 0 36 25 31 21 4 42 48 
1 19 2 15 24 1 22 4 39 12 7 31 18 48 8 15 2 24 34 28 50 21 6 15 0 2 22 46 14 42 9 
45 9 30 42 42 18 50 3 44 20 12 44 13 42 41 28 17 49 29 10 29 48 21 14 48 0 31 14 38 14 3 
5 9 12 30 18 48 2 27 7 41 16 49 30 14 17 7 9 14 24 24 5 48 36 33 31 48 0 39 16 45 11 
4 12 40 42 15 4 33 33 25 43 27 40 42 39 45 30 18 7 47 42 23 50 14 40 48 8 23 0 30 49 20 
10 36 33 46 37 4 10 39 49 14 25 26 39 31 48 16 6 47 38 1 31 32 19 3 39 5 49 50 0 45 8 
31 3 34 5 34 41 8 47 3 42 21 30 8 34 18 47 12 34 43 33 3 27 42 49 40 29 18 30 8 0 33 
6 11 45 42 34 22 43 34 48 8 8 9 45 47 31 1 24 36 36 42 43 16 8 13 6 5 12 36 16 6 0 
