7
33
6 0 28 10 20 4 20 24 4 13 10 42 23 37 3 39 31 4 44 41 7 26 31 10 35 18 4 25 22 43 15 13 49 35 
19 12 0 49 42 14 20 16 32 32 6 30 5 8 29 16 35 33 44 15 22 35 5 26 18 26 2 50 46 3 12 49 47 44 
39 19 41 0 41 39 41 25 25 26 45 26 31 30 10 25 9 37 10 22 49 28 1 15 37 31 17 12 21 21 29 21 7 34 
12 20 11 26 0 45 45 3 40 48 9 10 1 38 46 42 25 38 17 2 27 48 17 38 5 5 10 22 30 4 5 48 25 19 
47 19 41 15 34 0 43 16 19 10 30 42 5 36 44 22 20 46 34 13 19 31 37 46 32 6 22 35 23 24 36 44 12 36 
33 41 28 2 10 4 0 24 36 8 39 37 46 50 19 17 1 10 8 21 35 6 39 11 23 9 9 12 8 44 46 24 37 30 
20 4 3 45 19 37 30 0 39 34 23 48 10 36 6 3 19 22 14 29 23 27 30 45 31 5 43 2 42 16 43 13 16 50 
17 31 15 15 7 41 22 42 0 47 23 16 13 14 23 3 10 39 22 33 46 15 3 40 10 22 40 27 36 38 23 42 11 33 
11 20 26 39 5 16 24 7 31 0 31 8 29 18 42 20 49 33 27 21 30 21 35 14 41 6 43 18 15 37 4 24 32 6 
31 4 3 28 21 35 7 10 39 34 0 23 33 32 5 49 7 37 5 47 21 31 13 26 7 35 34 13 49 9 20 27 8 27 
23 38 39 18 21 13 43 15 21 32 1 0 41 9 24 39 20 9 50 50 28 11 26 18 28 47 44 38 22 9 1 20 8 15 
7 9 17 10 40 17 43 4 6 10 32 25 0 16 26 10 25 30 1 20 28 31 16 48 20 11 22 28 26 22 7 21 12 44 
27 3 16 22 10 20 34 8 24 6 17 37 3 0 31 18 28 48 30 1 1 30 34 41 12 48 50 18 40 18 33 50 40 20 
32 40 24 44 3 20 32 36 21 7 11 31 34 9 0 41 10 48 24 28 21 12 15 43 12 5 25 11 2 45 40 42 6 27 
17 22 41 44 34 45 10 19 15 10 27 31 31 14 41 0 27 30 20 9 23 20 9 17 47 13 40 29 10 30 42 31 16 5 
4 17 37 1 17 14 29 19 2 47 5 16 31 24 11 20 0 25 15 21 34 34 8 8 5 44 32 44 17 50 39 23 30 12 
27 27 47 5 27 14 7 30 5 18 13 13 32 32 17 18 41 0 6 28 11 33 21 47 10 32 7 35 20 13 19 13 24 26 
5 4 48 14 16 48 2 15 4 30 41 46 43 13 50 28 50 10 0 34 46 20 30 6 31 38 23 21 29 37 18 36 6 39 
37 27 28 20 4 26 8 26 46 29 42 6 15 40 44 35 42 13 10 0 30 28 7 26 49 17 27 43 28 23 28 36 44 35 
7 7 37 22 9 47 34 26 20 24 1 15 25 24 34 27 44 45 5 27 0 27 11 30 2 30 3 27 33 31 4 19 43 49 
21 9 34 8 14 34 17 26 4 9 34 25 34 43 4 10 1 29 34 32 18 0 9 46 27 35 42 7 20 2 45 17 5 8 
17 4 16 50 20 31 12 39 1 23 3 47 27 47 11 24 24 30 25 36 12 31 0 13 13 8 23 22 28 48 25 9 42 29 
18 18 39 39 10 32 49 22 43 17 37 43 30 8 46 46 46 28 16 42 20 46 36 0 42 3 43 47 9 34 42 27 14 11 
18 10 29 23 36 14 49 27 14 20 15 26 21 28 15 26 32 2 47 44 50 10 22 33 0 47 36 18 35 40 38 1 41 23 
32 13 49 18 24 10 15 17 16 6 27 22 16 33 16 32 34 3 40 30 21 11 9 38 46 0 26 50 47 14 37 26 19 24 
4 39 15 17 9 9 43 32 28 34 4 46 12 32 4 2 4 7 36 12 11 3 21 4 11 22 0 48 10 19 4 30 31 8 
48 13 44 1 16 26 44 48 48 43 28 5 43 35 45 47 45 11 31 40 8 13 1 18 11 6 37 0 11 33 14 24 5 24 
38 14 19 10 1 38 32 43 14 14 10 44 50 19 38 4 14 24 43 49 41 1 35 12 27 40 10 39 0 34 16 35 20 23 
32 6 22 26 37 44 23 50 48 44 50 42 24 12 38 50 7 19 40 32 6 34 37 29 8 34 12 29 43 0 9 49 30 41 
22 18 14 17 29 27 31 21 50 43 7 36 20 4 28 23 40 27 47 45 38 17 49 19 43 18 4 33 45 7 0 39 46 21 
2 3 45 25 34 29 43 10 12 7 41 30 44 39 30 34 6 3 33 2 35 3 5 20 46 24 11 24 48 26 43 0 4 12 
16 19 2 34 49 7 48 5 36 27 11 8 39 50 30 24 50 39 5 7 44 36 49 48 25 30 10 18 19 12 36 14 0 37 
19 28 20 29 50 8 47 35 48 50 27 44 12 7 25 32 1 49 38 39 48 19 30 21 4 10 20 47 30 36 24 42 48 0 
22 0 20 22 11 45 1 31 8 22 46 37 23 5 14 23 35 37 19 14 49 25 40 1 48 49 26 40 39 1 6 12 27 36 
47 41 0 38 4 22 6 48 7 32 26 23 44 49 50 46 47 12 43 18 10 43 23 32 20 24 12 20 11 43 8 17 34 11 
38 8 24 0 36 32 16 13 17 42 44 15 29 5 1 27 45 42 39 13 45 17 43 24 9 18 30 10 37 38 15 25 9 39 
34 12 42 23 0 12 30 28 6 44 1 30 17 42 20 11 44 17 1 19 5 40 44 45 35 15 18 3 6 26 29 28 20 6 
40 21 40 35 22 0 31 9 36 39 24 42 45 42 27 11 50 44 22 14 6 5 49 40 17 8 9 45 28 22 30 15 24 10 
12 2 49 22 9 45 0 21 10 20 2 21 4 40 23 42 43 7 33 8 15 14 1 42 31 23 28 14 36 32 14 10 9 19 
35 31 25 12 29 36 28 0 44 47 36 48 20 13 18 36 4 36 15 48 8 10 47 11 11 18 49 32 31 35 29 6 42 12 
36 5 43 17 31 29 47 31 0 21 18 16 45 12 10 10 29 33 47 50 12 2 10 39 20 15 44 30 5 47 10 19 30 6 
9 28 13 44 37 5 36 1 28 0 39 30 45 17 7 39 22 3 2 32 6 31 10 27 17 23 3 38 49 43 34 12 50 36 
39 3 33 48 35 47 43 14 12 25 0 21 10 25 48 37 42 33 45 8 37 25 25 49 2 47 21 35 17 37 8 44 27 31 
9 28 5 7 25 18 6 40 42 20 36 0 6 7 48 5 1 8 11 40 4 13 12 14 4 32 2 14 12 26 28 4 31 45 
30 17 21 33 36 9 27 3 47 33 6 14 0 46 40 24 31 17 30 48 4 23 18 48 14 1 25 24 4 44 15 15 16 5 
12 28 32 34 18 23 2 14 2 17 30 9 40 0 36 12 41 32 10 48 6 27 22 13 20 7 32 11 36 23 10 32 18 40 
9 35 12 43 47 49 7 47 41 22 1 18 6 11 0 40 12 14 12 6 17 11 28 41 16 13 27 37 13 16 41 42 35 13 
19 32 2 1 49 36 11 42 10 37 50 12 2 2 21 0 21 25 10 49 27 1 30 31 45 46 30 20 13 45 31 50 31 16 
5 38 30 39 12 15 27 45 26 2 42 41 5 11 26 16 0 42 42 32 44 8 13 40 1 8 5 19 17 49 47 30 37 19 
46 47 15 41 33 14 45 23 33 25 29 40 4 42 20 44 47 0 4 39 19 38 8 43 48 30 32 8 47 10 46 30 23 6 
22 9 14 12 25 10 29 37 22 26 38 12 12 4 13 50 23 2 0 44 41 18 32 39 5 17 12 1 7 49 13 37 46 6 
35 32 34 6 33 23 44 10 33 17 33 6 37 19 28 45 47 38 44 0 36 32 38 41 21 10 45 13 9 23 39 9 39 43 
6 28 23 29 45 40 30 50 31 36 16 6 50 30 44 24 12 2 25 43 0 10 25 47 41 14 46 38 10 36 38 45 8 44 
13 32 42 5 16 3 48 15 37 2 3 25 15 11 16 20 35 12 37 35 46 0 34 31 31 32 16 49 2 20 14 43 41 9 
12 37 48 3 20 46 49 27 29 23 24 44 17 49 36 23 41 1 27 8 24 49 0 30 2 11 23 1 5 47 45 23 9 12 
17 4 25 18 17 16 16 38 8 17 11 8 38 16 17 14 29 30 14 17 34 35 14 0 7 47 43 47 45 45 31 35 1 15 
32 50 46 11 6 24 36 11 20 17 32 19 44 24 7 35 41 18 15 10 42 29 32 40 0 18 21 25 20 22 43 27 33 11 
43 6 17 21 3 24 6 29 7 14 19 32 38 4 19 40 11 5 14 20 41 24 3 18 6 0 44 36 50 16 40 28 40 49 
9 1 18 41 14 39 44 9 32 36 16 13 9 30 18 6 30 11 39 13 14 20 20 3 49 15 0 10 39 7 13 18 37 30 
33 30 3 1 50 47 16 20 11 10 39 38 6 48 14 18 44 37 29 39 28 36 39 31 16 42 49 0 29 6 2 19 19 30 
34 26 50 15 5 30 15 23 43 3 11 32 16 44 18 46 21 14 26 39 48 2 48 41 22 36 9 49 0 38 15 9 41 21 
8 22 23 14 4 39 8 15 16 35 33 29 50 1 48 32 34 36 39 44 30 32 32 28 9 43 20 22 16 0 36 29 45 20 
12 8 23 45 32 17 25 19 25 33 18 15 13 23 36 11 17 5 29 21 48 41 26 40 45 5 11 20 37 49 0 30 7 39 
9 38 43 26 37 2 19 14 26 5 50 15 13 47 20 34 11 50 32 50 25 23 21 33 33 50 27 7 6 33 27 0 3 11 
27 5 36 44 35 31 3 11 7 23 37 27 25 33 9 42 36 26 50 49 7 15 36 17 10 43 37 25 13 9 43 29 0 47 
5 37 43 35 41 26 20 29 40 18 1 35 7 9 18 19 15 21 7 28 5 5 12 19 19 34 43 44 29 48 49 30 8 0 
30 0 21 46 17 7 45 50 30 20 18 47 36 32 4 35 20 7 48 38 37 2 42 1 25 24 16 8 34 26 1 42 20 22 
28 27 0 39 23 2 8 26 7 48 36 37 16 33 37 30 9 25 22 50 11 43 7 39 21 21 43 42 38 17 5 19 26 28 
15 5 28 0 47 47 5 40 13 30 4 7 14 10 42 29 28 25 2 29 43 10 29 21 39 18 2 10 17 38 41 44 17 12 
39 19 33 3 0 13 28 18 10 48 14 4 32 8 12 2 13 11 42 3 40 34 18 36 34 40 29 46 46 24 25 40 11 40 
2 22 23 47 26 0 13 25 12 33 12 16 18 7 11 41 8 5 28 49 41 28 29 21 33 49 13 34 32 22 37 24 24 43 
43 6 40 29 17 36 0 29 28 29 1 7 21 17 34 18 6 38 20 47 41 20 13 24 2 41 48 13 29 43 40 46 39 42 
25 14 5 1 30 38 43 0 20 13 49 28 15 13 32 30 17 27 35 18 27 34 23 31 33 39 39 19 23 1 36 40 6 18 
30 42 20 14 5 8 32 5 0 21 7 14 46 37 28 16 33 13 17 5 29 12 8 3 33 23 13 42 20 20 20 28 10 23 
47 33 41 10 3 23 27 36 23 0 13 16 18 37 2 11 3 40 38 19 35 27 7 22 40 37 41 42 17 13 35 2 30 5 
24 41 46 26 24 10 45 29 44 39 0 46 37 16 36 11 31 17 31 33 10 26 47 41 11 1 23 13 31 10 24 39 12 37 
13 14 12 16 27 17 28 24 7 34 18 0 27 4 21 6 31 37 46 5 20 20 29 27 1 35 25 1 48 14 19 20 1 35 
50 3 22 50 16 41 14 5 36 19 13 23 0 35 48 2 8 50 24 29 35 42 17 35 37 12 31 2 16 31 11 38 14 18 
43 5 18 34 32 21 5 41 15 35 11 15 28 0 1 28 49 41 15 45 42 17 43 33 19 35 38 36 39 48 24 26 32 50 
5 42 44 35 24 19 3 24 44 28 32 24 23 34 0 30 25 18 41 46 43 22 2 1 22 49 49 44 36 17 43 41 10 30 
16 24 9 35 15 17 46 43 19 23 16 1 46 13 5 0 6 14 31 34 30 39 28 4 42 22 36 26 25 17 7 1 37 23 
45 8 11 22 41 3 24 1 1 4 30 36 21 4 37 40 0 31 3 13 8 31 41 38 21 18 13 30 41 21 26 13 22 29 
29 1 5 44 34 24 28 11 30 38 24 25 7 2 32 40 36 0 37 4 39 29 43 5 20 41 5 29 24 33 30 26 42 8 
7 43 4 32 47 47 30 35 48 2 3 15 47 11 11 48 2 36 0 39 9 33 50 36 47 35 3 30 46 5 28 50 13 33 
17 50 10 28 8 40 41 24 5 32 42 2 6 45 44 18 26 31 44 0 37 33 26 7 7 8 47 44 17 35 30 20 2 41 
32 30 11 2 21 45 47 49 35 28 19 45 46 30 9 37 28 30 47 7 0 27 1 41 44 4 21 11 46 24 40 26 13 41 
12 24 15 33 16 6 37 47 38 48 48 39 12 13 18 35 31 7 1 24 45 0 14 32 39 18 49 1 35 1 26 46 3 6 
5 35 6 44 5 13 24 11 10 40 3 44 6 42 8 43 12 44 34 25 39 46 0 48 42 27 15 18 6 2 47 13 3 46 
33 8 29 12 42 26 45 27 13 35 25 30 46 13 7 43 42 40 32 12 28 17 9 0 37 15 18 40 45 19 9 14 28 1 
48 23 35 30 32 20 18 40 49 27 11 24 13 31 3 11 13 10 7 31 41 19 16 49 0 43 48 24 37 50 9 5 22 47 
30 49 41 23 14 11 20 15 23 30 41 48 14 2 38 38 35 6 49 7 48 10 30 7 36 0 38 34 46 32 40 40 22 40 
27 34 33 13 38 50 50 38 16 19 40 25 1 29 46 37 50 16 3 6 16 50 20 20 34 37 0 26 27 24 34 33 40 20 
9 37 19 5 26 47 6 50 20 32 41 40 33 36 9 39 9 33 25 38 17 24 27 14 14 29 1 0 25 23 14 33 37 50 
6 42 43 28 32 25 20 48 6 46 19 30 30 2 2 18 39 15 2 8 3 3 35 11 6 42 47 46 0 32 27 6 49 5 
41 27 44 17 11 27 8 6 40 11 28 8 35 34 28 50 7 34 49 32 29 48 3 8 33 23 41 28 25 0 16 29 40 21 
25 40 25 9 2 28 38 44 3 13 42 8 3 21 9 19 47 25 44 8 17 26 43 24 37 34 39 37 30 32 0 25 32 38 
38 10 45 4 41 6 6 11 39 27 35 11 1 30 2 32 10 28 41 36 33 4 49 47 2 23 18 40 2 14 21 0 39 11 
20 15 11 14 16 6 20 38 48 29 50 8 13 36 5 37 5 21 4 34 47 6 35 12 48 2 18 38 17 10 26 6 0 47 
1 31 15 41 19 45 23 21 49 36 25 50 39 39 37 14 3 47 43 18 5 14 14 31 50 17 14 39 33 21 38 3 45 0 
12 0 12 5 40 47 37 27 32 13 48 21 10 12 9 14 31 25 15 14 33 38 42 37 18 34 42 3 31 34 39 28 48 23 
5 28 0 27 32 24 7 10 17 37 42 17 44 22 38 8 50 8 8 7 25 21 7 20 25 38 7 6 35 46 48 25 21 23 
38 7 32 0 37 49 2 9 4 17 2 50 21 25 13 4 45 31 27 31 22 23 2 49 9 2 45 18 1 26 21 40 18 46 
21 35 32 26 0 13 10 7 49 22 4 6 20 4 14 44 3 40 16 22 44 50 50 36 9 24 36 5 35 8 29 47 13 32 
26 4 29 23 20 0 18 18 25 23 2 49 44 39 48 32 24 49 36 6 18 25 47 21 49 23 3 28 5 22 41 43 8 43 
38 29 10 16 30 21 0 48 5 19 27 49 38 16 35 38 24 11 9 43 41 45 8 29 34 30 50 17 40 13 3 32 9 41 
1 2 19 22 9 19 16 0 8 14 7 21 23 12 8 19 41 32 11 33 1 17 49 31 1 27 36 31 4 8 43 16 45 40 
47 15 34 19 2 3 40 28 0 34 32 1 8 12 19 43 49 50 31 42 50 9 24 3 21 19 46 23 39 12 50 22 42 26 
33 15 43 36 23 30 9 43 23 0 34 18 30 43 16 18 39 6 9 12 24 46 32 24 13 13 50 7 30 2 16 34 10 10 
32 29 4 50 13 27 1 34 7 36 0 41 35 41 26 31 6 1 6 42 10 18 31 2 42 30 23 23 24 29 42 8 50 8 
21 11 37 15 39 44 32 11 40 39 46 0 34 28 22 24 27 25 2 11 43 50 42 2 27 13 20 41 4 28 5 16 29 41 
28 21 16 44 41 12 13 10 50 28 43 7 0 8 3 1 49 47 5 41 47 8 8 29 10 10 2 20 3 28 34 36 24 17 
44 1 2 9 34 34 41 49 33 1 14 9 21 0 5 18 40 6 31 1 25 33 33 20 42 6 34 40 42 10 32 16 43 19 
40 15 2 49 41 14 21 1 49 26 8 15 1 39 0 48 3 13 23 3 35 49 35 11 32 11 3 50 45 49 39 1 35 22 
40 32 40 16 42 15 17 31 25 34 8 13 27 5 45 0 43 40 48 9 14 9 21 5 5 21 39 38 15 26 2 10 25 23 
44 12 8 8 37 22 8 36 4 24 2 4 20 34 49 5 0 3 9 42 43 22 13 20 28 36 46 3 28 3 5 23 24 34 
40 33 44 38 36 4 26 1 28 5 47 4 2 2 5 40 10 0 24 43 19 33 2 32 42 30 22 41 20 31 34 49 1 28 
21 30 2 5 17 18 6 16 42 45 8 23 25 35 45 48 39 44 0 32 31 6 2 39 2 2 8 14 13 7 21 45 6 46 
26 32 22 4 35 43 7 38 3 41 7 24 19 6 38 47 22 42 41 0 18 21 22 19 42 50 3 10 4 43 10 21 1 3 
28 49 4 24 45 4 1 26 44 3 11 32 29 34 3 27 17 36 30 4 0 39 25 5 13 30 4 33 34 3 45 44 21 7 
22 42 8 34 23 28 38 40 43 28 20 9 10 22 20 8 28 27 25 41 47 0 14 3 44 42 44 41 22 17 23 49 10 40 
26 8 42 45 43 44 9 42 14 46 48 35 4 21 33 14 27 26 18 20 30 10 0 8 39 14 43 30 37 17 24 20 29 11 
20 35 15 28 13 35 33 17 49 33 19 6 10 38 24 9 8 40 48 32 41 10 16 0 50 4 31 1 15 22 26 41 27 19 
25 35 36 18 36 15 42 36 3 31 28 39 33 5 5 7 29 9 35 23 48 20 10 19 0 15 25 33 34 19 45 24 43 43 
38 35 4 38 41 23 26 7 47 38 29 39 12 21 27 47 8 44 18 7 5 21 5 25 18 0 4 12 32 8 17 8 8 35 
47 46 20 1 20 38 37 9 16 2 33 31 30 4 5 7 38 11 2 7 37 39 17 30 30 20 0 38 11 44 50 30 30 22 
5 15 25 7 46 39 6 32 48 39 20 23 44 39 50 8 26 21 6 7 2 49 9 29 40 22 50 0 1 26 16 17 22 4 
10 26 40 30 50 42 23 47 25 39 50 48 8 36 32 39 4 18 29 25 24 20 6 6 47 17 25 40 0 6 6 33 22 48 
19 34 14 11 28 27 29 34 10 27 11 10 32 32 36 19 12 23 48 38 48 30 41 20 35 34 34 17 34 0 42 20 7 28 
50 40 3 18 29 26 42 50 42 14 44 46 47 15 35 40 21 44 34 35 35 1 39 44 44 26 45 43 13 50 0 19 8 5 
32 32 43 33 1 34 47 7 38 7 17 48 25 39 19 49 27 13 49 36 22 44 50 1 9 25 3 32 49 38 42 0 46 36 
42 15 34 42 7 21 10 38 29 47 44 23 47 20 38 26 44 36 38 21 22 33 38 32 43 25 27 32 16 8 1 16 0 22 
12 34 24 36 8 20 43 39 49 44 48 7 28 12 5 15 6 5 2 4 25 15 9 28 2 49 33 44 29 22 21 47 29 0 
2 0 36 36 15 40 37 16 45 32 23 40 40 26 16 13 22 18 10 4 49 12 47 48 25 46 35 9 38 49 11 27 23 2 
28 26 0 27 20 50 16 18 37 10 44 42 20 38 26 34 20 23 12 13 18 48 17 6 39 12 19 6 29 29 46 22 46 17 
39 49 40 0 37 3 18 44 36 12 3 4 7 6 9 10 25 19 27 50 15 6 4 11 21 39 9 32 11 40 8 14 22 46 
4 49 28 44 0 34 20 44 19 33 36 15 3 32 6 11 47 4 11 19 23 32 11 35 38 20 49 45 37 34 46 5 39 32 
12 3 10 32 31 0 36 7 6 47 24 18 46 19 7 3 21 15 36 48 45 50 14 43 15 41 25 36 26 8 36 37 32 27 
21 21 4 1 15 23 0 25 13 17 35 38 18 42 2 42 42 16 19 11 7 44 33 48 10 46 42 7 1 32 48 12 37 36 
20 48 36 49 21 1 14 0 23 33 33 30 5 47 49 24 44 34 43 17 27 26 33 39 24 44 6 23 17 25 31 20 24 1 
32 22 4 6 44 45 19 48 0 34 12 1 18 6 49 44 33 7 48 6 45 11 10 37 10 13 5 16 29 47 48 2 14 6 
4 15 27 21 39 41 48 49 29 0 43 22 38 6 39 7 29 34 19 34 14 29 40 22 35 45 44 39 30 41 1 36 10 37 
13 3 34 17 13 19 7 9 47 33 0 18 16 22 7 17 9 50 13 30 19 50 27 14 44 43 27 45 3 18 9 29 8 12 
1 44 37 23 13 22 50 28 6 33 8 0 5 20 23 37 22 22 41 38 6 42 38 36 39 41 25 36 24 4 41 39 4 11 
4 21 14 31 37 37 41 30 42 45 45 6 0 39 23 4 8 32 47 18 41 2 21 14 8 48 32 39 36 27 24 15 45 5 
45 16 2 24 41 35 5 48 26 50 44 42 33 0 3 2 33 16 23 45 22 14 9 34 7 6 34 5 49 5 4 19 30 1 
2 45 8 2 35 41 12 14 44 26 21 21 16 15 0 30 37 4 11 1 21 23 42 36 33 45 19 8 31 6 43 23 32 14 
42 32 9 44 31 32 33 33 9 20 34 13 37 40 19 0 26 12 2 44 19 9 28 11 9 26 7 17 33 32 8 2 4 40 
7 25 34 22 43 24 29 18 39 15 22 3 20 9 29 40 0 6 44 41 30 14 6 15 22 50 19 24 16 1 1 1 19 31 
24 31 16 36 4 20 28 15 1 21 13 39 7 6 49 38 43 0 27 14 11 25 26 2 11 12 22 25 1 14 17 38 14 4 
23 47 28 14 5 2 25 13 15 14 35 2 33 44 13 25 28 8 0 25 38 8 7 48 30 5 24 32 45 28 2 34 34 50 
35 35 10 21 25 39 25 40 48 10 13 17 10 29 29 12 26 36 10 0 13 27 47 17 50 49 9 32 20 30 36 13 30 2 
3 49 10 4 4 4 20 50 49 10 47 35 14 46 45 4 33 3 17 25 0 21 23 39 18 10 23 16 8 6 10 13 48 34 
15 7 31 20 9 22 32 40 13 29 38 20 15 36 14 37 17 48 33 46 6 0 31 30 11 42 44 32 39 13 45 39 47 50 
2 49 39 14 34 25 31 36 35 8 44 2 49 46 38 2 21 39 13 30 2 28 0 34 28 21 29 15 41 43 28 19 40 41 
21 13 37 25 24 34 23 3 11 21 23 36 9 43 49 45 37 43 6 27 18 49 24 0 15 12 44 5 11 41 43 7 40 5 
11 28 33 1 28 48 6 40 28 41 8 12 42 12 36 16 46 6 36 14 13 24 23 39 0 23 14 30 29 13 12 18 14 34 
32 48 15 17 45 10 46 50 38 40 8 17 4 20 32 20 45 45 38 22 27 42 38 6 44 0 29 14 18 28 27 16 24 44 
28 11 14 21 50 2 47 41 14 26 34 16 23 19 45 49 9 19 17 31 43 7 41 11 10 24 0 16 47 28 22 11 24 34 
24 26 9 19 49 46 43 42 32 14 16 5 41 22 10 19 20 20 9 49 44 1 22 21 4 12 26 0 36 50 13 42 16 10 
32 49 44 36 31 11 23 25 40 12 44 25 6 20 3 7 28 9 3 2 26 41 24 5 39 15 38 20 0 7 42 19 22 1 
46 9 23 17 34 40 10 36 25 5 40 28 46 49 43 24 30 23 4 40 14 35 41 26 39 48 16 23 3 0 18 48 43 23 
25 11 11 30 41 45 20 44 16 1 37 34 27 43 17 46 47 28 20 15 32 37 11 19 48 28 36 24 37 33 0 8 7 48 
5 22 38 32 44 40 28 35 46 49 35 5 42 12 5 50 28 7 40 29 28 41 38 50 43 33 13 9 46 7 33 0 43 31 
37 22 21 29 14 3 38 42 31 37 39 27 15 6 16 31 25 10 27 18 29 21 15 34 38 40 12 27 20 39 40 16 0 42 
25 6 40 35 21 14 5 2 37 47 5 50 24 28 27 47 28 22 48 7 26 2 16 8 38 41 24 41 12 23 42 47 23 0 
36 0 41 50 26 47 4 47 23 16 43 24 10 34 15 12 35 31 42 18 43 10 17 23 41 33 47 31 40 14 41 14 6 8 
27 39 0 38 28 22 32 19 1 35 10 10 43 48 4 27 12 7 32 32 25 5 14 20 18 10 44 50 24 7 9 26 29 19 
3 8 27 0 24 8 9 11 49 42 25 7 13 48 36 44 4 28 7 10 33 31 3 14 20 21 19 28 32 46 45 26 35 31 
25 46 47 1 0 39 50 23 21 26 14 39 13 6 12 9 7 20 30 3 16 47 38 50 45 7 4 39 32 30 4 47 50 23 
32 24 41 48 4 0 40 8 38 12 6 39 25 7 16 7 20 26 26 16 24 19 35 37 46 3 44 35 11 41 42 22 17 40 
40 24 38 19 9 17 0 40 45 28 36 33 11 20 50 39 33 12 5 29 32 27 5 48 38 45 46 10 6 48 47 20 34 23 
36 18 42 19 2 17 9 0 26 29 41 50 5 35 33 44 47 28 30 38 44 35 13 36 27 1 24 14 8 35 47 31 16 49 
39 35 33 47 14 11 38 20 0 7 48 14 48 33 11 13 16 9 20 18 32 41 38 23 33 16 19 29 3 2 41 33 10 35 
6 46 49 12 50 15 20 50 25 0 29 15 22 29 18 13 2 42 26 28 14 34 9 2 12 50 32 46 33 36 18 16 16 4 
14 28 15 15 5 10 6 49 33 17 0 9 8 11 37 1 16 2 11 16 5 47 1 48 45 37 12 19 19 37 15 7 13 50 
19 16 41 48 37 38 17 22 16 2 43 0 43 4 40 45 46 18 34 8 1 11 7 13 30 21 29 43 42 37 12 18 10 46 
9 42 21 10 18 16 23 50 34 32 50 6 0 2 33 23 25 24 20 32 50 13 39 12 4 11 28 9 46 26 36 5 34 33 
47 45 48 24 36 50 19 35 1 28 26 13 25 0 20 46 21 17 13 42 37 11 34 21 30 18 49 41 7 28 25 49 28 16 
23 5 38 25 1 39 21 13 15 12 11 37 41 37 0 8 14 25 9 23 13 48 23 14 25 19 6 37 10 12 7 27 30 49 
47 2 15 8 46 17 25 22 24 46 22 10 44 27 13 0 33 44 3 16 26 15 19 1 42 14 7 45 2 11 1 9 35 32 
38 44 35 43 6 30 42 48 42 24 27 43 16 25 30 24 0 28 19 5 11 4 35 29 2 24 45 40 22 23 11 24 38 37 
29 6 33 29 40 38 24 25 29 23 46 24 50 48 32 16 28 0 33 32 4 25 28 4 16 33 20 12 40 21 25 31 1 40 
6 38 19 47 46 38 32 31 37 26 12 33 28 25 47 9 7 46 0 29 42 34 13 1 3 18 46 21 27 35 5 4 43 46 
35 44 11 13 20 33 45 1 24 38 3 42 33 6 45 15 31 15 30 0 3 9 6 44 37 17 30 50 18 5 47 33 22 20 
38 44 32 37 47 37 13 34 41 11 26 48 11 35 41 26 13 4 40 25 0 40 37 29 50 24 47 41 33 27 47 28 5 32 
23 45 12 14 29 35 28 17 20 19 46 19 40 6 45 10 43 43 43 43 47 0 30 2 15 32 13 50 47 31 7 45 33 21 
17 39 40 29 12 34 20 13 9 21 19 34 32 35 41 46 24 35 4 36 12 35 0 44 44 48 33 17 35 32 37 13 25 13 
48 24 18 6 31 32 9 23 31 39 9 34 31 1 28 10 2 7 23 41 48 9 32 0 45 46 32 30 18 35 32 22 8 44 
21 34 12 23 40 44 3 46 13 32 46 35 10 17 32 39 26 30 30 41 34 15 40 42 0 23 10 50 2 41 39 49 17 1 
40 11 18 17 37 12 14 20 45 36 28 36 11 37 15 48 30 10 2 43 18 11 7 44 21 0 1 30 44 2 5 24 34 30 
34 20 7 15 22 39 19 16 22 40 30 13 6 13 24 35 4 12 30 47 24 34 30 4 24 47 0 37 32 20 18 41 12 44 
7 27 17 9 34 8 21 34 28 46 22 28 32 15 38 7 10 48 43 45 37 6 1 41 3 42 26 0 3 37 46 4 49 18 
19 49 37 7 27 21 4 9 14 47 38 9 27 42 33 49 26 11 21 48 17 8 2 26 27 6 42 33 0 18 47 32 42 23 
10 14 16 2 50 34 27 40 37 23 9 13 32 27 1 44 5 11 36 34 2 1 11 48 11 31 22 30 22 0 42 17 15 46 
36 17 28 17 47 27 28 44 9 31 36 43 13 45 29 42 40 14 37 47 9 22 10 3 18 42 19 13 48 19 0 45 6 45 
18 46 10 23 27 8 35 9 40 43 21 26 6 48 37 43 38 32 29 31 19 38 15 8 25 49 6 8 15 46 41 0 36 30 
49 46 49 20 19 13 6 2 39 19 29 39 28 13 44 33 21 10 37 17 26 26 30 32 3 48 28 3 27 44 44 3 0 35 
47 7 2 38 24 19 20 23 30 31 19 36 19 48 37 12 26 45 37 4 19 5 23 17 18 18 22 35 4 25 45 25 27 0 
5 0 32 6 43 45 48 41 18 45 47 46 12 47 34 1 42 41 2 49 8 49 16 42 35 36 21 7 48 35 20 5 36 44 
10 15 0 16 31 20 31 48 46 37 25 8 27 5 22 34 22 44 13 24 47 17 28 39 40 22 7 25 41 44 33 25 43 11 
18 38 19 0 35 12 21 22 1 13 12 42 34 8 31 50 23 27 42 8 31 40 27 32 26 26 10 13 6 7 2 4 1 16 
17 38 34 15 0 37 33 42 3 46 5 16 48 6 14 27 25 19 18 42 18 12 21 41 6 44 9 2 9 16 44 11 9 41 
19 41 44 16 8 0 40 10 16 29 44 23 16 28 21 46 37 32 39 35 12 33 5 46 47 29 22 28 31 34 38 2 44 8 
7 38 23 33 10 12 0 28 33 2 34 28 19 41 16 39 7 22 35 6 27 47 8 15 46 48 38 37 12 29 32 42 43 30 
8 22 33 23 4 22 28 0 7 30 32 21 19 28 38 7 39 24 12 4 46 17 12 50 24 28 36 23 25 16 4 20 43 35 
40 33 45 7 34 18 13 29 0 20 18 27 44 27 20 50 31 24 5 21 39 47 13 47 22 9 45 19 50 3 42 26 12 29 
34 39 6 12 33 41 44 41 18 0 48 45 23 31 2 16 23 45 43 49 50 5 39 27 37 23 48 40 50 13 27 29 42 16 
15 43 31 45 19 41 15 27 48 30 0 16 3 50 29 44 3 27 8 49 27 12 25 46 13 19 40 35 1 45 28 42 19 3 
7 16 9 35 29 26 2 34 24 7 10 0 12 35 23 19 46 47 37 19 31 16 5 41 48 19 26 30 6 15 32 20 38 47 
50 43 14 36 18 49 32 47 43 38 18 37 0 2 35 17 16 6 49 42 23 39 38 3 25 11 17 3 47 47 20 43 38 22 
15 35 30 6 11 29 38 37 34 23 18 24 12 0 18 41 14 40 9 34 29 16 9 13 41 39 25 2 46 36 1 23 45 31 
16 37 1 37 11 45 20 4 37 5 15 35 2 50 0 50 13 34 7 12 10 9 7 6 22 40 18 37 28 43 1 34 50 23 
44 47 31 41 27 30 15 14 25 29 4 48 6 38 25 0 3 34 2 44 12 36 22 9 31 30 48 43 9 43 12 36 22 16 
13 8 4 19 23 7 27 47 46 34 28 3 24 34 31 12 0 26 9 49 40 38 38 22 38 50 11 30 37 7 22 14 43 32 
33 44 30 22 34 12 46 18 16 41 38 32 29 6 14 13 47 0 18 4 37 33 28 25 37 17 20 12 28 40 41 24 21 36 
22 42 40 1 41 42 48 4 23 23 47 34 7 22 6 16 25 10 0 5 10 6 50 5 19 44 6 15 1 18 28 25 17 17 
47 8 15 25 13 7 26 6 34 11 6 29 3 11 48 6 12 16 32 0 19 11 30 22 37 21 8 36 27 47 37 45 49 30 
18 10 15 42 42 13 4 30 5 23 40 50 41 42 46 17 45 7 12 44 0 49 6 17 36 28 4 5 21 49 9 47 16 8 
49 35 1 34 15 21 4 28 40 7 7 33 38 31 17 41 11 3 30 33 5 0 32 12 44 29 14 38 8 33 31 46 26 24 
43 43 7 45 34 31 36 9 16 10 50 11 4 41 24 39 31 39 7 18 33 3 0 17 24 8 5 2 33 46 46 9 12 31 
9 45 38 11 46 27 23 44 25 40 22 13 33 26 23 15 20 3 43 39 9 42 40 0 26 33 38 29 30 4 13 21 2 38 
30 45 46 37 29 35 13 35 24 9 14 45 12 25 29 29 18 27 43 17 24 23 18 5 0 12 28 9 48 43 41 12 19 21 
25 4 32 27 29 41 18 31 4 36 33 27 32 21 13 1 1 37 37 28 35 15 8 27 41 0 25 1 27 15 42 33 48 45 
24 38 22 48 2 40 36 26 37 20 37 35 29 31 7 46 48 43 5 26 42 36 10 47 5 36 0 4 41 41 16 13 3 36 
33 8 34 42 3 50 47 1 2 49 46 21 43 13 45 44 32 17 50 29 23 4 39 28 25 44 16 0 36 46 36 21 7 34 
50 47 23 23 4 46 43 8 25 40 38 15 26 13 24 10 47 9 49 13 25 14 29 20 7 18 10 34 0 12 6 17 29 39 
37 44 17 22 21 29 22 7 22 48 14 2 13 49 32 43 26 49 28 23 45 10 36 18 4 17 36 36 10 0 46 20 24 9 
27 40 19 8 38 26 30 27 6 4 17 16 18 45 19 29 42 36 7 39 7 45 28 8 49 18 5 44 37 48 0 26 29 41 
43 37 10 13 36 38 23 48 46 39 6 20 3 36 23 18 8 18 11 13 35 3 32 12 12 9 21 22 37 41 9 0 29 38 
26 26 8 10 17 7 48 35 42 11 6 22 39 47 32 33 26 29 31 16 16 6 40 5 49 2 27 18 2 11 6 31 0 28 
32 28 11 15 9 42 12 13 29 44 42 27 41 23 13 39 40 11 12 29 13 23 20 36 3 11 15 30 31 34 31 6 26 0 
