8
5
31 0 1 29 5 50 
32 17 0 6 49 15 
2 32 44 0 25 9 
18 17 26 20 0 33 
22 1 46 19 26 0 
12 0 21 3 47 1 
20 39 0 27 46 46 
47 3 13 0 8 41 
26 37 35 5 0 35 
27 4 34 42 29 0 
21 0 10 21 9 25 
31 5 0 10 29 39 
12 15 10 0 49 46 
14 5 48 29 0 13 
15 4 18 30 7 0 
35 0 16 42 35 50 
9 38 0 11 19 30 
10 18 19 0 22 16 
42 44 35 20 0 30 
12 28 37 9 21 0 
22 0 6 5 30 14 
18 42 0 42 2 40 
15 14 26 0 30 31 
25 4 41 19 0 37 
47 36 26 14 21 0 
22 0 20 49 1 46 
8 30 0 34 14 28 
3 33 32 0 5 12 
18 27 18 33 0 1 
29 18 5 40 6 0 
9 0 37 18 22 25 
36 31 0 42 9 43 
49 44 42 0 7 32 
36 30 13 3 0 29 
42 22 37 8 20 0 
21 0 19 44 13 43 
4 15 0 9 45 38 
21 13 12 0 39 42 
23 42 23 12 0 14 
24 35 12 1 16 0 
