8
45
26 0 38 27 31 3 29 13 9 46 3 26 43 19 16 9 17 7 16 24 7 38 41 34 18 22 48 40 42 49 11 8 15 32 46 45 33 10 26 1 26 12 43 29 31 40 
38 34 0 15 38 43 4 12 25 16 25 35 4 9 10 5 40 22 11 36 46 11 12 23 21 26 7 32 16 49 46 46 12 4 29 34 15 26 5 7 8 47 41 16 22 10 
30 1 17 0 46 37 40 33 44 36 29 26 12 44 12 36 22 46 27 20 30 23 1 31 26 41 15 17 4 28 49 20 47 1 12 47 6 15 20 12 6 13 19 18 50 8 
3 32 44 21 0 36 1 15 46 42 38 30 20 41 5 23 24 29 17 37 9 30 11 33 16 30 8 27 15 15 17 5 33 32 18 39 33 24 34 42 49 6 1 10 24 17 
37 25 16 39 33 0 35 2 31 41 29 42 50 28 41 29 25 50 32 25 34 47 39 23 16 40 1 46 25 39 4 30 2 9 49 44 33 11 27 32 33 3 2 41 40 47 
34 46 43 14 25 7 0 20 35 41 21 48 2 50 49 32 39 28 43 38 50 41 41 30 48 46 14 24 50 42 31 45 49 34 20 7 6 4 12 15 48 11 17 19 29 47 
32 12 28 1 45 26 10 0 4 41 7 44 16 46 18 11 33 20 44 10 26 50 18 31 43 27 35 16 29 40 40 24 22 2 1 15 3 47 50 48 6 36 45 44 13 14 
40 9 45 4 15 41 24 9 0 3 48 14 32 35 24 10 10 31 14 1 33 22 15 45 3 9 37 20 46 5 40 5 25 18 29 37 27 21 25 25 49 1 14 49 4 1 
22 12 26 38 46 5 31 43 31 0 43 26 14 42 45 29 22 28 5 13 43 40 14 7 38 33 40 6 40 3 33 8 16 42 3 38 26 44 9 9 36 24 32 38 37 11 
14 29 30 47 28 23 9 37 11 12 0 8 6 39 5 7 49 42 41 48 35 11 23 40 8 4 28 20 46 28 20 8 27 20 27 20 11 27 44 26 10 50 29 31 42 30 
20 6 4 3 37 33 42 40 3 50 41 0 40 23 43 50 4 13 10 42 4 31 37 12 36 46 23 49 15 39 35 33 42 49 28 34 23 17 44 41 37 17 38 17 28 30 
22 4 1 27 7 37 20 39 39 50 34 44 0 19 7 15 34 27 1 18 18 49 41 45 10 27 38 20 19 5 38 44 20 35 7 25 19 48 39 32 49 13 4 11 29 50 
30 48 37 27 3 40 37 50 10 31 31 10 42 0 50 20 17 1 35 1 6 15 10 13 32 46 37 39 20 19 5 46 31 17 10 48 40 33 43 2 48 8 21 25 26 45 
10 7 40 13 33 13 19 10 24 36 21 36 6 31 0 17 2 18 31 6 35 50 44 32 3 30 35 9 33 4 48 45 35 37 38 36 30 49 7 37 43 27 22 43 25 28 
4 28 12 35 47 41 41 20 42 46 17 26 38 33 48 0 5 37 7 26 42 36 50 18 46 38 3 11 44 13 8 29 1 8 26 27 7 47 48 7 8 4 16 45 43 20 
5 12 25 40 39 41 15 18 33 42 5 10 17 48 45 30 0 48 7 34 17 17 18 12 7 41 8 39 1 18 38 21 5 26 26 34 41 37 5 25 17 14 33 25 34 22 
48 30 1 12 28 7 9 12 26 3 37 50 18 49 31 3 15 0 50 46 22 1 34 41 15 5 44 43 33 18 4 34 43 29 35 44 28 39 39 41 31 12 44 1 24 47 
41 19 6 45 15 49 34 30 13 22 14 40 36 8 35 14 27 45 0 22 20 45 22 34 5 3 15 27 10 15 10 7 34 18 19 14 25 37 38 3 6 1 13 17 13 31 
39 3 31 6 18 36 50 29 4 2 20 36 2 42 1 22 24 16 4 0 16 30 22 18 45 10 28 39 42 17 19 32 6 21 25 15 12 47 4 48 24 8 6 14 17 45 
40 36 47 3 35 28 48 14 48 1 17 35 37 47 40 47 8 13 36 21 0 15 15 27 28 39 26 20 19 30 8 25 9 2 1 21 42 43 40 32 42 35 42 24 25 49 
28 11 8 8 27 50 43 29 47 31 25 9 20 14 10 8 29 34 40 27 9 0 33 36 27 49 5 19 31 44 36 23 42 3 29 12 15 13 12 3 8 32 30 6 21 46 
33 23 26 23 35 6 9 34 48 40 45 25 31 9 23 31 12 36 11 8 34 7 0 41 3 45 45 18 32 32 45 29 28 16 32 16 32 44 9 10 31 15 8 5 40 17 
41 32 3 30 27 20 45 46 13 12 27 33 24 29 40 39 27 2 4 12 17 9 50 0 44 41 38 4 26 30 44 27 2 2 36 5 13 15 2 6 25 34 33 4 20 40 
50 20 30 20 42 38 6 2 28 1 32 33 10 40 40 17 19 16 19 36 25 32 38 25 0 28 24 25 47 29 28 35 5 30 4 42 18 24 7 39 7 21 1 24 36 23 
31 6 13 16 9 15 18 36 35 15 18 33 6 43 19 14 10 23 50 16 27 3 6 48 22 0 43 13 28 13 15 25 8 3 2 47 19 12 31 21 13 18 20 46 40 25 
36 19 15 21 43 11 29 25 20 46 29 50 16 45 17 3 40 24 20 41 11 30 5 46 50 3 0 29 2 37 49 8 7 17 24 36 25 48 8 20 5 47 34 34 6 18 
20 46 37 4 10 28 47 26 50 14 7 14 20 21 41 33 27 38 21 39 22 33 43 10 43 6 33 0 4 16 44 28 46 49 28 31 7 43 48 27 22 11 32 18 10 29 
11 29 37 30 22 20 46 13 18 47 37 4 27 12 5 45 43 11 6 37 12 16 42 40 35 40 29 11 0 50 29 41 16 33 31 32 28 47 25 44 25 32 33 32 32 45 
4 16 37 23 27 18 22 12 24 18 46 37 48 46 33 42 36 14 40 6 21 21 47 30 27 49 19 17 32 0 5 29 35 11 46 31 24 43 38 24 11 20 4 10 13 37 
41 49 30 12 33 47 20 43 27 25 33 20 7 47 28 50 5 31 19 40 12 27 3 15 9 49 48 40 29 36 0 17 11 34 44 36 50 40 6 49 9 10 42 34 21 48 
5 37 42 46 12 16 23 42 24 26 15 47 15 3 35 50 30 14 41 8 23 36 14 11 29 10 50 33 10 31 20 0 43 32 17 4 13 6 45 18 21 44 19 11 18 22 
3 25 3 14 10 30 29 44 14 26 20 23 32 17 2 16 41 33 44 7 22 16 49 49 22 44 35 46 20 15 5 26 0 46 40 26 36 47 19 1 1 41 49 19 41 35 
40 25 28 17 5 4 37 17 11 50 37 26 5 43 16 45 34 25 49 22 45 28 43 42 16 20 22 32 44 17 23 48 8 0 15 32 20 8 29 15 12 18 9 35 40 39 
10 43 27 36 6 8 25 20 20 41 13 32 37 1 36 32 5 24 45 28 40 19 40 12 46 38 5 10 38 4 36 43 3 3 0 7 28 46 47 38 10 48 29 39 25 19 
38 21 28 30 30 14 36 41 13 50 41 3 15 40 19 3 16 33 16 5 21 30 34 45 8 37 8 37 36 30 12 31 15 43 9 0 17 27 30 9 41 50 3 41 4 16 
25 31 8 19 7 33 47 23 20 48 9 37 34 22 43 6 50 5 33 39 11 39 22 32 2 26 36 24 26 5 19 39 31 29 34 7 0 1 18 30 47 16 9 46 46 50 
30 44 8 16 35 1 48 8 16 5 37 9 26 17 32 48 23 47 15 30 21 7 5 39 36 6 32 26 37 24 3 44 27 33 22 33 28 0 8 41 5 21 31 16 25 47 
49 25 1 49 50 43 12 31 16 30 24 39 20 31 30 19 23 22 42 3 44 32 44 46 49 20 15 6 11 10 40 41 31 42 38 31 31 27 0 37 31 42 13 12 4 49 
44 9 28 12 36 48 10 24 22 4 17 32 6 50 31 29 6 20 7 40 33 8 28 43 49 39 46 36 12 12 31 21 41 47 5 12 37 45 25 0 12 31 18 9 39 21 
50 25 28 7 3 36 43 5 14 16 36 31 36 13 48 2 25 13 11 23 47 41 10 45 19 42 12 46 46 9 16 49 39 22 50 14 19 29 9 26 0 38 16 27 32 19 
31 2 32 28 10 7 5 49 17 25 9 16 34 38 12 24 48 10 6 50 37 43 14 14 34 34 46 4 36 35 32 14 28 26 39 40 31 18 36 2 11 0 1 23 48 41 
48 36 42 48 2 40 6 22 32 33 39 38 19 44 27 12 1 13 32 43 46 39 8 49 22 44 31 25 4 39 37 20 17 23 36 49 4 7 34 45 26 43 0 46 44 1 
3 12 24 10 41 11 38 41 5 46 10 28 43 26 8 10 32 19 43 46 19 22 46 9 29 8 45 30 37 18 3 43 15 49 20 33 7 16 13 29 49 30 12 0 28 26 
21 12 31 26 36 45 25 4 48 33 31 17 16 31 34 16 9 5 38 43 18 14 44 7 26 4 17 6 15 48 40 10 19 33 8 47 14 4 2 24 29 39 17 17 0 39 
17 41 35 30 14 40 25 25 35 8 8 18 25 1 32 28 19 39 50 44 22 48 34 24 38 3 5 4 15 14 29 47 28 18 10 13 33 26 2 9 15 35 34 25 1 0 
29 0 39 4 20 46 10 1 18 24 18 19 8 12 43 11 35 21 11 22 29 11 40 8 41 20 46 43 38 42 29 37 15 9 23 9 14 2 35 20 4 29 30 5 1 41 
5 21 0 34 41 24 44 25 13 46 40 39 32 13 50 50 17 13 26 45 31 5 50 39 34 48 34 37 42 18 50 32 36 8 50 15 25 10 48 19 35 13 2 13 34 20 
33 40 35 0 20 37 17 4 10 21 37 6 33 50 44 41 8 34 46 47 8 4 25 13 36 25 8 15 8 11 18 3 37 5 15 15 44 2 22 31 34 28 26 37 14 10 
42 11 5 28 0 28 30 7 17 26 17 9 27 50 45 30 2 46 50 3 34 19 28 36 29 47 6 12 15 13 30 28 38 50 27 33 47 11 30 33 39 47 21 30 48 7 
18 3 27 1 32 0 33 27 35 30 41 15 26 26 32 23 18 42 4 46 40 22 28 24 13 33 42 17 17 15 38 48 49 38 23 30 4 36 14 32 48 1 4 20 36 19 
22 36 49 11 21 5 0 18 34 9 36 41 29 15 19 41 16 10 20 43 43 16 38 4 3 19 33 28 22 48 39 19 8 38 44 12 6 18 7 45 33 31 15 30 38 39 
25 21 46 42 33 42 34 0 28 44 4 34 33 47 42 38 28 46 37 20 18 34 41 21 8 35 49 4 26 10 12 1 9 16 14 44 13 32 31 16 48 35 30 45 41 28 
24 22 15 7 5 36 29 11 0 21 6 35 50 39 7 34 38 8 19 32 3 26 17 33 49 26 46 15 21 22 33 4 46 31 30 12 27 40 20 5 27 22 48 46 8 10 
13 44 25 32 11 27 12 14 38 0 2 7 40 17 31 10 21 9 39 38 3 39 19 9 46 8 49 39 14 5 31 28 21 25 39 14 3 41 40 12 6 43 33 44 29 5 
38 23 39 46 7 14 10 8 6 22 0 44 35 30 25 12 38 48 9 7 24 37 15 28 18 8 31 20 28 33 10 6 26 31 41 21 26 1 19 49 18 19 14 20 17 21 
18 11 15 50 18 45 24 38 5 19 24 0 45 22 38 26 45 32 26 46 16 18 5 39 5 36 38 30 11 40 6 23 45 12 48 40 20 5 28 15 15 33 39 26 23 47 
31 30 31 23 23 37 38 24 1 3 14 23 0 11 14 31 16 13 48 50 46 29 34 24 49 6 41 5 12 32 34 30 29 17 8 6 9 50 38 17 19 36 22 11 46 27 
48 44 14 34 50 20 41 26 28 19 47 6 32 0 18 32 33 26 43 17 23 35 6 4 9 23 16 26 32 32 11 7 24 29 22 8 48 41 28 32 15 40 4 39 40 9 
3 18 21 36 37 10 30 44 23 43 42 41 6 12 0 35 45 10 45 18 12 24 27 11 10 35 42 48 12 3 34 32 18 15 1 20 48 5 46 46 1 28 30 6 30 16 
8 36 17 47 21 31 9 22 28 35 26 8 11 2 45 0 12 19 42 40 12 25 26 5 42 37 40 14 50 17 34 44 22 31 45 28 6 32 15 32 3 23 46 37 16 44 
41 44 45 1 40 10 39 17 19 41 32 31 25 11 32 17 0 10 6 44 41 5 27 17 24 39 31 4 10 37 39 30 40 40 48 47 46 20 49 28 25 6 6 13 4 46 
25 7 5 1 37 14 40 43 25 39 14 28 21 13 10 6 29 0 30 30 11 43 42 27 15 36 48 11 29 20 36 50 15 14 29 14 24 50 9 1 26 41 47 16 10 33 
19 49 37 18 19 27 26 33 43 4 34 30 41 16 39 3 11 24 0 40 40 50 14 43 49 36 7 21 29 5 21 46 27 18 32 17 50 25 11 2 9 24 32 21 25 31 
45 10 44 12 23 30 24 26 20 34 5 6 39 33 12 7 48 28 23 0 9 8 12 9 49 40 29 1 22 31 16 18 43 19 18 42 48 27 18 33 42 23 1 48 49 13 
44 37 29 40 3 27 5 49 17 24 33 1 46 22 45 30 2 46 5 16 0 12 38 21 41 15 30 30 45 31 36 7 14 11 37 47 43 23 33 29 39 13 45 2 45 10 
47 32 46 39 13 21 5 44 34 1 6 16 38 25 23 47 10 18 31 17 19 0 41 10 26 3 8 20 18 17 3 18 36 26 32 19 49 35 7 19 16 2 21 27 37 41 
27 35 8 7 42 4 27 22 29 41 7 23 21 37 6 1 38 27 31 33 21 41 0 6 7 24 13 4 49 15 15 48 14 24 35 26 23 12 12 25 50 42 15 47 41 13 
27 15 21 14 15 15 45 47 4 21 36 29 2 33 30 50 28 7 15 44 43 50 36 0 11 33 39 27 2 31 41 6 44 15 45 48 49 34 35 50 1 4 17 20 15 41 
44 11 29 46 50 15 9 33 48 20 28 29 10 32 27 38 43 16 14 16 42 15 7 36 0 31 17 43 7 14 40 26 31 22 21 40 28 48 7 32 27 48 12 18 26 20 
20 24 4 24 14 12 1 6 50 49 30 5 44 15 33 23 2 20 8 44 48 7 40 42 49 0 40 36 35 38 18 31 47 32 16 11 44 39 33 1 29 25 25 23 23 11 
24 5 42 49 5 46 43 10 32 23 14 35 12 26 24 26 17 19 32 18 33 23 28 4 40 34 0 19 19 30 20 23 35 18 32 25 36 44 37 34 23 39 38 1 43 48 
9 27 8 28 3 9 6 42 5 28 1 27 39 9 21 27 24 30 13 50 29 18 31 1 39 32 30 0 36 9 29 46 23 35 6 31 7 12 42 28 11 18 43 13 5 24 
9 6 28 13 46 16 8 39 44 19 42 47 7 39 21 29 20 33 26 33 29 43 33 29 15 15 32 3 0 2 33 36 5 26 28 31 27 3 24 13 14 38 35 42 37 39 
11 6 3 7 32 48 11 38 22 46 16 24 50 49 31 34 6 37 11 34 38 21 30 9 45 27 47 20 12 0 46 45 1 46 40 4 10 30 46 21 35 26 18 5 32 15 
3 3 26 32 31 32 48 31 4 2 40 26 44 13 5 2 41 26 27 1 16 28 10 45 22 4 10 16 27 8 0 20 17 48 45 42 24 22 38 32 14 47 20 42 38 15 
34 36 34 16 34 36 43 28 31 49 25 44 31 11 27 23 32 5 47 33 23 29 50 21 31 31 3 44 14 5 47 0 37 22 30 38 19 27 1 44 23 28 40 17 46 17 
31 41 28 5 42 15 15 46 6 42 6 37 14 35 4 33 49 14 27 3 39 22 1 24 9 46 32 12 25 5 34 12 0 4 4 50 40 26 40 23 41 32 41 17 39 32 
32 14 16 40 40 30 26 41 43 28 10 40 5 47 46 33 3 21 2 8 44 33 10 36 14 8 10 42 37 22 48 5 13 0 42 27 33 17 22 35 26 9 22 11 26 41 
50 22 43 28 8 29 21 16 31 38 50 4 31 27 32 21 35 4 22 31 5 28 13 20 13 17 32 36 26 50 23 22 34 45 0 14 37 17 14 29 44 28 40 32 5 28 
30 36 46 4 6 24 18 40 46 36 23 9 23 15 41 48 35 40 32 16 28 21 36 13 46 4 21 26 29 3 16 46 9 43 34 0 31 36 33 21 27 5 33 38 10 42 
28 44 50 38 47 44 1 1 39 50 9 1 33 9 2 3 43 11 44 21 27 1 31 32 11 12 2 19 5 11 45 33 27 22 18 11 0 22 38 33 9 16 46 20 44 25 
31 4 25 20 24 13 22 45 40 15 28 14 18 28 35 42 32 46 29 5 27 24 11 41 41 32 5 29 35 5 31 32 37 8 31 8 28 0 50 32 48 24 39 38 8 41 
48 4 10 48 17 35 1 42 39 48 7 44 34 30 43 8 43 10 35 34 46 27 11 48 28 15 33 14 31 32 39 37 4 50 44 28 45 32 0 18 21 31 41 49 10 24 
15 44 21 40 41 31 29 3 24 45 21 43 13 20 3 3 37 11 7 10 20 41 35 36 15 13 12 43 14 3 6 29 2 24 14 22 12 25 41 0 2 11 34 30 6 23 
35 33 12 16 19 45 30 42 50 5 24 10 35 26 28 19 36 40 22 40 43 42 39 7 31 41 13 21 6 50 36 11 29 13 31 31 50 27 45 9 0 27 37 2 20 40 
13 28 50 13 33 25 45 9 17 31 44 44 6 36 29 33 9 37 1 19 13 31 22 46 48 19 9 45 13 13 6 40 19 17 18 13 14 9 23 25 42 0 3 13 33 37 
37 45 42 16 27 18 1 1 2 27 33 7 5 15 14 16 50 46 4 25 4 25 39 18 17 19 1 14 26 28 11 18 39 9 12 25 17 29 37 46 6 39 0 18 40 35 
7 10 44 9 10 42 8 10 8 34 12 6 25 50 8 17 38 26 24 17 15 18 47 4 40 49 22 10 8 20 15 7 50 33 11 10 8 5 17 37 4 9 32 0 25 50 
19 43 30 30 29 19 14 45 23 21 39 14 40 20 11 21 48 2 38 20 5 7 42 40 48 10 33 9 38 14 7 36 22 5 21 7 43 30 30 2 1 13 27 13 0 22 
47 18 36 6 17 6 7 44 5 45 13 1 40 32 20 36 6 7 10 14 3 42 36 49 5 28 18 23 37 20 42 30 30 18 1 43 47 3 22 9 50 43 17 10 8 0 
6 0 3 49 10 16 45 7 18 50 19 6 32 37 2 39 38 35 8 36 4 33 22 22 32 27 39 4 36 1 14 11 25 27 42 50 26 20 13 21 25 36 13 31 49 46 
11 11 0 2 34 22 15 35 32 7 25 34 31 17 34 28 42 22 17 36 9 32 6 46 3 13 18 23 38 12 18 21 42 23 37 16 29 2 2 30 49 26 44 20 17 16 
46 4 30 0 44 33 14 47 45 41 15 6 15 50 21 4 43 48 20 39 5 43 8 31 18 49 40 20 37 37 33 38 36 30 37 18 15 43 45 30 5 25 47 33 23 11 
14 3 32 26 0 6 28 24 32 12 24 38 23 12 45 43 44 10 8 8 27 20 36 13 4 40 1 4 41 35 31 46 25 9 8 36 38 39 12 31 6 15 5 18 13 30 
42 31 50 37 11 0 16 40 25 47 41 28 41 29 37 6 25 33 47 32 29 13 15 5 10 6 6 49 28 3 12 15 19 50 24 49 20 4 4 25 16 7 1 13 17 8 
48 11 25 25 32 33 0 9 36 35 18 27 26 41 32 5 18 13 23 35 26 9 41 5 38 37 21 29 23 17 23 13 3 39 2 9 45 24 3 22 30 7 34 16 7 22 
44 14 23 20 49 45 28 0 28 41 49 7 6 37 39 11 4 36 19 13 5 25 38 39 24 10 44 10 2 6 19 26 25 49 17 44 8 7 4 19 29 36 25 48 3 2 
40 37 14 11 26 22 15 3 0 2 47 6 25 49 10 5 35 27 22 22 24 33 8 21 45 4 48 33 1 35 20 50 40 37 23 21 8 47 41 31 48 11 22 47 20 38 
33 9 45 15 45 10 4 26 29 0 20 33 16 19 8 29 40 15 19 33 48 16 39 26 39 47 38 36 42 25 14 11 11 1 8 22 40 38 37 41 10 47 15 8 4 39 
42 28 34 2 9 47 4 14 23 22 0 44 33 6 18 7 24 12 2 16 9 22 15 12 36 40 2 29 29 23 2 2 32 23 50 6 11 2 40 16 18 7 47 29 36 28 
8 33 19 35 36 35 13 42 45 18 27 0 16 48 13 8 18 25 41 21 21 13 10 6 13 46 23 23 37 49 2 25 36 27 9 33 20 10 45 37 17 40 40 29 33 29 
45 4 27 9 50 33 7 9 15 15 48 27 0 7 39 14 13 27 44 43 43 41 40 40 31 39 9 31 4 4 32 24 32 23 35 1 19 46 28 49 20 19 28 12 45 35 
43 3 6 24 5 13 46 36 40 38 6 15 46 0 20 41 2 3 5 34 41 17 4 23 39 46 17 49 46 23 25 14 28 45 47 46 6 25 31 50 19 29 46 34 48 45 
4 50 9 8 18 17 24 29 4 18 39 31 18 28 0 39 15 50 14 16 24 29 20 50 25 36 27 22 5 15 13 22 21 26 44 43 17 41 38 5 9 40 50 42 29 8 
26 8 4 12 5 29 32 18 24 17 34 1 34 23 42 0 46 19 14 42 47 19 6 25 36 22 25 13 9 8 35 29 29 21 17 10 20 18 44 11 34 40 3 2 27 9 
17 7 16 14 14 21 37 1 33 39 20 33 19 40 31 17 0 24 11 39 39 6 30 17 13 22 28 26 3 8 7 16 4 49 27 5 18 48 46 44 15 43 29 39 29 41 
37 50 4 31 17 17 42 14 39 4 38 40 3 42 37 46 34 0 43 26 24 17 35 42 35 13 20 29 17 25 46 28 42 39 23 35 28 22 22 41 41 24 41 11 23 18 
29 45 4 8 19 9 36 13 6 24 3 9 20 19 48 38 25 39 0 43 27 46 1 30 8 9 24 12 2 36 50 26 25 19 18 35 25 26 10 6 38 42 29 34 49 33 
20 3 4 44 3 50 2 19 47 22 28 15 47 50 45 47 34 28 6 0 48 28 40 2 34 23 13 16 33 5 35 18 18 32 25 40 22 9 8 33 1 25 7 23 46 8 
11 29 11 11 41 8 2 28 1 5 31 1 20 22 40 34 19 14 12 5 0 11 34 22 10 24 39 27 46 6 24 22 18 7 27 13 34 6 23 15 28 16 40 31 20 10 
22 39 37 43 17 6 44 11 41 47 27 8 1 38 2 32 7 23 28 34 13 0 45 43 10 6 28 47 50 35 40 21 4 2 1 2 1 40 3 39 18 29 7 16 31 36 
27 6 35 13 46 10 17 3 36 47 28 46 27 37 40 9 44 27 2 26 23 6 0 50 36 2 42 4 34 10 6 7 29 13 24 30 23 13 38 39 30 5 1 17 5 25 
6 13 16 50 10 35 31 15 5 14 21 6 49 11 5 6 34 44 31 41 49 33 4 0 8 18 47 7 38 22 22 22 40 46 12 47 29 38 35 1 21 27 15 9 11 9 
17 15 27 35 24 21 8 36 14 27 23 10 9 32 13 28 43 43 33 42 32 10 38 15 0 26 18 49 44 10 14 35 24 43 50 1 33 31 4 49 1 15 4 32 35 24 
20 30 3 38 44 34 23 27 20 27 7 27 12 10 6 23 14 27 1 43 50 17 9 32 31 0 48 40 45 32 27 28 29 3 41 6 38 46 6 17 31 13 48 24 23 45 
6 19 44 43 29 2 28 32 43 25 3 22 22 8 46 45 28 46 43 49 29 25 21 4 18 27 0 9 10 21 31 3 43 37 37 25 29 46 2 4 26 1 47 11 17 3 
17 24 49 21 36 35 3 32 24 16 32 48 41 25 2 43 18 12 13 23 10 36 35 34 17 50 27 0 43 18 49 33 14 5 2 2 3 11 39 35 46 50 12 13 22 43 
32 5 28 2 33 33 35 48 45 43 32 39 15 4 36 9 11 15 26 34 18 44 40 24 49 33 30 28 0 17 23 49 24 14 41 36 45 49 41 35 16 48 17 11 9 20 
15 46 35 50 38 40 48 37 38 25 38 16 4 3 50 4 8 32 22 45 9 26 24 19 41 10 20 30 10 0 36 2 33 31 4 35 38 45 28 29 33 1 37 27 17 49 
29 46 38 35 13 41 36 39 14 12 40 22 17 9 29 21 18 27 2 23 6 36 1 19 13 9 30 3 40 44 0 22 49 8 20 13 15 33 46 48 46 17 44 18 43 46 
16 28 20 50 13 33 10 25 44 44 44 45 20 23 4 11 33 50 20 40 41 15 47 46 15 39 23 30 7 7 12 0 19 8 23 47 32 10 3 27 12 12 25 14 27 19 
20 14 23 44 35 34 44 48 3 6 2 32 24 36 24 10 31 18 38 32 26 38 47 26 23 2 31 23 9 28 16 1 0 20 28 46 26 50 36 22 23 18 22 6 18 46 
1 36 18 4 2 32 7 27 46 44 33 18 48 22 34 4 21 39 26 40 1 12 47 40 49 10 46 47 15 15 5 33 29 0 30 23 16 14 20 8 47 10 25 25 35 14 
9 3 14 38 19 47 33 30 29 46 39 40 28 5 42 36 11 12 31 39 1 39 18 50 19 41 2 31 29 31 27 37 13 27 0 41 8 32 9 46 18 22 3 1 35 34 
27 36 16 17 12 49 13 44 46 14 20 35 15 20 29 46 3 2 48 19 3 27 2 15 34 5 3 16 13 18 48 39 33 16 43 0 5 37 15 18 32 14 44 17 13 21 
23 17 39 18 23 20 1 3 16 32 50 35 1 33 8 47 48 31 29 16 32 3 49 28 25 10 39 35 17 6 9 10 39 45 12 38 0 14 49 41 49 48 37 17 35 43 
21 36 32 11 35 16 13 39 48 40 21 18 12 43 14 31 17 37 10 23 40 46 7 21 20 34 49 41 31 18 46 36 15 35 4 24 7 0 25 32 41 47 22 42 5 42 
20 2 6 27 18 32 50 7 12 3 26 30 11 41 2 17 23 9 30 45 35 4 27 40 41 25 42 6 20 27 19 4 2 30 1 32 44 14 0 13 37 46 29 3 33 29 
45 46 35 30 24 24 14 13 11 7 17 26 17 37 43 40 45 37 36 35 22 28 32 41 20 24 9 46 43 50 7 1 45 11 47 29 8 26 47 0 3 5 42 42 24 35 
7 28 28 21 47 1 42 18 48 8 17 15 44 10 50 16 19 20 12 50 16 32 6 41 15 33 20 41 33 30 31 37 8 6 14 47 32 26 46 49 0 16 34 47 4 30 
15 14 16 48 38 37 22 31 24 19 26 22 37 6 15 32 2 35 18 27 31 7 39 47 4 34 44 24 13 35 33 35 3 11 1 19 4 43 46 44 10 0 6 35 38 39 
25 45 20 32 17 15 49 30 27 50 8 26 20 44 4 44 48 18 40 36 42 20 27 6 46 29 9 39 25 18 25 23 1 8 29 40 24 43 47 21 35 5 0 26 12 43 
43 35 50 43 1 13 39 45 2 48 6 19 14 36 38 6 10 6 10 25 36 25 12 15 15 20 5 21 20 2 37 45 16 14 4 45 9 47 24 5 37 28 50 0 11 24 
22 10 7 9 15 25 50 16 37 7 19 23 35 28 31 8 18 26 50 11 12 4 1 33 44 47 14 32 5 38 8 26 1 42 44 10 48 13 6 28 38 29 29 7 0 35 
22 25 19 44 48 20 3 1 50 13 19 10 25 15 18 12 18 11 50 49 43 22 44 35 22 10 6 20 22 24 33 25 45 48 23 23 45 39 8 19 6 26 2 29 26 0 
1 0 24 48 39 17 21 18 30 8 43 50 31 35 22 38 15 33 29 27 30 44 16 28 43 45 17 29 4 31 44 18 21 16 10 22 37 8 32 6 4 16 46 37 6 23 
42 11 0 17 20 5 24 47 25 49 33 35 47 5 44 1 42 14 49 14 25 30 16 25 1 1 7 1 24 24 15 48 29 22 21 4 7 13 34 27 21 21 46 17 28 37 
41 4 39 0 6 12 2 48 23 32 44 26 36 17 20 49 23 24 2 34 35 7 25 35 41 45 30 31 23 44 4 34 50 48 15 11 4 12 19 12 14 1 6 41 27 28 
21 46 15 29 0 48 48 44 33 43 31 17 19 49 12 33 22 26 30 28 10 27 39 3 9 45 11 6 41 21 34 1 34 8 13 24 34 16 44 46 7 40 17 5 34 45 
35 14 8 30 42 0 26 27 14 18 1 33 44 6 34 38 43 4 13 9 31 33 11 36 38 49 6 32 34 22 20 11 34 19 15 10 48 48 11 29 9 24 21 41 13 42 
40 10 11 9 15 36 0 4 46 4 13 25 28 21 31 37 45 44 43 49 40 49 26 42 24 41 45 43 34 1 7 12 21 24 46 10 47 21 26 8 34 7 38 15 3 36 
20 28 31 43 15 31 29 0 43 23 44 15 19 37 19 20 44 21 46 47 1 4 5 25 22 40 24 18 35 15 34 11 11 39 38 21 17 13 41 36 27 33 29 1 3 45 
28 35 7 38 41 37 43 19 0 3 33 15 4 10 3 42 13 44 28 40 34 4 31 49 48 4 32 30 10 20 18 25 5 23 27 13 39 12 48 25 48 18 43 37 6 7 
14 3 38 45 15 39 2 11 20 0 41 47 36 10 35 10 7 34 49 35 8 10 32 34 41 3 2 47 4 43 16 12 45 44 42 41 29 42 15 6 30 24 44 4 36 16 
4 2 14 15 41 35 45 2 48 47 0 33 20 48 43 14 43 48 19 4 30 3 43 19 45 31 15 19 43 6 35 17 28 48 25 50 50 34 39 2 31 17 43 46 45 9 
10 45 22 42 37 26 25 50 7 13 11 0 34 20 34 27 16 2 47 14 31 5 23 23 44 15 10 9 18 24 14 11 48 24 36 22 20 47 1 19 9 42 29 42 13 39 
16 14 6 26 15 15 46 32 15 4 38 22 0 29 28 28 17 8 27 43 3 14 11 34 13 7 20 1 28 6 40 26 31 11 5 50 46 4 43 9 49 15 16 10 32 35 
49 19 24 42 42 34 3 49 10 26 5 31 43 0 19 46 14 18 27 26 29 7 12 25 29 33 13 16 19 45 39 48 2 2 28 9 1 28 37 14 6 24 33 1 29 45 
15 11 24 13 35 47 40 35 4 29 37 44 46 10 0 29 19 34 5 22 28 4 30 16 11 45 37 32 13 20 5 24 12 46 34 18 2 42 7 10 43 9 17 48 49 23 
7 32 28 36 38 40 29 30 2 41 36 46 14 18 49 0 15 27 15 49 5 26 49 12 42 27 27 28 46 30 19 38 32 17 38 39 5 4 27 32 16 46 32 44 44 33 
7 29 40 11 28 33 3 49 44 47 9 20 36 9 12 13 0 33 1 33 4 4 29 26 30 44 11 50 33 34 10 44 5 19 10 20 48 39 35 2 37 35 34 24 42 30 
35 19 19 21 3 13 32 12 41 30 29 3 10 17 17 33 20 0 15 35 4 4 2 27 40 14 24 49 49 46 19 21 6 35 50 9 43 32 13 31 47 13 44 28 31 42 
45 29 18 36 5 16 19 39 39 27 34 43 29 7 30 15 33 17 0 23 10 24 19 11 9 24 1 8 34 39 41 10 24 47 48 20 46 31 13 41 3 2 17 47 23 26 
1 3 6 2 32 30 28 6 21 19 27 18 10 13 4 9 35 50 48 0 17 10 46 32 38 35 35 21 26 20 8 7 23 39 33 24 48 2 33 8 11 33 19 26 30 43 
28 21 1 37 45 18 18 49 6 17 5 22 18 18 48 10 2 37 14 12 0 4 30 28 40 7 7 3 43 38 35 41 21 3 45 7 14 20 39 25 41 40 24 33 16 19 
27 34 15 10 2 31 32 12 18 40 48 44 12 31 38 16 25 12 22 26 34 0 20 24 11 35 40 14 12 24 23 30 48 12 21 30 23 38 34 37 4 10 9 35 6 10 
20 9 8 37 25 15 13 12 41 35 8 11 4 26 12 18 20 39 45 10 50 33 0 41 2 16 28 42 26 18 17 26 35 18 1 16 31 7 25 49 9 18 37 21 37 23 
13 34 8 25 37 40 20 41 47 10 37 19 6 22 48 24 38 44 25 10 24 43 4 0 11 31 11 45 41 37 42 14 12 4 30 3 45 34 1 32 27 6 44 22 42 29 
13 1 4 2 35 31 44 47 28 49 20 31 48 45 26 45 30 4 5 47 25 15 27 19 0 3 40 37 12 48 4 30 21 13 32 19 11 42 40 2 12 21 16 27 31 34 
14 36 7 6 33 27 40 18 45 4 48 24 35 49 45 44 32 50 24 19 50 19 16 26 16 0 4 41 3 44 27 10 38 46 36 40 4 31 6 16 28 40 4 18 29 21 
37 8 42 7 18 39 17 4 12 34 46 21 31 41 30 37 38 25 19 44 10 29 49 10 41 14 0 27 34 47 29 46 1 38 6 29 46 49 46 27 38 44 35 34 2 44 
34 50 16 37 42 3 30 50 35 12 9 9 33 16 4 13 33 8 34 39 45 33 26 12 34 38 43 0 49 31 50 25 45 47 16 8 15 11 48 5 27 17 2 3 45 21 
38 17 30 23 26 12 28 1 14 49 1 25 4 4 5 10 32 19 36 37 14 12 17 9 40 2 36 3 0 7 22 44 31 32 42 46 21 14 26 5 39 48 44 34 17 7 
41 8 44 1 17 36 33 18 8 7 27 1 21 34 25 26 26 45 43 6 21 43 12 8 34 47 6 15 47 0 39 20 29 50 3 49 44 42 2 40 37 11 14 24 35 20 
21 43 42 31 14 22 50 42 11 37 48 47 36 17 21 30 19 21 19 37 49 1 19 35 31 34 24 5 6 46 0 7 20 27 39 14 5 15 34 33 17 21 37 40 16 2 
48 7 35 20 7 42 43 5 49 21 20 25 7 1 30 49 45 36 16 31 28 20 47 4 17 15 36 39 2 17 12 0 12 3 34 34 28 39 36 50 4 14 16 29 19 44 
30 8 34 4 19 26 2 24 36 25 28 10 32 4 42 7 5 3 32 10 9 22 24 17 2 11 10 37 13 17 13 42 0 29 10 37 7 2 35 34 42 10 38 17 10 6 
19 7 33 8 47 9 13 47 10 36 9 35 17 2 9 16 16 11 20 12 37 31 23 17 35 5 20 19 41 50 21 6 15 0 12 34 4 28 29 17 8 50 45 20 25 28 
23 36 34 26 26 45 27 48 48 20 38 35 16 23 42 40 44 6 10 15 4 20 6 19 5 39 37 45 12 12 42 12 49 40 0 13 20 37 44 16 5 44 8 17 42 46 
19 12 7 25 19 7 39 10 10 25 3 31 16 21 37 8 33 36 37 28 27 37 27 10 23 3 1 41 6 22 46 3 14 23 36 0 28 30 21 44 6 3 3 39 15 10 
39 21 24 30 47 12 23 31 14 20 33 36 47 3 16 6 49 5 39 29 50 17 43 35 9 29 12 42 31 26 24 48 12 1 34 33 0 28 11 9 10 23 23 1 3 4 
43 34 19 29 50 5 49 1 36 10 23 28 39 21 19 50 32 1 39 46 35 24 47 19 34 29 39 46 29 6 28 16 41 32 17 46 44 0 14 32 21 26 48 26 41 11 
5 39 40 40 11 42 22 13 8 19 19 37 50 46 21 17 3 23 30 33 7 38 8 5 24 6 18 19 18 21 38 48 7 8 30 40 49 6 0 19 14 6 4 33 13 48 
9 45 19 11 5 23 26 46 9 4 17 32 36 17 5 25 4 46 38 32 21 31 42 16 31 18 48 4 17 27 4 6 46 7 15 12 50 9 13 0 48 13 3 49 4 13 
9 14 40 14 40 3 9 46 31 28 29 3 3 30 38 26 22 30 32 1 12 37 29 2 43 25 45 33 40 20 19 32 38 4 23 5 8 40 27 24 0 45 10 15 30 37 
9 48 29 26 22 41 23 17 4 2 23 35 38 21 16 9 26 6 12 9 47 16 49 8 33 19 32 4 9 6 2 23 50 16 35 27 17 8 19 29 47 0 16 35 2 1 
20 20 19 11 16 20 4 3 21 40 44 49 22 43 4 9 19 9 48 50 1 36 23 37 40 42 19 38 34 12 32 31 48 8 13 49 13 44 43 37 49 20 0 29 26 41 
28 45 16 15 20 28 7 37 2 1 35 47 33 22 24 1 16 19 9 9 13 2 15 30 5 47 26 16 12 2 31 7 48 46 12 48 3 24 15 35 25 45 46 0 7 28 
2 31 23 20 36 34 2 20 18 29 26 31 36 10 24 3 42 26 1 20 29 50 37 10 27 48 43 5 25 34 19 7 8 2 4 16 4 47 26 19 29 37 30 18 0 36 
17 18 14 41 32 34 20 45 38 50 2 45 13 43 38 41 47 45 34 11 20 24 35 7 9 49 45 50 33 41 42 21 20 24 10 31 29 14 43 1 49 12 21 3 2 0 
22 0 41 4 39 28 33 42 47 7 17 44 33 8 33 33 39 20 13 47 8 32 25 40 34 7 13 34 2 33 12 9 3 33 5 37 9 41 12 6 9 50 25 13 8 16 
48 22 0 32 11 13 30 49 24 45 20 47 1 21 32 15 50 41 14 46 8 41 1 3 46 25 48 9 8 38 9 8 13 33 18 9 42 2 42 21 33 11 30 38 36 41 
9 21 31 0 41 10 10 11 18 50 26 48 19 36 36 15 21 42 37 36 13 34 18 3 23 24 48 49 43 13 48 12 13 18 6 17 27 29 18 29 49 47 46 33 43 12 
23 17 7 6 0 12 20 44 3 23 7 41 19 8 17 13 12 18 5 3 14 35 2 31 20 38 43 24 8 38 16 39 36 11 11 1 31 43 37 2 28 19 11 45 49 27 
9 21 1 16 38 0 29 42 31 29 28 22 37 37 19 20 46 36 15 8 19 6 8 47 17 32 20 31 4 25 46 24 8 33 44 29 22 24 42 50 37 48 5 32 34 29 
45 6 19 33 33 33 0 46 37 30 21 1 25 35 35 18 48 38 6 34 4 15 4 44 40 48 23 44 15 21 22 1 27 13 38 38 14 13 22 43 13 29 21 3 23 28 
48 39 8 32 39 10 50 0 48 31 15 41 13 30 36 11 40 31 17 9 21 25 12 48 47 5 36 17 13 22 26 45 2 21 12 50 34 36 33 32 12 1 30 33 23 47 
2 33 37 32 23 48 5 45 0 2 4 37 42 12 28 4 43 38 27 6 21 40 42 19 36 28 4 48 35 47 21 45 30 25 50 3 3 31 31 49 28 40 8 19 8 14 
42 25 6 29 20 14 4 27 3 0 8 10 15 1 5 20 50 21 48 32 10 7 18 12 26 1 12 7 28 28 31 33 24 11 23 36 29 43 6 28 8 42 3 23 42 44 
39 31 26 30 29 20 10 38 49 7 0 25 14 30 29 8 7 26 49 23 26 37 5 28 20 41 7 15 21 24 18 5 46 20 33 13 32 31 49 50 11 23 36 13 17 12 
16 14 28 20 1 16 4 50 17 7 34 0 3 7 39 23 6 39 15 31 3 29 44 48 16 27 27 28 50 12 3 2 42 12 8 25 44 37 2 23 2 1 46 4 26 29 
29 24 10 27 5 35 22 32 15 33 22 16 0 12 44 25 39 4 39 14 6 43 41 49 15 29 19 37 42 29 2 34 41 23 38 48 3 19 24 7 19 31 11 48 26 4 
28 25 9 49 14 47 7 41 20 37 39 26 46 0 48 37 48 30 3 13 50 31 43 25 46 23 21 31 32 46 26 32 44 24 11 2 44 29 44 16 5 27 1 4 1 9 
28 23 26 21 21 1 8 35 27 23 35 1 13 26 0 44 17 26 45 44 5 46 2 35 47 43 19 37 37 8 23 31 40 24 38 46 48 6 12 25 26 25 9 48 39 17 
44 17 18 23 39 2 6 10 47 14 26 39 29 28 2 0 15 21 27 4 43 46 27 26 31 46 12 14 21 19 31 38 4 47 31 49 3 19 15 20 21 25 31 28 24 20 
10 27 34 24 12 4 32 45 46 22 18 42 38 27 28 39 0 36 41 17 27 22 42 49 30 50 46 7 8 33 18 15 50 2 11 37 35 30 48 8 28 6 10 1 10 32 
11 32 38 43 33 40 40 12 48 49 18 28 5 24 16 47 24 0 12 29 7 19 41 27 41 43 9 39 34 39 21 12 42 40 49 40 15 20 16 50 28 25 38 5 13 20 
8 26 24 42 31 32 49 23 3 13 21 5 47 50 25 2 6 23 0 27 37 27 39 7 35 1 28 9 12 1 32 31 36 15 22 36 34 15 43 9 40 14 20 37 36 19 
11 23 16 26 27 20 16 29 27 43 19 19 40 41 4 23 37 22 21 0 33 35 40 26 15 42 37 14 15 38 24 8 2 21 16 41 6 44 37 25 13 16 8 39 29 17 
15 26 2 6 17 27 48 16 4 35 21 47 1 35 40 6 2 41 3 36 0 18 48 24 1 48 30 1 48 9 17 27 1 47 49 27 12 13 10 22 47 10 36 18 31 20 
9 43 3 35 8 15 17 36 44 50 17 2 1 8 37 26 1 8 37 8 20 0 50 3 8 29 44 42 20 7 26 32 31 43 31 39 37 49 13 2 3 11 16 4 50 11 
10 12 2 35 21 10 29 32 24 50 9 41 45 6 15 23 48 30 18 18 37 9 0 20 19 50 28 38 7 34 48 5 47 3 47 20 32 41 35 36 17 4 49 20 32 30 
46 4 8 38 31 13 36 36 32 25 1 42 33 35 44 22 22 49 26 45 13 38 49 0 37 33 32 13 45 2 15 38 40 39 39 5 24 31 19 3 35 19 11 22 23 19 
40 8 1 43 46 32 1 45 37 18 8 6 22 5 49 1 42 35 18 37 12 4 45 31 0 20 41 4 46 41 26 3 17 26 18 43 25 13 3 6 33 38 46 2 22 47 
19 10 14 4 35 28 26 4 36 8 37 14 20 23 5 29 5 4 11 15 41 30 5 13 25 0 39 40 30 35 50 16 2 23 35 1 32 40 42 7 49 27 14 41 10 7 
11 43 30 2 5 33 42 42 7 6 40 5 2 29 47 38 47 20 37 42 36 41 36 23 23 39 0 13 48 12 38 28 40 45 6 14 46 11 28 30 17 25 11 17 29 12 
27 38 13 10 12 31 44 4 18 21 21 7 8 29 16 20 45 30 19 28 50 11 46 16 1 28 19 0 40 20 18 25 24 7 11 46 2 50 38 1 8 34 36 28 36 44 
40 3 50 14 47 30 32 48 2 12 17 42 48 10 34 12 5 34 1 46 47 1 47 33 15 21 7 29 0 11 44 15 34 11 23 12 25 20 26 24 39 44 26 6 49 30 
11 3 29 18 47 30 2 27 40 47 39 7 17 50 27 23 4 38 8 48 34 31 26 48 10 42 29 11 13 0 3 22 45 49 4 5 19 29 11 15 14 13 7 22 26 23 
19 4 27 48 16 41 39 48 1 46 30 27 31 9 5 2 42 15 37 25 44 8 13 46 9 45 43 23 44 35 0 28 9 50 25 41 39 3 14 47 12 33 48 49 8 25 
42 48 3 11 13 22 42 35 1 29 12 41 32 39 21 49 17 4 16 19 21 27 6 18 16 50 29 19 26 43 47 0 10 5 21 17 47 40 12 32 14 36 24 49 47 30 
48 21 25 26 14 16 45 33 40 4 16 42 35 45 14 44 24 10 9 33 2 37 11 23 25 9 6 23 3 33 47 28 0 10 38 19 29 5 43 13 27 3 28 16 17 2 
6 5 17 18 21 13 15 41 14 28 12 11 2 2 5 11 22 31 7 8 38 33 48 27 36 40 31 48 32 31 25 21 45 0 21 20 4 39 5 32 20 33 38 46 10 8 
19 3 41 8 16 31 47 9 10 15 24 8 41 32 32 32 18 9 34 4 41 16 32 33 1 23 18 49 37 25 1 37 38 19 0 18 38 41 40 16 50 28 12 36 7 47 
46 49 24 1 39 16 29 13 7 18 3 21 9 7 44 14 49 22 35 14 37 21 22 15 44 42 28 44 34 26 29 31 25 37 5 0 25 44 48 49 10 22 25 31 2 16 
17 32 33 23 37 30 41 1 43 10 26 27 9 7 47 38 36 29 32 39 23 47 23 3 20 20 1 24 26 43 13 40 20 50 28 10 0 46 21 48 46 39 30 33 27 30 
48 35 41 3 22 37 46 50 14 43 20 10 31 3 18 29 18 26 1 47 36 7 10 30 37 42 15 32 36 1 43 15 46 23 22 35 11 0 21 4 7 17 41 7 7 8 
1 16 19 30 18 22 5 32 31 44 42 26 12 16 31 22 15 15 13 1 6 14 8 32 34 19 47 22 45 30 46 50 4 22 36 27 47 2 0 19 29 38 33 16 30 31 
10 49 5 24 35 3 26 44 6 2 37 8 38 47 49 25 34 38 1 48 42 22 40 30 4 26 14 47 34 14 24 49 29 1 24 21 42 49 11 0 28 21 7 49 20 50 
20 9 5 20 5 5 46 16 32 40 38 9 26 20 9 39 30 10 42 29 39 30 37 23 29 34 35 28 23 28 36 24 21 31 35 17 10 27 30 10 0 28 34 48 12 37 
12 17 29 2 40 41 47 7 41 11 41 23 32 42 21 20 19 43 4 4 15 39 45 36 42 30 3 30 33 2 5 32 26 37 18 18 7 26 34 37 39 0 17 30 20 45 
45 28 36 10 40 10 41 44 8 22 23 22 43 10 11 39 17 25 40 6 9 48 45 25 4 14 43 10 17 16 48 10 25 42 48 2 18 21 43 42 15 39 0 18 16 45 
46 14 17 23 49 22 43 40 14 37 48 34 12 7 27 17 32 27 43 24 13 47 2 12 10 21 47 32 49 42 20 30 30 30 8 50 27 37 19 44 6 21 12 0 6 1 
19 6 15 16 25 34 13 26 42 32 49 12 5 14 28 26 12 42 22 17 18 4 32 49 27 41 45 9 49 19 43 36 47 12 41 15 33 16 24 9 8 5 39 48 0 10 
38 22 24 41 19 45 29 40 39 33 16 25 16 40 34 39 5 27 23 40 14 16 43 23 13 44 46 18 14 9 14 15 35 40 39 19 22 18 31 25 14 46 8 30 26 0 
41 0 17 27 40 21 4 28 17 9 47 23 30 1 28 25 49 12 27 30 20 1 40 27 1 15 18 37 47 48 26 18 9 14 48 22 27 19 28 43 6 36 49 26 43 17 
40 22 0 40 6 27 3 20 28 10 26 2 40 27 25 4 17 32 20 34 30 14 17 3 6 49 30 34 34 25 35 3 15 34 34 26 46 47 41 22 23 48 31 4 22 21 
37 43 4 0 40 39 4 29 43 14 3 24 19 34 8 47 20 37 3 26 24 37 7 43 50 8 21 42 49 11 32 33 14 32 36 12 38 31 44 37 32 24 23 20 31 2 
28 14 33 25 0 4 12 29 28 49 35 31 1 4 33 19 12 31 32 33 21 11 38 49 47 10 39 43 17 45 50 15 37 12 48 30 7 9 24 7 21 5 36 33 2 31 
37 27 11 19 20 0 43 41 38 11 42 41 15 37 16 16 19 12 33 49 20 45 40 6 4 12 4 8 25 12 16 25 5 48 17 23 12 32 49 26 8 24 49 1 6 39 
43 23 8 42 2 44 0 3 34 32 37 48 22 8 7 17 36 16 26 46 18 36 18 20 43 4 37 14 8 42 46 46 40 50 15 20 31 50 34 11 23 22 22 17 30 26 
41 25 42 10 23 9 23 0 5 39 4 25 3 15 39 15 30 46 43 36 41 9 22 43 38 36 36 33 16 23 47 15 1 41 18 13 13 22 49 20 38 24 35 12 12 45 
28 35 45 47 43 26 29 31 0 40 18 19 33 5 24 37 26 8 33 42 39 25 13 48 26 3 9 48 24 49 18 24 11 32 43 9 2 38 19 31 21 36 21 1 50 45 
30 17 25 33 12 16 3 20 23 0 21 15 38 20 44 35 29 6 32 23 44 9 1 13 15 36 39 39 2 22 4 4 13 48 32 23 43 23 41 37 2 22 41 10 23 44 
15 19 26 47 42 31 39 29 7 36 0 30 5 10 48 24 28 1 48 20 17 3 40 39 22 43 7 15 46 21 22 18 42 40 22 21 21 14 6 31 23 15 35 42 46 44 
38 13 44 14 25 22 43 40 6 42 25 0 30 5 4 36 16 44 8 35 19 38 15 39 27 4 14 45 18 47 3 19 48 44 28 5 44 22 33 47 1 25 2 35 30 47 
41 10 2 45 8 22 27 7 28 7 24 24 0 17 10 11 28 26 44 4 23 27 37 27 50 42 44 12 12 35 44 36 30 9 31 14 5 43 23 39 31 42 42 16 22 31 
21 5 23 36 23 50 9 32 7 20 4 33 3 0 4 14 11 16 23 35 21 44 15 37 47 7 35 3 5 23 32 36 21 6 19 21 39 39 26 12 44 28 49 2 11 10 
22 41 20 26 21 26 19 32 1 37 6 19 27 30 0 39 48 4 9 26 34 33 28 34 33 25 22 41 11 41 44 46 13 26 37 35 45 33 30 3 6 17 40 5 33 16 
21 13 47 24 46 25 40 27 28 27 44 8 37 1 49 0 36 9 41 8 42 43 44 40 45 45 15 24 7 20 17 44 24 2 18 5 10 45 37 45 19 7 37 48 11 41 
37 47 30 5 21 9 49 48 41 23 28 23 2 30 32 2 0 34 7 11 34 21 7 20 47 39 42 22 47 39 36 7 46 30 4 8 19 44 3 50 9 46 26 11 45 27 
38 43 8 14 18 23 31 38 27 20 31 27 34 16 29 38 3 0 9 6 17 33 43 49 23 13 8 32 7 3 38 46 46 25 20 1 50 15 33 22 13 26 8 3 34 28 
43 11 37 21 21 44 18 5 29 45 45 45 36 1 11 42 24 35 0 40 25 35 2 14 15 30 24 20 38 44 41 25 40 15 45 21 47 45 36 32 45 28 42 47 25 7 
5 30 32 11 21 3 24 14 9 44 41 48 22 42 48 24 31 12 38 0 21 5 31 41 31 14 48 38 3 45 48 44 5 39 9 25 45 38 27 23 39 2 27 6 2 30 
50 24 45 35 21 48 30 10 5 2 25 39 2 48 24 15 21 19 12 50 0 36 9 13 17 4 36 4 40 50 20 29 25 39 1 15 25 44 19 25 50 15 46 35 8 50 
6 37 30 49 24 31 8 44 2 45 41 11 28 31 35 44 40 11 36 23 1 0 50 1 33 50 22 2 45 13 36 41 25 6 17 49 50 25 41 26 39 21 32 38 7 25 
14 16 38 40 6 25 35 50 35 50 6 36 48 50 3 30 13 32 16 4 17 5 0 11 33 36 20 49 36 48 3 19 13 45 8 36 6 14 6 7 12 7 25 21 17 44 
14 28 42 23 9 8 50 22 4 9 9 5 6 4 37 26 50 2 33 32 43 42 40 0 14 48 16 8 26 5 47 42 35 45 40 23 42 8 13 39 45 19 42 42 50 27 
1 8 2 20 36 8 24 38 36 1 22 39 28 26 44 1 25 18 7 17 25 11 17 32 0 46 18 37 14 39 13 2 1 40 37 47 8 6 6 19 40 19 47 9 39 1 
4 30 38 45 45 45 25 36 34 3 40 42 21 25 18 21 10 50 24 50 22 49 41 29 36 0 45 20 49 17 49 29 3 28 31 42 39 50 19 44 19 28 16 7 35 7 
17 36 32 1 19 10 47 35 40 30 5 40 9 10 50 26 26 19 35 25 38 14 40 33 30 22 0 41 7 6 23 6 43 7 22 20 10 38 49 48 40 32 18 39 2 37 
49 41 10 44 44 2 47 22 11 20 3 46 49 21 48 19 41 30 18 24 13 34 37 40 41 38 27 0 21 46 43 21 25 39 46 31 31 31 13 13 21 10 22 46 3 17 
14 40 28 1 21 42 38 22 28 25 16 4 21 4 7 26 27 26 19 50 28 8 3 40 17 38 29 18 0 47 15 42 38 35 23 27 48 49 20 26 2 33 4 11 22 16 
28 11 9 7 46 33 46 28 3 40 7 37 39 35 33 14 20 25 14 34 29 20 48 27 9 27 7 1 18 0 17 25 47 32 25 40 28 20 12 2 32 46 11 32 34 21 
12 11 36 43 38 13 30 48 38 37 8 13 33 48 19 27 46 11 37 15 11 6 14 45 6 45 9 23 32 39 0 19 38 15 7 48 16 21 8 30 5 46 49 45 38 32 
15 37 14 34 6 1 1 46 19 11 7 48 41 37 44 5 7 16 50 19 21 49 27 1 4 6 38 31 32 20 12 0 11 26 14 42 8 45 40 27 39 18 42 46 47 42 
19 30 22 36 50 39 34 46 20 11 16 10 14 30 50 13 20 14 49 49 46 22 28 46 37 10 18 40 12 1 29 4 0 31 10 35 26 17 46 32 32 29 16 7 3 27 
48 32 10 27 26 49 28 47 48 46 48 3 26 50 41 21 44 35 19 32 13 30 4 46 25 47 25 32 18 21 30 15 25 0 20 39 29 9 14 36 3 1 7 34 14 38 
23 41 46 42 11 35 32 39 21 14 19 28 14 3 30 25 47 30 27 17 34 29 7 12 12 13 31 49 17 31 6 47 41 8 0 2 6 29 40 7 37 48 26 4 6 21 
2 45 11 6 28 5 27 7 47 5 45 34 35 31 49 4 34 23 41 9 22 37 7 1 24 47 7 24 41 19 8 26 2 41 11 0 19 20 43 39 27 30 40 44 4 8 
23 44 10 9 33 15 4 14 48 49 15 39 11 33 32 49 3 16 29 47 19 33 44 21 30 35 41 34 14 29 33 44 3 44 2 3 0 47 16 9 4 4 13 5 43 46 
31 10 11 8 29 27 24 16 7 39 41 1 40 29 48 25 20 50 19 17 22 36 17 31 29 2 38 8 25 43 7 28 2 25 50 25 30 0 26 36 3 9 28 46 5 12 
3 8 38 11 30 35 13 37 27 24 45 44 30 30 27 39 17 42 14 32 13 49 15 29 24 45 44 14 16 9 45 40 12 20 27 44 1 47 0 45 9 45 42 26 2 5 
32 1 47 9 14 42 37 33 24 50 4 44 9 38 35 41 49 21 18 30 5 32 10 4 34 39 20 47 6 38 21 24 13 25 42 45 47 5 2 0 17 9 8 39 21 23 
50 42 10 10 19 46 22 8 22 1 1 41 44 26 25 23 40 28 36 30 30 31 35 46 41 44 44 19 2 22 47 43 40 31 34 48 10 37 37 43 0 49 17 41 25 42 
4 3 30 27 45 19 31 4 42 43 19 8 15 20 25 2 3 6 1 4 8 1 14 42 28 13 3 41 43 31 14 40 10 5 38 41 15 42 8 3 17 0 40 49 39 15 
40 46 18 13 42 47 11 41 21 35 3 40 38 50 32 16 41 11 12 29 30 48 11 32 34 38 11 49 48 38 18 3 26 28 39 18 35 28 2 34 4 50 0 39 20 35 
2 27 43 26 37 26 30 38 10 36 42 36 37 30 5 36 12 43 34 17 1 15 11 11 15 32 14 9 28 26 30 9 41 48 33 11 19 24 11 12 39 16 17 0 42 47 
32 49 49 48 49 42 7 6 4 35 37 17 32 11 6 12 21 11 34 6 33 45 39 47 44 17 38 32 23 28 35 49 19 15 34 33 16 12 29 35 23 4 37 14 0 46 
44 37 14 6 1 19 5 33 36 14 38 11 2 4 32 4 26 34 26 50 39 49 18 28 24 47 9 32 49 34 30 8 26 2 1 31 25 27 22 10 31 16 33 1 47 0 
23 0 15 8 47 31 48 21 12 14 8 46 20 37 32 4 10 24 35 3 35 30 35 1 4 2 30 49 12 17 20 24 17 17 32 2 33 2 36 18 37 9 47 12 44 5 
11 38 0 45 19 50 7 32 30 17 17 38 14 5 46 2 49 10 45 45 35 30 3 6 31 22 9 39 17 17 26 33 23 7 49 42 42 4 43 17 13 42 37 1 15 14 
19 48 41 0 17 38 50 2 18 10 26 9 33 15 48 42 19 16 14 41 35 15 8 6 4 11 45 17 29 33 43 43 2 42 18 3 12 49 50 30 27 31 6 47 23 34 
10 40 46 25 0 44 27 24 11 30 49 11 42 37 7 43 33 24 36 18 34 7 42 48 45 31 21 16 35 14 4 10 11 33 21 1 6 22 5 39 16 20 42 12 19 43 
20 13 44 37 45 0 8 21 30 40 27 19 43 2 45 24 12 40 47 27 40 50 9 16 6 38 12 19 47 2 14 15 30 29 3 11 9 22 48 20 47 40 32 43 45 33 
13 20 11 16 4 31 0 46 36 30 43 11 47 39 49 33 39 24 29 26 13 39 15 50 34 15 41 42 27 31 50 19 16 22 23 25 42 9 32 48 34 20 45 49 11 50 
12 33 49 37 8 16 4 0 17 33 45 49 21 27 1 14 39 19 6 30 24 45 26 17 25 42 30 42 31 43 43 44 16 39 34 3 8 43 40 23 35 16 49 40 29 26 
21 32 31 35 45 1 40 19 0 37 6 36 17 25 46 28 24 23 25 40 1 34 32 44 48 6 47 30 33 46 8 46 37 38 49 22 49 12 47 48 42 5 47 2 29 18 
42 19 45 46 11 43 25 50 28 0 43 39 39 34 30 49 22 8 24 30 10 49 29 26 25 30 13 27 27 48 47 37 30 16 31 14 29 36 38 36 15 22 38 11 7 33 
10 28 17 50 21 47 24 23 19 19 0 13 43 20 16 48 17 48 3 31 6 9 23 3 16 21 37 20 39 15 38 12 19 20 43 20 35 10 28 28 50 14 8 47 13 2 
36 16 22 38 49 24 36 30 1 24 38 0 26 2 29 35 27 36 9 32 7 45 24 28 46 14 7 21 26 31 42 2 26 41 15 35 21 48 1 17 14 27 39 19 19 33 
10 8 49 43 23 29 50 16 6 7 12 38 0 27 24 42 4 11 49 9 23 12 36 38 44 14 29 35 42 18 30 6 6 10 14 4 49 22 33 8 14 2 11 35 8 24 
33 22 28 25 11 17 40 10 47 21 25 21 5 0 30 45 45 8 49 26 2 7 29 13 21 43 32 28 41 46 21 2 1 31 21 31 8 8 18 7 14 16 46 14 44 30 
29 18 4 14 20 45 13 9 7 17 5 10 7 32 0 29 39 50 15 26 20 24 40 34 49 37 37 41 42 13 36 12 16 20 41 15 15 25 27 26 26 40 43 25 5 27 
48 1 36 29 26 17 32 38 25 7 39 34 5 27 33 0 5 22 47 21 5 40 40 17 18 15 14 23 39 50 30 31 16 29 23 40 37 5 14 38 19 30 28 46 35 26 
32 20 50 43 22 18 47 4 50 38 8 34 18 14 12 45 0 44 38 45 26 23 5 33 38 47 50 8 9 3 26 12 45 33 43 33 45 23 46 29 13 35 13 30 35 32 
3 38 50 27 25 37 41 1 9 3 27 38 13 47 23 11 38 0 1 25 26 13 2 25 32 17 23 48 10 33 41 11 26 48 7 44 12 9 33 29 40 22 45 24 41 6 
7 11 49 6 2 47 12 5 10 19 2 13 19 10 3 39 31 19 0 18 43 2 40 6 4 11 2 5 23 36 5 19 28 35 26 10 13 50 4 31 44 49 21 39 39 42 
50 41 24 26 1 41 26 7 48 5 18 5 46 46 1 43 40 19 5 0 50 25 28 43 50 41 39 28 39 24 44 31 1 18 12 12 12 32 47 35 15 44 21 38 22 43 
8 5 8 31 2 10 2 35 39 18 22 48 25 36 12 13 38 33 5 24 0 17 37 34 35 40 11 43 35 41 7 4 41 22 7 33 35 20 9 22 35 29 17 30 45 40 
14 8 11 23 2 7 39 34 49 26 21 22 24 41 42 18 18 45 33 14 32 0 27 18 4 28 44 29 11 20 45 1 8 39 45 26 3 32 12 39 50 16 8 24 32 12 
14 46 18 31 18 12 23 47 32 9 37 41 8 46 8 28 28 14 4 26 14 33 0 30 16 39 36 7 6 33 49 24 4 36 42 14 48 12 31 3 34 28 12 7 36 39 
13 24 16 32 22 38 45 20 6 49 31 17 3 42 32 5 18 14 34 35 34 5 16 0 33 11 17 47 11 21 48 2 27 44 27 26 12 42 24 12 11 30 34 30 44 33 
32 9 39 22 29 11 48 24 2 6 9 9 33 21 6 41 34 50 9 47 5 24 27 16 0 20 14 44 3 24 6 50 25 23 50 30 8 9 39 42 38 5 3 43 21 18 
4 9 4 6 20 46 35 22 47 29 9 33 23 3 16 17 45 1 46 6 34 36 34 42 48 0 33 46 9 22 43 2 31 6 48 16 6 41 47 4 10 16 3 27 22 22 
26 36 37 27 21 10 3 47 16 35 19 25 12 9 37 1 27 1 4 27 28 28 25 37 10 27 0 49 47 37 41 31 10 12 21 23 48 9 33 2 33 50 35 41 14 48 
31 29 39 17 10 40 3 23 46 44 49 11 1 17 44 12 6 10 25 4 9 14 41 37 40 43 44 0 49 22 27 44 37 12 39 30 49 11 30 28 1 28 37 17 27 24 
37 8 16 9 22 44 25 16 11 39 18 38 2 28 17 46 4 2 19 1 12 50 12 38 46 2 26 33 0 25 26 22 47 14 13 3 35 29 41 50 34 19 22 2 50 12 
11 9 3 11 5 24 36 49 27 13 38 46 29 13 21 19 42 42 35 17 22 24 40 25 33 18 14 2 36 0 32 41 49 13 26 35 43 24 22 20 2 37 49 38 1 16 
39 50 28 29 16 27 30 17 33 41 37 20 29 29 38 11 34 13 45 22 39 34 3 28 28 46 20 22 33 31 0 23 37 39 9 44 18 36 24 21 6 11 32 30 36 49 
24 45 44 32 41 3 36 44 29 27 5 48 50 2 21 7 9 34 3 18 1 31 21 35 20 26 11 43 40 11 8 0 5 17 30 4 1 27 40 42 29 37 44 10 32 40 
21 36 23 1 49 3 49 27 18 49 44 25 10 13 16 42 44 5 18 20 1 31 21 48 20 31 19 42 24 31 8 21 0 39 46 50 41 39 43 41 9 9 28 49 32 11 
27 17 28 27 37 44 40 42 13 39 40 16 25 31 18 34 7 3 38 41 24 37 14 13 26 3 1 14 10 11 23 32 39 0 37 44 14 42 16 38 37 19 29 27 7 11 
25 14 12 24 25 3 25 12 41 38 40 4 16 1 34 44 26 33 2 17 9 27 38 38 4 43 42 16 1 23 45 11 8 3 0 1 40 40 40 35 9 48 20 49 50 4 
11 26 15 4 44 43 46 25 40 2 49 26 25 20 32 11 10 12 19 43 30 47 13 1 45 5 37 48 44 20 39 29 39 34 43 0 18 28 13 7 31 49 36 18 1 2 
14 15 20 3 48 39 8 30 7 24 15 13 14 9 40 6 49 32 20 14 21 38 41 27 15 34 47 6 38 45 44 29 13 49 32 40 0 17 45 46 32 31 49 32 10 29 
5 14 4 17 25 1 5 48 37 32 27 24 43 39 15 42 3 42 13 30 36 1 16 28 1 39 4 36 39 33 23 6 32 49 11 20 44 0 39 14 44 40 32 26 18 6 
16 25 7 32 41 29 7 19 30 43 4 49 27 17 36 47 19 10 4 10 21 43 45 28 45 49 14 29 20 41 5 25 48 23 35 15 48 5 0 49 5 16 37 2 6 7 
22 18 23 29 48 22 23 22 9 35 24 31 29 38 42 15 29 50 40 39 30 1 4 33 21 50 14 12 50 44 34 42 39 21 23 32 41 50 23 0 19 33 3 40 38 11 
35 19 18 7 40 38 38 12 17 28 21 14 41 8 48 8 11 23 15 2 32 42 9 15 11 25 29 28 21 7 27 12 16 22 37 32 47 6 10 7 0 47 30 23 43 2 
18 1 43 25 12 22 30 25 37 29 44 10 4 46 16 9 10 41 11 2 10 48 19 22 17 12 6 14 8 5 3 20 16 13 43 24 36 4 10 35 47 0 37 30 43 43 
22 44 10 44 49 38 39 12 42 43 21 33 22 9 50 16 17 17 32 27 25 45 41 3 43 23 6 32 26 5 24 19 27 29 45 19 47 20 10 18 14 8 0 25 21 23 
41 15 46 10 20 31 20 48 16 19 28 3 8 2 26 32 8 36 37 20 3 7 43 14 32 20 48 7 15 14 17 20 21 30 2 8 11 22 7 25 4 21 11 0 11 18 
17 39 19 35 37 7 22 38 1 21 35 22 32 29 50 34 13 34 3 2 8 32 28 50 18 21 36 30 13 16 32 47 33 46 16 31 29 23 29 7 45 33 20 10 0 18 
37 29 44 7 42 42 38 8 9 10 35 12 19 18 16 21 43 25 36 40 39 40 37 14 20 5 41 5 47 8 26 12 18 32 32 42 43 23 22 25 44 39 25 37 31 0 
19 0 10 6 13 36 2 8 35 21 30 47 43 30 38 38 2 33 12 1 35 23 44 38 36 25 29 21 4 11 46 50 15 50 33 1 45 35 43 11 6 18 28 48 3 35 
49 14 0 35 34 24 12 27 24 2 8 25 23 20 39 8 32 5 25 26 30 32 43 47 38 44 17 41 2 46 18 46 47 35 2 26 16 37 20 38 35 23 42 49 25 26 
22 16 5 0 3 24 13 3 22 24 3 7 17 47 41 8 21 26 28 34 13 29 39 19 14 43 46 35 37 42 7 41 45 22 13 22 1 37 50 22 5 43 25 12 49 19 
49 40 30 30 0 14 48 14 15 13 48 34 48 41 10 29 29 17 31 17 12 12 45 35 20 7 35 27 6 30 20 4 27 20 45 44 6 6 7 28 10 28 30 10 16 39 
3 46 40 44 27 0 27 45 46 37 8 5 5 11 24 29 22 8 36 44 44 7 29 47 16 23 23 10 3 8 35 32 35 20 31 4 40 37 13 3 43 9 32 33 38 40 
1 46 34 50 38 20 0 45 17 22 32 25 49 25 21 5 18 42 38 3 26 20 36 30 20 39 36 45 33 1 35 26 46 10 27 23 27 26 4 20 15 38 19 48 50 30 
42 12 43 49 26 18 45 0 31 12 20 16 17 15 11 3 26 12 16 37 6 30 40 48 48 28 43 39 18 38 39 1 39 30 41 48 24 2 35 25 18 32 15 48 7 8 
11 11 43 18 40 26 3 11 0 44 50 3 15 45 22 34 30 27 44 24 19 27 37 25 14 30 24 27 42 20 25 15 42 42 41 17 32 46 1 49 13 49 28 37 41 46 
10 7 14 42 39 6 22 24 38 0 31 25 37 29 38 16 49 12 42 20 35 11 23 5 5 3 34 27 45 12 21 49 50 34 19 21 18 14 50 31 20 44 18 4 11 43 
45 18 13 34 14 37 37 18 6 35 0 37 3 9 40 5 29 28 13 18 32 25 3 11 18 48 36 13 11 50 42 44 20 44 13 8 17 14 12 48 35 13 33 28 34 34 
15 5 10 27 41 17 5 36 29 18 43 0 7 45 36 29 24 26 18 15 42 17 9 47 33 39 15 16 15 33 19 43 25 27 34 34 32 3 35 10 25 39 34 15 46 16 
10 20 26 20 11 38 15 13 43 18 6 8 0 28 38 26 1 41 4 11 25 18 31 11 3 48 22 41 9 41 3 33 44 2 18 29 46 41 46 23 32 28 12 34 17 28 
24 26 47 34 25 49 31 5 21 49 30 9 24 0 23 40 47 7 23 41 35 13 7 11 9 30 11 45 31 30 48 6 47 45 26 25 46 45 25 17 5 3 40 31 20 50 
38 18 24 33 35 22 40 44 33 15 17 16 38 4 0 14 4 1 26 24 43 33 14 48 49 45 3 32 7 37 32 23 27 42 10 43 44 22 48 45 26 17 4 13 11 8 
30 7 22 3 1 3 14 8 27 17 24 20 25 39 33 0 41 33 8 1 43 41 25 29 11 21 33 3 31 48 27 30 2 38 41 15 46 11 4 36 30 10 19 15 43 20 
24 47 9 13 36 34 46 13 19 18 6 29 11 32 19 50 0 33 11 50 37 23 32 35 25 37 31 29 22 21 33 22 10 36 42 47 36 44 19 13 44 34 39 20 23 9 
18 50 23 17 30 27 9 16 6 47 42 13 34 26 6 5 24 0 42 36 47 46 43 19 36 34 7 15 48 7 4 34 13 12 16 20 31 7 5 41 7 14 45 30 45 5 
23 10 43 7 40 10 48 34 27 14 25 32 38 34 24 13 11 9 0 3 14 30 1 19 7 25 48 20 2 30 34 1 14 24 31 11 47 22 41 18 44 37 29 36 3 45 
49 20 22 17 45 3 36 27 32 26 22 42 36 33 42 41 46 5 44 0 13 11 8 7 24 28 41 20 42 10 28 1 16 16 12 26 29 48 35 35 31 16 37 43 5 39 
5 37 9 26 3 41 25 42 41 34 42 13 49 40 4 33 44 18 4 25 0 7 27 24 7 13 43 12 20 13 48 25 16 3 35 23 5 11 16 7 38 27 24 26 28 35 
16 50 45 32 48 22 19 40 30 33 29 13 3 13 10 30 5 30 43 10 27 0 11 14 18 50 23 28 11 17 49 33 1 46 22 48 44 17 39 15 27 6 26 23 2 44 
43 9 3 48 8 23 45 33 19 9 6 36 27 32 26 44 9 23 32 1 29 17 0 31 16 17 13 16 15 17 4 1 39 13 25 8 14 26 14 9 26 38 18 28 13 43 
8 41 7 40 34 48 4 41 1 15 26 28 38 32 46 7 30 17 15 9 18 24 3 0 25 12 19 45 15 6 14 11 39 19 24 9 23 9 26 34 7 48 48 12 10 32 
37 38 33 14 20 8 1 13 5 25 34 38 32 28 15 3 39 35 38 4 38 10 14 23 0 23 48 5 34 9 12 20 12 43 44 26 31 13 2 37 6 11 27 14 49 26 
35 28 49 19 4 9 13 25 6 45 27 25 11 41 22 4 18 4 43 6 23 46 39 2 35 0 40 38 49 32 44 11 46 15 48 39 21 7 16 6 4 7 38 38 50 49 
7 3 11 16 3 44 23 21 44 3 40 39 47 34 14 21 15 43 12 34 32 10 14 2 1 47 0 2 49 40 49 35 8 40 4 29 38 27 33 30 1 38 25 22 45 49 
33 10 32 42 33 43 46 26 16 18 48 40 9 16 6 42 24 32 45 19 32 50 44 6 27 44 32 0 13 12 46 7 38 19 4 19 38 20 8 7 7 40 33 24 36 31 
48 19 18 24 10 14 44 27 27 18 33 17 27 15 40 11 33 15 21 11 10 21 6 47 19 22 17 25 0 39 29 50 27 8 25 30 26 15 40 2 32 14 11 43 37 36 
22 44 44 18 47 7 19 3 26 22 27 13 21 6 38 48 19 39 48 19 7 9 2 35 14 46 44 13 39 0 48 49 28 20 12 48 28 24 8 43 23 31 24 33 4 3 
13 44 34 14 34 46 23 46 19 30 13 43 9 4 1 13 6 15 28 23 49 43 10 8 10 25 11 47 25 38 0 33 27 49 33 1 3 10 49 5 3 27 33 2 32 36 
36 15 4 42 10 26 10 5 32 4 20 35 26 4 10 35 26 21 31 47 36 44 27 3 49 3 7 10 26 46 17 0 42 28 23 24 10 7 5 16 12 24 22 17 29 32 
18 35 45 46 19 1 12 21 36 50 42 39 2 44 7 19 50 30 36 37 29 7 3 31 50 28 21 6 19 23 15 28 0 48 22 31 19 12 15 8 46 5 21 43 24 32 
22 6 12 10 44 25 43 32 42 3 11 32 15 46 41 30 7 2 13 35 15 41 30 13 38 7 36 23 41 32 8 15 29 0 49 28 22 10 47 26 49 23 46 6 19 20 
38 48 19 17 16 49 20 31 39 18 31 27 50 22 37 40 20 42 10 46 47 3 17 18 20 21 11 27 14 13 20 36 11 43 0 1 10 17 7 26 34 39 34 41 32 48 
46 11 25 39 10 3 4 47 24 24 35 31 1 48 45 39 44 17 27 48 46 16 7 21 28 23 14 17 27 7 14 13 36 21 24 0 11 36 38 5 11 16 40 37 20 16 
29 16 9 31 46 46 17 14 34 2 30 4 4 12 37 39 38 20 17 10 23 45 30 24 35 3 6 13 17 32 7 29 38 6 49 7 0 5 37 31 12 47 49 3 20 45 
7 32 26 18 22 29 20 20 10 44 35 36 36 46 44 40 4 48 2 45 1 17 49 13 31 35 2 40 6 14 24 43 11 29 29 21 31 0 46 45 4 38 9 28 12 15 
21 19 41 38 23 43 2 1 25 44 40 34 13 38 38 27 31 15 47 21 42 26 7 18 23 10 8 3 49 8 42 40 38 49 10 16 11 2 0 33 21 23 43 37 36 39 
38 18 9 8 27 8 45 32 42 23 46 12 24 15 14 35 49 3 17 2 1 46 15 29 22 16 29 33 26 49 50 39 22 29 36 42 50 46 22 0 1 48 8 47 26 14 
4 38 37 20 36 25 41 20 34 39 42 3 31 36 12 29 13 7 44 24 7 41 45 29 22 36 3 31 17 4 43 50 39 15 19 29 42 13 40 24 0 10 20 38 40 45 
40 20 10 11 23 36 2 4 3 7 14 43 9 48 1 22 10 4 30 46 43 15 16 18 34 37 50 17 20 14 38 3 5 35 33 17 43 21 45 19 41 0 46 36 9 6 
36 34 16 39 3 1 16 8 45 2 25 4 43 28 36 36 36 35 39 19 11 39 24 15 35 29 39 10 12 5 47 29 8 12 48 3 34 28 17 14 23 45 0 11 33 8 
13 50 44 9 33 6 12 47 41 45 48 11 1 5 24 12 7 47 40 6 47 47 32 30 33 3 8 18 26 47 16 28 41 8 22 30 46 1 29 50 36 32 18 0 18 1 
43 34 23 43 3 17 49 22 28 12 17 19 14 27 31 49 44 22 45 29 20 20 44 34 45 17 6 18 41 21 15 30 14 29 40 19 35 26 24 30 18 6 13 46 0 5 
11 32 25 49 1 42 11 23 39 31 23 40 40 48 37 11 32 32 8 48 38 5 36 37 12 14 19 49 15 12 15 8 49 29 35 35 32 19 40 29 4 7 26 48 18 0 
