8
63
43 0 40 45 35 47 24 42 13 29 24 13 47 21 38 10 33 29 19 47 32 12 21 10 7 16 46 17 42 18 8 37 47 30 47 11 12 26 22 31 49 49 30 41 32 9 47 35 40 40 22 13 49 9 2 36 22 31 38 19 2 7 1 46 
21 38 0 17 18 25 28 48 8 8 38 48 33 33 31 29 48 20 11 28 3 46 45 38 38 29 11 39 32 38 3 30 43 49 34 21 45 42 29 11 13 42 14 6 11 12 20 4 42 3 41 50 41 30 48 50 26 50 30 40 14 39 17 21 
6 9 6 0 34 49 10 34 6 41 1 16 12 33 40 27 26 10 8 48 30 47 4 40 13 2 35 46 45 13 40 48 24 25 44 1 3 6 36 6 32 19 35 9 41 15 37 18 36 23 4 31 6 42 38 24 2 20 43 33 14 15 40 44 
2 3 42 37 0 39 40 25 21 24 2 17 12 12 46 49 49 15 18 10 23 9 9 42 33 38 21 49 34 13 4 42 17 30 42 8 38 23 1 30 47 49 34 8 5 25 26 12 7 21 45 18 47 6 18 35 43 11 10 49 18 41 42 8 
20 10 50 33 21 0 38 11 27 15 39 14 24 25 2 38 8 13 10 43 13 19 36 46 12 12 7 16 28 14 2 12 6 8 27 38 45 26 44 42 19 11 18 4 9 42 44 11 41 24 2 37 9 49 29 39 35 15 39 21 14 23 34 13 
13 27 9 17 48 15 0 43 33 19 19 24 3 1 33 38 20 19 47 25 4 12 16 4 8 29 39 4 31 38 24 28 46 27 5 41 32 34 27 13 26 32 20 19 41 25 27 38 2 27 19 2 18 49 31 2 48 24 1 39 10 12 12 46 
46 41 29 27 46 42 7 0 36 42 34 49 23 43 48 14 33 2 1 2 5 19 22 11 48 47 4 44 9 33 38 3 15 20 25 23 50 47 1 42 11 21 33 10 34 50 8 9 1 10 19 37 9 11 8 27 24 31 31 30 43 49 48 4 
4 31 35 4 19 25 15 36 0 2 10 41 35 37 12 27 49 39 46 43 49 15 2 45 4 12 48 50 19 17 21 50 13 23 30 6 3 15 5 41 27 46 33 36 50 21 24 41 13 4 33 42 47 6 50 40 3 37 31 42 21 25 46 20 
31 10 29 12 7 6 25 34 34 0 5 17 4 32 16 45 34 39 8 38 15 34 29 3 7 24 41 3 16 35 14 21 2 1 14 5 40 42 13 34 7 30 50 9 43 40 46 8 38 43 48 4 13 38 31 37 3 8 22 38 17 3 9 50 
20 34 15 4 19 12 6 42 26 25 0 31 36 35 21 11 17 28 33 16 24 37 10 9 15 20 27 3 33 20 25 18 4 21 1 39 9 26 43 40 27 37 6 28 39 7 46 2 32 47 5 11 34 38 36 13 11 26 1 34 42 9 23 22 
2 8 28 15 35 32 2 42 35 44 40 0 37 32 33 20 8 25 26 21 36 16 14 34 17 36 39 29 33 25 10 48 18 15 34 26 32 30 31 18 1 46 13 26 41 48 49 31 28 7 43 10 17 39 37 7 38 24 11 30 46 4 20 17 
26 46 23 23 49 7 39 29 45 8 21 41 0 3 39 43 19 37 8 1 27 33 1 32 30 28 27 38 8 19 1 22 47 26 46 1 45 26 27 32 22 18 15 16 9 19 47 5 50 32 43 43 39 4 43 35 26 15 43 45 22 19 31 10 
44 36 24 15 7 38 49 44 11 26 30 9 18 0 36 23 12 32 23 39 27 27 9 34 44 34 11 25 31 33 32 11 3 37 6 22 24 45 32 49 12 33 49 33 13 24 35 18 41 42 32 14 50 31 5 34 36 3 31 32 46 13 19 11 
29 16 27 22 13 14 50 17 1 24 27 44 28 27 0 22 20 49 44 35 39 1 19 11 23 33 22 37 22 14 50 3 49 15 39 4 47 48 13 6 27 43 16 14 26 4 11 6 10 31 11 33 3 29 30 10 11 6 4 39 41 27 29 3 
1 22 28 30 40 23 25 22 37 38 9 46 36 6 35 0 19 23 17 28 41 4 17 1 21 35 29 43 42 45 24 16 50 15 13 13 5 27 32 17 37 7 40 47 15 21 35 25 6 21 36 17 25 50 39 50 34 21 7 45 12 30 34 28 
13 23 9 32 23 43 30 43 41 50 42 35 14 21 37 1 0 1 4 38 21 9 7 42 1 27 13 30 35 20 37 5 7 23 12 34 42 12 3 2 13 42 44 27 25 9 4 36 14 34 7 45 8 43 13 19 6 32 9 6 10 14 46 23 
5 46 35 12 3 37 45 40 48 3 26 30 16 31 17 42 23 0 28 17 1 14 43 47 15 10 43 28 11 4 48 42 50 46 21 23 30 24 43 34 27 40 17 47 6 18 34 3 26 15 17 34 33 47 45 9 12 49 21 3 11 10 35 36 
1 11 26 34 46 9 38 19 31 45 41 12 47 46 42 47 27 40 0 3 46 38 14 9 3 2 13 11 32 3 40 24 18 6 32 47 46 42 50 8 17 28 48 4 39 7 34 12 17 7 25 27 21 7 39 49 37 2 23 33 33 49 7 16 
41 22 23 6 16 49 47 6 27 32 36 19 40 11 21 46 18 1 45 0 25 29 14 3 11 18 33 11 44 19 18 26 19 21 32 14 18 34 28 46 18 11 20 50 39 21 20 10 26 32 28 15 32 4 33 38 27 19 13 39 34 39 4 37 
9 7 18 48 8 48 4 12 41 6 28 14 10 15 14 40 48 24 35 12 0 42 3 44 15 39 45 37 49 22 39 13 29 8 33 42 33 4 22 2 29 29 16 25 27 27 19 29 13 5 23 42 10 4 42 45 7 13 3 10 14 11 5 41 
2 43 49 7 27 23 32 37 26 23 7 34 27 29 17 39 20 17 25 44 50 0 48 4 25 16 39 36 20 2 13 39 18 24 25 23 35 28 13 2 40 24 37 16 38 48 8 18 29 47 15 40 48 36 11 41 5 39 24 41 39 38 12 35 
13 35 40 10 2 6 33 11 8 15 36 21 13 32 17 28 8 21 8 24 38 24 0 42 32 13 35 19 46 4 22 14 2 12 2 4 4 9 49 17 23 15 4 32 33 1 41 29 24 23 47 33 18 31 39 48 40 43 8 47 18 37 37 7 
37 2 34 9 12 29 13 20 10 5 35 10 34 43 9 32 23 6 46 24 8 39 46 0 21 24 4 14 11 1 2 49 37 28 47 45 31 17 33 18 45 10 28 23 14 47 30 15 48 34 27 25 12 42 14 50 48 7 14 36 8 15 3 19 
8 6 48 32 37 48 29 15 41 39 1 14 31 16 32 24 44 40 17 27 24 28 37 46 0 15 48 48 25 4 47 10 31 8 9 16 8 49 48 28 1 6 13 35 24 41 50 20 32 25 40 42 19 49 27 45 31 20 3 18 40 1 5 12 
44 30 21 7 22 1 25 26 47 13 16 22 12 44 14 5 15 29 16 50 14 6 42 32 32 0 14 35 39 47 31 38 1 2 1 42 45 21 44 48 31 1 15 46 7 33 6 33 38 6 49 3 12 35 5 48 38 38 39 26 9 17 36 29 
16 25 16 20 12 2 20 34 22 31 35 50 50 11 36 50 27 31 48 34 48 29 27 16 47 4 0 4 7 33 19 39 15 15 36 31 32 17 36 22 36 37 15 32 31 1 6 49 28 3 39 50 29 20 3 31 37 49 1 24 9 49 13 2 
3 43 21 35 15 30 4 33 41 9 12 47 34 48 46 16 41 6 27 5 44 20 11 46 13 5 44 0 34 17 12 14 38 24 13 29 39 30 21 34 48 49 7 9 20 8 6 48 40 3 35 33 4 23 9 8 33 32 26 23 10 37 21 17 
30 46 25 24 21 19 8 36 21 22 29 7 38 12 42 38 7 8 4 32 32 29 11 16 16 6 47 7 0 5 48 24 12 29 41 29 24 34 33 27 22 46 50 13 32 44 3 20 22 41 38 17 3 33 39 35 2 36 10 9 16 22 1 31 
23 48 18 28 48 34 18 5 24 31 32 36 33 16 29 22 14 36 25 17 18 32 22 29 40 6 28 39 24 0 25 12 50 45 19 41 35 27 25 23 39 23 34 43 23 2 3 3 36 7 39 45 30 48 35 14 41 27 39 39 43 6 30 31 
50 20 32 41 14 26 45 45 39 14 37 44 34 39 49 28 37 4 43 32 36 30 32 3 11 5 50 9 39 36 0 31 33 44 3 44 4 20 13 39 10 13 44 6 17 11 41 30 3 28 12 3 40 14 48 46 20 38 30 30 10 27 36 7 
4 34 4 50 32 45 46 8 25 15 33 20 42 24 15 42 21 25 47 31 27 34 41 19 47 7 25 16 41 33 30 0 34 27 38 3 34 7 41 49 8 32 5 28 25 32 28 5 46 24 38 10 35 30 5 30 20 43 36 4 26 21 31 18 
43 35 50 43 4 22 31 36 30 27 39 50 23 6 17 38 19 3 29 42 3 23 45 4 22 8 33 42 22 38 24 38 0 2 37 36 40 33 36 1 25 43 3 31 9 41 6 8 14 27 48 35 23 42 39 15 20 40 46 21 47 39 40 14 
42 4 2 48 36 21 27 6 33 3 5 50 1 43 37 14 17 50 20 16 25 3 1 47 14 22 16 1 38 15 4 37 4 0 40 39 6 40 9 23 44 1 43 2 21 38 40 15 28 4 33 5 47 19 25 40 40 3 6 35 14 5 27 19 
19 49 18 47 12 4 32 24 8 28 26 16 32 1 31 9 24 8 39 47 5 11 8 18 29 1 50 3 34 24 9 40 24 25 0 34 22 20 44 4 24 23 9 47 19 44 10 8 39 22 47 11 7 17 30 14 8 42 50 18 11 5 29 40 
35 20 37 42 8 18 10 39 31 4 15 25 47 14 39 25 20 43 12 32 38 13 2 24 45 12 26 31 21 26 43 20 45 19 13 0 49 7 19 50 21 13 8 31 4 2 6 17 45 3 26 49 19 43 48 3 22 19 14 47 47 42 30 19 
5 11 45 31 29 2 41 18 1 44 41 19 31 33 48 22 40 45 32 28 45 28 25 28 47 17 42 31 44 22 4 30 34 39 27 43 0 8 26 39 43 13 8 48 25 3 29 23 39 21 43 8 3 10 2 25 27 37 18 34 13 10 10 25 
29 40 11 36 42 6 6 14 15 6 40 16 38 30 50 26 19 44 3 10 2 15 2 21 32 15 50 6 41 43 27 34 3 33 19 35 42 0 44 31 34 16 29 44 47 21 37 37 48 37 42 15 19 8 1 24 15 39 41 4 27 7 50 24 
22 30 6 13 5 11 15 35 25 13 20 44 23 22 5 1 46 28 3 20 49 28 9 27 2 10 5 47 1 41 4 28 17 5 22 18 15 24 0 33 37 23 8 40 6 38 8 1 44 35 41 8 50 4 31 26 45 22 30 12 45 6 19 34 
35 10 43 28 19 50 38 36 22 46 16 47 42 38 3 39 45 9 12 12 11 33 5 24 36 30 27 46 35 13 38 31 4 25 5 47 46 30 33 0 44 47 5 37 4 39 34 34 7 19 42 17 36 45 7 23 3 5 19 42 39 23 42 1 
10 8 35 44 17 33 7 44 15 27 18 15 7 46 2 35 3 46 21 28 44 46 2 37 47 2 3 43 27 38 44 21 6 4 27 46 4 40 18 25 0 13 49 2 10 28 43 17 7 3 34 40 44 3 15 8 14 7 49 47 16 31 15 17 
28 34 47 10 3 20 6 31 13 29 46 16 46 44 43 9 5 36 46 40 43 49 1 19 42 47 13 40 6 44 2 44 48 32 25 27 31 33 14 38 47 0 3 27 15 7 50 12 20 14 40 43 30 36 25 24 29 33 29 19 6 7 17 26 
20 27 3 18 15 20 17 29 22 22 8 43 40 23 36 12 42 36 43 26 16 2 23 9 24 9 47 44 3 15 8 32 31 28 8 39 5 33 48 1 48 12 0 21 9 28 33 34 7 48 17 27 21 14 42 10 19 5 44 45 6 23 23 26 
7 14 27 13 13 15 48 7 10 39 43 28 5 31 14 31 41 25 41 46 36 39 38 19 40 18 40 34 12 39 42 29 25 36 14 45 2 21 22 42 50 11 17 0 33 22 14 5 38 41 14 4 32 33 28 41 19 27 8 24 45 26 15 46 
22 48 14 4 20 17 20 29 21 4 50 47 25 22 5 47 26 14 2 43 49 35 10 46 48 46 46 19 44 48 28 16 36 16 46 36 8 11 36 22 22 35 33 29 0 34 31 16 48 22 12 48 32 25 22 47 37 38 19 6 24 22 1 35 
24 27 34 11 10 26 20 40 15 28 31 21 14 3 32 13 17 30 48 47 33 50 46 41 15 19 9 48 40 6 13 50 21 50 10 3 50 21 7 23 2 22 33 5 44 0 1 33 35 6 6 39 45 25 5 2 25 31 43 47 41 17 22 1 
10 16 31 50 14 43 30 14 47 23 26 45 12 17 42 47 14 36 25 42 34 17 18 26 17 48 36 23 7 25 17 6 30 22 24 39 14 2 19 42 27 43 43 22 49 10 0 41 8 39 47 34 5 43 30 17 44 48 6 34 17 8 8 8 
23 7 20 15 40 44 3 34 13 17 33 16 42 25 46 27 8 8 28 34 11 41 13 14 1 6 31 42 8 19 3 35 20 35 21 16 30 45 2 15 36 13 22 38 10 15 25 0 20 2 29 26 9 30 24 47 32 45 7 15 35 14 12 26 
45 14 48 46 7 4 31 48 13 7 13 48 48 20 25 4 36 31 11 40 30 43 45 5 47 38 39 22 23 30 17 2 25 37 28 24 13 19 18 16 22 32 13 3 17 26 49 12 0 20 4 30 4 3 23 47 2 20 43 50 19 16 9 26 
34 40 12 24 12 43 2 42 17 13 46 18 48 30 42 39 21 40 27 3 19 1 13 50 3 40 26 4 20 20 49 1 14 7 30 14 6 2 38 20 18 13 13 42 7 5 50 23 29 0 5 30 30 39 7 7 33 27 13 22 23 18 48 23 
48 14 46 5 42 50 29 33 19 2 8 35 7 38 22 43 48 41 3 26 15 41 20 12 7 50 48 38 44 31 16 3 20 41 16 28 12 1 8 24 1 23 11 29 32 22 50 45 5 20 0 24 32 15 23 8 8 45 34 48 42 2 42 40 
38 37 6 16 17 23 45 32 48 33 30 26 42 30 42 31 35 1 3 33 24 7 34 39 47 33 9 34 28 3 17 22 10 33 23 42 26 7 34 23 11 38 27 50 35 48 16 28 4 4 13 0 42 50 9 16 32 4 18 19 35 15 12 5 
46 17 9 17 10 8 50 5 29 17 31 22 37 31 34 4 50 17 31 30 25 40 25 23 1 18 42 39 9 39 50 8 50 34 31 33 27 32 7 21 4 49 35 25 19 37 30 1 20 14 19 18 0 34 32 31 6 42 37 16 42 16 12 46 
40 18 24 23 3 1 2 28 18 10 11 26 26 5 1 4 14 38 42 19 46 20 32 24 18 3 25 42 41 16 15 5 43 3 45 7 46 15 27 1 19 37 1 8 24 6 5 2 42 33 3 5 25 0 43 1 20 37 50 5 50 26 10 38 
3 45 7 34 23 11 44 9 50 11 41 1 10 20 24 1 13 49 24 1 8 14 11 30 50 3 25 21 46 10 27 25 9 50 49 14 18 23 32 41 48 24 3 44 34 43 42 1 13 50 43 2 2 10 0 30 39 35 27 34 21 36 24 14 
40 35 17 42 10 21 11 34 40 17 33 3 35 12 18 47 8 11 25 9 47 18 26 24 49 20 11 29 41 40 12 6 25 10 13 10 18 1 32 31 2 16 3 36 19 8 46 28 18 31 26 10 12 15 18 0 23 9 43 43 41 10 32 43 
1 6 27 29 25 49 9 29 7 30 44 7 31 15 40 5 42 25 34 12 11 14 2 45 10 43 41 1 25 9 42 21 20 24 3 30 43 29 21 30 10 2 20 31 18 9 37 9 20 39 1 16 27 21 32 37 0 4 33 19 32 9 8 5 
49 39 23 37 8 12 11 13 14 4 5 3 10 45 22 27 2 7 32 32 36 8 26 45 50 42 16 27 10 10 39 22 2 48 21 42 46 22 30 48 10 27 38 12 23 18 23 43 33 6 18 26 27 27 19 42 13 0 28 37 17 46 34 3 
4 16 34 2 13 25 30 32 30 27 35 23 10 20 14 23 33 19 24 44 5 42 14 45 25 30 30 29 18 35 13 2 26 25 35 47 39 16 11 19 4 24 39 49 43 5 9 22 50 6 5 48 23 41 48 12 3 39 0 27 34 45 1 15 
46 15 33 47 35 36 17 34 17 9 6 41 31 4 15 2 20 21 9 30 12 31 16 30 35 27 23 45 50 40 28 24 3 10 43 35 11 8 25 36 33 23 38 40 18 50 17 8 38 38 7 13 37 22 3 15 50 4 13 0 8 14 23 34 
28 31 32 39 22 12 30 42 13 47 23 47 40 43 26 12 36 11 15 7 13 33 15 37 32 7 28 36 7 46 17 23 11 39 11 9 36 12 46 47 9 46 45 17 15 25 14 23 24 42 27 48 49 16 21 46 17 45 7 15 0 34 44 35 
17 30 1 37 1 33 18 27 24 16 19 49 18 38 48 23 8 44 6 13 16 19 19 24 46 19 15 43 41 6 31 14 15 11 28 37 14 39 13 40 6 16 4 33 30 17 4 8 19 23 50 22 28 32 20 49 11 28 41 33 18 0 26 36 
19 36 6 35 7 11 12 9 20 31 16 7 1 16 37 44 30 15 8 24 19 6 9 36 33 42 30 26 37 48 31 23 31 31 35 47 25 32 47 48 8 14 31 41 12 26 19 33 25 34 12 18 11 2 17 13 27 20 3 15 32 36 0 23 
22 1 44 27 21 31 40 19 48 18 11 17 6 26 19 25 8 23 47 2 4 36 13 13 29 14 22 21 6 30 32 17 22 41 9 40 19 49 49 2 35 15 14 50 50 36 12 38 9 46 45 43 35 34 20 36 39 31 48 7 9 20 14 0 
19 0 36 44 45 15 17 29 6 9 24 45 18 39 23 13 13 44 3 35 13 11 36 40 32 38 22 23 2 39 2 43 43 15 2 46 14 6 41 47 21 30 40 36 19 40 17 32 14 26 18 4 4 25 8 3 33 47 13 8 43 44 28 18 
7 32 0 2 3 37 27 49 7 4 6 15 33 21 50 22 42 22 41 10 26 21 49 39 19 7 50 13 18 44 34 4 27 2 23 29 37 39 14 45 38 27 12 50 48 10 25 32 34 25 21 36 3 35 3 48 9 44 34 46 38 14 32 14 
21 3 38 0 31 49 21 35 4 8 46 23 49 9 49 41 9 33 18 30 43 23 48 2 42 50 25 21 44 6 18 7 24 46 49 30 46 23 45 33 14 41 18 28 7 13 4 39 11 3 25 14 21 35 39 41 23 2 46 32 24 50 42 49 
41 39 49 4 0 11 19 45 37 38 35 16 3 6 21 45 30 47 37 11 41 31 4 37 40 7 8 7 45 27 14 10 14 50 20 38 19 15 1 28 42 8 38 26 36 20 37 35 3 8 17 36 38 40 1 18 37 2 10 48 3 12 1 11 
25 26 2 3 37 0 33 26 16 47 9 19 33 44 28 2 21 20 24 5 38 10 29 22 25 50 3 1 17 5 3 25 30 8 28 1 11 18 34 49 20 32 2 39 29 22 18 25 9 1 40 28 30 8 13 1 47 4 28 4 35 33 10 11 
44 35 39 26 16 28 0 42 3 36 25 35 7 9 40 44 3 32 29 42 16 16 26 46 23 46 27 4 7 40 31 15 38 22 41 46 45 33 43 9 32 10 37 42 5 23 7 43 8 11 25 22 6 41 45 45 18 40 17 30 39 24 36 14 
6 11 47 36 18 44 49 0 21 40 20 11 7 30 34 41 50 39 35 47 46 15 9 9 48 27 47 29 6 17 13 20 9 25 23 37 45 27 22 25 15 13 5 33 37 31 39 16 35 49 17 42 4 27 40 50 47 3 50 9 22 15 44 5 
28 50 2 32 8 48 47 24 0 18 10 32 34 10 27 23 18 39 32 45 7 50 21 17 32 35 24 40 42 27 13 4 1 19 50 5 37 29 7 9 37 3 44 24 45 46 7 40 21 30 33 21 41 21 37 6 7 34 20 47 35 8 5 47 
5 7 32 15 10 22 36 39 32 0 24 8 5 6 48 22 36 29 34 20 12 44 43 14 30 33 45 49 3 9 11 24 30 49 47 20 39 15 42 30 49 45 45 39 18 13 33 50 10 12 35 19 1 39 43 4 13 43 2 33 16 24 34 30 
22 50 29 7 10 29 34 22 38 5 0 21 18 50 5 47 17 1 46 40 41 25 42 24 41 6 44 8 46 13 10 15 26 11 15 18 19 35 27 40 32 29 13 31 47 19 25 4 8 47 35 33 20 35 43 6 30 26 38 1 17 22 39 9 
28 40 45 7 36 37 29 32 24 7 9 0 13 12 12 28 23 31 40 50 49 28 28 46 42 19 9 38 43 48 26 24 10 40 5 4 7 24 19 18 21 19 4 9 13 27 30 44 19 48 15 21 27 23 40 31 1 45 4 39 27 50 36 35 
49 33 49 24 8 8 22 49 13 22 29 31 0 25 20 33 16 40 16 20 46 33 6 47 38 1 24 4 12 21 30 42 22 34 20 10 30 28 7 36 11 27 16 8 5 44 10 6 31 13 38 49 12 30 41 2 44 37 11 24 35 5 11 29 
33 31 7 48 6 10 3 38 33 30 9 19 18 0 48 43 44 41 19 23 49 33 31 30 42 43 18 17 44 18 34 2 7 17 38 25 25 38 12 50 22 11 1 17 32 22 22 34 46 44 17 33 16 32 12 47 2 1 15 5 38 44 9 21 
50 28 2 3 31 23 19 7 30 19 2 39 32 15 0 49 21 22 35 22 1 2 2 36 25 6 42 24 24 23 8 13 28 2 31 18 4 20 19 4 23 26 10 4 48 31 23 15 38 3 45 33 4 23 9 19 48 43 27 48 40 50 45 34 
22 6 24 38 2 48 45 1 4 31 49 25 42 49 38 0 45 33 27 37 22 29 25 9 6 44 12 20 12 43 21 15 23 31 27 32 43 8 35 13 40 8 44 30 24 24 34 28 50 5 33 15 13 14 24 6 47 48 18 45 40 29 34 8 
33 16 26 45 16 17 46 37 49 15 47 14 35 46 36 33 0 10 34 20 7 11 7 3 10 7 21 35 45 40 41 23 12 25 37 48 8 48 40 13 34 9 46 17 49 17 10 21 2 12 36 36 7 9 27 48 27 14 17 38 45 33 2 48 
8 42 36 40 49 48 28 35 20 22 37 49 15 40 5 43 48 0 50 33 34 5 6 17 3 48 39 22 45 32 3 19 1 8 49 9 8 32 21 23 5 34 2 16 36 23 29 34 37 10 24 41 45 50 19 43 3 25 34 43 10 27 34 3 
18 3 36 41 16 31 48 12 27 27 29 50 4 40 32 31 20 6 0 35 36 8 13 24 2 40 6 7 33 49 28 14 29 1 49 49 33 37 38 18 7 12 12 14 18 21 19 40 13 44 3 23 5 42 49 45 6 30 34 2 10 24 15 14 
50 14 1 49 5 42 49 44 32 38 29 24 46 49 6 32 21 16 45 0 39 46 5 10 37 2 4 44 3 3 37 8 33 48 49 15 5 21 20 36 21 45 10 42 17 14 26 49 7 24 3 31 45 30 27 19 45 5 14 48 2 49 47 41 
46 30 47 27 48 35 2 12 1 31 24 45 36 14 43 24 27 5 37 29 0 1 6 14 3 21 31 21 1 7 23 35 22 49 20 46 38 17 50 2 22 23 42 30 14 7 32 33 31 12 41 21 47 13 18 41 40 16 44 6 18 15 1 6 
28 47 2 47 16 19 6 7 27 4 15 6 9 27 50 47 40 48 40 39 16 0 2 38 10 31 30 6 22 24 45 35 8 23 37 2 18 5 36 17 12 7 34 45 44 48 12 32 14 17 48 16 20 25 12 40 27 9 42 16 37 13 35 34 
33 19 8 34 22 25 33 42 4 31 29 33 33 8 45 13 20 49 43 6 27 29 0 15 34 11 48 26 10 13 21 31 49 22 1 12 25 40 28 10 40 35 6 13 40 47 29 8 19 15 30 46 39 21 30 7 5 5 25 24 25 49 24 30 
34 1 30 11 32 47 20 23 42 39 4 22 21 16 25 37 32 41 8 45 34 25 42 0 29 43 44 7 21 16 5 36 41 11 27 30 40 17 19 26 22 45 7 5 1 18 9 36 39 30 38 42 35 42 29 46 9 9 1 18 38 40 50 8 
37 4 14 11 45 37 36 21 14 15 36 50 27 21 42 12 35 8 19 41 28 14 1 49 0 33 31 22 32 17 1 38 33 46 49 18 47 5 48 42 2 45 18 28 20 7 29 19 38 17 40 34 31 22 10 30 24 3 15 28 15 16 4 4 
14 27 3 5 29 4 45 8 38 17 17 46 11 36 31 42 4 12 34 16 27 17 8 11 37 0 20 44 45 40 21 28 37 42 14 15 44 4 25 41 34 22 33 47 14 5 15 20 38 22 24 25 3 32 39 28 47 20 42 19 10 10 1 18 
17 40 31 4 47 22 38 38 30 22 1 45 45 21 44 6 22 50 6 24 17 46 26 5 4 37 0 18 25 12 7 32 24 21 15 30 25 25 11 23 17 34 36 46 31 32 45 33 26 26 37 47 10 5 28 2 22 15 26 1 11 4 14 26 
23 41 27 24 30 42 20 32 12 27 40 40 31 1 45 23 9 4 43 49 26 11 22 20 44 14 9 0 11 50 10 13 14 21 11 23 41 6 21 4 34 6 5 35 33 16 39 22 21 20 3 43 7 12 15 50 13 19 7 31 17 34 10 33 
3 15 26 19 20 29 4 18 39 1 9 44 21 26 39 5 6 42 38 41 47 18 7 3 6 11 11 23 0 49 41 38 1 47 23 32 19 40 20 2 43 16 36 4 7 3 22 29 37 30 2 25 25 46 19 37 36 8 24 14 10 19 32 19 
48 14 9 47 49 44 20 16 37 41 46 25 11 14 50 50 35 32 24 43 48 16 13 5 28 37 47 11 16 0 6 43 24 35 18 7 44 45 25 31 43 10 37 39 34 1 45 26 23 8 25 30 28 45 39 22 32 1 4 20 12 48 10 50 
31 49 22 40 43 7 7 5 10 2 32 34 11 28 29 4 34 11 25 3 42 27 15 30 46 47 25 43 42 6 0 20 46 1 38 9 36 29 5 34 16 2 20 20 27 14 6 11 5 22 50 36 1 24 7 8 4 34 43 44 47 33 15 14 
4 32 36 33 24 19 44 26 29 28 10 2 23 8 39 16 41 36 21 21 42 20 19 22 45 30 6 2 37 11 38 0 33 37 6 17 45 28 23 38 36 29 25 8 23 15 5 36 47 46 27 4 11 12 44 23 34 14 15 39 44 14 42 40 
19 41 27 16 17 42 45 39 19 48 35 43 17 13 47 8 41 45 10 6 10 8 27 21 44 34 33 32 14 34 45 23 0 37 36 40 33 39 40 19 5 2 39 36 13 28 1 6 21 17 7 49 49 4 36 30 11 14 6 22 33 9 13 26 
35 4 12 7 32 24 14 20 2 27 5 5 22 22 15 44 43 29 12 15 7 36 46 19 1 7 29 19 34 18 36 46 39 0 14 2 10 16 45 24 48 4 38 48 23 50 32 8 39 50 12 29 5 48 49 19 49 8 44 6 26 46 46 36 
34 41 9 16 9 21 6 28 49 5 15 11 19 39 24 20 19 49 40 20 22 39 32 49 40 45 3 2 23 39 49 2 8 2 0 14 33 41 17 49 19 45 35 31 50 34 38 50 11 35 24 38 28 7 26 15 46 9 10 26 15 19 4 5 
10 7 13 4 17 26 41 29 3 50 22 26 38 8 33 16 3 45 43 18 49 2 21 46 33 38 18 24 31 41 35 50 41 30 21 0 43 22 35 34 36 44 46 35 28 36 1 27 38 27 45 24 20 27 37 7 9 36 17 21 30 8 18 48 
13 15 22 35 9 38 40 44 18 12 8 25 4 18 44 11 32 11 30 47 37 18 15 24 5 24 13 7 5 14 4 28 26 49 22 13 0 14 17 19 1 38 1 6 9 20 12 3 42 43 6 40 20 28 21 12 46 1 49 31 36 25 33 40 
4 8 30 49 5 46 31 47 16 42 29 10 36 12 7 5 43 21 21 15 49 25 35 50 6 38 27 13 16 37 34 27 5 12 2 1 40 0 14 49 47 12 10 25 28 50 12 26 34 44 45 38 16 4 19 41 30 24 31 44 18 19 19 32 
30 9 3 5 24 10 6 15 30 22 25 3 40 50 8 1 44 12 43 19 22 49 19 23 36 22 23 27 10 21 31 28 44 28 46 19 47 7 0 3 25 38 30 9 44 29 17 1 30 17 31 50 7 26 50 11 31 41 31 19 3 37 30 6 
9 42 48 9 12 5 39 4 38 10 19 32 42 41 26 44 20 21 43 11 29 22 24 3 45 18 15 29 17 38 1 38 9 24 50 2 32 8 39 0 26 29 28 12 48 8 18 19 40 15 37 50 32 45 19 27 38 18 46 15 45 40 10 37 
1 9 31 23 19 41 24 12 12 33 18 33 2 10 27 45 27 50 25 14 31 38 19 44 41 47 12 34 37 44 45 36 19 41 12 39 27 46 1 50 0 42 25 38 50 28 36 26 29 42 1 38 46 15 46 6 13 41 38 33 22 29 41 26 
19 39 32 15 11 49 38 18 32 50 26 23 6 1 20 16 5 22 34 42 37 6 49 22 23 36 49 49 40 13 29 21 1 50 19 12 46 22 15 30 5 0 33 7 47 39 24 1 13 21 22 29 1 46 49 39 14 40 11 42 26 50 40 29 
19 21 6 22 6 32 9 20 33 8 4 38 4 50 3 33 50 35 37 29 19 35 29 26 3 12 6 22 36 31 39 31 16 5 38 26 34 2 45 31 12 2 0 47 43 42 11 35 14 38 29 42 42 13 11 11 35 43 31 20 45 26 38 35 
2 19 24 23 50 12 27 49 49 41 7 17 17 39 36 34 42 27 42 35 8 39 48 19 5 45 3 34 4 32 50 5 25 18 45 25 19 39 36 3 12 31 44 0 1 7 45 44 47 7 47 29 19 35 4 28 14 22 6 19 6 10 43 45 
17 42 2 42 50 44 12 16 3 42 40 23 28 46 47 13 10 1 6 27 8 4 32 21 22 40 32 3 14 20 30 43 19 36 27 10 5 3 45 3 46 31 26 28 0 45 31 1 18 25 43 9 6 4 17 38 14 10 32 21 10 13 9 3 
33 12 48 5 42 20 38 9 7 6 3 31 27 28 4 26 42 40 14 29 21 12 25 39 2 48 13 50 23 33 36 41 37 28 43 16 48 26 9 49 38 35 2 50 1 0 36 11 36 7 7 29 20 50 31 33 22 38 9 4 45 7 39 36 
25 21 13 45 50 36 39 29 17 32 16 42 36 10 26 38 16 38 27 44 17 4 16 42 6 46 21 29 40 22 15 43 50 50 28 29 39 42 12 1 18 28 13 39 34 40 0 48 13 13 21 38 7 30 45 20 21 5 22 39 4 15 11 40 
45 18 24 42 37 32 47 50 25 26 27 26 39 42 28 8 17 49 9 16 19 35 8 13 5 30 7 24 17 4 8 36 8 39 19 21 11 48 12 31 16 21 14 31 4 19 31 0 30 28 15 22 6 7 45 21 11 10 11 38 7 26 23 34 
21 19 41 19 50 23 7 47 19 38 28 1 48 22 27 10 36 50 28 47 3 32 2 30 14 18 9 12 1 11 5 6 44 38 43 13 13 1 31 7 21 19 4 19 29 45 24 39 0 34 2 2 8 48 26 32 40 17 12 6 33 15 46 47 
9 33 23 7 10 29 14 48 36 19 21 27 35 29 34 1 20 45 20 28 49 9 48 8 18 7 4 46 1 46 49 42 25 22 46 36 7 38 14 11 20 5 17 39 28 50 47 11 33 0 12 37 38 46 19 48 50 35 15 40 4 26 18 48 
41 20 29 2 13 34 48 45 32 32 9 9 45 43 10 31 19 10 43 14 39 9 12 47 7 25 46 2 42 49 11 36 2 8 27 19 49 48 35 28 36 18 5 6 37 11 3 8 26 35 0 21 44 33 5 9 32 9 33 45 39 38 47 3 
34 22 24 7 38 16 41 33 21 26 16 28 22 5 7 10 47 22 38 26 8 28 17 4 47 49 45 11 17 4 47 40 39 15 22 35 14 4 16 42 36 2 1 19 17 27 37 28 3 23 49 0 17 1 21 45 6 5 21 10 39 22 30 16 
18 29 26 40 7 33 22 47 43 7 46 41 6 27 49 37 21 13 18 9 44 5 30 40 18 20 16 30 44 45 27 21 6 37 34 40 41 38 31 45 31 26 6 11 5 31 40 29 6 34 40 27 0 4 21 22 13 50 37 22 37 17 43 4 
49 31 26 35 20 44 10 46 33 32 24 29 19 50 19 35 38 31 38 24 10 5 50 18 36 15 22 41 5 16 44 28 38 23 7 31 30 46 21 36 47 39 7 46 31 42 4 13 31 2 34 7 30 0 19 45 44 32 9 50 6 23 20 41 
17 39 46 42 46 43 39 6 43 11 2 28 21 49 5 37 44 11 9 10 3 33 37 49 19 29 13 50 21 46 15 14 27 48 40 7 35 1 9 21 42 46 42 46 28 42 24 46 27 22 7 45 14 10 0 39 35 2 48 23 18 30 40 35 
48 46 39 1 24 9 48 2 43 3 39 19 7 42 41 21 28 5 18 23 50 40 20 50 18 10 6 6 38 29 41 41 3 12 44 1 40 42 50 38 30 20 14 43 26 42 32 44 11 27 46 14 13 17 36 0 8 26 39 33 15 4 43 15 
15 12 48 16 46 48 41 32 36 5 31 43 31 26 28 24 26 28 12 45 12 33 28 28 36 26 37 25 1 9 36 34 37 6 50 32 28 26 36 47 20 46 10 9 33 24 6 32 49 16 7 37 42 49 4 32 0 35 20 30 20 11 17 31 
28 20 47 6 25 27 46 46 1 43 16 25 16 24 19 46 12 21 5 26 36 2 50 42 39 3 18 47 9 46 17 36 4 15 32 40 36 19 31 5 3 20 7 45 27 24 38 9 16 24 19 49 6 41 46 27 20 0 5 17 23 10 50 38 
5 27 30 21 2 42 30 11 44 41 1 24 16 45 5 16 16 16 10 32 35 28 18 30 14 19 6 20 31 2 9 46 4 32 3 19 48 4 37 17 36 14 25 9 6 17 30 32 15 40 2 8 50 19 4 27 9 50 0 7 33 36 11 31 
43 32 5 20 35 42 37 19 13 30 44 46 21 4 9 25 47 39 24 5 41 50 2 46 36 28 27 10 48 47 4 31 26 34 32 27 1 48 46 40 29 22 40 29 7 23 33 24 1 26 10 44 13 6 40 44 31 9 35 0 7 16 28 21 
16 26 13 20 38 22 32 24 50 44 35 27 20 11 24 40 13 46 4 9 22 37 10 19 20 44 39 46 42 13 40 25 1 1 24 3 44 3 45 2 19 2 10 1 29 30 20 34 8 20 22 12 13 19 50 30 17 45 1 44 0 34 36 32 
38 4 11 26 20 37 21 47 10 1 2 41 21 27 9 41 41 24 6 39 23 41 29 12 33 2 45 36 50 3 1 19 33 21 23 48 19 5 1 47 37 24 13 11 11 29 29 3 9 5 10 21 28 48 9 47 26 49 43 18 43 0 36 47 
8 50 34 8 1 5 12 23 36 23 9 2 50 29 18 1 5 23 43 28 46 43 31 41 36 12 26 22 20 12 34 5 2 27 5 12 28 21 29 49 47 32 24 48 20 46 9 19 9 49 39 46 1 8 2 15 19 44 23 39 29 40 0 3 
25 40 5 1 24 24 6 24 34 44 45 31 14 20 34 22 40 3 8 13 22 23 39 5 45 25 41 44 34 49 40 20 7 30 50 8 15 46 36 45 4 25 6 2 7 27 39 46 35 23 33 37 22 28 32 2 2 1 6 50 33 12 41 0 
36 0 5 25 25 35 20 26 7 45 18 13 10 47 18 38 49 18 37 46 9 12 16 4 49 30 48 48 7 15 40 37 13 42 35 21 47 32 3 5 26 10 17 39 20 9 19 35 35 15 3 39 13 38 4 30 20 2 27 45 37 23 20 42 
5 31 0 1 18 13 48 41 17 16 32 21 50 45 27 34 40 12 13 14 43 13 2 24 25 39 6 1 46 5 8 18 4 40 25 35 39 9 2 23 37 24 36 23 32 17 5 35 43 18 38 34 24 9 28 29 4 8 26 30 8 47 45 12 
9 15 18 0 10 20 43 46 31 11 41 27 19 27 29 43 8 35 22 9 29 18 24 44 45 13 46 32 31 33 22 16 40 30 25 15 17 50 45 15 1 23 7 24 34 32 10 2 25 16 18 46 36 39 17 44 35 21 23 48 24 12 15 49 
39 26 38 39 0 3 15 26 9 40 7 8 7 12 1 11 13 4 44 8 16 15 27 30 2 14 31 31 47 27 48 41 39 8 9 36 8 45 21 50 10 41 10 6 30 31 10 33 34 10 11 44 30 4 50 34 12 46 37 26 23 35 29 32 
42 17 19 49 3 0 15 3 19 33 45 48 25 5 22 50 21 4 48 47 37 17 4 11 35 9 26 25 13 9 45 27 26 12 29 14 14 12 12 31 20 8 43 11 36 7 25 29 40 47 16 23 26 39 43 15 39 6 35 40 28 41 41 10 
39 19 23 14 27 8 0 37 9 42 17 28 30 25 43 26 29 35 47 35 16 43 23 2 38 20 14 26 8 28 22 3 29 17 33 23 17 34 11 2 33 10 8 31 9 12 13 41 46 31 6 5 31 7 25 18 16 18 36 45 14 33 29 31 
21 15 49 13 43 21 9 0 45 25 45 3 7 35 43 43 27 7 24 31 28 23 17 22 23 42 15 8 50 49 17 39 50 31 27 11 45 13 1 48 26 22 11 31 37 5 19 34 24 25 10 39 41 3 2 9 4 43 26 21 29 14 10 47 
9 7 3 26 8 33 49 14 0 7 26 6 7 13 37 36 19 24 32 34 25 39 28 49 48 30 19 7 2 37 30 20 12 13 14 23 31 2 43 26 41 26 47 33 16 48 45 46 18 8 8 48 47 30 35 8 31 8 5 47 39 26 48 27 
27 6 44 44 49 14 6 17 32 0 6 44 49 43 46 34 1 35 23 40 45 30 32 23 33 29 6 43 23 47 46 37 16 29 20 6 10 5 2 48 4 2 41 16 42 37 36 15 36 24 5 12 16 37 3 47 46 33 11 16 43 22 33 20 
36 20 29 21 23 40 24 47 34 26 0 36 43 39 17 32 47 44 42 7 49 43 35 21 29 26 23 11 28 44 36 5 33 20 22 30 22 9 15 42 46 1 9 29 41 1 11 9 29 1 15 23 2 15 34 28 2 50 50 45 1 30 47 3 
48 21 3 24 18 37 11 39 29 50 12 0 49 34 6 30 28 16 15 32 27 30 14 4 19 36 44 29 23 9 21 42 17 4 7 32 20 49 38 41 43 41 26 44 3 4 36 45 46 20 22 29 36 48 21 24 34 17 35 38 24 9 38 30 
8 8 45 46 28 25 10 30 29 24 40 37 0 4 20 2 15 1 50 33 4 38 42 7 19 34 34 48 4 14 50 17 35 3 47 37 45 9 40 17 22 10 42 1 12 9 34 20 14 16 20 38 25 26 35 42 16 1 27 12 45 27 7 17 
29 7 6 34 8 34 7 7 11 33 11 45 47 0 42 45 11 50 14 35 38 44 13 43 9 19 5 21 44 33 29 23 46 3 26 23 5 4 1 12 31 10 14 27 42 16 41 46 25 7 16 12 31 43 20 23 16 15 47 16 4 13 13 24 
33 11 16 42 21 20 40 8 50 3 5 29 30 37 0 1 44 28 9 47 38 18 17 42 3 33 3 7 41 7 35 8 18 47 41 45 32 50 49 25 5 17 8 13 28 39 41 43 30 14 4 38 45 16 26 7 17 19 13 10 19 14 50 2 
15 46 37 33 40 43 20 44 30 34 43 22 10 4 15 0 15 42 10 27 27 4 48 13 3 22 35 29 13 37 40 7 42 17 7 49 33 2 9 4 38 45 10 9 12 24 4 47 13 5 48 18 9 37 24 48 18 33 35 11 5 15 7 7 
41 28 1 5 3 6 32 14 34 6 40 32 44 39 2 29 0 18 38 16 9 39 22 49 6 44 9 31 1 18 48 50 23 39 3 19 34 23 49 45 7 23 35 35 3 47 42 5 29 31 6 44 18 49 49 18 19 29 46 12 44 25 32 46 
36 7 18 44 42 21 18 7 19 43 9 36 5 38 47 10 2 0 5 3 20 12 5 32 25 41 35 50 6 28 38 1 33 42 39 49 46 30 49 14 8 13 50 25 25 40 13 14 31 33 37 11 40 23 12 35 32 25 43 4 7 21 13 30 
32 43 27 44 16 40 1 30 3 42 45 8 12 30 8 35 28 21 0 20 23 41 27 12 10 31 5 18 21 37 46 7 38 50 21 44 33 13 19 49 42 33 7 8 48 29 4 23 2 18 9 26 36 2 41 39 5 31 18 14 11 22 30 44 
8 36 8 8 42 36 26 22 9 22 28 40 35 19 15 31 28 32 16 0 4 29 20 21 36 10 33 40 2 46 6 39 21 3 14 1 13 22 47 32 17 43 37 18 15 24 1 5 36 17 37 36 30 6 27 15 39 15 22 49 9 47 24 27 
3 34 8 38 21 19 3 10 31 50 50 12 42 3 7 12 9 28 4 36 0 9 20 9 15 26 49 13 48 50 49 23 20 19 11 15 31 17 13 34 18 15 27 6 30 6 16 24 36 8 11 40 32 44 39 18 34 25 43 12 22 6 5 11 
33 27 31 43 32 38 27 45 46 44 36 22 33 15 30 10 11 26 27 40 40 0 9 42 27 31 44 32 6 24 2 12 12 10 17 23 4 26 23 42 48 32 16 44 38 8 17 36 19 46 34 2 47 30 15 21 25 35 4 13 38 7 21 22 
45 32 25 12 16 43 27 35 38 34 29 9 24 16 5 19 14 9 13 10 41 50 0 16 33 46 46 49 19 22 11 5 41 12 45 49 6 34 5 20 27 20 49 15 13 1 6 48 9 31 35 49 30 45 11 31 46 17 42 16 20 45 8 14 
28 30 38 47 30 18 50 36 9 39 37 41 42 36 3 33 40 49 40 39 37 12 25 0 47 1 14 3 39 42 39 1 33 12 36 37 34 13 10 18 42 31 50 41 42 9 21 39 11 14 10 27 21 5 20 27 17 6 42 47 16 15 11 44 
20 38 5 29 7 49 20 20 31 32 49 8 37 21 34 39 31 26 43 25 33 13 31 28 0 42 9 21 29 22 13 2 28 20 6 21 4 4 42 33 13 45 40 46 40 7 13 41 46 22 3 17 41 22 36 12 8 8 27 37 48 28 42 49 
19 30 21 38 32 1 30 35 39 43 30 31 43 18 42 22 30 19 26 7 19 47 12 6 34 0 45 13 46 28 5 36 35 4 42 28 10 36 25 9 45 43 19 28 48 42 6 19 40 17 6 8 29 3 35 31 22 19 16 5 37 38 35 8 
34 8 46 27 2 41 32 36 6 10 31 15 50 19 15 14 29 27 24 29 22 48 7 33 19 12 0 6 42 21 21 23 7 8 12 45 40 47 29 17 50 36 21 2 19 23 21 31 4 4 2 26 10 15 6 36 36 2 14 9 40 35 41 15 
36 38 24 7 39 24 25 17 50 10 24 44 2 47 39 10 49 32 2 38 19 45 13 42 3 26 10 0 39 34 21 27 15 46 6 17 32 49 14 42 30 30 36 27 50 42 12 35 40 13 4 10 9 34 3 47 42 25 32 5 14 15 37 34 
30 34 9 49 47 31 8 12 35 40 22 9 34 18 13 1 41 41 20 26 30 11 19 32 43 9 25 7 0 17 10 29 16 44 2 48 17 33 14 39 9 6 42 26 19 12 45 14 24 12 32 14 23 45 11 4 19 16 28 6 38 6 1 46 
26 12 7 15 32 21 47 19 27 3 12 20 39 36 50 21 49 46 1 45 36 46 7 21 33 49 29 2 6 0 8 2 3 5 47 50 8 5 30 32 4 16 14 37 20 34 42 16 34 16 7 8 42 5 7 11 30 6 37 33 34 43 45 13 
20 2 9 15 42 36 42 16 19 15 48 30 23 9 37 37 42 33 45 36 49 1 10 48 49 37 21 3 19 47 0 48 11 22 1 18 19 26 27 24 48 25 42 39 28 8 28 39 21 19 50 42 1 48 9 15 19 42 11 17 6 16 40 48 
22 17 38 8 22 42 19 12 15 10 47 12 8 12 33 41 22 49 50 34 19 6 47 13 13 36 49 27 15 11 19 0 33 36 44 17 11 20 20 17 30 1 38 27 42 1 48 7 8 10 20 45 8 17 6 29 17 20 25 46 36 43 43 48 
5 41 15 27 14 45 23 21 3 32 20 33 32 29 6 13 15 30 42 17 45 16 11 17 30 16 1 41 46 24 31 38 0 9 41 23 1 37 22 43 13 38 49 43 26 48 23 47 39 15 13 31 7 1 26 3 39 31 49 48 49 45 32 26 
29 2 32 25 42 6 5 26 44 37 30 30 46 24 36 19 7 19 13 26 34 44 24 38 33 38 35 21 39 24 45 19 6 0 24 15 25 16 49 6 33 10 37 37 21 21 47 7 16 45 30 42 31 33 6 42 36 28 44 43 5 22 35 38 
20 42 12 24 23 10 11 4 9 13 30 17 48 7 4 17 37 31 19 26 9 33 14 36 50 33 29 48 23 6 2 11 26 49 0 17 29 10 23 35 7 35 27 33 18 3 40 45 30 25 28 6 24 3 9 29 38 29 26 25 40 31 14 31 
3 12 20 41 49 40 25 7 15 46 13 42 33 50 47 34 10 38 50 24 45 1 28 8 17 21 30 1 35 49 45 26 21 46 31 0 6 34 50 47 40 50 21 42 28 41 18 47 38 32 43 15 2 31 41 37 3 34 12 24 29 10 25 23 
16 2 38 21 38 20 41 1 11 42 10 24 25 9 1 18 50 24 43 20 42 34 44 45 30 10 29 22 22 26 19 30 26 48 26 27 0 4 47 10 19 41 42 4 11 21 17 12 44 34 45 25 5 18 6 31 32 9 43 41 28 41 20 29 
36 24 30 49 27 33 24 15 3 15 25 29 1 31 33 24 13 48 35 38 28 1 14 13 21 17 44 19 11 6 32 28 22 13 18 37 42 0 19 35 12 10 30 22 40 43 27 31 2 26 19 28 31 6 32 2 36 10 18 29 11 39 6 4 
48 34 47 7 38 14 47 33 45 13 24 29 48 29 25 20 44 37 43 44 42 28 1 22 41 12 33 27 24 41 25 23 5 26 25 7 47 20 0 44 39 29 37 34 18 33 4 4 7 36 48 36 25 47 13 12 20 33 25 17 27 31 20 9 
5 39 2 24 23 5 19 24 24 44 5 15 6 45 34 40 38 9 27 42 27 6 1 26 42 14 6 24 22 4 18 8 10 28 30 30 31 30 32 0 3 18 24 12 31 43 49 7 25 50 35 30 18 5 29 33 49 38 26 33 9 49 45 2 
21 27 48 6 29 15 5 10 9 27 24 25 3 44 20 34 44 8 31 25 37 24 50 3 31 46 31 42 5 47 23 4 23 23 42 5 46 44 28 10 0 46 26 22 42 31 5 30 6 19 43 39 1 18 21 16 47 28 45 25 34 35 13 5 
12 5 21 2 31 3 15 39 1 30 21 30 11 3 8 23 27 16 26 23 13 8 22 36 3 7 45 28 1 19 45 26 33 22 10 38 11 3 50 3 5 0 4 39 22 48 41 5 45 20 23 48 19 9 41 42 4 33 35 50 24 8 37 38 
32 36 46 48 40 43 21 12 24 17 23 19 9 20 1 39 12 3 1 9 29 21 27 17 43 30 7 5 26 4 26 45 18 17 7 36 3 44 16 2 49 11 0 25 2 37 22 33 35 32 46 38 22 8 28 9 11 10 29 5 10 37 17 36 
21 41 28 2 43 13 16 37 18 37 49 11 19 47 25 31 21 48 23 24 31 16 4 38 40 8 47 27 24 39 7 16 33 26 5 11 9 21 41 22 17 10 21 0 36 10 18 41 15 35 48 35 13 15 43 6 5 38 41 12 35 17 39 13 
29 31 33 29 44 43 14 22 1 7 1 8 21 46 19 28 23 17 33 43 26 5 45 2 40 20 50 24 19 9 7 6 28 47 42 5 27 39 48 22 21 26 35 6 0 14 36 35 9 20 13 39 18 34 47 37 25 37 31 40 24 43 40 4 
42 1 45 30 24 4 14 2 35 20 11 22 1 21 39 38 5 35 42 5 6 20 39 22 32 10 18 19 46 50 25 29 31 22 43 6 20 7 12 5 6 12 5 49 24 0 25 37 4 48 43 36 40 2 36 49 22 12 23 48 14 37 45 6 
36 46 33 41 29 28 34 19 49 24 37 49 44 16 41 49 7 24 15 22 4 14 36 27 46 24 22 44 47 9 48 19 12 7 20 4 41 35 9 26 15 25 38 16 16 37 0 5 6 22 25 41 41 22 24 3 22 10 6 45 5 7 40 23 
40 27 18 38 38 47 37 8 23 15 39 7 29 27 20 11 10 20 16 22 22 18 7 48 38 5 48 44 35 40 5 20 25 2 48 40 49 49 17 10 36 17 19 27 34 17 24 0 45 41 46 36 36 42 19 1 23 21 21 1 34 49 44 24 
34 11 19 33 28 30 31 12 11 3 6 37 6 50 30 14 22 32 4 3 40 4 19 29 7 1 26 20 29 49 34 11 42 44 36 17 15 34 46 16 11 34 26 33 36 32 46 23 0 41 7 29 3 46 41 34 30 42 41 27 27 5 11 34 
13 19 46 45 13 14 14 49 38 36 38 43 6 29 37 44 25 6 3 30 22 20 32 16 2 10 7 26 25 8 19 12 50 1 13 15 41 37 33 10 27 9 42 17 8 48 28 1 6 0 48 3 22 2 32 12 43 38 31 44 4 8 39 25 
31 17 27 44 6 16 22 3 38 23 44 3 14 29 15 8 4 32 6 20 27 6 47 10 19 40 21 27 11 44 30 2 38 35 12 50 31 5 23 36 34 45 15 50 9 29 48 15 23 23 0 41 23 3 19 48 26 20 18 25 17 46 46 43 
45 43 42 15 30 18 16 27 49 9 21 37 33 41 48 2 40 42 6 5 38 4 8 49 20 38 36 30 14 30 6 40 38 2 21 7 17 15 19 48 8 47 42 14 33 32 15 35 23 16 36 0 25 40 42 6 42 36 44 46 43 32 36 13 
20 4 31 49 32 21 42 35 26 24 9 47 42 12 45 17 38 23 2 8 49 44 31 1 47 47 29 21 24 19 26 16 23 34 23 10 3 34 34 15 31 31 11 2 31 45 15 30 42 27 9 20 0 31 28 15 26 23 30 3 36 42 21 12 
7 48 44 25 8 40 35 15 5 40 37 28 18 34 30 20 3 32 49 30 47 10 7 36 46 20 48 38 23 31 49 23 10 19 4 4 38 21 7 41 7 13 5 30 44 1 48 42 44 10 50 4 43 0 42 16 47 42 8 30 39 43 48 42 
24 42 15 18 49 30 26 33 32 26 9 23 34 6 27 43 45 22 6 45 13 31 46 30 19 4 7 13 30 42 18 48 10 21 31 39 30 34 49 12 18 28 19 28 34 19 32 42 15 16 35 17 37 4 0 29 43 47 35 49 45 23 13 3 
41 9 11 14 13 25 39 14 12 23 44 27 36 13 18 46 1 22 16 49 15 8 1 12 7 43 39 43 45 35 5 40 5 25 28 20 24 6 19 17 27 3 23 45 44 27 43 30 29 39 49 23 8 15 39 0 34 8 50 8 21 37 46 19 
27 19 5 22 12 35 48 23 46 4 50 23 12 35 7 18 30 50 9 14 7 37 32 32 41 36 45 13 24 48 49 30 31 34 47 26 39 6 32 45 31 16 3 20 9 43 27 50 2 33 28 22 28 32 13 41 0 38 23 32 26 41 36 50 
48 5 20 42 29 39 31 29 25 18 14 34 41 34 12 24 49 10 46 11 41 21 28 2 50 22 6 39 16 25 6 5 46 16 6 16 39 1 49 12 21 4 4 4 15 49 22 7 26 50 33 17 45 25 9 27 28 0 18 42 7 33 42 14 
1 12 9 39 25 29 47 35 48 11 35 41 38 18 24 38 2 50 50 14 17 42 40 11 21 7 29 38 22 10 42 30 29 41 4 42 6 11 48 29 29 16 36 6 11 35 22 10 4 30 41 8 33 29 47 9 23 49 0 18 18 50 10 14 
39 19 6 12 48 14 33 33 42 3 22 35 2 6 34 1 36 36 19 34 42 19 35 47 50 44 45 20 7 43 30 29 20 2 48 38 5 23 24 47 22 48 50 5 11 44 46 3 39 49 33 32 31 26 23 20 34 9 12 0 5 19 13 27 
49 23 44 16 50 9 47 46 14 13 23 12 44 20 30 36 6 48 42 31 9 11 48 48 44 30 29 4 46 11 19 28 10 22 1 33 18 29 47 45 42 3 19 20 9 14 29 1 5 24 6 7 27 32 18 39 26 46 22 20 0 31 44 50 
3 44 46 3 23 19 48 19 28 2 48 40 6 42 29 40 31 2 29 49 23 5 13 1 28 4 12 7 22 8 27 15 48 3 16 26 13 11 6 32 7 6 29 6 30 43 13 48 47 7 41 19 2 45 28 49 32 46 26 20 7 0 41 47 
20 25 34 42 3 26 3 27 20 47 47 43 18 26 7 21 35 41 15 11 16 17 8 13 4 26 18 45 18 36 36 25 17 10 10 31 47 2 10 23 45 30 22 23 6 3 10 23 25 25 41 29 43 31 31 3 18 22 39 28 8 9 0 10 
34 11 23 27 9 16 27 25 34 31 43 16 36 46 36 8 1 16 46 20 44 45 7 32 36 29 8 14 26 13 33 15 36 21 38 13 33 27 2 7 49 50 7 48 1 15 45 8 32 14 38 12 13 40 17 40 4 41 41 30 9 14 50 0 
21 0 49 28 31 16 8 24 25 25 15 39 21 44 38 9 32 22 35 1 32 12 26 22 3 46 5 49 9 42 36 22 49 36 50 36 50 23 34 30 1 9 40 14 48 24 19 23 2 45 10 20 46 9 32 39 46 27 26 35 11 9 15 33 
39 43 0 41 36 44 2 10 10 38 5 1 24 22 13 25 29 28 32 48 15 33 17 26 40 5 12 41 24 47 50 19 42 44 8 25 5 34 34 30 50 36 50 33 42 9 8 18 34 3 48 8 30 11 1 50 23 17 1 32 33 12 37 13 
38 37 9 0 31 15 38 21 45 44 3 49 30 33 34 35 32 47 45 8 21 49 42 40 31 43 8 3 38 33 3 48 39 50 38 45 5 1 28 3 46 33 3 14 27 13 22 17 39 32 20 35 39 5 16 15 47 47 28 38 7 36 33 13 
42 6 11 30 0 46 40 31 31 20 42 12 39 46 28 13 19 22 41 14 6 13 18 10 34 34 24 49 9 23 40 47 10 50 41 23 22 3 42 22 49 2 40 15 47 43 27 19 19 34 10 17 16 22 27 50 24 47 27 47 23 42 22 9 
31 45 3 40 6 0 6 42 16 31 20 16 4 24 4 13 42 8 5 30 25 14 24 31 38 23 41 49 26 27 46 49 8 31 31 35 3 41 38 13 14 43 45 37 46 7 24 27 21 34 36 39 18 13 48 45 7 15 15 17 16 7 17 40 
35 22 8 24 43 19 0 11 1 21 42 16 32 20 38 35 32 50 14 28 42 42 7 31 46 33 36 28 38 26 21 48 8 27 5 2 25 50 50 34 3 24 35 19 27 47 16 26 20 30 34 18 2 29 25 48 29 42 13 42 7 41 23 26 
50 45 8 6 15 36 11 0 33 50 30 26 19 7 39 5 49 17 11 9 9 43 4 47 30 3 8 24 34 37 9 28 12 1 10 20 33 39 11 12 34 20 2 18 22 3 6 41 40 37 14 25 47 33 15 33 46 48 29 4 8 13 28 46 
42 3 14 18 48 19 23 10 0 7 49 25 40 42 37 26 27 47 17 34 47 24 34 31 30 37 27 24 35 11 8 5 21 42 6 26 19 39 39 44 21 15 4 19 48 8 25 42 10 22 3 8 42 30 31 22 8 22 35 31 22 46 38 50 
49 45 5 48 36 11 7 38 8 0 23 13 32 21 15 33 23 12 36 14 13 8 1 14 42 11 35 18 47 5 9 22 26 27 4 21 4 4 28 6 50 15 15 50 19 17 50 2 44 40 12 19 36 33 25 43 49 31 13 37 2 43 11 33 
50 2 38 5 17 45 30 20 35 30 0 14 48 43 1 46 26 12 34 25 8 43 40 36 44 3 12 22 23 41 41 5 8 5 32 1 17 30 45 35 49 10 43 34 7 19 28 50 48 36 38 26 19 18 3 41 10 16 45 3 6 24 7 29 
44 26 7 43 11 1 29 46 17 49 27 0 48 50 6 30 25 26 12 24 38 4 16 37 40 3 42 41 2 36 43 30 26 4 15 41 31 13 35 39 48 8 42 9 20 42 5 41 4 36 20 28 44 50 20 25 28 40 17 41 20 11 28 11 
25 19 2 45 36 16 50 13 42 24 27 31 0 13 8 17 49 48 2 37 16 16 15 37 26 35 40 13 42 46 44 20 38 30 32 34 2 41 11 5 39 37 8 37 21 23 39 13 21 24 18 44 18 24 12 45 11 33 26 10 47 4 9 17 
48 4 40 1 32 25 15 9 37 47 49 29 9 0 29 17 4 46 28 43 18 28 1 2 14 19 37 23 20 16 2 9 36 29 41 39 17 33 39 32 46 9 10 7 22 26 33 37 33 17 22 14 20 11 41 40 48 2 27 33 46 2 46 44 
36 39 14 1 18 40 50 21 8 47 47 10 19 44 0 31 39 36 50 41 4 44 38 40 25 39 2 42 16 7 7 37 45 13 17 22 33 13 33 19 43 18 2 7 24 15 31 21 5 21 38 47 46 11 43 1 48 50 39 13 17 49 34 14 
1 11 3 47 3 22 49 27 4 32 49 37 43 32 17 0 11 8 31 37 45 20 10 41 34 21 17 25 34 24 20 3 45 34 38 6 13 12 35 19 33 23 12 44 15 13 7 8 16 33 29 6 36 12 39 45 41 20 20 26 37 47 15 4 
34 29 5 3 5 26 4 49 24 12 4 23 9 16 27 21 0 15 9 10 1 45 15 18 33 46 43 15 44 43 9 33 37 9 8 11 36 9 4 3 40 30 31 32 24 9 17 37 25 43 49 12 28 38 14 9 19 12 23 8 13 12 10 6 
15 30 18 15 1 6 41 13 11 6 20 22 15 33 44 24 29 0 6 40 1 44 47 5 49 45 50 42 25 37 47 41 29 21 25 18 45 41 3 37 20 3 37 1 23 18 43 45 36 18 49 29 7 22 9 13 19 25 20 20 1 14 17 26 
15 16 42 2 40 16 50 34 27 20 21 49 7 47 33 31 3 6 0 6 8 39 18 34 7 12 12 49 20 22 34 36 7 37 11 36 8 27 41 5 21 19 16 3 38 2 10 6 22 43 39 17 46 8 9 38 48 32 35 40 29 17 30 12 
44 34 15 13 47 11 25 5 12 2 36 40 23 16 47 6 2 7 27 0 28 34 17 41 49 28 23 39 27 42 2 27 4 39 4 9 4 37 47 10 12 18 34 5 45 22 20 16 32 35 29 39 22 40 3 28 27 44 16 36 24 22 49 14 
11 26 33 1 19 7 44 19 5 48 16 11 50 12 47 27 8 8 7 42 0 13 14 5 14 37 26 32 10 22 12 37 41 19 21 45 20 40 20 47 26 41 11 34 25 25 43 29 16 48 40 29 16 15 7 1 48 21 19 15 43 25 34 48 
44 12 25 42 29 18 28 37 39 12 32 2 3 30 31 40 44 48 17 13 32 0 34 21 26 13 20 47 49 22 5 4 1 8 13 41 13 50 1 50 48 21 3 40 4 33 6 49 18 40 30 21 46 8 22 16 11 41 49 30 10 21 29 16 
34 8 31 44 41 40 18 40 44 49 20 43 30 44 18 44 7 22 29 9 43 34 0 9 43 37 47 30 23 1 22 41 27 42 38 7 46 2 12 8 29 23 41 28 48 39 29 37 18 24 6 23 38 42 20 23 1 50 38 8 44 10 46 39 
22 8 43 1 43 37 22 42 45 14 1 37 3 7 12 5 8 10 13 50 46 50 4 0 36 23 15 7 47 14 5 14 19 28 2 7 40 47 29 45 31 3 15 28 24 42 33 21 45 38 34 50 35 47 46 44 23 5 7 29 28 31 25 28 
41 50 32 10 1 50 22 9 30 16 33 48 31 22 30 45 40 44 13 9 31 5 30 23 0 32 9 34 35 40 1 17 50 28 38 38 24 10 24 21 45 16 26 21 19 14 49 14 2 25 13 39 34 19 16 47 36 20 10 29 43 17 37 19 
30 50 34 20 43 34 7 35 17 24 19 43 5 35 12 9 33 46 33 11 27 12 33 31 13 0 41 3 4 1 45 29 28 29 7 42 20 31 30 21 19 19 29 23 11 1 23 42 2 9 1 47 47 34 27 43 18 17 4 8 2 31 3 34 
22 46 41 14 49 44 43 28 3 26 15 42 48 40 23 30 40 49 2 46 50 49 32 44 3 15 0 24 3 28 23 19 38 17 45 1 15 11 10 44 9 16 23 44 22 20 36 45 29 45 24 19 4 30 7 35 24 14 47 12 35 20 41 1 
31 7 27 26 4 39 8 20 30 6 44 31 27 6 10 24 17 20 46 9 4 4 16 9 10 11 28 0 1 15 48 10 39 26 23 13 15 44 11 42 41 37 5 39 48 36 27 8 18 5 23 45 15 25 32 47 28 42 18 16 43 11 7 5 
33 46 5 5 5 44 46 31 7 29 5 22 50 16 18 23 34 4 11 47 42 3 46 15 44 27 36 24 0 26 45 49 30 31 50 6 3 31 22 4 25 9 42 38 37 20 11 47 12 24 46 32 40 1 10 13 30 1 41 11 29 9 22 5 
13 30 26 41 50 10 16 43 12 1 36 39 50 16 9 46 34 30 24 50 31 14 10 30 21 37 27 2 41 0 12 25 17 37 38 26 7 45 20 48 3 9 4 21 40 15 22 13 15 42 46 28 50 35 23 25 49 21 46 21 13 34 14 2 
1 26 20 2 13 40 3 1 14 33 22 41 28 43 20 15 50 24 12 10 46 34 26 32 15 13 27 36 49 50 0 35 19 45 2 21 14 46 21 1 26 40 45 14 18 14 32 48 7 1 31 21 39 22 5 7 17 50 38 37 1 13 17 3 
15 48 3 47 26 23 7 20 29 24 37 21 1 21 9 19 34 16 21 35 18 29 46 47 41 45 4 14 8 35 50 0 13 23 43 50 20 11 35 22 34 45 12 43 16 36 34 7 47 42 20 4 35 43 32 35 36 3 6 7 31 20 43 12 
45 24 25 48 9 21 40 8 49 44 37 41 7 37 31 12 7 39 8 23 39 31 16 21 41 8 14 17 6 29 41 15 0 3 50 48 42 11 36 48 26 2 12 5 41 6 42 28 50 23 44 50 43 13 20 24 14 9 5 8 1 7 24 3 
20 4 23 39 8 39 39 2 21 42 32 22 28 26 25 15 50 31 15 44 12 29 49 3 33 27 34 33 7 29 48 19 29 0 9 36 38 33 4 21 11 34 43 30 2 31 49 46 38 35 40 9 20 43 30 42 41 6 21 7 32 6 7 45 
43 44 13 43 19 41 38 32 46 11 4 11 19 50 48 22 34 31 46 49 17 20 28 27 50 18 45 33 13 48 39 6 28 48 0 38 8 19 7 28 48 48 8 13 10 40 20 23 42 9 50 23 1 10 9 28 23 17 37 44 1 47 5 20 
49 22 49 34 21 12 40 3 28 4 49 1 9 8 19 38 31 45 3 24 14 25 39 46 19 21 16 41 33 13 27 2 43 39 14 0 38 42 36 2 30 19 47 45 48 12 8 19 15 49 50 14 7 44 32 7 25 33 3 15 1 47 50 21 
15 27 48 9 21 44 31 47 45 44 24 6 17 30 42 35 11 2 1 43 34 50 21 8 12 33 40 5 39 22 2 34 19 27 31 21 0 15 50 49 21 19 4 19 14 20 26 40 45 42 18 4 50 46 8 37 15 7 40 47 38 5 26 8 
23 43 41 37 41 50 22 21 11 3 31 24 31 32 8 39 37 44 45 14 22 18 2 38 12 40 16 14 25 3 11 17 43 46 46 22 30 0 39 50 46 21 48 43 47 16 34 7 34 50 2 11 45 10 12 36 6 41 3 25 1 34 8 46 
9 42 15 31 35 36 37 9 48 44 50 44 25 25 5 23 29 34 33 14 24 43 17 7 32 10 41 31 27 14 49 12 13 2 35 6 2 3 0 22 49 14 43 14 1 11 19 12 31 36 31 47 18 1 44 22 16 26 9 50 25 45 6 32 
35 45 38 31 23 40 50 21 27 12 35 1 32 30 16 46 13 49 10 45 47 18 32 12 19 30 19 30 44 3 48 4 8 11 29 6 23 39 40 0 41 37 10 20 6 17 44 41 37 10 13 38 27 36 11 36 18 14 27 12 43 21 20 28 
25 15 32 43 21 1 10 23 24 9 19 9 37 48 26 46 26 40 33 20 31 15 21 19 48 26 12 43 47 27 47 21 17 33 46 42 35 1 21 37 0 1 40 15 18 17 3 50 20 38 31 37 4 39 1 47 11 44 13 46 45 39 17 27 
47 13 49 43 4 3 35 11 26 20 46 20 42 1 3 2 45 27 43 6 16 41 43 32 17 36 36 48 22 5 26 49 34 14 18 6 18 11 46 17 3 0 21 11 35 44 31 5 11 42 12 2 19 47 12 11 7 20 18 26 18 18 37 39 
21 44 48 36 29 33 48 34 35 32 26 3 46 30 9 38 36 32 25 7 11 4 8 3 23 3 12 36 1 35 28 50 17 33 40 41 46 45 27 28 44 28 0 17 38 21 9 16 27 12 30 41 37 43 30 28 18 37 46 14 26 22 13 34 
1 4 27 37 14 41 19 43 41 5 48 14 34 37 21 32 14 38 36 24 22 45 41 8 38 5 23 4 1 32 1 7 31 44 17 34 45 23 2 37 43 38 50 0 33 46 16 45 31 17 14 1 38 37 39 13 6 14 20 49 9 18 16 42 
10 4 42 33 40 21 37 37 42 37 50 31 34 46 8 12 22 11 42 37 37 31 14 21 43 32 11 20 26 24 44 19 28 46 40 30 4 34 5 11 30 28 9 2 0 38 8 29 11 6 8 28 49 27 29 6 29 41 22 41 9 10 18 12 
18 44 31 4 39 6 29 9 39 6 32 7 10 23 12 33 35 3 1 14 19 46 45 43 49 41 11 39 33 43 47 1 13 16 42 9 7 5 41 5 28 50 40 43 45 0 23 47 7 29 39 6 6 9 5 43 22 49 39 5 49 46 40 26 
46 10 31 45 44 32 4 27 30 13 47 37 20 7 2 48 27 44 4 11 45 38 41 42 9 23 20 11 18 50 43 9 38 24 45 33 14 29 3 26 26 12 27 44 13 18 0 24 16 47 41 29 5 43 30 31 9 20 39 36 22 12 43 9 
31 20 38 50 46 13 19 35 49 42 28 35 33 11 47 30 41 50 4 14 28 22 39 17 8 44 37 14 25 43 32 14 33 4 47 24 25 19 28 4 28 7 31 13 15 45 49 0 48 23 10 46 23 9 30 32 9 32 22 42 3 26 6 10 
6 11 15 3 29 15 24 5 22 22 1 36 21 42 26 3 13 45 40 42 16 48 10 6 4 23 38 42 4 28 26 28 23 47 25 3 1 43 20 33 49 5 24 1 8 44 11 17 0 7 19 29 8 37 14 45 9 1 9 50 7 28 32 2 
45 46 23 14 25 17 23 3 21 26 8 43 11 24 9 49 10 13 21 36 35 49 18 42 10 2 17 2 42 44 13 5 18 3 29 6 35 31 36 1 34 17 9 33 29 22 34 35 43 0 11 40 45 7 47 17 47 29 32 5 23 1 22 11 
28 13 3 26 8 46 4 14 29 27 21 2 19 41 36 13 38 19 32 9 32 4 19 49 21 37 33 28 4 27 14 50 13 6 32 20 27 46 26 40 40 48 11 18 37 46 49 7 43 19 0 17 5 20 13 30 24 45 5 6 22 14 26 10 
3 14 22 40 13 10 17 37 43 43 43 20 35 44 2 13 26 38 26 35 36 11 10 31 50 26 9 26 22 41 4 27 14 38 9 5 15 6 36 48 27 33 24 13 28 44 46 30 44 43 30 0 35 38 42 25 42 4 42 40 38 2 41 15 
3 39 16 6 47 36 47 48 20 3 29 9 3 38 48 4 7 30 29 33 30 11 20 39 23 13 17 1 24 17 49 47 36 18 22 24 12 39 49 45 47 45 11 33 9 33 22 5 7 38 34 8 0 23 9 35 43 19 27 34 35 19 46 24 
4 5 33 23 36 17 24 42 19 31 34 36 35 1 38 30 40 41 12 45 36 33 41 24 27 33 30 6 35 6 15 26 1 22 7 29 27 11 37 39 34 46 16 27 39 24 1 42 32 48 44 44 8 0 2 38 22 14 9 46 3 37 19 8 
14 17 9 35 14 44 10 4 30 4 24 11 40 17 14 35 4 33 38 24 38 12 21 19 50 34 36 15 18 15 35 2 16 39 3 11 31 39 37 49 23 44 14 40 35 42 48 5 1 24 43 20 50 45 0 21 2 46 41 36 30 8 45 36 
16 20 22 46 2 15 3 5 16 46 39 2 44 48 31 35 9 36 32 15 44 23 16 2 22 18 1 16 40 4 8 42 28 9 49 21 13 46 47 40 48 20 27 24 12 43 28 4 15 7 28 44 26 31 42 0 44 5 20 25 34 14 38 15 
13 39 47 25 35 50 11 22 13 40 42 17 25 46 42 41 29 41 48 1 34 27 14 16 48 18 6 17 44 22 13 27 10 5 15 35 15 19 43 5 5 36 15 5 35 14 17 48 13 29 46 44 17 38 31 37 0 26 32 28 18 44 44 28 
41 28 16 8 20 32 7 26 11 49 43 46 49 12 9 32 34 1 8 4 15 27 19 11 23 24 29 10 34 41 25 11 11 8 24 27 19 7 48 17 6 4 35 46 24 42 33 25 17 50 44 18 37 40 13 14 9 0 6 35 47 3 48 43 
20 24 32 36 41 38 33 13 27 4 41 49 12 43 24 37 31 42 4 43 35 48 7 25 22 46 10 19 14 22 1 14 9 12 15 22 42 7 42 37 35 37 17 15 47 42 1 22 36 19 5 5 50 5 8 23 17 8 0 14 46 28 15 50 
6 3 27 41 1 29 2 45 25 50 17 9 48 31 43 28 30 45 39 34 45 18 47 15 4 4 42 6 35 43 47 10 21 38 12 13 20 2 1 44 34 25 31 6 33 47 11 43 25 30 35 2 40 31 5 39 7 13 37 0 48 37 47 11 
32 3 8 39 10 19 31 9 29 44 45 50 21 38 41 32 8 43 50 31 5 9 46 21 40 34 24 7 8 15 4 8 37 15 49 4 26 8 1 24 45 22 6 8 45 32 34 2 16 31 30 5 38 16 6 23 7 38 49 27 0 46 24 1 
15 41 38 14 7 39 38 7 50 42 26 37 33 4 39 26 9 50 23 41 28 35 49 20 21 9 27 47 39 9 24 29 21 21 41 18 7 18 28 13 29 24 30 13 12 30 23 20 19 12 41 28 23 34 24 30 42 18 44 48 12 0 42 19 
41 18 47 17 13 13 22 20 41 22 10 13 4 5 37 9 42 36 7 28 27 19 47 7 37 48 12 26 39 25 31 2 38 6 40 45 15 13 11 8 48 43 1 7 13 22 20 25 6 10 2 12 6 14 42 23 22 41 31 16 1 46 0 31 
17 41 9 25 49 16 42 44 30 26 50 30 35 18 40 44 16 28 37 21 29 23 19 46 24 14 17 24 24 33 46 7 2 12 35 16 5 47 22 10 15 17 23 37 6 34 8 5 32 48 15 38 15 26 2 44 23 13 2 36 50 19 20 0 
47 0 30 44 29 23 34 25 39 19 6 28 7 13 1 32 41 40 6 12 42 27 18 8 42 27 10 41 43 42 46 37 10 46 48 26 8 13 6 36 21 8 9 47 32 38 20 40 43 42 23 13 30 38 28 44 30 22 2 2 13 43 32 48 
24 20 0 18 11 16 25 24 29 34 21 41 34 18 22 26 5 7 21 49 2 20 33 8 23 19 5 47 36 11 4 23 28 27 12 23 13 20 9 25 18 18 44 29 9 48 44 26 9 46 47 45 43 45 30 28 41 13 46 42 12 29 39 18 
30 49 13 0 8 6 49 14 36 48 46 31 35 26 5 49 26 25 29 38 40 14 9 31 34 47 35 33 50 24 18 14 40 30 26 49 11 35 37 21 11 33 12 47 47 15 46 2 37 15 21 17 33 42 49 5 21 18 30 11 22 17 15 12 
31 33 42 5 0 50 6 38 41 39 9 28 8 3 12 34 19 1 33 46 36 4 1 31 48 31 22 29 43 5 27 49 45 19 50 17 15 24 41 3 32 27 30 29 25 14 42 3 9 35 11 10 40 21 29 9 31 2 44 25 29 27 46 37 
13 10 34 40 3 0 46 20 46 10 31 14 9 24 23 6 35 40 20 20 9 44 17 10 24 40 42 37 13 30 17 25 5 32 44 17 16 31 2 50 14 15 16 50 9 8 21 36 8 47 10 35 9 8 37 43 47 1 11 1 11 10 8 16 
44 7 10 28 30 7 0 41 4 38 20 6 45 29 17 1 16 20 7 29 17 21 32 16 47 45 2 21 15 21 2 40 4 7 50 7 3 49 43 6 2 6 6 48 39 2 43 15 30 50 45 32 5 32 42 45 12 41 13 34 29 37 27 34 
37 31 2 38 29 10 48 0 18 27 2 27 11 16 35 28 45 3 37 41 15 27 21 36 23 16 6 45 13 36 9 27 16 30 23 12 9 50 5 36 21 3 27 5 3 5 31 30 28 14 18 32 42 46 12 7 17 46 30 23 24 15 36 33 
19 25 11 32 43 24 20 46 0 48 1 20 13 50 16 33 18 35 26 18 50 19 28 35 20 19 16 45 13 21 33 13 6 18 45 37 29 45 49 37 5 45 23 34 41 27 49 8 1 13 12 38 48 48 37 14 41 40 41 14 28 29 7 25 
16 39 15 46 6 30 5 24 37 0 40 14 5 47 45 44 44 20 9 45 1 10 45 15 8 32 31 46 39 4 36 10 26 38 48 18 3 12 4 2 21 8 38 2 9 35 32 18 46 47 47 45 20 34 6 15 21 24 7 15 25 34 17 20 
2 31 38 18 49 27 42 32 16 7 0 24 43 22 44 7 23 50 14 1 42 7 41 40 43 33 34 47 29 6 40 28 38 42 18 1 29 48 15 20 19 5 16 30 13 10 14 44 27 18 34 15 12 34 25 13 11 41 46 35 16 30 13 27 
26 30 37 2 4 44 28 26 36 44 32 0 38 42 12 27 33 20 40 21 11 22 26 16 4 18 5 40 38 3 30 5 40 43 39 4 34 23 12 40 34 40 8 29 18 3 38 22 50 14 13 16 26 10 2 5 1 14 34 35 49 5 40 24 
7 40 43 46 3 9 44 10 8 1 37 22 0 14 47 48 1 30 34 41 25 40 14 29 30 41 35 3 20 40 28 41 30 50 35 23 28 11 43 19 41 21 4 9 25 23 31 41 5 17 33 5 16 14 16 35 43 11 13 5 19 6 24 21 
30 10 8 22 30 24 20 41 38 16 50 5 37 0 6 5 7 10 44 49 4 8 24 26 16 35 1 31 18 48 38 1 36 47 34 29 15 15 10 12 31 47 42 17 50 14 12 49 37 7 7 46 25 7 21 13 6 35 43 37 29 44 3 43 
1 16 15 9 3 27 40 42 1 33 19 8 16 8 0 26 2 24 3 45 11 42 42 26 29 26 21 24 31 23 23 33 37 44 50 17 35 50 3 46 10 18 15 46 43 39 14 48 49 10 41 14 27 50 43 2 9 40 36 33 33 4 10 19 
28 50 32 14 17 41 41 3 21 8 35 44 27 47 34 0 41 13 23 25 21 32 10 7 38 2 48 8 45 15 20 13 6 9 46 18 43 7 50 32 8 19 39 44 19 15 49 25 12 7 45 21 10 30 39 37 19 43 44 13 19 34 46 38 
1 45 29 36 31 29 41 35 13 42 18 3 44 17 39 24 0 3 23 46 39 21 50 4 27 20 9 50 50 13 38 13 25 23 2 43 25 36 14 45 33 16 10 9 19 12 36 44 3 5 21 10 46 38 8 18 2 42 3 16 22 30 41 22 
26 29 43 30 43 24 14 38 40 29 13 23 11 41 35 15 34 0 16 48 46 42 28 18 38 16 34 42 34 34 48 23 4 26 38 34 41 20 7 2 29 41 33 21 17 25 36 8 11 7 38 32 7 33 46 30 49 11 6 15 9 33 31 5 
42 7 10 48 23 8 45 46 28 14 19 5 10 7 1 13 31 27 0 31 28 46 16 16 21 30 8 35 30 14 42 44 47 11 29 29 10 15 39 35 3 12 43 5 44 15 41 21 42 11 44 35 32 2 4 9 26 42 39 18 15 23 16 32 
36 21 22 45 31 29 41 48 43 42 29 16 4 12 23 7 39 37 44 0 19 21 8 12 46 7 20 3 19 26 21 20 30 46 11 19 23 44 47 41 13 20 46 43 41 23 38 6 15 19 33 29 28 29 47 12 28 10 26 38 11 26 22 22 
22 22 49 21 43 44 50 14 43 47 32 50 26 16 22 24 19 15 39 1 0 44 43 43 1 49 50 41 14 18 10 30 38 48 24 21 19 25 18 13 22 19 20 37 32 48 48 36 13 39 3 19 47 37 22 29 29 30 48 22 44 3 37 46 
33 17 44 2 3 45 3 49 2 2 18 32 25 7 12 3 1 14 29 25 16 0 42 34 1 27 45 43 39 27 47 19 20 33 24 4 15 5 47 34 18 36 4 18 45 20 41 4 23 19 46 21 31 24 12 31 42 34 44 26 8 3 15 23 
6 34 49 50 1 3 47 49 5 30 12 40 12 24 39 31 36 41 20 20 32 26 0 38 46 21 43 13 31 11 21 27 15 22 31 13 12 21 42 4 21 22 47 16 2 13 23 20 18 46 13 40 17 34 45 42 30 46 3 30 9 40 17 38 
35 3 47 19 31 12 27 10 45 38 49 49 35 10 37 34 48 24 45 36 49 31 11 0 32 27 40 33 17 19 13 46 31 6 9 32 50 17 5 39 6 19 3 46 29 35 47 7 21 10 20 32 35 46 31 40 4 42 15 42 42 30 11 42 
33 43 19 43 27 28 38 17 44 36 39 17 46 36 33 48 31 33 12 8 49 31 11 36 0 26 19 29 8 2 13 47 27 9 11 13 36 17 4 31 43 22 3 39 49 7 14 44 19 10 18 12 10 18 3 44 2 33 34 18 8 50 30 16 
31 39 13 9 36 23 47 31 27 2 20 36 46 43 13 29 12 26 10 48 35 2 38 9 6 0 18 11 4 34 37 23 43 43 38 8 10 45 6 9 46 13 37 35 8 49 18 49 10 21 5 6 33 40 33 31 29 2 4 3 19 12 44 48 
40 29 27 44 8 35 3 35 7 17 15 35 49 17 30 11 39 19 2 34 29 31 41 3 10 8 0 29 9 41 3 41 34 20 39 45 29 22 24 41 25 18 21 50 17 26 48 33 13 23 43 15 50 11 11 20 10 39 25 34 1 7 44 44 
4 26 32 16 10 22 1 40 15 28 28 16 8 31 25 28 12 26 17 37 48 39 42 24 9 19 36 0 41 48 41 41 19 24 28 46 41 45 33 23 41 22 4 50 22 33 46 12 29 15 47 22 26 40 8 46 16 35 8 7 41 37 10 43 
25 38 10 42 31 36 35 34 30 3 27 15 45 39 20 41 14 8 8 27 1 19 16 29 17 32 30 6 0 37 26 32 5 12 12 26 35 24 4 32 44 31 14 43 23 14 44 2 28 15 18 44 34 30 34 42 6 22 31 26 49 6 29 47 
4 21 22 3 34 13 36 17 10 27 14 47 38 26 44 15 23 31 3 41 20 33 49 26 29 20 20 13 43 0 29 33 39 2 17 39 2 42 41 18 15 29 1 34 8 16 37 5 30 29 17 3 18 3 38 28 22 23 47 24 14 44 24 25 
32 44 26 45 21 37 42 24 32 13 38 13 19 50 42 10 42 15 40 35 27 26 15 36 15 39 18 30 45 17 0 5 22 6 27 2 14 41 42 34 44 37 43 21 5 16 26 9 22 32 38 32 50 4 40 48 7 29 40 31 32 19 13 29 
15 9 17 7 43 48 28 19 1 32 47 48 34 5 10 21 40 31 47 48 8 35 5 18 17 29 45 35 2 12 2 0 25 25 15 7 47 49 19 16 25 4 19 32 19 8 42 15 3 20 19 42 2 23 15 22 31 5 49 41 15 3 44 18 
39 30 23 24 20 49 14 22 21 15 23 44 39 4 37 11 25 15 43 16 33 20 1 2 10 43 26 43 1 29 2 22 0 11 1 44 39 36 19 45 5 6 47 21 37 1 21 34 27 18 39 16 1 11 28 36 19 29 22 14 27 23 22 22 
43 14 1 33 38 11 48 26 7 20 39 11 36 50 14 1 39 10 50 25 12 13 2 11 34 16 25 11 14 6 18 33 34 0 25 29 24 1 38 46 17 20 14 10 31 23 18 50 20 16 21 25 18 24 48 11 30 13 40 50 23 37 38 12 
2 3 7 27 12 21 41 1 1 15 33 5 48 4 22 39 16 17 5 45 44 31 1 9 37 15 49 12 11 39 24 31 33 3 0 8 29 17 41 39 50 25 21 24 3 41 43 13 27 42 2 35 6 32 43 18 22 2 48 41 47 22 29 41 
13 42 2 23 46 47 44 23 26 28 5 20 23 7 48 18 45 3 23 21 9 5 18 49 40 35 37 27 19 50 42 28 46 30 12 0 12 40 20 17 30 48 29 9 28 28 23 46 15 4 30 47 45 50 9 32 9 24 3 34 11 10 17 4 
26 36 28 24 43 45 37 29 25 36 43 23 30 46 40 22 17 40 22 23 40 4 48 29 38 49 4 39 37 37 7 21 32 25 34 42 0 50 49 3 20 18 1 22 10 7 37 2 13 35 31 17 22 38 44 15 22 39 50 37 45 42 49 42 
39 30 23 41 5 13 48 23 19 38 3 6 39 32 39 22 1 47 41 5 7 20 35 33 38 11 12 4 1 12 8 28 20 10 34 31 35 0 46 48 1 37 9 49 35 36 38 26 41 1 28 37 49 2 45 36 19 45 40 3 45 1 44 23 
7 30 25 37 30 49 9 38 5 50 40 18 49 22 1 47 1 35 22 4 23 26 10 26 25 24 15 36 45 44 3 1 43 36 42 5 12 2 0 47 42 42 41 32 50 13 27 38 47 44 43 3 10 30 41 1 31 21 49 12 6 35 23 44 
12 47 39 25 13 31 47 36 50 38 30 12 32 45 11 14 49 37 18 43 2 41 43 22 3 36 11 35 13 40 42 8 20 48 20 3 24 2 26 0 17 48 8 4 23 50 29 19 37 10 35 14 19 17 31 42 22 4 18 23 27 20 12 23 
10 47 23 43 35 25 8 40 47 12 1 45 45 37 21 22 24 18 25 25 29 26 23 41 40 6 49 49 6 30 49 48 37 35 44 26 28 37 35 12 0 2 45 18 8 17 36 48 35 34 47 49 10 45 38 45 35 25 33 4 29 27 10 35 
18 14 4 9 10 43 46 45 38 34 13 23 34 9 16 25 4 8 14 16 10 31 40 3 49 41 10 2 46 33 6 36 43 11 50 45 14 28 39 42 39 0 3 12 27 32 15 12 26 10 8 50 22 13 45 26 38 24 1 10 20 34 44 50 
5 28 28 31 23 10 21 11 27 20 23 27 7 19 13 22 35 29 34 43 38 33 35 24 49 36 13 21 13 18 19 9 45 4 7 49 5 35 40 17 39 48 0 24 2 41 18 19 19 11 30 26 41 50 2 12 23 44 5 32 37 47 1 48 
9 2 14 33 4 13 15 17 50 40 18 5 41 10 33 33 31 18 44 10 34 43 28 9 44 42 35 5 1 3 3 20 38 50 15 1 27 36 15 6 47 13 26 0 2 33 48 22 13 12 22 1 20 4 42 15 17 24 6 40 13 29 11 16 
48 37 48 17 42 45 33 7 46 4 38 14 22 17 27 26 46 20 22 44 30 2 34 17 47 36 49 27 22 47 3 28 36 47 29 15 36 31 31 19 29 16 6 17 0 16 28 43 50 48 30 44 43 8 18 37 46 4 31 21 7 47 6 36 
50 2 11 28 25 39 12 41 15 39 3 15 15 47 18 1 19 43 49 30 42 3 10 21 19 11 34 12 5 11 25 23 23 30 6 15 6 1 19 12 37 40 29 4 5 0 3 23 49 37 31 2 14 48 27 44 48 42 41 10 15 6 1 36 
4 15 31 43 35 42 3 46 19 25 38 44 2 24 6 16 16 39 35 25 25 10 11 25 46 37 9 24 16 41 4 7 36 4 25 40 24 11 38 8 35 36 33 40 11 34 0 42 24 37 25 44 27 21 26 12 45 4 7 47 49 33 30 30 
28 21 32 8 48 49 16 43 6 1 28 41 40 27 22 15 13 45 35 37 42 48 28 36 11 43 31 37 18 15 40 25 5 6 6 20 30 27 45 25 22 33 39 27 43 35 22 0 19 33 43 35 4 48 43 39 31 43 46 48 6 19 29 26 
41 11 4 36 34 22 2 35 36 1 11 16 10 10 2 44 26 22 12 5 25 31 36 27 13 18 26 28 34 30 39 6 43 8 48 16 40 50 38 47 31 8 49 4 38 28 29 21 0 41 2 22 34 7 25 1 11 25 27 24 17 47 25 2 
7 12 5 23 3 12 36 5 27 34 16 24 18 32 33 39 35 39 5 37 32 8 6 50 18 7 38 42 13 26 22 1 7 7 43 43 34 6 27 10 6 48 46 1 42 1 33 29 43 0 38 40 28 43 38 20 50 6 6 5 46 25 45 43 
1 13 15 18 11 40 40 6 30 13 45 31 35 12 6 8 17 24 9 50 25 37 44 9 19 38 44 37 29 1 32 35 12 6 46 38 28 34 22 39 3 33 10 16 48 8 35 38 1 48 0 39 22 16 45 18 15 19 6 49 24 47 4 28 
30 32 10 20 29 17 18 31 34 2 20 48 42 27 29 12 12 3 6 36 31 13 10 20 17 38 32 20 22 36 49 43 49 5 31 35 38 38 7 22 34 18 5 20 46 48 26 39 40 45 38 0 22 42 18 47 18 22 41 3 41 36 49 9 
48 4 28 49 38 46 45 25 24 47 35 3 14 8 41 24 20 12 44 30 28 49 27 2 31 9 14 13 47 36 16 37 35 9 8 16 19 49 39 43 46 20 14 26 7 16 33 10 32 18 33 29 0 43 19 32 50 27 27 19 30 33 32 28 
39 31 48 18 6 1 25 5 22 24 1 35 8 35 2 45 16 26 4 32 30 3 37 45 16 27 8 40 42 31 10 11 14 43 25 45 9 48 28 10 7 13 12 6 42 35 24 16 25 33 3 5 29 0 50 49 36 45 4 2 29 43 36 13 
42 14 41 21 16 10 8 36 18 48 44 25 18 42 31 3 32 4 43 15 10 28 6 33 14 45 39 50 6 46 49 17 22 50 20 42 2 15 9 6 18 48 35 7 35 26 31 45 14 2 21 26 1 21 0 4 14 9 8 7 22 21 8 31 
23 49 28 4 18 22 39 2 17 46 37 47 13 43 50 48 39 14 45 37 4 26 24 16 1 47 6 34 44 9 37 35 10 17 13 8 8 23 14 23 25 1 5 30 15 24 41 21 10 11 18 9 27 22 27 0 47 26 12 3 22 16 6 8 
9 9 3 38 46 31 42 41 17 1 23 12 4 21 45 2 28 6 36 25 34 41 29 9 39 41 16 33 47 21 42 7 20 43 46 21 12 37 45 41 18 21 2 9 5 11 23 26 31 10 25 17 31 31 25 19 0 31 44 49 6 15 9 44 
47 9 16 42 11 25 24 41 41 11 45 7 13 39 21 5 29 18 40 2 38 46 26 26 40 19 28 41 18 39 40 27 9 27 6 50 39 19 13 2 8 20 35 6 37 25 12 30 10 40 20 38 25 8 7 2 34 0 40 3 43 48 33 23 
2 21 19 48 37 34 21 16 10 6 39 45 19 11 20 40 15 8 49 31 29 19 2 2 2 20 5 17 49 17 21 4 25 47 33 35 19 27 25 46 39 24 11 33 36 13 39 41 14 1 38 35 49 2 44 34 19 17 0 46 17 30 5 18 
44 35 36 20 22 28 36 22 39 33 3 42 5 9 20 17 40 32 14 4 49 29 36 6 23 3 50 16 2 31 9 17 35 7 17 48 1 43 18 13 29 29 50 3 47 11 39 25 50 50 7 36 16 1 19 15 50 30 48 0 19 29 20 20 
8 24 36 8 49 42 22 16 47 15 1 26 20 30 33 9 13 14 25 17 2 25 23 1 34 38 3 49 21 46 49 35 10 10 42 29 11 3 41 33 29 35 11 22 16 26 50 35 17 22 35 5 5 4 18 34 2 36 24 12 0 40 24 46 
1 16 17 16 11 38 4 49 10 24 42 39 18 14 2 36 8 38 18 32 50 12 44 31 7 42 9 28 26 29 29 43 6 39 10 6 49 11 39 47 13 23 25 32 13 16 1 20 50 50 17 24 23 42 46 40 22 37 10 20 30 0 27 24 
32 45 49 33 29 5 46 37 48 50 21 20 28 37 13 18 42 42 40 28 26 13 6 21 14 44 21 35 13 1 20 18 37 49 44 37 14 33 22 16 5 14 19 25 3 22 19 4 9 19 19 28 41 49 49 19 40 29 20 36 34 11 0 24 
48 30 3 33 29 43 27 5 9 21 24 24 12 45 31 18 42 25 18 26 45 32 42 28 38 1 26 48 36 14 36 32 44 40 22 46 50 40 41 11 33 15 10 8 17 25 37 25 9 11 28 11 17 36 30 17 38 26 46 28 18 30 20 0 
46 0 35 43 31 23 23 36 18 3 35 8 44 31 22 35 11 13 15 1 39 25 36 26 15 9 11 5 8 24 44 13 43 4 45 15 24 25 45 15 2 23 43 25 26 10 42 50 45 4 16 33 14 18 41 45 10 10 28 22 13 19 29 45 
10 23 0 15 41 36 8 12 37 19 1 50 17 32 12 50 6 17 12 11 5 9 12 50 26 13 50 5 14 47 23 2 34 45 49 16 4 45 2 14 38 42 29 14 13 18 25 14 49 11 23 6 2 9 24 36 48 23 40 28 36 3 48 41 
46 49 17 0 22 33 47 46 11 15 48 23 13 30 48 37 8 39 37 7 4 24 18 1 26 22 14 18 32 5 24 29 35 45 39 19 15 2 3 32 2 15 13 41 4 36 11 6 50 36 33 40 50 47 44 17 29 48 41 1 20 29 15 6 
42 20 38 19 0 42 30 23 6 36 6 5 40 12 27 48 40 11 8 19 46 23 34 30 39 2 22 41 17 12 2 12 23 1 7 50 35 49 43 15 21 14 27 5 44 43 5 6 2 1 2 41 12 11 20 33 8 41 50 17 20 40 6 45 
34 44 33 40 5 0 27 13 42 19 44 49 32 46 30 36 46 48 17 39 17 10 12 1 13 32 24 43 44 49 26 46 31 9 33 21 1 10 16 1 25 38 10 22 19 12 38 38 28 6 4 20 4 1 40 35 23 43 20 8 31 35 19 43 
43 49 18 23 14 10 0 35 37 33 16 14 29 1 40 32 1 44 37 15 39 45 7 42 30 20 49 48 8 41 8 21 41 19 17 30 21 45 15 25 19 21 18 38 38 38 11 35 33 11 20 15 45 21 31 48 37 7 38 4 16 12 27 46 
25 46 24 10 34 11 12 0 7 29 13 46 18 28 19 5 43 9 14 15 48 21 44 26 20 39 19 43 15 7 12 10 7 45 22 13 43 14 2 1 23 50 14 36 33 25 13 21 18 3 46 45 2 47 30 26 32 20 4 21 15 18 48 50 
18 3 39 24 6 7 12 29 0 8 14 43 48 8 8 44 45 27 49 26 12 12 17 9 11 15 47 31 23 11 31 36 6 2 14 18 30 36 40 15 12 41 17 38 38 5 32 19 24 27 10 45 17 43 36 39 1 45 29 9 10 26 40 19 
27 28 38 47 44 40 14 9 38 0 34 14 22 45 30 21 6 34 29 8 47 1 37 20 13 17 26 18 35 8 31 6 36 2 49 12 11 18 36 25 34 13 1 8 33 29 15 44 22 25 23 26 32 19 43 18 41 8 25 30 18 23 30 2 
7 29 28 21 47 18 10 39 48 4 0 24 35 1 29 37 34 3 32 46 11 36 6 24 18 9 31 21 3 43 6 7 11 34 49 1 5 2 44 48 4 16 34 28 28 45 9 17 12 22 41 28 36 28 20 17 1 5 10 12 16 47 7 46 
43 47 13 2 2 28 33 33 9 35 42 0 46 2 29 47 24 50 14 10 32 3 28 22 34 14 33 1 50 42 33 32 7 9 38 35 32 32 8 16 34 39 8 20 2 36 25 16 23 9 37 12 3 38 25 44 15 26 30 38 19 28 34 42 
27 4 35 37 14 44 16 42 43 49 27 44 0 45 9 20 48 40 18 29 41 5 21 30 20 34 44 21 6 3 21 47 6 5 17 44 48 1 38 2 29 44 46 20 4 12 32 50 7 6 32 48 2 50 43 38 7 24 16 3 20 23 10 39 
22 3 21 39 29 16 22 48 3 17 50 47 10 0 1 26 9 3 45 15 50 22 24 46 7 12 29 38 25 36 35 32 6 35 7 48 2 42 43 22 42 34 34 46 36 50 46 28 6 49 8 1 26 9 10 18 49 8 14 27 50 29 48 13 
18 35 44 13 3 4 25 18 10 23 24 17 38 29 0 10 7 16 1 32 27 28 35 7 48 25 40 49 45 28 16 23 13 36 22 28 2 7 34 26 2 24 41 41 4 36 44 30 21 48 8 11 49 47 22 35 33 28 47 39 14 5 30 40 
44 1 11 31 17 1 9 1 33 26 31 3 38 45 4 0 12 32 11 29 48 21 6 24 17 15 38 45 24 10 46 12 47 45 1 47 3 25 13 14 20 39 7 28 23 16 20 47 39 25 36 7 4 27 33 20 39 27 44 16 29 6 36 42 
38 15 34 9 38 48 1 37 19 47 9 9 14 28 2 2 0 46 42 7 50 25 39 9 21 12 32 8 27 32 48 35 15 4 16 41 8 33 11 10 41 24 49 39 7 19 24 6 12 25 43 21 38 49 37 17 50 7 14 47 7 41 25 6 
22 12 44 6 49 38 44 19 35 32 16 26 27 50 2 2 39 0 26 47 2 40 27 48 16 17 49 41 2 20 15 3 1 50 43 17 45 25 18 8 25 31 24 37 6 33 11 41 50 5 12 9 31 44 23 17 46 15 29 39 50 47 42 50 
20 30 16 26 34 34 7 28 21 18 22 22 16 41 42 33 6 9 0 42 47 8 7 23 7 28 26 22 31 47 29 9 29 40 24 17 27 18 35 7 17 49 34 38 13 23 2 1 5 23 46 34 42 5 46 43 14 7 10 49 8 12 27 32 
42 10 44 32 43 24 16 15 21 2 26 49 24 19 10 35 27 25 18 0 8 1 46 18 24 44 32 4 20 9 37 49 6 23 3 47 4 29 20 9 32 8 31 13 40 30 47 19 45 48 25 23 34 45 19 32 46 43 20 38 11 21 46 7 
35 3 21 27 22 23 6 6 8 16 37 50 20 34 28 45 48 13 9 22 0 34 14 16 11 4 22 1 12 10 32 49 11 13 25 28 37 10 21 48 23 43 20 16 18 9 20 13 13 15 25 41 48 12 24 23 21 38 10 23 1 22 45 47 
26 18 26 38 45 6 42 36 27 16 37 30 15 49 49 3 35 10 39 48 35 0 41 1 50 39 2 7 50 50 48 47 2 48 24 40 50 33 32 18 7 23 40 15 32 25 45 9 22 39 7 39 42 33 48 12 36 18 26 50 44 49 42 36 
29 19 36 32 42 10 50 20 3 42 33 25 45 27 19 25 45 44 36 11 44 10 0 6 19 1 12 5 33 8 33 25 8 32 4 36 14 40 13 18 13 40 37 37 50 50 23 17 9 49 1 6 1 14 31 43 20 13 17 31 30 6 17 13 
20 18 26 43 42 42 6 36 32 27 23 22 8 24 7 20 29 45 46 35 7 28 24 0 44 1 12 16 1 23 32 38 8 24 24 17 32 24 30 26 18 43 16 24 25 42 10 35 47 7 48 3 36 11 33 7 43 44 33 43 30 26 6 14 
1 39 15 49 34 7 26 46 49 20 28 42 42 4 50 2 42 27 20 44 25 29 2 48 0 41 18 24 38 42 38 47 43 38 2 24 36 28 12 2 40 31 2 5 17 33 42 15 39 44 31 2 3 6 12 39 22 37 18 8 16 33 38 5 
11 23 35 4 40 31 15 25 30 26 31 14 24 24 36 15 50 3 36 44 11 36 44 38 26 0 14 2 49 11 4 36 7 44 48 44 44 49 38 26 9 30 7 22 27 25 49 16 48 1 3 9 14 48 44 44 26 30 48 28 27 29 17 15 
27 41 25 20 26 31 43 17 12 28 27 15 4 15 17 13 28 48 5 48 8 45 23 9 50 4 0 19 14 1 10 49 30 13 43 46 37 1 29 40 18 9 36 47 36 22 30 41 11 13 36 1 29 25 20 7 32 18 16 21 22 12 30 16 
3 30 48 2 12 20 31 12 49 9 37 40 22 49 38 38 20 14 9 2 16 10 20 6 44 36 14 0 20 36 9 18 7 29 21 45 7 24 28 29 42 33 24 2 21 39 31 35 34 31 29 1 9 4 28 50 43 10 43 9 27 6 11 27 
41 41 31 11 2 4 32 14 43 36 17 20 43 9 50 18 13 1 30 39 8 8 10 4 2 21 3 47 0 32 19 2 36 22 48 11 31 8 20 33 31 50 15 8 23 37 8 8 35 10 25 46 26 27 23 19 34 31 27 9 32 2 35 32 
24 34 31 49 45 48 20 10 43 18 50 40 43 50 37 17 44 13 18 37 8 23 26 10 50 29 28 50 31 0 12 2 30 15 34 34 40 7 10 14 37 41 16 4 9 27 33 27 34 45 11 15 20 34 48 25 2 8 22 50 16 21 20 29 
32 17 20 25 10 16 48 11 35 49 32 47 42 20 18 33 17 3 45 6 21 47 32 47 18 9 33 32 35 11 0 48 17 21 38 22 42 8 8 18 18 47 1 31 21 2 2 34 32 41 39 33 14 27 15 9 36 35 24 8 1 34 17 26 
25 2 16 26 5 49 26 26 9 36 27 9 21 17 12 45 17 26 1 42 47 28 35 40 7 30 37 8 34 1 17 0 34 31 25 6 20 37 26 30 34 15 13 24 29 50 6 38 19 23 30 42 26 33 25 29 47 17 26 20 25 12 19 43 
9 20 44 29 46 11 43 8 41 47 17 27 34 5 7 41 1 42 18 35 4 10 41 2 6 46 10 3 12 6 5 23 0 47 21 16 9 7 27 43 9 31 22 1 30 16 49 46 43 11 35 19 34 45 34 39 50 29 42 24 50 2 40 47 
35 43 45 31 13 39 48 35 24 49 9 5 33 9 12 36 8 1 17 42 27 37 21 28 13 33 16 31 15 4 44 8 41 0 26 17 37 21 18 33 4 14 1 46 35 36 30 7 42 18 7 17 50 35 49 21 48 22 18 18 31 24 17 20 
20 6 2 14 8 42 25 15 40 18 13 29 26 42 36 43 34 27 25 14 8 38 45 23 43 5 19 16 4 1 3 31 47 31 0 26 30 34 16 50 50 43 42 27 32 23 20 45 6 37 25 34 5 49 4 12 33 12 30 21 3 23 10 11 
40 16 32 32 45 17 7 9 19 28 25 21 17 12 13 50 23 11 14 30 29 17 48 32 44 19 44 18 5 45 48 27 34 31 38 0 16 41 39 50 40 30 16 16 28 24 33 46 22 49 30 48 42 10 31 33 23 18 1 39 27 24 39 5 
24 31 49 38 36 24 48 10 35 11 24 50 14 2 21 8 11 23 22 20 25 47 6 17 3 49 16 48 41 50 24 17 42 12 42 48 0 26 46 11 48 2 21 14 32 37 31 19 21 47 43 29 4 2 19 30 27 25 32 35 37 9 50 19 
35 37 8 8 2 10 24 33 15 13 25 19 5 34 25 31 23 30 45 1 49 22 21 16 23 33 16 23 44 12 25 40 2 3 29 45 30 0 23 18 12 24 10 14 41 28 1 25 44 1 2 13 7 15 49 20 13 17 42 36 20 45 2 39 
4 39 35 17 3 5 30 1 50 13 34 28 40 9 30 38 22 8 22 22 43 49 18 25 3 33 16 28 38 38 49 17 22 21 10 3 43 34 0 23 39 21 1 14 45 32 22 31 5 37 5 14 13 23 31 47 5 21 11 15 21 39 3 14 
12 15 17 7 19 49 28 46 39 35 34 1 42 36 24 44 32 2 12 42 34 24 37 44 42 24 6 32 33 20 3 50 19 38 2 30 15 15 12 0 6 10 9 26 28 40 30 6 20 47 17 33 19 28 11 30 38 29 24 15 45 44 46 14 
19 33 35 33 5 34 44 29 17 40 6 33 25 49 9 5 12 19 37 36 16 38 35 22 8 8 15 2 42 1 18 13 14 46 7 46 5 48 1 36 0 4 39 16 29 22 29 6 39 20 19 3 26 8 11 48 32 49 13 25 47 20 42 38 
17 23 44 19 30 43 14 50 15 18 1 32 28 22 7 1 30 3 26 33 23 48 42 6 4 48 26 47 43 24 4 16 12 1 49 6 29 10 26 47 6 0 20 39 8 7 29 21 10 42 13 45 45 45 10 15 20 32 38 16 33 18 17 8 
42 14 36 21 27 23 1 22 20 27 29 27 4 10 34 50 25 28 16 6 31 29 10 21 2 37 30 25 42 45 44 30 39 12 47 45 21 9 44 37 42 41 0 26 18 17 33 11 10 48 38 42 5 2 12 28 14 5 15 19 41 44 26 31 
26 34 49 39 43 13 40 29 17 34 29 14 40 3 42 5 20 26 20 27 4 3 39 29 28 35 34 40 7 40 4 44 16 11 50 35 18 45 19 48 9 10 26 0 22 23 49 38 11 13 10 50 15 24 50 28 23 46 21 12 9 29 50 23 
27 30 36 48 30 4 8 38 25 8 23 19 45 28 17 6 29 47 24 27 47 40 40 20 17 34 28 39 47 34 11 19 9 37 49 42 38 1 9 8 5 23 26 7 0 2 31 33 45 29 16 33 12 6 24 27 37 41 16 32 47 26 19 41 
41 48 4 11 8 30 26 19 29 38 17 22 24 15 33 19 37 1 33 11 32 2 49 13 36 10 12 2 22 20 13 32 36 33 35 10 48 20 26 16 3 47 4 24 40 0 2 4 23 8 47 45 47 44 9 9 40 49 42 26 49 19 25 47 
10 26 35 36 41 31 24 22 17 25 17 8 35 48 25 24 34 7 39 44 25 25 16 38 28 24 46 12 7 45 27 48 29 50 45 49 5 16 13 43 35 26 29 22 27 1 0 24 42 24 18 42 42 30 31 23 36 10 48 9 18 35 12 16 
23 49 20 29 36 4 27 19 19 44 47 9 50 46 45 11 28 50 4 38 39 3 36 18 49 28 10 39 8 7 45 8 23 10 7 24 7 22 39 39 48 50 23 49 33 23 23 0 40 16 37 32 19 32 25 28 20 14 3 31 8 45 39 12 
12 49 40 36 40 40 22 4 6 11 16 41 39 31 37 36 26 5 20 23 21 26 27 27 49 33 38 11 5 42 32 45 9 39 11 50 44 38 34 1 44 33 27 8 17 35 39 39 0 27 18 6 3 25 16 41 37 23 13 38 7 2 12 50 
14 30 21 32 1 20 38 42 39 22 19 29 38 50 20 11 14 45 49 34 38 37 29 20 43 48 25 27 31 50 27 49 33 34 13 29 46 3 38 20 39 26 17 32 6 37 3 37 4 0 3 24 13 4 28 13 28 1 2 40 3 45 11 11 
39 46 21 47 5 38 41 16 12 7 30 46 12 20 48 14 6 46 38 24 29 27 15 46 6 22 35 28 44 14 35 25 28 16 28 36 36 41 48 50 13 38 13 6 25 32 1 9 4 38 0 34 8 7 38 33 13 32 26 41 34 3 14 22 
48 23 5 18 47 42 12 29 16 48 39 11 41 14 9 21 24 21 27 25 6 31 28 18 41 34 16 5 10 50 15 48 50 16 16 34 20 15 5 18 43 10 18 11 19 27 42 50 23 5 17 0 14 27 39 16 17 45 37 28 13 27 7 19 
16 34 42 12 26 49 26 1 10 16 9 32 47 13 18 50 15 42 17 33 5 34 1 21 11 1 49 39 34 37 42 41 36 41 3 28 28 15 17 1 47 5 8 49 18 8 20 5 28 38 13 22 0 11 24 14 33 33 21 1 25 50 37 18 
23 24 19 46 6 11 40 22 50 26 16 37 1 26 3 3 4 31 45 11 47 25 21 31 13 27 21 45 7 14 42 1 10 37 35 25 50 12 14 44 38 16 14 46 45 38 13 7 30 18 48 45 6 0 27 22 49 3 38 34 30 40 46 16 
36 35 15 27 15 42 28 4 43 18 1 24 31 11 25 37 26 14 14 15 40 17 48 46 34 16 36 22 13 28 34 4 43 1 28 12 30 11 49 16 3 15 5 27 5 3 41 38 28 1 9 16 26 31 0 26 19 37 20 44 49 6 6 42 
15 34 47 31 31 34 14 7 15 16 49 13 26 12 21 41 31 25 48 45 12 19 19 28 13 25 9 26 11 18 50 10 47 24 40 43 9 23 10 5 15 45 45 1 28 18 1 8 16 30 13 24 8 12 30 0 46 16 19 18 7 25 39 47 
47 16 40 16 2 22 29 32 8 16 44 30 18 25 19 1 45 24 2 10 31 6 26 2 35 44 45 28 40 6 4 31 27 49 48 36 39 2 49 36 38 48 5 9 15 33 13 22 47 19 23 33 23 29 16 42 0 40 38 32 9 28 1 43 
3 12 13 3 20 28 34 13 44 25 17 22 34 1 18 38 3 32 23 31 22 33 21 8 49 33 7 46 1 21 41 8 37 6 2 48 2 31 44 45 14 6 30 9 7 7 32 41 23 1 29 28 5 21 21 21 42 0 6 5 37 22 38 12 
23 35 9 36 29 50 20 36 22 38 29 18 17 3 13 2 42 1 16 24 1 42 14 3 17 35 32 6 47 27 7 23 26 44 7 25 48 22 4 42 3 15 7 40 27 3 5 18 29 5 13 36 6 15 12 32 21 7 0 20 45 18 14 40 
46 31 6 42 23 47 39 4 21 48 24 22 36 35 25 27 14 30 14 28 42 14 22 18 12 32 26 4 42 2 10 24 39 26 12 9 21 12 32 22 41 1 43 39 33 43 26 47 47 30 7 15 5 37 48 33 10 39 30 0 41 21 35 13 
19 39 50 33 11 24 16 7 2 49 43 37 41 22 34 35 20 7 30 8 12 46 45 20 2 29 29 49 32 32 41 1 7 39 24 50 33 10 16 23 31 24 5 17 13 1 7 12 27 4 11 35 42 28 1 23 45 31 32 32 0 46 17 26 
21 8 42 30 3 48 34 3 10 41 8 27 39 42 29 8 1 23 18 23 28 22 7 10 30 39 2 6 2 29 34 28 15 48 34 10 21 22 5 14 43 2 2 45 34 2 12 31 16 24 31 10 28 45 48 50 2 33 1 14 46 0 29 1 
31 7 31 12 41 8 19 37 30 19 4 30 27 20 12 26 28 27 21 40 29 48 25 50 20 1 35 8 39 21 41 18 15 1 21 38 4 40 22 23 47 38 2 42 24 15 22 30 40 7 23 37 26 39 23 33 33 31 43 41 24 12 0 48 
9 28 36 16 26 49 24 23 39 6 48 43 41 47 33 26 6 29 6 19 33 49 4 43 26 28 39 6 23 48 31 50 36 40 43 14 38 50 46 31 16 34 35 31 29 46 32 36 50 6 38 12 19 43 16 11 24 44 40 48 11 19 1 0 
42 0 26 48 7 2 5 19 38 6 33 25 3 49 14 23 14 30 47 3 7 18 11 19 32 44 25 33 41 45 10 49 20 48 34 44 6 31 40 31 32 31 18 32 30 44 40 17 47 1 30 10 2 9 12 34 31 7 17 14 27 23 29 44 
47 35 0 5 6 16 21 18 34 41 16 21 27 50 29 40 39 4 9 36 40 15 50 47 12 37 1 13 50 15 26 4 10 2 24 35 46 39 35 1 26 34 47 20 37 38 35 34 3 18 28 11 19 37 40 30 47 39 44 19 16 9 18 19 
15 13 12 0 26 27 44 44 50 19 8 10 6 18 31 10 24 2 18 11 33 37 16 36 23 13 45 39 7 46 17 36 18 16 29 5 25 27 10 7 9 24 29 42 11 28 34 12 16 29 20 18 48 49 36 32 50 27 39 13 32 6 38 5 
3 23 43 40 0 40 27 36 48 42 11 3 9 9 25 26 46 30 34 23 29 26 49 38 20 31 47 5 48 38 48 25 3 37 24 39 38 35 44 22 40 43 22 26 38 47 28 24 26 2 44 34 49 33 10 29 4 36 23 10 44 22 39 11 
45 36 50 23 35 0 36 38 11 36 12 34 36 4 24 1 24 4 24 30 46 45 14 27 21 28 46 36 3 12 34 29 18 5 12 31 2 47 5 39 41 15 33 49 38 49 24 25 30 36 50 7 20 43 43 16 32 10 29 46 40 50 36 49 
2 33 17 31 43 44 0 49 27 49 36 40 32 13 16 40 22 4 21 6 17 13 28 10 26 13 47 50 43 19 10 49 41 29 34 47 5 33 43 33 37 37 24 8 35 3 11 4 16 21 8 42 20 45 19 37 25 24 41 19 47 45 7 9 
40 38 49 4 29 20 36 0 39 11 38 19 31 39 20 26 23 2 43 34 22 11 18 29 47 11 47 22 31 43 25 37 43 31 16 19 48 4 8 25 47 36 19 32 32 26 39 48 6 49 18 17 4 11 35 48 23 9 3 43 32 48 5 47 
37 2 27 1 24 1 29 19 0 45 18 37 37 43 36 48 21 23 50 16 32 25 9 33 32 46 19 47 40 2 15 44 49 31 22 46 31 50 39 25 5 21 50 22 36 25 49 5 37 11 32 21 33 32 23 23 28 19 45 5 6 5 40 18 
31 25 38 7 22 41 18 22 35 0 25 12 12 26 37 48 8 48 14 10 29 20 45 11 17 8 49 18 12 6 34 20 1 32 32 42 11 37 42 34 46 44 11 37 8 21 12 48 42 22 37 8 42 45 11 48 37 15 21 49 23 24 6 16 
1 6 11 31 44 46 37 21 6 31 0 15 35 9 8 3 47 47 2 27 41 19 27 28 7 21 34 6 47 17 44 12 23 38 46 36 3 11 32 5 47 36 17 2 12 31 26 40 29 12 25 3 21 48 16 48 25 28 5 10 10 40 40 5 
13 20 42 47 14 23 50 36 15 48 30 0 5 3 25 16 26 45 45 28 35 42 41 41 26 23 48 12 25 6 22 45 7 46 13 40 43 39 30 26 6 13 39 38 23 18 11 45 50 13 29 15 15 13 6 13 22 29 17 25 16 12 26 31 
43 4 24 9 41 36 24 38 16 20 22 23 0 4 4 18 8 12 3 12 13 28 8 30 44 41 50 18 14 23 5 10 45 37 9 45 20 45 2 5 15 39 42 50 46 42 33 10 19 12 9 14 13 1 13 3 36 24 30 19 41 19 10 15 
12 10 27 36 45 9 48 14 10 49 48 24 37 0 9 35 3 8 41 49 3 15 42 47 45 24 6 10 47 16 34 15 46 29 27 39 37 15 47 15 11 14 45 4 15 3 39 17 28 39 27 11 50 20 7 1 20 13 33 13 39 50 1 49 
26 34 2 46 10 21 48 39 12 27 39 40 20 38 0 33 42 35 40 32 8 39 24 15 26 22 26 19 24 32 35 26 12 13 47 28 32 2 44 8 8 42 39 49 24 32 18 31 32 31 41 28 50 18 43 10 3 19 26 24 34 2 24 7 
27 1 28 27 24 11 1 41 41 33 25 17 50 25 42 0 45 5 46 37 44 41 7 27 44 20 37 26 13 26 21 24 6 18 33 22 23 5 41 8 22 30 1 38 18 43 26 10 28 27 32 19 39 15 31 16 21 24 34 7 38 35 39 16 
21 9 20 50 18 3 19 41 14 39 16 15 41 20 10 1 0 44 27 48 36 45 3 35 41 37 17 2 50 21 34 20 38 42 36 17 9 24 27 43 26 9 42 5 1 50 17 25 1 15 33 13 12 37 3 22 19 24 29 14 2 1 20 20 
30 19 29 24 6 3 1 27 18 35 23 28 4 48 35 42 21 0 42 1 35 38 22 9 1 39 14 49 35 46 14 42 25 39 22 25 33 22 44 20 49 15 7 46 28 15 26 19 21 40 37 43 10 1 36 32 9 10 28 36 42 4 16 32 
5 43 48 39 32 23 3 21 28 23 3 21 32 26 32 36 13 46 0 29 46 10 21 32 25 4 40 16 23 44 9 28 45 49 26 41 35 18 37 37 49 37 17 16 38 48 15 1 34 29 43 23 46 26 20 22 35 12 23 36 42 7 31 27 
20 45 8 22 7 36 48 18 26 10 30 10 43 6 45 27 39 40 33 0 44 1 36 33 20 29 4 7 24 45 2 45 42 7 40 47 43 40 43 44 48 32 25 48 37 46 11 30 30 17 47 47 3 24 37 27 34 13 39 44 4 30 24 24 
24 15 39 3 4 9 2 37 46 46 36 13 27 39 46 24 18 24 28 7 0 49 5 42 19 21 14 13 31 2 50 41 19 8 2 24 22 8 8 26 21 15 10 2 8 39 24 1 46 17 16 26 30 2 18 26 20 23 20 33 41 46 22 36 
46 6 17 6 26 15 24 17 10 49 7 43 39 4 35 31 47 13 18 14 37 0 24 12 17 41 26 5 49 38 26 36 25 43 25 6 3 22 19 26 31 43 49 16 32 46 25 37 17 39 40 37 28 28 8 50 22 44 50 16 50 11 26 29 
35 13 32 50 15 48 33 9 29 38 38 22 38 9 30 22 16 39 39 11 49 40 0 9 48 36 25 34 9 22 4 26 20 18 21 31 19 14 26 23 19 7 32 8 40 41 37 12 14 15 29 50 11 23 15 31 46 5 35 14 40 14 25 37 
26 13 18 4 17 28 11 9 40 17 20 5 18 32 20 7 50 13 20 45 44 4 15 0 48 4 41 36 15 29 12 33 6 33 45 33 28 23 33 46 37 4 20 11 45 3 11 13 15 36 29 15 27 44 30 43 22 48 21 1 27 42 47 30 
29 35 15 23 23 49 42 35 17 18 34 41 25 44 21 45 44 28 21 30 1 47 6 12 0 3 2 11 30 3 33 20 45 8 40 32 10 39 38 41 17 44 44 49 10 11 40 19 29 27 26 8 49 22 17 30 32 29 3 21 21 38 13 32 
34 49 39 34 35 12 12 6 6 38 5 37 7 49 47 2 13 34 33 4 27 26 21 24 41 0 11 1 32 37 18 20 29 32 13 16 11 22 6 34 17 16 20 2 12 17 30 23 34 33 2 8 38 5 9 6 9 29 16 44 25 11 31 20 
38 18 26 6 45 33 36 30 8 50 16 39 7 24 10 7 11 38 18 49 35 11 33 24 23 7 0 7 33 7 13 10 7 36 1 14 44 42 25 29 1 47 22 1 39 40 21 49 35 19 10 33 37 44 32 35 28 36 2 33 38 27 4 24 
45 40 10 4 7 10 17 16 37 9 18 2 14 11 44 35 3 9 22 14 47 31 23 13 4 16 36 0 8 40 42 42 25 44 48 6 49 30 18 43 26 3 45 47 29 27 31 21 18 42 18 31 30 5 40 28 15 17 48 50 41 24 9 26 
45 18 44 9 17 5 46 6 36 17 47 12 3 34 45 37 24 45 19 16 22 12 12 20 5 21 41 32 0 33 18 2 2 45 19 2 11 34 22 5 13 47 13 45 13 8 29 25 31 23 11 27 47 6 43 4 34 6 24 4 47 15 14 23 
18 16 45 18 35 33 35 3 2 41 6 19 10 17 50 13 26 46 10 10 22 42 5 47 2 15 19 5 11 0 18 8 49 34 40 27 48 13 11 40 49 39 9 25 6 1 24 45 17 7 11 29 2 6 5 2 27 11 49 16 21 14 31 43 
34 33 7 36 20 40 2 50 16 6 11 22 14 17 50 46 28 21 2 48 50 40 7 44 30 39 1 38 15 46 0 20 35 8 16 41 23 44 39 25 28 6 12 13 46 45 33 38 10 12 4 38 50 13 33 44 44 27 14 7 32 40 14 36 
20 36 27 14 49 27 27 2 40 46 25 43 38 27 12 49 47 2 41 27 11 8 21 23 26 22 48 47 31 33 43 0 39 42 26 44 10 19 20 40 34 36 2 49 4 38 41 6 17 16 15 10 31 49 38 25 13 16 4 39 27 30 30 22 
8 3 37 2 12 34 2 31 27 12 7 42 10 9 17 35 35 17 31 32 16 23 13 40 4 2 31 44 15 32 13 5 0 6 30 42 1 2 40 44 34 14 35 34 19 43 47 16 4 50 20 4 11 49 49 6 36 41 48 48 11 4 9 17 
46 49 2 36 30 18 16 33 46 23 48 18 32 39 45 48 8 37 27 44 45 29 3 6 8 25 6 11 5 42 34 30 6 0 18 38 20 41 11 36 37 35 37 8 38 2 31 25 47 47 1 41 25 27 15 22 18 46 46 29 6 12 5 29 
5 40 18 13 14 2 25 7 47 1 41 10 9 21 16 5 27 1 10 15 5 2 10 4 41 47 21 24 45 33 31 25 31 9 0 4 49 35 19 11 46 22 44 44 24 37 6 14 47 31 42 2 6 3 40 24 3 30 14 22 18 31 1 13 
14 21 16 30 50 18 17 20 9 40 15 44 12 8 36 18 36 34 25 43 3 32 26 23 41 35 1 19 21 47 44 15 21 32 30 0 4 21 27 14 29 14 23 43 16 39 47 13 46 45 47 37 34 6 8 10 33 45 44 40 15 18 49 49 
13 47 50 23 31 28 33 48 9 20 47 30 31 39 10 35 44 23 6 25 25 10 10 9 13 22 48 9 27 38 50 12 16 24 31 20 0 39 25 33 18 13 50 28 14 10 29 29 45 36 10 46 43 13 25 25 3 37 41 11 9 31 24 21 
22 21 35 14 8 8 40 46 19 41 38 12 26 33 46 49 34 43 3 24 17 42 8 50 42 50 28 34 48 15 24 38 39 29 6 44 25 0 16 22 37 46 15 27 2 25 13 49 21 41 42 27 17 28 1 4 31 14 36 22 8 31 7 48 
5 17 50 24 47 27 3 25 19 21 16 28 3 15 6 25 30 1 8 44 7 38 8 10 39 25 26 30 40 44 15 7 40 17 23 36 26 40 0 2 44 38 18 8 46 12 23 1 16 9 12 43 7 23 13 42 17 10 40 35 23 1 23 35 
25 7 10 39 37 43 20 50 41 50 14 6 39 31 12 49 16 25 11 22 28 1 8 35 27 25 6 27 36 5 30 44 16 33 33 40 3 35 15 0 23 39 13 3 8 9 8 4 37 48 42 19 48 40 1 8 25 49 26 12 12 38 44 14 
36 20 21 41 6 48 23 46 31 10 38 34 16 49 50 26 20 22 19 29 44 36 32 4 15 26 9 41 28 24 3 36 45 49 17 38 38 17 48 40 0 26 47 38 39 3 18 42 26 50 50 43 40 19 16 20 1 39 18 27 30 39 32 19 
8 7 3 39 17 32 12 39 3 25 30 3 48 48 44 2 47 34 34 42 29 32 14 17 30 30 17 50 21 41 18 2 45 28 31 32 50 29 26 44 38 0 12 40 15 40 13 23 3 45 17 30 46 5 41 41 27 44 36 10 38 16 13 18 
13 7 29 9 20 18 13 2 19 9 40 5 17 42 49 27 17 7 15 6 5 11 22 47 5 38 4 38 14 19 38 29 26 44 27 8 12 5 3 36 33 15 0 12 38 15 36 24 36 45 10 44 31 2 8 14 3 36 32 5 33 14 25 38 
50 21 12 29 24 15 41 16 13 5 29 23 40 50 35 32 19 15 19 44 5 26 8 27 19 31 25 23 30 1 21 22 9 27 12 17 4 7 50 21 5 44 32 0 27 23 35 24 3 2 1 36 18 46 32 34 25 14 35 11 43 41 19 36 
12 35 8 14 13 38 18 29 12 15 49 39 12 45 32 5 34 8 22 22 30 15 3 26 28 44 38 4 19 47 8 30 36 8 20 42 15 21 11 15 35 23 25 3 0 48 43 23 31 32 31 28 36 19 48 7 48 32 33 37 20 1 14 10 
16 8 19 3 4 25 40 40 13 47 7 37 7 41 1 29 36 22 7 22 38 20 23 12 39 2 23 11 33 35 42 15 21 13 9 46 29 40 19 6 43 41 15 39 12 0 11 1 7 32 4 2 48 44 42 23 47 36 8 15 3 3 29 7 
29 6 43 17 45 32 5 50 47 3 2 30 47 5 34 50 29 1 16 30 29 34 44 21 30 41 13 10 22 26 17 3 14 35 36 33 19 44 7 25 27 5 5 45 43 12 0 26 42 2 8 36 2 38 50 29 46 13 23 38 4 20 45 28 
22 37 49 17 13 20 2 32 36 45 41 3 25 29 49 28 18 16 21 9 15 40 16 16 14 6 40 21 46 7 3 6 32 28 34 9 44 46 13 23 1 26 1 7 47 47 4 0 18 14 46 20 39 49 37 13 32 22 34 3 7 30 32 36 
29 43 35 22 47 45 41 35 22 3 49 8 39 40 9 20 17 3 23 7 1 38 15 8 45 15 3 37 11 44 6 43 20 41 22 15 12 26 7 24 23 12 49 36 50 29 24 42 0 13 15 36 5 8 25 36 42 28 28 27 33 42 5 24 
29 48 7 39 49 19 45 8 42 46 49 35 40 40 30 8 16 41 12 24 47 9 2 35 46 5 31 37 34 50 25 33 19 38 20 39 43 41 25 24 19 7 45 10 10 40 47 3 49 0 20 11 42 30 31 28 21 46 22 44 45 38 9 24 
43 21 17 16 2 20 42 15 26 16 39 6 40 14 42 26 6 9 29 38 14 39 34 3 39 10 50 43 22 47 31 36 11 33 3 39 43 25 45 34 8 6 36 26 42 25 38 7 5 47 0 39 37 10 21 10 4 38 15 28 42 20 49 44 
29 36 3 46 8 12 3 33 32 14 46 30 9 4 8 12 14 23 44 38 25 9 45 27 40 23 49 2 29 47 4 14 9 12 7 41 39 30 31 45 2 14 8 23 14 42 2 1 30 3 15 0 20 26 11 19 21 41 27 7 35 14 2 5 
35 11 32 21 48 48 17 23 34 42 49 37 12 1 22 13 49 22 49 22 26 33 34 39 48 43 36 1 12 24 47 32 1 10 23 13 33 21 4 4 14 31 31 29 27 25 8 20 19 14 9 13 0 16 30 29 3 27 44 23 5 12 17 11 
11 45 18 36 2 29 10 31 28 18 46 9 46 2 6 12 24 35 17 32 49 16 34 17 21 32 21 36 39 48 49 42 47 20 21 34 10 39 7 42 9 34 31 46 20 22 33 1 22 33 50 21 46 0 35 13 45 12 2 15 21 8 24 42 
31 19 4 12 27 31 22 2 35 29 25 23 15 35 39 47 50 49 20 15 7 48 29 46 12 7 26 22 9 24 36 34 36 42 1 27 17 10 7 20 50 31 16 42 21 12 49 10 24 5 16 23 38 10 0 36 33 41 8 50 21 6 1 44 
11 43 41 38 24 35 13 31 41 42 50 15 27 33 37 26 1 9 16 49 4 9 14 47 26 7 18 36 9 10 37 15 50 37 5 49 31 25 26 25 11 24 25 31 38 45 10 1 4 33 50 12 40 2 40 0 3 30 45 12 17 18 27 23 
32 6 36 16 40 28 38 45 26 34 41 39 31 34 34 9 31 48 18 32 26 10 25 26 49 48 3 20 36 13 9 8 34 2 44 25 3 30 20 23 17 39 25 29 49 14 10 19 46 37 32 20 50 45 47 22 0 32 10 17 42 26 19 9 
14 25 34 5 29 40 9 6 2 28 46 16 38 36 46 28 36 39 35 24 50 32 39 8 39 5 23 44 43 13 28 47 48 30 11 4 15 9 31 29 38 32 30 43 5 30 10 37 36 33 32 4 42 45 10 33 37 0 26 16 24 18 16 13 
39 50 49 18 9 26 42 13 27 8 6 37 19 2 47 4 10 46 37 9 11 31 25 6 4 20 28 18 40 44 7 11 22 19 42 43 6 12 2 11 44 21 6 47 36 8 42 32 41 22 6 29 32 8 3 8 26 44 0 15 39 48 25 23 
33 1 45 15 50 10 4 49 48 45 26 15 40 26 28 20 46 28 47 28 18 39 29 30 15 17 34 18 13 48 13 14 20 49 23 47 42 44 42 22 38 24 8 35 6 43 13 33 48 24 19 11 2 48 5 45 23 16 1 0 33 27 36 37 
1 32 12 45 42 3 32 29 3 37 25 40 45 31 44 24 22 4 2 20 39 29 2 13 23 44 29 25 26 44 10 46 2 38 8 3 45 49 22 30 17 46 17 25 27 8 11 15 29 42 29 30 25 16 48 22 31 50 23 48 0 25 7 3 
10 27 30 39 7 23 42 30 24 33 23 4 43 13 27 36 16 34 15 47 35 15 31 22 36 40 36 22 45 26 24 6 10 43 8 48 48 19 4 42 38 12 5 47 3 13 6 10 5 14 8 15 10 11 18 45 47 9 3 18 38 0 20 36 
49 9 18 44 50 5 29 39 47 30 24 9 23 10 34 19 24 35 27 18 31 19 10 46 50 25 14 2 40 16 37 4 19 27 7 39 36 19 6 5 27 26 11 35 37 3 46 35 14 40 30 33 11 2 5 30 49 22 45 26 42 28 0 50 
31 44 20 41 46 4 46 34 5 30 22 42 6 8 26 9 48 30 29 38 1 37 5 44 17 23 27 40 14 25 30 14 49 27 31 42 18 12 50 32 18 6 25 4 40 11 50 23 24 14 48 46 13 40 50 44 40 27 25 24 27 7 21 0 
31 0 50 8 43 29 27 35 42 36 31 48 20 45 12 2 4 6 23 5 16 1 28 35 2 9 27 37 3 42 37 26 5 12 35 45 4 32 18 21 47 40 22 12 16 15 21 5 32 38 23 19 2 23 41 21 4 16 7 34 2 40 33 1 
49 5 0 43 8 10 18 48 23 38 2 9 27 29 16 19 37 39 23 5 15 19 18 25 33 22 15 42 39 25 35 19 7 8 22 13 11 22 13 45 15 41 1 32 50 14 14 42 38 47 21 45 30 36 18 32 31 31 10 37 45 26 9 48 
4 33 3 0 20 8 3 9 15 27 28 41 24 19 37 25 20 8 24 4 43 5 40 40 21 40 40 32 30 13 26 50 40 32 3 28 17 12 45 34 36 38 6 19 2 46 45 14 45 7 41 29 22 22 17 44 14 44 32 31 19 21 29 3 
2 29 2 42 0 16 9 8 8 14 40 19 5 49 22 38 26 46 26 38 24 22 47 29 18 16 10 15 24 31 14 16 15 10 4 18 24 45 3 48 36 49 34 16 32 3 12 45 43 6 6 36 43 33 6 31 5 50 34 26 7 45 34 27 
50 25 5 46 46 0 5 15 32 43 29 3 25 39 32 48 15 5 16 23 19 26 29 24 32 4 23 13 24 11 27 42 41 15 7 16 8 49 16 49 38 41 24 43 15 31 31 43 23 3 20 22 42 23 16 2 21 1 24 43 24 42 41 22 
16 38 13 10 32 17 0 40 17 40 17 35 28 2 37 10 2 23 30 41 22 42 6 50 18 50 6 45 7 25 24 25 46 1 3 28 28 19 22 12 6 13 3 33 25 39 39 50 35 41 23 20 45 2 20 30 11 38 45 11 26 23 34 42 
16 43 39 28 49 9 33 0 33 2 18 35 9 39 24 25 30 11 7 10 16 3 4 31 45 31 23 18 40 24 12 37 34 30 12 17 33 50 11 1 27 9 40 19 27 17 12 42 37 13 15 50 20 13 18 39 13 12 44 47 27 42 43 9 
40 32 2 29 28 7 42 31 0 1 6 34 8 14 36 4 29 20 32 31 27 10 13 18 21 13 23 5 21 6 14 25 35 16 31 29 46 16 33 14 31 21 35 50 14 30 10 26 27 9 15 28 45 12 17 50 28 14 31 16 6 3 22 25 
37 31 49 43 34 8 8 14 37 0 19 50 7 25 13 4 42 3 48 28 13 42 37 31 23 50 31 1 32 35 17 9 28 50 11 14 33 31 18 42 20 1 2 42 27 12 10 26 16 11 39 14 8 26 9 33 50 1 27 43 3 7 27 29 
20 11 23 7 14 50 21 11 36 6 0 8 12 40 45 5 11 40 6 36 22 47 4 1 3 42 28 14 32 5 25 40 13 25 23 22 16 40 4 12 16 40 28 28 2 18 47 44 6 47 16 4 48 22 5 33 16 10 20 16 37 37 39 7 
11 17 45 38 18 23 39 22 36 45 20 0 32 19 26 49 36 45 35 9 36 39 22 43 42 20 41 7 7 21 39 26 30 2 21 18 36 23 10 27 33 9 45 18 4 2 24 15 40 12 34 21 2 28 4 19 40 25 4 18 27 17 33 1 
48 19 41 31 48 9 14 14 35 9 27 27 0 45 4 39 41 47 27 17 45 37 18 24 2 48 3 29 11 20 43 50 16 27 44 21 35 12 44 17 32 49 21 37 44 2 28 24 36 36 14 22 1 50 38 15 31 46 39 33 45 30 3 45 
43 9 11 50 1 34 5 30 4 10 36 47 16 0 32 30 50 21 29 44 26 7 22 49 16 39 30 40 39 23 11 22 2 46 27 44 35 42 28 24 3 31 35 18 42 15 41 49 50 16 40 12 16 37 27 38 22 11 45 11 21 44 17 7 
43 38 35 1 40 38 46 8 44 6 41 45 23 4 0 8 2 49 32 41 24 33 49 7 15 20 39 22 25 48 17 3 9 15 28 26 4 30 41 9 12 21 32 19 11 46 33 16 19 4 43 13 40 4 44 24 44 32 21 32 1 17 22 11 
28 3 33 31 45 28 4 22 9 23 29 4 2 31 46 0 19 37 23 4 21 5 4 14 5 22 4 33 23 10 9 9 46 49 21 42 8 14 2 21 41 50 21 5 17 25 41 23 14 36 2 45 28 13 1 6 24 40 28 9 42 46 32 13 
50 15 34 5 31 39 39 5 36 2 13 22 35 49 47 31 0 32 31 20 37 9 14 31 33 49 16 18 19 36 43 30 46 19 9 5 3 42 36 42 25 48 47 10 26 1 30 22 25 43 48 28 11 27 45 5 37 34 1 6 16 21 21 20 
43 23 18 3 27 45 45 39 46 40 45 40 12 4 5 33 20 0 44 44 26 39 16 19 19 24 5 19 19 41 31 27 4 28 28 18 4 34 27 46 31 49 9 33 22 32 6 43 33 29 19 36 22 28 46 31 27 4 49 30 23 27 26 49 
16 13 41 13 34 37 2 49 44 49 13 27 30 34 48 38 19 12 0 36 40 23 45 5 27 33 47 41 50 36 48 23 5 24 11 17 9 42 44 10 47 28 20 43 23 15 19 1 44 7 12 11 12 41 36 26 21 9 15 30 37 46 3 14 
47 27 9 4 20 17 39 47 25 2 39 13 3 2 32 12 14 46 47 0 43 24 37 12 14 38 35 47 1 27 14 23 1 25 6 47 47 7 16 32 28 19 16 37 10 2 24 23 19 27 3 17 41 50 11 41 11 15 45 16 35 21 39 20 
12 30 39 38 48 6 36 6 49 15 20 24 9 50 3 12 15 12 28 24 0 24 47 32 2 15 16 37 33 12 50 47 8 31 46 26 31 14 36 26 14 42 48 19 27 30 37 32 11 12 33 2 23 43 15 46 15 48 37 24 32 20 3 44 
49 18 12 44 14 25 23 49 30 37 15 33 27 29 6 22 28 35 26 21 29 0 48 25 15 16 1 11 33 28 12 44 44 39 4 20 10 18 43 19 36 40 35 23 37 29 32 19 36 43 16 46 48 44 33 15 1 44 48 28 13 14 40 22 
18 43 21 45 24 10 46 4 36 17 41 32 44 26 38 36 35 32 26 41 12 16 0 47 50 6 39 19 16 21 16 6 22 1 14 5 44 9 38 46 27 47 12 11 32 4 2 22 26 6 12 44 32 39 49 10 2 47 21 39 35 41 31 34 
21 11 19 31 31 21 45 28 47 36 49 45 1 6 16 47 5 18 44 11 9 22 24 0 34 2 5 4 48 38 49 12 37 17 29 41 21 35 21 42 5 12 35 47 47 40 5 9 47 32 24 34 18 47 20 25 49 38 36 30 26 18 47 40 
49 25 13 28 23 15 45 12 35 27 39 49 25 26 28 44 47 47 7 16 14 16 45 40 0 47 4 43 34 50 42 16 38 15 45 49 23 28 27 37 32 37 13 50 41 9 22 50 24 10 42 33 30 11 32 26 33 30 24 32 19 23 12 13 
44 11 1 35 31 27 6 17 21 10 26 29 2 16 4 31 26 4 20 24 8 9 37 28 34 0 19 16 43 5 46 18 10 26 1 7 30 9 38 20 47 4 26 13 20 36 3 25 18 27 43 6 15 4 38 5 35 25 24 1 12 12 14 13 
25 42 17 4 2 9 24 23 39 35 23 21 33 47 17 43 32 45 49 17 12 40 4 6 39 46 0 23 6 36 37 9 35 41 14 38 28 20 50 23 9 3 21 18 31 31 18 23 38 8 32 20 17 14 48 1 36 39 11 15 7 37 19 38 
2 26 38 30 19 9 40 23 33 22 40 14 42 23 24 25 22 23 35 49 4 18 42 22 44 13 3 0 40 9 35 17 22 34 33 16 5 43 38 4 29 19 9 37 46 24 34 10 13 15 36 44 34 3 21 34 35 35 17 36 7 7 50 15 
48 6 19 31 10 7 19 32 34 20 6 30 46 31 47 49 11 4 40 25 23 42 34 20 14 49 32 21 0 27 2 48 23 19 44 39 40 6 4 1 7 47 4 10 14 47 41 38 5 38 19 26 4 18 25 42 7 23 49 17 11 26 48 6 
32 23 34 12 2 42 7 43 8 4 34 29 20 33 20 24 24 12 27 34 9 27 44 6 44 3 33 18 8 0 37 41 31 49 49 28 42 13 30 36 13 32 26 19 1 34 47 23 25 3 26 43 49 49 15 48 6 29 29 18 50 10 39 36 
21 13 3 30 21 5 28 11 45 26 15 2 33 9 44 22 48 31 9 16 32 44 42 33 34 2 23 13 35 13 0 37 4 43 41 48 38 32 17 2 20 26 15 49 24 35 13 15 47 36 7 20 20 1 24 4 27 22 20 47 20 33 15 26 
32 40 11 10 43 11 7 40 31 29 39 41 17 46 19 49 21 38 26 28 28 43 18 3 20 37 22 16 12 21 33 0 38 11 40 17 34 24 4 22 37 29 18 39 41 13 34 37 32 4 22 26 32 7 38 48 40 23 9 40 7 40 41 28 
11 47 2 30 28 29 35 26 18 16 40 49 11 5 27 40 36 50 40 12 41 46 1 31 24 42 28 12 15 14 16 47 0 38 40 29 45 12 4 9 4 20 47 8 17 18 39 38 36 46 19 4 7 50 29 38 16 46 21 7 37 1 23 11 
4 50 43 11 21 27 33 29 33 41 37 43 45 38 35 13 36 4 43 17 47 10 10 47 10 3 13 49 41 47 23 4 48 0 37 5 17 25 28 17 10 14 41 22 16 14 37 43 29 12 8 22 33 8 6 14 45 41 46 2 19 14 34 38 
36 19 34 45 9 33 18 39 9 37 34 4 7 39 44 34 23 10 35 38 34 26 40 46 42 23 11 27 29 26 49 46 30 3 0 36 48 31 42 35 46 45 20 14 47 24 3 8 6 47 13 30 9 29 47 5 11 29 38 4 36 23 42 10 
34 38 38 24 4 3 47 4 31 25 40 43 14 13 44 22 40 15 5 30 17 46 41 18 34 49 26 19 43 39 49 23 3 11 31 0 9 37 29 4 4 1 9 49 34 39 4 42 48 36 16 14 21 19 13 43 38 48 21 41 6 27 29 11 
43 27 18 41 3 33 36 36 11 12 1 29 8 48 7 29 30 8 29 33 27 25 28 5 41 18 43 11 16 39 48 28 23 49 6 8 0 22 14 39 16 1 30 4 10 18 34 36 40 41 42 11 49 49 46 34 18 49 13 50 36 40 25 21 
23 14 24 7 10 42 50 8 17 20 13 33 48 22 19 38 8 33 3 21 24 28 50 29 27 15 39 10 9 15 4 27 26 10 31 46 44 0 27 26 49 41 35 45 30 36 13 37 47 30 26 42 3 37 5 47 46 14 46 30 46 4 41 49 
3 16 37 7 38 42 23 45 32 8 5 30 39 34 21 43 14 28 42 30 34 23 1 40 22 14 36 32 49 47 30 46 1 37 42 14 50 7 0 50 6 8 32 11 46 33 25 8 12 44 3 17 19 12 12 15 30 15 47 36 25 6 41 46 
35 28 9 30 3 42 7 43 8 28 37 23 3 13 6 8 48 6 24 39 46 31 12 34 39 23 13 49 4 22 26 50 17 36 27 18 24 46 6 0 21 37 10 9 41 26 40 13 18 10 39 38 19 33 3 1 4 16 26 41 30 30 9 40 
37 3 37 6 18 37 39 35 2 1 4 2 37 23 22 8 50 11 46 40 16 34 7 18 15 36 23 3 49 5 26 41 29 21 22 38 40 34 46 31 0 21 4 37 18 29 1 15 32 44 18 41 20 35 20 24 4 46 20 41 32 14 36 37 
48 26 13 24 16 1 35 19 16 16 15 19 12 48 40 39 15 21 41 9 31 14 6 6 10 47 19 42 21 44 14 17 35 18 39 43 16 27 49 32 10 0 49 26 5 21 1 13 7 7 31 27 11 24 28 6 34 20 8 15 20 33 43 49 
23 3 48 34 44 9 47 23 38 23 10 49 33 39 2 36 9 35 12 36 40 17 3 44 8 13 6 23 9 13 30 50 18 1 3 3 24 18 19 49 10 9 0 40 39 14 30 24 45 19 22 6 36 21 7 9 6 1 4 27 32 3 25 14 
26 44 11 32 32 37 49 13 42 16 14 26 32 28 14 30 29 39 11 4 38 7 45 29 11 43 47 3 20 41 37 46 35 45 14 46 4 48 43 9 20 10 15 0 20 8 31 27 29 37 24 48 44 42 22 27 19 49 32 21 39 40 47 43 
1 29 18 41 37 14 19 26 31 47 3 34 28 43 25 21 30 16 19 16 46 43 44 4 14 19 46 47 23 28 4 19 24 17 14 41 41 40 41 15 19 48 18 47 0 40 38 49 27 25 11 41 24 22 31 47 8 36 14 27 19 19 22 4 
3 44 34 11 11 29 34 31 40 26 4 48 49 26 47 15 27 20 19 23 12 38 31 48 43 21 7 6 27 14 22 47 47 44 16 4 6 27 38 49 41 30 1 48 18 0 34 49 33 40 49 1 49 1 50 43 16 13 37 19 41 22 29 5 
27 4 8 2 5 11 43 10 50 33 20 32 32 37 33 30 9 22 25 17 28 13 24 46 48 2 50 41 20 9 47 28 12 26 24 44 11 33 45 23 47 40 1 17 31 18 0 12 29 31 7 10 19 48 13 27 15 31 12 5 4 11 2 40 
42 36 43 20 6 13 39 19 27 28 3 20 38 13 8 16 30 40 22 11 13 49 28 30 50 50 10 14 49 29 42 12 46 50 10 31 38 48 6 16 43 39 34 42 46 44 39 0 2 24 47 25 14 40 42 28 43 8 13 21 7 4 25 21 
49 37 41 25 38 3 27 28 32 34 6 19 25 16 37 35 7 11 8 40 3 4 28 23 5 23 17 24 25 28 50 13 18 18 36 6 5 19 1 50 48 19 44 30 34 24 4 27 0 21 29 14 46 46 36 18 45 9 19 20 16 36 3 3 
5 35 44 1 7 31 32 30 38 10 9 43 34 11 49 39 32 20 41 3 47 14 4 17 33 1 41 47 37 50 36 14 45 17 39 46 41 23 47 46 40 49 27 36 38 43 35 35 11 0 30 39 47 46 50 7 41 31 27 19 7 41 35 43 
39 25 46 48 18 22 3 48 9 23 45 13 48 37 18 30 40 16 6 37 8 11 39 18 46 11 49 15 15 4 41 6 6 7 39 12 43 46 18 13 8 32 30 25 2 38 9 4 13 48 0 30 41 35 48 36 28 36 28 3 7 24 38 34 
6 32 39 7 42 49 7 37 44 49 43 29 26 31 15 17 9 2 45 3 17 25 1 22 9 21 11 26 15 44 11 40 20 49 25 43 13 31 18 6 7 11 36 42 42 20 10 47 22 11 45 0 5 30 36 17 31 31 18 49 21 39 32 23 
1 39 4 9 28 7 22 5 28 35 39 47 6 40 10 30 40 11 14 4 4 50 6 11 35 32 44 13 45 32 47 18 25 39 35 4 39 11 33 41 50 7 17 21 41 40 12 42 22 38 10 10 0 25 28 19 2 33 43 25 46 14 10 10 
47 39 22 22 18 5 7 42 29 28 24 5 47 33 36 21 45 21 2 42 7 22 37 43 47 21 33 21 46 36 38 28 41 48 20 33 19 19 44 38 16 47 31 33 1 24 22 20 48 23 31 26 12 0 19 3 25 2 29 25 48 22 36 47 
44 41 47 15 50 14 3 2 27 27 15 26 11 41 5 42 24 49 14 24 23 6 12 16 22 45 45 31 40 44 47 16 30 50 38 42 5 9 23 7 45 22 5 49 47 43 43 34 48 37 2 50 9 13 0 24 38 30 31 43 5 19 23 12 
33 31 50 47 11 4 14 38 15 27 8 29 2 2 13 19 30 3 12 34 3 43 48 8 17 27 50 12 24 17 18 38 23 10 22 19 48 46 32 31 34 50 37 23 1 35 23 37 17 13 14 2 8 39 9 0 41 34 42 30 35 4 2 15 
49 9 20 7 42 31 45 21 34 22 31 50 4 6 25 7 33 4 14 46 12 3 16 31 34 2 31 35 6 17 47 28 33 35 39 14 31 29 32 7 22 42 31 31 27 39 6 36 10 36 48 32 41 6 4 46 0 44 39 23 40 50 11 15 
17 25 3 18 19 18 11 26 5 22 7 25 20 23 36 5 46 47 46 26 21 19 16 38 27 32 43 21 43 7 42 7 12 27 14 6 24 22 37 19 49 10 43 10 34 32 34 24 9 35 27 44 5 35 44 49 9 0 16 41 37 25 41 34 
49 31 50 14 43 10 30 31 24 10 28 28 12 27 7 4 46 48 20 13 8 30 49 3 27 33 16 48 8 32 50 45 9 26 45 29 34 19 42 14 30 5 4 34 28 8 33 23 2 13 45 39 5 28 27 19 32 48 0 37 10 44 32 23 
43 11 33 19 36 32 28 21 28 7 6 34 4 27 15 26 19 1 44 46 46 37 11 40 31 50 27 48 37 32 32 21 48 32 11 24 45 40 47 41 25 43 18 33 49 45 23 43 17 22 19 10 1 37 27 6 50 43 38 0 37 5 31 34 
46 26 36 36 22 16 42 31 30 4 3 22 4 20 29 42 37 27 34 31 15 13 22 20 11 5 6 25 2 2 11 36 44 9 22 7 13 9 2 27 26 42 40 7 49 16 23 37 21 2 2 11 21 1 20 33 4 17 25 18 0 11 18 30 
28 44 17 28 46 48 22 29 28 26 8 5 24 24 16 22 46 32 19 4 1 50 50 15 44 39 40 4 47 34 35 16 9 12 12 14 32 38 28 40 49 23 25 36 14 46 47 10 38 45 30 36 43 14 30 28 44 2 35 7 8 0 19 33 
44 42 42 47 12 12 3 41 9 5 29 5 28 26 15 2 48 43 31 16 3 5 49 24 45 33 34 20 30 4 21 32 30 40 32 45 23 50 36 48 36 5 22 31 14 9 2 3 29 1 37 15 28 4 31 39 43 18 2 29 29 33 0 11 
5 34 48 25 38 44 21 30 49 8 33 31 48 34 19 11 37 32 31 42 30 17 7 4 27 10 43 2 5 49 7 20 3 45 17 48 16 35 14 9 9 22 39 8 46 24 33 6 25 8 16 48 48 42 31 39 28 44 49 29 2 19 25 0 
