8
37
17 0 21 47 46 23 30 34 9 47 5 31 31 44 7 29 17 39 18 14 2 35 43 17 28 33 41 46 44 39 39 10 10 21 36 5 16 29 
4 32 0 49 4 32 50 36 29 36 48 9 48 40 7 31 34 35 45 24 4 20 14 32 34 40 20 8 46 22 11 8 3 13 39 36 36 15 
48 4 43 0 31 50 47 43 38 47 49 33 29 26 37 42 31 12 10 40 1 16 15 12 43 41 8 26 41 6 36 2 22 46 20 37 42 31 
23 20 17 39 0 47 44 22 26 17 46 25 16 22 2 29 46 36 50 34 42 1 41 43 22 3 32 11 48 11 34 7 50 50 1 40 40 24 
12 20 21 41 17 0 24 13 1 25 35 34 23 26 10 21 3 50 31 33 28 45 37 15 33 24 15 33 39 25 17 22 13 40 23 25 31 14 
2 34 17 31 21 28 0 48 27 25 36 25 37 48 50 20 7 12 29 26 5 38 17 2 42 24 27 9 13 22 33 3 36 41 40 49 47 16 
48 24 9 17 6 49 30 0 9 2 27 17 2 6 28 44 50 26 26 35 33 26 7 45 20 35 5 43 33 39 47 9 2 24 42 15 6 17 
38 32 18 23 33 22 50 42 0 12 17 6 10 37 15 14 14 15 40 41 30 40 33 1 7 47 20 6 19 16 29 14 13 39 33 38 44 17 
10 44 35 45 28 24 38 37 24 0 3 32 45 38 9 3 25 26 28 6 32 12 27 13 17 32 27 33 4 43 22 4 28 21 48 6 47 6 
36 12 9 13 20 23 18 24 24 29 0 20 11 39 13 6 32 13 6 33 31 19 13 2 41 35 45 3 49 5 25 41 4 7 19 41 16 47 
19 42 4 45 43 8 49 14 44 4 9 0 49 46 8 42 23 16 38 23 11 19 29 26 21 20 20 50 39 16 5 21 23 40 35 45 14 29 
36 27 5 3 28 42 41 44 1 9 17 49 0 32 41 32 18 5 29 40 17 34 26 24 9 11 48 39 34 37 9 12 14 29 44 31 12 18 
9 41 38 35 28 20 12 33 40 35 15 40 5 0 36 6 6 48 46 11 3 47 43 31 3 7 7 42 48 4 21 38 11 20 1 47 38 2 
32 6 6 13 26 21 13 25 45 33 24 6 8 31 0 48 20 9 22 16 11 36 29 21 28 14 29 20 48 5 20 4 39 18 4 17 40 5 
41 21 22 18 29 13 25 19 42 46 40 40 41 12 30 0 32 28 17 4 36 29 49 48 1 15 21 26 29 36 38 5 15 9 16 18 1 44 
43 7 17 46 10 23 33 31 9 14 8 25 8 41 37 13 0 5 27 43 24 22 3 8 37 46 34 5 42 25 32 25 45 29 38 35 10 38 
40 19 26 15 21 7 7 18 4 28 47 18 2 4 40 25 27 0 23 41 49 30 50 26 19 42 6 27 40 14 47 20 7 28 26 16 8 17 
9 2 46 2 19 43 6 8 24 24 28 36 20 2 15 45 11 8 0 40 43 8 24 15 31 17 5 8 8 41 41 26 39 32 8 18 22 45 
48 11 8 21 11 19 33 49 5 44 45 6 13 17 19 26 15 10 36 0 37 16 35 15 35 48 18 33 48 40 4 12 34 44 50 14 47 32 
23 47 6 33 32 13 11 14 3 28 25 8 14 18 49 33 35 29 13 47 0 23 24 44 36 35 10 1 32 11 13 13 3 22 44 43 13 31 
5 34 22 4 22 45 40 8 41 27 37 14 2 9 22 1 50 10 50 4 20 0 48 23 12 30 3 41 16 22 36 20 25 36 2 31 45 42 
44 2 29 4 28 45 33 15 19 9 4 42 3 23 35 44 10 12 7 12 11 25 0 19 5 25 37 6 7 12 28 1 29 27 10 6 9 22 
50 43 4 40 47 11 45 38 24 20 14 36 32 27 41 24 34 31 20 33 24 29 42 0 40 27 4 41 9 26 15 44 17 27 22 10 19 3 
23 14 14 25 18 1 18 42 22 30 1 11 5 44 29 37 26 48 21 2 15 14 44 21 0 37 12 10 27 47 10 10 18 22 21 12 18 7 
9 7 28 24 48 5 25 40 48 22 22 15 31 1 25 39 18 39 9 21 44 39 6 42 42 0 46 13 20 34 39 34 32 11 30 18 41 43 
28 18 10 19 31 39 41 38 12 17 9 36 30 4 33 3 48 14 20 2 36 33 2 42 6 7 0 10 38 40 4 1 33 35 46 41 21 50 
2 13 50 15 5 30 30 5 35 5 36 1 30 13 17 48 39 8 45 16 18 14 25 30 3 48 8 0 16 26 1 34 13 12 4 46 1 21 
37 32 4 23 38 21 3 24 38 11 41 34 36 46 39 47 6 33 39 39 21 13 7 22 14 29 34 21 0 23 40 26 18 17 28 3 26 42 
44 30 43 22 6 16 38 17 33 41 6 46 17 7 22 8 12 50 25 25 32 10 9 38 32 2 49 35 24 0 17 8 44 13 5 13 3 47 
17 15 47 20 6 32 39 29 26 6 33 5 10 5 29 29 1 10 34 21 6 41 5 18 3 43 16 33 13 33 0 12 45 19 12 45 35 28 
6 26 29 21 9 7 46 16 30 15 13 30 15 13 46 29 32 41 27 11 30 17 13 16 6 17 43 44 39 36 49 0 11 44 1 46 35 6 
1 47 34 9 2 24 29 4 3 48 21 17 16 38 21 18 25 48 39 14 13 15 42 15 2 27 44 16 2 37 15 17 0 11 23 31 45 44 
2 28 44 35 13 3 20 22 28 24 49 29 43 20 3 7 21 44 36 6 20 8 25 30 13 2 17 34 4 6 44 7 27 0 25 23 21 46 
29 50 12 23 43 25 4 46 38 10 17 12 11 41 29 46 39 25 45 3 15 22 12 37 37 19 22 31 42 2 18 47 33 12 0 43 45 24 
34 27 33 22 34 25 42 50 22 44 16 15 12 38 1 29 18 32 7 39 26 36 25 3 24 4 36 42 21 29 49 48 35 22 6 0 48 12 
32 31 48 20 37 15 25 6 16 31 15 18 19 16 31 36 7 48 48 3 30 48 31 40 50 30 44 46 18 30 40 33 3 17 36 2 0 10 
19 40 22 1 48 8 23 22 25 2 13 19 13 29 25 8 46 32 34 50 8 20 7 22 29 38 36 42 32 16 2 31 30 26 38 9 27 0 
3 0 33 40 8 18 26 29 31 27 6 2 15 25 8 36 2 2 2 49 33 50 22 10 23 32 40 9 50 33 40 37 41 16 31 43 49 45 
43 41 0 44 29 41 3 33 34 27 7 9 17 29 28 24 39 26 27 31 24 18 26 29 18 29 48 38 19 12 50 44 15 37 8 9 12 6 
4 10 20 0 27 39 5 33 1 34 5 12 13 2 41 5 12 26 27 17 12 27 1 44 16 14 22 28 13 44 31 22 19 13 34 22 18 12 
47 29 21 46 0 17 46 44 26 6 11 10 40 3 11 31 43 50 29 4 16 5 13 17 28 20 8 3 33 43 1 18 19 38 1 29 48 46 
16 10 6 50 40 0 8 12 19 24 42 20 41 27 13 5 19 2 8 35 13 44 27 10 43 11 33 6 44 41 3 3 33 33 47 35 19 49 
17 15 5 6 10 47 0 17 33 42 17 38 13 1 36 43 45 36 2 40 1 13 39 8 3 18 28 21 39 38 9 30 29 36 20 36 44 30 
7 35 31 44 10 20 16 0 18 31 41 17 11 38 48 46 45 19 36 28 7 3 38 32 26 28 45 34 38 10 27 31 1 49 16 29 18 9 
7 3 20 42 35 37 38 4 0 29 1 11 35 34 18 34 8 38 27 19 4 6 17 15 36 29 9 5 11 17 12 23 19 28 37 12 33 9 
15 18 2 45 22 50 45 24 3 0 26 10 47 44 12 39 10 15 4 41 39 35 14 27 33 28 38 17 29 43 7 48 6 2 49 23 9 18 
9 35 18 21 13 26 33 46 14 23 0 1 34 9 14 33 21 45 25 1 42 19 18 34 33 17 31 46 29 4 46 45 39 30 43 6 20 24 
19 22 38 44 38 14 15 17 45 34 44 0 15 35 7 25 22 17 50 42 1 35 4 32 30 5 42 19 29 12 5 17 8 14 48 27 3 14 
49 32 4 19 16 23 48 3 14 19 39 21 0 18 13 43 15 19 39 15 41 9 40 46 46 37 6 41 18 37 2 38 31 23 9 19 18 39 
32 20 32 34 28 41 23 30 9 45 42 24 44 0 46 9 12 12 5 10 36 8 33 10 33 30 16 13 32 9 48 9 45 26 26 37 20 34 
7 31 49 23 17 29 12 49 44 44 6 30 19 11 0 4 10 32 31 50 10 49 5 13 29 42 21 11 36 48 49 18 9 39 29 5 25 11 
14 42 5 49 34 37 23 7 2 40 38 5 35 44 46 0 37 10 35 3 19 21 31 46 18 26 2 46 26 47 41 41 7 30 49 19 40 46 
11 16 18 40 22 41 32 24 32 13 5 23 23 29 44 3 0 6 41 33 47 37 24 33 41 47 10 11 50 31 25 37 26 7 42 49 20 35 
29 49 41 15 45 44 39 41 4 25 13 48 4 24 9 36 43 0 9 38 33 28 43 12 30 32 43 7 27 30 16 31 31 24 18 27 42 43 
33 43 30 44 50 44 36 49 3 28 2 29 40 14 34 12 37 8 0 37 38 11 33 2 38 13 12 38 45 33 24 37 47 17 44 11 16 8 
40 28 50 27 32 30 16 6 48 41 3 48 19 37 10 41 5 32 50 0 41 43 31 39 6 42 17 29 41 5 12 46 3 18 4 48 30 37 
12 30 3 37 32 15 21 36 47 14 37 28 7 13 13 12 26 15 9 40 0 45 36 15 2 26 2 36 45 50 31 16 40 31 5 44 2 48 
5 12 16 18 20 45 4 42 14 49 50 34 42 43 39 39 40 43 26 15 2 0 12 31 29 26 36 17 49 48 47 3 20 11 14 21 4 44 
23 25 41 12 10 13 4 37 12 9 39 27 2 41 12 18 37 47 44 32 37 42 0 35 29 6 45 17 47 31 23 28 22 36 45 18 19 35 
4 43 49 28 43 15 28 28 22 46 6 41 2 24 18 27 23 7 31 40 13 7 15 0 46 8 7 40 31 17 42 7 24 44 33 34 5 45 
4 45 28 7 1 34 49 11 6 29 49 10 45 13 39 37 29 22 47 28 4 21 37 25 0 47 11 31 40 33 48 20 41 14 33 19 13 4 
34 13 23 16 35 2 28 42 21 23 29 18 38 15 11 37 27 42 34 8 4 10 40 4 10 0 29 8 10 8 47 13 45 26 33 46 10 25 
12 19 19 9 34 27 39 2 22 46 33 9 4 38 42 35 5 1 24 23 20 7 7 44 19 34 0 25 11 35 43 5 20 2 13 15 23 16 
50 20 34 2 2 38 34 25 1 5 10 22 10 22 33 23 37 5 6 13 25 41 50 2 29 18 30 0 41 14 8 42 23 19 20 6 31 40 
22 19 19 23 19 18 30 16 39 25 21 22 48 15 9 10 11 42 10 20 33 23 34 9 43 12 44 13 0 37 3 41 16 2 33 16 36 38 
40 6 23 21 37 40 43 9 19 17 43 34 14 9 28 47 11 7 50 36 10 31 8 24 17 29 37 35 6 0 20 15 50 23 22 21 36 37 
50 47 34 41 1 24 45 2 30 24 45 13 20 42 26 17 1 28 9 48 50 5 8 4 9 4 50 3 44 12 0 42 38 43 11 12 11 17 
45 10 7 14 23 38 6 43 23 37 29 39 34 22 45 12 39 38 46 39 30 33 47 25 42 8 19 33 7 21 9 0 31 16 50 7 19 3 
35 27 18 3 12 37 18 21 15 11 40 47 26 4 24 16 22 37 13 13 33 22 16 19 23 36 2 28 49 23 34 16 0 26 10 5 11 29 
37 19 47 30 4 28 48 29 36 31 17 36 15 44 14 45 6 20 13 12 49 30 26 35 41 23 42 28 25 22 16 50 13 0 38 36 18 17 
34 29 45 19 40 38 6 36 42 35 30 20 21 21 41 42 50 30 8 44 12 40 32 36 20 5 15 15 17 24 27 9 47 29 0 23 42 19 
44 9 43 21 50 50 39 12 8 4 1 26 9 13 9 29 24 5 44 48 9 49 36 23 41 19 18 8 22 24 43 49 50 24 7 0 22 15 
24 13 41 44 25 13 1 14 39 9 11 19 31 23 24 29 45 11 45 23 20 30 31 32 31 41 35 12 3 27 36 7 38 14 1 42 0 4 
4 35 37 36 9 2 11 7 40 42 1 19 20 6 13 12 49 46 44 33 9 13 34 28 40 12 13 23 4 32 17 22 32 26 41 27 9 0 
38 0 11 28 20 25 42 50 34 43 33 22 23 46 39 18 7 10 45 42 1 9 47 48 40 38 4 9 25 29 37 45 15 37 3 11 35 16 
14 35 0 22 35 45 48 30 41 1 8 43 50 16 23 31 50 26 1 42 14 39 32 22 33 25 5 6 38 7 36 44 28 33 41 47 11 20 
16 15 50 0 18 50 38 46 16 26 14 15 15 16 11 2 20 22 28 32 14 39 10 40 42 42 34 15 15 15 17 25 27 21 30 10 37 43 
47 40 45 27 0 18 50 41 41 24 42 26 42 9 12 14 15 48 31 7 25 8 26 16 23 31 2 9 40 39 44 36 1 16 27 26 38 38 
37 22 11 49 1 0 19 43 40 23 7 6 12 12 24 49 4 12 36 21 24 22 46 17 42 2 3 30 6 25 26 32 37 26 28 11 10 46 
27 7 8 24 34 8 0 45 4 28 28 21 38 48 5 42 6 15 16 42 6 20 47 49 39 37 16 47 25 19 36 34 14 40 8 36 29 13 
1 39 38 22 38 25 26 0 10 19 27 22 40 32 12 13 19 5 27 30 9 19 37 18 11 21 35 43 44 7 49 40 19 14 43 14 27 4 
34 32 23 23 30 19 39 26 0 35 38 25 22 45 35 31 7 20 45 14 21 27 1 4 32 33 3 20 38 3 27 40 48 36 15 21 46 7 
37 40 19 30 36 36 47 18 22 0 13 14 9 13 44 48 1 7 28 34 29 41 41 27 49 2 23 9 49 27 37 30 15 36 50 34 5 46 
42 41 16 7 15 11 41 7 29 41 0 33 42 48 30 38 38 18 17 47 14 20 29 14 27 49 42 36 33 50 24 14 11 43 6 15 37 19 
22 27 30 37 43 23 32 27 8 30 8 0 43 28 19 34 38 42 26 14 28 39 9 24 26 9 7 6 27 22 49 43 15 1 20 46 40 17 
27 27 6 32 1 41 12 29 40 23 5 31 0 24 2 30 2 10 30 14 4 5 28 36 18 6 6 9 38 43 42 8 24 44 21 15 50 8 
46 39 18 12 47 19 35 1 47 49 48 13 14 0 42 40 33 37 12 50 42 38 27 46 32 25 36 49 15 32 37 3 37 31 44 14 42 46 
42 8 10 2 17 9 7 12 25 30 50 19 41 8 0 9 16 8 20 20 44 37 38 11 21 21 19 10 46 11 33 20 29 49 37 45 5 40 
40 22 18 39 21 50 7 49 47 41 29 44 21 23 24 0 44 49 10 5 48 39 32 48 49 12 1 42 10 22 21 4 14 5 26 19 49 3 
5 16 38 5 23 24 29 32 2 40 11 47 35 50 28 40 0 8 2 9 24 19 28 20 8 48 28 26 37 16 40 46 5 25 42 44 44 17 
43 17 8 20 18 10 12 32 14 37 21 27 24 48 25 10 26 0 34 28 47 30 8 46 49 42 17 13 45 6 22 44 7 35 23 15 35 2 
4 1 19 9 27 34 41 6 11 42 42 21 46 50 8 16 47 38 0 36 22 10 29 2 47 17 26 42 44 14 42 2 34 40 8 22 34 10 
39 4 24 5 43 31 25 22 25 11 23 36 41 38 36 30 14 43 26 0 50 22 42 1 43 48 42 19 41 9 31 38 28 25 7 9 34 12 
17 17 48 28 26 43 15 20 9 24 5 16 5 27 15 47 35 38 47 4 0 32 8 1 12 35 14 44 24 46 11 34 30 3 18 47 27 28 
23 47 50 36 23 39 19 15 25 5 5 24 31 41 19 12 31 31 10 16 36 0 43 12 49 42 25 49 40 25 14 38 30 39 20 13 42 47 
18 9 19 33 48 10 10 39 50 15 20 16 18 22 37 37 11 42 30 35 2 44 0 49 41 29 40 12 17 26 35 12 29 28 15 14 23 42 
34 39 34 3 11 42 10 29 25 7 42 1 44 29 28 33 7 46 24 10 28 5 8 0 48 43 14 16 3 41 39 4 9 15 45 28 3 47 
32 41 3 39 13 5 34 20 17 33 7 34 47 21 20 40 13 15 29 32 36 11 47 27 0 8 39 37 4 34 37 49 1 25 37 25 5 22 
22 16 50 24 29 27 32 9 19 45 18 34 19 2 31 49 22 11 22 44 26 32 24 19 30 0 37 30 34 6 10 10 47 15 19 42 50 29 
8 8 35 16 19 39 44 19 20 16 36 19 3 4 27 4 11 46 40 42 32 45 43 47 48 3 0 10 36 21 20 50 11 31 20 14 4 37 
29 8 44 31 50 10 21 45 16 4 6 34 44 4 23 2 9 48 14 16 39 18 16 29 9 49 1 0 16 25 38 33 41 24 17 33 39 47 
11 33 35 22 3 33 50 5 3 28 16 27 10 23 23 1 38 49 11 42 16 22 2 10 5 21 28 22 0 16 10 27 22 35 5 48 15 29 
45 36 36 17 25 7 21 36 39 16 16 10 40 36 18 22 47 32 40 32 26 17 33 5 28 39 43 1 44 0 43 5 25 8 22 44 13 25 
26 42 16 31 24 17 5 13 12 26 25 9 1 38 24 9 34 4 28 4 32 39 36 15 21 42 46 11 41 3 0 19 43 6 47 22 41 25 
2 2 1 28 43 17 13 18 42 44 6 31 17 25 18 17 10 44 37 6 1 10 33 21 45 22 10 7 33 4 4 0 16 34 34 33 3 28 
27 39 22 23 47 29 49 41 31 25 28 1 27 46 4 35 35 24 42 20 31 33 22 8 6 36 39 41 40 47 33 43 0 16 39 33 5 16 
33 5 32 34 30 15 47 32 6 7 8 50 32 50 11 41 34 47 44 18 14 17 11 40 9 1 34 42 36 36 38 14 49 0 20 3 20 10 
36 1 19 25 27 1 30 31 41 9 48 23 2 32 43 40 37 2 16 44 43 26 30 31 6 47 21 20 45 1 12 48 42 32 0 49 47 25 
44 38 17 32 9 18 42 36 20 34 4 46 25 12 18 37 26 18 10 22 38 19 31 30 11 37 40 48 1 31 20 34 46 15 44 0 15 49 
12 34 9 38 45 36 13 17 24 21 40 45 11 16 15 39 26 38 25 8 38 22 23 29 45 36 39 15 20 50 10 19 4 38 15 35 0 2 
34 43 34 18 14 37 17 1 4 40 15 6 46 21 28 19 7 12 41 11 30 43 10 47 49 47 25 11 21 41 24 2 30 38 42 45 42 0 
40 0 24 35 7 28 42 46 25 9 25 30 33 50 47 26 24 24 22 41 34 37 20 17 13 6 30 13 17 14 26 9 29 33 28 18 38 6 
5 3 0 2 15 23 40 23 46 29 22 44 48 29 7 16 1 12 6 21 8 23 1 48 30 29 11 33 17 1 50 23 30 38 18 19 20 40 
19 14 30 0 45 17 28 9 19 20 36 20 43 29 22 22 48 31 34 5 5 23 36 13 8 6 45 29 50 15 10 11 38 47 12 43 43 41 
14 6 24 40 0 11 10 26 14 24 23 28 1 32 8 35 15 15 18 34 2 23 39 22 49 10 4 10 25 32 47 18 30 30 7 18 28 32 
16 12 26 37 45 0 32 23 2 49 34 3 27 24 32 44 9 42 19 25 35 25 30 7 50 2 32 28 5 49 21 25 41 7 34 50 6 8 
15 28 8 49 48 11 0 21 8 48 9 15 24 21 39 39 43 44 7 36 6 27 36 14 5 19 3 29 9 12 21 40 33 39 2 27 41 18 
36 28 20 37 43 4 23 0 14 32 28 32 37 48 14 28 14 1 32 29 15 3 31 45 33 13 46 28 19 32 36 20 12 48 26 9 30 17 
19 34 32 41 42 37 26 47 0 22 15 7 13 19 38 20 49 27 15 5 33 38 24 48 27 5 32 47 8 21 39 22 6 48 48 32 49 47 
25 12 45 19 36 41 31 21 7 0 13 48 1 14 22 12 4 47 29 45 36 6 37 10 41 19 27 33 43 2 15 22 6 22 2 3 3 11 
14 2 34 17 6 49 19 49 7 7 0 18 11 2 1 19 37 13 41 39 3 4 1 10 8 39 20 42 42 42 30 13 19 10 44 34 28 12 
20 1 39 42 42 12 20 16 33 50 15 0 4 20 9 11 15 1 7 14 43 27 29 37 7 28 8 28 45 50 1 9 18 42 26 43 41 50 
11 13 39 41 43 6 20 27 39 23 21 2 0 5 9 37 21 36 35 42 15 32 14 35 35 25 16 32 42 47 12 44 16 21 15 40 44 25 
2 35 23 17 30 40 35 8 43 45 42 22 48 0 6 42 2 26 19 48 28 5 16 27 25 29 31 27 30 5 32 41 20 44 46 34 1 20 
48 2 25 50 27 33 22 40 20 50 7 3 15 45 0 46 43 16 20 37 9 49 39 50 13 6 3 12 5 23 29 3 23 41 33 29 18 23 
29 28 34 5 35 9 32 20 27 40 38 45 28 28 26 0 47 42 21 10 2 12 45 25 22 18 18 42 47 35 12 33 17 29 21 38 43 4 
4 14 31 19 43 29 13 24 10 46 2 27 26 49 12 19 0 16 11 34 4 13 38 18 17 35 36 16 8 22 16 7 40 34 44 39 8 29 
34 20 16 12 48 8 22 41 21 10 13 21 48 13 10 5 39 0 42 16 47 14 34 8 14 5 3 44 39 13 44 32 11 5 41 33 42 19 
43 15 31 46 27 14 27 3 38 24 3 48 36 45 2 23 12 16 0 50 12 2 7 45 14 34 29 28 28 2 17 7 31 19 37 46 27 36 
1 37 20 31 11 18 29 42 42 27 49 30 38 44 26 33 30 17 37 0 21 17 13 49 37 50 1 22 18 22 29 49 50 26 37 11 29 30 
32 41 39 16 23 42 2 29 48 15 24 32 49 40 21 10 7 20 38 38 0 33 32 11 47 12 20 13 29 50 5 2 33 47 3 49 26 48 
5 45 21 48 9 2 37 49 36 24 40 29 40 19 18 23 41 47 50 31 43 0 5 4 30 23 30 43 13 41 36 47 41 46 12 3 25 18 
41 25 31 24 49 27 46 24 50 10 36 34 10 6 6 49 45 6 1 41 42 26 0 29 9 24 8 1 27 49 34 29 17 43 6 1 23 20 
8 45 28 8 6 24 20 8 30 32 30 41 43 1 6 2 34 26 16 47 22 50 41 0 27 19 25 17 31 20 41 4 6 34 30 38 12 23 
34 36 2 9 2 45 27 21 37 7 34 23 15 10 30 36 26 48 8 4 2 39 32 7 0 40 38 39 28 24 8 14 14 44 30 1 41 14 
38 21 5 15 6 33 19 34 9 5 32 25 20 8 32 30 9 21 45 5 45 20 14 7 49 0 48 29 44 20 29 36 9 40 23 39 28 3 
40 47 6 13 24 31 34 7 4 4 50 32 34 36 9 6 36 19 19 7 49 16 9 5 26 14 0 30 20 24 35 48 20 5 27 19 25 40 
42 22 39 31 50 46 44 29 12 37 44 27 4 4 5 21 21 4 24 38 2 38 11 2 14 34 19 0 7 31 28 7 17 34 17 45 48 30 
27 50 20 16 26 14 28 37 44 20 31 44 50 34 24 46 38 38 5 11 37 17 16 27 37 49 34 30 0 27 43 37 10 8 41 45 5 5 
23 26 24 34 16 21 14 39 14 32 45 34 22 47 30 40 37 43 10 34 43 29 28 31 49 10 1 34 21 0 36 9 39 19 41 15 12 31 
28 22 47 2 39 24 18 40 46 5 46 8 21 21 49 36 21 12 45 49 44 36 7 20 31 18 28 23 6 16 0 32 33 18 9 10 22 13 
33 5 6 11 41 3 6 6 26 1 16 11 4 48 30 20 14 38 43 16 28 21 21 46 45 34 31 24 13 41 12 0 12 27 24 39 7 40 
39 3 33 1 15 6 17 13 12 3 18 2 13 5 22 17 7 36 12 34 10 16 7 22 33 43 36 39 4 35 31 10 0 23 31 26 35 10 
15 14 16 5 34 34 32 14 22 1 36 41 45 21 38 28 24 31 23 46 12 19 22 20 29 9 28 23 8 29 33 30 37 0 8 42 22 46 
30 26 32 26 9 11 42 50 49 10 14 43 32 50 1 3 39 49 46 42 47 26 26 7 9 6 43 19 7 5 38 29 17 33 0 44 5 41 
20 4 9 30 21 30 49 14 31 26 30 32 27 48 10 47 31 50 4 50 26 18 3 18 24 44 45 23 36 26 50 6 46 12 20 0 46 38 
12 26 47 27 43 29 31 14 37 30 7 29 33 37 33 41 6 16 3 1 42 7 28 36 27 29 5 26 24 36 15 29 14 9 19 24 0 8 
24 33 39 23 4 37 14 38 45 3 40 17 16 41 47 17 45 47 6 49 11 1 15 25 5 40 1 15 29 15 24 19 10 34 33 33 14 0 
29 0 38 20 15 48 33 26 15 10 9 46 19 12 20 13 13 25 47 23 19 15 19 15 37 49 10 30 30 22 8 33 9 14 3 16 9 37 
35 14 0 18 40 10 46 31 6 47 17 46 12 7 35 37 10 15 50 11 24 34 16 39 3 47 44 2 27 37 5 10 4 5 26 41 34 6 
30 6 23 0 34 31 2 43 35 19 16 24 46 50 50 4 5 36 4 19 25 15 43 16 44 4 19 42 8 42 7 31 45 4 4 36 44 38 
40 3 15 47 0 19 29 29 29 32 38 6 6 49 19 22 22 10 41 37 40 30 30 12 10 35 44 12 35 29 42 46 14 10 18 46 2 5 
28 47 15 38 16 0 23 32 37 2 43 38 9 23 45 14 50 5 9 11 41 5 12 26 17 44 50 41 42 42 47 32 24 21 17 32 45 22 
2 14 8 31 24 34 0 1 24 26 6 47 33 15 5 9 36 11 1 17 21 48 44 16 33 40 45 6 12 15 38 6 14 20 28 3 45 3 
10 32 29 25 44 18 44 0 44 10 28 42 23 39 11 17 16 24 25 9 49 26 42 29 28 39 9 39 50 34 13 37 3 15 33 1 19 38 
47 4 26 22 39 30 18 15 0 39 27 28 40 48 46 4 45 47 28 19 3 1 36 36 30 45 10 47 41 39 9 6 10 48 28 28 21 33 
27 37 12 12 14 1 33 11 11 0 36 18 34 8 18 5 32 17 38 11 19 47 28 29 33 27 26 31 21 18 42 21 19 33 13 21 41 8 
42 38 36 3 20 34 24 30 7 32 0 41 1 29 32 41 18 2 36 49 8 29 35 38 21 12 44 20 16 49 1 46 48 15 25 26 50 25 
16 28 45 6 4 21 45 40 21 40 10 0 31 2 32 27 22 34 29 7 50 16 42 26 14 9 32 7 36 44 37 4 7 41 43 36 9 4 
3 26 15 44 31 41 5 10 35 48 20 19 0 26 31 46 19 1 9 25 2 31 47 22 15 9 47 34 36 4 40 9 46 18 18 31 3 43 
6 35 1 22 5 24 35 37 18 18 6 8 38 0 40 34 12 8 24 7 4 1 36 35 7 19 7 46 39 25 1 8 1 44 27 45 25 24 
30 27 23 38 28 42 30 29 28 16 50 25 34 11 0 45 25 50 43 21 1 45 4 48 29 46 13 17 10 6 15 12 46 10 39 28 47 34 
16 23 45 6 29 42 41 46 14 41 41 14 26 44 34 0 25 25 30 27 30 45 43 16 25 20 24 13 4 5 16 46 34 49 41 34 20 26 
45 16 12 7 34 32 22 27 47 30 21 28 21 36 9 1 0 18 40 24 8 20 36 6 29 37 41 49 46 7 15 36 11 15 49 30 14 15 
23 11 11 44 48 24 44 42 27 35 30 37 33 32 2 10 13 0 6 10 11 34 21 44 34 27 20 32 45 10 14 22 7 46 36 46 29 13 
14 22 12 12 37 11 6 19 9 25 34 35 2 3 44 20 4 32 0 2 18 28 18 29 43 50 32 13 14 24 42 47 36 23 47 49 34 49 
49 47 10 38 15 19 46 48 11 9 12 29 37 42 5 44 12 36 47 0 44 20 12 5 48 43 45 18 28 49 12 5 4 10 22 5 35 43 
30 14 49 34 45 40 24 2 36 38 50 43 43 11 12 3 41 30 38 43 0 12 46 20 1 18 50 49 4 8 19 15 38 20 2 32 22 48 
11 25 23 32 47 8 8 19 36 6 2 44 1 20 43 18 43 31 34 44 49 0 16 46 42 20 44 17 23 12 23 41 29 40 6 30 5 16 
11 16 39 13 33 32 44 48 10 7 50 23 20 28 22 49 29 50 45 30 31 12 0 3 41 35 7 14 16 23 5 46 40 38 3 32 15 46 
32 16 35 2 45 11 38 17 1 42 45 20 31 12 6 36 26 35 50 14 48 28 27 0 18 29 25 6 11 11 35 18 46 7 3 47 34 11 
28 37 2 16 25 35 15 19 46 42 43 40 5 13 19 33 2 48 4 39 17 23 20 5 0 27 7 17 25 50 14 28 15 23 25 48 49 49 
48 24 44 13 49 33 34 13 21 7 22 50 13 5 6 44 46 44 6 17 47 39 19 18 41 0 20 33 14 29 18 30 15 20 35 4 24 10 
27 18 41 37 42 6 50 45 25 37 10 23 22 28 32 43 32 2 10 6 27 23 30 1 20 35 0 4 27 8 30 29 1 32 34 19 26 15 
31 5 34 19 24 16 33 23 41 8 41 49 23 39 34 45 19 34 5 39 40 17 8 3 24 38 46 0 9 10 42 38 9 6 28 1 47 26 
37 3 7 47 29 29 28 13 29 35 42 46 6 13 1 15 38 26 15 48 31 46 37 21 25 14 50 20 0 33 44 45 39 37 19 32 31 48 
43 12 38 30 41 46 3 5 14 4 29 37 45 19 3 37 49 46 42 17 37 22 15 30 8 31 36 41 3 0 9 37 31 20 17 45 15 27 
18 41 50 35 17 12 10 21 33 38 25 43 2 38 24 40 15 12 21 47 9 23 10 10 12 2 5 18 49 18 0 29 24 38 10 31 5 42 
33 21 11 6 9 25 43 11 49 2 22 13 41 5 6 24 18 19 46 31 41 23 16 7 42 23 16 10 2 5 42 0 7 20 49 33 41 11 
41 50 48 18 50 14 50 34 5 8 13 23 1 21 42 36 24 2 10 6 4 14 36 10 34 10 44 10 15 44 43 23 0 15 13 28 19 49 
14 41 9 16 24 38 16 3 37 2 35 50 22 46 47 23 36 8 27 14 39 34 41 21 41 19 11 15 41 9 38 43 24 0 37 10 12 2 
41 30 27 21 7 48 9 10 10 44 49 47 50 29 6 1 5 11 31 1 39 25 5 27 1 13 28 14 42 27 35 36 35 22 0 46 28 1 
44 32 37 33 11 31 26 13 19 42 30 32 43 20 27 30 12 13 16 26 50 20 45 20 45 19 34 9 13 12 28 34 28 50 12 0 29 44 
19 28 45 29 15 33 21 49 33 49 8 9 6 24 9 31 3 2 24 38 17 38 43 48 18 50 7 15 47 4 44 8 49 36 43 36 0 22 
47 35 37 24 22 13 20 27 50 7 38 19 4 26 49 38 41 28 31 35 47 12 15 27 7 2 29 6 50 11 20 31 24 10 7 17 37 0 
15 0 46 26 23 22 18 43 19 46 44 29 45 21 9 9 13 1 25 35 20 11 18 20 35 15 27 40 37 7 46 44 20 32 1 27 32 5 
12 26 0 44 23 8 11 9 1 11 30 3 11 19 23 35 22 47 27 48 26 42 9 45 29 7 12 1 50 9 14 20 32 28 8 39 50 42 
48 3 7 0 11 34 4 48 38 26 39 23 10 49 35 25 29 6 14 4 31 16 16 46 11 10 42 48 11 21 34 11 35 36 31 50 24 42 
15 8 5 48 0 41 31 24 28 40 10 29 45 4 22 45 36 20 26 32 8 46 2 43 7 38 18 43 28 39 25 19 36 2 38 42 6 49 
33 26 36 23 33 0 20 32 19 16 17 13 17 50 16 5 18 16 46 14 16 48 11 23 38 47 40 16 42 43 43 16 31 39 37 37 1 47 
35 13 32 11 39 22 0 1 30 11 40 9 14 19 36 43 28 41 1 23 3 48 27 44 4 41 26 24 2 32 29 13 30 5 22 32 33 32 
6 10 39 22 8 36 1 0 8 28 25 7 24 3 49 36 15 48 49 9 20 28 21 13 49 50 48 33 27 29 10 48 5 10 46 36 42 34 
31 40 41 43 47 13 2 17 0 29 30 30 28 16 8 23 23 14 5 36 48 41 23 11 3 25 29 19 28 3 14 8 13 45 31 17 9 19 
28 32 8 12 33 21 19 3 50 0 14 2 25 33 47 42 1 45 44 9 30 39 19 19 44 25 15 15 22 18 34 35 42 15 4 36 23 28 
37 9 2 42 50 26 15 17 3 20 0 18 17 13 1 38 8 29 30 10 14 14 37 18 7 48 36 16 30 11 10 29 11 19 23 8 35 7 
39 40 43 4 27 22 45 47 6 5 34 0 47 34 36 25 27 10 14 50 41 46 44 14 10 36 7 43 41 8 48 40 43 3 2 40 41 17 
10 38 16 23 10 42 32 33 33 28 24 5 0 35 9 9 9 45 12 45 26 34 19 21 29 5 40 8 15 41 44 32 47 34 10 1 27 35 
18 36 2 33 27 3 29 20 37 23 40 31 34 0 9 41 45 15 34 42 17 38 19 21 35 17 42 39 47 28 21 25 9 33 25 27 26 44 
44 7 17 43 10 18 17 19 34 8 36 42 2 20 0 27 10 11 48 50 16 18 16 36 14 33 42 17 49 32 49 10 33 15 2 22 28 25 
25 28 1 4 16 34 35 4 5 27 2 49 50 23 28 0 28 11 26 29 22 4 10 19 2 19 38 35 48 4 28 50 48 49 35 36 20 49 
12 2 32 1 10 28 15 15 50 32 27 32 6 4 27 43 0 7 22 15 10 50 36 29 49 37 1 28 27 4 50 15 37 9 30 49 24 48 
21 44 33 4 38 19 6 9 16 48 24 24 6 43 13 22 10 0 49 27 24 33 15 9 1 38 12 50 17 41 24 27 5 3 46 36 29 33 
7 13 17 24 41 21 3 4 4 49 8 3 15 49 31 23 1 15 0 7 35 32 16 27 20 39 19 43 22 19 21 10 7 35 39 4 37 11 
50 43 44 7 47 34 13 43 15 26 26 46 33 3 32 30 44 1 42 0 37 48 35 22 29 31 36 34 39 1 19 26 46 44 12 1 22 13 
29 35 32 14 27 25 44 17 27 37 18 29 28 42 39 13 1 14 16 21 0 16 26 12 1 25 43 47 50 31 3 21 2 10 18 15 16 10 
23 21 11 29 12 5 50 16 11 24 27 38 34 44 49 36 1 48 4 24 32 0 40 35 28 44 37 24 16 17 19 11 27 23 3 28 44 5 
43 4 21 13 35 14 19 20 12 48 10 23 17 10 20 12 43 29 34 36 33 36 0 26 32 34 50 42 13 1 16 31 16 6 31 9 45 34 
12 47 26 16 9 33 39 15 44 50 9 41 16 30 24 45 8 22 7 28 40 29 35 0 23 7 20 46 17 44 17 36 1 26 28 31 33 9 
21 25 3 38 17 41 1 33 23 35 36 7 22 48 10 2 17 44 33 12 4 10 39 37 0 22 21 27 14 9 15 38 49 42 37 38 47 5 
41 24 39 35 40 34 35 10 10 23 20 27 50 9 35 49 21 5 11 36 17 16 46 15 37 0 25 8 47 38 16 36 11 13 48 27 21 45 
28 14 26 5 27 12 49 8 38 9 7 4 1 22 32 27 11 38 25 28 24 48 15 27 38 23 0 45 38 9 15 2 32 14 4 43 41 35 
32 40 4 47 8 50 17 2 44 37 44 4 34 2 10 3 44 22 30 50 50 17 5 18 12 49 23 0 7 25 40 48 29 41 43 30 49 22 
31 17 49 49 26 45 37 2 34 25 13 42 30 21 33 14 42 36 16 35 37 36 9 27 10 27 4 40 0 15 14 42 23 12 31 13 5 32 
2 25 22 19 16 29 24 10 16 46 20 15 16 50 7 14 14 36 46 8 22 40 49 41 47 37 20 34 41 0 31 49 9 28 32 41 12 44 
17 21 7 35 17 45 32 35 25 49 15 35 9 48 46 17 47 10 13 26 32 22 29 9 41 20 35 47 11 37 0 35 10 46 20 48 15 39 
24 5 46 18 7 23 39 6 49 32 34 4 42 32 22 29 36 13 45 43 49 44 48 10 36 24 38 15 5 40 40 0 50 32 28 24 6 17 
8 25 50 41 3 43 39 1 44 20 6 13 32 11 8 4 23 41 30 8 36 33 33 35 24 1 9 43 34 22 15 8 0 17 12 28 38 45 
2 46 2 10 9 43 5 33 3 24 30 32 47 10 38 45 48 32 26 42 16 17 2 34 46 18 22 5 48 46 21 33 20 0 9 21 45 28 
49 27 41 29 2 22 28 30 11 37 13 27 14 19 30 3 47 30 36 44 18 14 42 21 50 35 7 4 48 12 39 40 43 17 0 50 6 36 
14 14 45 25 5 35 31 9 28 35 27 41 30 24 29 35 1 11 36 35 20 29 18 15 24 33 49 49 24 35 47 20 25 18 33 0 16 41 
20 14 29 12 12 22 50 30 14 18 39 10 5 42 7 15 21 16 35 46 31 2 22 37 33 36 44 39 8 17 13 41 13 45 32 48 0 7 
24 8 8 19 35 11 16 11 39 19 43 41 5 4 2 49 21 11 18 42 43 30 27 28 11 23 47 5 48 48 11 11 10 8 48 9 28 0 
28 0 46 42 7 26 45 17 2 49 4 13 12 43 43 34 14 6 15 45 32 30 8 13 14 11 14 42 9 33 31 47 7 44 22 43 15 27 
36 17 0 35 10 27 13 20 35 44 5 5 27 47 4 44 4 28 48 20 33 29 46 13 3 8 19 18 7 7 19 22 1 19 38 20 48 10 
22 3 46 0 44 29 18 9 37 33 37 28 4 4 16 24 23 33 48 41 5 33 2 8 45 13 28 26 33 5 8 9 35 46 44 6 46 25 
40 50 29 4 0 17 26 33 41 4 4 3 49 28 37 40 30 44 28 20 46 1 31 2 42 26 33 25 28 43 9 10 11 29 49 43 49 13 
1 16 26 25 5 0 10 25 24 35 28 21 19 6 2 17 37 50 24 10 49 37 29 34 2 6 48 45 45 43 21 29 45 42 18 44 12 44 
21 47 21 28 19 41 0 6 4 10 38 7 44 24 29 25 34 50 26 22 32 25 20 7 15 30 32 15 49 27 27 39 9 5 43 30 28 39 
22 19 38 29 48 46 11 0 39 2 19 43 5 12 42 42 22 30 19 1 41 6 48 37 27 7 28 33 49 49 39 32 49 48 45 29 7 35 
4 28 25 46 27 29 14 23 0 45 15 35 47 37 26 24 30 38 33 24 32 11 22 20 14 12 41 14 38 44 7 17 14 35 38 27 42 27 
45 30 19 24 5 13 13 48 3 0 13 13 8 20 11 12 5 26 24 32 8 11 34 37 16 27 29 38 49 22 12 49 50 33 3 43 3 6 
8 7 9 8 16 10 28 1 30 25 0 47 5 9 10 14 45 34 16 11 44 3 48 26 26 15 27 41 14 14 25 17 18 9 50 18 18 23 
1 46 25 9 16 47 5 41 44 14 2 0 35 5 49 38 33 10 3 11 31 34 43 39 20 15 37 5 8 29 47 9 43 47 23 34 20 37 
36 38 2 22 35 22 14 39 29 10 27 30 0 36 50 47 8 38 40 8 8 5 44 29 42 48 12 48 5 10 39 33 16 18 46 25 16 9 
10 49 22 26 31 37 28 29 29 44 47 13 35 0 10 33 27 13 32 42 9 10 24 24 25 9 30 41 28 12 12 40 26 31 49 29 42 36 
33 25 8 2 14 20 19 1 43 25 29 50 39 6 0 14 33 8 50 36 26 48 17 2 46 1 18 18 4 22 32 37 32 42 41 31 7 34 
7 46 5 5 24 17 5 12 28 23 6 27 43 24 49 0 43 17 39 16 24 12 2 47 3 15 29 12 39 48 9 49 26 7 50 1 4 31 
21 24 1 47 35 23 45 12 28 30 8 38 39 25 2 15 0 34 22 6 50 3 41 45 6 17 14 20 25 30 20 43 24 46 12 47 16 16 
28 28 30 2 41 38 50 4 1 9 34 47 12 24 28 45 4 0 29 30 29 46 31 21 3 21 32 9 37 35 43 27 29 37 50 6 45 27 
49 13 4 46 2 16 5 36 28 19 46 16 29 42 34 17 37 21 0 47 7 27 32 9 29 14 20 9 32 6 10 12 18 33 19 6 17 27 
34 44 15 16 17 43 14 13 22 7 1 44 12 50 29 10 38 50 18 0 4 25 33 33 8 24 31 19 7 28 33 10 36 18 40 4 27 33 
41 10 39 46 17 42 13 8 39 44 11 34 9 46 19 39 13 3 1 12 0 8 43 37 25 7 35 39 47 16 26 22 47 3 27 48 41 29 
8 9 41 20 50 35 37 9 24 20 38 42 48 6 38 3 15 25 48 24 15 0 40 32 4 17 43 13 23 14 32 32 48 29 10 5 45 11 
43 8 9 1 17 33 16 2 5 18 21 34 44 38 2 50 17 15 19 27 38 3 0 8 22 15 45 43 38 40 14 38 1 44 43 23 18 40 
24 48 7 17 2 12 25 43 39 21 44 31 49 12 46 36 18 24 41 1 38 37 23 0 41 29 12 42 30 21 41 2 16 35 11 44 18 13 
11 36 41 33 30 26 24 49 8 42 2 43 15 26 19 32 17 3 38 26 16 39 41 20 0 45 23 48 20 29 46 38 18 29 23 8 39 50 
18 8 11 49 42 21 21 41 38 6 15 33 34 18 9 7 42 48 23 46 22 38 7 29 5 0 21 12 4 34 15 42 19 31 33 50 45 27 
27 24 18 20 30 8 17 33 38 46 29 30 12 37 26 36 44 29 31 2 32 44 22 10 18 7 0 24 15 47 2 2 19 14 30 16 24 5 
26 43 31 41 46 18 26 34 24 23 28 17 33 38 5 19 44 46 33 3 8 3 23 34 3 36 36 0 45 10 16 32 21 2 31 18 37 1 
11 37 27 47 27 45 35 46 48 15 14 47 50 21 35 33 22 47 24 20 47 39 10 32 32 24 8 42 0 8 15 2 21 19 19 33 9 7 
6 32 8 38 39 5 22 23 48 11 46 47 39 31 34 45 17 4 23 27 45 16 3 37 43 39 34 13 44 0 29 31 39 27 27 16 16 16 
32 9 34 39 10 35 14 13 45 19 35 18 27 2 16 11 33 12 41 30 22 46 50 21 9 29 19 30 7 21 0 13 15 19 29 35 46 39 
39 36 32 39 25 48 20 50 45 18 28 16 29 44 16 25 36 45 37 9 13 30 31 16 35 6 25 7 20 50 48 0 18 21 22 44 26 10 
41 47 48 30 22 15 12 42 14 29 27 48 40 34 35 48 37 27 10 6 16 5 20 24 14 31 46 20 10 46 8 1 0 40 16 45 48 40 
30 42 16 20 25 22 27 49 10 30 17 14 20 34 45 35 21 45 37 28 24 16 42 19 42 32 18 22 27 8 25 39 37 0 8 8 35 44 
36 42 34 43 26 5 1 30 7 40 12 13 17 19 21 9 20 16 14 1 47 28 43 4 6 23 2 6 28 28 13 27 11 41 0 35 4 4 
36 49 12 41 39 36 43 7 10 11 39 4 30 17 43 45 35 47 9 49 30 38 4 4 46 2 29 28 36 2 26 35 18 5 35 0 18 2 
10 8 42 1 48 46 12 13 2 49 11 21 33 26 44 27 5 24 49 46 9 46 38 8 15 21 8 35 5 37 26 32 25 43 26 39 0 17 
49 33 42 42 41 45 4 18 8 4 27 32 9 14 31 37 22 44 14 21 35 36 27 38 28 8 15 24 29 46 40 50 5 10 6 42 7 0 
5 0 18 2 34 40 8 18 32 4 47 24 45 46 4 50 13 19 33 14 6 4 14 34 30 31 39 13 15 27 27 50 8 40 30 18 27 12 
37 46 0 28 10 7 25 12 42 30 34 43 40 38 37 28 43 36 4 41 35 23 4 1 46 4 5 27 48 16 5 17 36 24 1 32 37 36 
47 47 40 0 22 39 2 6 21 25 39 41 22 16 4 27 28 42 40 34 46 33 7 2 48 15 26 25 17 7 17 38 5 41 7 40 7 1 
13 34 2 45 0 26 30 17 37 26 1 2 41 9 32 11 49 42 4 40 46 42 8 13 28 40 14 8 1 36 32 9 14 20 27 29 6 32 
1 7 28 36 12 0 40 26 24 27 49 36 28 7 50 3 50 12 9 6 22 25 6 12 22 16 1 44 42 38 21 32 3 5 18 41 47 13 
10 31 18 38 4 14 0 16 23 24 30 33 7 14 9 19 23 35 7 46 46 6 20 12 46 34 37 6 18 33 23 40 9 6 38 2 29 38 
34 22 43 47 50 42 22 0 12 36 24 13 13 30 21 11 46 2 8 40 20 23 5 18 8 48 41 2 40 24 1 27 7 40 36 1 36 4 
49 7 29 40 34 49 13 44 0 5 3 2 29 14 5 31 12 10 16 30 4 35 49 9 40 32 38 35 47 6 23 45 20 26 42 3 1 12 
30 40 6 5 15 44 38 50 12 0 11 47 47 46 31 20 22 32 19 1 48 39 9 46 14 17 38 32 8 33 4 22 2 30 50 31 26 24 
49 21 6 22 41 21 28 39 50 11 0 43 25 49 44 23 3 3 24 22 45 43 39 27 12 30 18 8 40 45 17 46 1 45 48 33 49 45 
27 49 39 18 25 17 28 40 34 35 11 0 49 49 27 27 10 32 32 11 44 45 42 23 13 39 45 33 16 42 31 1 11 25 9 27 26 33 
27 18 23 49 22 47 34 48 41 46 40 19 0 42 13 17 23 5 50 35 26 26 30 31 34 13 48 3 34 50 25 41 1 2 27 6 15 39 
46 24 45 40 16 48 49 44 47 1 18 35 39 0 20 9 42 50 8 47 37 39 37 24 44 1 48 16 5 40 18 16 8 2 35 10 27 40 
37 11 32 32 41 17 48 36 49 12 5 32 9 2 0 19 9 28 50 9 50 2 40 18 33 44 4 29 36 10 33 4 11 32 2 14 48 16 
6 49 21 27 9 2 36 12 23 31 16 47 50 25 36 0 1 28 39 47 43 50 38 37 38 12 26 16 9 45 1 8 38 22 44 22 1 39 
23 43 38 32 21 21 24 13 39 11 9 19 10 5 14 17 0 6 16 18 12 34 15 34 37 28 17 23 24 29 26 6 3 35 13 6 47 10 
11 29 17 14 25 24 15 8 40 36 47 44 22 17 28 5 39 0 6 8 9 2 5 5 49 50 35 14 6 6 34 47 50 17 8 45 37 1 
49 9 42 20 29 39 32 27 30 7 10 28 49 46 8 48 38 9 0 7 25 19 14 40 10 10 3 6 40 47 27 14 22 42 5 41 47 16 
40 23 16 24 22 21 28 4 28 7 39 39 2 30 50 39 13 32 35 0 20 32 10 27 33 42 30 3 44 38 37 45 6 11 32 48 36 41 
2 48 44 12 7 32 46 18 1 46 48 15 33 29 23 6 28 34 31 46 0 33 32 42 18 35 16 42 13 33 28 21 33 14 49 12 35 41 
8 26 28 32 16 42 35 6 29 6 8 22 50 34 48 18 41 8 21 6 27 0 27 41 41 33 35 23 26 16 2 35 18 39 16 20 9 3 
15 18 40 8 12 7 11 34 42 33 45 23 15 24 41 41 29 14 31 36 38 49 0 31 20 10 41 27 21 40 34 35 15 40 15 26 40 31 
49 15 21 30 8 42 2 29 3 1 29 44 27 11 2 39 23 16 16 37 21 48 22 0 30 40 44 9 49 31 34 50 48 1 11 30 50 11 
6 30 8 29 42 7 40 49 28 13 24 33 26 17 50 11 4 11 2 44 42 40 14 34 0 3 48 20 1 31 43 17 31 3 29 17 36 8 
8 29 41 32 31 13 31 35 17 5 17 1 38 48 50 29 6 20 17 16 25 26 44 38 40 0 18 35 47 43 30 47 50 15 3 46 32 11 
12 11 27 34 49 37 44 4 1 44 45 18 3 47 10 1 20 34 32 36 4 43 14 28 35 43 0 38 8 17 36 36 3 18 18 45 10 40 
33 27 40 1 34 40 24 40 30 41 33 38 50 46 19 14 47 7 20 48 50 49 6 49 36 37 15 0 9 43 50 35 3 50 12 37 8 43 
36 20 3 40 39 6 3 5 21 18 41 17 39 22 12 26 13 41 34 21 42 16 48 25 16 48 30 7 0 31 38 39 9 11 22 12 37 17 
8 11 44 4 45 16 19 25 43 5 28 24 27 38 21 3 38 1 21 23 29 25 41 26 46 25 33 30 32 0 6 17 11 25 10 5 30 41 
17 47 1 29 1 24 43 3 33 4 50 18 6 24 21 41 15 38 34 20 18 8 20 33 40 43 37 38 18 49 0 18 34 42 13 22 4 21 
44 29 1 48 24 14 21 33 12 27 32 47 20 10 22 21 10 23 9 28 18 39 8 37 6 35 35 37 17 27 44 0 3 17 21 22 10 33 
22 45 45 49 1 29 17 5 42 48 40 46 13 32 40 13 27 4 5 21 15 43 39 30 35 16 35 33 30 30 49 39 0 13 39 38 29 14 
29 17 11 42 33 15 38 45 41 4 46 4 40 41 18 17 39 19 30 6 16 15 36 44 34 26 12 49 2 34 25 44 11 0 50 49 37 45 
29 32 28 2 35 44 12 40 29 40 40 32 22 24 20 8 23 48 15 31 17 9 8 4 39 44 8 30 2 43 41 42 31 22 0 10 38 2 
5 32 21 24 5 5 36 22 18 30 10 5 37 39 2 35 7 29 21 25 25 13 42 37 33 39 36 49 48 1 1 15 33 6 19 0 17 44 
8 12 4 22 32 22 15 48 25 16 5 40 8 25 43 40 13 28 43 41 34 42 16 19 37 25 18 29 46 23 31 20 35 41 49 17 0 17 
3 44 41 27 39 8 24 32 10 40 26 8 25 20 29 27 27 10 17 46 36 35 7 5 36 3 3 36 36 5 18 27 26 23 11 35 2 0 
