9
46
8 0 36 9 26 4 8 6 39 12 43 4 34 22 42 44 9 29 47 44 45 27 17 15 9 22 38 32 22 4 15 49 37 7 10 35 44 22 14 38 24 19 1 38 20 34 34 
2 5 0 37 30 50 11 28 36 36 42 21 1 4 17 26 34 35 47 44 18 28 12 8 50 37 16 10 20 26 26 29 46 25 39 37 28 36 24 16 39 10 22 25 44 23 22 
10 21 49 0 36 16 41 26 17 7 41 48 37 43 35 1 9 10 10 13 26 26 16 30 48 48 12 32 6 9 6 37 14 28 16 6 39 21 41 10 38 21 9 32 47 31 50 
32 31 38 1 0 12 15 32 48 46 45 42 1 38 5 10 20 8 1 4 34 9 28 29 13 38 20 1 25 5 18 34 34 18 49 31 1 19 8 44 22 33 30 21 12 48 20 
4 6 29 1 1 0 32 44 47 41 5 3 26 13 43 15 7 43 28 11 9 34 39 25 9 2 1 7 32 2 30 7 18 16 18 16 46 47 5 17 3 41 21 8 27 49 43 
45 2 8 26 37 43 0 2 39 37 16 31 21 50 1 26 12 45 12 48 36 11 46 28 20 11 39 12 9 19 13 31 49 10 9 6 6 24 26 43 15 16 27 32 1 15 26 
5 17 27 29 26 47 30 0 14 33 50 25 39 16 48 32 43 21 24 35 33 11 41 45 21 38 19 20 33 20 35 14 27 5 35 35 45 32 40 37 34 20 47 26 7 31 36 
11 45 34 23 6 8 17 33 0 16 15 23 7 41 7 28 47 44 49 36 48 34 31 14 37 12 31 37 1 14 14 15 39 40 3 9 25 49 47 29 6 11 23 19 20 23 25 
49 30 7 23 4 28 21 34 2 0 31 31 47 12 25 21 16 20 3 50 34 18 39 49 3 49 48 20 30 38 12 12 45 15 38 33 8 45 41 11 38 19 7 1 28 45 2 
36 5 36 45 4 17 21 39 7 10 0 32 4 25 6 8 41 46 41 19 37 33 24 43 14 22 29 42 13 16 12 39 21 9 47 12 16 45 43 9 46 25 27 31 23 26 41 
17 5 31 28 11 11 10 9 20 12 13 0 22 24 25 25 9 23 46 22 11 46 29 45 42 46 3 33 24 12 7 44 20 38 32 13 38 32 38 2 29 12 1 27 1 4 23 
20 34 21 17 4 36 2 16 45 38 11 39 0 33 8 29 37 47 14 18 43 34 42 13 37 27 36 44 44 50 46 3 44 38 23 34 49 3 46 3 9 19 23 37 25 28 43 
6 44 1 25 5 13 33 12 39 28 21 34 40 0 18 42 9 17 50 36 17 2 10 24 30 34 1 11 10 24 12 6 39 10 34 31 1 43 25 42 40 12 27 34 6 29 19 
6 35 17 11 6 37 39 12 42 46 20 22 41 4 0 2 23 38 28 23 33 25 7 38 42 16 43 9 47 6 25 27 19 2 16 45 27 44 13 6 20 50 49 42 35 31 22 
34 38 38 39 39 7 34 46 45 50 48 25 46 14 28 0 42 6 18 20 2 21 26 10 26 30 25 22 4 33 27 15 4 12 44 9 22 9 17 36 20 35 6 22 45 30 19 
18 43 42 9 43 25 16 29 2 9 29 13 9 15 36 31 0 14 18 35 44 14 2 6 7 34 39 32 50 18 15 5 15 47 12 8 29 12 25 35 41 39 33 42 1 44 47 
8 22 35 4 42 4 10 36 5 16 38 36 25 4 44 16 12 0 37 4 15 16 48 8 7 19 40 34 45 6 31 11 5 13 38 31 10 16 14 24 1 5 12 7 42 42 27 
50 31 47 24 22 5 47 30 31 11 15 28 36 2 20 16 30 24 0 6 33 23 38 23 34 50 48 14 4 10 5 42 16 15 43 40 3 49 33 10 6 8 34 8 21 46 39 
29 22 31 40 32 33 37 10 5 13 9 14 24 24 42 44 20 26 19 0 50 14 43 12 17 17 48 15 1 25 39 31 2 39 12 20 42 23 21 24 9 30 6 39 28 45 35 
9 36 14 15 15 32 3 47 25 36 10 15 23 34 19 37 35 16 32 7 0 26 13 5 1 22 50 2 11 20 9 5 35 23 33 40 29 37 11 25 49 50 43 37 34 32 9 
49 41 41 44 21 23 46 38 10 46 32 14 43 16 31 42 27 17 32 26 42 0 41 45 40 50 25 42 34 8 34 27 21 19 14 1 12 21 27 38 32 39 35 23 44 48 24 
18 9 19 8 16 20 3 7 17 9 46 1 44 47 32 13 31 27 20 11 46 30 0 15 19 22 50 29 50 38 7 18 1 43 27 7 33 15 50 18 7 19 12 47 43 16 20 
33 42 1 26 5 46 25 37 29 38 45 1 36 16 41 3 20 10 41 46 8 18 40 0 50 48 31 10 13 43 34 34 22 3 2 17 38 50 12 3 23 27 7 49 19 38 15 
15 2 16 16 43 37 3 21 13 16 3 2 29 25 37 12 44 45 5 23 48 34 50 4 0 4 9 8 18 20 1 20 21 12 33 17 8 48 28 42 47 19 33 40 2 35 49 
33 29 36 15 14 4 15 15 18 31 3 13 13 34 30 35 2 12 47 33 40 46 9 29 15 0 16 4 9 5 16 45 48 19 5 26 30 33 5 38 16 7 47 16 36 6 36 
16 8 17 35 31 28 6 3 9 37 20 8 1 48 50 6 11 3 36 5 44 8 9 1 3 47 0 25 31 27 44 31 23 24 29 1 47 43 20 35 17 43 16 47 39 10 25 
5 41 16 1 36 13 50 1 42 8 49 16 32 35 4 25 27 16 7 48 35 22 47 4 13 41 18 0 20 13 28 12 20 41 29 43 34 15 26 8 18 23 23 37 44 48 27 
39 1 14 19 40 31 33 13 41 33 44 13 38 45 46 31 39 15 46 30 26 4 42 20 10 2 8 39 0 25 12 35 3 6 37 3 18 6 44 39 31 37 29 38 11 40 3 
38 13 23 43 35 23 48 19 2 35 10 44 9 38 24 45 39 30 48 41 8 2 43 29 25 45 26 15 44 0 47 16 32 30 8 15 45 16 33 27 12 6 37 36 18 9 13 
36 2 8 43 41 9 13 49 46 36 21 45 18 40 48 34 26 5 20 28 14 2 24 30 29 7 3 36 36 21 0 17 25 21 13 10 25 8 1 7 8 19 31 13 29 24 22 
15 37 15 22 12 31 49 31 49 35 28 28 14 35 7 27 13 25 20 46 25 5 31 24 26 25 49 13 10 33 39 0 45 6 7 42 16 22 15 9 37 27 40 14 25 47 30 
38 23 1 42 18 38 10 28 48 11 6 42 47 38 32 36 22 17 46 34 23 7 43 42 6 49 17 34 20 35 41 7 0 27 46 37 27 12 18 15 2 36 28 10 32 10 30 
18 22 5 41 19 48 29 14 8 32 30 10 36 19 22 26 9 14 20 50 15 1 1 6 25 4 2 45 48 45 48 12 32 0 27 32 45 29 29 16 43 28 14 39 6 47 3 
32 46 30 10 19 47 12 10 15 17 21 50 17 15 47 35 16 13 34 18 28 10 38 27 48 31 48 27 23 2 13 45 9 22 0 23 6 15 38 27 1 50 23 12 15 24 30 
12 1 47 44 48 26 22 29 26 22 9 4 13 39 49 36 38 14 5 27 41 45 43 41 20 28 37 34 18 6 49 23 3 19 19 0 47 31 29 4 37 23 31 47 1 48 12 
26 38 3 15 35 49 11 48 39 17 8 6 24 20 40 39 11 21 24 36 2 44 20 2 5 9 10 18 4 11 49 43 44 9 3 49 0 32 4 21 1 13 5 30 2 39 25 
5 35 48 35 20 27 28 13 10 32 18 1 11 26 40 44 44 29 19 16 13 16 18 41 8 8 50 24 23 47 15 19 13 31 4 25 20 0 20 42 22 16 31 49 21 32 31 
43 45 12 20 11 2 34 24 13 40 17 8 27 12 27 4 40 13 18 50 38 30 22 15 24 25 37 47 1 32 18 48 10 27 15 6 13 4 0 36 13 35 40 18 15 9 13 
43 30 46 12 42 36 3 32 44 13 23 47 46 37 15 38 23 32 23 20 49 1 47 22 42 37 27 5 16 48 13 8 7 12 32 8 2 40 40 0 32 45 28 33 2 33 16 
8 50 49 48 17 37 43 39 15 43 34 24 20 6 9 48 17 47 1 16 41 35 5 8 36 34 42 41 26 21 18 45 40 27 29 28 7 18 31 26 0 15 18 48 40 25 29 
20 35 23 47 12 37 2 18 25 23 45 42 12 34 45 3 13 44 26 39 35 43 28 32 42 49 16 25 1 23 38 16 33 8 14 8 19 30 10 31 44 0 22 2 6 33 16 
6 48 31 13 6 4 15 37 44 28 8 42 5 13 22 27 17 2 35 30 9 5 21 38 34 34 35 45 45 13 42 22 49 26 44 18 44 39 18 35 2 47 0 14 37 1 28 
25 47 10 18 6 1 21 4 8 2 28 44 29 22 20 20 42 32 36 36 43 30 20 4 33 28 34 1 28 12 41 34 38 7 9 38 35 28 7 41 1 46 19 0 42 41 1 
11 47 16 32 6 33 1 15 35 46 28 6 35 28 17 21 27 47 12 44 6 22 13 32 35 15 25 46 36 48 11 28 14 32 18 38 36 46 6 8 34 24 23 14 0 11 30 
43 30 25 31 19 23 31 47 45 39 34 34 47 42 8 6 30 38 35 1 42 3 10 29 36 31 41 4 11 33 50 50 22 6 22 46 21 5 29 39 47 17 38 30 5 0 2 
49 15 1 28 45 36 29 10 38 40 20 46 46 38 32 28 37 13 40 34 13 42 20 13 35 25 9 46 5 26 16 31 25 34 33 26 4 33 39 15 21 12 18 32 26 26 0 
10 0 41 7 19 31 25 41 21 39 8 46 38 44 21 27 34 6 13 25 39 22 12 6 7 25 4 25 25 14 1 24 38 38 10 15 18 39 36 45 41 41 4 46 26 31 16 
40 18 0 38 38 7 6 8 37 4 49 36 1 44 28 1 16 8 38 34 8 1 35 6 10 45 20 19 34 49 19 17 31 27 10 15 7 38 26 45 19 31 1 6 17 32 39 
43 17 41 0 26 46 8 42 23 16 6 13 28 44 38 38 24 39 36 33 6 25 35 14 44 28 33 44 16 28 50 29 40 28 6 28 2 43 24 23 9 39 4 44 10 45 10 
33 8 31 7 0 13 20 35 27 14 8 4 48 48 14 15 27 46 16 27 23 1 38 11 37 32 16 14 24 17 21 42 5 49 18 1 37 35 21 38 9 6 2 42 20 48 46 
26 10 44 13 9 0 29 33 22 10 45 47 45 26 48 7 11 10 44 17 50 49 30 14 29 42 26 28 19 18 49 46 41 39 37 40 5 31 5 13 14 22 27 8 6 40 40 
45 41 3 45 42 49 0 4 48 47 47 46 16 21 34 1 15 5 11 49 7 7 40 8 3 30 5 32 4 28 22 22 8 40 3 31 37 16 23 8 47 37 41 40 43 9 16 
35 30 13 8 23 48 7 0 33 34 6 33 1 15 37 18 1 20 25 25 39 26 19 4 14 49 32 4 3 20 16 50 15 44 15 21 2 41 21 49 25 1 7 19 25 5 16 
8 21 30 37 21 15 19 20 0 40 16 26 50 10 42 44 5 13 19 6 18 7 1 17 16 10 50 26 50 38 19 50 29 10 33 24 33 23 34 45 35 47 24 26 5 27 41 
12 8 32 47 44 1 19 37 10 0 8 5 14 27 22 40 19 33 21 17 48 41 27 18 11 32 30 24 21 22 33 26 12 40 20 39 19 19 42 25 50 10 24 24 17 29 9 
7 24 46 28 42 5 39 29 1 36 0 40 21 15 15 27 48 15 27 33 44 25 8 33 21 1 42 46 17 38 17 3 2 33 23 23 1 26 45 42 21 23 11 19 4 29 48 
27 11 23 13 9 47 35 36 35 50 41 0 26 27 50 9 23 42 35 33 39 39 42 42 27 23 21 36 12 21 14 40 30 43 4 15 36 44 26 8 6 18 47 39 24 11 1 
18 42 13 1 20 35 21 40 9 36 20 47 0 40 39 12 23 15 22 10 12 33 24 36 24 29 17 27 28 22 43 4 18 17 23 4 45 50 20 44 6 9 3 45 30 17 48 
36 20 45 45 32 17 14 49 18 44 7 39 23 0 4 8 44 19 17 32 2 31 18 36 17 24 46 29 5 3 31 30 6 8 31 31 7 33 27 11 38 4 18 5 10 39 12 
48 41 48 15 34 29 48 15 18 19 34 28 21 37 0 39 10 47 38 15 1 31 43 23 2 11 43 7 45 48 13 13 26 29 13 49 39 7 39 47 2 9 43 13 13 23 6 
6 24 50 45 22 18 46 39 31 5 18 47 4 42 23 0 3 18 6 7 8 50 9 39 50 3 8 42 14 43 38 30 11 29 6 37 33 46 3 42 45 31 41 33 44 22 11 
35 5 29 6 26 8 7 15 6 48 36 50 43 14 27 33 0 46 43 26 7 18 49 6 40 7 16 14 12 28 10 27 46 29 42 24 37 35 37 13 22 5 14 50 39 47 47 
11 28 19 49 45 40 18 15 44 36 50 39 49 10 44 45 38 0 47 22 40 21 1 40 41 49 9 31 4 2 5 50 17 44 11 5 37 44 29 15 37 28 15 49 39 38 46 
39 3 29 11 27 4 18 7 27 11 38 29 1 36 10 14 14 39 0 37 33 46 39 6 8 2 9 32 35 13 7 2 2 3 4 21 28 26 42 29 47 50 37 34 45 49 16 
29 30 28 15 1 10 2 5 50 50 48 21 10 18 22 33 45 21 9 0 36 26 48 15 33 39 22 11 41 33 10 5 11 9 36 30 3 8 48 6 43 1 49 4 21 30 6 
33 11 25 18 42 14 37 13 41 32 15 46 26 30 49 11 23 41 46 37 0 12 24 38 20 26 47 15 17 36 28 44 45 3 34 40 1 17 15 18 41 25 47 46 49 38 12 
23 26 44 40 26 14 26 43 44 10 23 5 43 45 50 21 28 13 38 21 43 0 43 41 49 45 8 23 5 13 16 28 40 33 14 25 39 23 46 2 30 19 10 40 30 28 12 
23 23 42 5 19 33 11 18 19 30 36 46 45 19 42 22 31 29 32 34 23 30 0 21 11 48 32 12 9 2 34 4 11 22 34 36 50 13 8 47 45 30 16 45 46 4 28 
2 33 39 48 30 12 49 44 39 43 3 32 7 38 22 3 16 36 27 26 25 11 34 0 42 9 23 32 37 5 8 36 25 8 21 31 30 20 5 5 42 13 28 46 43 48 31 
2 9 24 27 50 9 20 28 4 41 50 48 39 7 30 12 40 31 8 28 25 37 8 42 0 34 12 32 35 14 47 16 42 45 29 22 24 13 28 8 27 6 30 18 40 30 22 
16 48 13 1 39 15 35 20 7 15 2 32 44 39 28 35 15 7 25 8 3 11 35 7 49 0 12 23 32 23 45 20 18 13 12 46 35 23 13 9 1 8 26 22 8 22 32 
35 20 50 21 15 11 15 22 19 6 13 6 3 27 43 3 47 12 46 34 20 33 44 44 13 3 0 48 25 1 28 39 28 35 18 28 4 33 2 30 9 4 41 43 40 22 17 
11 33 9 5 29 11 12 39 12 2 26 7 9 13 14 41 22 42 18 36 22 35 49 39 21 46 32 0 37 31 30 41 5 22 46 42 16 16 47 50 28 16 46 6 26 29 27 
43 18 46 13 20 2 22 36 46 26 34 20 34 33 29 26 9 33 12 22 35 14 22 48 25 25 42 40 0 20 26 29 24 11 45 3 15 42 18 11 39 33 37 1 16 33 47 
14 17 49 41 38 24 15 8 42 30 46 48 39 45 10 32 17 20 47 11 10 39 31 15 34 41 22 23 39 0 48 13 6 16 29 12 25 42 30 38 6 9 4 3 24 19 44 
30 16 29 2 21 31 20 22 38 25 37 35 7 48 2 42 19 44 17 41 33 10 34 35 41 38 33 42 2 6 0 36 7 47 41 11 6 44 38 28 33 37 44 41 38 39 7 
23 40 4 17 35 10 7 28 12 20 33 44 11 34 48 28 20 32 39 30 39 17 37 47 48 32 16 34 5 39 19 0 47 47 34 15 43 38 36 21 27 1 19 30 41 24 50 
27 45 35 9 24 10 49 9 19 6 3 8 19 4 44 24 24 23 1 37 48 27 19 6 40 35 12 12 30 21 37 47 0 23 49 5 22 49 46 15 10 48 38 16 9 40 31 
17 18 34 28 45 7 41 37 3 1 27 30 19 40 48 38 30 49 20 7 35 21 49 22 25 28 9 41 40 10 11 10 16 0 10 19 45 28 3 26 30 6 37 46 5 45 20 
28 26 13 11 9 18 40 33 46 46 19 12 3 18 49 50 47 43 40 18 14 10 21 4 10 27 23 40 2 48 26 44 28 5 0 1 33 29 29 2 44 20 33 14 23 26 16 
50 9 32 7 40 3 16 27 6 19 5 9 2 33 45 1 32 49 21 26 35 49 18 16 21 19 42 47 49 31 46 48 29 44 27 0 15 8 45 9 23 29 1 49 32 28 21 
28 20 49 19 2 16 3 1 32 2 42 16 36 22 12 20 29 25 23 8 30 8 6 31 43 38 41 49 47 34 50 36 38 1 41 23 0 48 30 30 31 46 29 12 26 23 43 
10 37 12 10 23 24 10 21 41 21 15 18 27 15 26 5 4 49 2 7 28 35 32 39 22 50 46 43 13 2 46 30 8 1 28 4 38 0 38 11 26 27 18 11 20 9 30 
3 16 6 41 26 14 25 17 15 25 6 23 38 23 29 17 9 39 25 35 10 27 37 22 18 16 38 26 31 11 25 12 31 42 47 30 38 22 0 27 32 6 41 36 4 49 15 
50 39 48 10 10 22 45 24 21 27 30 34 24 10 27 49 37 5 50 44 43 47 27 50 30 37 13 44 30 19 42 33 24 3 17 50 29 21 1 0 3 17 7 22 21 1 4 
49 18 6 7 5 31 4 5 23 4 13 48 30 23 9 2 45 2 36 47 11 22 43 27 20 16 5 47 27 36 25 6 49 26 39 46 38 23 15 11 0 30 19 30 14 38 31 
42 29 44 15 12 21 35 4 44 27 25 29 38 39 27 7 28 38 29 7 50 4 35 14 15 23 37 25 17 42 42 30 40 39 25 26 4 13 24 5 22 0 45 33 12 22 9 
36 27 35 23 41 43 35 31 32 39 45 31 1 40 34 11 38 3 36 45 40 49 15 1 4 16 14 24 36 5 22 23 43 7 37 10 41 45 2 50 45 9 0 7 36 32 23 
12 34 21 11 8 30 27 27 20 37 13 35 20 25 29 11 46 28 17 22 39 45 3 24 21 43 1 36 50 31 43 29 19 31 5 30 3 25 47 42 46 16 37 0 1 48 6 
25 27 21 34 14 29 20 11 35 18 31 48 41 15 29 42 27 40 45 35 16 39 21 49 9 22 32 26 26 23 8 3 27 15 19 25 15 17 18 14 9 9 47 37 0 50 6 
34 32 13 5 40 48 7 14 41 37 7 23 26 42 48 45 35 12 11 29 22 27 47 5 27 11 22 31 26 7 42 35 50 3 38 1 13 22 34 10 46 13 24 32 18 0 43 
41 26 16 15 25 35 26 21 35 8 35 8 28 29 26 27 39 34 45 23 23 24 4 48 32 14 29 2 34 9 3 16 38 35 21 47 16 11 33 7 9 30 18 31 16 5 0 
44 0 5 34 20 25 40 38 46 21 18 22 19 33 12 7 25 38 27 5 20 21 44 9 30 11 28 2 38 14 43 6 23 32 28 21 25 19 14 34 13 28 42 15 3 25 47 
28 22 0 1 35 43 42 27 47 35 50 46 4 9 47 39 50 32 28 13 50 37 6 41 32 7 24 43 42 42 29 30 7 6 14 50 31 38 30 1 14 47 36 44 21 29 15 
6 38 25 0 29 11 37 41 26 11 23 31 19 29 19 50 35 5 6 20 40 49 45 48 8 13 3 27 49 3 1 13 21 4 42 18 6 17 13 19 44 16 31 4 27 50 19 
1 32 14 12 0 32 38 1 40 16 11 40 17 17 9 10 42 23 11 11 11 16 37 1 45 18 42 38 27 25 19 42 21 9 44 2 46 35 41 19 25 20 15 26 7 16 1 
47 11 34 24 8 0 43 17 40 3 14 31 20 44 40 1 25 15 48 20 20 9 23 7 15 8 32 42 37 42 2 11 44 29 18 46 28 44 1 11 49 4 19 41 38 15 15 
48 30 25 46 50 29 0 38 47 42 24 4 19 17 27 2 31 49 2 4 37 42 27 45 23 31 15 37 22 16 40 33 19 1 43 35 13 12 46 3 33 7 33 26 23 24 25 
34 35 48 24 21 40 35 0 28 24 21 35 2 15 35 42 17 31 3 42 35 19 25 42 39 19 3 50 21 31 10 2 23 50 7 31 3 24 43 20 43 35 23 19 14 28 11 
32 18 41 41 2 24 31 39 0 6 10 43 10 5 18 40 14 48 15 20 13 3 9 5 40 43 39 33 49 1 47 6 28 11 8 22 33 30 40 8 28 42 11 1 21 10 15 
38 2 3 21 26 5 45 16 9 0 23 13 2 48 13 41 33 39 10 4 16 49 47 47 8 34 8 7 42 21 42 8 34 30 28 2 31 46 31 22 2 34 46 50 49 20 29 
42 46 38 10 23 42 18 45 17 41 0 6 46 37 18 48 3 45 17 15 30 22 20 11 10 37 9 39 3 32 4 48 48 39 6 16 11 5 12 20 17 17 36 12 12 25 1 
44 4 4 31 1 33 34 41 8 23 35 0 28 24 15 3 15 13 13 43 9 8 32 2 37 49 34 48 49 14 36 9 50 35 37 15 35 49 2 3 16 14 49 49 44 27 28 
39 6 15 2 24 50 19 17 43 12 2 17 0 32 18 36 36 27 22 14 36 43 37 50 19 17 12 10 28 45 10 34 9 11 22 45 43 35 12 13 10 31 19 44 3 33 33 
20 36 30 29 22 27 30 42 35 2 6 47 36 0 13 40 41 23 34 29 44 7 11 23 43 2 16 9 5 5 25 44 47 36 34 42 25 48 16 39 7 29 20 37 44 37 39 
27 1 20 40 46 10 25 40 27 10 13 37 28 6 0 19 25 38 11 8 10 11 2 21 15 44 7 46 22 15 37 24 29 7 14 40 8 35 15 29 34 22 46 8 32 12 11 
39 33 39 4 32 27 36 28 28 25 31 6 47 39 15 0 3 25 40 37 34 31 14 17 11 40 24 32 24 38 16 44 39 3 33 18 13 34 11 6 47 44 30 37 15 28 30 
18 40 20 19 22 19 46 28 31 26 17 28 15 9 46 12 0 40 13 31 42 3 15 22 2 20 14 35 40 41 2 28 2 33 11 6 43 5 19 45 26 43 25 3 43 47 7 
47 47 2 32 40 25 35 37 28 4 19 18 50 8 35 7 38 0 29 48 15 45 4 4 3 8 22 19 6 49 28 12 29 6 14 17 38 38 10 13 4 18 47 34 2 24 38 
19 37 41 37 38 24 46 33 12 44 43 49 24 18 7 30 39 50 0 42 41 13 37 41 47 19 28 17 45 48 49 21 2 30 20 3 32 15 12 40 39 34 23 2 24 45 40 
36 45 48 39 9 34 11 34 26 33 46 44 19 11 7 1 36 14 23 0 42 20 5 16 25 15 27 10 4 8 40 36 17 2 30 42 23 48 9 40 38 42 47 45 21 36 21 
44 30 32 33 38 38 2 4 21 32 29 23 24 32 24 7 27 36 48 30 0 42 39 20 35 4 27 24 35 50 23 10 46 40 45 33 31 23 25 3 48 16 49 10 11 44 25 
36 9 14 36 21 10 24 7 29 5 11 47 30 11 14 17 4 48 22 34 34 0 30 49 44 34 2 33 50 14 44 30 10 42 29 42 16 22 15 3 1 23 33 16 29 21 27 
46 42 34 49 46 12 39 10 42 6 10 21 2 19 27 24 43 36 25 2 6 1 0 20 49 46 39 46 21 12 1 15 21 23 8 7 41 16 16 49 19 21 32 38 36 7 1 
14 34 25 49 41 30 4 20 21 45 23 36 3 7 17 18 48 41 42 40 48 44 13 0 36 9 27 38 7 31 24 14 34 43 46 26 12 47 14 11 35 17 4 37 12 19 31 
13 42 2 3 34 47 44 17 3 20 21 40 41 14 43 48 39 48 32 39 43 8 32 5 0 22 35 31 8 23 45 8 1 18 28 15 46 5 29 40 17 41 26 43 6 41 8 
24 47 42 20 16 40 31 30 38 5 11 47 32 50 17 36 45 9 13 21 22 13 50 48 43 0 11 8 15 49 18 16 26 15 15 12 34 17 3 29 19 21 38 41 10 35 8 
47 41 50 5 32 34 44 21 36 11 48 44 27 5 32 16 32 21 40 36 33 17 38 34 20 42 0 30 44 50 35 23 41 14 35 14 18 16 44 37 33 32 44 30 1 37 23 
27 25 37 5 7 21 20 50 25 31 3 17 35 40 4 1 21 2 39 7 31 42 42 15 1 38 34 0 8 4 40 38 37 47 47 16 6 8 46 28 2 21 15 11 34 15 49 
10 47 29 32 23 29 13 30 43 35 34 23 4 20 37 13 46 36 44 17 20 39 25 49 43 26 24 37 0 37 17 32 9 1 2 29 38 29 23 17 9 25 18 5 32 23 36 
42 9 16 8 20 25 40 48 30 21 23 31 39 48 5 26 44 26 3 25 22 3 42 50 35 23 20 35 42 0 3 34 43 26 8 34 16 22 29 48 8 19 3 23 8 15 49 
35 19 5 49 24 29 30 48 14 40 18 17 24 47 5 6 7 27 37 30 5 31 14 40 5 16 29 45 7 20 0 30 34 35 37 39 1 31 44 30 6 14 29 45 45 48 6 
5 1 3 14 47 46 21 36 44 4 5 15 44 8 1 35 42 45 10 34 32 38 9 5 25 13 48 32 16 27 36 0 20 42 50 12 28 43 44 23 34 14 49 43 35 47 17 
50 22 6 30 38 1 35 15 24 17 43 49 39 34 49 39 20 18 18 36 23 45 47 23 43 48 22 26 21 33 46 24 0 8 9 14 26 27 37 40 36 35 28 27 45 35 44 
5 40 36 25 30 26 17 11 44 6 25 33 38 40 30 9 44 41 22 19 41 31 21 23 13 34 28 33 1 45 18 3 38 0 49 44 32 41 47 4 20 7 48 15 8 2 44 
49 50 7 27 35 37 24 17 4 25 20 14 12 47 48 35 11 50 39 23 45 40 46 48 19 47 37 2 13 44 16 13 22 19 0 35 29 26 25 10 32 30 22 46 19 13 28 
35 8 23 22 37 15 20 29 50 10 4 9 8 38 50 22 4 10 9 7 42 44 12 20 9 37 40 8 44 24 44 27 36 42 12 0 30 30 41 8 1 44 43 20 25 25 18 
17 22 32 8 18 36 11 6 36 42 46 3 14 1 26 13 36 26 16 27 24 17 27 21 42 14 3 9 14 49 24 38 46 42 20 19 0 26 36 6 9 17 30 6 21 35 27 
28 8 26 31 8 44 9 48 45 1 46 12 16 4 34 3 43 37 18 8 8 22 31 8 37 50 20 8 11 44 11 7 37 16 37 46 33 0 33 42 30 29 48 48 19 23 15 
20 2 25 15 37 20 3 27 19 6 27 19 45 9 24 1 38 1 41 40 26 1 17 39 20 11 46 38 30 11 25 12 35 23 30 18 34 46 0 7 42 5 11 47 32 19 14 
39 33 7 28 10 47 29 33 40 20 35 37 45 27 24 15 47 9 31 15 35 22 30 6 18 42 45 49 36 16 5 36 20 7 23 13 32 2 1 0 29 33 2 34 11 33 47 
1 31 18 40 14 38 1 5 30 17 4 1 10 19 3 31 48 25 15 50 18 39 5 11 33 46 9 3 32 33 39 19 24 22 42 15 31 46 3 18 0 35 16 27 6 10 32 
42 33 27 3 5 10 46 34 30 13 27 8 8 18 30 48 23 48 29 35 28 39 27 38 50 2 22 48 15 3 13 49 2 1 5 26 27 30 28 29 23 0 40 43 30 39 24 
39 35 38 38 43 29 28 25 5 3 6 39 4 3 38 49 20 27 50 28 7 7 14 4 22 44 20 50 13 38 47 48 50 27 14 38 10 28 10 34 21 27 0 46 2 21 39 
26 26 42 25 21 16 30 11 17 32 22 35 17 50 10 29 13 18 7 8 39 27 40 1 39 42 18 17 8 30 11 12 34 33 18 45 9 38 18 31 19 40 10 0 32 16 26 
12 11 24 43 15 29 45 13 1 49 36 42 37 29 49 14 3 37 21 10 2 34 32 16 20 26 50 26 40 49 18 8 35 14 31 7 43 15 16 32 17 21 32 19 0 9 17 
2 39 33 5 37 23 11 7 25 28 30 9 23 39 29 19 23 2 32 29 7 24 48 42 21 38 22 39 43 31 2 13 7 3 24 12 44 35 12 45 47 29 39 4 28 0 34 
43 27 4 48 49 31 38 31 11 29 41 41 35 49 2 23 14 44 26 17 2 20 16 18 26 38 40 37 32 29 35 45 15 37 46 45 36 45 33 22 26 27 43 46 21 3 0 
1 0 14 44 25 16 45 28 11 33 23 12 36 23 11 41 1 49 32 45 47 27 48 4 8 37 19 12 5 42 25 28 21 47 24 38 27 44 7 14 40 17 4 5 24 33 50 
23 22 0 32 26 29 12 2 25 26 3 11 36 39 47 34 24 20 8 46 42 39 49 24 14 7 42 18 5 30 23 44 30 25 37 46 40 23 17 47 16 19 23 48 35 17 8 
19 17 6 0 44 35 47 29 42 12 24 49 18 19 37 44 47 45 4 10 31 12 2 2 44 1 4 12 30 23 16 2 39 48 49 24 2 49 37 39 47 2 33 26 22 42 6 
48 11 22 23 0 29 45 26 37 47 17 16 13 43 32 36 49 20 46 23 10 21 21 13 43 48 9 16 13 30 30 27 30 3 45 6 1 8 50 38 8 14 12 3 7 37 37 
44 8 12 3 14 0 31 50 32 36 28 48 30 26 20 30 13 7 18 41 36 10 48 26 35 42 20 8 15 46 10 18 6 7 11 15 9 1 27 16 47 31 22 10 29 3 28 
25 18 29 2 5 36 0 17 1 28 47 32 27 12 45 23 35 36 27 10 43 24 15 6 21 12 31 2 44 6 38 39 47 32 14 45 40 37 45 6 33 39 6 33 19 27 24 
15 22 24 46 37 34 20 0 11 5 11 13 8 40 24 34 24 46 41 9 36 46 49 50 34 49 41 22 27 4 19 32 38 45 39 16 30 20 10 2 6 28 21 9 35 28 29 
6 32 49 16 10 43 10 42 0 29 17 23 41 47 46 12 43 8 37 29 25 13 1 8 4 4 36 39 4 8 25 40 15 6 20 35 40 28 38 9 39 28 4 10 50 8 30 
14 6 44 35 14 23 6 3 17 0 6 24 46 12 24 4 7 34 5 27 8 35 27 12 22 16 20 28 40 48 10 42 9 47 25 23 34 10 24 11 18 10 4 4 30 17 33 
26 36 35 21 21 6 23 1 45 37 0 44 22 19 44 46 16 6 7 14 16 50 38 1 21 47 10 44 10 48 32 24 32 6 34 44 42 5 27 40 36 36 46 31 37 40 39 
6 17 22 44 49 48 16 2 34 39 35 0 15 24 11 12 14 3 13 14 13 17 36 1 4 12 29 18 28 30 4 8 15 31 9 5 27 38 5 34 26 17 4 50 6 8 41 
3 29 25 22 43 18 23 28 22 20 17 19 0 33 20 31 38 22 30 31 20 34 15 6 35 27 49 30 38 46 13 36 45 47 21 26 39 4 8 12 41 42 4 37 36 11 19 
23 15 46 29 33 21 25 38 7 38 24 40 46 0 45 38 36 32 10 34 22 22 12 44 42 35 15 19 41 28 31 29 21 25 8 26 16 42 18 31 16 20 9 15 39 16 15 
13 17 3 7 22 28 2 39 48 12 21 4 45 18 0 2 35 10 27 10 3 16 38 19 23 45 15 30 18 2 13 47 6 27 21 2 2 38 22 9 1 19 36 11 15 45 38 
24 13 14 36 50 39 29 13 49 26 48 30 13 8 49 0 35 38 35 15 15 28 24 17 1 48 39 18 10 34 30 27 5 28 7 41 17 4 17 14 9 28 15 22 27 5 8 
9 1 3 35 49 27 50 30 11 50 47 14 39 11 21 19 0 29 19 49 43 3 6 18 32 31 21 21 7 38 13 3 41 46 40 30 18 7 50 32 1 6 48 47 42 21 40 
29 4 38 9 36 3 28 12 6 4 34 21 4 28 6 43 43 0 48 48 7 19 49 31 4 12 30 38 49 38 5 10 26 11 41 43 18 19 29 28 50 13 35 34 27 34 36 
46 4 45 13 6 50 45 15 22 30 23 35 47 6 15 29 24 1 0 45 8 10 13 36 39 24 14 20 48 44 34 15 5 20 26 34 35 4 26 50 10 32 47 19 13 45 35 
33 22 35 35 12 33 33 27 27 33 18 7 39 42 30 47 22 39 15 0 19 15 21 23 31 26 49 2 35 26 14 45 23 44 40 32 48 13 10 23 32 23 44 50 1 17 47 
38 8 31 35 26 31 49 27 21 12 50 4 9 13 32 48 1 13 39 45 0 14 50 11 32 35 12 17 33 46 22 21 22 15 29 12 45 5 42 39 14 25 17 20 20 49 9 
1 10 1 25 43 38 12 22 34 38 47 49 1 14 15 16 31 49 42 28 40 0 31 2 37 44 10 25 26 20 48 31 42 34 26 12 7 32 22 29 34 10 44 46 24 48 6 
41 25 50 10 36 21 29 21 20 20 8 14 32 34 13 37 2 36 8 6 15 25 0 2 8 34 10 20 8 18 47 36 29 40 38 19 50 26 11 12 10 14 13 7 42 49 19 
40 46 21 24 42 10 16 42 41 17 23 42 27 27 1 21 4 24 35 29 25 44 15 0 13 11 41 25 49 43 3 18 10 9 16 20 25 38 45 5 27 14 48 47 3 28 35 
35 36 9 43 10 34 8 20 45 47 31 8 13 2 36 17 50 39 49 13 33 12 7 27 0 34 9 19 8 16 27 47 13 36 27 7 39 40 50 43 34 3 39 21 24 45 30 
33 3 41 47 49 9 4 15 2 24 30 33 10 1 15 50 5 18 50 18 23 36 45 47 28 0 50 46 16 11 44 41 34 32 4 27 16 18 20 29 39 10 21 25 34 10 7 
41 43 19 3 35 4 24 27 8 47 9 45 20 49 13 39 5 9 34 46 2 7 24 50 33 36 0 40 12 9 2 11 12 38 21 10 4 47 9 9 37 11 6 46 31 8 23 
50 30 26 21 17 17 1 14 6 35 19 20 20 50 15 12 18 7 36 48 8 49 40 9 42 47 50 0 47 36 46 11 44 42 10 36 10 37 38 35 45 12 24 15 26 36 28 
39 10 23 49 38 39 45 11 16 2 41 17 30 21 18 4 29 10 24 25 29 10 14 5 26 30 22 42 0 36 34 34 15 24 15 8 40 24 37 9 22 49 32 45 35 20 20 
9 15 27 8 45 5 2 11 50 30 47 19 24 8 17 4 25 33 18 26 44 15 14 28 30 42 2 2 26 0 47 16 30 36 6 22 8 15 29 39 29 13 13 16 29 44 6 
14 1 5 46 7 13 17 44 27 44 1 50 28 4 4 1 35 3 14 17 34 18 37 9 39 47 44 39 14 32 0 50 35 35 25 29 2 47 31 41 4 13 42 30 28 8 16 
1 36 26 12 28 14 15 27 23 46 14 46 7 11 19 29 31 45 44 16 16 4 26 2 5 5 12 11 4 42 38 0 10 2 24 47 9 13 2 4 37 21 8 2 33 39 1 
25 31 35 35 12 35 34 42 1 47 11 25 8 24 2 4 24 32 9 5 45 33 14 11 16 29 42 8 46 8 3 44 0 14 4 31 32 26 20 31 3 26 11 24 50 49 38 
44 31 36 17 35 21 25 34 7 42 17 24 19 33 44 27 47 43 45 17 12 5 43 21 28 4 2 6 29 34 10 15 13 0 29 36 11 23 29 24 33 19 30 48 40 16 3 
1 48 10 50 15 31 6 32 27 40 38 15 39 31 20 20 6 23 32 3 12 41 48 33 4 18 20 12 49 33 8 4 6 26 0 3 4 46 30 20 29 9 32 2 47 24 8 
40 43 13 50 25 25 8 13 42 11 1 28 46 48 12 44 33 45 33 34 10 13 29 16 24 26 4 3 44 30 39 2 10 47 28 0 27 50 49 9 33 47 43 35 43 4 19 
35 22 17 15 49 8 14 40 48 27 15 48 27 49 21 5 20 12 22 49 18 50 20 36 45 35 36 50 38 18 29 36 13 6 42 32 0 37 30 31 31 38 20 49 1 12 2 
23 10 12 42 24 24 21 5 1 36 3 32 20 15 22 15 2 30 49 29 36 22 8 39 19 41 31 41 12 48 1 20 24 44 13 27 38 0 46 45 5 16 8 5 7 30 5 
10 17 10 23 18 20 2 33 17 2 2 23 24 33 43 30 43 3 35 34 8 27 3 46 27 6 35 44 14 28 17 2 10 14 32 15 32 39 0 31 31 18 41 27 12 25 15 
23 12 13 36 15 2 22 47 47 33 15 14 47 13 35 8 20 39 35 1 14 10 2 29 49 5 23 4 16 17 50 41 21 12 33 24 32 29 13 0 16 30 14 17 49 1 18 
43 18 47 10 22 39 27 24 2 14 10 35 38 11 29 18 31 31 33 24 43 35 30 12 27 41 26 19 21 1 43 4 28 31 12 5 8 7 46 12 0 14 48 10 20 14 47 
42 3 37 13 33 37 17 27 26 8 39 36 34 32 13 9 3 2 22 7 7 7 49 24 11 25 36 21 10 46 26 10 48 30 50 24 32 9 18 6 37 0 2 6 5 16 22 
24 14 50 6 45 9 48 7 41 35 4 14 3 9 2 46 18 30 33 29 39 4 33 40 27 45 35 16 20 6 2 45 8 39 1 22 22 4 2 17 13 41 0 39 15 21 19 
7 9 4 41 35 26 23 37 34 20 32 11 30 1 24 32 37 36 33 9 6 14 8 31 24 14 28 16 17 48 15 18 19 8 38 27 13 29 21 26 23 21 6 0 32 40 12 
25 2 44 31 4 4 33 12 14 43 1 24 17 22 49 7 21 37 5 15 42 22 13 48 20 8 15 7 37 35 9 27 42 13 39 26 23 37 44 12 35 8 45 45 0 26 39 
13 50 28 16 1 20 27 25 21 3 40 46 11 46 40 26 25 29 35 24 33 5 33 23 35 34 43 44 30 35 28 18 22 31 46 15 30 22 34 40 1 17 42 37 37 0 28 
27 48 23 10 33 16 11 2 7 8 18 5 32 18 27 33 45 37 25 22 24 30 50 25 47 4 46 46 24 16 13 47 36 8 8 45 22 21 2 13 8 21 25 39 48 25 0 
41 0 17 13 18 22 6 12 16 4 47 49 48 14 30 21 15 29 42 45 22 20 24 11 33 12 25 36 13 15 4 6 12 27 22 14 29 33 6 45 8 35 21 4 11 47 24 
8 22 0 43 43 42 34 45 27 6 17 7 30 7 47 21 50 1 1 42 37 21 42 17 42 33 23 47 38 37 49 21 50 37 38 18 14 20 23 12 23 18 1 17 47 23 4 
50 48 37 0 36 20 4 19 10 4 17 6 1 11 19 37 8 40 7 46 7 44 20 30 8 30 29 39 20 20 20 25 20 19 29 24 50 1 2 29 17 31 28 34 1 8 19 
12 44 36 11 0 12 11 1 17 10 31 18 30 6 42 16 50 40 34 42 37 33 32 46 37 7 38 28 30 26 17 36 29 50 12 17 45 34 10 9 14 19 3 20 44 32 21 
47 38 2 32 38 0 1 10 22 37 31 48 50 4 24 34 22 41 44 45 39 30 45 25 21 17 30 25 29 18 30 12 3 5 37 42 40 28 45 29 35 20 29 25 36 48 35 
7 35 31 47 12 26 0 49 44 41 2 14 31 15 9 26 31 4 8 19 46 45 18 33 44 45 47 16 11 19 2 20 39 24 33 23 41 48 22 18 37 5 12 46 40 27 47 
30 20 10 39 25 18 18 0 2 40 40 3 37 3 15 11 39 25 40 32 25 8 32 36 36 34 33 40 33 42 33 22 44 18 48 18 46 1 30 27 3 22 22 43 34 39 11 
19 3 26 16 37 6 8 3 0 40 48 35 25 6 43 28 35 11 8 18 9 20 6 48 16 38 45 13 30 4 37 40 3 47 23 15 38 8 26 46 16 36 16 9 20 11 27 
25 35 26 38 12 36 16 30 42 0 14 5 10 29 42 43 29 50 4 9 32 28 33 28 41 27 35 12 3 24 5 48 29 5 11 21 29 4 16 25 4 38 18 32 2 33 49 
47 5 24 8 17 6 12 30 50 42 0 7 36 11 27 25 14 7 37 16 27 5 19 22 15 25 34 29 5 44 11 2 27 9 29 39 8 30 16 39 43 17 26 12 30 22 19 
6 49 30 25 11 45 36 6 44 29 33 0 9 33 34 27 7 36 40 40 30 28 32 39 17 35 41 49 24 11 30 8 42 43 7 28 31 26 20 50 7 42 4 36 10 25 21 
34 6 16 11 41 22 40 42 41 25 10 13 0 41 21 47 12 46 15 22 42 16 26 6 47 31 16 41 34 39 25 46 29 43 14 8 43 9 50 40 36 2 2 16 3 21 14 
29 29 11 30 9 22 39 33 6 8 50 20 30 0 25 32 7 4 17 29 31 20 28 13 4 4 46 26 36 40 15 10 4 26 18 38 12 24 9 17 25 41 10 9 50 44 40 
20 15 5 46 48 50 25 40 44 2 16 7 27 13 0 47 3 44 41 48 47 44 13 37 20 34 46 1 4 41 10 19 14 11 15 26 11 32 44 17 11 29 36 24 36 46 17 
32 4 29 38 17 18 3 48 46 8 29 35 13 3 49 0 21 50 35 33 3 47 13 38 36 22 50 25 38 18 8 39 2 25 17 14 48 25 4 44 2 11 14 19 18 33 47 
32 15 13 9 37 40 3 43 21 20 17 43 17 17 44 16 0 30 39 19 27 11 46 40 2 46 46 41 32 42 34 44 20 4 25 19 11 25 10 21 50 49 32 47 44 31 33 
38 27 9 46 34 31 50 6 37 36 25 12 13 41 49 22 1 0 37 26 47 40 42 49 33 41 21 18 20 28 30 49 47 21 14 9 14 23 47 1 14 21 49 39 33 36 14 
47 30 1 28 31 11 18 35 43 46 28 26 6 13 13 30 28 8 0 37 29 41 50 33 35 49 5 37 13 27 41 4 17 48 27 25 38 20 1 49 39 29 37 21 14 36 48 
41 38 1 41 21 32 46 8 23 47 48 16 29 27 24 5 8 2 43 0 12 29 29 39 26 11 28 9 49 50 5 29 19 49 2 15 50 12 37 21 23 21 40 5 28 41 4 
22 23 15 24 29 19 22 25 19 12 49 26 30 43 23 48 8 18 19 29 0 17 28 13 25 44 22 32 20 42 39 25 12 36 7 7 37 34 26 27 11 48 25 33 3 1 37 
7 28 50 24 33 37 10 12 38 45 11 41 31 8 38 2 34 30 38 38 41 0 24 37 37 15 32 42 9 32 42 45 10 24 7 15 4 21 18 7 38 2 24 20 12 26 43 
45 19 23 47 42 4 15 14 46 34 41 14 9 1 45 2 30 46 50 1 17 24 0 43 34 32 16 24 50 36 17 4 25 11 22 37 24 36 35 1 42 46 11 12 32 14 7 
10 6 43 1 44 24 13 26 27 22 26 40 16 27 30 15 28 30 30 16 3 37 14 0 22 17 45 46 9 6 6 13 12 21 25 7 18 7 36 23 30 13 36 46 16 48 46 
20 24 12 31 34 33 3 48 4 23 43 22 35 49 29 4 20 21 9 15 19 41 21 12 0 9 43 7 50 3 18 42 48 25 21 26 22 47 25 23 31 9 24 22 34 26 36 
1 24 2 10 16 25 8 33 27 30 4 1 23 42 26 3 45 36 31 45 47 14 24 7 8 0 45 49 28 6 46 20 37 37 23 42 33 48 44 2 17 41 42 44 46 18 47 
3 32 5 7 29 36 3 32 39 38 1 46 3 21 26 30 28 31 11 18 14 1 50 44 5 1 0 34 14 5 6 21 29 39 11 43 18 23 50 18 34 34 5 34 5 33 3 
42 32 41 11 15 13 35 1 33 3 32 12 2 29 2 39 28 34 17 22 7 42 29 9 8 28 14 0 27 34 9 17 46 12 2 9 3 23 44 42 9 44 38 28 40 37 12 
48 39 33 45 28 50 38 11 47 1 4 33 4 37 49 9 18 24 36 36 1 1 20 49 16 34 42 9 0 28 19 14 39 23 46 31 26 45 39 32 17 8 1 5 9 50 41 
41 6 10 36 21 4 5 1 12 48 20 35 29 45 8 30 33 29 37 15 10 8 6 24 15 30 43 19 28 0 50 46 12 49 26 43 37 49 43 49 11 35 22 35 34 7 11 
10 37 10 29 18 27 23 36 31 34 50 37 22 41 12 36 23 12 2 8 36 4 2 22 31 41 30 27 31 38 0 24 23 18 5 20 6 10 50 33 19 40 14 45 10 38 13 
22 8 50 50 50 23 32 49 26 6 36 38 49 28 48 46 5 43 10 27 19 18 22 6 26 24 30 34 19 22 9 0 42 35 18 20 23 28 32 39 1 42 19 30 15 21 22 
2 6 22 44 10 3 1 11 45 4 37 44 24 26 44 48 31 4 48 44 4 31 8 25 19 24 5 10 36 50 39 8 0 35 4 23 24 13 25 13 7 42 24 24 16 37 34 
8 14 7 45 39 26 17 27 19 21 48 47 25 36 49 41 25 45 16 30 10 20 4 20 35 6 42 41 3 30 8 43 39 0 36 17 42 3 42 12 14 41 9 36 3 27 17 
50 27 9 1 50 29 1 7 24 38 10 37 10 33 34 27 25 39 14 6 8 39 20 7 39 34 34 3 40 1 35 2 44 19 0 6 16 32 3 31 29 43 33 12 29 32 16 
33 29 31 14 35 47 39 22 9 12 8 2 12 16 46 49 18 23 4 9 44 41 28 18 45 22 9 35 14 26 27 41 26 24 2 0 5 22 26 17 39 13 23 10 45 8 31 
41 15 33 44 15 39 26 23 22 43 2 13 19 13 38 5 8 34 35 18 26 39 15 41 27 42 7 15 47 21 31 33 11 15 32 44 0 2 20 11 39 16 4 2 10 4 10 
7 5 1 8 15 27 11 41 5 2 50 43 18 23 33 11 26 2 12 19 2 5 31 44 3 39 23 46 2 23 38 6 37 17 36 3 14 0 39 7 4 22 21 11 30 44 10 
2 39 6 5 29 1 48 35 8 3 24 7 6 26 5 15 39 33 15 45 6 2 38 31 48 37 45 8 48 32 45 1 50 43 38 35 41 48 0 45 37 9 3 9 34 29 7 
34 31 50 8 32 28 16 50 5 1 2 26 8 42 6 40 38 27 8 23 8 13 39 20 25 41 38 28 37 4 43 4 2 41 3 14 8 41 50 0 17 36 1 39 38 33 16 
41 3 32 19 15 33 26 6 50 22 43 30 33 42 40 38 14 2 8 48 24 17 39 42 32 48 27 42 38 7 24 2 37 9 1 36 47 18 39 11 0 29 47 41 32 22 29 
8 9 27 49 37 38 30 36 43 24 15 40 37 18 6 35 19 44 48 42 43 24 41 5 41 46 13 48 20 27 27 7 21 4 40 18 15 39 21 37 22 0 2 17 27 22 8 
32 22 5 44 28 48 35 30 36 34 19 22 8 41 25 33 17 16 47 8 19 33 28 39 20 31 23 11 21 42 8 15 34 34 15 42 43 26 50 30 23 42 0 19 7 50 43 
32 30 12 40 35 2 30 14 40 49 44 17 25 48 25 24 10 44 27 4 39 24 27 33 40 42 16 18 36 27 15 21 39 27 49 44 50 31 7 6 35 20 45 0 17 49 27 
2 3 5 49 33 25 31 46 5 8 3 29 1 44 36 13 29 13 34 23 28 48 49 31 25 29 38 21 20 20 30 11 35 13 41 14 13 37 45 41 41 43 23 42 0 41 21 
31 14 20 23 41 33 33 26 49 4 4 25 25 4 38 10 27 36 29 43 44 38 4 23 50 42 18 44 33 36 25 8 40 4 49 24 1 48 29 47 28 10 14 37 10 0 39 
13 42 4 31 17 38 13 49 27 43 11 48 23 49 15 40 43 14 30 46 35 21 5 14 10 30 7 32 15 35 24 17 13 12 30 27 40 2 20 38 45 42 28 7 14 3 0 
25 0 30 33 39 17 1 8 15 5 43 37 41 22 37 32 32 35 43 19 44 36 12 20 39 50 42 45 43 1 44 44 49 50 7 6 27 50 27 18 24 10 49 8 38 41 50 
30 33 0 6 14 8 36 38 21 18 14 11 45 39 26 7 16 14 12 49 38 41 16 32 5 33 8 25 46 35 37 5 33 49 50 12 12 37 38 36 9 12 30 39 43 17 5 
38 43 17 0 44 36 46 39 3 10 15 2 2 31 50 11 43 36 32 9 29 46 40 14 46 30 26 26 41 27 12 27 40 39 28 21 32 29 41 2 9 44 46 41 47 10 35 
7 37 48 19 0 44 8 34 38 9 48 30 22 15 10 21 48 27 49 39 12 14 4 29 30 14 45 30 1 35 1 50 17 36 45 19 39 44 8 18 20 7 1 19 23 3 8 
27 43 38 46 20 0 43 9 48 22 4 8 19 6 49 29 33 4 9 49 13 36 21 41 33 5 19 31 19 6 14 35 7 27 6 19 38 13 39 31 8 8 38 24 16 31 25 
2 19 42 24 48 11 0 24 40 23 7 2 6 42 1 12 40 43 8 19 2 42 1 31 42 21 15 28 42 5 48 48 26 2 30 18 12 28 33 17 25 33 37 33 13 36 8 
48 31 46 19 46 16 47 0 29 34 1 39 1 3 33 33 33 36 25 9 27 4 13 34 1 12 10 42 45 20 5 18 18 6 13 18 48 46 37 3 32 29 24 47 17 23 28 
30 34 42 50 2 9 4 10 0 5 35 47 46 7 37 24 3 10 29 34 22 45 41 16 36 37 49 23 28 48 31 17 18 28 35 30 9 3 20 3 10 14 47 9 33 1 1 
31 17 9 27 14 18 34 2 34 0 40 18 7 13 4 37 27 12 25 19 29 18 23 7 15 50 40 26 24 8 49 32 34 35 37 18 6 19 22 17 49 35 27 1 41 41 46 
7 50 24 38 35 35 14 23 34 9 0 11 44 27 25 43 10 44 35 9 35 23 27 36 31 8 41 8 21 45 41 22 17 25 5 33 27 50 20 14 47 20 13 3 10 46 26 
45 42 6 25 33 17 33 7 24 31 14 0 43 30 44 27 43 28 43 38 45 20 23 42 17 10 24 21 12 15 10 24 27 36 33 46 16 16 20 8 6 35 18 31 3 13 8 
41 20 20 28 35 10 22 2 6 23 1 40 0 15 9 46 21 42 14 7 37 8 47 49 12 28 9 36 33 11 2 43 39 4 3 34 1 43 38 26 14 6 35 28 24 16 26 
5 49 11 14 27 17 46 26 50 44 22 9 50 0 27 25 40 41 5 30 12 36 12 26 45 29 5 39 44 32 24 20 25 46 2 4 37 23 47 26 26 44 29 4 40 30 34 
38 50 39 16 44 23 44 4 41 43 24 16 36 22 0 28 3 45 27 25 48 13 48 23 39 18 45 29 5 19 8 9 36 16 45 17 40 5 17 30 47 31 43 12 12 14 7 
12 4 49 42 34 27 16 32 21 41 28 1 49 49 45 0 40 35 34 34 39 1 41 5 39 48 29 48 28 17 20 37 11 26 11 34 25 7 28 24 33 20 34 24 27 13 4 
18 31 3 42 9 28 28 25 6 21 50 10 44 6 30 39 0 15 1 4 17 26 38 16 20 34 7 11 2 19 17 17 29 27 45 11 17 25 26 12 9 34 1 5 13 26 47 
35 18 4 31 20 24 23 47 28 31 15 34 8 2 18 27 7 0 40 5 22 34 50 46 14 14 39 40 46 33 26 33 4 44 37 23 44 49 38 48 44 6 30 17 30 2 42 
19 11 42 8 44 16 9 5 13 36 22 40 18 31 35 28 14 3 0 48 12 41 22 29 25 28 19 42 11 16 4 33 16 12 23 21 29 5 26 32 17 45 39 24 38 22 9 
21 18 10 29 17 15 33 40 2 48 33 17 30 26 25 48 40 10 3 0 7 29 46 10 6 23 39 21 32 18 2 48 42 3 20 48 24 2 38 38 19 34 23 21 24 47 38 
46 7 43 47 50 15 35 16 31 26 9 4 6 28 44 2 23 50 50 41 0 15 11 28 1 47 2 22 34 23 7 25 36 10 36 43 14 39 21 3 33 8 38 40 23 16 48 
33 10 25 33 50 21 24 6 24 36 30 42 50 49 44 1 44 25 2 23 45 0 21 35 31 13 3 48 18 34 27 22 6 36 50 20 12 9 40 7 4 12 4 12 8 35 48 
21 5 39 7 45 16 21 44 3 13 26 45 21 48 24 7 23 47 14 24 7 1 0 29 32 42 4 18 48 11 42 9 27 46 16 32 44 29 27 33 7 35 43 47 7 37 15 
20 9 31 6 31 15 44 11 41 20 26 8 16 42 48 23 33 12 4 49 50 5 17 0 30 28 47 14 8 39 15 5 23 46 28 34 9 18 5 11 44 33 35 25 12 19 22 
12 42 9 12 10 35 4 39 15 15 43 1 29 35 1 37 22 27 16 4 12 38 8 39 0 6 28 2 10 16 15 31 5 12 7 36 23 50 28 5 20 19 8 13 19 16 17 
27 26 44 47 13 49 47 16 11 24 35 20 7 33 33 45 23 1 35 39 40 22 50 29 37 0 45 22 46 35 5 26 40 24 39 1 26 17 19 2 33 9 46 46 12 38 30 
21 23 38 25 35 13 35 28 28 5 27 15 10 19 27 1 31 7 49 46 47 19 32 8 28 5 0 49 3 31 44 27 38 42 8 25 50 9 11 20 13 5 47 12 46 50 3 
9 34 6 8 16 40 14 43 34 3 41 30 47 31 15 33 47 34 29 39 24 3 44 28 42 21 37 0 36 41 1 7 36 9 26 46 15 47 23 29 37 24 49 25 23 9 29 
15 39 49 23 50 29 17 11 30 7 41 29 16 46 4 29 3 33 46 6 22 21 35 50 36 24 5 43 0 16 25 29 22 19 14 6 48 38 18 2 29 20 48 47 40 25 19 
8 34 34 46 46 42 27 4 8 44 5 49 38 26 25 24 45 5 29 19 10 3 40 6 42 35 32 18 37 0 24 24 46 26 18 17 21 10 21 29 37 46 16 7 12 44 40 
31 26 5 46 4 43 12 6 9 5 45 28 5 12 10 9 18 34 21 9 23 20 9 4 15 25 26 42 24 44 0 47 28 12 2 5 6 14 41 21 32 35 21 9 12 27 33 
16 18 28 38 49 23 42 36 17 11 18 1 31 29 17 21 33 15 9 17 16 3 7 5 45 27 13 39 25 3 12 0 48 27 33 9 8 15 37 46 24 36 27 36 44 39 14 
11 43 15 15 38 44 4 10 17 14 11 24 43 23 11 4 11 15 50 21 24 49 20 9 6 46 20 36 32 40 17 13 0 16 32 17 20 24 10 15 18 45 18 17 46 48 42 
44 23 13 33 16 21 45 19 40 12 24 6 9 43 25 18 29 28 47 48 8 12 7 41 30 2 1 32 27 7 33 25 12 0 15 3 47 23 49 24 46 19 48 43 5 47 18 
2 23 43 27 39 40 49 50 34 33 17 22 3 15 21 13 43 33 30 49 45 44 40 28 46 30 4 1 30 11 19 3 45 12 0 50 28 40 50 19 44 27 13 32 20 31 1 
46 9 26 6 5 11 26 48 24 8 33 16 31 9 36 48 20 23 14 15 28 41 16 44 24 43 15 37 23 33 13 21 47 46 34 0 46 26 25 6 9 27 47 39 42 46 24 
20 10 9 30 43 9 6 17 23 6 43 32 32 13 46 40 26 42 46 13 19 36 25 40 22 46 18 6 38 31 3 24 48 1 24 5 0 28 44 40 4 15 31 23 29 3 44 
43 44 13 38 22 48 47 34 5 34 35 19 8 47 42 1 30 42 3 20 35 32 40 42 12 32 2 43 48 39 14 46 37 28 3 25 43 0 50 10 6 28 15 46 40 20 9 
36 44 13 15 1 31 27 34 10 12 4 22 27 40 47 4 37 17 21 39 33 31 44 18 8 31 33 48 43 20 37 1 22 3 47 9 30 33 0 38 34 20 4 18 42 21 22 
23 21 10 24 29 29 20 31 27 5 50 46 8 21 48 29 42 41 25 4 50 25 43 38 25 4 29 37 20 30 13 2 47 37 8 13 39 19 41 0 9 31 41 27 42 9 35 
25 17 36 42 12 28 18 18 22 48 28 22 50 25 50 33 12 47 43 48 49 21 14 36 40 23 50 17 23 9 49 2 30 40 29 13 2 28 18 36 0 35 30 15 10 36 18 
20 16 9 49 30 30 50 11 37 4 4 50 2 40 28 2 45 14 50 26 42 11 46 38 31 34 29 7 14 20 7 4 1 23 3 34 8 25 30 20 2 0 19 3 25 9 3 
27 29 9 34 35 2 11 10 27 10 21 22 18 46 1 44 48 18 48 1 50 30 37 44 44 20 35 31 25 23 8 21 29 29 8 1 48 31 35 6 44 41 0 46 44 14 37 
8 34 19 9 22 36 28 9 3 47 42 16 40 16 18 30 36 4 3 50 43 39 39 50 46 18 33 43 7 9 34 44 30 7 13 1 12 16 2 22 44 20 26 0 11 10 33 
41 20 39 14 6 43 42 15 44 19 46 19 13 5 4 36 2 45 13 49 36 33 3 17 19 20 3 31 6 23 13 28 41 14 27 13 5 44 3 42 3 15 14 44 0 6 43 
3 47 19 9 19 32 49 12 47 8 17 22 46 36 41 11 9 21 7 18 29 50 28 41 31 9 42 22 46 21 20 10 11 26 17 6 13 48 5 31 30 30 17 20 47 0 33 
49 18 2 42 7 44 37 38 15 3 20 28 28 11 41 28 16 26 38 8 12 20 20 35 49 11 16 26 39 49 34 9 45 49 10 25 20 5 15 27 23 23 11 14 37 35 0 
21 0 45 41 3 15 41 32 40 22 29 48 18 44 46 28 12 50 16 20 11 34 29 1 17 8 11 12 12 35 39 9 6 48 14 41 22 35 37 35 43 27 5 28 32 27 3 
12 20 0 49 12 24 46 45 26 1 42 45 25 45 4 30 21 5 33 20 43 20 30 5 7 27 13 32 27 35 29 2 20 40 5 50 43 13 24 16 14 11 22 14 49 28 11 
42 31 14 0 7 1 45 12 34 34 32 15 43 35 11 14 18 42 22 41 25 35 41 5 38 8 32 18 6 33 48 17 7 29 17 21 2 14 28 29 7 8 7 22 19 28 20 
39 5 1 43 0 31 42 9 3 27 2 27 26 49 20 28 6 2 36 16 9 14 19 41 13 5 14 44 35 17 29 19 37 10 38 43 14 6 40 18 26 48 27 41 19 26 38 
30 10 30 3 6 0 37 3 20 6 21 14 39 39 17 48 25 36 48 33 40 17 12 27 14 1 12 18 41 11 38 29 22 37 17 35 34 5 15 24 33 34 40 32 23 50 18 
2 1 28 24 42 43 0 37 36 22 18 33 16 2 44 19 13 10 19 43 43 2 22 33 15 20 21 25 1 7 27 30 5 14 33 10 18 14 38 47 37 36 2 46 17 2 40 
13 30 15 21 31 14 30 0 8 16 31 18 13 4 21 18 36 29 45 39 29 2 20 34 1 50 22 23 6 8 1 27 17 13 31 8 46 37 36 47 16 25 7 18 30 50 1 
34 27 19 50 23 1 28 23 0 38 44 46 14 22 9 41 25 1 16 5 2 50 24 13 23 50 44 49 23 4 46 2 4 2 49 38 47 38 8 28 26 39 41 43 15 50 23 
14 38 25 1 7 2 26 48 1 0 11 14 47 1 29 2 6 20 43 42 42 13 23 21 45 37 44 38 29 14 10 31 49 24 28 30 12 48 3 40 1 29 4 49 28 33 42 
8 49 25 34 21 1 23 8 11 41 0 18 31 15 13 14 48 35 41 31 16 24 24 50 41 8 17 4 42 14 10 25 44 12 46 37 39 5 30 40 30 27 16 17 39 44 18 
39 27 37 32 19 9 47 18 19 34 50 0 34 26 5 48 31 44 1 17 24 19 19 27 25 44 5 2 2 40 8 7 11 47 41 28 27 6 33 41 17 47 45 27 3 40 21 
4 36 32 46 22 16 23 21 50 21 50 12 0 38 14 7 46 29 11 28 40 38 36 27 21 25 12 11 1 28 24 42 25 36 23 2 17 20 44 36 41 39 27 41 8 28 45 
45 28 10 2 17 17 25 50 34 18 9 11 22 0 11 6 22 44 26 29 25 26 15 13 41 27 35 25 38 2 11 45 20 44 31 17 33 42 26 8 26 1 36 40 34 8 9 
22 26 35 17 34 16 29 4 19 30 15 19 26 32 0 42 38 49 23 23 40 18 41 44 23 31 18 19 3 25 40 26 30 34 18 14 50 3 36 28 30 41 41 12 38 18 24 
1 26 35 14 38 17 11 19 41 31 33 12 37 17 48 0 27 30 30 5 36 36 8 19 43 35 14 46 44 49 28 30 7 5 7 17 43 19 11 3 9 19 15 27 33 17 41 
49 12 33 15 12 33 34 33 39 44 8 43 29 25 22 17 0 21 14 2 27 8 30 50 5 8 19 28 46 17 22 32 37 26 45 15 34 12 35 17 48 24 23 19 23 36 27 
33 29 38 3 44 13 31 41 34 20 12 28 7 43 6 38 16 0 18 13 21 17 35 10 38 6 36 48 5 4 35 11 27 20 32 36 50 8 15 28 19 6 36 11 46 23 35 
28 24 42 36 8 2 11 15 10 49 19 50 47 8 16 27 37 49 0 9 35 8 26 8 6 30 1 41 45 16 32 24 14 16 21 9 25 13 19 28 10 17 5 23 38 31 9 
18 20 3 30 49 13 38 39 27 3 17 37 6 7 12 17 50 28 25 0 5 35 27 50 42 14 19 22 50 19 4 4 20 26 22 34 22 42 36 34 11 27 27 45 7 8 27 
13 21 48 50 6 45 13 26 24 42 20 11 16 30 41 38 21 24 49 47 0 11 34 24 41 25 14 45 14 29 8 32 44 34 38 6 1 2 19 48 9 7 50 48 42 2 32 
20 4 21 39 7 22 8 12 16 29 48 8 25 42 1 49 48 16 11 27 27 0 29 24 41 37 2 26 40 41 11 37 33 39 44 44 41 44 40 1 10 36 23 22 28 4 45 
45 7 9 8 3 32 32 26 5 42 31 30 3 6 47 18 22 6 43 16 19 31 0 48 10 5 9 15 1 41 5 8 47 38 43 8 19 32 33 9 5 1 14 40 3 11 15 
37 46 14 19 2 17 35 38 27 14 9 49 3 44 17 31 35 1 35 34 43 11 49 0 28 37 39 48 39 15 5 41 45 50 41 22 20 38 23 3 41 13 50 16 44 10 33 
30 15 38 21 30 40 19 27 22 27 47 36 32 13 20 46 24 22 23 14 49 13 23 48 0 44 12 48 44 22 44 45 6 18 4 10 33 2 44 25 2 27 24 19 46 23 3 
41 40 22 17 26 45 21 47 34 17 43 41 28 19 42 26 5 29 32 42 18 29 3 37 45 0 30 48 22 38 26 44 27 25 41 21 8 22 6 18 1 35 22 20 43 41 11 
17 7 10 2 20 40 14 31 35 13 37 36 22 46 48 50 9 9 24 16 16 37 48 34 4 49 0 12 32 8 46 9 11 46 34 14 41 12 36 6 4 13 45 7 8 22 36 
35 22 4 36 14 11 20 26 46 31 9 26 48 21 29 33 24 40 4 27 40 38 33 7 38 23 3 0 20 3 22 31 41 13 18 15 40 29 22 33 49 41 21 39 33 33 36 
39 36 26 31 21 17 5 45 46 48 39 47 48 41 8 1 24 25 1 19 14 30 6 39 4 2 7 6 0 36 20 50 50 25 2 35 18 44 22 1 14 36 18 23 18 1 32 
24 43 41 41 48 14 33 14 23 9 30 38 27 19 10 49 9 26 49 39 23 46 6 41 7 2 25 37 33 0 46 8 39 38 23 29 15 15 46 23 36 18 11 30 27 38 7 
46 33 4 37 10 47 19 12 10 28 37 1 34 46 40 47 32 27 1 42 50 5 41 46 35 13 4 13 22 12 0 17 29 3 1 7 42 34 46 37 12 20 26 13 1 28 15 
13 28 47 22 30 3 27 47 7 41 42 9 3 47 44 7 41 48 12 9 48 33 40 48 14 36 41 39 22 24 43 0 40 18 21 1 26 17 1 33 14 3 7 44 16 50 25 
44 40 19 14 36 15 39 20 17 30 39 50 8 44 13 38 26 34 49 3 41 33 47 18 41 40 16 48 6 42 40 24 0 48 39 43 1 21 9 39 29 2 48 4 21 38 17 
43 39 2 15 32 11 18 48 34 11 44 2 24 47 49 42 14 25 41 15 2 20 2 13 18 17 46 21 2 44 30 26 30 0 24 47 27 47 42 11 29 6 50 5 33 7 19 
35 43 30 11 34 29 30 24 16 24 38 39 47 15 16 48 47 41 32 19 22 50 50 23 45 23 15 12 9 3 16 19 6 49 0 33 4 41 42 10 1 46 7 9 24 39 8 
45 47 14 9 3 15 1 39 47 36 43 7 16 12 14 18 15 13 8 19 34 48 33 13 7 6 31 31 23 16 42 26 35 37 28 0 19 49 1 50 2 19 18 3 47 11 35 
26 48 37 28 42 46 16 20 25 48 14 2 2 47 34 21 16 31 45 18 23 30 35 46 20 15 14 7 1 16 46 36 2 23 31 33 0 45 45 25 46 10 15 12 31 5 48 
49 3 18 48 3 22 3 44 12 46 14 42 9 28 33 9 19 9 2 29 50 30 17 1 27 21 7 49 8 8 18 5 41 23 16 11 40 0 4 14 25 34 9 11 35 20 3 
37 47 14 2 46 3 29 27 48 19 37 18 22 32 15 4 36 4 28 10 2 36 13 22 20 16 46 28 45 41 20 32 31 24 35 11 36 7 0 12 15 26 14 25 47 25 22 
32 33 10 30 23 7 7 11 2 1 35 42 32 31 8 2 32 8 50 5 37 49 48 5 18 30 43 14 35 38 12 16 47 49 35 14 18 16 18 0 14 25 21 23 34 26 45 
25 32 8 24 32 17 48 21 36 34 36 6 12 43 15 44 26 14 40 19 45 34 47 45 35 17 40 37 30 16 26 14 29 24 5 11 6 11 6 45 0 19 27 13 1 28 12 
4 25 50 32 46 9 45 7 50 42 36 13 39 16 28 12 41 20 8 22 27 39 38 4 39 15 8 45 1 18 21 46 17 24 14 16 37 49 21 18 20 0 22 24 14 25 43 
23 41 18 8 36 44 44 7 35 16 37 46 43 31 1 50 7 32 22 41 47 16 2 13 25 43 49 41 3 6 15 25 29 46 43 17 28 43 33 27 2 11 0 39 48 29 42 
6 41 17 20 16 43 42 35 47 7 39 6 34 44 45 3 5 30 2 13 17 48 38 34 23 15 50 45 39 37 28 5 34 33 37 9 25 34 40 23 33 45 50 0 37 29 23 
10 39 32 49 7 9 47 17 26 9 4 33 47 2 43 48 47 11 30 35 22 2 7 37 29 21 40 30 30 23 49 1 6 1 5 12 14 40 31 19 8 18 8 29 0 5 42 
37 39 30 36 49 40 7 44 1 9 32 45 20 36 20 18 37 3 11 3 27 47 47 32 35 7 30 12 28 4 44 29 33 38 35 1 50 44 25 9 44 13 50 47 30 0 19 
20 45 50 41 31 5 19 3 15 40 43 49 2 42 10 46 17 48 15 4 13 33 1 19 18 44 29 2 9 15 48 50 3 16 38 35 13 37 23 40 10 31 23 46 8 2 0 
43 0 33 50 49 46 3 33 26 7 37 45 31 23 38 26 18 44 1 43 44 46 36 5 25 34 30 25 25 44 33 10 6 11 17 1 46 2 11 19 45 17 28 10 1 41 32 
15 36 0 14 43 37 23 3 15 6 7 29 26 15 17 29 8 32 24 28 40 21 7 37 30 16 34 32 48 28 19 27 5 34 3 15 39 12 2 46 38 3 47 11 45 18 27 
46 3 17 0 9 46 36 24 2 12 9 49 34 28 4 42 5 37 38 31 25 42 13 2 40 47 31 29 40 37 24 46 43 13 39 38 30 31 19 24 41 32 33 42 7 41 28 
24 42 46 49 0 10 24 14 43 35 34 1 28 13 16 8 34 16 38 13 6 22 39 16 12 24 19 14 40 44 10 21 46 49 20 7 37 44 38 15 23 29 21 5 5 30 4 
7 8 34 48 17 0 5 45 35 7 36 27 35 25 42 10 25 50 26 13 6 29 44 9 21 40 28 23 40 27 2 35 12 33 21 13 7 7 46 43 17 2 15 13 22 11 10 
14 24 14 5 21 29 0 42 25 25 14 50 13 9 40 32 5 8 6 1 15 2 4 30 4 18 4 34 47 4 15 31 37 11 30 14 50 27 23 31 7 21 9 46 49 7 44 
37 3 35 47 7 8 22 0 47 9 11 45 11 37 17 46 45 21 11 33 13 3 30 26 33 29 36 26 45 44 44 8 31 47 25 18 31 12 8 8 24 16 15 22 4 5 16 
36 14 12 27 39 36 17 44 0 41 8 28 3 18 21 33 27 3 15 3 15 14 13 50 15 33 13 3 10 47 39 8 22 28 13 1 12 34 18 5 23 14 3 34 10 3 10 
40 38 41 40 12 7 2 41 2 0 23 14 47 44 26 33 8 47 3 50 6 25 6 21 21 44 36 11 30 1 12 30 40 12 23 24 16 19 8 28 2 21 37 12 28 48 37 
25 30 40 7 6 31 11 48 36 35 0 17 21 46 27 47 23 41 41 43 25 35 21 3 18 39 40 26 49 36 38 44 43 24 7 11 31 40 44 6 49 30 15 38 39 49 48 
12 1 5 48 46 21 36 24 3 5 27 0 23 19 17 6 12 12 48 41 25 48 40 16 16 33 48 36 44 46 21 33 14 20 41 28 25 44 38 42 24 8 50 5 7 5 18 
26 39 44 18 3 40 49 25 1 23 36 39 0 16 49 36 42 28 32 22 13 3 28 39 32 19 25 6 18 17 48 36 10 12 15 23 47 1 29 18 43 16 46 41 6 40 5 
23 44 39 17 22 23 36 42 16 49 50 13 50 0 29 35 31 8 4 38 26 28 1 27 39 41 50 14 29 48 8 38 34 42 14 2 13 30 1 26 13 25 21 50 24 47 39 
30 40 9 35 39 38 18 14 28 23 18 50 26 23 0 9 7 45 8 12 16 21 36 27 23 2 7 28 25 2 7 1 3 43 2 21 25 21 13 20 50 17 29 36 30 45 30 
25 4 4 18 27 43 13 31 19 44 14 36 34 32 10 0 43 12 21 22 15 7 25 2 35 37 33 39 12 50 42 1 47 28 22 32 24 21 35 31 8 40 12 34 28 12 35 
29 38 41 24 17 15 8 31 23 1 3 20 32 45 4 2 0 31 27 43 17 9 12 1 36 22 28 41 15 25 45 42 24 24 2 4 1 22 27 26 36 40 48 49 31 22 2 
3 37 4 39 32 7 35 45 26 18 38 5 2 39 25 44 6 0 29 10 29 47 30 41 4 31 5 2 7 28 12 13 20 15 21 26 4 11 36 14 35 40 29 26 36 14 17 
25 37 12 46 42 21 22 44 5 23 46 1 9 27 5 28 18 15 0 6 19 40 32 14 21 34 20 15 25 39 19 4 6 40 14 31 16 46 32 21 42 48 22 16 3 8 10 
28 38 31 12 11 12 31 46 28 44 23 42 13 22 7 47 5 37 19 0 41 12 46 47 40 33 37 45 14 21 19 16 12 13 25 43 28 45 28 8 43 25 45 37 38 44 4 
19 49 35 2 17 30 34 18 48 33 41 41 30 25 18 17 25 9 28 11 0 30 38 30 30 3 28 29 27 16 17 10 10 47 29 18 46 29 20 3 36 29 46 27 10 37 5 
48 34 26 9 20 28 10 33 25 32 20 6 49 40 1 7 2 31 24 32 45 0 1 7 23 38 6 7 43 32 34 12 20 44 49 30 46 2 8 48 32 1 14 5 37 26 24 
21 13 35 22 44 46 37 5 10 48 27 3 21 15 22 17 1 41 20 1 13 1 0 10 6 6 44 34 42 32 31 46 21 47 15 35 44 8 11 41 16 33 39 39 33 19 49 
38 33 11 34 13 15 17 25 11 20 4 30 17 1 12 46 23 29 2 7 6 7 30 0 28 10 41 1 4 19 24 13 28 37 7 7 1 32 49 18 32 4 23 4 16 41 29 
44 40 4 38 17 10 32 13 43 32 3 33 25 23 14 13 6 38 7 27 43 11 45 12 0 14 25 11 20 3 34 3 15 38 32 48 11 1 32 8 3 46 24 14 26 49 49 
25 46 19 41 17 17 9 14 36 34 46 43 24 42 49 12 11 10 29 39 45 44 25 3 13 0 25 30 4 31 20 47 20 13 15 50 16 2 12 17 37 7 24 46 15 16 8 
8 16 5 35 13 5 47 11 4 32 21 16 29 42 37 5 34 16 37 27 30 9 42 34 11 50 0 43 43 32 22 48 11 38 6 18 14 50 47 7 43 23 3 12 19 45 36 
34 25 50 3 41 30 28 40 28 50 24 21 24 14 12 4 29 33 34 11 29 23 25 23 5 38 10 0 45 4 28 48 24 40 25 17 18 44 30 32 18 33 49 28 19 41 30 
23 44 31 19 25 29 35 34 8 11 1 27 49 3 21 34 36 1 2 1 31 49 48 44 11 50 2 17 0 28 31 46 7 33 26 15 16 14 36 4 20 39 6 18 7 18 17 
32 29 47 50 13 28 17 40 49 24 47 37 8 25 27 19 7 28 16 45 44 23 39 5 20 50 48 33 13 0 26 32 41 27 44 19 24 20 28 18 18 40 44 27 41 20 27 
28 29 43 20 50 40 42 24 24 9 41 42 30 13 31 35 27 24 43 6 11 15 7 4 49 29 10 48 5 1 0 47 48 35 44 23 19 41 43 27 43 50 4 21 11 33 28 
48 5 38 6 17 4 49 15 17 14 23 39 22 21 30 44 20 24 12 43 7 37 41 12 44 35 47 50 6 7 44 0 46 22 21 32 6 11 49 34 43 49 21 27 9 47 3 
22 7 13 6 35 47 49 41 21 12 15 26 13 33 7 49 9 11 20 27 17 1 40 25 34 21 41 20 44 37 11 32 0 16 42 13 41 38 50 23 48 48 32 50 20 41 36 
37 1 36 1 13 17 40 20 36 22 18 39 23 14 7 30 47 35 1 34 11 21 21 17 12 9 38 23 30 36 1 20 34 0 48 35 40 34 44 25 45 43 46 6 41 24 49 
28 9 41 18 35 16 20 8 26 16 31 20 39 4 29 17 40 50 22 48 5 26 30 18 46 3 11 7 42 15 15 30 44 13 0 32 30 32 12 1 35 1 27 23 19 9 15 
5 21 17 26 7 7 20 26 45 3 29 23 23 33 6 13 17 11 1 2 27 27 23 49 36 28 49 37 48 29 3 11 10 31 48 0 40 41 17 8 9 10 18 19 30 1 9 
40 19 30 38 10 12 19 7 39 29 48 18 41 29 8 34 28 16 50 19 14 42 35 16 23 1 4 43 43 9 8 44 49 27 39 31 0 7 11 19 41 43 3 43 19 43 23 
26 30 1 26 40 3 30 33 46 48 34 15 16 10 9 26 14 30 21 5 20 14 40 28 27 18 48 10 26 11 50 16 24 50 25 24 42 0 17 19 6 14 16 31 42 47 43 
45 10 32 17 39 13 49 38 4 12 40 24 49 23 6 21 7 35 48 19 42 16 35 36 35 48 12 16 42 4 34 49 31 35 23 38 28 9 0 22 38 18 36 47 13 35 18 
19 47 1 44 9 46 44 29 1 30 26 47 33 42 2 33 47 50 29 41 43 14 50 18 43 49 14 11 1 6 19 23 1 17 29 15 15 48 46 0 38 5 3 34 43 13 32 
27 30 37 35 40 48 34 44 26 5 47 33 2 11 33 34 28 46 12 3 46 16 13 37 19 49 5 42 37 40 31 7 6 12 23 34 24 16 16 21 0 39 8 42 25 19 33 
47 35 5 22 25 39 32 10 36 11 17 1 17 42 44 43 8 36 25 41 28 40 38 50 10 13 30 41 15 39 25 39 18 37 2 20 37 15 15 42 25 0 46 26 12 17 24 
49 25 28 46 50 6 1 29 5 7 47 5 12 13 10 41 45 47 36 29 33 31 40 25 6 43 21 33 16 32 14 27 34 36 14 5 14 19 40 19 38 40 0 32 46 23 32 
4 3 33 34 1 30 27 38 42 19 36 3 40 8 36 19 13 24 43 21 22 26 50 5 28 26 7 18 42 43 50 45 3 25 39 19 50 32 31 35 1 47 45 0 45 19 11 
30 33 33 19 28 8 3 2 11 28 3 29 7 25 23 9 46 50 19 42 1 16 19 18 19 32 44 9 21 26 32 5 36 17 47 25 35 23 16 42 42 1 14 11 0 16 22 
25 6 12 42 1 45 26 28 11 14 15 16 1 46 15 44 31 36 47 48 43 41 29 49 25 23 35 28 1 50 2 8 2 47 7 38 47 30 25 37 29 9 7 33 11 0 19 
23 20 27 48 20 29 15 19 30 35 28 14 18 28 11 49 28 11 12 8 14 4 39 28 47 2 12 10 19 35 35 46 39 6 1 16 1 3 30 24 43 34 18 23 11 34 0 
13 0 47 27 31 32 46 21 3 5 19 31 50 2 19 18 5 50 46 1 32 25 12 28 46 48 25 31 39 15 31 37 17 17 14 40 15 33 39 3 39 25 36 1 33 35 2 
1 12 0 7 38 35 23 22 29 9 1 20 32 33 7 15 33 39 25 32 15 33 39 30 3 23 12 43 12 8 40 12 45 11 47 25 20 32 28 47 15 45 38 5 39 46 2 
6 47 24 0 42 48 26 1 21 19 13 32 5 16 23 30 11 22 20 40 25 22 36 33 46 1 11 29 18 20 45 35 42 7 22 6 47 39 16 43 36 45 41 29 12 38 28 
12 24 36 35 0 17 35 50 22 30 20 14 28 41 37 48 34 1 24 29 41 48 45 18 33 22 7 28 4 30 31 7 21 8 24 50 5 32 36 29 50 42 36 42 36 33 11 
25 6 38 11 40 0 6 33 48 30 18 7 3 13 11 8 46 42 50 14 43 21 18 38 44 2 16 45 30 49 13 4 32 50 12 32 22 17 20 42 2 39 11 44 32 49 30 
23 19 42 47 44 43 0 23 41 41 8 19 45 9 25 11 4 49 18 15 26 3 2 29 37 30 23 8 12 5 10 24 6 46 22 43 27 39 3 19 12 9 10 21 25 3 22 
11 17 41 35 13 27 18 0 23 28 21 40 6 17 22 35 11 36 31 34 13 50 37 32 35 16 46 49 4 17 43 31 5 34 8 13 41 22 20 48 48 39 23 45 22 37 33 
37 48 27 48 25 41 42 41 0 23 24 36 6 20 17 28 14 7 35 41 36 22 10 10 44 40 16 33 36 25 28 43 10 48 33 10 2 27 19 19 41 13 44 35 39 6 16 
1 31 21 25 16 10 32 2 11 0 27 39 34 9 10 8 6 16 46 31 26 9 38 8 27 38 38 17 50 23 29 25 21 38 24 16 3 16 50 12 33 28 47 22 33 13 44 
10 10 33 7 28 40 8 31 8 14 0 23 44 38 29 44 32 29 32 3 19 46 36 44 6 41 17 34 49 48 12 16 26 14 44 28 8 18 17 2 35 13 8 16 2 30 22 
13 34 40 46 19 40 30 45 49 25 16 0 27 16 11 6 10 33 46 48 48 31 44 1 36 15 13 31 18 7 38 20 42 27 20 5 1 10 2 44 27 46 20 46 3 43 42 
1 42 29 3 25 21 5 33 42 19 33 4 0 32 6 10 13 38 11 6 24 1 47 7 5 50 32 3 22 2 11 49 48 43 24 12 39 39 4 14 50 38 45 29 37 19 6 
20 38 17 34 32 36 48 20 42 4 35 24 4 0 44 18 34 32 31 20 35 11 9 45 21 24 35 48 7 36 6 19 21 37 44 12 15 5 18 29 14 1 24 33 8 4 15 
1 20 32 5 14 48 17 34 46 12 44 47 11 48 0 39 42 34 36 36 15 38 10 32 4 29 14 3 7 35 38 27 37 17 9 35 28 25 32 43 21 5 3 49 50 21 9 
7 32 26 9 40 48 23 40 28 41 38 28 26 50 46 0 10 50 8 36 8 30 3 13 11 17 3 43 16 11 35 11 33 33 20 7 21 32 26 48 30 15 28 31 44 40 48 
6 44 26 45 4 41 15 14 30 5 20 15 43 38 5 7 0 29 44 31 6 46 6 43 25 29 24 11 6 43 2 22 19 22 20 48 49 40 17 31 20 18 19 41 2 2 18 
34 11 25 8 50 38 14 34 3 50 1 1 17 31 31 9 22 0 28 34 1 43 23 40 7 18 13 13 12 39 27 16 42 23 11 41 50 32 36 3 34 6 39 18 48 49 39 
50 1 39 9 48 13 19 2 25 11 21 19 41 37 26 2 46 26 0 34 10 29 6 40 32 28 37 26 1 45 5 6 43 8 29 13 12 23 30 29 3 23 22 37 30 29 14 
45 16 9 5 44 42 14 39 11 45 11 8 32 12 37 19 8 21 5 0 29 11 12 25 14 30 16 48 32 37 7 19 11 3 15 42 11 42 41 12 15 29 20 19 19 2 16 
49 17 16 5 15 17 26 1 3 34 42 45 25 28 44 33 3 4 26 1 0 5 18 21 27 27 17 10 41 1 42 44 6 13 14 18 32 16 32 43 3 35 3 12 8 20 48 
16 34 21 46 17 15 44 1 11 31 47 40 29 48 8 35 50 12 40 36 32 0 12 10 13 18 21 12 23 16 3 6 13 8 29 2 26 21 5 25 30 13 13 4 37 36 27 
4 45 46 1 3 1 18 34 16 5 24 8 29 47 3 21 36 9 25 34 32 50 0 47 32 15 45 37 11 24 20 9 23 28 42 18 17 27 16 50 6 45 25 13 48 2 13 
27 29 27 42 28 45 13 2 45 4 49 15 37 8 14 8 11 47 47 1 30 37 30 0 36 44 20 9 20 39 8 38 50 30 2 19 9 34 32 43 14 11 27 47 14 19 13 
29 42 42 38 15 17 1 2 34 40 50 42 49 8 37 44 14 38 17 50 35 35 40 6 0 24 29 4 34 40 4 41 16 17 31 42 17 28 1 44 21 49 29 19 29 10 43 
34 36 28 18 13 10 48 20 29 45 3 37 15 36 13 18 12 30 50 34 25 18 17 20 16 0 14 45 46 1 7 17 11 47 32 46 19 6 23 42 31 19 48 3 47 15 42 
37 8 9 31 17 39 30 26 19 17 20 8 3 50 16 2 19 22 28 42 41 34 41 44 12 40 0 39 19 16 27 15 20 5 25 28 37 38 20 40 28 32 21 14 30 50 49 
21 42 16 17 29 32 20 23 2 3 18 15 20 28 1 11 11 42 2 1 4 28 23 29 15 50 32 0 50 11 20 21 12 45 14 20 47 4 49 49 34 50 33 24 25 20 24 
1 13 28 21 11 22 28 50 45 43 20 37 3 30 50 20 12 32 33 7 20 6 9 4 8 12 44 19 0 1 22 5 49 10 42 49 20 23 41 10 49 34 46 19 27 28 17 
47 19 34 31 21 42 42 14 4 46 4 24 13 49 29 9 49 24 39 22 28 12 32 31 48 21 23 35 23 0 25 37 33 27 42 16 25 35 21 1 13 7 47 39 4 16 49 
29 12 20 25 47 46 38 6 39 36 38 4 33 50 20 8 41 29 9 22 48 21 34 5 25 29 24 27 15 32 0 24 29 15 50 43 11 15 49 29 42 45 21 4 30 38 32 
39 2 43 50 6 10 45 44 1 8 29 16 1 19 23 12 42 7 13 10 40 33 7 9 43 43 1 18 28 27 18 0 4 17 44 41 22 34 16 26 14 34 22 49 35 33 49 
49 10 20 33 30 47 18 29 43 6 45 34 7 14 10 28 16 25 41 25 50 8 29 1 29 26 32 50 26 19 34 23 0 27 45 45 41 48 46 47 22 36 39 2 35 28 1 
9 13 4 7 6 25 45 8 50 41 32 20 5 5 16 19 3 24 22 23 8 13 20 20 30 21 28 20 40 11 7 44 23 0 29 18 19 46 20 13 10 28 19 45 4 9 29 
42 43 6 18 36 28 14 6 43 47 43 34 28 36 47 26 19 40 35 39 47 27 38 47 23 34 12 13 45 39 18 17 11 1 0 29 36 14 23 26 30 31 18 36 21 27 12 
43 28 13 3 50 6 19 21 33 16 6 10 45 2 16 1 11 4 29 27 23 27 7 12 12 47 15 6 9 30 41 17 21 11 42 0 34 50 42 40 13 48 41 19 14 31 5 
28 24 14 30 7 32 43 1 39 16 21 2 42 4 42 14 13 4 25 40 40 34 11 32 2 20 15 16 29 33 9 43 32 8 20 41 0 43 29 23 10 24 21 22 27 13 49 
1 36 22 35 29 16 40 41 15 44 14 32 28 38 17 27 22 7 8 29 20 34 35 1 22 34 31 15 16 20 12 34 19 3 19 30 45 0 45 4 43 4 41 43 26 28 11 
2 36 44 47 49 16 19 35 29 17 2 21 14 46 35 25 26 46 32 30 13 26 19 38 33 28 4 15 25 30 42 9 23 11 33 45 22 19 0 21 47 16 34 24 2 28 24 
31 9 9 30 16 47 44 49 48 26 17 7 15 22 13 5 11 50 26 44 48 3 13 41 3 7 26 35 14 29 2 18 10 10 47 45 7 45 15 0 45 15 25 13 7 29 16 
5 49 35 11 24 25 27 35 26 29 46 18 27 9 22 9 35 20 25 50 47 6 26 18 48 16 36 31 29 24 41 7 13 38 3 27 1 4 6 27 0 42 26 34 19 50 39 
18 6 24 7 40 44 32 29 20 49 24 18 13 8 40 46 6 2 39 40 6 40 6 45 9 32 14 48 9 21 22 7 19 10 48 30 7 22 34 47 25 0 34 19 4 3 33 
41 49 38 46 20 32 31 11 34 29 1 30 48 9 30 35 21 49 28 17 49 4 10 10 40 34 18 42 15 23 22 2 43 26 42 16 11 13 2 41 27 9 0 27 20 29 27 
25 26 18 41 13 20 27 36 35 37 39 28 6 36 14 39 46 11 7 49 38 23 17 15 25 8 48 37 40 41 28 40 31 13 10 42 25 25 10 2 26 7 42 0 6 28 33 
8 16 27 39 13 16 14 31 40 2 10 4 16 5 23 40 46 44 9 49 47 43 27 22 15 22 1 5 23 32 32 12 38 42 1 33 11 2 28 13 27 1 24 9 0 33 22 
9 6 30 36 11 48 47 29 36 15 40 5 24 42 15 9 8 9 21 49 17 25 5 41 30 44 17 47 23 47 20 18 40 44 13 46 25 38 21 34 15 9 7 36 44 0 6 
29 36 48 18 43 15 38 35 6 35 2 40 7 17 32 1 6 40 45 22 16 31 30 19 34 21 39 38 34 8 19 19 48 24 16 31 49 5 4 6 31 5 39 29 45 36 0 
