9
38
49 0 19 30 40 24 8 27 38 12 46 10 22 47 34 14 9 11 49 33 40 24 19 48 19 33 31 39 24 43 43 2 32 46 50 45 27 41 41 
19 47 0 12 40 9 24 23 32 16 49 48 27 3 31 37 4 6 31 21 11 8 43 20 3 45 20 45 29 26 47 39 38 19 20 31 36 28 34 
10 24 46 0 2 16 41 27 17 40 21 45 43 45 15 6 30 34 26 28 10 45 40 30 45 6 19 10 10 9 34 1 2 26 22 21 48 15 7 
28 30 26 29 0 31 24 34 34 2 24 33 39 37 5 9 19 39 20 44 2 46 47 31 18 8 7 21 44 17 23 44 8 15 27 49 48 34 17 
10 7 12 22 18 0 36 28 20 47 46 43 8 34 1 5 14 11 32 50 9 21 24 3 41 18 29 30 25 24 10 6 12 35 23 11 37 41 25 
30 45 40 39 10 26 0 1 9 40 44 4 2 17 18 49 26 46 36 5 21 5 39 6 3 47 38 40 32 24 11 41 18 24 37 2 5 19 33 
15 28 41 9 40 37 22 0 23 44 39 13 9 27 26 33 20 21 41 40 37 43 23 36 19 36 29 3 36 28 30 16 45 7 13 22 28 30 46 
50 19 32 24 44 2 20 15 0 34 16 35 4 17 12 15 32 41 43 43 23 24 11 34 36 45 14 24 19 2 15 5 6 40 26 42 21 6 19 
29 34 50 22 45 38 1 24 14 0 5 30 26 23 29 36 8 22 39 35 46 29 31 29 1 13 20 11 30 14 42 21 45 27 22 14 9 24 3 
17 47 35 21 50 20 40 27 42 26 0 21 33 4 3 36 10 40 49 6 49 9 25 27 22 10 23 35 35 49 1 16 28 35 20 23 39 11 8 
31 10 11 36 29 36 10 32 38 18 10 0 17 33 16 3 25 44 42 20 14 12 28 36 5 28 42 11 44 49 34 31 47 49 32 18 47 39 24 
47 42 12 29 35 17 26 33 19 50 25 10 0 27 32 20 48 47 3 25 6 8 37 26 17 34 4 37 13 18 1 48 6 36 21 45 28 2 33 
44 19 30 46 24 11 19 39 8 50 27 2 35 0 15 23 33 16 10 17 46 45 31 30 14 15 18 2 20 25 7 37 43 46 14 10 6 27 13 
14 15 48 46 47 38 36 16 16 33 33 4 5 35 0 12 7 39 13 39 16 31 6 10 49 15 2 13 35 6 22 6 18 7 4 46 2 48 50 
35 43 28 49 3 19 38 22 2 2 31 40 26 48 18 0 11 32 9 6 50 32 45 25 1 11 45 28 16 47 2 39 10 9 40 29 47 39 33 
4 41 12 44 1 12 5 16 46 8 50 46 23 38 47 49 0 18 40 18 27 39 8 42 23 25 1 13 21 32 36 19 22 23 50 6 16 39 39 
45 14 47 45 49 20 16 2 30 2 14 11 22 39 29 12 44 0 46 49 40 19 50 49 34 35 10 39 29 24 24 32 32 11 30 46 4 30 44 
10 22 7 23 22 12 7 22 15 31 43 11 6 11 17 49 20 45 0 16 13 11 39 31 38 29 7 20 33 50 43 44 25 32 50 37 28 33 47 
29 38 28 13 46 9 36 13 18 22 15 12 10 1 39 18 34 21 41 0 19 45 16 42 24 22 22 37 19 29 7 24 39 16 24 16 28 36 48 
44 22 3 16 39 48 18 39 34 44 37 15 16 16 37 15 2 14 46 4 0 42 25 23 17 35 12 48 26 46 37 35 11 32 37 28 19 17 29 
27 45 6 34 39 44 33 14 41 9 3 2 22 3 33 33 6 19 50 36 32 0 28 50 43 43 48 9 26 34 29 39 18 49 23 37 2 48 8 
36 29 35 21 21 40 24 45 15 33 29 50 31 9 20 31 48 50 45 14 42 42 0 35 8 31 12 20 35 4 50 16 31 35 49 34 21 1 12 
7 10 19 49 33 27 47 34 49 31 49 18 26 38 8 34 17 45 45 28 41 10 21 0 39 41 15 17 49 15 33 26 49 30 37 43 35 46 43 
9 8 11 47 14 40 37 37 24 28 24 1 32 39 27 23 22 48 40 30 9 19 11 48 0 19 16 5 1 38 40 46 23 39 24 37 37 18 44 
47 31 3 5 42 39 26 14 1 37 22 8 15 46 45 16 35 41 48 13 28 48 35 36 49 0 35 33 1 13 9 2 40 6 28 2 10 27 4 
27 22 23 5 15 18 29 31 25 50 29 23 40 47 40 5 16 49 46 18 6 7 7 26 2 43 0 36 33 2 38 45 35 40 31 14 27 41 23 
33 18 8 19 11 33 22 41 20 6 1 2 12 3 15 10 49 21 16 48 4 23 33 47 29 37 6 0 44 33 9 34 13 15 43 16 29 11 37 
47 24 4 12 24 30 32 1 26 42 21 31 33 43 11 43 20 11 35 11 40 24 28 29 8 11 23 38 0 38 19 38 37 50 12 24 43 45 43 
49 4 16 29 12 15 23 3 26 41 3 22 24 5 44 50 48 24 46 26 4 13 8 44 13 7 4 35 32 0 21 20 19 49 27 12 32 46 12 
12 13 6 5 36 33 36 17 46 34 43 50 15 1 47 19 40 37 46 22 16 5 11 39 22 5 21 34 23 48 0 43 13 5 36 12 33 20 49 
28 25 8 47 12 21 42 32 7 19 22 31 38 26 36 24 46 7 3 17 34 31 12 2 44 49 41 31 45 29 39 0 14 49 41 9 22 14 20 
44 41 47 40 49 2 12 43 10 17 27 32 41 5 31 3 16 48 14 7 4 14 30 12 37 29 31 9 32 48 18 15 0 10 27 14 12 21 44 
33 10 40 2 39 24 5 14 39 34 33 46 25 12 8 8 17 30 12 36 4 20 22 4 12 13 50 13 22 14 42 20 33 0 23 15 5 17 2 
25 6 8 23 41 47 26 36 23 6 7 2 11 34 50 36 41 13 38 37 41 27 25 42 43 25 43 14 14 3 47 4 42 15 0 5 6 29 31 
30 26 29 27 40 45 6 20 4 8 20 48 33 3 17 31 12 49 32 16 31 17 4 12 22 21 9 4 11 47 29 45 7 11 33 0 13 8 14 
38 31 37 23 21 35 44 17 21 45 38 12 3 7 25 14 50 14 22 17 5 19 36 3 10 8 30 26 41 22 20 5 23 48 12 2 0 29 8 
46 19 18 6 1 15 17 50 44 23 20 44 11 20 41 41 10 19 45 35 14 14 6 19 26 49 25 33 39 5 46 24 35 42 19 3 49 0 50 
19 22 36 11 14 7 6 48 12 1 14 33 39 43 7 44 45 32 13 50 30 3 40 34 11 39 28 47 9 19 1 38 42 11 1 24 49 4 0 
1 0 50 13 29 37 24 20 7 17 3 17 41 48 37 40 50 20 16 32 3 50 25 30 10 39 43 50 26 41 29 43 34 46 41 32 14 37 2 
16 16 0 14 5 23 26 30 18 22 15 48 42 41 36 43 47 5 26 20 4 41 45 25 44 16 39 11 34 46 7 6 26 14 19 50 16 39 45 
3 5 31 0 21 22 36 28 49 38 8 42 50 37 6 45 34 11 22 42 20 40 35 15 47 23 15 10 23 29 23 36 27 8 10 24 16 24 21 
24 40 17 18 0 1 3 42 47 20 50 32 30 8 29 24 19 6 18 40 34 48 7 26 6 20 15 23 15 42 27 33 30 11 41 49 3 4 22 
34 13 5 27 46 0 11 41 49 16 7 4 39 5 6 26 40 23 18 14 11 48 37 31 27 5 43 17 3 20 17 31 22 16 34 35 28 29 22 
11 16 16 21 50 16 0 12 4 23 27 4 21 19 31 40 43 25 47 32 29 22 3 44 38 29 49 27 33 24 22 22 49 12 1 7 48 46 27 
37 16 16 2 21 40 49 0 50 49 50 32 23 9 38 47 1 1 9 23 28 43 2 40 30 30 2 6 6 10 19 25 43 48 49 11 16 13 21 
33 4 40 30 50 27 1 2 0 13 34 2 11 1 48 26 19 35 36 27 36 22 19 35 44 40 31 25 40 25 11 28 31 38 30 27 19 39 13 
2 13 30 29 40 22 4 49 19 0 28 17 30 14 25 40 28 50 14 20 46 40 20 3 12 27 2 7 22 23 21 22 8 31 22 34 15 7 43 
30 13 40 41 13 48 23 46 47 3 0 42 11 31 14 49 43 23 33 10 18 3 38 15 33 26 49 6 10 49 42 41 26 22 7 34 7 7 49 
8 5 40 31 5 5 31 13 40 9 9 0 38 50 2 5 39 41 42 49 8 15 14 42 13 47 5 12 16 39 25 30 43 37 24 26 5 29 22 
33 11 3 14 9 48 2 11 43 40 21 33 0 17 43 9 49 34 44 13 27 34 1 43 15 25 15 29 17 2 26 27 50 11 19 10 38 5 2 
6 45 11 36 13 23 46 7 8 37 34 38 41 0 32 42 2 38 33 19 39 39 45 19 36 10 18 14 22 23 48 34 22 45 32 39 19 17 49 
39 21 20 18 7 42 34 15 36 45 8 9 31 27 0 19 17 13 11 26 26 27 45 9 24 34 10 4 12 44 9 44 24 36 40 45 48 20 22 
38 27 3 45 33 19 14 15 18 7 3 28 19 28 44 0 41 22 44 12 46 34 47 39 22 22 28 2 35 23 42 33 21 48 42 24 49 24 32 
13 41 11 20 43 48 10 16 40 17 31 45 18 1 37 24 0 38 41 39 32 24 6 18 30 42 26 25 32 30 28 4 45 18 41 32 22 36 15 
5 41 12 6 38 36 5 28 24 32 35 24 5 34 11 43 8 0 8 24 31 28 18 24 28 37 12 13 36 28 28 20 16 39 24 37 48 20 19 
18 32 26 15 3 43 48 6 24 21 34 26 33 24 49 5 37 37 0 18 35 20 26 23 19 1 46 13 20 36 32 48 13 23 40 41 42 6 14 
15 32 31 31 39 43 3 2 46 46 17 34 37 50 31 36 50 42 9 0 8 14 7 30 28 21 42 23 22 3 43 34 8 50 23 22 37 4 40 
37 31 17 49 1 17 3 2 45 48 32 38 41 49 33 49 50 9 2 3 0 10 48 20 31 50 3 13 10 35 14 28 45 32 10 5 29 42 16 
6 14 26 19 48 26 40 16 3 35 25 2 23 14 35 1 30 40 12 36 50 0 49 4 43 18 31 21 38 6 31 45 4 7 35 4 38 28 41 
50 45 42 34 50 28 36 33 42 15 10 32 31 15 17 7 17 8 10 33 2 17 0 5 3 11 23 41 21 45 39 11 48 23 39 41 18 44 16 
49 27 8 35 40 7 28 24 1 30 37 1 18 46 29 46 40 33 40 40 24 28 38 0 15 38 3 4 13 9 42 25 50 13 1 10 34 26 17 
28 49 26 37 22 11 35 44 21 15 19 28 50 8 28 5 43 21 40 44 48 37 3 15 0 15 9 6 38 39 18 37 45 20 24 6 42 15 37 
6 27 30 45 32 40 44 32 43 17 23 8 9 39 45 32 20 41 46 11 22 14 6 48 6 0 4 29 25 8 26 3 37 41 6 16 13 14 3 
6 14 21 34 17 39 15 31 10 49 1 38 5 15 46 4 16 43 21 33 39 29 11 20 24 17 0 15 36 18 3 24 32 19 17 36 33 41 39 
48 17 33 25 45 31 25 20 22 39 41 37 41 23 42 31 15 27 3 1 10 50 25 29 13 7 26 0 19 20 38 29 13 14 28 46 5 1 15 
35 31 46 4 45 26 46 31 13 1 40 39 3 9 30 40 29 48 43 4 12 38 5 6 1 34 10 28 0 24 13 28 38 30 50 43 22 6 6 
5 49 34 33 45 25 29 32 36 21 34 24 49 49 13 48 3 47 26 40 4 11 17 18 8 50 23 3 9 0 3 17 9 35 23 43 44 20 30 
44 31 28 20 49 40 45 1 15 30 26 33 48 46 46 16 3 45 33 17 26 45 2 27 24 34 4 25 40 26 0 6 19 28 23 4 46 13 35 
13 28 23 7 36 44 27 26 5 21 13 19 21 49 11 3 5 49 29 1 46 16 36 20 11 39 24 7 6 26 42 0 1 3 18 32 6 45 19 
9 9 50 48 29 33 13 21 6 8 8 25 18 5 17 13 39 48 42 3 47 48 20 20 21 29 30 13 17 3 17 6 0 9 37 41 21 1 49 
37 3 8 40 34 17 50 31 9 38 34 41 30 35 14 43 22 11 39 31 28 1 4 1 5 3 42 2 17 31 15 47 12 0 41 11 39 45 7 
15 4 21 41 21 43 30 26 24 32 43 17 16 30 33 21 22 37 50 8 36 32 26 48 14 29 23 37 29 40 25 25 48 16 0 47 35 10 37 
31 12 22 29 29 10 10 1 16 35 14 41 20 25 40 38 22 34 29 24 27 42 20 43 48 35 8 18 19 50 33 49 12 35 7 0 38 37 7 
3 16 38 14 13 39 23 39 21 50 36 10 44 14 6 36 11 39 43 29 32 45 2 42 32 16 2 16 30 35 19 2 2 15 31 13 0 36 14 
30 31 20 9 15 8 33 9 6 20 43 26 25 18 46 8 26 9 15 47 32 47 37 7 9 36 32 34 9 30 33 44 1 47 9 12 10 0 23 
30 44 10 23 10 33 24 5 11 1 7 44 40 22 49 40 32 33 45 13 1 30 26 49 50 27 37 50 26 28 10 34 48 3 29 21 37 9 0 
38 0 5 34 5 25 32 28 16 41 11 45 11 15 27 18 48 23 1 19 11 23 34 46 25 30 34 41 23 47 37 43 28 3 24 46 40 29 46 
5 44 0 22 35 37 26 5 15 13 33 17 1 31 29 3 27 36 4 10 10 26 42 42 5 20 5 18 18 9 42 31 28 19 28 47 25 40 39 
48 20 20 0 15 21 8 7 46 7 15 26 27 38 42 31 20 20 13 3 17 16 32 9 38 7 22 3 39 33 4 32 29 37 48 7 40 40 12 
22 34 49 24 0 49 4 42 32 5 40 47 49 8 34 22 23 23 16 12 33 9 50 6 18 14 3 33 47 40 40 35 41 31 9 42 20 19 43 
34 5 46 25 17 0 13 42 34 46 49 7 15 26 42 29 7 3 23 28 31 11 46 21 46 43 16 5 6 18 49 43 2 4 30 32 7 38 35 
33 44 26 30 8 35 0 41 26 14 44 13 24 7 19 43 39 33 39 35 1 32 2 8 36 17 48 6 5 11 46 10 22 20 19 40 35 5 32 
39 36 5 18 2 12 44 0 45 43 25 10 16 48 43 23 37 3 32 36 40 14 10 30 36 15 19 34 42 4 38 29 9 34 1 1 49 46 15 
1 47 43 22 6 32 46 46 0 48 17 50 34 16 9 49 15 18 29 7 20 4 34 28 2 41 5 46 2 32 47 43 24 42 39 32 40 48 42 
5 48 40 20 21 17 42 21 23 0 21 10 19 34 23 42 26 11 17 19 41 31 1 37 45 14 1 25 26 42 28 28 9 18 27 24 9 30 34 
13 12 11 21 33 26 42 14 14 21 0 33 16 28 15 22 7 11 5 12 46 7 20 43 17 29 45 43 2 1 7 49 33 47 28 5 8 31 11 
19 11 3 50 38 5 44 27 50 14 38 0 12 16 20 48 35 28 44 19 44 42 38 33 41 13 8 22 50 20 1 11 15 26 50 36 1 44 7 
33 39 24 2 46 30 14 39 41 30 36 12 0 50 11 39 38 19 31 29 12 38 30 33 44 8 49 4 23 37 17 34 47 41 22 12 30 21 40 
42 4 27 24 17 43 14 8 2 50 26 39 32 0 5 23 32 19 3 6 30 45 47 26 42 3 25 46 40 22 29 50 9 18 29 40 26 36 14 
14 41 30 1 48 4 47 49 35 29 24 10 3 9 0 24 41 46 46 28 36 22 43 48 25 37 24 1 17 21 3 16 48 47 6 40 16 50 45 
49 23 45 5 40 17 16 12 26 41 35 27 34 44 48 0 50 43 22 44 6 15 25 4 30 28 33 14 27 14 48 20 9 41 2 47 6 41 17 
3 31 9 25 48 10 33 45 19 22 50 47 14 19 23 45 0 30 24 19 15 28 7 4 40 48 29 21 27 37 32 48 43 10 26 19 13 48 40 
28 44 48 33 14 42 27 18 34 2 36 47 22 23 37 26 40 0 46 28 19 27 20 39 6 8 38 25 8 38 38 50 11 47 41 47 26 18 45 
43 12 13 31 45 20 41 40 11 26 6 34 37 23 35 29 13 9 0 5 43 25 27 18 20 31 47 2 26 1 32 26 11 9 45 4 17 6 46 
25 20 15 19 27 49 2 4 2 28 26 18 28 39 22 25 20 16 45 0 44 1 49 19 15 40 29 50 46 25 42 20 19 23 18 34 36 28 7 
1 19 19 27 46 25 1 33 5 38 40 34 26 38 23 13 46 27 1 1 0 29 49 50 7 29 10 8 7 45 11 5 36 48 13 16 26 25 25 
3 45 15 8 25 13 6 42 17 33 47 11 22 8 35 28 28 2 20 13 48 0 36 17 44 38 44 33 5 36 13 22 47 39 22 24 7 37 22 
24 38 2 38 43 26 11 35 39 47 2 21 36 15 7 13 27 17 29 21 20 31 0 30 1 6 5 12 1 23 1 35 29 42 7 29 33 12 11 
44 41 34 4 6 36 3 16 28 8 41 26 45 7 29 16 3 44 8 1 32 39 15 0 11 13 39 13 24 30 29 36 25 2 17 24 38 37 16 
26 44 49 41 27 4 10 47 7 28 50 26 4 35 25 12 29 5 27 24 42 18 24 30 0 36 49 22 16 25 29 33 42 29 37 18 15 3 42 
13 11 1 16 32 35 24 5 26 1 1 41 39 20 11 14 25 8 21 19 5 29 33 44 22 0 28 46 9 47 18 18 10 9 37 43 16 23 26 
36 39 7 32 24 21 16 35 40 13 31 16 12 10 45 34 38 34 29 7 45 4 40 15 8 9 0 34 41 32 2 28 45 41 50 23 32 13 23 
6 12 29 38 39 33 29 32 6 8 16 26 50 9 38 17 31 32 49 42 24 15 37 26 4 39 36 0 37 25 13 38 13 22 15 29 17 29 8 
16 7 37 27 3 27 26 7 3 20 7 24 19 42 33 21 50 41 26 3 34 1 48 42 7 44 20 3 0 4 35 30 22 39 24 16 43 5 48 
12 10 50 48 36 16 30 1 44 47 30 2 16 39 42 26 24 16 10 45 21 10 8 24 3 18 40 36 36 0 46 26 41 16 3 29 16 4 37 
15 32 13 6 50 24 23 3 20 42 30 14 1 50 33 10 27 2 3 27 45 18 27 44 16 49 21 40 36 13 0 10 26 23 37 2 29 32 15 
11 34 1 1 49 49 7 23 45 26 9 6 26 27 13 27 43 47 5 20 41 2 3 34 18 8 32 4 41 14 49 0 5 28 13 42 20 26 44 
20 29 37 43 4 45 32 30 38 34 14 46 45 5 24 13 24 10 31 18 34 41 17 3 32 32 28 4 28 13 35 44 0 1 49 28 27 33 49 
48 8 2 38 20 49 41 46 20 45 31 16 40 33 39 9 11 29 12 35 11 23 18 28 2 25 49 20 46 47 27 47 30 0 25 12 23 16 46 
22 18 12 37 12 34 23 13 23 3 5 43 38 49 15 49 38 25 41 25 37 46 1 21 50 23 18 35 37 15 22 16 43 16 0 8 45 23 25 
11 35 5 40 2 46 15 3 9 28 32 32 38 37 33 42 10 27 17 41 37 40 16 39 27 9 32 40 50 23 42 21 26 14 15 0 6 20 48 
44 6 7 48 15 40 3 6 28 35 33 2 6 32 28 33 38 22 19 16 14 44 15 26 4 36 37 12 6 24 23 28 22 12 33 12 0 35 40 
25 27 37 21 31 47 7 49 17 11 44 44 26 43 37 4 35 50 41 31 44 29 3 42 50 4 12 6 30 44 49 16 48 49 48 43 30 0 43 
14 18 20 5 19 26 19 12 48 31 42 18 28 34 22 5 46 46 24 45 22 27 36 1 19 23 12 28 47 28 46 44 25 43 37 23 11 39 0 
10 0 28 24 38 7 32 15 13 17 16 45 43 3 2 19 36 21 37 33 19 37 46 15 41 16 21 35 48 44 36 47 49 44 8 36 47 22 34 
21 4 0 37 7 7 47 33 4 26 45 26 39 22 1 41 43 3 15 13 33 23 37 47 18 19 32 20 46 50 46 16 23 15 38 16 29 32 31 
40 18 8 0 13 45 41 23 5 15 46 9 2 5 22 34 39 11 35 7 20 38 26 28 38 4 31 29 3 25 34 35 12 11 23 25 46 26 11 
42 7 46 15 0 18 24 38 49 41 44 39 26 27 32 23 13 43 15 41 21 9 15 12 20 31 31 12 47 41 33 48 39 14 1 44 1 25 24 
9 4 50 6 40 0 36 14 49 7 4 40 49 30 11 5 5 2 28 45 26 34 37 13 41 8 9 47 1 13 27 39 23 38 20 7 37 22 3 
25 27 6 32 24 8 0 8 43 3 38 34 9 49 16 6 50 40 22 42 9 49 32 40 14 36 31 16 17 11 10 5 19 34 50 4 19 20 3 
14 5 34 15 6 10 18 0 5 28 23 17 39 31 35 45 13 4 43 38 43 47 44 43 41 32 43 33 16 26 50 13 37 30 37 9 38 26 35 
26 30 46 32 3 44 1 23 0 30 20 24 21 46 11 32 28 7 20 13 43 34 13 27 2 30 29 11 30 10 44 27 8 38 20 17 8 47 15 
41 50 41 9 14 14 43 5 4 0 2 6 2 31 39 25 33 1 14 4 45 3 25 33 21 14 36 44 16 34 27 44 24 31 42 30 14 2 25 
49 13 10 26 25 9 24 8 14 38 0 33 5 19 4 4 3 13 16 17 21 46 29 21 27 22 28 8 33 22 40 10 12 31 27 15 41 35 28 
50 25 47 6 23 6 33 29 8 41 20 0 29 29 14 47 32 29 20 43 34 4 48 1 42 37 24 29 21 25 43 39 14 18 36 17 42 25 40 
7 15 44 43 20 18 13 43 11 46 16 50 0 49 45 48 2 24 3 24 5 20 49 27 12 4 16 2 7 11 44 48 5 8 39 14 29 40 12 
28 34 30 44 14 34 6 26 45 45 16 17 13 0 15 19 20 21 9 39 32 40 5 16 6 33 18 49 11 42 10 32 20 13 13 25 41 25 27 
36 44 7 29 22 8 42 45 31 34 37 38 19 6 0 41 8 23 24 18 24 11 46 35 46 34 35 13 46 5 1 40 28 45 45 23 45 26 11 
34 9 15 39 37 16 24 4 42 26 30 5 40 2 24 0 1 16 40 9 11 46 37 45 46 41 31 44 10 44 25 33 46 32 12 40 10 10 23 
10 20 22 31 44 38 16 50 11 39 5 44 29 34 36 15 0 16 48 14 19 49 6 22 15 11 18 44 35 23 29 12 15 42 44 30 40 39 16 
43 8 31 41 21 5 5 50 46 50 11 17 47 43 46 42 25 0 4 48 8 20 27 45 32 27 33 27 41 3 36 4 46 27 1 5 7 39 8 
36 17 10 11 22 44 24 6 32 20 20 50 20 27 42 32 46 17 0 14 49 14 38 29 15 47 10 47 15 41 47 39 39 4 17 19 31 48 9 
5 1 9 22 1 8 22 4 17 28 5 45 5 38 44 40 45 48 39 0 46 14 12 48 10 15 36 32 31 46 3 9 11 35 37 12 13 41 43 
38 21 44 44 44 19 11 47 42 1 45 14 23 21 43 3 46 44 3 49 0 7 15 26 41 8 14 20 44 11 19 27 31 50 2 11 18 2 21 
19 29 49 19 45 32 36 32 31 38 19 32 42 19 10 42 37 23 45 4 36 0 30 50 18 36 23 24 15 15 21 10 25 1 25 26 25 50 38 
21 45 5 27 34 32 25 29 28 9 21 9 16 38 23 49 35 39 30 32 33 22 0 8 22 18 10 29 44 32 17 44 36 42 49 3 1 49 10 
47 19 43 8 46 16 44 6 6 22 2 2 41 37 45 19 6 50 38 34 10 24 4 0 31 48 11 15 36 18 17 36 23 1 26 42 11 40 26 
26 42 29 12 4 7 43 30 26 7 41 24 44 4 14 16 50 24 16 13 11 35 1 8 0 39 40 37 30 2 15 46 34 30 31 24 46 5 48 
20 47 39 18 35 9 45 44 24 33 10 36 26 19 46 28 15 41 42 21 23 15 21 13 28 0 12 11 7 45 14 30 18 11 3 4 19 24 43 
1 43 14 46 17 4 21 17 40 28 39 2 16 33 5 35 26 6 27 26 41 24 48 38 50 11 0 4 42 25 24 16 28 4 23 41 49 8 28 
49 17 43 12 22 34 19 43 48 48 14 27 27 48 42 48 2 27 46 26 46 6 1 29 42 16 13 0 11 49 43 42 6 27 49 7 10 34 30 
3 14 19 8 13 6 28 49 47 18 36 7 21 15 4 32 32 43 17 15 20 6 22 9 44 6 6 9 0 50 29 42 33 15 23 25 32 8 38 
44 45 1 44 19 46 25 43 22 28 3 46 17 15 44 20 10 47 43 11 14 8 1 20 49 19 26 4 42 0 48 41 22 24 45 50 23 14 26 
37 27 34 2 34 29 6 4 13 27 40 46 13 28 40 47 25 36 45 31 46 1 20 22 1 24 38 31 22 23 0 15 21 6 35 10 16 28 13 
25 22 14 45 7 50 15 47 36 13 33 28 20 14 29 33 31 37 8 13 2 10 42 26 33 40 12 19 40 29 19 0 25 20 13 12 23 17 1 
44 20 7 4 39 25 49 45 3 2 43 23 4 24 8 16 12 16 31 39 13 17 38 47 8 7 45 9 8 8 3 7 0 16 31 43 38 6 48 
21 17 28 38 38 11 26 17 25 46 17 5 2 47 42 29 38 28 33 10 47 33 31 40 37 46 50 37 8 24 31 20 10 0 14 45 15 12 25 
30 27 21 41 32 49 42 4 7 6 15 38 43 16 6 47 1 38 36 38 2 42 12 40 10 2 15 47 46 38 2 28 18 14 0 48 6 39 7 
1 32 48 34 40 44 22 20 32 15 15 14 14 7 29 24 24 38 16 32 31 31 35 46 9 19 5 38 21 30 19 50 8 45 38 0 5 40 19 
3 18 18 40 21 1 32 32 24 45 49 44 40 11 41 8 26 21 48 3 25 21 40 35 50 3 47 16 7 20 20 25 35 6 35 49 0 15 42 
10 35 15 27 45 10 39 28 40 9 9 50 20 17 7 38 44 33 28 33 41 19 4 16 26 5 25 25 9 35 26 43 43 35 11 14 39 0 48 
27 30 46 23 13 39 7 7 1 4 18 47 12 3 21 32 1 42 31 49 1 40 35 15 19 6 33 17 8 35 6 44 50 46 7 48 38 19 0 
6 0 16 9 20 5 21 8 13 23 23 23 11 34 20 33 40 48 37 46 32 5 8 6 41 50 16 49 24 48 17 47 23 45 33 37 16 40 32 
35 14 0 8 7 34 11 45 47 2 37 12 10 49 20 3 6 14 49 10 19 21 40 23 34 15 7 26 1 17 2 34 17 1 16 2 32 25 49 
25 46 47 0 3 14 13 13 39 18 27 20 40 19 38 7 21 11 46 42 24 42 28 35 45 31 1 3 45 9 33 19 22 32 16 25 15 23 18 
27 11 21 27 0 39 49 31 28 33 46 11 30 6 7 40 1 7 47 11 3 23 14 10 19 30 35 9 48 8 3 14 42 49 43 20 32 3 16 
39 36 14 4 18 0 8 34 30 28 13 32 31 10 28 5 20 45 13 2 3 47 5 41 33 20 31 33 20 31 13 37 9 48 41 9 25 39 20 
46 2 35 50 8 47 0 16 28 44 36 38 29 49 7 30 1 19 34 46 31 34 38 26 15 49 15 26 24 33 19 19 30 32 26 18 50 18 48 
48 44 18 43 37 47 32 0 2 15 31 29 48 22 25 30 8 37 8 27 21 1 43 21 43 45 25 18 9 48 24 40 31 33 22 37 2 14 42 
1 30 33 48 1 46 45 36 0 47 44 1 24 39 10 24 48 47 6 24 25 48 13 29 24 5 42 42 49 15 1 39 28 45 45 8 47 38 4 
42 26 49 10 28 24 8 25 35 0 31 8 36 26 32 29 39 45 38 1 9 44 10 5 47 21 47 6 23 29 45 2 27 10 43 14 48 27 39 
36 6 16 31 8 11 41 30 26 7 0 50 6 1 20 47 29 11 33 22 2 39 32 18 36 46 40 29 32 26 33 19 31 13 7 3 46 44 14 
3 44 6 42 22 50 23 24 45 33 31 0 31 33 32 27 25 50 5 38 31 35 18 33 10 4 43 39 19 44 45 17 1 36 48 30 29 46 48 
10 19 14 22 46 46 1 46 50 37 5 38 0 8 49 8 14 29 35 11 47 38 29 12 4 30 50 17 30 45 36 2 48 29 2 45 20 17 13 
22 37 10 9 43 2 15 7 38 18 43 23 19 0 46 18 50 10 31 7 10 43 46 30 21 1 15 35 7 9 6 5 39 47 16 13 24 38 30 
36 10 40 24 13 49 37 23 17 7 31 30 42 14 0 13 8 21 27 8 39 8 29 17 8 48 32 14 5 27 4 33 44 13 30 46 48 20 19 
33 32 34 29 48 29 27 30 14 41 26 39 45 37 17 0 49 23 7 44 33 26 32 36 33 46 14 25 37 17 12 19 16 39 2 44 26 5 30 
32 39 31 19 18 23 30 39 9 46 28 14 8 39 4 38 0 44 2 47 2 34 35 5 41 14 2 23 10 1 44 44 41 45 43 26 5 2 8 
14 13 4 7 5 29 9 3 5 31 12 1 9 42 30 3 47 0 48 35 41 6 16 50 20 39 16 3 37 20 15 13 50 37 36 38 34 49 27 
30 26 32 11 48 43 49 50 35 2 11 42 47 29 21 12 3 49 0 13 34 19 40 27 23 34 40 18 13 15 23 4 47 5 21 18 9 9 45 
18 8 22 39 31 1 27 28 19 35 29 25 34 40 21 15 8 41 49 0 10 28 9 25 36 36 13 48 14 37 27 11 12 4 8 31 5 13 30 
10 27 46 6 21 34 35 40 40 14 27 41 13 28 11 49 18 10 34 37 0 4 19 3 13 41 43 25 17 22 26 10 16 3 29 31 23 14 22 
38 42 2 46 23 34 38 47 15 33 2 5 41 21 22 27 27 41 24 34 15 0 29 9 18 19 15 5 11 38 35 47 38 35 47 23 43 36 9 
46 19 25 45 28 43 16 18 36 39 45 27 3 41 50 31 7 9 33 34 27 9 0 30 28 9 31 36 14 20 45 49 30 42 18 46 5 10 21 
1 17 3 2 29 16 17 12 33 7 39 5 40 15 11 2 32 38 40 48 36 48 7 0 2 48 42 41 15 35 35 46 45 21 37 8 16 31 26 
30 14 11 48 49 29 26 15 6 35 19 40 37 9 16 13 35 4 10 2 4 38 25 2 0 28 48 12 45 35 3 7 45 22 6 8 26 37 39 
50 29 27 33 37 7 46 46 49 37 29 9 2 5 6 30 22 43 39 9 20 1 17 31 31 0 3 28 25 19 31 2 41 26 47 4 32 26 21 
2 19 6 32 50 25 16 26 1 3 40 42 35 15 37 28 19 50 12 46 3 34 29 22 27 18 0 36 39 33 5 2 25 5 1 42 21 3 39 
1 42 16 5 2 26 35 27 46 37 5 48 29 4 20 30 19 18 40 35 5 32 39 28 43 46 1 0 16 38 34 23 16 26 31 49 20 31 48 
32 4 37 1 22 50 35 36 27 48 5 25 33 25 32 19 34 20 4 38 12 7 25 20 39 13 14 39 0 23 49 6 50 50 21 36 36 48 5 
10 40 43 8 20 4 11 14 2 49 35 7 47 30 17 43 37 26 29 17 13 10 36 46 13 29 42 6 26 0 12 39 46 22 29 10 14 46 4 
37 22 10 26 12 15 4 17 2 27 33 7 35 10 8 31 43 1 4 47 46 42 12 6 38 40 11 40 36 18 0 20 3 48 33 40 8 8 37 
48 21 42 47 27 16 23 19 28 29 38 41 37 10 11 49 9 46 10 4 38 23 5 15 32 34 8 30 10 2 21 0 1 23 6 3 33 5 49 
15 46 34 19 12 32 2 45 32 10 43 50 24 44 48 4 50 26 16 28 16 44 9 43 10 27 9 38 18 32 8 28 0 44 11 32 15 21 19 
11 24 14 37 3 48 38 11 28 28 3 20 7 28 17 28 34 21 38 42 10 36 24 14 27 50 3 16 7 14 12 34 34 0 31 15 43 14 29 
42 11 6 50 49 31 36 49 26 31 11 16 27 11 27 30 10 26 1 1 11 3 46 22 5 14 16 20 36 26 13 25 15 6 0 30 28 36 11 
38 43 29 28 25 22 5 41 38 2 7 4 22 40 42 13 18 39 15 34 46 35 15 16 13 50 19 37 2 22 31 50 44 50 38 0 9 23 34 
28 24 18 14 27 15 13 33 5 23 33 2 38 41 13 3 16 3 28 13 15 25 4 19 40 17 21 8 10 23 2 34 41 35 11 41 0 16 32 
8 1 3 31 46 46 4 50 34 40 38 42 34 35 31 10 19 4 21 50 24 11 45 6 23 33 21 50 11 4 31 22 38 34 46 28 10 0 35 
30 9 15 41 33 31 21 19 39 17 4 31 16 8 21 17 8 47 7 48 8 14 25 5 39 30 10 16 4 1 40 4 50 35 24 12 36 34 0 
28 0 14 35 4 44 5 47 30 38 23 1 21 26 49 21 13 27 16 34 10 2 4 21 5 15 39 28 50 31 32 35 9 32 24 19 43 13 5 
20 21 0 9 9 42 38 16 34 25 42 33 38 9 8 28 26 33 25 43 31 39 6 28 47 49 7 38 42 40 3 30 29 50 23 47 14 2 43 
12 34 40 0 32 14 36 18 44 23 27 32 6 42 45 1 33 16 15 44 13 10 35 50 24 44 23 13 5 39 37 12 15 25 41 14 10 42 8 
43 42 30 6 0 35 12 11 35 11 36 29 18 7 33 21 40 33 27 34 16 39 42 24 13 6 37 15 17 32 2 31 41 41 8 23 2 33 5 
1 39 14 10 12 0 27 27 21 30 30 45 36 8 37 27 26 19 1 19 17 1 48 48 45 4 10 5 38 27 50 11 19 7 29 26 46 3 30 
30 47 37 35 7 35 0 23 46 44 44 15 16 39 22 34 17 4 4 41 20 7 3 23 39 44 31 20 27 30 30 12 31 24 40 22 22 31 16 
41 13 23 8 16 11 24 0 12 11 39 35 41 25 23 5 34 24 28 24 48 41 27 16 46 17 15 33 34 42 50 1 12 36 39 13 29 48 49 
38 12 16 33 21 31 42 39 0 5 39 27 40 17 44 49 33 25 15 47 27 41 1 29 40 20 11 39 23 5 37 11 26 37 25 41 12 33 9 
7 35 4 29 11 45 8 3 33 0 7 14 3 14 49 32 21 9 37 34 26 13 10 42 19 35 19 29 1 4 43 4 37 1 17 8 13 23 13 
41 34 33 18 28 33 10 2 24 13 0 45 16 16 4 29 7 47 47 43 36 44 43 17 8 49 41 3 28 2 48 41 20 49 47 47 50 44 45 
32 10 10 33 46 16 7 38 27 1 8 0 45 20 12 20 38 19 49 18 26 19 37 31 32 50 26 22 25 18 20 8 29 14 2 15 34 26 12 
47 1 2 11 15 3 20 8 28 30 1 12 0 29 49 33 18 26 46 30 29 33 20 44 32 21 8 43 30 32 19 47 36 12 8 2 18 25 9 
23 28 12 43 49 43 24 7 41 9 47 46 26 0 20 4 48 29 28 7 20 41 8 10 40 27 9 33 15 50 21 47 15 44 18 23 2 17 41 
22 2 8 15 17 34 34 37 44 27 32 15 30 25 0 11 5 19 15 19 22 17 40 10 10 7 20 13 32 2 8 47 3 31 38 6 6 12 26 
41 26 7 40 16 7 33 35 42 23 4 39 50 8 34 0 45 24 32 42 49 8 47 22 3 35 36 31 30 35 42 19 6 44 43 25 43 16 27 
24 4 27 23 29 40 28 13 9 39 20 37 14 25 14 14 0 18 44 4 4 6 30 26 4 1 1 5 49 46 7 34 41 29 48 8 38 22 36 
19 33 25 23 28 42 11 49 28 44 42 31 25 31 40 12 22 0 45 28 24 23 28 35 30 18 2 6 29 8 17 17 27 42 33 26 21 29 33 
2 35 43 3 24 11 7 16 32 4 1 18 26 14 10 49 13 42 0 49 46 5 27 37 32 41 11 28 16 39 43 6 19 33 39 43 44 32 21 
5 24 24 3 20 3 28 41 41 3 17 44 20 34 23 34 28 26 49 0 11 12 13 34 41 27 40 48 33 35 38 22 17 17 43 38 25 23 3 
7 35 5 1 21 26 50 46 23 22 47 50 11 17 46 21 10 42 41 34 0 27 31 5 46 6 4 32 50 27 28 47 48 12 25 19 14 7 11 
43 8 41 31 17 27 36 35 27 5 22 47 34 46 35 40 27 27 30 9 45 0 17 44 50 20 46 25 50 39 36 49 32 14 49 50 33 43 46 
14 29 10 21 28 27 29 30 45 2 13 23 49 43 35 48 17 26 14 42 12 22 0 2 37 47 41 7 41 33 36 46 2 47 32 14 2 50 24 
40 18 22 40 1 24 37 17 38 6 47 17 33 25 19 2 35 42 27 23 25 37 21 0 39 48 9 6 11 26 17 29 33 49 43 37 47 20 23 
21 29 1 31 3 1 44 17 3 22 34 45 48 22 25 27 50 3 47 33 42 43 18 26 0 41 21 27 15 18 40 38 23 32 13 21 49 23 44 
34 20 46 32 7 35 28 31 20 8 9 23 43 34 1 38 31 29 11 26 41 33 24 30 49 0 13 34 12 14 35 2 26 5 6 20 27 38 11 
36 33 48 10 2 20 7 46 48 5 22 45 33 42 38 48 4 2 47 17 33 44 2 17 18 35 0 7 33 19 37 14 24 50 20 43 29 28 31 
31 4 23 4 16 29 40 19 3 10 38 7 3 18 31 22 29 43 32 31 43 17 14 24 28 11 42 0 49 45 13 50 10 20 23 21 43 44 30 
28 23 28 49 32 48 45 12 35 46 43 28 41 1 47 47 39 15 41 50 26 6 38 41 25 41 11 29 0 38 31 48 39 29 50 16 10 4 44 
35 17 30 17 26 46 6 18 22 49 14 24 34 7 3 44 4 22 35 38 25 42 37 17 25 4 49 5 50 0 42 35 38 44 45 30 24 21 10 
30 43 35 8 19 12 15 14 47 41 36 35 46 45 25 17 20 44 30 13 43 22 47 1 18 31 15 26 30 40 0 28 29 24 44 42 43 3 18 
24 26 2 11 8 8 19 15 46 41 13 28 26 37 44 8 18 8 46 34 40 39 47 39 34 8 14 8 12 3 3 0 33 14 3 21 4 11 33 
15 39 33 4 35 25 14 3 14 42 35 16 27 34 47 19 28 35 30 13 27 50 45 12 4 44 38 30 14 23 17 41 0 47 36 44 7 2 36 
4 23 26 32 44 23 23 46 26 19 37 46 25 36 25 49 6 15 45 21 1 42 37 34 40 42 26 45 20 42 41 40 17 0 43 31 8 38 46 
7 23 39 8 18 19 44 18 49 31 16 49 30 29 13 32 36 13 36 42 42 3 48 29 27 35 29 47 30 33 5 18 11 11 0 9 22 32 43 
24 18 40 22 44 45 30 21 13 12 27 36 7 18 22 46 4 5 26 11 32 34 41 48 39 16 27 48 38 19 21 41 50 44 40 0 18 2 20 
9 3 49 6 23 17 20 44 26 37 46 16 8 5 47 22 11 40 28 43 34 28 19 32 34 44 41 36 36 14 29 5 44 35 46 23 0 12 27 
12 24 28 45 40 40 3 23 12 17 45 29 33 1 41 10 37 32 35 18 23 29 26 34 9 13 9 42 22 24 9 24 10 35 28 4 16 0 39 
38 29 29 11 33 25 42 8 32 28 14 35 48 14 38 44 5 34 48 44 37 28 32 12 2 39 8 21 19 49 23 38 45 49 44 7 39 12 0 
46 0 2 43 1 32 31 28 37 26 46 36 16 31 45 6 22 2 10 48 18 10 45 17 21 40 34 5 27 41 50 20 32 6 43 38 47 2 37 
47 1 0 34 15 13 13 35 3 18 29 32 23 47 34 10 21 3 2 35 23 11 49 26 2 47 27 26 5 11 39 7 10 21 15 14 47 35 45 
32 5 36 0 38 16 27 46 18 3 37 23 35 40 36 12 30 26 49 25 33 19 37 38 31 42 30 22 23 3 32 21 13 37 9 20 31 37 24 
33 50 6 30 0 24 39 32 27 49 21 49 42 39 16 22 3 27 46 17 6 46 36 5 24 15 21 16 10 48 32 17 31 43 3 16 26 27 40 
14 49 49 16 32 0 1 25 12 43 5 42 35 32 25 14 31 28 48 45 33 15 3 24 22 29 18 5 18 49 37 1 46 26 38 33 19 7 31 
5 4 50 4 29 11 0 19 14 50 43 17 12 25 18 31 44 25 11 26 27 37 14 47 7 13 7 5 46 9 45 42 46 25 48 44 41 34 12 
25 13 4 16 18 13 1 0 37 13 33 15 33 13 22 43 30 45 41 8 43 41 22 7 24 6 5 1 22 38 27 25 41 11 14 37 14 24 22 
46 35 7 27 45 23 31 27 0 33 20 3 45 4 4 34 41 21 3 7 31 10 14 12 30 49 36 8 25 22 49 36 30 7 23 45 24 37 15 
28 34 43 30 23 31 19 44 24 0 22 8 20 44 34 8 43 12 33 23 28 28 9 15 6 5 34 35 23 38 31 9 10 5 7 25 23 38 31 
41 31 11 6 13 37 18 3 6 2 0 23 14 12 12 2 9 37 20 19 37 25 39 47 46 6 43 13 48 15 37 10 35 6 31 42 42 17 23 
47 29 39 2 29 33 1 24 20 48 9 0 46 20 6 4 2 6 3 35 15 50 20 24 20 39 19 43 38 9 31 20 10 43 15 23 41 49 23 
11 15 46 32 23 16 39 19 17 4 31 5 0 26 40 8 3 23 28 5 19 14 10 41 13 16 40 28 50 4 6 34 14 3 33 42 21 19 18 
47 9 32 20 2 39 7 5 6 31 2 40 42 0 46 37 30 10 2 24 33 17 34 39 40 15 12 21 18 2 43 48 38 34 5 31 46 38 45 
8 3 6 12 34 47 48 15 14 38 28 24 24 40 0 47 37 2 14 20 42 5 41 18 40 4 14 33 15 7 37 16 41 43 15 45 22 28 6 
50 42 43 1 49 33 41 28 19 8 41 48 4 18 27 0 46 40 18 35 17 8 21 15 33 8 27 23 37 32 10 46 25 9 46 14 28 49 4 
42 35 50 26 45 25 24 9 34 48 15 47 25 27 38 12 0 48 30 28 11 44 23 11 4 47 10 13 16 39 8 5 49 47 37 26 50 17 33 
26 40 9 50 44 26 23 35 35 20 38 48 49 34 50 39 11 0 20 25 47 29 36 13 9 21 26 44 16 50 39 2 38 45 16 4 39 2 45 
30 36 31 13 25 43 29 41 10 21 49 8 26 7 26 21 4 41 0 28 1 29 18 32 8 36 47 19 1 4 33 31 12 38 17 41 40 16 17 
12 20 31 30 17 24 18 42 13 45 12 24 12 14 12 1 16 12 4 0 24 27 29 25 28 38 27 40 38 21 10 16 37 5 37 30 8 21 50 
2 9 40 44 34 24 40 30 22 18 1 37 2 29 36 43 40 33 45 3 0 43 40 34 31 21 4 29 26 20 25 35 4 31 16 11 46 34 33 
45 2 39 8 6 23 38 34 9 38 1 12 48 47 14 18 8 12 26 10 24 0 31 45 14 11 47 34 47 7 36 19 41 10 8 39 44 15 36 
35 11 44 37 46 42 26 8 28 38 41 13 9 49 21 24 10 14 8 25 47 9 0 40 41 28 23 19 10 3 40 9 20 4 22 28 15 17 37 
36 3 39 4 19 46 6 44 28 21 21 37 48 25 37 41 40 26 22 3 10 23 24 0 16 6 38 30 21 10 37 22 6 7 24 29 5 36 43 
40 45 36 35 46 49 39 16 43 35 34 13 33 2 44 15 28 13 30 23 49 31 16 35 0 34 41 49 15 30 24 47 32 5 47 36 27 18 25 
28 25 27 40 46 46 37 47 5 20 13 43 47 16 25 13 45 9 29 1 2 5 50 24 37 0 19 39 3 9 37 16 17 47 3 36 5 47 9 
36 21 48 37 37 30 3 37 28 31 7 42 2 27 49 17 24 23 26 3 3 27 8 35 39 18 0 4 47 46 45 31 21 17 36 24 9 3 15 
19 20 22 50 42 8 46 18 35 40 18 31 30 13 30 44 6 9 14 14 49 19 26 6 41 34 1 0 37 25 16 4 41 15 9 5 6 32 4 
36 50 40 21 33 15 29 16 15 18 41 24 30 15 45 40 16 1 45 16 10 8 7 9 43 19 36 28 0 16 21 9 25 13 3 23 14 25 28 
36 12 28 25 19 33 46 2 36 39 46 26 44 4 12 16 44 28 44 31 29 14 29 2 1 45 10 17 11 0 28 43 32 16 39 16 33 39 35 
40 24 13 42 33 48 32 41 28 5 13 48 10 46 20 44 50 22 33 27 25 25 24 30 41 9 47 14 11 5 0 39 29 27 10 39 20 18 38 
31 32 20 10 17 5 4 14 18 48 12 22 40 44 50 13 10 16 1 34 1 24 2 19 31 23 17 35 21 50 7 0 1 26 12 41 2 8 15 
8 19 26 28 42 49 2 39 16 45 29 15 50 24 20 35 37 7 31 1 30 45 39 20 44 19 41 12 47 28 4 49 0 6 45 8 32 9 24 
33 3 17 43 7 22 6 6 1 34 31 42 25 34 21 7 36 14 31 6 34 23 9 41 43 39 42 30 10 5 16 39 27 0 14 25 29 35 37 
38 18 15 39 18 7 31 6 3 20 28 49 10 45 2 3 40 10 44 26 1 19 30 26 46 47 19 43 15 12 10 43 22 49 0 26 14 42 45 
6 2 10 38 37 23 2 11 46 21 38 25 24 15 35 9 37 19 38 39 44 22 39 38 41 41 11 36 28 11 20 38 11 46 5 0 42 16 14 
32 8 24 35 1 49 6 41 38 46 9 13 13 7 26 4 2 34 14 23 47 46 13 17 34 35 2 50 14 29 10 43 44 24 38 30 0 15 9 
21 40 32 50 4 15 27 16 49 13 12 7 44 22 28 44 17 37 46 8 1 17 48 7 28 9 37 16 20 39 20 47 40 43 13 24 41 0 48 
43 48 41 19 37 40 38 7 36 39 15 50 8 1 35 8 8 5 43 26 22 45 29 11 46 11 43 16 18 1 9 4 3 19 45 48 17 33 0 
30 0 9 20 21 24 49 2 20 31 20 12 32 36 8 32 16 27 48 20 30 23 27 47 22 40 36 30 11 47 40 7 37 41 26 26 35 7 2 
22 31 0 10 26 30 24 5 37 16 1 23 38 43 47 29 38 10 4 12 48 32 39 19 41 24 42 13 26 42 10 33 47 10 25 27 40 20 47 
48 24 18 0 4 20 30 38 9 47 10 9 3 16 22 24 9 21 33 12 20 3 38 11 29 45 6 18 27 29 18 21 40 18 14 7 39 31 29 
19 39 3 15 0 45 4 18 39 45 12 24 1 5 44 28 1 44 10 14 39 9 15 12 12 31 30 39 19 36 2 16 36 28 42 15 23 17 39 
43 7 12 7 11 0 7 4 28 14 28 12 18 20 47 26 43 21 4 28 41 35 16 15 49 4 43 46 38 24 13 29 5 35 5 18 7 27 2 
5 5 9 3 16 12 0 8 19 33 19 11 36 22 11 46 26 5 27 42 14 4 18 11 16 5 1 49 8 33 15 30 19 16 19 50 23 33 33 
50 4 42 36 11 27 28 0 38 41 18 9 9 1 41 15 14 49 37 44 43 48 16 13 50 36 18 40 42 21 4 12 23 43 23 27 39 23 19 
8 35 38 18 10 32 49 25 0 15 39 5 2 21 13 29 41 35 35 42 42 50 43 38 37 18 38 7 37 17 28 14 26 42 30 30 10 5 30 
6 31 2 12 4 2 38 19 33 0 49 44 3 38 43 47 31 19 15 47 2 1 22 26 13 8 37 25 29 11 41 34 19 36 5 29 11 41 39 
39 36 50 49 6 8 43 14 40 22 0 30 11 12 15 14 3 30 34 6 39 4 17 27 9 9 43 16 26 18 34 14 37 41 31 27 11 3 2 
17 18 21 45 48 4 50 1 30 19 6 0 33 25 45 5 2 36 23 10 41 41 13 42 18 47 7 8 43 21 32 39 3 1 29 17 38 19 9 
20 24 10 9 14 47 20 35 9 19 32 39 0 45 5 2 13 12 4 26 4 49 41 46 7 30 48 31 4 33 47 29 18 34 27 3 36 32 33 
50 46 48 12 49 39 12 33 37 35 1 38 18 0 13 12 16 11 29 28 3 29 16 16 16 3 12 41 15 5 19 2 16 31 29 5 31 6 38 
43 8 45 48 12 47 4 45 30 16 6 19 17 24 0 9 29 5 35 30 33 10 37 48 48 28 18 33 35 7 39 9 32 10 24 37 21 8 31 
4 20 13 8 33 26 9 37 3 29 8 3 25 20 1 0 23 28 7 10 48 21 44 14 19 39 42 7 25 9 43 38 38 21 24 31 11 21 2 
5 22 39 42 16 5 28 5 14 40 31 37 46 31 12 11 0 11 11 7 44 20 41 20 35 28 10 41 20 32 2 39 41 3 27 2 38 9 29 
28 9 42 34 29 17 44 22 48 8 27 11 13 21 4 27 33 0 14 3 5 14 6 14 8 23 12 1 40 35 19 29 24 2 32 33 48 3 36 
13 3 41 6 12 34 44 22 39 19 38 27 44 38 36 4 15 23 0 45 34 12 17 17 5 38 29 29 3 9 32 38 7 24 48 2 50 15 9 
45 30 15 2 24 32 3 8 26 41 39 48 17 11 3 20 25 47 37 0 37 19 34 6 41 13 8 32 31 4 47 37 36 40 7 29 15 19 10 
43 36 2 31 4 38 15 11 15 27 4 4 23 6 14 29 40 12 25 25 0 39 17 1 22 4 29 5 4 9 10 33 38 1 15 4 1 35 38 
30 18 26 3 43 5 28 50 24 31 22 12 17 18 41 45 22 27 35 30 27 0 25 33 12 3 5 45 16 4 9 3 13 44 2 32 7 49 37 
24 46 45 4 5 24 32 48 44 16 48 6 44 27 16 5 12 5 36 15 50 38 0 10 12 47 16 29 9 18 15 36 34 46 35 3 40 36 23 
21 10 30 5 12 30 19 48 16 26 47 40 41 27 22 35 37 37 36 34 8 40 46 0 23 30 29 30 14 10 9 24 27 20 39 35 26 35 46 
26 31 43 49 50 3 13 29 25 9 12 12 48 17 4 3 16 31 15 8 26 34 50 6 0 38 7 3 21 20 2 43 46 50 42 11 6 41 9 
41 43 11 2 5 22 2 49 11 8 24 18 24 5 12 28 20 43 32 38 12 43 1 43 9 0 23 17 17 13 6 6 49 12 7 41 22 47 25 
30 29 4 40 47 46 47 3 29 39 34 22 23 19 25 4 48 48 42 19 43 32 6 36 36 5 0 2 26 6 17 15 41 31 46 14 4 34 22 
47 6 46 6 44 28 33 41 34 38 25 8 10 43 31 29 33 48 24 19 4 42 45 22 48 12 25 0 44 42 27 6 21 20 26 2 37 23 37 
38 28 4 46 21 14 2 48 8 22 10 2 14 16 30 16 19 6 12 24 9 33 4 39 50 8 33 4 0 39 34 42 44 6 46 10 47 15 9 
21 31 21 50 4 3 34 40 14 40 42 4 8 46 26 49 28 6 24 15 47 14 31 49 10 25 31 16 47 0 18 7 34 1 10 36 31 4 10 
29 2 5 10 45 44 12 35 26 46 19 7 18 5 24 1 12 7 50 23 41 30 23 18 44 46 34 8 3 48 0 11 45 46 19 27 22 10 37 
20 38 37 25 49 35 48 40 50 2 11 1 49 29 31 32 20 49 30 38 17 50 11 5 32 28 36 24 12 50 28 0 2 42 26 38 13 36 16 
32 38 21 5 46 32 47 3 50 33 15 14 50 28 43 23 20 21 28 32 43 21 50 24 28 1 25 10 9 23 42 19 0 46 4 18 42 17 13 
4 29 8 30 29 3 10 49 1 50 9 20 7 18 35 4 23 11 39 48 27 45 7 38 44 28 42 46 18 46 10 2 6 0 7 17 49 25 14 
43 47 14 29 1 25 1 40 17 24 34 43 32 8 4 20 37 9 22 21 36 2 12 14 31 6 40 8 14 50 1 37 30 9 0 19 42 34 48 
45 32 37 5 11 18 13 26 14 3 49 37 21 8 27 4 29 41 35 50 48 45 36 44 27 17 24 48 13 23 40 12 36 39 15 0 40 34 32 
41 45 2 6 42 38 9 28 30 43 10 26 31 28 7 34 1 50 47 43 29 44 44 16 13 42 14 37 1 33 44 37 21 47 50 41 0 49 43 
4 48 35 50 38 31 38 37 42 12 5 2 39 15 44 41 4 47 2 37 43 1 24 22 27 47 50 23 6 35 28 17 36 8 47 49 9 0 29 
7 13 28 27 50 2 33 50 45 29 44 30 44 4 39 12 50 4 24 13 23 42 32 16 31 8 34 38 16 31 19 45 33 25 41 39 10 17 0 
1 0 23 40 27 3 21 29 27 41 25 29 25 8 44 26 46 7 16 32 12 46 42 19 45 34 15 11 50 47 20 13 1 3 34 3 2 24 46 
39 11 0 37 5 18 10 10 42 23 25 20 38 19 26 7 48 21 9 4 45 44 39 10 30 30 22 12 28 22 25 41 24 22 11 27 22 26 42 
25 9 36 0 42 42 36 31 9 1 38 45 5 14 44 48 30 3 1 2 7 25 46 48 33 20 48 35 46 17 9 49 36 22 30 34 46 9 3 
47 24 50 22 0 21 25 34 18 12 47 26 43 8 26 20 19 17 30 11 4 22 44 2 35 43 43 39 9 33 34 10 3 21 1 5 28 8 4 
25 24 50 3 37 0 38 21 24 1 24 16 4 13 5 35 6 31 4 23 15 29 29 36 25 35 28 37 23 22 8 22 43 11 14 5 38 5 19 
7 14 14 19 43 16 0 44 30 22 6 19 15 20 2 6 44 26 47 39 25 19 10 1 48 3 43 2 23 43 49 1 48 2 12 47 9 1 10 
37 20 31 5 6 32 5 0 7 38 21 38 18 39 9 49 30 50 48 14 16 17 50 15 21 38 24 6 22 14 9 5 48 43 16 11 19 45 15 
4 19 44 46 6 32 36 26 0 11 43 49 22 12 49 45 35 43 38 6 10 18 33 27 34 43 30 16 40 25 23 48 30 35 36 45 45 23 22 
45 33 35 13 13 13 23 43 47 0 7 3 8 24 24 14 35 48 21 43 10 3 26 16 47 1 38 45 19 37 27 4 1 13 21 44 23 25 5 
20 14 12 1 34 9 38 18 49 25 0 17 1 39 25 3 13 20 19 18 39 13 26 19 4 6 20 4 3 46 4 31 41 10 43 1 29 49 2 
42 7 9 33 39 20 3 37 39 30 49 0 50 2 25 6 37 43 45 45 8 46 14 6 35 23 46 45 26 41 46 24 24 15 18 27 11 30 30 
37 49 2 19 32 25 5 46 2 6 36 24 0 50 7 34 42 6 29 2 25 11 44 26 27 47 43 6 25 36 34 48 45 7 13 9 47 7 27 
33 32 31 28 44 39 41 17 46 18 40 23 12 0 49 10 6 20 44 24 25 23 39 19 30 10 19 9 41 18 38 49 38 36 30 46 21 44 33 
50 37 36 30 48 39 35 13 22 50 36 1 44 15 0 23 32 4 44 13 1 18 26 31 50 50 9 20 3 38 33 3 39 13 37 44 38 40 44 
42 30 45 47 47 10 6 17 44 34 16 4 26 3 8 0 43 16 24 6 36 31 39 20 33 26 40 47 47 39 7 22 36 42 10 3 33 6 22 
29 22 45 33 15 37 37 34 7 1 32 20 22 21 32 4 0 14 3 11 13 22 8 13 9 29 38 13 31 12 16 50 25 38 44 45 35 42 48 
24 34 46 42 33 46 16 20 36 1 4 39 47 1 23 44 50 0 22 9 36 4 28 25 7 22 41 2 7 33 28 26 47 12 16 29 28 17 30 
26 18 44 10 2 12 27 24 20 50 3 44 44 24 26 6 44 46 0 10 40 20 43 45 10 38 8 26 7 28 31 22 45 28 21 47 42 43 45 
26 13 30 49 21 3 4 39 34 2 21 6 22 33 19 27 11 33 23 0 35 23 45 36 20 47 39 28 8 17 24 28 35 14 50 20 47 11 21 
22 43 6 49 24 24 37 22 9 40 27 1 10 14 20 9 23 32 28 10 0 3 33 25 47 22 10 24 37 43 23 13 23 17 40 12 31 30 24 
21 13 34 26 31 39 32 17 14 15 16 5 28 39 20 1 18 40 18 9 28 0 15 50 50 29 37 27 4 34 21 2 39 30 49 12 16 27 28 
2 37 15 6 46 10 22 39 46 25 4 17 22 23 13 21 47 7 13 34 47 44 0 12 28 34 44 14 27 26 29 28 5 24 41 38 32 45 22 
19 41 29 41 41 3 1 17 49 29 26 10 3 5 3 43 32 8 25 38 23 3 47 0 45 14 18 47 50 43 32 36 32 27 25 39 22 6 7 
4 10 27 17 45 35 1 16 27 23 2 32 10 30 7 7 50 16 45 35 28 24 6 2 0 25 18 44 45 34 28 17 31 37 25 5 15 11 6 
8 12 44 48 42 25 49 12 23 6 25 20 25 23 28 22 30 30 5 26 43 28 41 7 33 0 49 7 21 45 35 25 43 47 45 9 33 41 30 
33 31 4 13 45 38 20 14 4 44 4 16 45 26 11 36 14 30 22 38 15 43 18 28 17 38 0 32 33 24 31 15 46 32 50 47 24 23 30 
34 4 37 19 45 14 17 30 40 49 32 12 31 29 12 3 16 40 14 26 47 8 7 37 41 24 29 0 9 35 46 30 37 13 35 47 19 1 46 
49 5 11 38 48 33 2 12 1 37 34 29 35 7 11 47 33 27 47 1 29 22 35 9 45 45 20 46 0 49 46 33 44 3 20 42 9 15 9 
10 24 36 29 24 43 25 7 11 23 27 17 2 21 22 1 18 27 20 3 43 3 13 7 14 5 4 41 26 0 16 16 2 32 25 17 24 15 50 
49 43 35 39 35 48 19 32 45 12 22 3 2 15 39 13 16 7 11 30 16 19 39 34 31 45 8 25 35 28 0 4 49 36 18 29 28 19 5 
19 16 38 32 10 42 19 24 15 1 13 20 9 11 13 35 35 30 4 1 8 40 40 44 48 17 9 24 17 34 37 0 12 44 12 39 46 43 34 
10 47 15 8 31 8 13 15 20 44 37 2 34 49 25 18 48 29 26 44 35 43 34 46 8 31 14 2 27 48 23 17 0 43 2 21 7 36 50 
10 33 32 34 48 16 38 15 1 39 37 26 14 10 20 49 50 17 14 20 50 1 44 11 39 23 21 20 9 32 28 18 33 0 48 19 44 13 1 
46 19 8 43 30 26 15 1 34 13 48 45 2 5 44 16 50 10 39 21 45 26 45 19 7 19 11 20 44 16 41 26 36 49 0 21 46 13 8 
21 19 46 38 39 9 22 15 30 24 24 17 48 10 5 42 7 21 24 39 37 12 15 46 7 19 22 22 9 4 34 49 4 43 40 0 21 25 7 
37 37 48 42 39 37 47 28 18 32 22 44 43 1 22 24 22 9 4 1 31 21 37 50 6 27 41 25 13 6 21 35 18 50 35 37 0 42 45 
23 29 50 30 1 41 1 15 12 33 27 31 22 31 17 25 26 16 1 48 37 13 46 22 15 13 12 38 27 43 17 36 32 27 36 26 2 0 2 
20 47 50 41 15 9 48 32 34 40 18 43 24 19 37 45 9 11 33 28 16 39 29 14 39 19 17 42 50 45 45 42 23 25 47 5 48 46 0 
