9
12
20 0 37 21 13 37 22 44 36 2 16 2 7 
3 8 0 4 47 15 43 48 36 1 50 28 15 
5 45 21 0 19 34 46 22 39 23 18 42 20 
14 5 47 9 0 14 29 16 27 38 37 23 28 
21 5 2 45 43 0 39 45 20 10 7 8 43 
2 26 2 6 45 13 0 34 36 17 34 34 10 
47 39 23 22 35 1 28 0 19 22 43 49 29 
44 27 47 35 23 22 11 8 0 48 4 8 39 
27 10 33 25 3 38 12 37 22 0 43 48 4 
17 24 36 9 30 39 21 9 27 23 0 13 18 
16 50 13 46 24 26 12 43 32 35 46 0 25 
19 3 16 34 32 13 8 1 30 44 18 50 0 
36 0 2 29 9 34 49 12 4 48 15 9 4 
25 17 0 14 46 31 5 23 33 29 12 40 27 
24 37 28 0 15 16 12 39 23 32 14 10 22 
48 4 10 33 0 23 42 28 5 44 13 9 15 
49 12 20 25 21 0 36 22 25 13 2 36 47 
22 47 39 36 27 36 0 22 12 7 42 49 28 
46 40 10 37 34 36 33 0 11 28 13 17 4 
42 14 3 47 43 36 10 46 0 18 13 12 27 
3 42 29 9 42 48 9 7 14 0 43 30 31 
26 35 41 27 20 26 19 9 31 36 0 45 13 
34 26 20 21 33 3 10 33 29 34 35 0 43 
8 25 20 31 5 10 40 50 35 22 21 9 0 
45 0 34 27 43 44 3 46 18 47 16 25 17 
29 38 0 25 12 33 47 3 42 50 49 19 45 
7 39 5 0 22 46 46 28 12 5 11 27 50 
26 17 40 26 0 38 18 46 43 1 3 3 17 
36 29 17 39 20 0 29 9 47 15 32 37 6 
49 25 23 2 39 13 0 13 18 12 25 36 16 
7 27 5 33 4 27 45 0 4 37 39 37 17 
29 40 43 26 3 30 36 45 0 31 34 28 14 
45 44 4 38 41 35 5 11 44 0 1 32 44 
25 26 44 39 38 34 19 11 39 6 0 23 50 
21 37 16 32 40 42 36 24 49 41 38 0 10 
23 8 13 2 34 26 24 29 8 49 1 27 0 
37 0 47 7 47 16 18 26 40 21 5 18 5 
20 24 0 22 3 15 9 45 35 39 34 16 31 
22 17 28 0 14 33 45 42 22 37 39 46 43 
35 40 8 32 0 16 49 39 18 40 9 33 11 
4 21 14 49 5 0 17 39 4 31 27 26 49 
41 12 7 27 14 47 0 18 31 28 30 19 26 
1 14 19 40 45 49 41 0 14 35 17 10 12 
31 43 17 21 1 42 12 8 0 15 10 41 4 
42 13 5 44 41 3 33 24 3 0 39 49 41 
48 49 9 33 37 13 14 24 2 45 0 46 21 
30 48 30 37 19 11 12 41 23 16 49 0 33 
44 47 23 33 35 37 10 43 45 27 23 3 0 
33 0 29 22 2 47 18 2 47 17 35 15 43 
23 47 0 6 43 27 8 19 33 50 27 40 40 
40 32 39 0 16 36 4 26 3 25 28 4 40 
39 10 45 6 0 14 2 17 10 33 30 10 39 
32 17 16 37 9 0 41 3 7 40 32 13 15 
29 36 11 13 9 12 0 19 46 44 16 4 18 
14 14 19 49 10 30 8 0 10 23 1 35 20 
38 40 45 34 25 47 1 7 0 48 30 27 28 
41 4 2 21 12 14 46 16 14 0 49 24 45 
23 5 47 10 25 3 43 29 2 42 0 26 20 
17 35 22 47 15 47 20 34 37 41 8 0 7 
29 37 49 9 5 19 6 39 16 50 12 20 0 
50 0 42 33 45 38 48 27 49 29 32 5 28 
43 49 0 2 17 30 41 9 33 48 41 31 38 
5 35 25 0 34 37 37 4 17 23 2 47 24 
15 25 46 40 0 15 9 29 48 33 21 16 6 
18 39 10 26 42 0 30 23 10 12 45 41 4 
24 44 13 42 29 38 0 5 41 3 29 3 5 
45 19 18 39 13 34 6 0 34 19 19 16 48 
28 29 25 44 30 38 13 20 0 35 43 17 22 
47 37 19 46 16 26 4 39 36 0 5 31 24 
12 34 47 28 39 8 36 5 28 15 0 14 1 
13 12 12 15 17 33 21 3 3 47 43 0 26 
15 11 18 43 16 28 12 24 48 2 32 46 0 
42 0 35 31 27 8 12 44 32 24 19 33 5 
15 40 0 23 4 35 29 21 15 42 21 13 29 
40 43 40 0 1 4 41 3 11 30 16 24 32 
3 44 45 41 0 3 12 3 47 28 13 29 27 
5 9 40 19 32 0 18 4 21 22 3 38 16 
23 44 28 34 16 23 0 26 49 17 42 1 41 
34 30 12 31 19 17 2 0 27 14 14 46 45 
1 34 30 13 12 4 11 1 0 7 30 19 9 
34 20 31 5 38 31 11 14 8 0 49 35 2 
6 24 2 5 1 11 3 10 49 33 0 33 32 
44 14 37 13 31 1 35 5 12 4 47 0 49 
36 47 40 33 4 33 38 3 50 28 7 39 0 
2 0 6 50 46 28 10 11 1 38 50 12 25 
44 48 0 33 7 15 31 41 3 27 3 20 4 
22 20 6 0 16 46 31 33 16 7 49 12 26 
2 39 27 3 0 43 47 12 37 36 15 40 7 
1 31 38 19 38 0 5 12 49 37 47 25 9 
4 45 5 8 17 46 0 19 46 36 7 6 27 
4 38 10 31 42 33 18 0 8 30 50 16 16 
43 14 28 2 37 14 40 5 0 15 19 49 48 
42 5 20 40 46 45 21 44 25 0 12 16 50 
46 32 7 4 29 17 29 4 30 40 0 15 3 
19 18 9 22 18 2 12 35 40 12 39 0 38 
13 29 12 36 29 23 42 32 49 29 7 5 0 
7 0 36 26 48 40 46 19 3 40 18 22 29 
37 50 0 26 24 50 31 11 34 44 20 41 1 
6 44 25 0 7 49 34 4 40 11 4 16 32 
26 15 46 44 0 44 36 49 46 7 33 49 30 
47 18 33 19 18 0 24 12 38 46 26 42 46 
21 12 5 6 14 32 0 19 33 35 45 48 35 
35 17 40 8 22 46 44 0 24 45 46 11 31 
2 36 23 38 43 28 37 50 0 24 50 24 33 
32 43 32 25 15 17 46 3 21 0 48 34 2 
34 4 16 50 32 19 1 26 2 25 0 5 29 
10 32 41 7 8 48 12 35 44 8 27 0 30 
14 20 9 29 50 8 10 4 2 22 4 39 0 
