9
4
11 0 20 41 28 
6 23 0 15 35 
2 19 7 0 45 
28 50 24 48 0 
47 0 45 37 32 
48 2 0 10 25 
16 38 27 0 21 
24 24 24 34 0 
13 0 8 2 3 
33 33 0 28 32 
7 18 37 0 32 
27 34 37 22 0 
32 0 2 6 15 
2 8 0 15 10 
10 17 12 0 19 
46 44 12 29 0 
45 0 24 33 21 
48 22 0 15 14 
18 5 25 0 30 
15 29 49 32 0 
1 0 6 40 22 
18 10 0 33 5 
43 43 43 0 16 
22 9 36 13 0 
6 0 8 37 3 
2 17 0 24 10 
38 42 47 0 47 
33 36 45 32 0 
19 0 30 19 41 
5 41 0 11 36 
42 28 28 0 6 
29 49 43 9 0 
19 0 12 24 7 
42 46 0 30 34 
32 30 35 0 27 
13 36 23 8 0 
