10
50
18 0 28 47 2 23 17 16 43 46 39 44 42 28 47 34 45 14 21 17 40 35 29 22 2 37 25 4 45 49 40 46 48 43 28 28 11 9 4 50 7 42 1 33 25 8 12 20 47 50 37 
14 28 0 40 36 26 40 7 45 16 49 14 21 44 7 43 46 50 50 19 23 37 11 22 10 49 35 47 47 45 26 5 7 45 13 26 19 9 8 2 39 4 14 39 1 44 21 8 27 32 12 
12 21 28 0 28 50 3 7 31 38 42 43 11 1 41 45 7 26 32 31 25 38 43 48 31 20 23 23 21 16 28 27 21 15 33 14 35 30 18 13 23 13 28 21 10 46 44 14 48 7 37 
46 27 46 8 0 25 20 23 47 8 28 31 36 15 10 16 23 46 18 28 10 28 8 19 8 13 10 23 39 36 26 10 25 14 30 32 1 25 8 9 44 13 33 10 36 43 27 13 11 45 23 
48 46 21 48 9 0 38 8 39 45 15 48 35 12 33 19 7 23 36 28 15 49 39 10 34 48 46 49 33 16 37 48 12 44 13 28 14 5 17 21 45 44 37 13 44 47 28 21 28 18 36 
4 27 33 31 25 10 0 37 38 50 14 40 26 23 9 18 36 41 49 5 5 3 7 16 34 22 12 27 16 37 20 26 21 15 30 33 21 30 13 39 19 27 17 17 8 5 18 14 4 27 12 
38 22 23 13 34 48 12 0 49 10 13 33 21 1 30 39 19 11 44 27 47 6 28 11 36 28 36 40 9 29 4 49 24 40 25 33 4 48 3 46 36 9 31 4 27 37 7 16 37 20 37 
8 21 28 30 6 10 12 38 0 35 49 8 4 21 7 15 10 31 26 48 35 22 9 48 41 38 25 25 34 50 22 20 4 40 43 46 28 46 11 20 23 42 11 18 48 29 6 11 48 13 28 
26 41 39 35 15 50 23 37 42 0 31 36 28 38 14 29 4 15 28 11 37 14 21 7 26 43 11 42 50 13 33 15 27 22 23 46 30 15 5 28 47 5 10 19 39 37 15 23 4 19 25 
42 33 37 26 14 6 34 14 42 4 0 8 24 25 10 17 9 6 16 18 50 40 10 1 14 32 5 2 19 39 29 39 38 31 39 41 33 41 46 9 41 46 2 13 24 39 32 35 10 23 28 
9 7 37 20 35 33 33 23 45 10 4 0 16 25 14 16 21 43 36 19 35 19 11 8 27 4 38 47 27 26 50 20 43 47 11 21 33 1 12 4 9 50 18 2 49 38 31 27 50 9 18 
40 50 41 38 10 49 49 11 17 47 36 7 0 48 45 40 11 19 14 44 34 20 31 33 10 35 1 10 9 39 23 12 47 18 8 11 21 2 9 2 23 34 41 46 7 24 44 21 7 9 28 
13 13 7 26 49 9 17 31 4 9 39 41 22 0 44 36 39 39 40 35 20 9 11 13 22 50 29 36 26 37 41 31 3 50 11 11 49 41 43 10 2 4 22 6 43 34 44 20 2 21 35 
6 31 22 40 19 3 1 36 26 20 24 41 44 13 0 29 37 41 11 34 37 49 47 31 34 16 38 5 20 39 7 10 34 6 3 36 50 31 11 42 9 49 5 17 40 28 13 28 44 15 47 
3 9 19 34 36 9 1 39 24 32 48 31 48 19 10 0 40 36 42 27 29 6 30 19 26 39 44 30 42 6 3 11 12 6 42 4 2 16 22 17 27 50 42 37 11 12 19 8 48 30 39 
28 36 17 37 42 24 40 44 46 43 30 10 34 21 22 36 0 25 7 16 9 25 15 25 50 29 14 44 9 14 20 37 33 12 17 26 25 46 20 1 31 12 22 26 25 48 41 8 16 40 26 
44 2 33 22 14 13 12 17 9 28 30 32 30 26 7 47 48 0 17 46 47 41 6 7 35 47 3 39 50 3 38 6 29 19 39 27 35 50 41 4 14 13 29 11 23 2 31 43 1 19 1 
44 41 21 43 36 38 46 48 25 12 24 12 15 21 22 2 13 42 0 50 22 47 8 14 32 34 12 45 34 34 16 11 39 32 2 45 15 8 27 3 39 40 2 16 43 40 2 15 41 1 1 
19 2 1 48 4 36 28 39 9 25 44 13 15 10 1 35 31 13 27 0 7 44 36 39 12 32 45 43 22 42 33 48 5 33 34 48 9 38 35 48 9 38 19 18 29 46 28 38 7 42 6 
22 2 14 45 7 33 13 40 16 9 44 6 48 27 27 39 30 32 13 42 0 47 47 16 18 20 25 19 11 16 5 8 36 30 37 11 46 41 39 27 15 47 49 19 39 16 32 22 42 2 7 
48 6 45 50 9 26 36 47 25 32 15 3 24 11 2 8 26 11 16 32 48 0 42 6 48 46 49 28 27 3 38 3 27 9 10 7 3 42 31 29 36 10 45 14 45 50 44 25 8 38 8 
6 12 26 21 10 7 1 47 4 10 49 9 44 37 29 39 45 15 4 50 17 46 0 33 31 22 3 28 11 49 2 25 20 40 45 33 42 1 38 1 50 2 46 27 19 38 2 1 28 16 12 
50 10 5 38 42 11 29 46 50 7 30 41 48 3 36 29 20 50 5 38 38 7 15 0 5 48 22 19 14 44 21 2 50 45 38 2 16 16 2 3 23 13 6 39 44 21 12 48 25 34 9 
32 2 23 29 24 44 45 1 41 21 42 16 3 30 5 30 46 11 1 21 14 18 47 33 0 25 32 19 22 34 37 24 44 31 35 39 1 28 16 14 9 21 16 12 33 31 48 4 9 40 41 
16 38 25 13 45 15 6 41 5 42 26 24 17 4 47 48 35 18 42 4 3 30 47 42 50 0 49 6 15 2 28 29 10 32 44 22 37 20 18 40 25 45 37 12 22 33 48 50 9 36 34 
13 36 18 36 38 36 42 34 14 47 9 42 40 28 14 17 42 23 32 11 29 17 28 18 10 17 0 19 25 9 3 50 48 29 19 15 44 42 46 6 37 46 37 5 44 17 4 47 35 9 17 
6 27 27 26 5 46 8 1 27 21 18 17 25 11 48 11 13 22 13 21 25 46 18 46 15 43 13 0 35 2 6 21 34 16 42 47 24 22 4 14 19 36 42 20 35 19 29 12 44 47 6 
42 25 23 39 43 10 9 31 11 12 34 24 50 22 1 35 2 33 15 25 40 9 8 45 35 33 27 33 0 27 37 31 20 39 46 15 46 12 27 50 38 15 41 44 2 35 12 43 49 34 35 
28 30 30 22 17 33 17 28 4 11 34 27 4 24 32 15 36 5 8 6 24 25 34 28 10 49 16 7 10 0 24 41 29 49 43 9 2 40 17 29 32 29 34 23 39 4 39 38 20 21 21 
26 39 42 29 12 3 46 3 13 19 18 11 18 31 20 5 28 12 16 30 25 20 26 26 27 40 2 45 24 22 0 12 46 36 40 48 3 38 20 31 7 7 38 5 11 15 19 16 43 20 49 
12 26 5 42 46 7 13 16 3 22 2 1 29 41 8 22 25 29 33 17 18 8 31 9 24 37 16 15 12 9 24 0 9 26 25 11 36 42 45 44 42 40 22 18 9 5 6 9 14 4 43 
44 38 10 3 32 4 46 46 18 9 42 49 5 45 49 43 26 5 31 23 31 31 36 42 27 47 41 22 5 19 29 2 0 12 19 16 37 49 23 44 7 40 46 27 35 1 42 18 24 11 13 
30 5 34 32 13 13 3 19 27 35 14 25 42 50 31 40 37 36 30 12 44 4 12 24 33 35 4 1 41 36 30 17 11 0 42 39 25 19 31 7 3 35 31 46 9 44 16 5 27 4 11 
6 32 45 50 19 26 43 10 49 28 10 2 28 42 6 47 14 50 12 7 21 7 30 27 28 14 8 4 31 17 31 28 47 30 0 30 48 23 12 23 14 32 10 32 30 43 33 3 5 3 47 
3 5 16 48 41 50 3 18 22 6 18 40 29 33 47 33 5 48 12 9 25 2 27 48 26 12 25 50 34 46 11 4 1 35 15 0 26 12 50 40 31 45 5 41 18 46 43 31 50 33 11 
28 5 44 45 22 1 29 19 22 30 25 3 34 27 46 15 40 45 19 22 21 5 9 31 14 20 12 10 2 33 31 26 18 24 18 6 0 10 7 13 14 48 44 28 11 7 42 22 14 22 32 
3 37 31 12 41 24 47 14 31 3 39 20 17 40 49 50 36 11 10 40 6 34 33 5 25 28 27 48 25 23 49 48 38 21 31 45 45 0 6 34 44 9 47 26 10 25 28 27 39 13 7 
6 11 5 33 27 20 4 27 38 13 47 50 40 8 5 42 33 46 9 4 5 30 28 16 31 10 8 23 31 47 1 38 36 18 17 38 44 5 0 45 11 41 19 19 21 48 10 8 18 6 34 
46 32 30 9 2 26 34 40 2 18 13 32 46 42 12 9 15 22 42 18 49 28 2 49 14 37 12 7 18 21 3 40 18 47 1 20 8 27 16 0 41 4 4 4 28 49 10 23 28 9 39 
46 36 27 39 36 19 30 32 46 16 15 27 22 31 16 23 15 50 41 43 1 38 7 1 14 45 25 25 1 4 15 35 49 30 26 17 13 30 12 33 0 41 27 32 1 27 28 33 23 13 26 
45 23 37 17 38 9 30 27 25 42 45 5 31 42 1 31 29 42 6 49 10 36 39 9 3 25 7 7 25 36 12 2 13 26 10 42 48 32 42 18 38 0 37 5 20 39 36 46 40 50 46 
50 41 17 14 16 10 35 29 15 14 2 24 3 39 30 43 43 6 33 10 34 47 1 39 11 24 31 19 20 17 29 17 7 29 37 22 35 49 10 50 7 19 0 18 29 16 15 35 16 41 46 
43 41 8 41 13 3 41 29 4 43 30 17 10 48 35 36 17 25 3 8 8 44 47 34 3 15 30 22 23 46 39 16 28 24 25 39 10 17 16 34 32 7 46 0 18 21 41 10 20 44 31 
49 11 14 33 39 49 44 24 39 49 24 19 6 8 4 14 40 36 24 47 26 1 9 19 27 2 49 30 14 13 6 10 29 43 48 29 3 45 36 26 45 36 28 17 0 11 14 1 39 14 7 
1 25 47 48 5 48 2 45 7 37 1 15 11 27 44 14 41 14 10 25 12 45 50 48 2 40 23 42 8 14 2 11 16 7 12 32 14 31 38 1 27 8 39 49 26 0 30 26 2 24 47 
23 38 29 39 45 7 25 49 46 16 25 10 37 44 36 40 50 4 15 13 1 10 26 10 49 5 7 1 23 23 15 22 19 12 41 15 32 28 13 5 7 15 35 23 26 18 0 21 46 14 36 
31 22 37 12 46 14 12 20 41 41 1 24 26 24 2 4 42 26 3 22 9 23 42 11 6 37 25 3 34 31 35 12 38 38 42 43 35 7 16 28 3 13 37 23 5 33 39 0 12 22 22 
26 45 43 42 28 9 31 27 7 10 39 9 36 10 6 39 36 39 32 9 20 35 11 25 19 47 36 19 6 23 48 14 32 13 5 40 19 47 10 34 13 8 1 6 40 44 27 27 0 17 16 
48 1 30 14 3 42 34 19 23 32 23 12 22 34 12 25 28 24 6 17 21 40 29 49 46 12 35 6 36 26 20 10 3 40 26 48 34 18 11 14 6 1 24 29 12 2 37 18 44 0 15 
16 3 22 1 46 8 22 32 18 41 7 29 33 48 12 14 9 32 8 15 41 10 14 42 11 21 16 1 37 45 25 18 12 21 10 18 38 3 45 19 27 3 1 20 8 27 18 27 18 48 0 
43 0 6 10 30 25 7 39 31 40 25 43 22 45 23 16 40 18 13 38 44 26 7 38 40 39 39 10 45 35 34 3 40 34 39 3 20 8 32 47 4 29 8 14 20 26 6 8 29 4 18 
10 6 0 39 24 23 36 18 21 42 36 47 45 46 6 22 4 39 6 20 46 33 36 16 35 16 19 44 18 14 33 32 31 41 17 25 48 1 10 17 18 2 37 41 11 7 34 12 8 48 23 
18 2 9 0 8 36 24 40 5 8 4 43 1 8 9 5 16 5 30 31 25 3 29 40 3 45 46 46 6 28 32 8 36 20 41 16 30 23 33 32 2 8 47 2 14 26 2 30 32 6 41 
29 32 28 24 0 20 39 13 7 14 40 29 35 27 26 47 7 32 17 43 26 44 23 49 30 17 7 27 26 28 43 17 14 50 38 3 26 9 47 22 28 18 16 19 42 23 24 20 27 18 19 
21 14 40 31 47 0 7 34 48 7 14 13 37 30 21 24 15 35 39 23 21 49 35 46 16 9 28 4 7 7 44 37 1 9 9 23 4 25 19 41 47 42 11 40 8 15 31 37 48 19 8 
39 31 4 47 20 36 0 19 24 23 19 3 28 41 13 27 13 29 21 48 20 41 17 49 27 29 39 45 38 1 29 42 6 38 50 6 6 48 12 40 38 36 1 47 22 44 15 20 27 31 3 
2 16 50 49 17 23 33 0 27 19 32 41 31 24 45 28 48 40 42 8 21 16 18 32 11 35 41 20 28 34 15 19 18 7 48 28 26 6 39 33 33 24 21 43 8 48 5 28 3 45 47 
25 29 20 11 38 34 35 40 0 15 27 3 6 44 4 14 23 25 26 18 2 42 2 9 26 48 45 26 24 14 31 14 18 33 38 40 40 49 47 11 45 41 17 25 6 30 19 28 39 45 25 
31 2 36 43 5 24 20 44 13 0 44 9 12 27 35 14 36 23 7 15 24 24 28 16 24 11 26 27 3 46 30 17 37 30 39 50 12 33 41 33 17 20 5 34 17 37 30 41 41 43 45 
46 22 25 21 2 3 37 13 32 30 0 47 17 49 34 27 22 33 38 35 2 4 33 24 49 4 19 44 49 38 32 35 37 11 2 34 46 12 9 38 47 26 21 10 3 20 4 7 1 41 15 
48 3 6 42 41 14 48 27 17 33 10 0 39 26 50 45 10 7 47 50 32 11 24 50 38 27 34 24 21 29 1 13 43 8 23 35 33 32 19 11 21 48 36 42 6 38 37 45 10 9 11 
47 10 2 10 5 24 3 18 16 8 41 28 0 49 17 20 17 31 3 16 13 29 38 37 30 34 25 33 45 50 40 39 14 13 19 4 4 42 49 19 11 30 14 4 4 30 21 38 26 36 22 
7 43 44 46 33 9 24 23 26 30 42 9 18 0 26 19 27 15 31 13 17 25 32 34 5 34 15 35 33 50 14 38 7 9 29 34 46 21 17 36 45 30 19 24 40 20 21 47 29 36 3 
6 7 13 20 47 25 9 39 13 19 25 41 23 13 0 42 35 1 40 42 23 7 48 45 19 37 7 9 45 36 13 19 7 48 47 8 31 45 40 32 9 37 33 4 18 21 39 46 12 49 35 
21 7 37 13 47 8 13 45 33 41 17 15 3 1 50 0 19 44 27 5 11 41 11 8 34 36 24 45 27 49 48 11 48 47 2 42 12 20 36 50 50 19 1 7 42 43 23 30 4 19 2 
46 20 7 38 45 10 49 4 27 23 14 37 47 35 31 20 0 19 2 9 39 49 9 27 5 43 41 4 17 41 14 45 41 9 47 3 41 41 9 7 32 13 17 9 27 37 32 4 23 11 24 
4 28 46 30 4 38 44 2 46 5 7 33 13 13 29 24 29 0 50 33 40 29 11 46 27 26 32 50 50 19 11 37 32 6 18 10 17 45 29 44 16 48 40 13 3 26 31 5 46 49 13 
4 5 40 22 46 44 33 19 5 22 38 44 33 36 19 25 27 46 0 4 12 29 1 7 18 43 40 48 44 1 46 27 4 1 6 8 33 42 35 22 17 34 26 25 22 28 4 7 28 35 1 
4 10 43 37 34 4 48 23 29 7 46 40 19 10 45 35 43 28 28 0 36 33 43 24 37 28 3 26 35 41 40 33 21 9 1 42 18 11 15 22 5 35 20 6 16 21 45 8 15 27 44 
11 30 50 49 18 12 37 7 9 32 28 13 32 40 24 26 31 19 19 28 0 24 29 6 24 2 14 37 8 17 34 46 11 8 48 29 4 21 11 33 30 32 5 6 41 27 22 38 17 43 45 
14 40 47 50 20 32 25 27 48 5 26 29 40 26 36 17 5 35 12 20 6 0 21 37 39 47 20 24 15 47 30 26 21 16 22 21 6 15 9 28 47 30 45 14 28 5 3 15 31 5 11 
18 3 5 23 40 44 4 9 4 1 9 11 30 18 30 5 14 19 5 31 3 47 0 8 15 40 12 7 9 35 44 5 43 10 36 12 23 16 43 33 27 2 6 5 28 38 20 15 46 49 50 
39 47 26 25 9 21 46 41 33 29 38 45 25 10 46 17 1 44 6 7 40 22 36 0 29 29 47 43 30 28 21 47 11 11 35 6 9 17 35 28 42 28 26 10 4 40 8 32 45 33 22 
19 21 41 42 10 17 11 48 47 12 29 16 13 13 32 27 35 40 5 37 50 17 17 15 0 30 15 13 32 39 22 15 48 48 6 2 26 21 19 25 39 49 20 39 16 13 13 13 47 23 13 
23 43 41 46 22 3 5 26 13 46 5 29 10 25 47 32 18 7 11 7 7 16 15 16 38 0 31 28 1 2 18 3 16 10 26 49 23 8 2 35 49 21 45 6 30 35 20 11 14 19 32 
45 6 36 16 7 7 28 25 8 42 26 5 24 46 44 39 19 34 26 24 25 16 23 13 36 12 0 10 36 32 19 20 14 32 21 23 47 30 45 19 43 46 33 44 43 24 16 22 11 36 46 
2 27 39 46 8 29 33 24 30 46 47 42 44 40 22 12 24 4 24 47 10 25 15 34 29 42 23 0 31 39 21 41 50 1 36 17 44 26 37 13 45 15 6 15 24 46 5 39 4 21 12 
43 18 38 39 37 27 12 5 17 16 7 2 36 10 6 47 42 9 23 29 37 38 42 29 33 4 10 42 0 38 24 4 19 11 28 28 23 13 12 49 41 32 22 20 47 38 13 21 6 19 49 
14 31 32 42 26 5 27 9 7 34 18 21 17 43 13 39 42 9 32 33 35 30 10 33 48 16 19 45 41 0 21 33 5 24 40 11 23 37 19 2 23 47 5 6 16 24 11 5 27 35 50 
21 13 24 36 15 34 22 49 45 11 37 32 18 37 1 13 48 28 33 41 2 24 7 10 36 30 24 44 10 37 0 11 42 11 42 50 20 32 38 25 27 2 39 25 41 36 16 38 20 15 11 
14 28 45 45 49 48 7 15 1 35 11 28 39 8 1 46 22 26 37 32 32 10 4 6 39 13 49 16 24 21 43 0 5 30 50 23 34 48 17 43 2 14 18 37 40 17 25 50 17 41 41 
44 12 33 34 30 4 25 39 6 36 49 41 41 31 43 6 48 40 36 17 48 6 34 35 18 15 24 14 39 15 13 33 0 25 33 28 32 22 47 21 19 10 9 11 8 4 24 27 7 48 11 
27 11 32 24 43 38 29 49 16 15 31 11 50 42 23 17 16 9 3 11 35 2 20 17 8 39 46 26 32 45 38 17 16 0 29 38 3 1 1 40 40 4 23 31 6 38 49 10 19 35 37 
8 18 4 38 27 26 41 16 17 5 43 3 18 22 28 15 45 22 5 20 17 15 19 14 7 12 22 15 29 9 30 27 41 45 0 38 21 13 29 2 13 12 36 35 36 47 2 6 10 29 24 
4 38 15 15 21 43 49 40 31 15 4 27 37 8 25 17 12 23 34 7 2 17 20 43 9 31 31 34 18 6 6 13 37 6 5 0 42 12 27 25 45 22 23 48 38 9 36 49 27 11 30 
40 34 26 22 22 38 19 23 7 40 13 16 23 26 9 42 41 32 3 34 5 36 48 40 36 30 19 33 35 23 32 4 23 38 16 23 0 37 15 34 18 23 40 20 36 32 7 1 23 29 17 
45 18 24 28 26 5 36 36 36 43 20 37 39 34 8 9 43 35 10 37 6 26 48 36 11 15 16 13 8 30 30 46 4 18 28 15 30 0 46 13 12 37 2 30 42 49 37 2 36 28 24 
15 16 14 42 12 20 21 39 18 11 39 24 29 7 13 24 33 21 6 44 30 47 23 49 1 4 47 6 38 24 14 31 35 35 16 14 33 12 0 7 9 44 42 29 2 23 13 24 23 29 25 
4 32 30 35 45 18 43 15 42 8 24 15 1 44 48 9 39 44 42 49 41 22 15 48 50 38 19 22 27 38 31 24 27 13 21 32 1 1 41 0 49 22 19 21 49 36 29 42 35 5 14 
25 30 32 30 35 33 18 33 35 7 49 22 39 5 27 50 39 38 24 16 9 39 3 44 28 23 2 16 12 21 47 35 17 13 14 2 42 47 29 39 0 15 19 16 34 50 1 31 17 23 36 
41 4 12 39 6 36 27 39 3 12 31 3 21 15 11 15 5 26 41 26 8 42 10 36 1 40 24 19 44 28 43 36 43 26 30 44 23 28 8 29 25 0 4 45 18 8 13 48 1 24 36 
46 5 26 48 29 50 45 27 39 16 13 8 45 25 20 46 10 45 35 18 42 27 19 13 1 4 47 43 28 39 43 23 46 9 33 38 10 46 48 31 50 47 0 40 42 16 17 10 20 48 12 
3 3 17 7 44 19 37 13 47 25 3 3 49 1 24 40 13 37 43 32 36 15 48 5 18 45 37 27 47 34 45 27 45 17 36 40 7 39 15 14 2 48 49 0 23 28 48 49 40 19 27 
5 23 28 17 26 39 6 12 39 49 32 10 16 14 30 27 8 33 15 35 34 24 22 30 31 39 17 25 28 21 47 48 9 21 30 22 50 28 41 47 34 45 1 16 0 32 42 32 36 44 2 
40 17 25 34 43 31 2 48 36 37 23 32 35 18 3 35 2 46 34 8 27 30 42 19 1 40 24 6 48 40 8 31 32 27 32 31 23 25 28 50 21 2 42 5 25 0 3 10 33 14 47 
40 36 2 36 25 10 25 7 33 4 7 47 50 47 30 42 50 9 37 22 13 27 18 34 38 25 38 37 44 49 30 41 42 2 50 22 29 46 2 23 6 17 42 25 43 24 0 3 46 26 33 
3 2 47 43 35 13 19 19 48 1 22 38 13 35 24 16 5 49 48 8 13 4 7 14 17 46 36 44 42 14 23 43 12 12 46 28 45 50 17 37 4 11 49 2 1 18 4 0 8 1 27 
20 4 48 19 21 50 46 33 26 39 28 25 27 35 28 29 27 2 40 47 22 5 32 11 4 2 6 6 14 49 43 28 43 15 45 19 46 44 42 47 33 12 24 29 10 30 34 14 0 24 22 
42 3 19 5 5 15 22 37 15 19 44 40 20 28 47 50 33 13 41 10 34 33 11 43 14 11 32 4 2 25 19 42 33 42 7 40 10 39 10 30 48 9 29 23 3 43 43 47 32 0 10 
47 22 24 15 39 10 43 26 41 45 34 18 36 41 50 2 8 28 21 7 40 44 3 11 12 26 4 38 41 21 19 35 23 42 28 48 18 19 4 48 48 35 49 16 47 30 24 39 23 1 0 
36 0 15 26 26 20 4 19 14 3 13 6 5 36 20 27 49 46 44 14 3 34 40 24 23 10 6 46 38 14 32 3 16 15 40 36 4 10 48 23 25 29 5 16 42 43 43 50 29 39 48 
35 30 0 25 20 17 47 42 3 17 15 8 31 50 21 11 41 41 46 35 23 40 49 22 40 25 30 24 33 31 17 6 18 49 17 48 23 41 45 23 40 13 7 32 8 17 49 5 45 31 2 
3 4 44 0 17 9 36 9 36 46 38 23 9 23 50 10 41 32 34 23 38 50 46 24 46 11 33 18 15 24 26 25 29 2 29 14 3 24 33 8 13 14 6 49 35 17 4 35 32 48 27 
17 22 23 43 0 3 8 30 49 6 27 18 45 13 21 14 44 7 44 37 8 17 50 27 11 25 45 47 39 29 7 49 37 17 48 10 3 7 9 27 6 23 26 28 32 45 20 43 29 22 24 
47 42 45 41 10 0 18 46 13 19 8 11 42 20 49 28 32 29 16 11 11 37 48 17 31 35 42 22 45 16 5 2 18 18 6 11 8 43 26 38 42 8 45 41 19 45 32 6 29 4 14 
41 28 18 12 37 49 0 25 14 6 18 46 1 47 15 7 43 24 15 39 21 40 4 28 20 3 43 8 48 37 4 37 44 42 2 14 24 1 7 19 12 33 29 20 21 46 8 48 26 13 2 
8 41 41 33 25 38 1 0 49 9 45 42 27 28 3 31 3 9 45 1 33 43 18 47 28 39 11 34 8 24 46 45 32 36 35 47 47 4 9 28 26 24 2 49 25 20 6 2 18 40 44 
49 3 26 31 10 41 45 13 0 45 15 4 44 25 13 50 10 42 44 6 35 50 1 18 25 10 41 20 22 8 33 9 17 18 31 47 42 7 6 26 6 2 41 14 14 22 31 28 36 26 11 
15 9 12 5 45 49 36 1 22 0 19 22 23 5 13 6 38 26 44 17 8 3 37 19 1 34 9 37 5 3 29 14 35 47 47 18 1 6 14 37 49 7 6 35 7 35 29 36 2 8 35 
5 34 20 18 9 29 41 12 22 36 0 13 32 49 43 5 38 27 9 45 6 32 13 8 18 1 47 3 12 16 5 23 35 47 18 24 31 16 29 39 40 11 45 42 1 37 26 8 42 3 48 
3 28 7 3 4 43 26 2 17 12 26 0 29 46 18 14 28 35 31 19 25 23 48 20 6 45 37 21 8 32 26 40 11 10 18 2 45 29 45 15 32 5 14 12 28 14 32 49 25 37 9 
41 28 24 28 26 5 9 2 8 17 22 19 0 20 42 22 16 20 29 16 19 50 41 16 38 21 9 37 42 42 14 39 47 21 23 35 13 38 32 43 48 36 28 38 49 10 36 44 21 6 49 
12 21 9 18 10 1 12 36 8 18 19 17 10 0 44 29 26 49 47 7 10 29 39 37 19 34 22 4 18 29 35 15 17 37 44 2 18 39 3 14 35 1 2 25 25 29 20 18 44 20 34 
38 47 14 46 20 24 35 40 35 38 48 44 8 23 0 3 3 31 17 43 11 38 46 34 23 10 28 15 12 41 14 5 10 49 45 47 18 3 42 24 28 34 49 18 26 37 8 44 2 23 27 
40 2 1 9 47 42 14 42 37 43 10 24 50 22 34 0 38 46 14 27 36 50 39 43 15 28 39 29 9 36 3 34 14 40 14 25 3 10 40 48 5 5 11 5 32 19 10 50 47 42 49 
12 30 25 37 27 1 9 36 32 9 14 5 6 35 9 47 0 35 36 48 32 29 7 16 22 31 40 35 12 47 18 39 33 17 37 41 4 39 3 37 24 45 24 8 40 42 50 6 21 23 23 
26 14 49 11 21 5 15 4 7 38 17 48 40 14 20 32 39 0 19 44 5 9 32 50 24 38 6 49 27 31 32 35 15 39 25 42 26 34 7 17 37 40 35 47 50 8 47 34 45 21 10 
12 37 27 18 15 45 15 26 24 16 7 39 24 25 4 3 9 16 0 22 45 48 33 3 8 16 24 36 1 16 41 22 5 6 21 21 49 38 22 11 48 11 8 33 1 30 2 12 22 46 6 
39 19 23 27 13 30 34 20 3 41 9 15 11 34 45 2 33 3 4 0 6 15 38 6 24 34 40 50 3 28 15 12 14 5 10 2 4 32 30 9 42 15 18 20 20 40 47 48 50 7 29 
19 9 18 41 41 2 13 50 43 23 30 32 43 39 30 45 11 1 32 41 0 21 3 45 13 41 48 18 37 35 38 43 50 46 50 46 3 46 14 19 1 41 33 38 37 12 34 26 32 40 45 
36 47 19 16 8 16 15 6 1 44 34 27 15 5 30 31 36 43 43 27 49 0 48 33 31 1 39 16 9 1 7 22 37 47 40 3 46 32 30 42 30 39 41 13 25 18 14 18 33 7 32 
48 33 39 14 46 39 15 38 16 20 1 6 5 44 22 47 31 26 3 34 49 7 0 2 14 39 9 35 8 13 37 22 33 3 20 9 40 49 33 44 14 32 44 14 22 30 33 36 19 4 22 
33 42 31 23 33 42 32 26 25 38 4 7 26 29 49 18 4 36 35 33 49 48 32 0 39 3 6 43 30 34 7 23 16 5 42 4 30 3 30 37 18 8 23 9 7 10 25 19 35 24 12 
29 1 34 21 23 36 11 42 21 28 50 2 42 19 15 39 3 34 25 20 16 25 49 18 0 26 26 40 26 29 28 38 8 7 22 28 23 32 35 20 19 19 11 10 10 19 6 31 40 43 22 
23 36 11 5 47 5 2 17 46 48 46 36 13 43 41 42 46 21 41 43 7 19 15 6 1 0 5 15 40 50 20 45 50 34 8 6 3 48 2 25 24 21 16 39 22 24 34 48 17 20 27 
11 11 50 50 15 4 22 5 4 43 40 13 18 27 3 47 3 6 38 38 45 44 46 18 22 42 0 30 43 33 17 7 49 20 23 9 34 1 34 43 2 32 44 49 33 34 9 48 13 20 28 
32 43 29 32 33 17 16 32 29 23 25 29 22 38 36 42 43 46 18 19 46 20 13 37 7 1 46 0 13 35 13 44 17 23 6 35 15 20 39 40 43 19 19 5 20 27 3 22 11 47 42 
16 3 46 1 32 13 30 43 25 33 21 3 47 16 30 8 7 17 3 21 23 5 6 25 1 27 15 43 0 10 5 30 36 16 44 48 41 22 22 24 23 36 27 14 8 22 16 22 39 41 19 
46 5 8 27 19 12 48 21 1 5 48 37 33 21 3 36 37 4 19 39 37 35 44 31 36 47 42 49 4 0 35 6 27 2 42 9 25 28 40 25 37 44 1 22 19 25 49 44 44 5 36 
29 19 21 3 32 12 12 28 42 23 21 49 18 17 50 22 35 42 12 29 9 48 29 33 45 37 14 25 6 37 0 3 48 44 18 6 37 7 49 10 48 13 50 49 3 16 46 34 5 19 4 
15 3 33 26 28 32 40 38 9 46 49 38 23 5 20 23 5 50 11 13 16 36 33 15 17 9 49 27 17 50 4 0 9 6 3 23 1 16 19 40 25 48 19 41 15 49 25 28 44 34 44 
41 34 45 6 39 29 20 18 10 20 33 14 22 10 43 40 32 20 33 20 8 37 10 36 16 47 46 19 16 42 32 6 0 43 24 9 20 14 50 15 44 31 48 9 21 43 35 48 31 23 9 
44 8 11 14 37 4 25 10 41 42 33 2 3 19 38 27 21 49 1 23 27 33 6 39 39 10 29 39 44 32 50 15 46 0 7 49 24 45 29 37 6 46 5 10 23 12 29 45 41 33 16 
14 50 30 50 33 12 2 23 26 27 26 36 16 10 43 18 6 47 20 15 33 42 12 46 28 22 23 34 28 11 15 38 6 28 0 18 50 36 47 24 38 22 23 4 11 30 10 39 50 31 44 
23 49 21 19 33 22 38 35 23 11 39 19 45 16 12 38 30 38 42 43 33 10 23 33 43 11 38 2 16 18 34 24 4 34 38 0 17 18 38 46 46 12 1 25 13 50 4 28 39 49 43 
31 1 9 38 11 14 26 38 26 23 34 37 19 5 28 16 16 11 28 45 21 43 43 47 31 32 35 10 34 40 33 50 3 24 37 33 0 15 16 24 24 42 30 12 23 12 26 33 20 36 34 
39 18 11 4 23 39 8 13 8 30 29 16 4 37 41 35 35 45 18 45 1 50 38 4 4 41 31 21 35 6 50 16 25 50 2 15 39 0 49 2 49 26 3 9 44 46 26 26 25 32 27 
41 38 2 41 34 39 31 8 50 32 8 37 28 2 30 14 41 5 36 27 47 36 44 20 20 48 42 44 9 29 15 7 40 8 15 13 14 35 0 17 13 35 32 50 20 41 39 25 7 15 32 
35 22 39 6 31 6 44 33 21 36 47 37 49 22 18 2 48 21 38 18 50 7 38 23 42 16 37 24 29 32 24 35 30 27 44 43 18 35 27 0 9 19 32 14 31 17 49 33 28 3 39 
42 5 20 48 32 29 35 16 14 16 20 21 4 39 13 12 8 22 28 25 35 13 44 29 49 19 43 8 7 44 33 9 21 41 41 19 16 32 46 16 0 9 2 22 12 40 49 28 25 18 5 
41 12 1 29 5 29 11 42 49 14 36 27 10 20 33 11 50 14 49 45 47 26 27 12 16 34 42 32 39 1 41 18 41 3 3 22 9 43 36 12 8 0 25 34 32 30 33 43 2 30 30 
49 15 27 24 9 16 36 39 13 21 38 30 3 48 23 19 36 7 17 12 3 8 28 37 37 22 42 45 32 34 42 40 3 10 2 27 42 18 45 38 36 20 0 31 16 25 29 22 36 10 12 
47 36 35 18 27 42 38 40 38 37 24 41 7 29 30 48 27 44 47 47 27 19 13 30 26 33 27 12 13 8 1 7 35 21 38 7 6 36 33 10 39 2 31 0 8 15 46 14 2 37 28 
3 29 40 14 35 28 23 6 42 44 15 26 28 30 37 17 6 37 42 23 43 42 11 37 8 26 39 5 15 31 20 26 26 35 6 23 18 22 36 10 34 50 44 40 0 46 13 24 1 22 48 
40 27 10 14 36 11 18 3 6 10 40 19 41 12 25 40 1 43 25 14 50 35 2 33 40 43 49 22 42 45 2 39 33 18 41 43 16 12 50 45 5 15 17 26 20 0 16 10 33 15 6 
13 31 26 8 48 6 26 28 25 43 13 47 12 11 8 2 36 23 21 32 24 39 44 31 10 36 19 26 13 25 33 17 7 36 33 21 13 26 20 36 17 38 38 7 33 8 0 4 6 18 19 
30 37 12 34 33 25 38 46 49 13 38 1 16 50 11 47 41 26 29 38 39 11 4 35 15 36 1 37 48 3 33 13 8 44 45 47 5 23 4 8 33 17 27 8 49 17 23 0 39 47 37 
18 28 28 31 30 20 34 28 19 47 25 2 48 47 31 25 44 22 6 15 42 18 23 21 5 23 34 47 37 49 14 13 40 12 35 5 36 27 15 25 13 28 5 8 34 32 20 31 0 27 24 
24 1 34 33 45 50 5 7 27 8 37 38 41 21 33 12 12 37 12 26 40 17 8 31 2 15 14 16 38 23 3 3 20 13 25 14 30 8 18 36 1 29 1 7 39 26 37 34 25 0 22 
20 33 20 2 35 8 44 3 31 31 37 40 20 4 5 35 18 29 46 20 33 5 20 26 26 11 17 1 42 27 28 30 41 16 4 21 33 19 28 18 20 27 27 37 50 11 10 47 3 5 0 
8 0 9 39 6 39 15 14 44 26 25 41 43 12 5 3 7 50 4 1 35 2 50 1 28 50 7 29 33 27 15 1 21 49 38 20 20 42 35 27 39 7 39 43 4 28 28 15 22 35 43 
12 6 0 46 18 4 8 8 11 7 33 36 32 18 12 24 21 44 25 36 33 15 16 28 12 29 13 7 47 1 22 42 7 48 34 4 46 25 31 35 12 13 32 29 45 3 25 22 32 31 7 
34 41 37 0 2 29 47 29 34 40 41 2 11 10 35 41 29 34 34 8 29 47 14 41 24 21 34 37 34 10 4 42 26 17 45 39 1 21 47 6 8 17 41 42 44 11 2 22 44 4 24 
41 38 24 3 0 10 21 1 13 31 46 10 46 25 36 50 26 45 16 47 41 9 38 29 1 12 7 22 47 14 20 12 44 31 36 13 4 3 14 35 18 50 8 16 11 48 22 16 6 45 35 
7 7 47 13 16 0 4 10 23 41 4 49 5 50 11 34 16 16 40 23 46 24 32 31 29 41 2 22 19 3 41 42 17 2 30 14 5 47 18 21 10 45 30 24 31 20 46 9 5 27 33 
6 26 33 50 11 26 0 26 18 23 15 32 41 20 1 13 33 4 20 48 30 20 49 20 14 2 44 9 1 10 46 43 17 43 21 35 16 34 3 19 39 30 29 45 7 28 4 11 23 19 37 
43 39 8 48 13 8 7 0 20 49 18 18 26 9 28 22 16 49 49 16 48 49 2 2 10 50 41 4 13 36 48 34 36 32 23 4 4 10 45 8 27 9 15 4 2 22 4 21 18 35 13 
5 12 8 21 39 41 38 48 0 48 23 5 45 34 1 34 33 44 36 25 18 6 4 41 39 40 34 48 1 39 47 20 37 29 23 43 23 28 11 35 13 17 12 48 36 23 15 31 4 18 39 
10 36 43 18 7 2 21 19 32 0 6 44 37 10 2 3 18 16 12 9 12 5 34 2 13 1 45 7 6 17 26 3 45 34 50 37 35 44 12 16 42 2 9 30 29 19 31 3 47 33 5 
49 20 46 6 35 27 35 31 17 13 0 46 16 3 7 3 50 4 10 15 19 25 5 46 17 10 46 4 23 44 21 43 10 23 12 27 34 50 28 16 10 50 13 45 4 47 37 7 23 26 20 
28 43 32 15 31 44 25 29 47 39 23 0 12 38 47 21 36 43 42 30 20 50 26 45 6 19 12 10 42 20 24 40 32 48 25 44 1 28 8 32 34 9 21 32 27 37 38 26 49 34 11 
44 16 44 6 20 2 48 27 47 19 34 33 0 9 23 50 42 15 13 3 20 8 36 10 47 12 30 45 19 19 31 36 12 9 9 30 24 38 42 5 42 4 2 12 13 50 27 12 9 27 45 
23 14 46 14 4 9 6 48 45 41 7 29 8 0 16 33 23 25 50 44 26 4 24 8 11 17 7 24 47 47 36 18 36 43 24 8 23 16 45 6 21 19 41 48 15 36 25 44 46 31 28 
3 13 16 1 41 50 6 36 48 47 36 9 1 10 0 23 21 36 34 8 11 8 30 44 23 8 14 26 44 26 42 14 28 17 20 33 6 21 42 34 9 18 31 48 10 36 10 41 39 42 15 
39 10 39 21 20 23 19 44 44 28 24 13 10 6 33 0 8 43 32 27 18 1 45 1 50 43 28 32 35 37 49 23 38 2 12 4 5 40 47 50 11 37 28 49 6 35 6 21 43 28 29 
18 9 12 25 15 45 9 40 28 43 41 34 7 45 5 36 0 12 49 2 29 19 46 32 16 31 24 46 46 15 38 7 40 8 9 32 15 26 27 48 9 46 50 19 8 20 3 21 5 1 49 
44 23 41 49 10 22 27 47 44 41 50 14 25 41 36 2 27 0 48 14 41 11 35 2 44 33 19 27 25 46 28 3 42 46 16 44 35 49 9 49 10 38 30 33 7 10 33 26 29 22 19 
27 24 41 10 39 10 22 48 16 42 45 3 1 16 39 8 18 10 0 47 1 3 19 49 4 4 31 2 46 34 1 44 48 3 28 2 29 1 36 28 35 14 2 43 8 16 35 30 18 18 2 
15 16 33 22 17 8 25 37 7 8 8 27 14 16 49 47 50 24 15 0 10 8 33 33 12 38 1 26 42 39 19 2 35 28 33 36 28 16 32 11 44 5 15 30 20 27 38 38 28 10 19 
36 6 3 8 45 33 34 21 34 16 33 33 49 38 7 23 49 32 30 21 0 32 19 13 21 6 44 3 13 36 1 14 49 33 21 34 46 32 21 38 4 45 45 48 46 12 22 16 42 14 5 
39 7 48 39 38 17 44 33 3 2 30 21 36 33 3 34 1 29 5 11 41 0 29 44 27 27 37 21 18 10 34 28 11 50 31 13 8 2 45 33 17 3 50 18 37 25 24 10 15 43 28 
22 38 38 3 14 11 13 22 12 1 47 26 24 19 25 19 21 5 21 46 33 7 0 46 38 8 42 11 8 3 4 28 6 25 32 12 40 23 48 18 2 45 31 33 33 21 28 27 50 13 6 
3 5 45 48 46 16 43 1 45 23 50 6 19 9 23 41 1 42 8 36 46 24 37 0 19 1 3 25 13 17 31 15 12 46 47 1 24 12 28 36 47 47 23 3 46 3 40 12 24 11 31 
27 35 42 27 10 29 18 26 47 44 42 31 34 14 8 39 11 23 8 50 29 23 7 12 0 39 24 21 41 17 12 41 1 3 37 4 30 20 19 38 23 6 37 31 43 5 17 40 40 39 14 
30 40 17 11 2 5 29 31 39 37 9 27 9 36 3 42 28 48 11 28 20 42 35 36 44 0 43 43 14 7 22 34 32 3 4 33 2 35 42 35 50 2 39 30 1 14 29 29 46 40 14 
39 42 29 11 45 38 5 31 17 10 12 15 25 17 3 27 24 6 3 1 7 36 13 11 27 31 0 13 35 22 15 15 47 24 43 34 42 3 43 9 46 48 4 25 26 38 37 15 13 49 38 
5 23 43 40 7 3 30 19 35 15 26 21 9 3 45 16 41 32 34 11 25 32 47 8 4 3 12 0 37 23 40 16 50 37 35 10 42 5 35 37 31 13 35 9 45 21 28 45 23 31 23 
47 34 30 38 14 24 27 36 36 5 42 43 46 45 49 26 34 25 43 4 12 6 46 4 49 40 24 3 0 38 27 8 39 7 1 44 33 20 49 22 37 16 19 50 32 39 20 39 14 46 45 
44 21 31 28 12 41 39 26 40 24 50 25 48 9 47 4 37 46 2 17 6 35 4 6 39 43 7 14 16 0 29 1 10 7 43 34 38 9 30 40 4 45 45 10 49 37 42 22 41 36 36 
34 44 13 30 39 9 18 25 39 20 34 25 11 11 23 40 18 5 26 9 45 7 7 48 22 12 25 6 20 48 0 21 16 28 30 46 8 48 27 5 25 20 34 41 21 20 20 34 50 26 47 
24 17 16 27 41 27 38 15 9 28 34 13 6 42 49 18 47 31 15 16 43 41 1 2 39 12 17 37 29 2 29 0 26 30 23 24 5 1 2 40 20 20 34 19 28 41 8 29 49 22 2 
23 3 35 11 5 33 17 14 38 30 11 2 37 7 50 9 33 33 19 44 17 46 41 46 46 10 23 24 11 32 33 18 0 15 27 30 26 41 20 19 41 39 37 14 11 9 19 47 13 29 33 
25 46 31 29 36 27 12 39 16 45 11 43 4 7 47 43 37 10 28 24 18 14 15 28 6 30 33 31 38 27 13 10 46 0 29 7 38 37 36 42 3 14 2 4 24 31 46 34 8 15 17 
32 37 36 5 15 12 31 3 23 6 45 32 2 39 33 1 48 25 50 10 6 2 19 26 11 17 10 42 48 11 47 26 16 21 0 45 26 25 41 15 46 7 35 13 37 8 32 1 16 41 30 
48 9 8 6 11 31 19 11 45 48 2 40 6 13 9 20 16 31 45 7 26 7 11 5 4 22 39 33 18 29 17 45 2 18 13 0 38 19 11 11 14 8 15 47 17 44 17 29 1 28 39 
16 20 21 34 4 41 49 3 3 39 43 36 43 16 32 7 39 38 1 22 2 6 21 31 50 11 11 45 11 37 43 39 6 30 13 47 0 24 18 15 22 40 16 9 23 22 22 23 31 35 38 
29 42 50 7 38 11 50 41 35 44 31 5 42 17 46 5 31 14 4 36 33 22 24 29 33 36 47 48 9 28 39 30 10 24 8 1 39 0 50 42 2 48 34 33 22 42 35 24 43 27 17 
42 9 28 50 5 8 19 22 24 2 15 2 33 8 5 1 45 19 9 45 17 32 22 2 38 50 39 3 37 48 12 5 22 42 36 31 2 11 0 19 50 33 17 26 40 38 47 1 25 17 41 
41 5 34 33 1 11 37 27 13 6 20 17 35 27 40 10 31 41 22 24 49 35 1 10 13 50 6 32 14 41 49 14 36 46 8 7 21 40 42 0 26 44 26 49 14 31 16 32 50 1 28 
17 11 4 43 42 6 5 25 20 1 5 6 13 22 7 6 32 40 20 34 39 42 50 47 31 24 37 37 29 47 18 7 32 37 25 38 11 43 4 2 0 3 47 20 41 21 39 14 27 7 26 
35 43 31 17 39 25 12 7 13 19 20 18 46 23 34 48 24 27 47 19 45 39 36 18 31 43 22 9 27 43 10 10 31 4 13 25 27 15 48 1 27 0 5 31 36 32 35 2 48 8 23 
15 38 31 39 31 46 8 13 36 47 4 3 31 20 9 11 38 42 10 9 22 9 30 47 43 41 9 1 36 47 41 25 2 4 28 23 29 43 24 18 18 15 0 29 1 47 24 25 11 27 22 
47 10 38 49 2 7 9 35 46 40 37 8 27 40 6 29 1 27 43 37 32 46 18 42 42 8 30 29 50 19 17 49 24 14 50 32 38 4 3 22 15 45 47 0 34 32 10 38 40 45 19 
23 48 19 41 41 2 42 46 8 44 27 30 35 28 24 39 35 14 40 25 42 48 25 22 22 37 49 35 11 33 21 41 35 32 46 19 31 34 23 49 40 42 46 9 0 45 36 10 20 10 44 
26 25 1 20 27 25 24 48 19 5 3 8 35 26 24 37 46 4 32 6 9 1 41 41 36 50 2 16 27 37 27 30 25 18 7 46 41 15 5 21 46 33 16 19 47 0 32 7 21 35 9 
40 7 39 5 35 25 34 10 35 27 24 8 21 32 28 23 33 18 19 28 47 31 49 11 10 26 35 22 45 4 43 32 31 19 48 20 42 21 33 32 13 31 31 28 48 38 0 13 35 41 24 
50 40 3 7 12 10 8 29 45 10 41 13 15 31 35 43 27 2 35 9 32 13 35 37 16 16 1 21 13 23 13 1 32 22 5 4 29 25 7 38 12 14 26 23 42 50 17 0 50 44 6 
11 11 1 33 42 37 5 16 42 47 9 37 16 23 48 40 32 43 26 31 14 3 45 47 47 19 37 13 45 16 50 1 28 7 13 2 50 49 31 18 50 13 33 11 30 25 48 4 0 26 2 
19 24 25 14 43 8 17 5 37 23 1 43 21 26 47 8 10 10 11 46 41 33 13 8 32 1 21 34 17 22 22 34 37 44 48 27 27 15 15 5 36 46 13 8 18 7 42 8 15 0 22 
16 39 44 31 12 37 11 17 32 42 38 33 38 15 2 17 7 28 28 21 32 46 45 6 10 45 20 6 41 25 9 13 20 46 7 33 40 6 32 11 16 11 33 23 18 4 9 49 6 1 0 
1 0 15 30 45 41 20 44 38 21 18 18 6 26 8 34 26 13 42 9 19 28 1 47 18 5 21 13 23 39 7 37 22 50 40 25 45 33 26 5 37 40 3 35 15 44 11 35 26 40 42 
41 17 0 40 37 24 50 18 13 40 21 8 22 50 15 31 46 6 37 33 39 43 38 37 23 30 25 16 32 24 44 36 38 33 47 16 20 32 13 17 25 28 20 36 35 30 18 3 21 34 49 
6 49 43 0 2 50 4 30 17 8 49 35 36 40 46 35 20 39 4 49 12 14 43 21 9 12 24 2 3 44 12 23 46 49 26 39 38 45 32 48 13 41 15 6 18 41 42 31 41 1 10 
29 50 22 23 0 35 13 29 35 40 26 2 28 24 46 27 39 38 14 8 48 25 8 6 37 21 49 37 3 19 21 43 12 2 34 33 24 25 27 42 26 9 11 42 22 12 13 42 11 42 3 
5 17 33 4 35 0 22 44 36 2 36 26 26 16 20 34 41 26 40 13 3 15 12 23 32 39 14 16 35 26 9 8 27 12 17 16 26 29 49 50 12 30 39 25 6 50 34 46 22 39 21 
37 2 49 39 38 44 0 45 2 16 22 6 10 11 44 29 50 15 50 4 8 12 28 41 2 24 26 37 17 32 5 19 45 47 5 22 6 29 24 29 23 32 27 33 29 6 21 29 32 28 1 
20 46 18 31 10 9 12 0 47 16 13 7 28 21 11 3 12 13 7 22 23 22 41 22 32 27 35 46 13 46 3 47 5 40 32 36 24 27 16 45 13 45 32 8 16 16 4 7 23 26 45 
8 23 10 6 29 29 25 37 0 5 25 14 49 2 13 17 3 39 40 25 29 36 47 12 10 29 41 34 6 16 23 29 24 37 1 45 25 45 35 3 8 50 40 12 20 49 46 30 46 50 14 
16 18 48 48 10 12 11 1 27 0 39 46 19 22 32 47 41 13 1 19 42 8 4 37 18 30 46 36 42 11 33 11 38 7 2 7 11 27 40 42 34 15 45 8 15 13 32 19 30 24 9 
34 29 27 9 7 13 31 30 18 14 0 26 19 40 45 28 8 12 20 26 36 15 23 10 36 28 13 47 23 6 49 28 6 19 3 50 33 12 49 46 45 31 47 22 29 8 46 5 14 38 5 
20 49 5 38 44 11 20 42 31 44 17 0 9 24 20 36 21 1 37 45 45 47 14 25 32 6 18 1 32 28 33 8 33 36 1 29 30 1 31 9 40 14 20 18 2 29 23 23 3 43 37 
45 18 20 43 9 6 24 24 33 27 10 38 0 15 49 36 34 24 23 41 7 20 20 29 5 32 28 46 23 3 34 45 49 39 41 38 40 14 43 43 23 6 28 49 33 31 26 6 20 17 45 
49 50 13 36 18 25 40 15 12 32 11 1 21 0 50 32 12 50 24 11 46 21 31 31 18 2 42 22 46 25 7 23 27 7 8 35 46 37 4 24 13 1 49 32 12 13 5 8 49 2 20 
27 32 9 21 25 19 20 45 35 26 4 45 41 5 0 10 34 45 13 16 36 26 46 50 49 46 22 50 19 5 47 35 23 44 6 30 41 19 37 34 17 26 42 19 49 10 6 9 27 3 30 
11 45 34 16 45 31 33 11 25 4 19 1 40 38 41 0 31 1 36 26 19 16 8 30 50 11 34 27 2 40 41 13 23 17 26 37 41 39 29 12 50 9 8 12 30 48 25 2 32 8 29 
6 24 2 34 15 3 15 35 6 11 4 31 22 35 41 47 0 35 15 2 1 43 23 24 26 11 8 46 50 2 36 33 46 44 11 35 40 22 34 12 34 26 5 24 1 46 28 37 28 40 1 
41 37 30 8 37 33 50 26 23 7 7 16 33 20 29 8 38 0 11 50 1 26 2 4 18 25 39 50 24 31 34 21 19 11 2 46 46 16 36 25 2 40 46 11 5 28 11 22 4 22 38 
40 27 28 39 26 40 34 13 34 48 34 27 46 39 37 39 6 32 0 24 34 42 2 36 48 11 30 41 49 41 15 17 46 2 43 45 45 41 22 26 7 12 4 3 27 19 14 50 23 19 39 
5 40 30 39 46 38 41 31 28 46 49 35 23 19 32 38 25 4 45 0 42 49 34 7 18 23 39 50 9 30 48 31 19 31 2 10 27 16 14 47 7 4 11 44 30 8 27 32 35 46 31 
40 47 28 27 41 21 34 13 17 8 39 33 2 31 16 31 5 22 9 5 0 23 12 8 38 39 38 41 27 10 46 8 16 14 49 8 35 41 4 11 39 44 4 48 39 19 22 10 14 15 28 
23 10 26 42 9 29 39 41 39 3 31 8 3 21 1 24 20 3 24 31 40 0 1 11 20 12 19 14 19 19 17 29 28 13 33 24 48 40 22 41 30 46 1 16 8 9 36 2 27 39 46 
3 7 40 34 38 22 50 7 30 40 15 21 22 22 25 4 46 20 47 4 34 48 0 13 44 36 40 36 3 12 26 18 38 31 24 15 22 38 29 45 3 48 33 42 1 16 26 30 44 34 5 
41 32 31 36 12 6 45 47 49 49 36 47 46 5 23 28 40 48 8 3 17 17 26 0 45 6 1 6 12 29 11 11 43 20 8 35 37 7 46 12 9 28 41 31 46 17 1 38 38 29 38 
36 32 36 32 38 25 6 37 30 11 50 34 18 39 39 44 28 38 20 37 21 45 37 49 0 26 27 37 31 28 5 13 18 34 41 25 29 7 38 20 11 31 21 16 1 10 44 23 42 7 24 
24 50 18 42 18 41 45 37 7 12 38 26 10 26 48 33 50 28 14 11 37 40 19 10 7 0 1 30 36 40 32 4 45 24 4 32 13 50 42 24 35 34 20 32 9 23 5 12 40 3 27 
45 46 29 47 38 34 32 9 36 18 11 10 48 25 8 43 3 6 45 35 33 8 5 30 27 17 0 8 10 37 2 39 40 33 13 37 8 17 28 17 48 32 42 7 6 24 25 23 8 1 31 
3 6 46 18 45 37 42 49 21 21 26 23 23 35 29 22 28 35 38 50 27 26 40 47 4 42 2 0 49 6 2 45 1 9 7 49 34 44 15 18 1 17 18 7 46 22 10 19 23 28 3 
48 38 20 1 4 28 16 50 15 4 36 43 44 19 26 26 14 17 36 45 28 13 17 38 34 9 19 44 0 25 45 23 30 22 4 5 7 32 8 3 22 19 45 1 15 16 24 25 39 21 47 
46 2 37 33 26 35 22 32 18 46 10 22 25 20 31 6 22 40 14 20 45 6 15 15 27 33 13 3 23 0 10 35 30 24 29 49 22 43 39 29 21 36 50 41 8 12 47 21 31 34 10 
3 35 26 1 3 41 38 23 7 43 23 19 9 9 12 30 48 46 21 10 14 34 12 44 35 45 16 8 3 30 0 12 32 19 14 8 50 5 24 27 9 35 21 32 36 48 17 41 33 47 33 
49 25 10 25 46 20 23 32 17 8 26 30 21 28 32 41 1 46 2 12 25 25 20 13 26 44 2 27 46 18 4 0 33 12 20 31 37 22 45 18 38 27 23 7 19 33 5 1 5 4 8 
17 46 31 35 8 25 6 48 49 3 18 47 37 49 5 43 19 1 47 45 20 7 28 14 35 3 18 2 30 22 43 47 0 23 39 2 9 3 27 13 7 32 25 46 16 21 31 37 8 15 41 
36 50 9 10 39 10 18 18 50 6 7 4 18 28 10 22 24 49 48 46 41 42 39 41 13 45 11 13 44 5 16 11 38 0 40 36 44 38 14 50 42 42 35 27 7 1 29 7 18 6 49 
8 38 11 19 1 44 12 19 47 44 50 6 25 46 40 47 17 29 43 17 34 10 49 6 5 7 15 32 41 35 39 44 8 45 0 48 28 50 19 40 42 32 20 17 7 43 36 10 32 17 4 
12 28 26 39 16 48 40 5 15 44 30 31 29 13 5 6 48 31 48 12 47 49 40 1 36 14 44 42 14 19 47 34 15 37 23 0 12 18 19 30 1 39 46 4 46 13 2 42 5 3 37 
39 30 34 5 8 14 38 25 4 2 5 48 41 46 48 47 16 43 40 43 38 29 2 48 24 1 45 45 39 34 23 39 40 27 31 17 0 50 10 29 10 25 43 16 28 46 42 5 9 48 17 
37 49 15 10 49 10 29 36 32 8 20 43 37 20 29 16 9 15 16 31 47 6 15 31 19 45 13 24 2 33 46 37 48 22 48 25 24 0 30 28 21 39 14 29 21 41 32 7 47 50 31 
33 41 43 17 20 31 35 35 42 4 47 5 35 50 12 33 46 15 22 5 42 29 37 46 43 34 27 44 40 38 39 17 25 22 50 6 44 31 0 3 17 40 39 39 24 25 34 30 30 9 8 
36 42 25 45 39 4 5 48 25 37 5 41 45 5 16 30 31 13 50 7 39 15 13 6 15 4 41 13 21 9 4 48 35 33 2 48 43 30 33 0 46 2 47 7 17 13 49 44 35 9 45 
4 17 30 3 19 22 29 20 30 36 14 42 27 16 33 7 6 13 3 18 38 1 30 4 6 43 9 47 43 17 10 7 4 27 5 38 18 33 15 30 0 19 23 1 48 33 10 21 41 34 6 
43 32 32 41 7 4 37 27 47 26 14 33 27 14 27 7 38 50 11 46 40 24 48 23 50 16 1 33 21 47 22 18 13 37 24 28 26 13 21 2 1 0 41 37 39 17 37 47 37 22 27 
22 21 30 39 17 20 35 9 42 42 3 5 6 1 5 46 20 41 41 49 32 25 30 10 46 49 37 9 7 13 19 14 11 45 25 1 38 25 20 4 43 18 0 21 29 50 46 36 37 35 22 
18 6 47 23 45 47 42 21 43 19 34 26 3 30 23 40 44 11 26 4 8 45 21 38 7 15 4 1 10 1 13 1 25 35 46 14 18 39 1 28 10 18 33 0 2 20 18 15 42 7 11 
2 25 11 32 14 23 36 9 17 31 43 42 11 43 6 33 1 18 35 10 22 6 11 48 44 41 13 20 18 39 50 13 44 50 49 39 40 44 22 23 28 9 23 20 0 35 19 7 40 46 37 
17 48 8 48 39 47 14 13 38 24 11 17 42 28 32 31 48 11 45 18 44 8 47 12 32 14 34 42 14 26 34 23 25 31 23 2 6 47 12 3 25 27 6 49 12 0 12 17 45 39 5 
21 46 46 28 44 9 2 46 16 26 14 23 50 13 40 38 43 12 6 30 26 1 50 42 44 17 3 49 1 21 47 39 3 9 5 39 28 47 37 14 1 10 32 36 40 3 0 28 44 10 25 
19 6 39 10 29 20 46 4 35 28 7 4 46 45 30 25 20 41 8 1 10 46 25 43 29 16 20 15 3 41 39 9 40 27 3 41 1 44 31 35 43 25 12 9 8 48 15 0 38 7 15 
33 37 37 9 15 23 32 47 31 13 1 32 1 44 39 48 15 20 42 39 24 27 11 23 8 36 34 16 35 32 2 32 8 38 9 3 23 31 12 30 10 4 13 18 35 12 24 19 0 21 10 
34 46 46 19 42 7 27 15 1 29 40 16 12 50 12 19 24 13 36 37 26 34 8 13 30 21 14 43 38 47 12 16 46 25 48 6 37 40 47 3 27 9 31 34 40 44 42 14 7 0 16 
38 12 33 34 35 50 39 33 39 21 43 34 27 4 18 24 21 38 2 7 33 35 16 34 11 17 4 25 23 36 29 1 37 23 9 1 33 12 40 49 17 4 1 27 10 43 32 27 16 17 0 
24 0 5 12 50 33 4 46 50 24 19 47 15 10 4 43 43 48 4 46 17 42 9 48 4 40 29 34 40 25 19 35 28 9 7 13 25 40 37 41 6 5 33 39 22 2 3 44 48 34 17 
45 29 0 32 49 26 15 7 8 11 4 21 6 26 6 34 20 7 4 42 18 4 12 14 40 13 9 21 26 2 38 36 37 6 8 24 7 46 10 32 48 18 32 27 37 36 49 8 34 39 33 
47 41 7 0 17 14 33 15 42 37 17 45 32 6 23 19 35 50 19 32 27 24 47 22 45 1 23 36 28 5 14 2 38 38 20 42 45 30 40 44 42 42 5 23 15 3 37 26 4 18 2 
50 39 2 12 0 9 50 19 13 17 42 48 38 37 24 16 8 44 37 32 24 5 11 25 41 36 20 25 8 42 14 47 32 10 4 15 13 36 26 11 42 27 18 24 3 44 4 18 50 50 45 
43 39 22 44 47 0 39 15 11 27 40 26 12 21 3 45 16 29 34 9 3 23 19 27 40 48 37 38 22 47 32 3 25 8 48 22 8 10 16 7 26 49 25 50 21 17 16 48 21 9 29 
26 34 41 47 23 25 0 13 33 47 11 2 43 15 45 38 1 4 23 32 38 6 13 27 34 5 48 20 6 24 33 40 17 14 19 7 19 35 12 26 47 45 28 20 47 25 6 11 5 34 16 
13 25 40 21 24 13 7 0 8 42 25 6 8 9 15 22 36 29 47 39 20 17 42 48 35 43 28 44 31 9 49 37 15 22 9 20 15 27 43 45 44 12 27 20 1 42 38 20 5 25 40 
27 15 17 15 49 21 27 6 0 29 46 19 26 49 43 38 41 36 50 45 7 9 37 2 45 8 40 23 47 44 5 8 39 7 20 23 23 49 8 10 50 39 22 14 49 25 36 29 27 14 1 
2 20 11 19 31 41 14 22 7 0 9 48 30 13 25 39 31 20 30 21 16 43 28 41 45 19 37 23 3 20 22 12 46 34 43 3 39 29 38 39 32 10 27 1 1 3 9 10 40 11 45 
16 50 7 49 8 24 30 16 50 45 0 19 11 3 35 48 3 46 20 22 1 2 32 41 40 6 17 28 40 43 10 27 34 42 25 7 13 40 36 35 29 9 14 38 45 14 49 24 17 4 1 
13 40 18 11 44 35 9 18 43 42 47 0 40 24 41 18 36 20 29 29 36 13 11 36 44 42 39 45 47 26 7 43 12 37 43 48 38 16 31 31 23 4 23 44 43 32 20 40 48 27 28 
30 46 38 19 38 3 5 25 20 6 40 13 0 42 36 50 36 4 32 43 31 20 39 48 7 32 41 18 43 12 23 49 47 20 48 28 47 24 19 5 46 33 42 12 26 33 41 32 8 44 46 
16 9 5 47 9 42 49 31 37 48 36 13 13 0 48 7 44 44 44 8 3 13 36 27 48 49 29 27 22 25 41 9 10 49 16 7 40 42 24 40 37 49 44 32 8 10 20 30 15 19 39 
48 39 50 42 34 31 33 8 49 31 15 27 6 46 0 39 26 15 47 42 18 3 20 4 22 4 19 4 20 38 29 49 13 4 37 43 21 10 7 32 26 8 35 25 10 23 22 38 37 19 35 
6 33 24 2 37 28 35 29 38 16 28 14 20 20 32 0 2 24 20 3 18 17 8 15 16 10 18 45 44 50 33 32 17 1 4 24 17 40 2 50 16 36 32 19 17 48 45 16 6 29 21 
48 18 35 1 18 48 19 8 42 19 34 42 30 6 34 12 0 13 16 46 15 12 23 20 38 33 36 39 48 18 16 3 40 16 29 35 14 33 50 36 27 49 32 11 32 32 45 2 14 34 37 
32 50 10 14 9 26 48 47 19 33 9 21 40 26 17 44 27 0 2 21 21 29 14 30 20 17 30 13 39 6 38 34 26 15 32 35 4 30 2 20 9 16 36 31 4 18 28 43 35 15 39 
19 1 43 14 8 18 20 41 48 29 14 9 42 32 50 33 6 9 0 42 13 15 25 32 13 5 43 34 27 2 39 38 28 24 18 19 33 34 2 24 17 34 40 5 41 46 8 45 49 5 35 
23 34 43 3 25 44 19 31 9 16 35 44 39 9 42 36 35 24 13 0 17 50 4 35 25 30 25 21 42 17 48 48 35 23 18 17 4 36 22 44 26 14 4 43 9 33 41 1 46 50 10 
23 22 37 38 35 20 50 19 23 50 23 28 14 12 18 50 22 21 43 38 0 1 14 31 38 3 47 11 27 42 40 25 26 42 7 26 27 49 35 33 48 5 18 49 45 3 36 40 32 41 34 
19 30 4 12 10 9 41 49 35 39 9 23 27 34 25 48 36 7 37 41 1 0 37 39 46 33 33 15 37 35 17 8 30 37 9 21 45 22 31 47 17 37 50 50 44 39 33 41 16 20 6 
1 33 45 50 33 33 42 9 29 27 45 5 15 19 32 29 37 19 14 31 26 6 0 10 21 5 2 38 45 7 1 42 49 18 30 17 25 36 37 26 39 3 14 2 21 22 32 35 32 13 11 
47 23 3 39 30 45 23 24 45 31 46 47 2 29 35 47 38 36 2 7 44 50 43 0 26 28 13 5 40 50 23 17 6 33 47 5 20 47 29 1 22 2 12 42 46 43 7 13 24 36 26 
45 50 30 6 17 47 31 28 11 17 41 33 25 22 15 40 15 6 24 16 50 9 36 30 0 6 33 8 48 33 22 1 31 5 25 29 17 27 27 30 8 39 20 19 34 32 20 38 21 31 4 
42 8 1 20 26 37 15 50 1 35 40 34 45 39 17 11 28 1 44 48 14 39 26 16 28 0 31 41 2 49 36 45 38 17 29 31 44 31 36 49 42 3 27 27 46 19 5 25 30 17 22 
42 37 27 33 41 4 32 35 42 46 46 13 1 15 40 2 18 17 9 24 30 43 2 3 46 37 0 12 30 47 23 6 12 35 28 45 9 11 34 39 27 12 46 44 4 46 40 26 12 6 17 
38 9 22 44 42 50 35 25 38 4 42 3 38 20 40 35 28 24 21 32 42 34 28 32 12 34 49 0 49 7 6 12 1 24 31 36 48 41 42 37 45 24 37 46 36 36 10 9 25 14 11 
13 3 42 25 26 4 31 40 32 8 1 37 18 33 43 42 29 8 35 42 45 37 37 26 9 5 39 42 0 47 3 26 25 35 46 44 9 10 50 5 32 17 1 10 29 44 37 19 14 44 45 
31 1 41 23 17 26 16 16 16 22 16 40 44 30 33 27 2 23 40 34 32 29 3 3 25 45 28 9 32 0 22 36 26 49 2 22 25 34 13 30 18 44 44 34 34 17 28 7 30 47 18 
36 47 24 11 13 2 48 39 48 23 49 8 35 45 36 41 41 42 8 8 43 39 44 23 40 39 46 20 36 47 0 38 48 12 15 37 39 2 39 40 21 27 46 15 8 20 37 10 40 48 27 
38 16 23 40 25 47 4 2 21 24 7 29 3 2 35 1 46 20 9 47 39 3 2 38 31 47 24 37 4 4 30 0 6 22 10 10 22 25 23 41 40 36 1 18 16 14 49 44 14 23 19 
41 40 32 1 38 35 14 36 9 28 23 17 49 17 45 1 7 43 42 14 26 24 30 19 12 39 36 37 25 33 4 11 0 15 35 14 40 25 22 22 25 9 40 14 13 17 19 2 2 22 13 
42 2 22 10 43 18 10 13 40 50 50 28 12 27 25 13 3 14 3 5 27 36 21 18 5 37 10 18 3 43 37 34 16 0 12 41 3 39 6 43 47 31 13 32 23 26 32 29 38 39 5 
16 38 49 17 37 7 31 5 5 7 8 43 10 47 13 16 13 50 37 23 24 48 21 7 25 14 4 49 42 24 8 22 29 48 0 27 49 36 49 26 34 22 35 1 37 39 38 3 36 11 10 
19 30 2 17 31 19 18 42 42 23 4 33 13 31 49 37 14 12 20 14 31 14 24 3 1 40 48 34 19 37 12 18 39 33 5 0 28 21 13 18 9 32 44 7 4 30 40 23 20 39 3 
25 41 16 47 30 6 6 49 17 42 22 34 24 6 12 36 45 30 27 22 16 2 45 12 32 37 7 21 24 11 17 28 46 16 13 21 0 3 42 4 50 23 23 46 26 38 49 21 2 42 44 
46 43 44 17 37 23 47 4 16 44 49 35 26 6 25 44 38 8 44 42 34 3 27 28 49 44 6 20 24 34 16 6 30 30 16 25 34 0 29 30 40 25 49 26 11 1 38 47 41 1 44 
11 13 8 1 11 43 16 17 19 44 17 27 31 32 28 44 6 46 41 1 10 9 29 4 17 35 28 17 27 12 47 16 19 30 23 4 48 29 0 19 23 10 18 11 37 23 48 19 44 33 8 
32 1 1 1 35 2 34 5 34 27 16 49 40 7 47 2 8 1 9 24 46 28 28 18 41 43 49 43 32 20 16 34 34 20 30 46 16 19 46 0 22 20 44 45 43 8 12 29 4 40 22 
40 19 35 10 12 5 24 33 10 43 4 42 24 15 11 33 15 20 28 1 37 40 5 38 4 2 33 35 11 30 14 45 3 10 30 48 49 25 8 25 0 23 33 9 4 19 29 21 31 33 25 
47 9 27 40 36 1 14 48 6 10 23 39 23 31 29 9 39 14 35 13 35 41 13 3 29 4 31 2 20 26 32 2 3 36 34 6 18 13 25 30 35 0 1 20 48 3 34 11 29 25 10 
40 8 46 20 41 7 46 25 12 33 20 12 28 30 29 21 37 37 48 24 42 26 39 6 29 34 21 16 1 45 43 3 27 11 36 25 7 34 45 27 10 44 0 2 43 10 23 24 40 20 33 
48 25 32 2 19 14 19 41 42 8 36 31 25 17 40 18 36 18 44 5 15 3 42 21 14 48 25 47 46 6 11 32 47 19 48 19 21 26 43 22 6 16 42 0 38 42 29 20 35 3 43 
38 6 46 15 18 45 33 12 38 21 40 23 46 37 47 4 35 7 20 22 48 11 25 23 49 49 12 5 29 36 28 40 44 4 19 5 37 32 1 4 36 10 38 22 0 33 33 21 6 41 38 
44 14 16 31 45 28 31 24 16 20 33 28 33 3 43 50 30 42 19 43 18 4 6 17 37 38 23 4 40 16 29 7 15 42 42 15 25 13 9 42 24 14 16 31 21 0 9 28 35 29 33 
4 29 38 49 20 41 8 49 45 8 5 28 34 50 42 27 14 41 12 29 26 17 34 27 19 5 39 25 47 29 11 39 25 8 13 50 19 17 22 2 7 26 19 2 38 47 0 31 16 40 44 
45 37 24 1 7 38 46 11 30 16 3 33 3 17 47 16 4 26 38 42 9 48 20 11 23 50 48 32 40 23 25 23 35 3 34 25 16 24 2 25 4 9 37 6 49 24 24 0 3 6 22 
43 5 28 49 36 48 18 14 29 7 41 14 21 8 42 30 48 50 33 22 1 30 25 14 38 50 11 14 12 49 27 46 27 19 30 20 46 37 18 37 8 2 46 45 35 40 38 30 0 15 20 
26 24 20 34 21 13 31 15 11 36 37 5 2 30 31 45 38 3 28 22 35 12 33 47 15 49 35 31 29 49 12 31 49 42 24 4 26 43 48 18 40 31 27 32 50 4 1 16 14 0 40 
3 36 3 43 36 15 42 23 20 23 29 50 36 13 24 6 6 11 7 27 19 45 5 10 33 4 36 1 48 12 49 19 17 40 46 27 29 6 6 9 13 4 24 26 40 40 46 14 9 44 0 
48 0 41 10 38 21 8 31 43 11 33 30 41 25 8 24 10 34 47 17 48 28 1 5 48 14 16 21 30 21 43 8 22 43 5 15 9 10 30 19 39 46 37 45 24 30 22 29 17 2 30 
7 50 0 48 11 17 48 36 12 24 5 37 2 22 19 25 8 49 21 44 16 1 5 28 29 2 42 6 31 18 43 38 5 28 42 36 9 25 32 39 17 23 48 6 15 2 44 15 27 49 23 
24 8 23 0 37 29 3 23 19 10 25 43 6 45 32 18 33 25 31 33 17 34 18 33 27 43 4 49 13 28 8 27 29 32 46 19 30 32 42 14 34 36 6 23 14 25 18 3 25 47 19 
20 35 44 33 0 39 6 26 46 44 26 4 10 42 2 48 14 24 49 13 39 1 33 18 49 31 29 46 20 3 26 1 25 17 10 38 43 35 50 7 14 4 37 48 38 31 27 15 22 16 11 
45 4 13 8 18 0 38 18 46 3 11 11 7 44 19 25 30 43 33 14 6 30 24 43 50 36 15 36 30 19 4 14 25 4 42 31 47 13 10 42 1 26 40 48 47 3 48 44 29 14 2 
34 33 8 10 32 21 0 12 13 23 4 2 39 27 49 47 37 3 2 38 28 17 34 41 13 31 40 27 46 47 38 22 7 16 18 21 32 17 45 11 11 36 50 37 38 50 38 13 50 50 16 
46 42 42 36 35 1 42 0 46 30 43 45 16 16 35 33 45 23 10 29 16 21 9 42 28 43 18 47 4 13 44 27 27 46 32 43 30 16 31 34 20 41 21 15 18 16 20 34 3 6 5 
15 4 22 35 45 38 1 14 0 43 17 4 38 33 37 16 18 21 35 43 4 30 43 27 9 26 1 44 24 12 24 35 45 49 8 29 24 6 12 37 6 29 2 38 17 17 3 38 29 3 48 
49 49 11 2 26 23 28 14 10 0 45 44 28 3 20 33 10 40 25 8 42 13 9 49 37 25 28 6 10 42 24 13 16 21 14 25 36 34 47 33 7 47 42 2 42 12 2 50 18 34 7 
13 13 21 11 36 41 1 24 28 49 0 18 18 22 37 33 29 7 39 45 48 26 44 43 2 46 21 8 7 26 24 29 38 26 36 11 1 45 10 29 35 35 11 20 35 40 30 21 16 10 33 
45 11 24 37 31 20 20 19 16 15 34 0 44 48 4 20 30 42 37 27 32 34 47 11 11 14 16 24 9 13 17 1 42 48 43 30 18 15 40 5 41 31 27 45 15 2 41 13 16 15 10 
38 35 40 28 50 49 1 13 24 16 46 12 0 7 50 15 42 47 5 25 2 16 3 33 36 2 8 3 46 9 23 3 8 45 4 29 17 3 20 44 31 18 2 16 39 45 20 20 45 50 10 
44 8 42 13 45 36 2 5 26 42 46 5 4 0 1 13 39 17 4 22 48 40 27 12 44 35 14 37 44 41 33 38 8 46 49 29 46 17 33 9 44 15 49 45 3 36 13 48 16 26 7 
3 17 24 3 21 17 47 49 28 31 49 8 14 44 0 4 39 9 6 22 18 23 35 45 28 34 41 33 9 9 22 17 22 19 34 31 21 34 44 29 13 49 18 5 29 45 7 35 1 49 47 
5 43 44 9 35 18 23 47 19 30 34 38 40 6 15 0 28 40 30 14 33 5 15 27 10 19 5 31 16 33 27 7 33 11 12 18 24 28 11 50 13 49 38 26 49 29 12 29 49 15 18 
18 5 38 16 43 40 16 35 40 30 38 8 14 42 24 2 0 28 29 39 41 1 30 31 1 35 17 40 29 32 8 27 33 2 16 10 2 45 45 20 29 8 43 21 21 26 42 25 34 26 27 
34 50 11 24 18 38 25 38 32 26 50 38 4 32 4 6 6 0 49 33 22 8 34 10 10 33 8 9 11 26 44 43 7 4 5 24 27 22 28 48 22 28 7 13 44 30 21 40 40 17 21 
36 26 1 4 19 1 41 1 41 10 30 15 12 39 34 43 35 49 0 9 27 34 29 1 11 45 1 21 17 30 13 18 20 44 6 8 17 6 50 36 23 37 22 38 39 43 14 46 25 10 37 
36 42 32 41 37 8 26 41 10 19 31 24 21 28 43 10 21 7 31 0 18 37 35 13 36 40 12 42 13 19 31 6 47 7 44 27 27 39 4 19 1 41 16 41 18 42 13 1 10 46 33 
43 39 44 43 50 2 29 46 1 26 17 14 23 29 13 35 18 28 2 17 0 22 18 39 31 27 22 44 46 44 27 12 32 17 36 39 18 3 14 44 26 48 43 3 44 34 28 44 13 6 8 
46 24 9 30 12 25 50 13 17 29 8 34 2 24 14 35 47 37 41 46 32 0 4 34 26 19 29 16 46 47 49 28 32 41 37 32 39 24 38 25 14 18 40 48 15 18 15 41 29 30 50 
32 8 23 10 26 42 40 33 12 33 10 5 17 19 2 26 44 16 43 26 11 10 0 13 27 29 42 7 20 9 4 38 37 16 48 17 21 10 31 11 40 50 42 26 42 4 13 24 29 14 42 
22 26 37 4 39 23 45 46 32 34 36 20 25 9 45 24 39 20 2 32 17 13 6 0 3 27 20 34 21 24 16 18 28 6 17 32 13 50 13 9 45 26 15 50 28 5 30 18 18 48 30 
24 5 28 33 26 9 21 35 28 20 40 24 23 16 16 9 15 8 27 32 25 27 11 8 0 6 2 14 29 48 48 3 17 24 44 42 14 1 24 41 24 43 16 35 39 5 3 43 34 12 47 
16 10 42 16 6 48 44 20 27 24 45 42 37 31 18 24 1 29 24 3 8 41 17 3 39 0 9 42 23 3 4 10 31 17 2 32 43 25 8 38 45 20 32 47 18 29 1 29 5 22 32 
2 14 10 9 39 26 44 39 27 47 6 22 17 24 15 15 26 35 49 25 49 43 41 29 34 27 0 44 50 25 39 31 38 2 22 2 46 21 8 13 7 50 37 32 42 40 48 15 24 3 15 
26 45 6 47 34 10 23 32 26 13 32 44 14 39 17 18 21 46 22 19 45 18 22 43 26 12 12 0 50 40 36 12 20 47 11 13 36 33 6 38 42 24 40 33 1 26 6 23 43 25 22 
28 20 2 35 20 9 23 14 21 23 49 24 42 40 1 12 47 4 26 31 36 16 8 31 46 5 35 21 0 18 20 39 19 25 19 9 43 19 13 41 5 14 19 35 16 44 50 48 44 1 14 
9 20 18 45 36 12 12 22 39 15 24 2 47 1 34 30 50 24 31 8 44 35 14 21 17 18 32 43 37 0 46 8 42 21 4 11 20 2 30 33 48 31 47 24 26 32 13 23 34 32 14 
1 25 13 44 20 25 7 47 28 19 31 20 36 43 8 32 32 43 41 15 29 20 41 34 27 48 11 38 40 5 0 45 48 11 23 46 33 30 27 35 37 14 6 3 14 17 12 12 31 18 50 
31 30 44 18 36 32 34 29 17 22 14 19 7 24 24 33 9 13 48 25 3 5 8 5 1 24 18 27 18 15 36 0 31 20 40 24 16 5 44 37 15 50 1 11 13 23 45 49 30 41 34 
4 49 34 44 48 27 23 39 17 13 14 7 12 2 36 34 50 17 50 9 29 16 27 33 26 3 44 45 32 7 25 39 0 37 34 12 38 47 27 43 48 44 16 27 24 1 43 39 9 28 39 
46 32 30 32 6 39 23 1 18 45 33 28 8 11 39 26 20 29 41 49 38 23 24 3 16 13 39 3 32 33 14 35 18 0 43 12 43 9 5 29 23 15 46 9 49 15 16 9 16 36 26 
23 11 19 29 2 23 8 28 17 43 50 21 20 36 31 48 10 15 50 46 18 16 1 18 34 42 15 26 38 50 5 23 17 7 0 10 4 17 40 41 39 35 31 38 36 24 45 27 24 18 17 
7 44 17 41 9 8 10 2 45 11 9 32 41 18 39 27 4 13 26 28 32 21 24 11 11 37 28 15 45 40 16 42 9 21 44 0 11 7 27 49 2 44 16 45 31 31 4 41 21 48 47 
41 14 48 40 36 36 20 6 30 23 31 46 8 5 45 18 24 20 25 28 21 28 15 24 34 17 26 44 31 8 46 8 18 48 50 2 0 44 19 36 8 41 1 47 26 22 49 8 40 36 14 
30 22 46 20 27 13 49 25 7 19 10 27 26 23 27 23 29 10 6 44 24 5 34 17 38 20 32 39 2 36 9 36 9 17 28 25 12 0 48 21 37 4 20 13 18 49 15 26 24 50 49 
20 49 35 43 40 26 38 30 32 8 31 10 23 22 11 24 19 9 45 3 12 31 40 19 40 5 42 17 19 24 45 8 40 4 16 11 2 16 0 28 3 37 33 16 14 6 44 47 42 8 25 
46 17 29 47 38 40 9 16 3 36 34 22 11 9 14 24 21 20 6 50 23 3 32 43 17 30 15 27 13 47 8 1 10 45 28 28 29 43 16 0 27 2 36 14 42 19 16 22 7 50 33 
23 28 36 8 3 44 36 37 31 8 25 33 4 6 28 34 12 17 32 36 45 28 4 30 48 37 40 40 25 1 9 8 27 30 24 31 16 2 43 34 0 43 43 13 9 2 19 33 8 15 36 
5 6 26 14 39 46 25 7 10 16 4 46 12 31 50 17 7 24 32 47 19 10 24 48 44 2 16 45 28 30 5 32 25 40 47 4 33 13 41 29 7 0 10 43 27 30 47 32 33 10 36 
13 10 26 19 17 45 32 28 20 38 30 30 29 31 12 23 22 22 34 47 35 45 33 4 41 9 18 48 19 48 20 34 36 43 17 46 7 7 23 2 22 6 0 43 4 49 28 31 12 16 8 
26 10 49 14 1 19 27 23 28 8 28 35 10 23 18 47 44 36 15 17 16 15 50 32 25 29 2 30 5 13 29 6 32 11 23 11 35 23 42 49 19 35 29 0 15 25 38 47 20 36 3 
35 45 48 49 43 11 11 17 39 22 17 48 18 15 30 23 3 49 1 8 12 21 45 16 48 31 36 35 8 37 33 32 44 3 29 34 8 33 19 12 1 19 34 20 0 32 22 18 14 35 3 
36 48 20 29 41 14 1 32 2 12 26 26 10 3 40 35 4 15 37 47 15 20 31 39 7 44 37 25 35 27 14 22 50 5 1 35 13 15 13 16 33 26 32 7 37 0 25 10 32 31 47 
18 3 28 39 38 17 18 32 22 48 28 27 48 25 48 4 26 5 2 5 23 39 3 21 14 40 38 24 3 32 35 5 45 38 9 12 44 12 17 35 18 32 43 16 39 7 0 28 8 10 33 
50 5 31 26 24 30 1 7 25 49 29 44 29 41 14 23 33 10 17 37 10 15 39 17 38 42 46 38 33 8 12 31 15 20 33 30 25 19 15 30 12 38 37 18 7 24 3 0 3 2 17 
25 19 41 24 24 35 16 14 39 33 34 13 25 18 38 49 30 9 8 34 48 14 46 38 26 23 29 21 11 14 40 44 36 17 34 43 40 41 47 48 15 12 30 32 46 49 14 20 0 31 9 
44 44 45 19 19 11 24 4 48 1 7 45 3 26 43 41 28 8 34 45 9 40 13 10 19 36 35 14 42 28 10 9 40 3 20 46 49 17 48 24 20 37 43 46 41 20 9 5 39 0 6 
21 6 36 37 50 5 32 36 50 34 26 10 13 21 42 48 6 1 6 48 42 11 10 11 25 23 47 17 20 50 27 30 25 36 7 4 24 4 3 16 14 14 18 15 48 11 25 23 5 43 0 
15 0 9 50 42 15 10 47 25 12 28 9 16 16 1 7 47 35 27 15 38 25 2 48 40 34 29 44 45 14 15 49 25 12 27 36 18 31 34 22 48 8 50 42 26 7 49 48 17 8 2 
27 48 0 8 17 19 13 12 10 8 36 16 2 11 48 30 35 4 40 15 39 16 1 6 18 31 25 10 23 33 36 32 27 38 13 38 1 17 45 8 23 7 22 26 36 32 6 39 45 46 23 
45 8 3 0 19 36 26 43 41 37 44 4 40 27 23 5 39 15 48 10 29 19 10 33 43 33 45 26 20 36 25 36 16 27 11 41 24 25 19 28 13 8 26 8 14 20 18 45 4 32 43 
42 42 35 17 0 5 35 26 11 37 42 1 24 5 13 9 39 13 17 32 31 15 47 21 47 22 43 2 20 24 15 50 22 38 44 34 45 31 10 6 6 49 15 32 36 13 35 21 46 6 32 
5 29 22 1 29 0 45 21 38 46 12 34 7 37 23 43 29 36 12 29 14 8 4 11 26 33 50 16 36 35 37 23 6 14 43 10 22 1 38 16 39 25 44 14 45 23 43 28 9 44 35 
49 10 18 42 24 2 0 18 46 19 29 30 36 4 9 40 28 43 45 13 22 29 49 46 41 39 15 41 16 4 40 22 7 43 1 39 14 39 22 19 9 4 5 19 37 9 40 40 5 6 45 
1 33 47 23 6 50 14 0 27 4 10 11 3 43 29 7 24 43 4 21 26 40 21 27 4 19 25 30 10 32 50 25 36 11 9 40 40 10 20 45 39 50 12 19 9 49 1 12 41 31 36 
47 37 34 30 6 30 7 43 0 5 32 20 5 45 4 36 25 43 34 40 18 14 23 9 33 27 28 2 18 6 18 13 40 29 47 3 38 3 31 4 10 33 17 16 14 19 46 18 15 24 24 
9 28 1 13 22 24 29 2 4 0 28 29 39 38 37 19 30 26 49 2 49 23 12 31 30 35 47 7 46 14 31 11 38 45 32 9 36 40 16 26 30 10 1 27 26 32 45 30 30 45 39 
21 19 14 26 1 48 47 21 29 25 0 17 33 39 24 18 42 45 6 29 34 41 10 24 23 40 23 35 5 49 41 18 28 1 25 11 42 24 20 32 12 39 19 38 1 13 27 13 4 9 41 
1 24 1 12 49 11 46 42 36 29 13 0 43 23 39 7 39 32 14 13 26 18 25 25 18 45 22 22 23 10 14 10 32 47 9 41 44 28 40 27 50 47 33 34 3 50 47 47 50 44 24 
45 49 42 33 23 26 50 33 17 27 39 23 0 32 23 19 31 46 14 48 14 12 43 38 14 30 36 41 23 19 49 26 23 29 37 19 12 41 15 36 15 45 45 23 1 11 24 1 11 34 19 
2 34 2 31 13 2 11 29 4 38 35 28 15 0 19 1 17 44 46 5 8 41 31 28 34 19 17 21 38 3 6 35 30 40 1 48 43 21 49 24 18 2 13 12 49 30 18 31 5 50 45 
31 6 7 27 28 21 6 19 12 47 32 24 26 48 0 3 5 39 15 22 9 46 46 23 37 7 29 20 29 4 2 37 16 39 8 26 30 24 14 24 28 37 3 37 28 36 28 37 14 47 26 
29 17 34 41 50 35 34 20 21 49 1 27 16 10 10 0 16 36 19 23 24 32 26 41 45 23 43 9 45 2 29 43 6 33 29 23 21 33 48 9 41 47 4 44 25 27 10 38 28 18 20 
43 18 42 23 44 4 26 40 19 7 27 39 19 42 6 46 0 44 38 37 40 33 38 11 32 27 29 33 17 18 13 6 32 28 32 36 25 14 11 35 19 45 44 29 3 15 8 35 2 19 31 
16 1 41 28 38 6 8 11 46 15 22 10 22 7 1 45 12 0 37 7 32 32 34 3 18 46 39 9 8 17 20 45 31 48 37 47 6 42 50 45 30 17 4 15 20 48 36 23 23 2 20 
47 48 45 38 50 32 48 23 33 49 47 50 44 27 21 41 12 35 0 10 46 4 12 43 27 15 29 20 33 21 10 17 36 7 47 23 47 37 11 38 15 8 19 18 47 34 17 10 38 49 7 
24 39 13 6 17 36 5 19 23 22 13 16 2 23 32 12 44 47 5 0 25 5 2 47 46 38 35 44 47 44 48 19 33 34 15 36 29 23 1 31 38 42 18 38 17 3 43 18 45 15 23 
24 13 34 25 2 23 42 18 19 33 42 9 25 26 3 30 32 38 37 4 0 39 43 17 17 33 37 15 31 43 46 18 50 33 22 24 6 50 10 14 14 37 6 33 48 47 34 44 12 14 24 
12 31 8 11 34 31 47 17 42 15 8 11 26 23 16 43 26 4 2 48 31 0 22 24 24 18 33 11 19 21 50 44 3 18 20 35 38 42 23 38 43 10 34 18 49 6 27 30 10 33 4 
8 40 11 16 43 40 7 35 44 2 21 28 46 42 21 6 44 7 39 28 2 4 0 17 9 38 47 4 26 19 41 4 1 36 17 43 5 43 2 27 45 32 7 29 37 23 32 38 27 29 50 
33 24 22 5 3 4 23 2 29 46 36 32 16 3 48 21 42 29 50 16 14 42 31 0 45 47 45 26 31 37 6 9 28 47 19 9 31 29 31 15 40 32 41 24 31 9 1 42 27 39 2 
41 10 27 13 37 42 43 28 9 9 29 43 16 23 37 9 35 48 45 18 42 12 15 10 0 35 23 19 1 36 47 4 50 42 35 16 50 1 35 32 17 38 2 23 6 12 39 25 2 44 1 
16 45 32 22 10 29 46 18 29 15 24 43 42 12 6 30 2 32 7 38 8 1 16 28 30 0 41 39 9 49 46 48 17 7 36 32 10 18 21 25 37 4 34 6 18 44 45 10 12 1 33 
38 44 45 6 44 16 29 4 42 20 41 38 19 33 17 7 37 7 31 47 12 32 7 20 34 24 0 45 48 35 36 32 28 8 17 9 5 23 2 43 16 31 14 29 6 47 17 16 24 2 37 
9 3 32 5 21 7 38 25 22 20 22 32 20 7 38 13 30 3 25 13 35 35 15 15 17 49 3 0 1 24 18 8 21 47 49 27 29 47 4 46 2 17 48 30 23 44 49 45 23 19 34 
38 14 49 39 3 24 39 17 38 22 4 37 2 5 12 1 35 21 30 9 17 26 7 23 46 37 6 43 0 21 18 5 31 33 40 31 45 23 8 47 4 41 31 16 25 49 30 47 26 11 44 
14 24 44 10 17 12 8 26 44 16 19 46 46 21 18 23 5 12 24 17 29 28 25 26 18 37 10 32 25 0 17 41 30 32 28 4 32 38 24 23 19 38 47 15 31 36 45 35 46 8 26 
26 35 2 44 15 37 49 18 42 31 3 26 2 28 26 39 15 18 18 36 36 32 40 5 30 33 14 45 41 23 0 3 15 25 49 41 7 28 38 13 17 33 21 32 43 17 13 45 38 6 48 
31 17 28 22 41 44 46 47 15 33 23 5 28 19 28 38 1 4 37 19 11 27 6 1 4 16 50 47 39 17 38 0 27 39 44 43 36 37 4 8 47 12 31 24 30 44 29 44 13 15 29 
13 42 1 37 37 5 12 28 19 26 45 49 9 49 46 47 16 34 27 43 2 48 46 40 8 30 4 26 7 25 23 38 0 32 10 5 47 26 3 7 39 25 9 35 33 3 13 23 26 35 48 
13 10 36 23 28 16 46 12 29 8 2 36 21 44 3 7 18 50 45 50 22 14 28 39 19 43 13 14 37 46 8 28 42 0 10 13 14 2 10 32 39 1 15 24 50 37 39 38 42 30 47 
45 23 32 36 27 50 32 48 4 35 4 33 25 34 50 24 45 12 32 40 6 9 19 6 49 7 40 28 2 31 5 22 34 41 0 1 36 47 7 34 13 32 5 6 47 36 19 41 41 50 14 
44 27 10 40 41 37 5 26 37 20 11 4 46 24 30 32 49 34 34 15 27 39 29 20 9 2 3 22 20 30 17 49 29 39 37 0 29 12 44 50 14 31 21 20 14 3 28 9 33 17 4 
20 8 8 35 37 6 48 41 32 40 35 34 7 8 4 12 26 8 37 2 21 6 34 20 35 7 19 16 18 32 43 21 5 16 10 10 0 42 45 2 32 32 22 13 11 30 48 15 12 11 41 
3 1 46 16 34 15 24 38 1 31 37 33 24 50 48 15 30 41 48 45 20 32 7 6 21 49 43 24 41 37 42 8 6 27 30 42 25 0 39 33 46 36 4 44 21 45 50 49 13 14 16 
19 25 14 16 21 21 45 40 46 36 22 1 48 14 39 30 27 47 21 6 40 41 9 3 9 17 38 36 12 21 1 31 11 26 18 18 44 40 0 7 9 48 36 43 48 24 35 7 30 32 16 
23 2 43 8 26 28 16 12 7 5 34 9 29 25 35 42 41 22 47 21 37 38 41 13 9 4 48 12 30 25 10 8 5 47 49 49 38 3 50 0 41 3 33 33 2 26 39 7 19 13 32 
45 36 34 11 30 35 12 31 50 23 30 5 32 33 45 26 5 32 27 37 4 39 22 6 19 4 5 39 38 20 47 30 49 48 31 25 24 44 18 14 0 37 8 4 28 11 48 1 1 7 50 
34 25 42 26 28 6 14 28 42 26 31 24 44 30 26 1 6 34 3 21 2 12 15 13 50 46 35 45 46 22 4 5 32 38 36 22 38 24 20 25 12 0 47 2 43 34 14 15 24 3 11 
42 17 49 37 48 23 11 30 26 32 21 19 32 21 22 27 42 6 45 4 13 33 14 28 9 6 11 23 30 37 32 12 42 36 31 37 7 45 41 14 12 9 0 48 38 4 43 15 31 21 8 
22 10 30 50 49 10 3 21 28 42 13 38 1 40 1 10 27 47 41 36 21 47 16 32 42 4 35 27 25 17 42 30 3 22 15 22 33 43 38 21 35 36 18 0 49 1 25 8 9 38 44 
16 18 41 35 37 25 45 49 9 45 25 27 47 12 1 33 36 29 25 30 28 35 9 20 2 35 30 18 31 18 47 26 39 31 1 24 40 18 36 41 28 35 35 44 0 47 8 40 6 48 19 
40 29 35 8 17 31 10 22 34 3 46 28 19 41 49 49 38 16 11 27 44 18 44 34 2 44 1 15 23 44 45 25 20 13 29 18 42 31 14 20 14 18 35 33 46 0 1 17 44 46 48 
20 24 45 22 25 22 36 1 7 24 31 45 49 41 8 21 8 6 13 32 8 7 3 42 13 26 34 12 39 2 28 8 20 25 24 21 30 49 38 7 32 41 25 40 40 20 0 20 45 25 25 
43 11 31 15 41 14 22 4 9 49 39 25 12 6 47 24 25 24 17 37 42 10 19 7 50 17 33 13 2 44 7 40 37 15 9 17 27 6 35 11 50 26 40 40 18 8 29 0 20 44 16 
45 47 28 38 33 33 42 25 15 24 31 10 2 15 43 50 38 48 47 30 47 20 39 6 38 17 20 30 40 42 39 13 20 37 49 11 12 49 33 27 25 3 41 12 30 40 24 26 0 47 18 
20 32 23 14 20 26 8 23 1 16 13 13 36 24 36 19 41 16 16 33 39 40 15 21 5 45 29 28 26 49 44 45 33 22 23 7 40 6 17 24 3 39 49 17 14 13 18 18 27 0 12 
50 8 10 15 30 31 17 3 10 25 47 30 47 3 23 18 31 14 2 29 29 36 49 42 30 50 41 49 7 43 28 12 2 14 49 36 36 18 43 42 41 38 47 43 28 24 42 47 45 46 0 
32 0 4 17 48 34 15 9 18 36 30 41 19 46 17 48 35 28 33 4 38 33 14 22 10 38 41 39 7 15 6 9 44 4 12 12 24 46 4 31 35 27 18 33 13 2 22 42 30 45 44 
46 9 0 44 8 13 18 32 7 11 43 26 2 4 30 22 47 15 35 5 25 40 24 3 20 11 16 32 9 9 17 50 9 13 21 11 50 1 47 49 44 42 39 44 38 9 26 14 3 42 6 
7 8 26 0 20 4 22 7 25 47 48 37 24 48 45 44 17 40 33 20 22 46 19 37 12 33 1 31 16 11 36 2 29 17 4 10 43 34 43 17 39 44 27 50 1 8 19 42 50 44 42 
36 31 34 21 0 10 39 21 14 38 4 42 41 14 12 46 8 7 45 35 2 34 47 17 31 29 20 19 37 5 15 10 31 23 20 50 22 46 47 45 21 22 20 6 14 48 3 14 38 5 50 
12 47 15 42 9 0 40 15 3 42 41 21 35 10 23 45 11 19 45 13 25 12 10 1 15 31 14 42 3 34 26 6 31 32 5 3 13 17 31 11 11 7 44 5 4 1 38 10 33 19 37 
35 19 26 31 38 3 0 47 50 12 45 49 12 19 17 35 40 4 6 21 33 44 38 34 3 18 19 5 47 15 44 4 9 35 47 41 38 5 2 17 1 16 17 20 17 13 46 25 39 20 11 
35 5 12 37 44 48 36 0 24 13 19 48 50 36 19 41 40 28 23 26 48 36 2 39 21 17 28 18 18 41 23 45 17 28 5 9 50 47 49 4 44 2 32 40 48 4 17 31 2 26 23 
18 2 14 23 26 33 16 42 0 21 16 30 19 34 40 25 32 23 32 10 42 43 29 19 32 46 4 13 41 18 1 47 17 42 18 5 43 3 6 30 27 34 6 29 39 14 34 49 50 24 23 
44 50 43 34 31 39 34 33 27 0 22 21 25 25 20 20 14 27 17 35 32 29 18 3 34 8 38 1 31 19 13 6 13 18 46 8 48 25 8 37 16 10 21 29 8 7 9 32 9 19 50 
7 32 16 42 44 26 48 10 26 44 0 39 3 15 15 16 8 8 30 13 22 40 20 30 19 23 9 40 45 27 50 7 43 12 19 6 24 48 26 2 32 50 15 32 44 28 7 7 15 43 49 
2 2 46 47 11 38 3 47 20 35 37 0 3 33 27 38 46 41 46 9 42 11 33 28 32 22 25 38 36 41 16 3 25 2 28 49 5 47 15 8 18 22 1 6 18 46 48 33 6 7 32 
16 11 6 1 39 19 25 15 25 36 1 18 0 6 5 33 12 1 5 29 34 50 27 38 42 21 10 27 10 36 25 43 33 30 10 50 43 20 2 39 30 30 33 40 23 18 4 45 2 35 35 
47 29 27 24 33 40 23 14 31 30 43 15 30 0 1 44 18 39 47 5 41 42 50 16 49 4 18 37 16 24 17 15 25 26 2 29 14 6 6 27 10 20 6 21 10 38 15 3 40 29 50 
16 49 48 45 43 47 13 28 20 16 4 7 41 14 0 15 18 40 28 23 30 13 33 21 45 21 37 29 6 12 40 15 47 37 25 2 17 28 31 9 32 2 28 37 11 7 14 16 8 46 20 
25 26 18 50 37 34 28 3 25 7 19 7 17 30 2 0 7 20 16 13 48 41 10 19 41 29 35 46 10 39 7 21 22 11 43 16 39 30 38 38 19 40 26 6 3 14 45 12 7 10 50 
44 1 45 48 29 15 7 27 22 3 38 18 14 18 36 47 0 47 24 15 13 28 32 28 45 9 15 4 17 28 34 24 40 1 40 14 21 27 13 14 1 33 3 17 36 31 22 13 39 17 17 
49 38 42 47 23 12 23 1 40 14 12 41 49 38 30 48 18 0 24 5 16 21 34 10 15 31 25 16 43 14 38 3 16 50 12 35 36 48 5 18 2 48 26 24 50 39 42 5 30 7 33 
4 39 35 2 47 16 28 28 17 48 47 31 38 2 12 47 42 38 0 3 44 1 14 7 4 18 45 10 11 26 39 20 36 36 31 34 15 32 48 15 20 8 21 38 20 5 18 39 22 39 43 
1 18 27 13 33 41 32 31 34 3 6 18 2 28 29 12 45 7 19 0 47 15 44 23 33 37 30 26 38 49 50 6 38 22 34 38 3 10 24 49 44 34 1 15 13 15 40 20 10 42 44 
24 33 4 43 28 8 45 44 27 4 15 45 32 35 48 18 46 18 41 26 0 2 21 9 25 14 15 30 10 19 47 11 16 46 6 27 23 35 30 6 30 8 16 48 45 29 39 19 30 16 47 
44 2 20 16 42 3 25 29 29 14 29 36 26 30 43 49 49 27 8 25 34 0 17 13 11 18 36 24 14 47 25 47 50 44 22 3 9 47 30 15 24 49 6 1 42 2 23 41 18 3 31 
41 43 22 42 14 28 39 9 49 6 29 11 33 5 18 30 42 4 27 35 3 19 0 12 35 26 29 16 21 10 46 46 7 12 17 35 4 28 3 9 26 21 38 32 9 45 38 23 47 25 23 
31 38 42 19 28 22 31 38 16 36 13 18 50 4 11 23 50 17 20 14 2 40 45 0 2 15 15 38 4 40 38 6 19 47 37 15 9 16 44 39 13 24 40 37 24 13 3 39 29 49 23 
39 7 28 12 21 42 43 41 4 14 35 27 48 29 30 45 22 13 40 3 8 7 29 7 0 41 13 3 22 39 13 26 9 6 18 50 50 41 36 17 23 16 26 40 25 29 47 42 9 44 19 
31 27 39 46 15 32 28 21 22 9 40 22 2 42 39 26 22 31 29 31 4 37 46 17 37 0 33 18 4 29 44 21 45 28 21 32 50 20 10 3 18 22 21 15 9 34 45 24 48 37 3 
26 12 30 14 15 44 31 23 10 33 15 25 43 28 38 45 44 32 10 39 6 12 29 11 10 34 0 23 38 34 42 9 20 18 26 19 10 15 15 6 39 20 48 1 21 4 48 28 37 21 39 
2 43 38 49 48 14 33 19 4 32 21 43 39 18 24 45 7 17 10 29 30 30 26 22 19 8 12 0 9 8 13 6 37 17 45 41 17 33 20 29 5 27 47 11 25 18 27 10 34 47 9 
41 11 27 43 9 23 17 16 30 40 3 25 12 42 26 35 26 44 27 7 13 38 39 5 2 34 19 2 0 4 42 49 28 12 50 22 46 10 25 37 19 1 17 41 40 3 2 35 19 49 34 
2 16 7 40 46 4 23 23 41 25 4 16 12 38 41 25 13 12 21 31 25 2 8 8 7 47 48 49 3 0 50 49 50 3 21 41 34 21 23 4 19 23 38 34 12 16 36 5 3 50 29 
39 23 49 19 9 50 8 50 34 50 6 24 20 41 26 4 13 42 47 7 4 41 9 2 8 38 19 47 43 22 0 42 45 50 25 12 27 2 34 13 42 27 22 39 4 13 50 18 43 36 12 
23 14 7 43 25 48 15 47 12 22 32 11 7 12 8 12 24 46 30 50 3 29 30 6 31 32 2 5 39 8 20 0 26 12 32 49 29 39 8 50 14 12 5 22 41 10 16 16 28 47 2 
27 23 14 36 9 44 35 2 13 44 46 10 8 5 2 7 49 25 13 30 23 17 46 17 39 49 7 39 46 15 17 25 0 9 38 32 47 13 27 24 6 45 38 46 7 18 2 48 18 40 4 
18 41 15 17 30 11 27 47 48 11 37 46 6 49 27 22 2 21 23 5 44 23 2 8 35 36 21 40 50 37 2 40 50 0 42 48 27 10 42 9 22 21 16 30 13 19 49 32 48 30 46 
1 27 46 35 10 45 39 8 32 44 40 38 47 11 10 48 47 15 1 1 12 10 13 2 35 28 43 39 39 37 5 24 10 4 0 36 25 45 16 32 3 38 3 10 15 33 34 20 19 4 22 
3 18 47 29 34 42 15 44 50 33 2 50 19 46 39 16 28 43 26 35 4 32 33 49 14 10 50 48 20 2 9 25 36 18 35 0 38 28 31 20 45 11 1 16 50 1 38 34 15 26 17 
6 27 44 19 18 21 35 48 16 25 42 17 25 49 24 28 15 2 12 2 38 47 24 31 25 4 16 33 48 26 27 36 22 3 46 33 0 32 17 1 14 3 30 16 46 4 44 26 18 27 24 
24 33 3 24 29 10 4 13 45 15 6 2 50 41 49 6 45 23 3 41 47 49 2 49 50 8 32 28 28 31 28 49 7 25 3 44 34 0 49 24 37 30 19 22 36 9 1 31 25 48 49 
50 4 15 36 28 25 32 5 25 21 28 26 36 15 37 7 46 25 38 5 22 47 49 17 11 28 27 16 40 50 28 7 31 30 31 25 34 22 0 48 28 13 29 25 3 9 5 34 8 50 2 
5 6 38 43 27 4 5 49 25 50 49 17 15 25 44 22 46 7 34 12 24 25 28 11 43 44 23 46 8 7 45 19 16 39 45 23 20 38 3 0 28 20 35 47 49 30 47 15 50 10 37 
9 28 25 38 29 31 28 27 1 34 31 9 41 18 6 30 1 27 31 21 3 9 4 6 43 39 28 30 32 46 29 23 37 21 49 18 45 29 10 14 0 45 43 37 20 47 11 44 29 43 50 
46 38 20 39 35 1 24 19 46 40 4 49 46 6 5 8 23 20 20 39 36 23 17 17 27 10 22 34 9 32 45 49 37 32 50 41 4 49 37 48 44 0 26 33 21 11 46 47 32 16 40 
39 24 10 5 15 24 22 4 12 25 30 40 11 15 45 5 12 14 6 14 5 25 34 23 45 10 40 47 6 31 14 41 19 20 43 21 40 33 18 26 20 1 0 37 12 19 4 16 19 26 7 
35 33 27 2 35 15 41 37 10 6 35 26 48 32 12 40 22 41 22 24 15 30 47 30 45 5 39 22 5 42 44 21 21 50 47 31 15 18 36 29 31 4 24 0 13 41 45 3 5 1 30 
33 25 48 2 42 5 37 47 7 30 27 19 33 19 12 15 5 48 36 31 26 4 6 44 44 12 6 35 39 1 2 34 22 26 9 19 24 19 9 42 45 18 11 6 0 3 12 21 6 1 27 
40 5 20 20 4 29 20 4 9 31 50 3 8 7 28 43 48 8 10 43 41 36 40 44 37 8 44 1 41 32 41 1 34 13 11 48 14 2 22 30 50 20 11 29 43 0 42 11 4 28 10 
15 14 46 8 36 5 16 27 34 47 36 20 14 28 40 49 19 46 47 31 29 46 37 31 44 22 26 12 2 45 48 40 23 31 17 28 6 26 27 7 32 38 18 25 45 31 0 7 34 39 44 
24 15 8 47 32 20 28 16 14 14 29 4 25 40 50 46 47 33 11 13 44 44 19 41 50 41 28 12 36 14 16 43 23 8 22 33 33 26 50 48 1 41 12 13 28 28 14 0 29 26 49 
34 24 23 27 1 30 47 17 48 41 42 16 30 1 49 37 31 18 19 17 13 22 33 14 12 3 32 6 14 22 28 50 36 38 31 42 20 47 7 42 36 17 28 10 6 35 11 12 0 15 42 
48 46 11 9 36 12 42 10 15 48 49 42 4 27 13 43 30 43 20 7 17 35 11 27 32 47 44 24 8 28 43 21 42 22 25 32 39 28 2 19 1 11 32 9 44 45 13 1 48 0 14 
5 19 42 8 26 13 36 34 28 39 19 18 2 38 6 29 50 32 3 31 5 3 41 2 7 6 3 2 34 37 35 44 27 45 24 24 29 34 47 12 47 5 1 13 1 33 9 45 4 16 0 
45 0 31 48 17 9 3 28 41 2 20 10 34 1 41 5 25 42 8 14 32 50 16 36 42 35 50 2 28 1 24 47 9 49 18 43 4 46 10 36 21 46 39 33 27 2 13 5 11 9 26 
42 2 0 31 22 16 29 45 7 33 10 1 1 40 28 24 2 36 33 49 2 30 32 23 44 37 12 33 10 40 22 46 42 20 25 33 46 28 28 3 14 9 39 28 26 21 46 49 6 3 50 
27 22 13 0 8 46 10 30 38 36 5 46 36 17 11 15 9 31 15 46 28 25 9 31 35 43 41 4 47 23 41 13 28 7 41 45 24 30 13 30 23 17 40 43 48 18 24 23 18 12 13 
15 34 11 26 0 26 19 41 28 15 5 6 33 16 45 42 19 29 27 16 41 29 19 36 23 11 35 16 34 18 20 19 37 36 11 26 30 18 32 15 27 34 3 48 25 18 34 25 48 6 50 
46 46 3 21 34 0 47 48 38 15 41 3 8 10 46 37 20 48 5 19 13 1 48 12 40 8 27 21 12 6 28 11 19 29 19 25 23 34 15 28 30 32 31 17 24 24 26 43 3 39 48 
37 20 30 43 49 49 0 34 14 13 8 26 36 33 38 31 35 30 42 22 14 36 34 28 39 32 21 31 39 16 33 34 19 24 8 41 41 39 36 20 27 40 21 2 20 5 46 48 30 43 39 
47 2 32 25 13 3 42 0 41 12 28 18 46 48 31 24 8 13 25 47 41 47 44 22 46 25 16 32 9 35 36 23 2 46 28 36 32 37 49 46 39 49 48 24 43 9 44 23 21 47 47 
34 24 33 3 43 3 30 37 0 1 47 21 34 7 27 6 17 1 20 46 42 21 14 30 9 42 49 21 30 37 31 43 12 12 38 2 50 19 44 36 34 3 1 49 49 18 16 42 48 37 42 
44 3 26 5 26 21 44 25 11 0 45 33 1 50 20 5 10 22 19 25 6 49 7 35 12 40 21 16 31 42 27 7 23 43 46 38 40 36 8 13 32 6 45 33 41 2 2 1 29 45 8 
44 23 23 32 44 37 19 14 15 6 0 5 14 33 35 38 10 8 4 33 15 24 15 7 43 50 5 24 45 11 39 20 38 36 34 33 34 1 12 3 1 22 23 43 7 27 43 12 49 4 42 
45 47 46 31 35 29 17 30 32 40 13 0 25 3 27 36 18 28 50 2 4 10 47 2 32 43 2 22 50 16 8 43 26 41 20 45 23 42 6 50 5 18 21 30 14 39 48 20 17 22 10 
15 12 48 50 33 48 46 15 38 33 7 17 0 14 25 47 38 34 34 33 13 27 22 50 48 37 39 18 39 43 46 32 6 29 7 43 31 29 42 37 47 28 27 19 17 48 1 7 6 17 2 
15 37 34 9 33 44 13 1 13 44 31 7 22 0 42 2 2 39 8 32 16 10 42 48 37 36 50 3 34 1 37 33 12 22 42 32 45 23 20 24 50 19 29 29 43 17 21 6 27 15 47 
13 50 24 2 43 23 40 48 24 33 41 29 1 27 0 12 19 35 30 11 8 29 19 34 32 47 31 13 5 21 15 45 27 19 4 24 34 39 21 50 9 6 25 47 41 10 40 29 3 32 48 
37 26 17 8 18 44 16 42 5 12 10 36 28 9 39 0 15 11 47 3 28 31 14 31 3 3 5 22 43 23 8 3 11 24 23 29 20 10 11 37 31 18 47 17 39 49 20 48 39 3 46 
30 32 1 4 18 23 45 15 6 14 23 23 20 48 9 50 0 13 6 31 20 5 50 10 23 11 34 48 43 4 33 7 34 41 28 28 21 10 20 5 6 25 46 5 24 9 45 27 20 30 50 
8 43 9 34 41 30 23 29 44 34 26 3 11 24 7 39 33 0 43 20 38 40 43 1 25 45 9 46 37 15 16 7 28 13 4 25 15 26 7 37 49 49 32 27 22 31 23 35 32 17 20 
13 35 1 42 10 16 42 35 39 33 35 37 15 29 27 48 40 8 0 50 42 14 27 7 21 40 9 16 30 44 23 24 14 20 45 4 23 28 22 44 9 23 42 18 4 15 13 18 49 45 33 
33 28 32 25 6 36 28 30 3 2 1 13 41 17 9 21 17 20 26 0 5 21 19 14 41 20 23 9 3 7 27 41 17 35 12 40 47 32 45 40 18 45 48 19 42 9 10 1 2 46 44 
46 49 24 41 13 15 15 42 6 33 28 25 24 26 12 34 29 29 27 13 0 39 22 30 9 10 23 50 22 33 10 22 7 8 13 32 42 44 45 50 26 33 41 40 7 40 21 25 43 31 25 
32 23 26 34 6 24 19 16 32 40 15 43 9 47 11 22 18 12 45 20 40 0 34 30 1 30 49 33 23 19 39 49 7 41 8 28 50 31 25 8 8 24 28 13 11 11 40 33 44 47 19 
3 14 49 12 36 49 43 25 4 8 42 47 47 43 41 9 2 1 19 12 41 43 0 5 37 47 12 21 20 41 41 16 40 27 1 37 36 8 30 23 30 8 7 22 50 17 27 32 21 20 3 
38 32 25 36 28 11 9 12 15 24 28 24 35 14 42 2 20 47 7 6 1 23 28 0 40 4 35 22 5 21 20 31 1 1 38 3 34 16 42 23 27 27 47 15 49 3 35 22 8 9 15 
8 35 15 14 2 16 5 35 32 44 39 5 41 46 43 27 23 47 11 8 37 28 24 31 0 30 5 8 29 38 20 13 14 46 7 13 46 37 37 36 37 30 31 11 29 38 22 6 20 7 26 
12 25 48 1 28 30 11 34 35 48 9 26 48 12 31 25 10 35 34 48 41 37 11 24 29 0 7 18 46 43 8 49 39 23 12 9 39 17 45 30 33 35 3 2 39 29 5 33 50 48 14 
13 22 36 10 36 25 14 24 23 21 12 16 42 28 50 21 3 36 3 43 9 15 5 1 13 38 0 36 23 46 24 25 19 48 30 46 28 3 14 27 35 25 43 23 9 21 20 12 25 39 9 
3 47 47 6 6 48 17 36 47 48 40 41 29 50 47 44 19 12 32 22 19 39 10 18 18 16 43 0 46 31 43 26 12 34 37 22 28 22 43 25 48 12 17 17 29 46 35 15 24 13 27 
2 50 43 17 41 14 38 30 38 40 6 21 6 5 22 29 7 43 28 19 23 26 38 35 11 2 22 31 0 23 34 2 20 34 4 42 27 19 18 47 8 41 43 6 35 42 41 12 13 7 18 
28 23 46 45 5 26 13 8 7 40 43 7 7 4 39 37 38 2 13 46 10 40 46 21 29 31 21 3 43 0 21 40 9 24 5 7 29 24 39 50 17 14 11 11 7 16 34 36 2 47 6 
4 11 1 12 9 38 27 26 16 24 5 11 16 36 50 34 34 3 47 10 13 49 3 47 33 49 29 40 6 46 0 46 20 7 38 17 30 9 13 47 20 3 49 24 26 12 4 46 26 7 32 
50 34 5 37 43 6 8 4 30 10 9 38 21 21 29 36 4 29 20 21 25 22 6 28 8 15 26 28 35 29 4 0 4 33 24 46 13 15 21 45 12 23 6 34 37 11 16 29 3 48 27 
50 17 6 37 8 29 28 27 29 29 30 31 20 1 7 5 6 47 26 16 21 34 35 8 49 20 38 19 17 43 37 23 0 30 8 29 37 49 46 17 17 35 39 42 17 32 43 36 34 31 7 
11 32 28 32 7 17 33 48 38 38 42 10 10 37 42 8 1 12 22 20 7 10 31 10 32 33 42 18 27 7 34 5 38 0 11 32 5 46 49 2 13 4 1 9 29 26 26 29 5 25 25 
42 25 12 11 50 1 2 18 1 25 25 16 22 32 4 37 22 49 5 38 12 2 11 9 17 7 1 2 34 6 4 38 44 2 0 15 10 44 28 12 31 3 28 49 28 38 39 29 28 25 39 
5 30 50 37 14 41 14 3 45 43 1 1 35 45 21 38 22 20 17 45 44 44 38 24 36 34 4 34 22 28 29 24 27 45 2 0 25 38 7 39 25 47 41 33 19 31 3 44 5 7 1 
17 9 11 31 46 11 43 27 2 30 37 31 32 17 15 27 24 40 43 47 1 16 32 42 49 3 12 19 43 33 40 50 27 22 11 21 0 14 47 50 42 33 11 5 10 39 16 10 16 5 5 
29 5 12 11 50 2 28 20 33 43 50 25 34 20 40 38 4 11 7 45 14 28 40 1 15 40 11 22 4 33 44 46 14 39 4 36 38 0 17 22 10 44 44 14 7 43 8 28 36 20 1 
12 49 10 11 42 2 15 12 47 11 42 6 16 1 49 4 11 46 16 4 1 38 40 47 2 20 15 34 9 7 12 25 3 3 21 46 36 3 0 47 3 21 26 20 11 18 38 28 14 8 39 
48 33 21 16 1 24 10 14 10 23 37 32 3 41 49 17 4 14 30 4 19 8 50 13 33 25 18 29 29 14 42 2 26 20 9 30 4 37 3 0 47 36 23 44 25 16 40 23 30 12 2 
35 15 34 5 20 40 34 9 34 27 7 31 35 47 31 36 7 34 32 20 14 18 11 33 18 47 15 25 47 44 2 39 18 28 29 27 18 22 1 19 0 47 46 4 27 41 6 38 48 44 30 
34 40 49 43 39 18 5 2 37 24 26 9 13 40 25 18 14 7 18 5 19 35 33 13 23 18 15 35 42 13 9 17 32 17 10 12 41 25 40 11 23 0 17 36 27 44 39 33 14 2 24 
42 32 30 40 12 49 7 36 21 21 4 20 10 24 15 9 27 46 30 14 28 39 17 8 32 3 50 7 20 34 36 1 34 19 22 27 38 43 6 12 5 5 0 5 20 8 3 8 12 13 35 
12 38 34 39 46 3 16 23 8 10 49 1 17 37 36 3 37 41 3 38 21 35 41 19 9 24 35 47 1 30 45 39 44 35 23 48 18 45 24 19 12 16 35 0 47 13 4 38 18 35 5 
16 18 10 25 14 27 47 16 30 23 18 19 22 28 15 11 8 33 15 38 36 42 17 34 26 6 50 45 7 6 36 18 13 46 14 28 29 19 21 46 2 2 16 2 0 1 44 44 7 33 2 
47 6 4 48 19 24 1 26 50 9 28 3 10 25 38 1 7 26 15 37 33 39 12 20 36 34 27 16 34 33 12 43 13 5 9 30 14 15 28 40 28 3 20 12 19 0 49 43 41 14 50 
38 18 43 46 20 8 44 34 12 35 48 36 43 18 48 35 41 5 16 8 37 42 49 25 10 30 20 1 2 38 42 36 2 34 45 44 1 17 36 2 36 30 3 44 43 43 0 11 3 15 34 
9 39 26 6 14 46 20 18 37 40 39 44 33 25 44 12 34 10 23 4 34 24 20 15 23 7 39 5 33 17 20 18 36 18 29 3 11 46 21 50 24 33 30 46 13 42 48 0 29 1 31 
9 1 30 11 50 36 19 11 34 7 7 15 36 21 20 22 9 16 47 41 1 38 39 24 30 2 44 24 3 32 10 11 5 2 8 19 38 26 18 44 35 1 13 14 43 9 48 10 0 26 42 
34 32 33 10 30 22 12 7 31 49 42 45 9 3 47 47 11 34 13 2 34 34 49 3 7 1 25 26 31 21 5 35 49 11 48 29 29 45 22 37 7 31 45 19 3 40 42 11 18 0 46 
49 14 48 25 8 1 34 30 4 29 47 37 26 10 45 7 47 48 5 19 19 16 12 26 45 3 39 30 1 18 10 14 8 35 23 41 37 24 4 48 45 49 41 44 40 20 6 35 25 46 0 
