10
30
46 0 35 48 39 22 43 18 41 22 20 7 11 40 27 34 21 44 1 40 3 3 34 3 3 39 32 44 26 23 34 
27 35 0 41 3 29 18 31 23 29 40 24 24 11 12 30 31 30 31 3 5 47 27 14 32 26 13 33 45 1 41 
50 43 19 0 39 44 23 21 38 48 17 41 22 23 50 29 30 24 41 23 8 2 13 23 19 37 50 22 9 27 17 
35 36 23 38 0 40 32 5 23 19 8 10 43 34 36 14 26 5 14 3 47 40 42 23 43 39 37 20 50 2 44 
1 13 11 32 32 0 6 50 35 11 47 25 1 23 15 49 10 30 37 5 12 46 9 6 31 28 44 13 30 50 3 
13 6 22 25 8 48 0 32 2 5 9 27 20 3 6 23 39 20 9 45 30 8 33 45 41 48 43 7 31 5 39 
43 20 36 8 35 20 30 0 48 8 1 28 29 33 47 35 26 6 1 8 39 24 5 36 20 46 31 11 31 28 15 
42 2 47 17 16 7 35 46 0 22 4 9 23 2 44 3 30 50 49 6 23 38 7 23 16 15 39 35 16 12 4 
9 49 21 43 10 26 32 16 31 0 29 42 10 29 5 31 2 3 42 18 17 31 12 26 5 28 36 29 32 2 28 
23 20 35 18 45 10 2 9 35 27 0 48 34 19 28 31 28 28 19 36 13 36 44 48 45 24 48 24 16 15 24 
47 1 15 4 7 22 26 11 10 21 50 0 45 7 41 20 47 44 49 25 1 8 11 46 39 42 29 22 40 45 48 
37 37 45 11 30 48 20 15 21 9 3 17 0 10 15 14 42 37 7 26 27 5 26 42 15 17 37 5 26 13 28 
1 36 17 13 35 14 50 46 12 22 27 29 28 0 16 49 41 2 31 26 50 43 15 14 18 44 11 46 31 45 44 
43 45 3 44 9 17 1 47 31 1 42 41 46 4 0 50 26 48 26 17 26 36 25 50 13 35 36 22 49 19 24 
18 20 2 18 30 33 26 34 7 32 41 5 1 26 8 0 2 20 10 19 18 14 20 14 20 8 19 46 40 9 23 
45 2 28 8 33 23 40 28 25 18 50 15 20 35 35 32 0 24 25 6 34 17 13 31 2 11 49 7 32 11 11 
38 36 25 34 37 40 27 43 43 36 12 42 36 1 18 49 1 0 30 35 27 45 21 35 26 7 33 21 27 47 35 
17 8 18 15 30 15 40 36 48 45 6 32 32 20 22 25 28 31 0 34 12 48 27 48 34 17 17 2 50 28 5 
20 50 47 9 20 4 24 21 21 4 10 16 32 41 21 14 40 15 4 0 32 6 40 43 36 37 40 11 34 49 14 
13 41 8 44 26 6 35 23 1 18 2 7 10 31 3 33 46 8 13 3 0 27 37 46 46 50 30 7 11 23 31 
44 40 23 8 41 19 8 39 15 16 29 18 15 36 31 50 31 13 33 4 44 0 4 21 46 37 27 45 13 44 46 
50 25 50 21 25 12 34 3 40 34 26 8 43 48 24 10 23 10 15 50 50 44 0 29 20 37 41 19 28 21 15 
25 46 45 20 16 5 18 45 12 20 17 29 24 50 29 36 11 24 22 27 4 35 48 0 45 47 6 46 31 34 35 
43 6 32 25 10 31 14 23 33 20 42 29 49 46 34 21 20 30 41 1 30 46 6 44 0 12 40 48 1 24 11 
9 38 11 28 27 11 48 50 40 49 23 39 42 3 36 26 37 3 11 26 36 17 40 33 6 0 47 50 38 13 20 
34 14 50 22 11 5 18 21 19 24 24 21 40 43 29 42 5 4 9 36 3 45 40 48 25 43 0 48 28 23 30 
11 10 37 21 16 10 39 20 42 31 8 16 35 37 3 16 28 47 5 14 43 47 29 28 17 39 24 0 3 48 19 
8 40 49 39 13 14 34 20 28 20 3 36 13 29 29 38 10 3 46 10 16 1 24 9 38 15 32 10 0 4 27 
36 37 23 23 23 18 18 47 25 39 32 8 20 36 11 8 35 50 49 30 29 21 8 38 4 7 17 41 2 0 49 
33 25 16 2 34 17 13 40 6 11 21 14 29 7 28 8 32 39 48 31 31 32 11 24 48 15 30 35 20 17 0 
2 0 27 45 26 6 8 43 18 2 45 45 45 45 39 10 16 42 1 10 47 25 29 43 22 19 2 14 43 4 19 
38 29 0 20 40 10 44 19 4 1 21 15 14 37 4 36 36 37 22 15 33 24 29 25 24 42 24 34 24 7 5 
44 50 14 0 33 7 17 26 5 30 17 47 39 50 40 32 12 42 40 36 33 15 42 29 22 46 9 4 47 49 37 
10 46 47 47 0 28 15 50 4 47 20 11 33 43 48 36 36 30 36 43 31 32 45 39 25 40 2 22 43 38 48 
13 29 7 44 7 0 2 42 4 13 17 12 38 44 16 23 33 50 31 37 11 30 19 5 18 5 16 7 23 7 26 
44 8 17 49 7 32 0 26 50 41 35 44 27 23 26 20 45 1 23 2 8 3 42 6 28 19 45 25 40 39 42 
45 20 47 37 24 4 21 0 45 9 41 7 50 40 2 17 4 46 29 49 10 15 35 22 50 24 2 2 40 31 13 
8 37 11 50 40 25 30 37 0 3 16 24 7 14 11 1 3 2 5 11 15 49 46 41 30 27 11 48 48 14 22 
2 32 14 47 34 21 40 40 12 0 43 24 10 27 33 36 9 21 11 49 22 1 48 30 16 14 12 46 32 23 30 
27 33 23 32 15 43 43 18 28 30 0 14 12 43 18 42 40 20 9 44 19 40 38 49 43 22 4 2 49 33 23 
25 8 18 33 16 42 37 45 18 43 16 0 4 34 19 8 39 5 12 25 25 42 38 38 4 40 39 35 31 11 11 
42 45 35 6 6 6 45 11 2 50 4 26 0 41 2 4 37 5 30 35 33 49 40 24 9 31 38 21 14 43 28 
8 6 35 8 2 22 19 29 14 3 44 45 10 0 25 21 17 48 37 1 3 35 5 47 28 12 2 21 27 25 19 
36 31 18 25 43 49 41 34 50 33 18 27 17 33 0 40 5 31 49 38 14 40 34 14 41 43 3 9 7 46 1 
1 43 4 46 18 13 28 36 33 23 26 15 37 18 36 0 8 39 15 39 8 22 22 39 12 29 2 18 28 32 40 
40 35 38 50 32 25 24 21 16 27 28 45 17 16 38 26 0 48 46 5 36 15 45 19 39 29 29 5 43 17 16 
46 50 4 43 34 42 27 38 36 11 35 18 50 12 30 27 6 0 23 24 4 4 22 23 47 26 45 16 50 21 4 
21 32 5 50 32 28 42 25 32 47 49 10 10 45 2 47 46 7 0 9 3 24 32 20 13 13 24 28 8 17 40 
27 28 17 33 40 4 14 50 31 3 36 31 42 27 6 45 13 28 46 0 29 49 9 42 19 31 39 12 42 38 8 
1 35 8 43 21 22 44 28 5 48 34 46 27 6 18 43 41 43 8 18 0 12 50 12 39 41 18 36 49 2 2 
42 22 13 23 2 1 24 49 7 34 2 35 23 48 45 3 33 36 1 39 49 0 20 34 20 47 1 23 20 2 4 
36 45 26 4 7 13 33 4 5 17 19 42 36 25 17 27 27 15 44 38 35 1 0 48 14 3 22 39 44 27 1 
29 5 47 4 48 7 10 20 41 33 20 30 32 35 20 7 34 10 3 21 25 8 26 0 15 19 36 47 13 2 35 
24 40 28 4 39 15 46 33 27 11 17 8 25 11 18 5 19 14 44 47 39 30 42 6 0 27 21 29 33 35 12 
10 48 18 6 9 31 3 29 46 6 12 1 33 42 5 17 34 15 47 15 18 33 20 5 47 0 45 48 22 27 19 
36 13 49 15 1 20 40 19 3 38 2 41 19 38 35 38 47 50 2 11 37 15 37 20 45 28 0 29 14 10 15 
34 31 2 28 20 49 3 18 42 35 27 16 13 9 13 27 15 32 20 9 49 48 21 17 32 22 27 0 29 21 24 
42 27 10 38 5 21 39 41 18 37 35 29 9 18 34 22 2 28 8 18 13 47 44 1 16 36 11 36 0 47 49 
23 25 48 19 43 1 6 25 5 42 38 24 14 34 25 20 40 4 34 10 20 49 21 3 11 45 33 10 22 0 19 
11 4 45 20 14 11 32 41 25 33 17 28 23 16 30 39 34 10 26 47 46 8 2 37 29 25 4 45 8 49 0 
18 0 47 3 36 32 35 30 44 21 14 38 50 30 1 44 43 27 6 23 23 12 24 34 26 24 3 2 9 41 40 
7 37 0 34 27 15 20 25 37 34 46 10 40 40 13 9 46 29 2 43 37 49 48 23 35 37 45 13 28 13 30 
33 21 4 0 32 8 2 17 3 36 24 18 40 23 28 14 22 34 22 17 28 24 1 16 4 42 9 15 49 40 21 
8 48 25 5 0 13 39 37 9 6 8 30 26 16 19 20 9 26 45 22 16 11 42 11 35 6 33 6 50 41 49 
38 19 14 16 17 0 20 16 19 15 25 35 26 17 10 49 49 35 47 35 33 34 20 27 24 10 16 38 40 49 31 
33 38 18 7 21 12 0 13 1 3 1 44 8 31 47 31 36 26 1 37 8 48 10 16 8 16 18 42 40 6 2 
32 26 20 35 43 48 8 0 10 40 38 37 35 45 34 40 26 40 31 44 25 41 38 3 42 33 24 23 11 42 3 
20 23 45 2 20 18 39 47 0 5 34 28 16 12 50 21 14 15 32 19 40 29 11 47 32 11 45 24 28 2 19 
26 48 18 37 18 14 40 43 15 0 22 37 44 26 10 47 25 27 4 21 20 9 41 42 2 25 9 26 13 41 25 
45 11 45 37 9 30 49 25 32 7 0 24 22 18 47 4 35 36 38 36 37 19 20 7 32 10 35 7 16 13 9 
39 28 3 40 28 26 49 40 2 18 26 0 2 22 14 47 37 24 46 49 40 24 39 28 5 7 25 4 13 27 24 
24 33 12 24 19 46 20 28 19 28 37 46 0 36 19 11 17 48 44 36 23 12 12 18 23 35 50 1 48 34 3 
23 36 13 28 44 44 41 49 46 1 18 46 27 0 22 4 28 3 10 45 41 27 11 27 5 12 13 16 39 39 20 
46 22 44 17 6 1 34 8 25 18 27 50 48 36 0 6 16 35 47 20 8 47 41 4 44 26 12 9 9 16 32 
28 2 10 27 5 46 3 10 16 3 45 45 35 28 14 0 28 13 42 50 47 28 20 20 32 23 6 19 1 41 44 
42 25 43 43 40 26 40 22 32 10 14 26 31 17 13 2 0 6 26 30 49 49 18 10 20 5 8 32 29 4 50 
27 2 20 23 12 20 3 43 38 39 38 41 11 40 33 3 40 0 3 19 21 50 43 21 42 45 25 16 23 39 33 
44 12 19 33 33 12 6 9 6 44 50 14 39 42 12 9 8 20 0 38 3 18 30 11 34 1 35 32 29 28 38 
5 31 4 6 46 27 23 28 8 21 47 32 47 26 22 36 5 30 30 0 37 17 47 36 37 15 15 1 36 33 49 
31 28 32 19 39 19 11 34 46 36 36 30 13 17 6 37 33 36 12 15 0 30 2 49 41 21 9 46 18 41 32 
26 38 46 9 41 20 1 29 37 3 26 22 34 45 2 38 34 20 31 28 32 0 16 24 18 20 30 30 41 49 31 
24 43 43 15 11 49 34 5 26 37 37 5 49 9 40 9 18 4 39 34 25 27 0 38 13 50 10 14 29 40 11 
40 10 30 6 30 33 29 20 35 3 4 30 44 44 42 28 17 15 28 12 12 26 2 0 16 7 48 6 30 15 1 
35 6 15 16 47 28 25 44 29 8 30 48 20 37 31 45 33 44 22 23 43 49 2 28 0 49 15 8 15 50 33 
27 49 5 34 19 48 15 29 47 14 3 24 36 20 32 15 6 16 36 12 15 13 9 42 8 0 36 5 37 17 33 
21 10 44 47 31 31 44 36 18 33 31 5 47 9 21 19 13 32 47 35 9 42 30 38 19 15 0 41 14 27 33 
44 28 13 15 44 43 31 40 40 2 22 21 49 3 32 10 16 50 22 39 23 24 41 32 25 30 31 0 7 29 17 
40 31 10 36 40 3 43 33 15 28 39 24 43 45 14 39 44 28 7 9 49 41 42 38 10 20 37 31 0 41 15 
13 24 12 23 13 42 11 14 14 29 17 34 36 44 1 50 32 47 18 36 36 4 50 20 18 49 39 23 26 0 20 
17 12 43 1 16 15 12 20 33 23 28 31 14 29 43 15 6 49 38 11 39 41 14 5 29 9 25 43 6 14 0 
3 0 39 38 44 13 5 42 35 28 36 38 13 15 45 8 6 40 21 27 3 43 41 35 15 31 26 49 38 23 7 
41 20 0 15 19 21 40 43 20 17 38 23 22 21 3 24 27 26 19 47 23 20 4 16 3 21 13 4 24 14 37 
6 4 13 0 21 46 18 49 46 25 19 14 20 5 40 30 22 21 33 42 5 1 31 42 50 38 37 5 12 48 8 
37 19 7 31 0 32 20 10 50 7 6 29 31 44 29 10 50 50 26 23 50 43 21 32 10 37 26 13 13 34 9 
14 37 48 17 32 0 45 14 24 9 11 13 21 26 37 26 20 38 14 41 38 37 29 40 49 16 17 38 48 45 7 
7 47 16 49 42 43 0 33 27 47 15 37 26 18 12 38 22 45 46 34 17 38 49 23 46 23 36 47 50 2 15 
8 17 30 2 4 16 5 0 28 45 33 37 11 17 26 2 11 11 29 11 45 23 42 14 28 19 9 24 21 26 7 
46 34 26 33 8 21 47 16 0 8 22 17 17 1 2 30 27 33 47 45 12 25 19 39 7 43 16 3 2 34 46 
42 35 3 39 38 4 36 35 19 0 32 15 45 21 39 28 6 42 13 49 42 26 28 27 14 32 28 45 19 40 43 
18 45 33 12 31 33 15 13 14 27 0 42 49 29 13 48 30 48 1 30 37 25 41 4 42 21 15 9 39 7 10 
10 17 45 26 14 21 13 10 9 46 42 0 30 49 23 1 28 49 14 17 2 30 45 40 3 19 27 41 41 42 16 
25 26 6 5 17 25 4 3 49 28 18 39 0 42 35 46 46 43 32 42 44 17 45 23 6 30 15 28 42 8 38 
30 22 19 44 21 16 24 44 6 26 24 46 15 0 40 35 42 4 6 8 24 35 10 50 48 50 30 4 1 25 2 
48 13 46 12 49 46 21 48 14 30 22 49 27 16 0 21 21 31 34 21 39 12 22 35 35 3 21 23 21 45 42 
13 24 20 4 29 11 1 3 41 40 22 6 43 28 2 0 36 33 34 28 29 50 21 30 37 41 27 28 11 9 29 
24 50 4 23 18 48 30 24 38 10 21 28 43 32 17 7 0 30 7 33 18 38 39 44 16 43 43 44 33 14 2 
34 41 44 13 16 23 2 20 11 5 7 10 47 18 9 22 28 0 49 21 34 47 21 28 42 41 36 6 39 31 25 
4 48 11 36 27 30 34 30 16 45 6 10 47 29 11 28 43 26 0 7 21 15 46 12 30 5 13 13 3 23 31 
17 14 40 36 1 10 50 11 42 29 38 49 33 27 29 38 25 50 31 0 13 43 31 32 10 11 9 36 31 31 14 
18 32 8 36 28 43 21 11 29 2 29 32 34 28 33 16 13 36 2 18 0 39 14 22 10 38 36 32 30 26 42 
24 19 30 29 12 7 42 48 49 36 18 14 21 30 34 11 47 4 27 45 47 0 50 29 14 25 5 11 48 48 43 
11 41 36 37 29 10 3 6 17 27 25 16 38 16 1 25 43 43 26 28 39 28 0 4 31 46 25 41 17 4 8 
47 44 1 6 25 27 29 35 2 25 9 42 38 50 21 31 13 13 14 50 12 19 23 0 21 4 34 38 6 42 4 
20 37 2 10 31 31 16 32 42 24 47 9 41 2 19 48 41 4 10 15 13 28 3 4 0 46 29 21 30 3 42 
40 23 44 48 5 22 41 28 20 40 16 31 22 41 3 4 28 22 2 7 43 35 46 27 42 0 43 34 48 15 3 
11 36 30 50 34 25 16 44 48 48 7 14 34 21 49 32 6 13 1 42 1 50 29 47 50 6 0 28 17 6 13 
39 43 13 17 30 31 2 23 7 29 39 34 25 5 50 30 1 25 28 11 37 21 47 24 2 11 7 0 33 1 29 
47 49 39 35 10 14 1 17 42 19 31 34 7 22 3 18 26 25 47 20 5 3 39 46 26 18 46 40 0 16 19 
24 19 23 29 33 40 46 40 46 36 29 34 34 10 30 3 15 25 21 35 36 33 37 31 24 44 11 43 10 0 42 
18 11 2 23 45 12 12 29 40 14 22 37 29 11 42 22 19 29 16 24 3 22 20 31 33 41 33 42 6 39 0 
30 0 3 31 4 18 18 32 12 15 19 42 37 36 8 13 50 4 26 40 2 26 32 28 36 40 47 42 21 40 5 
30 20 0 23 2 34 19 6 26 43 24 40 8 14 48 32 17 36 13 18 34 37 7 3 4 14 48 26 45 14 21 
27 12 22 0 11 39 22 14 34 24 45 44 29 33 16 13 18 19 31 4 24 12 30 3 7 18 23 17 20 39 37 
44 12 12 22 0 47 29 37 3 9 11 3 2 40 24 40 9 25 37 41 46 29 45 41 41 10 48 9 16 44 17 
6 44 46 37 1 0 32 17 11 20 35 32 16 22 44 21 10 41 30 17 10 49 30 30 43 8 49 22 21 12 50 
20 21 10 43 5 10 0 6 3 23 9 42 14 18 7 15 14 23 47 21 1 8 30 50 35 18 26 15 4 29 3 
11 46 49 20 15 11 6 0 30 39 12 4 38 7 9 18 36 12 23 28 45 26 25 1 12 43 41 22 26 26 30 
45 3 25 21 48 47 15 49 0 42 4 8 44 8 10 48 20 24 42 18 32 14 42 26 35 27 37 46 38 27 25 
40 31 5 10 17 2 14 36 11 0 21 22 14 32 25 37 33 18 41 15 24 18 31 9 44 17 3 27 41 44 12 
1 27 23 17 15 28 39 49 43 46 0 7 38 31 47 11 1 11 2 48 45 19 6 24 4 8 9 22 12 44 14 
25 24 43 50 21 45 42 15 10 10 44 0 20 48 19 17 30 50 13 33 16 43 26 43 50 43 46 4 20 10 6 
6 28 5 30 22 34 46 31 26 17 10 46 0 42 38 1 50 8 5 37 28 10 10 30 28 22 50 31 43 8 26 
41 22 6 4 4 17 15 19 48 34 35 19 37 0 16 7 48 34 5 49 43 38 50 33 32 47 47 49 28 8 22 
3 3 24 1 26 38 41 39 34 35 36 39 8 3 0 44 41 23 14 21 25 17 26 45 15 38 42 40 24 8 8 
18 38 11 26 32 33 45 37 40 20 7 45 21 14 8 0 50 42 31 39 7 24 35 7 34 6 27 8 10 14 35 
49 17 32 27 18 48 28 33 22 11 46 37 24 1 18 22 0 5 32 7 38 50 9 36 1 34 34 32 28 20 5 
25 36 23 6 22 41 14 45 47 11 22 10 10 28 12 38 12 0 6 17 35 23 27 3 26 35 40 31 31 43 34 
17 1 13 17 37 10 14 18 29 28 8 11 35 47 17 41 50 9 0 40 47 22 26 11 36 33 48 33 48 21 33 
10 34 2 13 44 21 48 43 41 2 24 44 27 39 27 12 43 7 9 0 45 41 23 42 47 13 41 41 27 35 40 
28 17 48 47 19 24 9 23 3 47 43 7 18 39 23 29 49 22 9 21 0 6 26 39 27 43 37 43 5 1 4 
31 21 9 2 24 8 47 30 21 3 4 20 4 13 2 34 5 3 25 34 42 0 19 18 14 34 2 28 21 5 32 
32 4 23 50 16 23 49 17 15 16 33 19 2 7 18 36 22 26 25 9 33 40 0 31 17 12 13 3 45 18 23 
30 26 26 40 22 50 48 5 48 30 36 39 39 9 2 24 17 12 47 49 30 3 47 0 47 50 43 23 6 39 4 
20 4 49 43 36 7 44 13 36 18 38 18 29 45 23 45 1 22 15 38 46 42 48 20 0 43 28 29 29 40 29 
27 43 17 45 11 33 40 47 24 45 30 5 27 29 11 13 24 3 25 6 42 1 41 1 8 0 29 6 30 50 8 
29 15 23 7 42 46 2 34 35 41 5 5 49 21 9 41 15 20 10 31 4 27 5 35 38 26 0 2 17 37 32 
27 11 47 16 17 16 33 21 38 15 12 40 19 35 1 37 3 21 42 17 14 37 20 20 5 2 11 0 38 19 16 
44 35 48 3 14 45 9 33 4 44 9 45 32 45 20 14 9 21 35 2 24 32 25 21 19 41 41 28 0 12 16 
5 46 3 22 21 27 43 16 21 6 29 20 18 49 9 20 5 26 1 41 44 40 3 18 43 13 11 27 35 0 24 
4 32 22 38 39 13 42 10 24 44 22 43 50 29 24 4 14 26 12 49 36 16 28 21 22 16 43 36 30 9 0 
16 0 16 32 48 2 48 48 30 11 47 28 46 2 7 20 1 40 24 45 39 50 36 16 36 38 39 5 1 16 23 
20 7 0 30 16 28 6 11 3 28 26 6 35 16 16 21 41 14 21 2 22 27 20 42 42 10 31 1 47 10 13 
44 48 14 0 38 27 22 16 37 30 15 40 37 47 19 33 15 20 1 15 48 26 34 50 45 47 1 16 39 7 48 
6 15 43 15 0 33 9 21 28 40 50 25 27 42 38 32 40 23 23 9 45 11 50 32 13 38 10 48 19 42 26 
6 27 31 32 10 0 26 45 33 36 24 45 43 12 16 23 49 43 12 14 8 28 43 31 13 38 6 33 31 28 24 
11 2 37 14 45 49 0 47 10 29 6 46 41 38 35 1 19 39 17 40 39 17 37 6 35 48 13 47 19 45 4 
43 14 6 12 13 43 6 0 48 21 25 3 34 33 8 12 38 6 46 12 20 17 17 42 39 8 25 47 3 17 32 
3 29 16 25 14 32 36 27 0 22 8 13 42 46 16 36 33 4 48 23 11 8 1 7 26 38 27 23 17 4 39 
46 4 32 40 23 25 19 9 45 0 30 2 29 24 4 8 25 21 27 4 26 21 49 30 6 24 2 22 41 37 38 
10 20 23 34 13 9 11 7 43 12 0 15 46 4 43 9 29 28 3 19 13 6 46 14 29 18 47 24 26 16 22 
3 29 22 8 21 33 7 41 42 49 15 0 15 34 42 11 26 46 38 48 46 24 20 23 25 32 14 7 44 16 16 
35 35 41 22 9 36 24 46 23 27 22 38 0 11 20 48 41 13 22 18 43 2 37 29 21 48 34 7 48 26 7 
26 14 25 27 14 31 24 12 34 25 2 50 16 0 21 24 37 9 3 27 42 2 35 26 23 14 49 7 21 25 26 
30 27 21 16 1 9 13 35 6 18 17 1 38 44 0 41 2 21 8 48 11 25 4 21 35 6 42 39 3 13 15 
25 4 38 9 46 25 30 1 20 15 25 25 47 9 25 0 1 47 33 32 13 29 49 23 15 1 26 6 37 11 10 
21 11 22 42 44 14 14 30 48 17 23 21 39 33 37 1 0 8 13 10 5 45 6 21 1 37 26 31 24 9 20 
19 44 40 11 44 15 4 6 16 12 37 18 35 16 40 8 11 0 40 28 50 19 44 27 6 16 15 41 21 5 18 
33 41 22 29 48 30 31 28 40 22 48 2 48 49 18 27 21 5 0 12 30 16 41 46 9 1 25 18 35 45 29 
25 33 2 48 29 47 46 7 19 11 27 33 1 7 3 18 47 28 38 0 39 45 36 10 26 3 42 46 14 28 23 
13 47 34 11 48 16 1 50 21 22 32 15 37 1 3 34 41 39 6 34 0 29 40 47 7 35 39 23 27 46 38 
1 33 30 46 49 30 50 41 9 38 17 48 8 17 8 30 50 10 23 19 2 0 7 8 44 45 23 1 27 26 9 
43 25 5 33 22 49 36 42 3 23 34 50 30 18 18 32 33 31 49 6 40 14 0 4 27 37 44 25 36 1 27 
30 23 16 1 46 43 43 25 45 10 45 9 7 1 36 2 27 40 27 14 40 21 29 0 20 20 30 22 29 47 28 
25 50 41 27 44 12 35 30 23 25 39 9 36 40 11 32 7 3 42 35 17 35 10 38 0 37 9 44 46 32 17 
22 15 28 18 35 46 19 31 8 24 17 48 18 2 26 31 36 40 10 38 23 19 37 13 12 0 40 41 3 40 35 
18 40 49 7 4 24 32 19 5 16 14 27 45 18 18 20 18 8 13 7 24 5 37 44 44 3 0 29 16 7 46 
5 16 42 24 6 28 49 11 49 2 50 18 36 44 25 47 24 19 45 42 22 33 41 34 11 14 4 0 6 14 2 
46 17 13 9 11 48 36 22 13 41 21 8 10 11 7 7 20 43 19 48 29 10 22 15 24 23 26 8 0 13 43 
25 44 48 47 7 34 5 27 33 27 11 3 7 4 22 15 24 30 27 5 45 11 37 16 24 37 45 48 35 0 39 
23 28 10 21 17 27 11 13 5 24 2 44 11 42 37 27 3 18 44 10 50 47 32 8 48 14 7 32 24 20 0 
39 0 8 42 45 5 34 43 37 38 45 5 11 25 3 3 2 1 46 29 47 34 28 5 26 40 26 46 2 23 3 
21 29 0 39 36 36 45 2 16 37 4 34 17 31 49 6 40 23 30 5 47 13 12 3 27 37 12 3 16 6 29 
39 41 14 0 35 25 26 22 40 18 9 50 35 9 26 14 18 48 6 20 1 4 17 47 26 41 9 26 13 49 25 
42 36 11 9 0 16 44 3 46 25 31 18 33 12 47 48 28 4 28 14 20 14 47 46 6 25 22 44 39 45 16 
50 10 41 44 17 0 14 24 1 11 21 15 2 32 40 33 21 5 1 29 13 6 49 49 30 11 45 40 6 34 44 
50 15 2 10 31 9 0 43 19 30 34 5 4 18 44 5 13 16 7 23 4 18 44 10 32 11 2 11 11 34 22 
24 19 17 17 21 1 50 0 22 10 24 29 36 21 46 9 2 32 5 26 48 30 34 34 30 27 7 5 21 49 30 
48 33 36 8 10 36 37 1 0 23 5 14 44 47 49 26 32 23 15 24 9 21 6 35 36 43 41 36 38 41 15 
46 30 23 31 27 46 1 14 36 0 23 16 31 33 21 34 36 37 35 4 45 34 41 47 41 10 42 48 50 15 20 
1 49 10 9 10 35 22 17 23 31 0 31 10 30 2 43 40 24 14 3 8 4 1 35 46 32 5 33 33 22 35 
48 1 49 17 22 18 22 24 12 50 15 0 21 13 23 14 25 12 46 48 20 18 34 48 7 16 1 15 14 28 5 
2 39 46 38 33 31 11 13 30 26 18 50 0 3 3 44 33 39 12 33 7 44 38 35 2 17 14 3 42 1 22 
3 8 47 8 48 26 26 25 41 34 15 49 16 0 22 3 18 32 45 14 33 12 3 32 21 11 15 5 44 22 20 
28 19 13 8 24 10 4 46 6 19 8 15 22 49 0 43 46 22 13 50 49 33 9 29 18 10 50 27 27 47 33 
22 32 4 21 7 46 36 8 49 43 15 37 40 45 26 0 48 32 33 29 16 44 42 45 23 37 20 41 45 49 24 
34 28 49 24 48 26 12 1 43 48 10 14 14 7 34 46 0 19 34 43 13 19 44 48 32 40 30 38 31 34 37 
5 41 10 26 10 38 38 16 48 50 37 32 41 32 6 30 28 0 39 39 42 1 8 3 36 5 40 30 18 34 18 
39 31 17 6 43 19 4 39 48 47 8 4 36 43 26 38 4 17 0 27 10 3 50 43 43 37 48 39 25 21 21 
9 21 33 31 11 7 15 35 39 37 26 40 41 43 34 48 22 10 10 0 18 36 14 41 25 15 40 38 24 20 46 
31 30 18 27 38 38 21 5 33 20 23 20 28 40 35 14 9 1 10 40 0 26 29 15 3 35 45 30 8 17 21 
19 42 15 44 6 46 22 15 5 47 27 18 28 41 46 17 37 2 40 2 32 0 38 15 31 20 3 16 15 43 44 
8 13 39 12 2 32 5 34 34 39 42 45 46 14 13 9 1 24 8 19 9 29 0 19 15 39 31 27 35 24 4 
31 8 22 12 39 14 29 16 40 15 13 3 19 2 10 38 42 1 18 12 2 42 8 0 25 35 30 45 24 23 21 
5 20 10 30 9 35 23 35 25 50 30 35 35 44 7 6 11 17 6 1 39 27 17 13 0 2 39 50 48 27 10 
19 5 44 19 10 43 44 39 44 26 16 8 26 19 32 18 7 15 19 29 20 29 19 23 32 0 29 3 48 29 20 
35 25 8 16 31 25 42 17 34 14 13 23 23 30 36 32 1 49 31 35 32 36 30 49 41 40 0 37 21 37 32 
40 47 11 25 41 41 50 11 38 8 26 41 31 5 16 47 6 39 37 1 29 5 17 44 39 50 46 0 10 26 42 
39 21 30 2 25 17 13 49 39 45 33 40 12 24 9 42 5 26 34 44 35 48 35 37 4 35 30 17 0 36 42 
46 41 36 47 19 6 11 29 30 50 35 8 1 43 18 39 44 43 35 48 45 20 27 32 7 41 37 44 49 0 41 
37 46 13 47 50 43 5 15 5 4 31 26 47 34 9 28 48 43 19 15 42 37 32 39 48 26 15 4 40 28 0 
19 0 17 31 40 13 40 45 4 43 26 34 29 39 32 17 19 24 43 24 30 44 45 26 35 49 50 15 24 50 24 
29 1 0 26 28 35 14 46 8 22 20 33 44 50 43 31 13 49 1 23 29 2 23 31 10 34 25 42 47 41 14 
26 21 4 0 20 48 34 4 11 47 3 23 17 21 4 47 50 45 33 4 37 1 15 2 21 22 7 21 16 44 10 
23 50 17 9 0 45 13 41 30 46 48 9 39 4 20 7 36 2 27 13 34 30 10 43 4 13 11 19 34 48 42 
14 39 18 37 31 0 24 50 13 10 35 10 16 37 6 28 13 11 33 15 37 5 44 3 10 31 13 7 14 46 34 
44 7 33 5 35 21 0 21 17 39 33 36 39 17 29 25 15 23 38 27 50 1 37 19 11 37 20 36 9 7 18 
17 37 17 27 42 4 33 0 33 22 7 43 44 44 32 2 17 27 25 36 16 41 20 37 46 34 7 38 22 18 15 
36 12 11 21 16 50 23 41 0 38 22 33 40 16 20 8 7 44 38 10 21 44 12 24 42 28 48 50 21 44 35 
16 11 16 7 22 31 34 23 17 0 3 44 37 38 14 34 1 4 17 39 27 14 1 13 48 22 24 39 20 44 19 
50 2 47 3 6 22 25 9 49 28 0 23 21 22 8 27 8 25 10 8 27 44 34 33 17 22 15 49 19 36 49 
43 15 30 48 4 43 40 35 9 12 27 0 45 19 12 4 43 30 6 21 15 50 29 12 17 25 16 20 31 32 42 
24 6 24 1 35 9 41 24 5 35 18 40 0 2 46 50 49 15 22 13 29 36 43 48 22 49 14 3 14 24 38 
24 10 4 17 39 21 22 18 27 46 3 7 2 0 37 47 10 28 16 17 26 1 49 18 4 7 31 9 2 2 22 
6 28 50 18 11 9 37 35 8 30 28 48 45 18 0 27 29 42 12 25 40 37 37 47 49 37 26 42 50 11 8 
13 20 17 5 41 25 7 35 26 39 23 43 9 38 49 0 4 4 1 27 28 40 47 28 12 36 19 32 2 32 36 
17 37 24 50 17 8 31 40 27 2 22 8 37 37 18 44 0 29 9 1 33 22 42 23 34 19 16 43 5 20 22 
44 6 4 40 22 36 20 10 22 41 24 14 24 26 6 32 11 0 41 45 43 41 23 2 49 14 25 14 41 31 1 
16 26 21 6 8 17 5 47 15 32 24 19 38 10 10 8 19 48 0 28 38 6 2 11 28 32 22 4 5 26 48 
22 29 30 21 26 48 44 18 19 39 28 15 27 13 19 22 36 43 40 0 6 6 17 13 44 46 14 16 44 25 37 
14 50 21 18 11 45 40 17 34 12 15 1 29 39 10 41 26 48 9 10 0 37 12 15 21 42 6 17 36 26 13 
32 1 44 33 26 28 45 9 3 24 33 20 9 29 42 6 38 24 34 5 38 0 18 35 16 1 2 36 1 27 6 
29 4 41 22 30 14 8 47 14 32 47 18 46 35 27 17 4 37 29 37 18 43 0 2 22 25 15 17 29 33 24 
43 45 32 48 46 29 29 37 49 28 48 41 11 3 8 21 22 50 39 34 49 49 22 0 41 38 37 2 19 48 16 
48 30 15 40 40 3 36 49 40 49 39 17 39 2 39 27 33 50 15 5 43 17 40 50 0 25 44 23 42 10 9 
27 11 40 34 30 19 27 21 13 5 35 24 10 41 45 33 11 21 2 12 5 3 4 43 23 0 32 40 16 16 46 
31 45 40 31 22 28 28 5 22 21 1 12 38 11 20 20 7 50 5 43 34 3 40 49 5 25 0 7 47 11 49 
29 11 6 18 25 40 35 29 19 18 5 6 49 32 12 43 15 44 23 3 25 40 12 23 13 28 6 0 42 26 47 
22 31 44 24 42 40 7 21 36 31 36 28 32 37 38 28 4 8 37 13 10 13 24 8 24 39 50 33 0 5 47 
35 44 3 22 47 25 12 26 40 22 37 45 9 43 18 47 9 25 35 35 25 48 5 14 37 9 7 37 50 0 4 
41 24 16 39 46 42 26 10 41 14 17 29 19 15 26 16 5 31 41 27 31 25 49 21 23 38 39 40 35 38 0 
18 0 26 26 37 32 14 30 20 48 27 22 50 34 22 18 46 29 40 38 22 4 26 46 24 24 16 25 45 17 9 
3 36 0 25 4 46 41 3 33 34 13 36 35 34 15 6 31 41 27 3 27 9 50 2 13 34 42 30 3 13 17 
39 35 4 0 39 24 36 26 31 26 28 43 47 6 26 37 19 43 32 18 43 25 49 43 40 1 4 35 12 20 5 
12 1 20 18 0 24 2 32 46 41 20 6 11 1 26 34 13 44 27 27 15 50 48 35 21 42 40 42 15 39 20 
2 15 11 22 16 0 43 27 39 2 36 38 48 41 49 38 14 48 18 6 39 10 8 35 5 5 14 16 50 26 34 
10 18 7 22 18 42 0 50 29 10 42 36 5 25 42 28 3 7 37 34 28 43 25 9 1 11 44 30 7 17 3 
27 28 14 18 27 21 41 0 20 31 47 15 20 8 14 3 5 34 44 28 3 7 30 16 48 42 35 9 7 11 25 
12 44 12 8 15 9 41 8 0 16 8 12 37 7 37 14 23 17 46 49 6 11 37 29 15 46 48 12 17 26 42 
12 35 10 7 35 21 8 1 50 0 45 14 27 28 21 41 20 23 30 34 19 18 14 9 6 14 26 15 48 12 17 
47 25 32 24 46 28 28 1 3 43 0 16 17 46 4 42 35 9 9 24 26 25 33 33 7 24 49 27 4 43 10 
6 10 39 33 48 40 45 5 25 14 42 0 23 27 41 4 2 18 5 14 30 18 7 24 37 42 14 42 25 1 47 
2 24 9 44 37 7 28 14 6 3 40 5 0 34 11 34 3 6 42 4 23 32 22 41 13 42 50 37 3 41 34 
48 21 4 29 12 19 15 34 5 48 24 5 49 0 12 41 13 24 13 3 40 9 50 21 29 16 30 34 46 2 38 
21 26 23 22 5 19 1 6 50 16 38 23 38 7 0 49 27 23 29 23 29 26 24 50 2 26 48 50 26 13 33 
35 20 32 17 27 49 33 28 7 22 13 19 14 37 2 0 36 13 15 30 39 7 5 23 23 12 47 26 22 46 7 
19 25 43 18 32 19 41 22 30 50 45 46 22 1 17 8 0 10 14 50 41 36 36 46 24 26 30 47 10 6 31 
24 11 32 1 3 38 27 47 6 33 45 42 35 31 45 11 33 0 23 6 4 37 13 22 6 22 34 30 19 42 2 
23 32 16 50 27 34 15 22 49 29 32 14 8 17 46 45 2 16 0 30 15 47 25 4 2 44 12 40 26 29 20 
9 8 5 4 11 14 26 35 4 11 47 12 24 28 23 24 5 5 10 0 28 32 15 39 28 6 49 28 15 7 16 
45 39 43 29 21 24 9 4 7 33 19 17 12 20 19 36 1 27 29 20 0 7 36 17 2 38 45 19 28 49 12 
37 11 29 39 17 8 19 45 7 49 15 2 48 28 9 16 3 20 10 20 49 0 1 37 37 9 9 23 42 42 27 
5 31 5 46 46 9 38 24 3 11 17 6 21 31 6 6 38 39 44 23 42 50 0 19 30 14 36 25 43 30 8 
36 28 4 30 44 34 47 3 32 50 28 29 17 49 3 43 31 6 32 4 22 34 48 0 20 35 6 13 26 32 11 
35 46 45 46 25 40 2 41 37 22 10 35 7 44 45 14 33 20 27 21 5 19 12 26 0 37 2 31 35 45 38 
22 21 22 22 16 33 35 22 25 14 42 41 20 11 45 37 27 4 25 22 23 43 50 11 6 0 16 34 19 10 23 
10 17 46 49 50 39 14 36 29 13 30 12 46 13 30 15 50 2 32 50 26 27 11 24 16 30 0 22 11 16 50 
49 16 13 2 5 25 45 21 11 7 23 42 25 13 43 12 47 37 32 42 17 33 38 10 48 33 7 0 23 34 21 
17 4 20 29 14 14 50 45 9 5 20 30 41 26 27 34 2 49 31 4 33 35 29 24 33 17 29 3 0 4 22 
18 23 37 41 40 20 22 47 49 30 13 3 29 27 23 38 42 13 34 14 32 9 42 31 38 32 26 47 47 0 47 
36 47 41 37 38 47 43 1 36 8 13 6 50 2 42 30 6 2 2 46 26 16 20 41 41 10 31 7 3 8 0 
44 0 26 50 2 44 16 13 43 40 27 45 42 27 26 2 26 10 41 39 9 26 24 45 1 22 20 28 1 47 29 
16 37 0 48 28 14 37 6 48 9 26 18 14 13 26 1 34 40 44 39 15 1 41 18 45 33 21 31 49 30 24 
38 13 46 0 12 11 8 44 50 13 16 20 12 33 14 42 12 12 20 1 39 31 35 12 32 29 26 20 3 46 44 
7 7 19 35 0 38 5 18 1 15 43 41 40 31 24 45 39 9 4 4 21 9 11 49 42 43 4 1 15 34 36 
39 41 4 20 10 0 14 44 48 26 37 45 11 5 8 48 42 4 39 37 40 17 17 50 26 35 46 9 27 42 35 
5 4 18 30 5 50 0 36 12 15 32 46 11 29 18 27 49 7 41 45 2 50 12 29 44 19 23 42 29 36 14 
5 17 6 41 33 41 43 0 25 4 48 6 43 25 5 44 7 38 33 50 36 39 18 33 41 36 43 26 24 12 33 
9 8 27 1 27 29 5 38 0 35 36 6 32 38 47 47 7 38 24 1 12 35 9 30 50 26 38 35 16 6 40 
16 20 14 21 40 49 17 25 28 0 15 2 1 48 15 31 8 30 37 44 29 6 2 24 50 49 50 28 28 26 40 
45 39 32 45 20 37 18 17 7 49 0 41 13 46 36 11 34 12 16 19 18 9 49 23 27 35 14 46 14 23 40 
21 40 50 39 21 13 20 3 45 45 40 0 13 30 46 39 43 7 38 40 15 39 13 9 8 32 46 17 5 11 7 
41 5 45 18 29 2 14 8 16 48 14 9 0 21 25 29 46 20 27 39 42 8 9 25 9 1 8 31 42 8 25 
46 15 43 39 5 36 19 12 18 38 30 49 23 0 42 1 30 42 34 30 36 27 41 17 19 49 33 30 36 17 21 
21 22 1 41 2 50 17 33 21 43 28 8 10 2 0 13 9 36 34 8 21 16 48 13 22 49 6 48 24 40 22 
6 33 45 47 17 9 49 32 40 2 14 10 14 37 9 0 19 32 16 7 40 47 47 29 46 5 24 10 29 43 47 
2 43 43 49 37 45 14 13 35 4 11 5 44 7 8 7 0 34 26 14 30 25 33 18 50 26 10 5 49 43 44 
49 20 40 44 50 21 17 15 50 14 6 19 32 3 30 42 3 0 23 39 49 40 34 16 13 22 20 26 43 23 28 
41 15 21 41 6 41 16 1 7 37 41 19 26 50 25 6 1 15 0 21 34 8 32 11 44 5 16 5 27 22 31 
46 24 42 23 24 41 49 42 48 39 27 2 17 3 8 21 9 17 38 0 16 19 12 23 40 20 9 5 27 37 41 
37 39 29 26 41 18 27 4 27 35 8 10 17 33 8 6 16 8 37 34 0 7 39 39 7 13 35 1 3 3 15 
37 23 5 8 3 39 24 41 12 41 44 5 41 4 9 9 45 41 32 15 44 0 47 41 3 34 49 50 23 13 7 
17 24 1 12 48 35 6 10 30 19 33 25 47 47 41 3 49 35 48 5 41 11 0 22 39 21 40 33 3 25 4 
39 1 29 5 24 20 4 29 6 24 3 35 11 14 33 20 1 44 13 31 1 16 26 0 8 17 7 3 13 41 9 
3 3 35 27 31 32 46 42 24 21 49 20 29 24 2 6 50 8 6 2 39 39 41 44 0 4 23 26 21 39 17 
17 42 38 48 22 1 50 35 33 1 24 10 21 42 33 31 37 2 7 12 7 45 7 39 20 0 15 13 42 23 8 
7 26 3 7 4 8 33 32 3 2 6 16 26 6 29 30 18 49 12 23 37 24 15 28 11 22 0 35 49 28 8 
38 9 12 25 45 48 7 15 39 25 49 6 50 5 7 41 20 2 11 41 47 15 31 50 22 33 11 0 26 46 33 
24 34 4 46 14 47 4 2 11 31 23 4 10 37 25 32 25 11 21 20 3 33 39 38 11 23 29 13 0 3 12 
38 32 20 7 2 16 2 5 41 10 38 18 42 30 18 44 5 44 26 40 9 1 5 26 30 42 45 16 35 0 42 
19 42 49 49 44 42 35 4 35 10 30 21 20 12 33 35 42 10 20 18 19 35 38 14 4 37 27 44 27 11 0 
