10
55
46 0 1 35 37 13 33 26 29 17 36 2 11 41 35 31 5 14 31 8 26 18 39 47 5 16 47 8 12 21 32 40 5 28 48 12 50 41 10 23 50 22 1 5 30 17 22 15 28 46 41 1 30 47 48 2 
8 5 0 31 22 17 26 15 9 35 46 48 34 43 23 31 14 5 8 9 4 17 34 17 38 44 32 30 17 30 31 10 8 30 47 5 45 11 38 7 24 8 43 20 34 20 39 22 5 15 28 47 22 39 44 35 
24 38 43 0 28 35 46 48 29 5 36 40 4 47 19 37 3 17 1 35 47 25 14 34 19 6 11 25 3 2 34 39 20 37 12 31 8 19 11 23 29 11 14 16 49 30 35 26 37 29 26 31 21 5 47 11 
10 5 25 22 0 25 21 46 27 21 48 21 17 35 39 29 35 6 29 6 37 12 49 36 40 22 35 39 25 27 4 18 16 40 2 21 4 45 39 49 8 15 37 45 1 9 18 42 48 50 41 25 43 49 11 49 
12 20 35 1 40 0 32 22 1 18 31 5 27 33 18 26 40 17 30 49 22 26 5 35 31 4 44 42 25 36 29 25 18 29 4 10 34 10 39 10 26 44 37 27 20 5 41 10 31 24 2 8 13 1 40 24 
8 35 5 47 47 41 0 48 15 39 7 38 48 29 9 42 31 29 21 23 29 40 28 15 27 13 34 11 1 35 22 12 18 40 30 3 50 5 42 13 36 47 22 39 14 17 43 31 22 33 21 30 43 29 12 35 
30 20 29 34 13 30 47 0 30 18 45 21 9 50 7 43 26 37 8 37 33 18 40 2 10 20 4 39 19 15 43 20 39 29 46 23 30 27 9 1 6 50 43 21 19 46 35 32 16 40 45 44 35 42 29 18 
41 19 19 14 9 42 29 16 0 26 26 32 30 4 34 14 50 29 8 32 33 26 19 33 15 36 23 24 30 20 50 35 48 50 29 32 11 8 45 42 15 22 27 46 44 14 5 28 32 26 46 15 28 10 46 43 
22 36 5 29 37 18 49 47 27 0 41 35 31 26 3 3 42 35 16 18 12 49 24 40 1 31 45 42 4 24 35 8 38 4 36 10 26 4 16 5 47 23 31 19 3 30 25 3 30 23 4 31 12 43 35 44 
49 47 5 48 43 27 46 23 43 34 0 47 27 40 43 28 39 19 12 22 39 19 5 37 21 7 43 12 31 21 4 47 46 20 43 12 29 49 18 13 20 27 8 27 19 34 49 13 38 46 15 13 1 22 46 26 
44 10 35 42 1 16 15 3 39 38 1 0 7 48 31 50 40 1 49 2 13 11 29 18 37 9 30 25 36 6 41 46 25 24 17 19 20 15 27 13 5 13 6 38 32 34 42 16 7 46 26 12 2 20 34 16 
16 42 48 34 21 41 29 47 48 42 27 34 0 32 13 31 26 25 37 47 50 5 41 37 4 17 14 18 40 31 30 45 5 41 1 3 28 18 43 42 14 34 10 40 41 7 9 35 45 16 50 38 15 23 34 12 
26 6 44 17 8 24 40 17 19 47 22 43 31 0 10 3 8 32 46 34 17 46 1 46 47 9 30 23 24 31 43 31 32 7 40 28 23 24 27 35 40 45 44 22 44 36 16 4 35 14 43 6 19 40 18 17 
26 10 48 8 28 2 16 36 27 17 40 37 42 33 0 31 35 6 12 44 23 3 30 3 12 44 26 38 11 39 37 12 43 39 24 3 13 27 19 7 39 29 8 45 28 46 29 13 3 33 8 1 8 46 46 14 
46 8 36 15 2 14 6 48 41 5 48 48 18 31 18 0 9 38 5 6 44 45 35 26 17 15 14 36 28 31 37 5 47 44 10 7 6 41 4 6 25 24 11 5 23 49 32 45 23 15 50 14 3 41 2 20 
12 33 20 50 38 29 28 17 4 1 1 4 9 24 13 18 0 34 50 31 21 35 30 3 18 34 20 13 13 32 24 3 6 43 41 45 24 22 5 18 46 46 44 1 23 48 28 36 49 3 32 31 3 11 31 35 
33 30 2 17 19 16 16 35 31 48 46 12 19 30 40 47 30 0 33 35 26 42 29 31 21 6 34 15 11 1 44 50 45 12 6 13 44 20 38 49 31 30 9 21 25 3 16 18 19 14 35 2 21 27 6 44 
4 50 32 11 36 2 6 35 38 49 1 1 13 17 46 28 42 35 0 5 46 33 9 6 19 41 17 46 47 16 43 30 19 6 13 10 45 39 28 13 29 25 24 33 27 2 16 5 3 18 8 10 37 23 11 11 
46 44 13 21 20 6 9 19 46 19 32 46 1 8 2 40 15 22 26 0 21 9 26 30 17 26 12 44 30 9 33 44 47 46 2 14 1 26 7 44 23 17 6 38 8 21 21 4 45 17 18 46 15 47 40 2 
20 14 47 46 8 13 30 11 14 25 35 1 49 44 1 14 8 28 3 5 0 4 39 22 46 6 9 49 13 41 37 29 50 6 50 45 38 29 12 36 11 37 45 25 34 36 20 5 2 17 4 39 38 44 36 49 
32 42 1 41 50 14 17 20 27 46 35 45 50 50 14 36 46 42 43 18 10 0 15 39 11 36 4 48 46 37 49 42 7 20 2 13 46 29 22 37 47 20 25 48 38 1 26 6 2 4 19 44 46 2 18 40 
18 4 40 6 47 17 21 34 29 5 29 26 48 37 18 7 24 6 46 48 35 17 0 2 11 10 48 46 43 18 6 46 5 3 13 46 43 39 17 40 31 49 42 20 34 22 1 9 16 36 12 20 41 7 21 6 
1 2 30 46 50 21 29 16 23 9 25 23 36 41 26 19 7 16 16 49 43 47 19 0 39 10 40 30 7 6 36 6 49 33 8 45 41 9 22 41 10 21 27 47 25 47 28 23 25 10 44 13 25 41 22 13 
5 34 42 36 11 42 22 10 38 3 27 41 29 46 36 11 36 26 7 29 16 50 44 42 0 33 17 5 47 13 23 32 8 11 45 41 7 18 37 31 19 49 18 10 23 21 37 44 29 25 34 28 50 35 43 47 
5 40 50 3 44 37 25 47 15 21 19 30 35 6 30 43 49 45 39 30 49 41 22 22 47 0 23 27 23 29 46 33 24 18 48 37 17 18 34 37 33 24 21 46 2 2 7 10 24 46 41 30 5 46 14 49 
15 19 28 7 21 10 3 18 19 39 46 13 37 19 13 26 15 8 7 7 28 45 21 21 40 14 0 3 28 39 17 29 28 5 50 23 49 40 28 17 23 22 3 27 13 6 45 24 5 33 16 15 47 40 7 21 
20 48 8 18 8 8 25 30 3 11 18 8 38 47 15 36 38 42 35 36 26 18 8 15 45 41 48 0 46 24 2 32 39 48 30 3 1 33 11 10 15 47 24 25 2 39 38 36 9 19 30 28 6 6 22 45 
3 40 43 23 18 11 30 6 2 29 30 10 9 44 14 4 28 33 20 39 3 44 7 26 8 5 39 27 0 45 25 27 33 26 35 1 11 40 38 43 5 17 18 24 23 10 28 28 15 5 27 1 23 37 34 43 
9 34 18 16 13 22 3 12 27 3 47 34 25 44 4 14 40 41 16 23 36 21 34 17 30 27 25 23 18 0 25 4 47 43 42 42 27 23 23 30 33 14 6 47 21 13 45 4 22 2 13 11 33 21 11 8 
39 1 1 36 36 48 31 45 3 49 50 41 33 3 27 42 18 11 33 9 30 24 13 4 36 24 4 22 6 14 0 21 27 33 34 3 27 22 37 44 36 34 12 44 23 13 4 21 19 25 21 44 23 38 2 28 
15 39 47 1 13 45 10 39 39 28 24 9 49 50 1 20 31 18 48 26 19 31 41 41 32 3 35 47 35 21 49 0 39 31 7 38 39 26 37 31 42 24 23 6 45 40 46 23 20 25 2 14 6 41 26 10 
35 48 6 19 11 10 13 4 19 29 36 28 43 12 13 45 44 37 7 2 46 25 47 2 37 30 16 22 34 8 44 48 0 5 47 4 41 20 18 21 32 12 20 37 16 4 18 30 8 13 8 20 19 35 25 14 
10 2 5 33 31 45 41 20 12 36 38 24 46 9 22 25 26 17 25 41 27 39 31 49 19 1 9 10 27 38 26 14 31 0 34 44 39 16 36 40 37 21 50 26 31 16 45 34 49 41 33 44 3 10 34 38 
22 22 6 14 31 37 32 44 24 10 25 43 13 16 34 10 40 27 38 20 27 13 50 33 25 17 10 19 45 45 24 4 47 46 0 23 18 10 23 9 1 40 6 3 21 41 2 22 34 8 23 4 26 22 15 11 
10 22 24 39 15 27 13 50 29 37 22 47 17 43 16 50 18 18 38 31 21 10 30 42 23 45 27 11 22 41 48 32 33 36 14 0 47 37 34 45 24 27 7 25 35 20 6 6 41 42 23 37 8 35 34 40 
50 43 32 17 20 1 3 28 38 39 41 14 32 30 20 14 34 24 15 5 15 36 45 23 18 40 36 19 49 5 41 48 49 46 14 4 0 5 18 26 23 25 29 37 46 29 42 24 11 23 10 3 35 20 30 26 
15 48 9 49 30 15 34 30 34 49 44 16 36 17 16 10 17 49 42 30 36 50 50 45 26 16 25 47 40 3 7 28 19 21 50 7 46 0 19 46 9 41 50 3 47 36 27 39 45 7 1 36 37 28 50 40 
15 48 15 24 15 40 37 41 31 43 16 47 15 17 10 14 48 3 34 40 36 47 4 9 50 27 30 41 40 17 21 50 19 32 36 9 31 46 0 32 19 5 10 22 5 20 30 25 29 47 37 39 34 45 11 4 
18 45 6 24 38 11 47 1 15 22 16 28 34 32 1 33 2 22 16 36 27 25 49 40 20 3 2 44 3 29 38 6 8 28 18 15 26 22 44 0 9 8 9 8 33 4 2 42 47 47 5 37 12 29 26 28 
43 46 17 5 36 9 4 49 36 35 10 21 6 15 36 8 31 29 8 28 19 17 17 36 18 11 6 47 49 43 26 28 33 1 25 20 9 18 9 50 0 5 10 23 48 45 32 37 33 11 47 7 34 21 49 10 
26 30 32 38 25 4 7 1 44 9 33 39 6 40 17 49 14 20 8 24 9 45 19 42 36 25 23 37 2 36 43 7 34 42 49 41 28 30 35 47 48 0 10 29 40 12 44 31 43 45 49 44 14 13 25 1 
32 12 40 2 50 31 21 50 8 17 26 5 14 42 27 22 34 36 12 26 49 17 29 30 42 44 31 42 3 43 29 44 10 41 18 29 38 28 35 16 28 11 0 22 23 37 40 18 2 19 28 10 29 2 49 3 
16 33 11 10 7 1 29 47 15 38 33 45 24 24 48 34 6 1 47 49 39 45 7 44 3 27 29 24 26 34 50 43 11 38 3 47 28 18 29 15 50 15 7 0 36 4 45 44 28 21 44 4 29 5 1 15 
21 27 17 8 30 22 5 21 32 38 40 34 36 22 1 6 38 22 32 50 25 39 22 40 8 34 2 4 32 30 22 38 11 24 33 21 12 11 50 44 45 44 25 48 0 15 12 8 7 20 39 17 7 24 1 40 
32 5 27 50 47 21 2 39 3 17 2 23 12 40 31 44 28 23 39 5 31 15 24 26 47 26 46 34 44 13 16 15 10 34 2 16 35 11 3 24 44 5 22 32 13 0 39 46 18 40 46 39 34 36 47 10 
17 31 2 4 21 25 19 46 41 1 38 13 29 38 15 9 17 21 15 12 26 44 43 13 9 30 29 45 49 25 32 30 14 25 35 35 34 8 33 49 25 10 32 31 26 26 0 18 30 25 37 23 14 21 35 34 
23 39 39 45 41 47 24 48 17 19 9 50 4 3 31 26 10 39 16 37 17 13 12 38 34 13 50 20 12 2 19 9 30 42 13 47 46 13 42 3 2 13 16 12 17 26 15 0 27 45 11 14 26 5 49 18 
11 27 1 12 29 47 5 36 15 50 50 21 13 41 34 31 47 47 14 36 5 48 50 22 8 49 24 26 1 39 44 5 32 25 3 20 45 2 13 6 47 27 1 13 18 6 2 36 0 11 31 18 29 42 13 14 
13 27 30 5 31 24 29 35 26 7 46 40 39 39 15 36 45 35 8 39 28 47 38 4 2 47 38 15 21 22 16 13 19 11 40 43 16 48 33 33 19 43 26 6 22 17 14 47 47 0 46 23 45 35 25 36 
17 39 26 3 35 36 14 15 4 41 34 21 28 50 22 21 47 2 25 21 36 22 33 33 35 33 42 19 25 50 22 29 45 26 24 4 40 46 49 47 5 28 22 15 39 46 37 48 25 25 0 26 43 10 4 1 
46 7 44 18 2 45 46 40 5 20 5 27 2 27 18 31 2 4 29 17 8 50 18 45 40 46 44 45 50 24 29 20 41 26 28 47 47 28 47 2 10 39 17 46 34 20 35 21 7 44 24 0 39 31 38 43 
46 40 50 29 6 1 1 40 32 42 36 36 27 49 21 35 25 8 28 8 20 33 22 11 20 12 24 38 6 50 41 39 4 33 33 8 48 50 41 1 9 49 36 5 49 35 9 23 36 10 50 32 0 4 31 24 
13 18 40 9 45 28 14 35 32 2 47 33 45 16 14 38 25 17 27 49 22 48 18 12 36 4 1 3 47 50 9 36 24 10 20 40 8 41 47 24 46 15 4 4 3 2 14 7 22 22 26 16 28 0 32 2 
16 50 28 24 42 27 12 38 32 43 11 10 36 46 25 30 35 21 4 4 8 44 15 9 34 40 45 31 26 25 44 9 42 8 5 40 31 17 5 47 35 27 23 11 43 43 29 11 48 42 41 45 24 28 0 45 
22 36 20 41 3 33 31 13 8 50 2 18 28 42 35 50 18 16 7 20 31 22 5 17 41 11 34 33 34 35 49 35 14 13 33 5 11 27 3 15 4 15 15 12 41 26 1 20 13 42 23 29 18 9 14 0 
1 0 31 3 50 42 49 49 29 23 1 18 4 15 9 31 39 42 14 43 17 17 7 43 26 16 11 15 21 42 12 20 18 6 50 33 24 8 28 12 17 6 37 42 11 24 22 36 12 33 4 32 16 26 42 48 
45 38 0 28 35 32 34 29 37 12 31 50 49 16 27 7 31 14 3 26 12 31 15 33 3 45 25 4 38 39 30 5 42 14 2 38 36 31 44 31 33 28 50 31 31 24 24 21 35 26 23 19 14 50 31 18 
30 6 25 0 41 7 31 41 48 32 27 9 35 14 39 21 1 21 23 44 34 31 34 3 30 21 4 19 12 17 12 41 43 34 35 8 31 7 4 24 3 37 2 49 4 16 39 7 47 6 23 48 42 7 47 37 
47 4 46 20 0 4 12 29 32 21 36 16 2 30 31 41 44 18 50 42 48 30 36 49 15 33 48 22 7 45 15 50 36 37 49 12 27 12 34 21 41 8 21 29 18 50 38 28 17 16 29 31 43 16 50 8 
11 5 31 37 6 0 40 23 37 7 37 31 16 32 19 14 33 34 30 1 40 9 7 32 15 46 20 6 42 17 35 8 21 37 41 2 22 31 48 15 1 36 35 23 32 20 23 47 49 2 46 47 13 15 11 49 
5 24 16 42 36 35 0 32 21 22 29 10 29 41 18 42 3 37 15 1 4 25 35 1 46 24 24 8 40 21 38 45 6 27 42 48 49 15 6 29 16 4 14 1 3 10 44 6 32 10 44 11 49 15 7 25 
20 24 20 19 12 28 42 0 50 35 35 5 3 49 20 44 38 31 37 35 1 11 34 48 37 30 19 27 30 28 28 47 41 20 18 28 25 45 38 17 39 13 15 17 19 6 41 7 12 17 6 30 13 31 7 14 
37 26 34 39 44 1 13 22 0 8 38 14 33 32 43 20 44 44 20 46 39 46 18 30 32 39 12 16 14 23 48 35 11 14 4 42 49 12 49 24 38 50 44 10 31 42 9 26 19 47 12 37 43 36 19 18 
19 47 2 50 33 36 49 49 10 0 4 3 20 28 2 21 33 46 47 8 39 3 9 49 40 31 36 47 17 12 12 42 26 45 37 23 3 10 49 41 3 2 45 50 28 40 39 49 18 27 30 42 47 28 31 16 
11 49 13 20 47 39 32 38 49 13 0 28 25 42 29 18 24 47 6 6 37 8 9 22 1 43 37 30 41 32 20 45 48 15 21 13 4 48 30 45 14 21 8 2 15 12 14 8 39 9 7 45 42 22 45 9 
3 28 12 28 11 10 42 6 29 18 30 0 11 21 17 15 26 18 12 43 16 50 7 7 39 29 30 41 32 26 26 4 26 21 13 10 27 36 3 35 4 30 2 24 48 33 4 38 23 45 31 28 31 30 29 9 
46 22 24 49 31 19 11 30 3 15 4 40 0 9 7 38 41 16 27 40 37 48 34 9 7 25 42 19 37 46 49 23 47 42 4 14 6 12 4 4 35 19 23 21 33 29 14 29 16 8 40 12 4 41 42 11 
13 13 18 24 40 1 24 35 5 42 8 49 5 0 43 33 29 13 24 5 18 26 14 27 29 12 14 3 30 6 37 20 6 1 44 2 43 45 30 15 34 46 39 16 41 21 16 25 23 26 11 50 30 36 24 35 
50 37 39 13 26 49 45 29 18 23 2 48 12 42 0 40 35 33 10 21 23 38 48 36 8 47 39 30 5 45 38 40 21 27 9 3 7 6 18 39 36 1 10 49 19 19 18 14 32 36 27 18 21 16 2 48 
3 2 32 17 37 19 41 34 31 33 32 22 3 40 33 0 29 15 22 35 22 28 49 17 39 29 26 49 19 19 21 20 5 26 12 1 6 25 2 2 18 11 27 18 36 38 47 11 43 4 49 3 49 31 30 20 
4 35 43 38 12 20 22 16 11 14 28 47 41 40 28 5 0 14 21 17 12 2 32 32 2 32 16 7 16 20 18 21 24 46 43 47 21 32 14 41 49 39 12 8 23 10 1 20 3 26 45 40 29 15 19 19 
23 4 41 6 47 14 7 46 43 43 4 1 49 43 7 23 50 0 31 19 23 40 24 9 42 32 46 4 40 26 29 43 10 28 24 25 18 42 9 45 35 33 16 16 31 7 50 22 11 20 23 40 49 46 46 29 
49 45 49 24 1 10 17 21 15 50 45 24 25 18 39 31 42 37 0 34 41 25 9 29 36 33 25 44 21 3 39 45 15 32 46 26 23 43 35 44 26 16 46 2 31 13 27 47 43 31 42 49 13 12 6 5 
41 17 14 42 27 17 47 18 26 6 30 42 30 43 17 39 8 43 9 0 25 29 8 49 24 7 29 1 41 12 41 33 3 26 42 36 7 30 43 17 9 20 28 26 25 33 35 17 1 15 4 42 20 3 32 26 
34 19 40 36 49 16 6 7 35 24 28 17 38 8 10 9 15 27 50 5 0 2 32 24 42 22 12 1 27 8 50 14 1 44 17 3 39 41 7 19 44 15 22 42 2 6 18 30 44 5 46 27 44 4 28 25 
2 45 49 14 38 16 30 49 36 10 27 23 22 5 22 19 9 8 7 41 30 0 41 22 36 5 32 7 22 13 24 21 47 17 43 1 44 42 43 31 28 35 23 6 43 29 46 8 39 34 27 18 36 47 37 45 
12 24 13 10 6 9 8 37 12 40 31 7 30 5 28 27 16 28 30 6 7 35 0 30 8 10 25 19 39 36 6 36 1 30 48 40 21 29 34 26 19 28 37 45 3 49 40 29 34 6 50 3 8 18 31 39 
27 45 6 1 32 41 19 1 7 5 30 27 32 16 8 48 33 3 11 29 20 41 27 0 10 21 46 35 33 37 3 28 33 50 10 13 27 24 33 44 29 9 37 38 48 19 13 47 19 49 2 21 6 8 3 19 
37 18 47 31 36 6 36 14 4 28 47 28 23 4 32 25 50 9 32 21 34 3 30 41 0 8 49 17 35 35 33 22 26 47 42 27 9 28 3 9 24 23 23 34 21 22 36 25 16 18 28 22 48 26 32 35 
34 38 6 24 38 40 2 30 22 6 22 31 31 27 23 47 47 1 9 48 11 19 10 19 22 0 24 1 18 7 11 25 50 15 7 43 22 22 30 21 34 22 43 13 15 1 6 44 39 46 31 25 48 18 35 25 
15 29 37 2 14 39 35 23 11 32 22 16 25 35 2 26 18 30 25 27 18 7 46 19 16 31 0 13 22 26 37 27 33 31 32 28 43 35 28 8 46 37 21 2 33 29 41 20 5 45 6 7 18 43 8 7 
9 34 19 37 34 27 13 47 25 5 40 35 43 7 9 41 41 22 30 40 48 5 13 41 26 12 9 0 28 21 30 10 40 24 25 20 10 17 41 25 20 25 24 28 29 40 6 27 48 36 16 17 47 14 18 10 
4 21 29 12 23 18 35 27 45 46 50 12 19 37 49 24 50 48 10 16 25 27 35 2 20 36 11 43 0 5 14 13 27 6 16 16 39 39 30 3 2 40 47 34 33 40 45 9 11 37 42 17 49 4 2 35 
28 37 28 42 38 8 43 22 31 33 24 6 3 22 11 36 20 46 9 27 29 43 2 12 25 27 50 6 14 0 48 15 23 5 31 39 2 11 39 16 45 48 25 4 50 17 40 6 40 27 6 47 4 46 26 7 
35 35 16 17 11 8 37 9 34 19 1 1 22 33 9 25 32 30 15 30 4 40 3 46 36 22 10 30 8 1 0 11 28 29 25 4 18 46 22 6 37 11 16 21 32 16 39 35 7 18 32 15 24 32 47 3 
46 33 21 32 39 48 8 2 33 9 23 23 47 30 42 30 11 25 28 19 39 20 21 30 48 37 3 13 27 36 37 0 47 33 22 8 35 26 41 17 39 3 14 38 24 44 17 38 28 26 2 5 50 4 28 14 
26 12 41 34 3 46 46 26 47 22 27 40 26 22 8 4 21 9 40 16 25 33 48 37 32 50 26 37 25 32 38 43 0 5 9 33 23 35 7 15 44 8 39 41 2 17 27 13 6 19 48 35 41 15 12 40 
44 15 5 3 3 20 9 2 16 35 34 35 17 40 35 20 14 45 46 9 37 42 46 21 5 38 20 18 27 48 47 28 43 0 19 39 8 31 4 12 24 49 38 26 18 33 42 46 17 35 29 21 47 19 4 3 
3 19 35 49 16 50 42 25 18 39 6 42 49 2 27 39 10 33 23 10 50 16 29 38 13 42 4 34 48 28 1 10 40 17 0 36 40 47 6 47 24 8 13 8 29 27 50 48 15 8 41 11 14 47 45 4 
37 40 47 36 24 47 8 27 41 38 47 3 32 16 38 42 5 37 49 2 37 8 50 12 14 45 39 27 8 17 38 13 46 14 49 0 50 1 21 24 28 1 36 18 42 30 48 16 50 21 49 7 27 49 43 17 
30 41 36 23 29 8 32 20 25 1 35 8 19 18 39 42 35 13 21 2 2 41 9 32 17 30 40 6 9 11 11 14 3 47 20 10 0 15 48 46 21 19 16 44 41 45 40 47 32 33 8 23 14 28 41 16 
39 32 4 7 50 18 26 12 14 41 21 5 23 48 29 28 37 18 1 33 36 48 18 37 27 33 9 24 1 39 47 37 12 32 31 28 11 0 42 46 4 44 5 30 1 25 35 25 35 4 31 37 47 27 9 30 
42 15 18 30 17 10 2 11 26 45 35 44 41 18 2 17 45 23 48 40 32 19 17 13 43 9 24 21 21 3 1 10 4 2 40 14 44 13 0 30 44 42 44 4 7 41 42 35 17 2 14 42 24 30 20 49 
23 48 5 38 9 36 32 41 24 44 25 40 39 28 39 24 33 43 4 48 38 15 11 23 1 24 7 19 7 11 27 31 35 4 17 17 39 25 22 0 9 10 4 31 13 16 2 46 40 14 41 10 32 26 22 11 
9 37 33 37 35 29 14 34 14 18 44 6 35 12 22 35 8 22 46 39 35 35 48 7 49 29 18 5 17 2 45 6 13 43 9 30 6 38 37 31 0 47 20 17 46 23 47 11 29 42 6 2 11 30 34 27 
24 40 27 38 7 11 9 18 13 23 38 43 43 4 43 30 20 35 16 42 15 18 3 34 2 18 40 13 11 50 35 27 30 16 35 41 30 1 31 20 38 0 3 5 23 35 5 19 26 50 27 32 26 15 42 13 
6 37 43 36 40 22 46 7 13 39 12 13 27 19 3 50 20 5 46 4 12 14 31 49 48 50 15 14 34 18 10 12 38 4 29 4 37 15 42 49 43 47 0 42 35 24 43 42 7 47 27 13 22 19 38 1 
43 7 44 39 41 7 32 23 46 30 50 25 23 40 50 14 6 13 48 12 16 22 46 26 6 8 9 18 8 6 38 44 50 3 37 47 44 26 2 42 11 24 47 0 5 24 18 19 18 48 14 7 9 21 27 36 
22 11 19 34 33 49 15 16 41 42 7 25 21 4 3 20 30 12 6 2 42 26 41 3 38 39 41 20 44 49 30 23 24 18 16 36 26 43 19 44 46 8 7 14 0 17 43 49 14 45 44 27 47 15 25 44 
47 20 16 46 45 8 45 22 43 12 35 2 3 38 17 45 38 44 13 6 34 19 28 36 46 41 27 26 50 22 34 8 49 24 20 16 10 47 25 36 2 36 14 2 33 0 42 46 27 28 50 40 4 3 20 10 
28 43 31 1 5 31 20 23 21 29 27 3 30 19 2 36 42 20 27 5 48 6 26 3 4 45 1 48 1 33 30 6 30 14 43 24 30 46 21 6 32 14 44 23 7 39 0 17 8 27 14 48 35 26 15 13 
23 18 28 47 10 30 23 22 39 50 21 23 16 27 28 7 47 49 22 23 35 12 3 47 16 28 44 21 38 35 46 31 16 2 21 7 2 49 11 26 10 43 5 24 36 16 1 0 32 50 8 2 36 4 42 28 
11 15 31 32 32 37 2 35 4 4 41 8 14 7 22 5 48 39 47 14 42 8 29 12 50 28 12 22 30 34 11 27 24 24 11 42 22 17 29 39 8 8 1 21 45 8 38 26 0 28 3 4 47 8 29 37 
3 36 20 33 5 26 31 5 21 43 15 35 41 46 30 34 31 11 8 6 34 7 9 17 42 41 36 44 27 30 14 19 45 38 8 6 2 35 24 14 27 4 31 28 30 24 48 30 48 0 20 23 37 50 23 3 
47 28 3 41 15 40 38 28 42 30 46 40 3 39 25 32 47 37 45 29 31 27 31 37 19 43 7 47 8 7 28 20 22 36 12 28 49 44 9 24 40 26 39 49 35 34 45 41 24 39 0 27 1 5 44 22 
20 48 16 22 22 33 42 21 35 2 27 18 17 28 47 33 3 28 22 40 6 38 32 3 36 49 16 23 19 30 28 15 28 14 42 31 34 22 38 41 49 5 5 47 9 16 28 14 27 6 24 0 23 34 5 17 
32 16 14 37 24 18 19 2 5 25 12 40 4 37 16 50 31 41 31 41 2 34 35 45 21 21 3 46 14 7 5 32 24 48 10 15 20 36 14 24 31 3 50 23 47 26 25 28 11 6 43 33 0 4 15 16 
49 32 19 17 3 15 23 39 49 21 30 17 6 27 2 30 46 27 7 11 49 35 13 48 45 46 26 35 8 14 22 29 10 33 12 34 2 19 11 9 8 14 1 3 18 9 20 1 10 27 48 7 47 0 4 17 
14 19 22 22 7 40 38 31 36 49 2 8 23 15 18 29 27 16 49 3 35 34 11 31 37 27 25 26 32 16 16 32 6 17 48 15 31 48 5 19 21 33 16 4 16 2 47 37 42 49 21 41 49 2 0 32 
31 9 41 36 31 16 12 50 20 34 20 2 7 18 4 49 30 12 30 32 2 19 7 15 36 31 39 34 34 46 25 34 5 35 18 7 40 13 24 4 9 34 46 21 47 50 40 19 39 50 42 30 19 20 30 0 
12 0 2 27 50 50 28 29 17 25 9 36 48 23 50 47 9 17 38 27 24 19 24 37 19 37 41 20 46 34 5 46 16 36 5 6 5 14 13 25 27 31 17 22 13 11 2 18 20 42 41 25 42 43 46 12 
39 16 0 8 14 10 8 33 34 21 13 21 13 18 45 43 46 5 14 50 43 3 2 25 8 35 24 1 5 43 30 4 24 40 44 18 40 6 49 15 19 49 34 2 50 41 40 50 25 50 46 21 29 43 3 10 
38 42 1 0 30 36 8 29 41 41 10 47 23 25 27 3 41 6 49 31 45 19 1 26 18 45 24 26 6 48 9 26 31 37 34 31 49 6 20 29 12 20 43 11 40 44 18 26 48 47 5 16 30 12 8 41 
37 16 33 35 0 13 32 24 44 32 35 17 36 41 47 5 36 36 20 20 26 27 40 36 24 28 49 28 10 43 44 46 20 30 44 44 33 23 35 17 30 47 50 29 6 28 32 35 2 42 20 30 10 43 33 15 
48 31 10 8 14 0 5 15 1 39 39 48 7 48 4 23 13 1 4 40 29 28 11 30 47 47 15 27 18 24 14 37 27 47 29 46 3 14 28 3 26 33 49 41 18 30 25 37 48 20 7 29 7 3 5 38 
37 1 13 11 50 28 0 47 28 26 3 21 11 19 9 20 50 24 1 14 46 29 21 13 17 22 28 30 48 17 35 30 25 43 42 9 2 1 17 4 48 36 22 15 16 10 15 19 40 50 8 6 6 39 9 10 
17 39 46 40 22 49 49 0 11 41 23 47 19 27 50 19 50 7 47 17 11 7 6 48 7 7 10 40 49 10 30 25 36 34 33 43 14 5 28 32 49 38 11 25 43 14 47 42 40 32 9 49 9 23 49 3 
11 42 40 34 13 10 1 2 0 12 49 11 35 45 8 6 45 30 16 18 23 47 32 5 44 11 18 1 18 2 31 16 13 36 31 32 23 16 44 19 40 38 10 13 45 3 13 47 33 26 14 20 44 5 26 7 
29 37 46 24 45 9 33 1 32 0 33 48 49 15 26 33 29 36 47 29 36 37 19 10 41 48 21 18 42 38 11 22 9 11 25 3 36 21 21 25 31 5 10 32 12 5 14 33 7 43 35 34 47 27 40 20 
11 28 5 26 24 41 42 13 21 12 0 40 38 41 23 48 9 15 23 48 32 28 37 48 37 35 39 11 49 4 28 25 32 21 5 43 9 16 46 1 40 13 47 12 1 16 26 43 35 46 26 19 25 29 8 42 
24 30 19 41 36 31 43 10 44 37 8 0 17 36 30 39 44 20 23 8 19 31 26 48 21 9 46 27 3 28 9 1 4 14 14 20 30 47 5 15 10 20 38 19 15 8 9 8 5 7 33 50 3 21 40 11 
49 32 48 33 41 4 41 32 35 36 5 4 0 22 11 10 47 15 9 49 49 44 7 34 14 50 39 23 47 46 9 49 33 24 3 21 48 50 23 25 7 30 7 34 29 4 5 36 44 48 36 36 45 23 41 18 
42 49 35 34 3 32 45 37 27 38 22 31 20 0 41 12 48 43 34 43 20 38 23 5 11 45 3 29 49 10 24 5 11 34 36 29 50 15 40 23 25 36 20 8 41 32 25 17 4 36 39 43 11 31 22 31 
20 44 25 39 50 3 46 28 4 34 12 47 35 12 0 13 33 4 12 18 34 18 16 14 29 20 37 26 14 22 31 45 30 13 5 10 6 41 1 23 23 41 43 4 8 21 29 33 43 24 6 40 49 14 38 13 
4 31 46 19 14 28 32 7 23 40 32 35 30 2 7 0 42 3 40 45 43 26 12 6 9 42 4 33 41 16 41 46 17 25 42 7 26 45 33 10 45 9 37 31 19 39 45 3 42 17 14 37 10 19 46 38 
42 25 38 27 10 46 42 41 33 44 15 10 39 46 32 47 0 21 30 1 35 40 31 38 20 48 2 42 25 2 4 37 49 30 5 15 2 8 6 1 50 17 46 49 26 25 35 15 47 35 18 17 30 18 12 48 
11 37 19 30 9 4 18 39 29 8 17 31 34 31 30 40 15 0 30 1 18 44 33 13 46 13 37 46 40 35 38 7 31 19 7 4 15 39 27 42 46 50 7 21 18 9 4 31 16 5 28 2 1 17 45 5 
29 25 24 17 22 9 29 5 41 1 36 13 28 28 16 1 39 38 0 6 18 38 12 45 38 10 6 30 35 7 36 7 14 24 3 25 40 16 10 20 38 22 3 30 17 23 42 4 39 40 27 14 13 12 27 18 
18 31 37 8 17 29 44 48 6 45 22 39 26 3 26 36 29 18 18 0 47 35 32 28 15 18 3 42 46 31 23 44 2 48 36 8 10 30 3 4 10 28 6 25 23 2 3 28 37 14 42 35 46 45 30 33 
36 4 22 40 15 37 48 18 34 2 20 41 41 46 17 7 27 15 8 19 0 30 8 6 13 16 25 6 32 40 38 48 8 18 3 22 7 8 14 40 23 31 38 42 21 32 12 38 41 48 35 9 32 37 12 4 
29 49 9 25 41 32 17 29 46 4 13 24 38 24 10 49 14 26 36 39 42 0 17 35 31 4 37 15 34 5 30 17 21 7 50 43 8 49 39 49 42 14 10 46 17 20 39 1 18 38 36 45 7 2 24 12 
13 14 28 22 5 17 33 24 17 37 42 18 39 31 3 1 25 27 44 25 32 22 0 19 12 15 37 48 46 19 35 11 20 33 38 31 45 21 18 45 25 32 36 29 30 29 22 13 37 36 36 21 30 8 49 30 
42 46 17 7 18 20 37 6 33 27 23 35 1 1 8 31 7 32 20 44 46 43 39 0 33 44 25 11 11 33 14 32 12 34 8 39 50 4 12 27 5 45 30 46 4 7 37 12 36 29 6 14 48 39 6 35 
49 7 35 13 44 9 27 24 19 45 11 1 43 12 8 27 46 6 15 49 16 47 36 27 0 7 13 26 32 28 1 34 23 29 24 41 44 20 49 33 46 19 7 28 9 46 37 19 24 21 29 18 43 25 8 19 
2 21 9 6 32 34 45 46 18 12 39 23 20 22 15 8 47 23 19 30 10 20 27 31 21 0 44 2 12 49 33 42 49 21 6 39 23 12 43 2 13 25 12 10 48 8 14 50 3 6 22 21 20 6 28 10 
33 45 28 36 39 33 33 48 36 20 41 2 14 34 43 47 5 22 7 6 48 11 30 24 7 44 0 50 7 27 13 22 43 43 47 6 29 34 8 14 31 42 15 25 28 17 12 37 19 14 26 17 48 50 23 12 
23 15 4 29 45 33 27 21 23 49 48 10 18 28 15 13 47 9 27 15 34 36 3 7 45 8 31 0 43 2 46 24 43 21 36 34 15 31 29 19 48 15 44 2 30 20 3 20 42 49 14 20 40 24 8 28 
37 12 48 34 38 3 34 19 28 25 6 40 32 45 1 33 19 40 29 50 40 35 24 38 43 38 40 45 0 38 27 35 20 13 8 47 3 33 45 32 45 31 26 25 5 14 14 38 48 49 32 2 50 45 8 39 
3 38 10 42 50 14 40 31 2 40 36 27 25 48 48 50 24 9 34 19 15 10 19 24 30 1 43 46 7 0 25 35 25 5 20 44 15 24 4 33 32 42 45 24 16 28 38 13 50 1 33 29 42 11 39 24 
43 20 36 13 49 22 45 25 27 5 12 22 6 4 33 26 20 27 3 28 21 37 4 46 42 38 43 45 25 47 0 44 14 16 46 2 46 38 42 34 11 48 20 48 11 17 16 8 46 18 7 9 16 9 12 4 
7 16 41 21 11 29 50 1 30 11 48 6 10 3 38 39 29 43 42 31 1 40 43 30 27 31 48 27 18 39 29 0 6 5 43 46 31 48 22 24 33 49 20 18 50 20 11 49 43 31 18 30 23 18 32 4 
17 23 11 45 31 31 23 33 41 33 43 1 17 8 8 42 8 20 9 33 31 22 44 10 16 33 6 47 1 9 6 38 0 23 40 29 8 37 27 44 3 26 38 27 18 28 10 32 35 24 27 23 4 9 50 23 
45 30 2 29 48 26 27 33 33 28 5 29 28 30 50 6 31 27 7 7 44 45 26 33 7 1 21 23 24 36 2 30 24 0 17 35 28 36 49 46 27 49 6 45 41 23 32 5 6 24 22 43 28 2 43 30 
50 4 19 23 48 5 5 9 47 26 26 5 11 45 23 21 32 31 31 9 38 1 36 10 25 47 15 50 3 44 24 28 31 38 0 35 24 17 27 49 23 45 48 49 15 48 27 44 11 2 2 11 48 22 35 42 
50 19 10 48 1 40 6 6 3 2 48 24 24 11 49 4 6 33 9 14 41 2 22 12 48 4 4 49 1 34 27 7 46 46 35 0 6 7 29 48 33 40 42 47 13 1 3 21 1 3 48 5 15 14 22 2 
48 47 48 50 47 36 7 5 19 25 42 29 28 26 44 47 28 35 26 25 50 6 9 12 46 34 4 46 4 30 13 43 25 44 38 9 0 10 29 2 47 33 37 28 39 9 25 43 25 9 1 27 30 38 47 3 
42 39 37 5 14 33 12 2 40 13 49 4 35 39 35 38 49 34 30 42 13 29 21 3 21 42 30 38 3 3 33 6 28 42 46 21 23 0 24 38 14 22 35 38 26 10 22 9 37 25 13 28 47 8 6 40 
14 19 34 35 23 4 24 49 38 30 44 26 43 44 14 15 26 47 17 21 28 42 45 43 49 34 44 13 41 25 37 48 23 2 32 3 40 40 0 16 11 48 37 1 46 17 47 16 43 11 48 3 1 42 36 13 
23 24 42 37 40 10 12 9 13 44 47 3 42 12 12 26 36 31 6 23 42 42 49 27 2 18 1 3 43 22 37 6 37 40 10 29 48 4 26 0 1 37 28 38 3 20 44 24 32 49 23 17 20 37 14 21 
31 25 16 35 22 10 9 17 41 7 41 16 3 2 33 29 33 6 5 36 14 4 47 7 9 45 19 4 20 6 18 20 24 19 30 5 33 20 5 41 0 29 12 47 46 29 29 22 31 17 45 35 15 32 28 8 
28 29 9 26 27 42 5 47 36 40 21 42 34 23 29 46 14 1 14 8 2 7 1 28 31 24 38 38 26 21 3 38 47 12 2 26 25 44 28 50 24 0 16 12 6 8 37 38 9 38 49 21 14 19 20 6 
21 28 31 46 4 4 17 21 16 37 34 46 23 21 3 21 21 24 15 35 37 46 45 20 44 36 30 1 27 50 40 20 28 6 32 48 45 48 24 46 7 45 0 47 19 25 42 15 38 36 28 1 40 5 36 19 
25 34 11 3 19 24 17 45 16 48 14 19 18 39 5 27 23 50 19 28 43 50 27 46 3 21 42 16 50 50 50 16 42 37 8 15 34 46 6 22 41 1 31 0 22 12 24 48 50 31 1 28 40 36 9 27 
25 7 16 50 48 32 2 45 17 48 48 27 31 32 41 44 28 45 47 38 43 19 5 34 30 23 43 35 49 22 11 31 34 11 33 8 19 47 8 40 39 6 15 25 0 14 47 18 19 40 8 50 46 39 22 34 
6 3 32 20 25 40 17 47 45 38 18 44 20 49 33 26 32 38 8 49 38 4 30 21 34 6 25 45 41 22 15 42 13 28 27 6 37 27 33 1 22 9 21 38 46 0 4 48 20 8 33 19 8 32 23 47 
3 23 12 37 20 15 22 7 23 23 27 32 43 22 28 39 6 5 7 28 30 34 43 25 31 8 5 38 9 4 8 11 41 32 25 33 26 41 14 36 50 3 48 16 20 23 0 6 49 31 44 14 4 25 45 18 
19 30 37 7 12 11 35 49 20 16 16 42 12 47 45 14 15 41 22 28 27 36 28 6 9 3 6 8 15 41 4 36 46 14 6 3 39 35 3 25 16 4 29 1 4 31 45 0 2 36 31 49 13 4 18 41 
34 3 32 48 10 5 28 34 29 12 31 46 48 41 42 25 31 39 47 13 24 7 28 2 28 9 4 22 34 43 42 33 29 24 23 1 8 37 43 21 38 21 1 39 24 36 47 12 0 44 7 18 24 7 5 18 
28 26 30 21 2 1 7 1 37 21 48 18 24 19 42 17 45 46 27 26 3 7 39 28 43 12 43 28 27 25 18 27 24 7 46 26 28 16 42 20 32 20 14 19 27 18 24 43 3 0 40 24 28 30 30 15 
21 37 2 29 40 9 29 24 13 3 22 45 18 23 17 39 29 5 8 44 34 44 21 2 25 39 1 26 38 1 40 47 45 43 25 39 27 37 2 12 3 46 1 16 6 24 7 20 37 1 0 45 24 23 36 31 
28 17 50 5 2 9 4 37 12 14 25 50 25 49 28 13 42 3 47 42 38 43 5 47 2 32 31 39 37 7 16 24 10 12 48 23 27 33 1 3 50 9 40 3 31 24 32 22 9 39 4 0 22 26 45 43 
36 12 4 3 20 28 15 1 6 48 1 41 13 1 5 37 9 3 44 43 30 4 2 17 28 1 9 31 48 3 45 49 15 20 12 11 23 30 31 26 35 9 34 6 30 34 19 21 4 2 45 20 0 33 3 14 
33 10 38 26 20 20 35 3 3 4 3 26 44 40 45 14 29 22 19 8 22 20 47 37 45 32 38 27 47 9 25 16 13 6 30 1 36 5 11 6 50 6 31 3 27 8 26 32 10 39 16 48 14 0 45 43 
13 13 1 32 38 32 9 7 44 29 37 14 39 10 44 29 25 11 13 9 16 39 45 10 37 7 7 17 9 44 28 2 19 13 17 38 35 24 24 25 42 49 38 24 40 45 38 22 17 10 41 37 2 37 0 27 
25 19 41 45 32 25 42 49 1 1 36 45 26 44 6 44 2 38 38 17 18 2 21 20 43 19 35 1 49 4 41 1 33 37 43 20 44 29 42 50 1 1 37 24 5 1 13 29 12 17 40 50 14 20 10 0 
23 0 48 22 3 13 41 42 1 47 11 36 12 40 1 36 50 24 47 38 17 17 15 48 16 42 7 6 40 32 15 42 37 14 27 20 23 23 26 29 10 9 50 41 13 20 39 23 29 26 18 16 4 26 3 43 
8 50 0 7 11 6 35 2 20 33 20 49 49 13 31 14 27 48 18 29 8 18 25 36 46 4 34 28 14 14 49 39 11 11 34 12 23 17 15 23 26 7 31 8 44 22 40 11 48 13 42 19 36 48 46 26 
34 15 11 0 7 22 7 39 6 35 32 38 39 30 19 41 11 34 45 3 1 37 18 42 25 15 24 31 2 23 31 3 14 16 8 29 8 6 8 2 19 19 26 23 12 34 1 31 29 22 32 35 41 45 45 40 
17 23 37 43 0 49 27 38 34 5 29 25 24 23 41 33 5 26 44 34 33 12 45 31 41 15 44 2 30 42 46 12 19 21 18 13 36 19 16 4 43 31 43 19 34 10 27 9 39 39 27 10 48 11 12 29 
22 43 46 28 5 0 25 9 42 10 18 6 3 5 28 48 36 10 41 42 2 20 26 48 32 38 36 14 41 15 36 15 8 10 40 41 43 24 39 49 19 23 1 10 16 4 25 4 11 42 41 50 8 20 11 10 
47 46 15 40 20 12 0 18 28 24 4 48 44 16 37 6 13 22 43 23 29 20 17 32 28 14 32 3 50 24 36 8 38 50 31 45 48 9 49 29 8 5 24 37 13 7 31 39 25 37 29 29 15 48 32 41 
31 14 38 27 38 9 19 0 4 38 47 10 44 35 43 8 4 23 14 16 24 46 30 19 21 33 44 29 14 46 8 43 41 18 41 15 34 22 23 42 49 37 20 49 17 47 38 4 32 29 25 6 2 32 8 45 
1 46 17 44 44 31 6 8 0 31 5 19 26 45 29 25 33 1 22 17 38 27 32 2 25 46 41 47 35 22 2 41 9 11 47 14 38 6 29 48 19 31 13 19 13 28 12 9 4 4 43 6 31 16 20 18 
20 44 42 49 4 35 21 37 29 0 14 11 16 49 15 37 27 22 25 49 8 15 13 39 47 35 33 43 32 29 47 11 44 41 29 45 45 14 31 45 35 10 26 40 50 18 46 10 40 18 16 34 6 17 13 4 
7 5 46 14 22 42 40 8 33 4 0 17 26 21 20 43 13 42 30 15 49 39 24 40 29 39 23 3 15 14 14 5 28 29 25 38 40 19 18 24 43 20 18 7 46 2 21 40 20 25 3 42 27 3 15 16 
34 15 17 25 49 39 26 45 20 50 39 0 47 47 33 3 45 25 7 22 29 21 17 45 27 19 33 34 40 11 22 28 26 14 9 5 25 2 43 25 4 45 24 38 47 13 24 44 38 23 9 18 21 31 36 46 
17 21 41 7 16 6 37 35 49 22 14 33 0 38 29 29 44 32 32 18 35 48 30 49 15 45 40 47 18 2 4 8 46 29 14 38 4 12 37 9 49 8 40 39 25 50 41 6 10 44 16 36 39 13 1 48 
37 23 26 12 26 10 20 33 45 14 19 5 24 0 41 25 32 46 23 20 27 9 41 24 15 4 35 38 24 37 19 19 33 28 16 1 32 36 25 33 40 39 7 45 11 32 37 32 19 20 34 40 16 44 25 40 
47 49 12 8 42 22 46 47 27 46 36 28 9 40 0 43 47 22 40 30 39 2 47 14 34 18 3 19 4 3 29 3 40 4 26 5 34 24 17 42 18 43 10 19 16 47 10 24 29 27 37 19 27 14 36 39 
1 35 29 40 39 4 42 44 49 43 46 24 33 36 9 0 23 5 49 12 46 42 28 48 37 9 30 41 28 16 10 27 27 18 38 5 49 46 27 3 15 1 17 21 24 2 36 42 44 18 15 14 28 2 40 47 
23 37 42 32 10 14 15 28 39 16 20 6 45 32 11 28 0 28 46 48 46 26 8 25 36 23 39 48 10 2 46 49 25 29 42 33 12 5 46 44 2 36 39 32 8 32 30 47 12 8 38 37 33 5 45 21 
15 13 6 9 21 16 6 27 43 17 45 28 4 49 49 23 33 0 2 47 10 38 26 17 4 44 42 36 2 15 10 17 21 34 21 18 50 49 37 24 36 31 13 39 42 38 3 43 14 10 15 4 32 9 35 34 
39 46 3 16 29 31 5 13 34 1 25 45 34 32 49 25 46 29 0 11 30 25 37 26 17 42 49 23 42 50 7 35 13 50 37 29 4 47 22 45 5 26 1 6 42 13 8 10 32 12 41 8 4 48 5 9 
3 21 36 25 30 9 13 13 28 16 13 45 47 3 45 29 24 34 7 0 4 25 32 34 4 34 40 41 31 10 49 32 15 45 28 27 34 11 48 15 46 14 38 29 26 1 14 14 29 17 12 34 20 41 1 35 
21 37 32 41 41 19 33 3 29 34 48 1 20 27 12 18 27 20 11 41 0 38 3 9 4 21 26 12 15 48 15 13 25 44 44 6 47 29 7 24 28 32 36 50 43 3 13 44 3 5 45 8 50 31 11 47 
18 29 29 21 15 8 18 5 15 21 24 8 26 21 16 39 20 46 34 10 3 0 4 16 1 8 33 9 10 4 7 14 44 33 47 38 18 1 37 10 21 14 31 36 23 30 5 19 32 40 7 39 5 48 1 45 
15 14 28 14 33 49 9 2 8 8 30 25 30 34 48 38 34 37 13 47 23 19 0 44 22 3 14 28 21 47 18 10 47 33 2 23 5 24 24 27 22 5 29 28 15 50 31 39 49 42 19 6 18 35 5 23 
47 20 6 11 19 22 39 5 41 49 34 43 28 11 44 15 11 11 42 42 44 42 29 0 23 23 26 30 29 29 13 42 12 28 30 27 35 18 13 8 1 17 24 38 17 17 39 12 38 49 5 46 8 44 14 30 
6 42 34 39 44 43 11 27 28 7 22 15 49 35 9 48 48 3 41 25 21 5 13 7 0 35 14 42 30 24 18 35 19 15 50 22 44 34 25 14 9 7 47 10 10 45 24 13 4 40 8 49 5 3 39 10 
2 30 28 4 30 1 31 4 11 23 4 50 49 14 16 14 23 40 33 19 24 45 3 12 11 0 2 38 40 17 19 30 16 27 41 20 15 7 21 34 8 26 44 49 37 42 24 14 41 25 44 26 16 21 20 36 
7 27 17 44 29 13 41 37 42 44 38 24 8 44 2 8 2 6 25 44 31 46 16 20 37 38 0 48 16 24 44 15 46 7 6 14 38 40 28 6 45 35 7 8 44 5 1 7 48 24 37 24 11 46 27 6 
11 11 47 8 41 16 26 14 49 30 43 17 3 31 14 18 25 50 30 9 24 39 23 16 37 32 1 0 42 37 20 4 50 31 1 3 28 44 20 16 30 9 44 9 15 13 34 4 18 11 19 50 12 17 18 32 
22 38 31 22 10 16 35 27 29 26 43 37 3 28 36 24 5 35 1 50 31 30 9 4 3 29 33 32 0 19 21 43 34 13 19 31 40 14 49 7 14 25 17 31 39 20 48 2 40 25 46 45 27 16 19 2 
43 30 27 19 31 33 4 9 9 33 10 24 35 47 47 11 7 29 37 26 14 50 20 35 6 27 43 7 23 0 27 16 18 45 17 39 10 37 31 26 32 22 9 23 6 10 25 18 43 29 36 39 49 30 44 39 
43 11 43 14 5 40 48 36 32 18 43 30 18 9 37 24 26 4 6 4 5 27 14 25 32 10 1 28 38 39 0 18 38 2 28 46 49 45 18 22 42 25 24 41 39 18 46 50 35 43 12 13 46 25 40 35 
17 48 18 32 45 40 20 48 44 50 6 28 41 14 38 30 9 33 14 30 32 37 25 8 37 11 16 36 27 26 23 0 13 12 44 30 2 27 36 27 2 5 26 48 40 12 18 10 21 5 33 5 13 11 10 3 
30 24 10 46 34 24 35 22 19 28 43 16 47 35 37 3 23 6 13 26 7 40 36 46 19 2 46 32 44 22 10 2 0 3 41 50 29 17 40 44 28 21 4 30 12 20 2 13 37 18 31 32 8 49 35 47 
41 38 15 27 33 29 4 29 47 18 41 14 6 36 9 36 33 12 35 5 3 11 24 27 18 39 10 14 13 40 2 4 19 0 45 9 41 3 14 12 49 18 26 33 44 29 38 8 2 10 46 49 46 14 30 45 
31 14 38 9 44 20 40 16 8 17 38 45 12 27 18 33 20 1 36 38 27 28 30 48 30 32 8 4 18 41 6 40 40 1 0 28 28 15 5 18 30 28 11 25 28 42 43 47 25 42 13 29 46 28 42 18 
3 34 41 30 13 12 37 48 18 11 48 6 12 49 41 18 16 33 7 10 17 4 3 6 38 36 34 12 6 12 11 12 48 33 26 0 44 25 26 6 19 42 14 8 18 44 38 35 27 2 45 13 13 22 33 2 
50 32 35 42 28 29 25 43 6 50 37 9 29 24 48 44 41 28 39 19 4 47 35 13 1 1 8 11 11 49 48 41 15 31 26 12 0 41 34 29 40 18 22 2 18 8 29 7 3 5 2 23 36 34 15 49 
4 48 23 42 27 21 14 32 7 3 46 44 48 48 36 4 8 50 49 1 32 45 17 5 22 45 5 7 10 27 13 8 1 33 23 15 18 0 42 2 20 4 40 46 16 12 36 9 5 19 49 15 36 35 14 17 
9 31 18 21 33 17 8 22 31 41 39 43 16 25 21 36 17 48 30 48 43 49 1 43 37 37 1 38 12 13 27 23 38 16 15 34 50 22 0 20 3 46 18 16 26 24 43 43 30 49 13 49 38 6 17 25 
10 30 26 35 47 16 21 11 19 14 17 6 1 11 37 36 45 29 27 2 25 34 26 20 44 44 21 40 49 14 39 17 22 42 5 5 25 38 23 0 38 26 8 48 12 7 37 43 19 12 27 4 9 30 15 1 
27 5 6 41 3 46 31 12 5 26 1 35 9 7 33 11 8 7 40 26 18 37 14 14 7 2 2 28 22 11 30 37 7 42 29 50 20 47 21 42 0 45 46 43 37 6 3 34 13 29 17 46 3 41 39 33 
40 41 43 34 1 44 4 41 45 47 14 29 18 29 34 42 12 36 48 31 23 45 28 8 5 18 40 50 6 15 27 47 18 9 39 9 28 13 20 48 42 0 5 49 41 43 25 16 34 46 26 35 18 44 8 11 
46 14 35 29 33 5 4 35 30 20 17 11 10 40 25 14 49 17 50 39 18 46 38 15 31 3 6 4 31 31 10 4 10 48 44 46 43 34 37 44 39 21 0 20 21 26 14 6 45 22 12 37 2 44 19 44 
50 27 21 49 31 50 1 4 50 11 14 1 12 47 29 22 15 30 6 1 48 27 17 39 18 47 12 33 20 44 9 10 41 5 44 20 23 36 7 45 39 17 20 0 11 13 14 44 48 43 40 22 22 38 19 47 
24 11 32 32 35 38 18 35 6 3 4 10 8 3 10 49 29 24 12 13 31 7 6 27 4 3 14 40 30 22 37 23 23 9 20 9 42 5 23 7 21 32 15 9 0 10 4 37 45 33 41 44 49 26 6 16 
18 5 6 28 32 25 28 6 34 16 32 37 50 34 1 8 25 2 6 43 49 42 48 17 1 17 19 8 39 29 38 47 18 43 3 5 36 28 41 32 43 27 31 43 29 0 17 38 12 33 34 20 48 21 14 17 
26 7 39 28 16 6 21 17 6 29 35 20 7 32 46 23 48 11 24 50 23 12 6 38 34 30 7 26 6 10 41 27 5 27 27 49 47 50 26 27 23 10 26 15 44 48 0 31 31 37 11 23 37 47 14 45 
15 1 1 44 37 49 46 12 46 38 9 15 31 5 48 26 48 36 48 28 13 36 42 45 36 49 27 39 45 38 4 30 41 32 13 48 46 7 39 28 27 49 30 27 36 34 50 0 27 39 36 25 2 49 37 32 
30 10 7 9 38 23 7 17 9 35 29 25 49 43 50 30 41 47 20 1 15 6 15 9 3 49 50 1 10 13 2 32 4 1 34 38 40 49 1 6 21 32 22 42 7 9 2 34 0 39 6 34 5 29 37 17 
24 45 49 6 40 23 7 8 47 33 48 21 48 10 12 41 43 46 15 31 34 35 23 2 44 48 16 12 4 29 47 3 18 35 10 43 41 43 12 33 14 24 26 10 10 39 4 25 27 0 16 42 10 15 6 34 
40 23 47 12 42 7 46 5 18 36 46 3 14 50 19 50 1 35 33 17 10 9 14 43 6 44 42 35 39 38 38 38 13 1 21 21 45 31 20 26 19 20 8 24 14 36 40 26 8 16 0 41 25 33 39 24 
31 9 4 7 49 16 11 16 31 49 8 41 14 30 49 5 21 15 7 49 40 2 41 29 20 5 17 27 24 47 13 6 24 27 40 13 42 24 22 11 8 5 28 25 7 46 27 46 10 11 21 0 11 26 41 35 
30 18 25 37 45 50 35 43 34 36 2 17 37 41 36 14 47 44 46 41 36 24 16 23 24 28 21 17 13 27 3 30 34 43 11 45 17 37 28 12 24 13 45 40 5 29 41 6 25 47 25 17 0 31 50 49 
7 3 2 14 17 29 18 30 7 33 23 34 44 30 41 47 10 17 35 17 24 29 26 19 45 37 16 43 17 3 37 50 34 45 5 43 15 24 11 33 7 33 39 8 33 46 47 26 34 50 15 1 46 0 34 26 
28 27 34 19 31 14 26 14 4 47 23 1 50 26 49 33 36 7 2 11 41 41 19 37 50 40 40 9 17 38 37 5 50 19 27 16 32 6 31 20 32 20 35 11 10 46 48 50 36 18 30 45 44 24 0 35 
37 8 47 19 41 24 18 48 17 11 19 1 31 50 33 1 30 27 33 30 22 7 8 27 5 43 41 23 49 9 42 11 27 35 41 8 36 37 40 47 15 23 18 1 42 45 18 1 3 18 50 19 12 44 14 0 
31 0 50 20 15 49 33 45 49 9 19 8 24 47 9 25 16 43 37 37 16 49 39 8 36 10 25 40 20 32 9 24 49 33 21 10 9 16 23 42 14 20 25 10 33 34 22 22 42 29 2 7 32 26 29 16 
42 43 0 35 5 24 43 25 18 50 45 10 41 26 50 17 1 21 45 23 46 25 29 25 2 39 4 49 42 30 3 42 24 4 6 18 16 31 18 19 21 46 7 11 38 25 31 47 43 12 2 36 38 3 34 41 
14 18 33 0 17 20 45 33 38 47 3 36 38 20 32 1 20 3 27 3 50 18 19 37 28 9 8 7 31 29 17 5 22 20 15 5 49 49 2 49 26 14 20 14 36 39 43 27 11 11 33 34 12 50 35 24 
46 31 6 8 0 13 39 3 10 31 49 15 18 5 28 3 21 2 28 27 37 48 5 2 40 16 32 46 20 46 34 44 22 36 42 10 18 43 44 37 38 12 11 34 38 24 26 22 34 9 12 32 34 23 48 26 
42 30 17 43 31 0 44 33 14 48 5 44 32 14 18 35 29 9 41 40 26 38 21 15 16 40 10 12 12 34 3 10 49 39 16 19 39 27 1 6 45 29 47 37 33 31 45 8 16 24 34 23 44 34 23 38 
21 15 2 3 21 32 0 22 30 45 46 45 44 48 50 47 2 9 35 46 47 42 35 32 35 46 2 46 39 1 30 16 16 17 29 48 24 26 48 35 13 8 17 42 38 37 2 11 16 27 32 15 10 39 26 47 
36 34 17 8 20 36 33 0 30 15 30 29 27 20 3 23 27 11 50 33 40 26 44 45 49 44 42 30 12 20 16 7 28 42 32 13 41 10 41 16 27 25 37 27 8 8 25 41 14 4 6 4 10 6 37 21 
42 39 18 14 28 7 22 11 0 50 23 2 36 38 40 33 18 20 34 6 15 39 18 37 42 20 1 16 8 15 13 48 22 5 11 21 2 42 28 39 21 4 27 28 35 6 39 4 25 21 38 35 26 1 22 33 
25 2 27 45 28 41 14 47 38 0 26 31 31 27 19 32 26 43 46 35 12 12 40 3 36 31 48 42 37 27 28 22 21 34 29 47 50 16 34 12 31 40 31 41 9 26 9 27 6 40 13 42 31 17 10 22 
35 50 41 14 30 49 28 20 10 5 0 10 48 49 23 32 11 10 35 4 23 31 50 44 10 23 22 36 48 15 37 42 5 24 7 12 50 25 20 32 33 12 12 32 5 17 11 28 34 8 2 32 46 13 38 41 
35 7 32 42 8 13 31 6 23 14 5 0 24 42 11 32 37 41 3 22 11 20 19 39 44 12 45 3 40 13 6 46 43 36 17 27 44 44 29 24 20 32 6 9 42 13 38 36 24 26 16 42 43 41 28 22 
17 18 38 30 14 11 41 44 18 18 12 38 0 26 34 39 44 13 29 2 29 15 11 48 32 25 9 29 14 48 14 3 2 9 45 11 27 6 49 11 9 41 13 42 24 1 50 10 40 38 23 30 14 40 49 8 
6 20 7 6 5 32 28 47 4 16 11 30 32 0 23 12 38 14 19 44 38 2 19 24 31 25 49 40 26 25 35 39 13 10 38 5 7 49 44 6 27 14 16 38 9 41 21 29 17 27 35 16 46 46 12 6 
37 47 27 31 6 43 3 22 20 27 48 20 44 19 0 5 40 20 13 17 25 37 32 16 41 5 21 23 49 41 19 44 17 49 32 18 11 23 14 50 35 11 45 19 33 43 1 35 49 23 45 47 33 29 37 20 
6 31 36 26 36 20 4 31 1 34 32 21 13 1 44 0 18 7 14 33 14 42 14 33 49 4 36 25 27 46 23 11 38 13 13 13 31 37 38 14 15 8 14 18 50 12 31 23 48 29 28 40 20 47 23 29 
42 48 38 23 1 45 27 36 29 23 44 9 1 39 14 32 0 20 50 19 7 28 47 34 38 24 13 27 49 19 33 42 42 40 34 21 33 49 15 13 20 32 29 39 27 19 22 23 10 16 47 21 20 28 17 1 
46 14 1 50 39 19 29 18 46 31 2 19 17 18 32 33 5 0 37 49 26 49 8 8 20 2 40 17 34 22 13 22 15 24 34 25 19 49 16 25 2 4 12 43 47 17 4 7 43 34 14 16 33 30 42 2 
38 7 32 49 50 2 45 46 34 9 38 45 33 43 14 34 40 13 0 48 23 38 16 11 3 48 34 25 50 8 48 40 35 33 32 38 12 18 18 26 50 9 16 10 38 30 9 24 50 21 31 27 21 32 19 15 
23 46 29 1 16 27 46 38 36 20 3 13 2 6 2 17 22 38 48 0 15 22 6 24 23 39 10 26 29 28 21 19 3 14 18 15 16 39 17 10 23 13 29 24 18 28 47 23 44 20 14 5 33 35 5 43 
17 23 7 12 7 2 17 10 15 1 50 49 35 41 37 28 5 29 25 2 0 44 33 6 45 42 37 32 10 14 17 37 19 9 25 49 44 33 5 3 22 46 19 9 18 29 49 39 4 33 37 50 5 11 4 50 
34 17 12 20 20 21 8 47 49 15 31 40 10 43 44 45 50 26 4 6 26 0 24 39 17 44 49 29 27 28 17 32 8 6 26 15 27 22 36 33 1 39 23 11 3 48 9 29 11 40 42 50 29 8 48 25 
11 29 45 27 22 43 32 20 32 33 24 35 35 28 17 24 15 44 4 18 4 14 0 37 20 35 21 18 37 36 17 4 1 8 2 5 49 27 9 12 8 8 3 29 21 25 25 44 34 24 19 35 36 5 30 22 
47 43 26 42 2 26 45 34 15 29 23 27 34 23 19 48 6 32 46 11 1 36 16 0 45 11 27 34 14 17 33 19 47 29 31 9 7 1 18 11 33 13 19 14 42 3 48 11 11 6 22 29 4 9 19 21 
11 27 31 31 25 42 32 18 33 11 26 49 4 15 12 47 39 22 13 49 32 23 25 43 0 13 16 23 8 46 4 15 39 10 10 48 31 20 37 36 41 32 2 31 31 27 50 7 47 44 25 41 33 46 21 40 
39 2 39 18 10 20 24 22 30 46 38 40 45 17 32 27 2 36 23 17 30 43 45 17 14 0 9 26 15 21 13 33 43 39 20 10 29 32 19 27 22 9 31 1 35 40 11 13 31 13 48 40 47 24 4 11 
47 8 22 5 1 44 9 1 18 14 46 1 25 7 3 46 33 10 2 9 50 42 10 28 3 47 0 46 3 24 24 37 20 36 10 14 22 10 15 27 28 50 30 34 22 44 11 38 25 10 3 7 37 23 46 11 
5 49 45 2 4 49 7 28 44 27 27 16 16 43 31 36 19 33 24 10 21 8 38 34 43 9 21 0 43 21 17 50 47 40 49 10 24 16 13 23 30 43 2 40 46 18 46 23 32 29 18 39 4 49 36 41 
48 11 12 9 46 28 15 8 28 28 30 26 17 34 8 21 6 11 44 17 19 18 43 16 48 36 40 14 0 3 29 46 49 4 9 13 13 4 4 28 3 29 45 13 19 39 20 7 49 22 48 33 44 6 20 23 
30 19 47 12 10 39 1 5 49 32 32 22 9 22 46 17 3 33 42 38 25 6 25 27 28 30 41 43 6 0 46 3 43 35 36 33 44 8 43 18 14 28 40 15 37 8 49 48 27 26 31 31 11 14 32 49 
24 45 20 34 31 48 9 49 3 30 39 37 23 39 2 10 10 16 28 11 35 41 38 20 30 32 14 17 26 16 0 42 30 3 38 10 49 38 10 38 16 20 41 12 8 20 12 25 39 25 22 22 46 36 22 14 
33 8 50 4 49 35 43 24 38 39 10 35 36 30 3 22 1 28 13 42 44 30 31 1 18 7 26 43 5 45 46 0 44 32 24 27 42 38 6 39 32 28 18 25 20 10 28 40 10 22 50 21 18 24 31 21 
4 27 50 37 43 9 50 20 43 43 16 4 12 4 12 34 45 40 31 15 27 5 12 41 41 18 16 22 5 24 28 20 0 1 4 23 15 39 20 47 24 28 48 32 27 45 25 28 7 10 17 27 29 44 17 44 
49 16 10 46 25 43 29 15 20 15 46 3 8 31 47 46 26 43 8 37 29 23 35 46 17 40 10 12 39 48 50 27 35 0 11 24 50 30 24 22 31 49 33 13 13 49 22 21 26 14 22 1 36 37 30 15 
27 32 14 30 36 34 18 27 22 16 20 18 48 7 48 17 2 22 27 39 47 11 23 48 45 20 35 48 17 47 14 40 6 46 0 48 19 16 45 36 48 31 7 41 47 30 5 23 20 16 6 50 15 10 41 19 
16 9 17 36 17 50 20 10 26 2 30 13 2 9 30 1 8 36 30 8 40 20 26 18 41 47 15 32 12 48 50 31 15 28 32 0 10 50 9 19 49 11 47 16 46 1 42 21 11 37 5 42 29 30 33 29 
47 34 49 45 21 35 39 48 29 2 50 48 25 28 20 2 49 17 32 47 44 5 30 18 49 26 5 46 7 7 21 1 32 49 36 27 0 1 14 49 15 23 49 38 44 1 44 47 33 17 4 43 13 49 36 36 
43 4 32 47 45 30 43 42 22 32 49 17 26 42 44 1 36 18 18 25 45 18 37 17 6 30 22 29 4 15 9 3 46 14 44 23 20 0 18 4 35 30 8 16 13 3 28 21 42 24 3 8 45 31 12 41 
26 18 15 41 16 8 15 38 8 23 46 21 13 49 21 32 18 15 33 45 38 2 24 15 28 9 31 6 1 7 15 23 34 24 19 6 5 27 0 39 28 16 20 8 41 7 7 8 43 3 22 41 31 48 18 3 
24 44 1 14 7 27 10 38 1 8 24 37 40 31 16 27 41 26 6 30 18 45 34 8 21 2 39 4 29 17 35 25 17 21 45 13 5 14 32 0 1 6 33 7 33 33 20 19 12 37 46 50 5 43 39 35 
29 11 43 43 6 39 7 9 35 24 50 21 19 36 4 22 27 44 5 24 36 39 2 26 1 33 27 17 34 17 30 33 28 36 17 3 13 22 27 13 0 50 24 23 9 34 50 1 26 34 24 24 11 38 16 50 
41 9 17 42 24 12 40 26 18 44 18 43 33 20 2 9 5 18 43 24 13 16 43 43 2 33 2 33 10 44 20 45 13 37 26 44 46 31 4 2 10 0 49 5 15 16 7 18 7 33 15 20 44 46 42 37 
25 16 25 40 41 11 8 16 25 25 23 31 46 44 8 14 24 15 41 14 15 12 29 27 46 16 46 50 46 24 26 50 21 50 2 28 22 42 13 42 3 33 0 31 41 44 27 22 13 25 2 46 30 5 28 23 
14 38 48 45 26 15 8 21 1 50 23 10 46 43 31 42 33 2 50 12 32 31 39 33 19 44 34 25 44 29 47 46 43 28 38 40 24 47 37 27 45 12 31 0 42 22 17 26 20 45 10 13 28 5 17 42 
34 50 16 26 33 32 33 28 22 3 28 17 19 6 41 19 37 16 24 17 20 50 48 12 3 19 14 31 34 17 19 41 27 37 5 41 9 22 5 45 13 35 10 39 0 45 1 7 14 4 42 27 13 32 1 22 
34 3 5 24 14 19 3 44 6 34 38 41 33 2 1 11 16 12 29 5 35 41 9 18 3 12 50 27 42 40 7 9 27 15 21 38 4 48 41 27 10 42 4 5 7 0 10 25 13 4 32 12 1 3 46 37 
43 44 38 22 3 19 26 2 16 27 29 15 19 31 14 7 18 21 3 45 44 38 5 11 43 38 38 24 11 29 6 6 31 28 28 44 17 27 39 8 35 40 39 28 29 46 0 7 32 41 25 45 31 50 1 44 
6 40 28 29 15 32 3 41 38 21 23 34 41 3 20 41 41 32 46 11 4 49 27 33 47 32 6 34 36 35 26 7 31 35 23 4 40 48 25 27 33 49 1 7 6 13 16 0 30 21 35 4 49 5 41 40 
7 14 45 33 33 27 19 6 4 46 17 4 6 31 16 1 43 8 19 29 5 49 20 28 34 16 26 13 1 31 28 2 40 45 16 41 45 16 42 1 14 44 48 12 39 10 10 49 0 6 35 11 41 36 13 36 
9 44 18 49 17 1 6 5 23 19 16 14 12 16 25 6 28 17 19 15 12 1 9 39 25 6 28 8 17 20 37 16 28 10 7 48 27 18 25 1 8 40 26 44 23 46 49 34 31 0 29 34 25 18 48 25 
9 35 29 24 11 23 49 38 3 32 50 36 3 9 27 29 11 42 19 8 22 25 16 16 29 8 45 28 39 36 12 48 31 35 49 14 49 44 14 28 10 2 23 12 24 10 46 25 4 50 0 24 33 50 41 3 
34 20 14 46 4 29 22 50 18 21 3 6 18 11 14 31 17 28 41 48 21 3 5 43 19 12 20 24 39 13 29 49 40 33 15 44 35 49 11 50 39 2 6 42 21 5 29 15 40 19 7 0 5 9 43 32 
31 16 21 27 42 9 48 11 6 42 4 16 35 46 21 46 19 18 42 10 20 48 14 22 15 34 6 34 21 6 24 40 48 1 35 29 15 22 19 41 41 41 50 50 18 39 44 20 20 23 39 38 0 17 34 13 
34 3 49 12 9 4 15 41 1 18 14 19 34 11 43 32 47 49 2 20 29 48 14 5 26 40 36 15 48 17 37 24 15 39 1 26 17 11 11 37 27 1 50 33 4 21 10 9 28 42 42 39 16 0 14 35 
36 40 45 37 19 19 50 43 34 31 41 5 46 11 17 16 37 39 15 43 28 48 31 1 6 31 27 37 7 26 49 8 1 4 15 37 23 24 42 19 27 8 17 2 14 16 14 49 12 27 6 50 1 21 0 7 
39 9 44 31 38 42 14 37 9 33 33 5 42 46 30 44 13 47 47 17 21 31 29 37 41 17 29 26 31 21 49 8 30 48 27 29 29 44 4 28 13 22 9 20 32 11 23 4 33 34 43 3 4 5 37 0 
8 0 30 7 41 22 13 39 6 39 35 26 26 45 19 2 15 20 43 20 4 49 23 10 6 30 45 26 44 48 28 46 4 25 11 20 49 22 4 33 15 25 16 21 36 6 36 28 35 31 19 24 11 35 1 38 
36 21 0 2 12 28 38 45 9 11 39 22 1 34 50 3 44 17 11 6 30 34 2 25 50 44 17 41 13 29 5 36 19 25 24 34 28 21 43 6 27 30 7 11 47 35 35 45 36 28 26 7 50 30 22 5 
34 47 2 0 18 11 48 33 31 6 4 3 27 11 16 26 23 24 5 29 50 27 42 28 16 9 23 5 35 4 48 36 40 3 19 1 31 20 25 45 30 48 27 5 44 32 9 34 21 3 3 33 45 1 23 28 
42 20 36 9 0 39 44 49 27 8 18 14 24 42 15 45 4 50 11 50 3 1 37 35 35 1 39 35 32 1 15 41 39 31 42 9 12 35 16 7 36 49 50 48 26 19 36 42 6 8 50 34 35 2 20 28 
6 35 1 9 1 0 9 17 27 43 28 25 43 1 6 33 19 34 4 14 4 1 40 10 17 15 47 30 25 1 32 6 38 11 14 4 28 34 8 7 28 33 24 5 48 44 43 41 50 26 31 1 31 39 17 27 
16 26 35 44 4 30 0 43 26 12 22 38 33 38 2 6 36 27 48 37 22 27 35 12 23 23 6 30 49 20 32 25 50 45 37 39 2 49 14 3 49 41 49 44 27 7 10 4 48 20 46 24 34 2 46 1 
32 14 12 21 48 50 44 0 6 31 47 39 38 1 14 4 37 14 45 39 32 29 41 36 17 13 3 33 30 25 8 42 48 50 37 7 38 38 43 6 49 47 44 14 30 18 23 4 34 17 9 11 39 14 15 22 
41 29 45 9 45 18 15 31 0 23 5 42 39 14 7 16 50 21 39 40 35 36 28 7 50 41 50 49 14 16 47 4 34 36 16 17 10 43 35 11 32 33 13 41 25 27 34 40 27 1 10 40 50 25 30 37 
13 23 46 18 46 19 2 15 26 0 2 9 4 49 41 7 8 37 29 9 3 24 38 32 23 8 10 22 14 7 7 5 9 6 29 4 37 47 17 15 13 32 48 15 23 19 30 42 37 44 3 4 22 17 28 14 
26 41 24 10 37 47 39 9 20 48 0 50 49 20 37 20 11 20 14 46 21 26 23 10 5 28 18 36 20 5 4 33 43 28 16 29 47 24 7 29 17 44 39 46 26 20 32 22 1 24 42 34 8 21 7 38 
4 32 19 33 19 12 19 5 16 15 7 0 21 5 9 24 38 13 35 30 28 37 27 34 36 47 47 36 47 13 21 25 22 21 28 25 15 5 25 10 5 25 35 31 11 13 11 18 42 50 4 21 23 42 30 1 
27 48 33 37 23 26 23 42 46 40 35 50 0 27 34 10 33 39 26 25 3 3 47 24 24 36 29 44 47 10 50 2 31 42 27 49 17 23 39 37 29 3 44 36 21 28 12 42 9 41 22 33 48 17 27 49 
31 25 10 1 45 33 26 33 46 39 5 8 50 0 35 43 11 50 39 46 1 10 11 3 46 24 38 35 7 38 17 5 14 16 29 19 43 13 38 43 47 28 11 40 33 24 4 42 24 48 11 34 9 21 27 40 
20 22 15 27 7 48 19 45 29 34 41 43 22 17 0 1 49 12 46 50 24 49 22 21 22 21 46 11 9 28 34 46 44 40 39 49 21 48 11 36 49 9 17 12 49 34 11 21 8 48 13 22 13 22 3 42 
49 2 44 7 12 38 10 18 45 39 48 4 33 19 30 0 1 1 11 1 15 32 10 22 38 10 25 4 12 16 13 33 22 37 47 1 19 5 5 25 12 49 50 17 11 37 8 38 40 19 12 21 3 21 39 10 
39 31 6 47 38 34 49 3 33 6 26 17 37 18 11 47 0 46 36 40 16 33 44 11 2 3 37 15 44 4 42 30 1 48 37 13 39 50 9 38 29 1 48 35 6 11 41 2 22 8 16 25 18 32 23 28 
45 21 4 45 1 20 6 49 42 27 25 19 50 6 23 47 38 0 49 12 16 36 10 6 41 12 36 43 36 39 17 13 20 26 10 18 19 46 14 37 9 46 49 43 29 37 22 3 17 36 19 38 19 21 7 42 
36 15 14 33 16 27 20 11 25 14 6 44 40 38 4 1 25 13 0 3 21 38 17 27 5 40 33 27 1 20 30 45 49 19 19 33 4 33 31 22 33 26 39 19 16 31 29 14 29 32 18 14 6 19 36 5 
20 39 10 44 33 1 19 41 46 20 7 25 21 6 1 19 44 41 20 0 46 49 49 12 24 12 20 48 19 2 17 39 31 33 15 13 16 24 38 39 33 7 48 23 47 25 4 43 24 32 50 20 16 49 41 6 
22 27 36 33 14 3 50 40 30 31 26 42 7 43 35 46 6 2 38 39 0 2 26 15 50 8 27 25 38 3 47 24 33 43 9 42 39 38 6 26 30 8 8 44 16 49 12 36 31 47 5 15 14 11 3 4 
46 12 37 25 37 29 13 38 34 8 44 50 48 1 46 8 50 26 9 31 44 0 33 50 1 46 42 44 41 48 32 10 22 40 5 47 27 2 32 40 1 45 21 10 9 6 13 39 30 1 47 15 38 3 22 11 
14 13 37 30 46 35 22 40 2 48 22 11 43 5 20 7 19 37 8 36 24 23 0 42 46 34 3 15 40 2 17 23 20 18 45 34 15 15 3 45 17 24 31 8 11 34 2 46 25 32 41 46 2 45 36 37 
41 22 42 46 43 21 32 39 36 25 3 44 49 22 6 42 17 42 42 13 43 16 31 0 12 32 8 40 9 11 22 22 25 32 8 44 43 24 7 3 46 43 43 23 36 31 9 47 4 27 50 30 11 3 24 45 
25 41 30 15 35 31 24 28 14 4 28 12 41 29 13 18 11 39 46 21 50 43 46 31 0 23 11 37 32 12 42 11 23 9 14 19 3 45 43 19 15 19 16 9 32 4 48 7 25 15 32 19 22 7 4 46 
32 46 49 42 24 45 42 16 23 43 6 4 28 11 10 23 19 20 32 2 35 35 14 28 26 0 5 12 18 30 23 40 16 6 19 37 8 47 1 45 21 28 50 37 40 49 45 29 15 5 10 1 2 26 2 11 
48 32 21 16 19 33 24 36 50 4 41 48 10 24 3 27 18 26 11 24 35 48 25 30 32 26 0 47 13 21 23 38 40 4 8 39 26 26 36 26 38 5 14 38 36 8 47 20 42 3 34 33 27 16 28 27 
50 8 42 35 44 37 11 16 27 17 1 45 3 35 27 1 33 50 24 20 21 11 39 22 36 7 6 0 11 38 40 11 24 26 31 39 18 34 1 33 2 44 49 11 19 8 2 18 7 27 33 1 28 43 9 6 
40 19 21 49 38 32 1 28 38 7 27 19 22 47 9 17 32 17 22 26 23 1 21 15 34 39 50 35 0 6 40 33 32 18 25 50 49 14 3 46 21 44 22 24 13 31 34 46 11 18 16 19 12 21 33 34 
39 49 7 16 49 32 16 23 48 25 46 2 47 47 10 4 30 22 2 33 2 28 9 35 1 44 40 18 40 0 21 22 12 35 42 12 1 7 37 47 39 28 49 26 38 35 32 49 14 8 13 39 41 19 50 33 
11 41 23 16 6 43 49 34 28 4 34 17 6 36 10 47 44 25 14 5 3 3 21 50 19 45 26 10 27 33 0 31 44 35 10 1 10 35 22 42 46 30 16 49 35 2 16 44 29 48 16 46 16 5 45 30 
9 21 23 48 11 18 39 7 45 23 41 32 47 35 50 12 23 33 19 26 38 5 36 48 3 1 47 12 11 37 16 0 39 41 30 42 40 12 24 31 28 41 9 4 13 12 34 48 44 49 5 24 34 36 19 43 
5 35 26 45 10 21 28 46 9 8 2 42 17 44 11 50 49 2 42 36 29 2 23 37 20 4 4 14 7 13 33 4 0 22 37 38 5 37 30 21 7 14 14 45 6 10 43 31 1 38 5 26 32 45 34 15 
4 13 39 26 7 18 14 39 46 25 49 21 30 6 6 13 20 32 35 23 15 7 18 28 27 23 4 27 2 38 2 9 39 0 23 35 43 49 4 15 40 50 25 49 31 12 22 2 45 32 42 6 1 11 11 50 
47 46 11 49 35 15 37 38 8 24 40 33 8 22 14 15 16 17 45 23 41 8 37 17 5 22 9 45 11 32 1 49 28 24 0 38 48 38 5 30 26 14 38 41 7 22 40 45 23 19 28 40 34 16 38 9 
40 9 45 44 14 6 43 27 27 23 42 5 34 35 17 27 12 38 20 10 4 17 30 45 16 28 37 27 34 43 18 34 41 15 49 0 39 43 11 17 21 21 11 15 34 31 36 11 38 2 1 29 46 46 28 6 
23 30 1 29 37 19 17 44 34 6 9 14 20 37 28 35 1 22 50 40 43 2 46 15 30 17 49 25 33 14 23 38 13 9 26 10 0 43 32 31 2 5 17 32 29 23 23 42 2 25 17 28 25 47 39 14 
21 34 37 50 20 21 43 12 20 34 21 1 11 11 19 43 19 41 48 35 26 21 17 42 7 26 47 50 17 37 48 41 25 46 6 26 6 0 33 11 32 13 6 12 46 2 22 32 42 6 24 10 34 50 4 38 
50 17 45 43 45 24 43 45 34 36 31 27 15 5 43 37 37 31 16 23 20 10 22 41 36 45 6 45 43 28 14 42 21 8 6 10 11 40 0 17 9 21 12 28 10 22 45 17 37 14 38 23 4 34 32 18 
40 46 5 8 1 19 49 2 7 23 40 7 8 49 34 26 47 14 8 3 9 33 12 20 41 28 19 31 6 5 10 8 40 41 17 14 7 33 17 0 40 23 10 21 38 32 39 10 39 31 12 26 40 26 30 9 
8 35 36 17 23 1 18 46 3 13 32 18 18 33 20 20 15 48 18 31 50 12 24 38 2 19 30 1 45 29 21 33 10 32 9 30 21 17 44 40 0 5 14 19 25 1 22 43 6 11 42 12 43 8 49 10 
46 11 48 15 4 21 18 2 24 43 50 8 37 24 41 49 49 4 28 26 36 44 49 37 31 27 24 40 3 17 29 25 12 22 13 19 24 2 41 20 38 0 13 45 33 2 15 6 32 21 43 14 39 30 24 25 
3 12 11 35 28 47 28 49 8 15 25 47 15 12 22 26 47 14 9 38 23 49 17 36 17 21 43 19 11 3 40 45 38 47 11 8 13 18 14 23 10 15 0 38 19 27 18 42 21 50 17 18 25 22 36 2 
4 46 26 18 7 5 9 39 5 25 31 9 19 2 14 14 30 1 36 29 9 12 48 10 49 30 22 20 44 36 15 23 2 45 7 12 37 50 7 19 1 26 33 0 45 47 10 23 20 36 4 38 25 36 8 44 
43 49 17 20 27 33 40 45 20 10 8 8 24 45 3 27 30 44 17 28 33 29 4 14 40 7 3 34 40 48 41 37 45 2 14 14 21 31 30 36 12 32 14 35 0 39 2 49 25 34 27 9 31 19 31 11 
15 45 4 30 20 31 6 5 22 20 21 14 23 32 39 6 49 14 32 16 2 15 19 25 38 9 28 1 14 40 10 19 14 42 49 19 18 2 10 6 6 27 43 16 18 0 39 27 44 45 21 10 18 38 15 9 
50 26 29 43 12 4 5 42 33 11 3 50 32 33 21 39 48 5 26 11 26 23 4 7 49 33 35 7 43 30 43 31 49 33 50 43 39 10 49 3 1 35 10 5 16 40 0 45 11 25 33 12 13 13 5 34 
28 23 22 44 30 19 49 50 4 19 23 1 50 34 28 50 39 7 24 10 41 13 49 42 10 38 24 33 11 18 30 18 45 49 22 21 18 16 19 34 3 36 7 37 43 39 46 0 28 47 33 24 7 39 46 43 
15 24 31 35 43 45 16 39 36 39 5 7 1 13 7 33 24 38 40 7 5 7 12 49 21 43 47 36 28 45 23 30 49 7 7 48 37 32 27 39 37 48 22 49 39 33 46 16 0 41 1 50 19 49 39 39 
9 12 33 15 1 49 31 12 41 16 26 8 45 6 10 46 42 12 2 20 8 35 14 11 39 47 32 46 27 45 4 31 10 18 48 36 5 18 27 41 7 36 31 33 13 25 2 10 31 0 5 8 8 48 19 31 
24 49 22 26 4 17 35 35 46 12 45 49 27 8 25 42 25 36 11 14 23 5 32 48 14 46 23 15 23 37 47 34 42 38 25 38 33 42 23 24 23 2 36 21 18 27 25 2 7 14 0 34 23 37 6 9 
20 18 24 13 8 45 20 12 9 16 12 8 40 34 37 9 34 13 37 41 21 20 11 30 38 21 21 9 10 4 25 47 36 29 5 21 9 30 15 30 3 40 27 6 7 20 36 18 20 5 50 0 10 50 16 38 
1 7 45 25 38 25 12 3 6 42 15 22 11 30 17 50 5 48 8 39 32 43 6 24 19 36 3 39 6 4 15 47 21 42 4 14 15 5 28 5 41 37 22 15 42 48 26 39 4 5 46 13 0 42 27 7 
8 2 21 6 2 23 24 48 2 27 18 2 20 26 4 35 50 20 3 49 45 22 41 32 22 11 14 35 1 9 3 6 44 35 47 12 45 49 27 33 17 40 20 38 24 46 6 14 1 20 46 43 40 0 29 12 
37 11 39 35 42 9 40 48 43 25 13 9 35 30 42 41 1 44 21 32 6 2 4 9 27 5 1 35 31 13 10 16 15 24 10 2 6 15 35 25 28 43 28 14 11 37 22 34 10 30 45 50 19 47 0 6 
35 8 31 9 38 8 5 17 30 15 47 44 11 20 40 36 37 10 46 5 14 25 41 48 40 34 17 25 2 19 11 48 19 18 26 45 25 7 47 17 23 26 48 49 14 44 11 15 20 44 9 40 23 43 43 0 
11 0 18 33 19 5 42 30 16 12 5 50 26 44 45 46 11 31 13 30 32 38 28 42 35 47 23 3 6 8 11 21 25 26 25 16 28 43 38 43 26 43 11 36 45 14 18 18 20 24 33 29 28 44 12 6 
33 26 0 49 23 32 39 25 8 2 34 26 1 19 30 19 19 43 20 5 39 28 42 48 21 29 6 34 32 25 33 44 31 14 20 33 2 45 15 12 38 19 3 35 11 39 18 50 41 6 15 36 8 40 23 29 
41 29 28 0 45 27 5 43 33 20 41 45 37 49 48 18 25 28 9 17 21 25 8 38 33 11 7 44 27 11 47 36 42 42 41 42 24 17 21 36 33 26 20 15 20 44 32 1 43 39 40 8 49 23 2 4 
34 42 46 35 0 20 12 17 23 23 6 4 45 8 6 44 9 8 24 35 46 5 44 18 40 30 6 1 39 21 40 37 19 40 37 9 33 21 37 16 21 9 48 42 15 40 37 43 37 45 32 50 25 38 7 50 
41 24 7 5 15 0 12 29 2 34 19 36 6 21 48 12 38 22 9 15 37 8 2 4 50 43 13 14 44 39 40 12 31 33 38 19 9 15 32 1 9 31 46 9 46 5 31 22 40 33 45 28 17 24 21 42 
39 20 7 13 2 49 0 35 14 44 7 5 24 33 30 3 23 41 8 6 6 13 43 9 46 13 41 25 12 45 12 46 7 12 47 30 40 8 19 50 11 47 32 15 39 50 8 40 10 31 22 38 9 19 16 29 
47 12 12 1 11 24 24 0 19 32 12 48 12 37 1 14 16 22 9 45 10 31 28 20 46 5 2 15 31 24 25 37 39 47 19 33 28 46 19 39 38 23 14 34 28 2 47 3 9 17 6 16 1 24 6 48 
19 42 16 46 9 10 43 46 0 8 25 10 15 18 18 37 20 3 20 8 37 18 45 43 44 8 49 7 15 18 10 37 15 42 21 14 36 30 24 30 29 31 18 27 3 43 33 36 41 31 37 13 31 17 19 30 
25 50 22 38 10 3 28 29 48 0 38 45 24 47 5 1 40 30 41 30 7 1 19 40 2 26 14 16 34 32 47 7 49 23 42 40 36 8 36 20 26 3 39 29 15 48 10 39 37 31 47 33 41 38 13 30 
7 11 21 13 47 38 45 48 2 32 0 47 1 6 15 15 32 45 21 5 5 12 41 25 4 17 26 29 4 35 14 16 12 11 13 34 26 38 24 24 38 9 42 27 34 2 9 33 23 16 15 39 20 33 8 18 
16 36 18 46 21 10 41 14 38 17 36 0 41 44 32 39 45 22 47 17 47 21 14 42 3 9 43 7 39 21 26 46 29 3 45 18 41 21 28 4 29 19 29 40 18 17 19 40 41 27 21 18 24 16 12 47 
3 44 16 38 28 3 2 43 13 21 8 38 0 49 14 49 25 44 44 39 28 43 25 25 36 40 4 16 12 50 8 23 13 41 48 16 47 6 41 26 26 17 36 27 47 10 31 42 27 28 46 25 30 27 35 5 
28 20 30 48 25 37 40 43 5 48 45 48 1 0 49 3 20 3 19 14 12 8 48 28 27 10 13 40 34 5 34 44 36 7 44 38 27 26 44 1 39 27 43 23 50 15 34 41 29 26 27 23 11 14 23 48 
31 42 3 39 13 48 7 39 22 5 10 42 8 11 0 26 44 10 18 26 35 16 26 29 13 27 22 11 9 28 12 33 23 34 47 8 36 24 5 39 41 21 4 1 46 6 42 34 18 50 34 13 44 39 38 32 
5 14 40 13 42 38 48 12 11 22 37 8 11 4 41 0 20 5 29 35 15 12 25 33 8 35 38 44 9 45 49 39 34 46 15 3 22 34 43 48 4 23 43 41 24 19 35 24 15 10 14 9 15 4 24 21 
31 31 33 28 4 45 40 17 12 33 3 12 46 1 20 37 0 12 32 32 42 20 34 9 40 50 15 29 49 31 40 25 31 22 45 23 41 1 15 45 10 34 26 30 42 16 23 28 14 41 28 47 33 23 33 1 
47 23 44 28 39 16 41 37 23 9 23 40 2 29 29 36 47 0 38 22 9 45 5 18 24 28 38 16 9 4 43 42 8 40 45 26 19 8 37 6 44 43 39 7 33 43 33 26 36 13 43 1 46 1 25 7 
43 5 20 1 1 1 33 33 30 18 15 1 8 4 11 28 10 32 0 28 17 6 48 35 32 45 12 31 47 12 43 46 8 16 38 33 14 38 37 5 44 10 7 28 16 28 33 19 33 2 15 41 15 23 9 1 
46 20 39 7 40 21 37 22 37 22 8 36 20 21 47 41 24 27 35 0 7 50 20 20 4 12 43 49 45 47 2 32 35 7 38 38 45 49 30 16 24 23 35 41 45 21 47 50 12 6 25 18 38 39 2 2 
26 1 36 45 47 23 43 26 36 41 24 29 32 33 3 42 45 11 11 34 0 16 30 25 33 16 44 37 39 23 35 44 46 6 37 13 44 14 35 20 2 31 10 6 5 48 19 18 29 4 33 23 28 29 19 37 
47 26 3 30 3 36 4 3 1 47 28 24 46 21 9 28 11 42 9 3 7 0 24 21 36 47 27 8 36 40 13 17 18 38 50 16 18 12 5 17 17 28 7 6 8 21 45 22 9 45 6 13 36 20 16 31 
23 5 17 33 27 28 19 14 39 31 10 37 46 5 41 17 6 25 43 26 50 19 0 14 16 3 5 50 41 35 50 31 49 23 20 44 14 45 22 41 39 9 43 17 28 11 9 26 4 5 39 7 11 27 40 31 
5 42 2 31 22 29 29 30 39 50 11 15 27 12 28 23 35 35 5 18 8 2 36 0 5 44 29 47 36 46 43 21 22 33 40 39 22 44 41 19 11 30 14 29 29 50 45 50 42 27 17 23 26 23 22 23 
3 6 47 38 43 32 43 34 46 30 40 32 37 23 6 29 44 17 45 38 44 24 8 5 0 49 30 5 10 30 21 45 49 11 17 37 17 47 3 26 29 38 30 33 49 11 14 14 19 21 38 29 10 29 35 30 
30 48 42 40 14 27 34 5 26 35 41 21 20 37 40 33 41 42 16 1 14 42 9 45 36 0 17 37 39 42 42 36 21 27 38 8 19 5 14 12 2 5 26 8 15 20 43 44 33 32 6 38 18 13 35 16 
38 39 48 4 48 41 45 13 34 50 21 45 33 30 21 28 28 30 15 47 39 35 45 25 43 23 0 4 7 37 4 18 8 43 23 20 30 7 10 15 11 10 14 24 15 49 49 12 4 11 29 11 39 49 39 28 
4 44 24 12 26 37 38 27 31 33 13 2 11 10 41 21 18 16 4 37 26 11 31 26 45 12 1 0 47 9 43 29 10 5 45 16 37 34 49 40 24 22 37 44 32 37 47 2 44 20 8 44 24 45 2 3 
44 14 48 18 15 37 42 19 38 4 4 48 16 45 5 37 20 27 30 16 39 18 49 40 48 10 8 27 0 1 50 6 16 4 43 23 23 37 32 25 38 30 19 7 28 33 50 36 50 15 22 24 47 15 37 14 
26 16 8 20 5 29 15 18 38 49 38 45 23 22 33 1 38 2 43 36 21 12 21 7 49 25 9 12 30 0 27 9 1 17 30 47 8 29 12 21 9 16 1 19 30 46 5 13 28 33 22 36 46 23 1 44 
15 45 2 22 31 21 3 39 12 40 37 28 44 25 26 22 27 31 34 21 20 43 41 12 44 12 31 30 9 41 0 14 29 17 36 33 13 28 41 41 38 13 13 8 41 9 28 20 4 8 50 10 15 39 31 25 
22 4 40 28 20 41 24 31 22 27 9 12 9 42 13 44 36 41 46 8 8 35 1 4 16 42 28 22 9 31 50 0 41 36 12 11 9 39 13 22 48 39 32 37 14 50 17 11 12 45 7 25 24 44 24 17 
38 3 37 13 28 14 2 23 41 27 19 26 48 32 5 6 23 20 49 19 26 49 37 4 50 31 16 28 3 6 26 48 0 13 45 24 6 2 1 45 35 38 10 46 38 32 41 14 30 41 1 2 5 45 5 42 
39 17 33 13 47 48 25 20 35 2 21 14 3 8 49 4 22 26 14 32 17 3 50 22 10 18 37 37 2 5 21 3 8 0 4 35 40 20 39 49 37 13 40 12 36 11 27 11 23 43 47 30 30 32 23 25 
37 17 12 3 29 12 38 19 31 31 19 6 50 24 9 35 34 27 28 19 27 41 15 11 33 7 15 45 5 25 42 22 36 29 0 49 24 9 36 20 26 25 22 31 6 43 21 12 49 34 13 47 3 4 4 49 
46 3 1 20 23 48 44 14 6 39 48 21 22 26 36 27 49 8 2 44 6 11 9 19 13 45 16 11 43 29 40 18 32 31 3 0 21 8 16 47 29 32 8 26 17 45 1 41 24 49 37 49 45 3 10 43 
36 44 32 8 28 32 33 22 28 50 31 40 41 23 15 19 33 12 24 13 49 35 43 25 12 5 42 13 6 31 45 15 22 38 17 28 0 27 8 19 47 49 36 48 17 14 12 50 1 34 19 16 34 29 48 45 
1 1 8 47 24 41 21 16 48 6 16 18 4 7 38 43 25 43 28 15 13 38 27 11 1 6 41 30 38 15 12 37 25 44 17 27 19 0 12 46 6 29 21 1 11 49 44 47 45 47 26 41 41 2 34 33 
14 25 48 46 19 50 41 28 33 45 30 44 10 41 11 24 14 48 22 36 42 37 16 13 7 9 46 33 12 25 21 35 42 12 3 2 22 17 0 28 7 38 43 19 17 19 1 37 5 37 3 28 43 31 48 41 
27 10 36 40 10 5 8 16 9 24 46 3 49 38 9 3 47 21 15 49 50 19 49 44 7 23 41 47 10 47 29 4 44 22 27 43 36 28 19 0 2 30 28 10 44 24 49 39 18 28 50 31 23 16 50 42 
8 11 42 33 38 14 12 6 12 46 42 9 28 11 17 17 20 3 13 19 22 9 6 21 8 34 24 20 11 16 6 38 45 30 19 32 44 45 31 39 0 19 22 49 48 32 41 11 7 12 33 11 21 3 31 20 
49 5 22 26 4 41 42 46 47 41 5 14 48 43 35 24 26 22 25 1 1 11 9 39 18 23 17 9 28 5 35 35 15 11 21 27 23 19 28 49 27 0 26 3 8 28 27 14 15 27 10 35 50 29 31 19 
39 47 34 9 31 24 34 18 42 6 20 50 37 23 8 1 8 45 27 24 25 9 1 12 41 10 3 32 19 20 36 6 35 42 32 31 39 11 47 25 44 9 0 12 2 8 28 27 43 20 9 28 6 3 7 45 
30 46 22 19 22 22 3 49 22 21 15 16 46 41 28 13 48 48 2 31 17 48 49 5 13 33 10 12 11 43 30 4 28 48 3 35 17 43 25 3 41 10 40 0 32 44 13 32 3 43 47 31 8 2 27 29 
33 48 18 6 39 12 41 39 29 41 11 38 49 38 43 46 5 24 49 40 7 8 18 12 1 2 8 20 14 12 23 3 2 19 20 38 50 37 36 41 1 21 11 41 0 33 25 33 15 50 2 26 35 3 37 22 
25 30 7 6 38 5 21 25 18 18 9 37 30 18 6 46 19 38 8 40 36 47 27 29 26 19 44 21 13 36 39 50 15 48 46 8 44 32 49 37 30 46 44 23 24 0 38 4 47 44 6 8 47 46 47 36 
29 3 28 30 19 12 1 13 32 30 10 23 33 23 48 3 37 40 21 11 40 3 5 6 39 16 47 27 8 29 42 4 19 12 17 6 16 3 30 25 29 34 12 44 15 16 0 22 24 47 3 21 8 25 37 46 
26 49 23 42 4 16 25 5 4 38 6 5 21 6 43 38 35 10 47 33 7 42 11 41 23 45 23 30 5 8 35 30 32 16 42 7 44 12 26 10 4 29 9 6 9 12 1 0 19 4 16 36 48 29 4 40 
35 38 32 19 10 43 45 1 46 4 26 23 6 15 37 44 24 34 37 29 28 33 5 33 12 45 5 27 40 23 37 2 28 26 8 19 13 43 17 18 9 29 14 3 34 40 45 4 0 18 22 13 15 42 26 13 
2 34 50 8 16 38 19 12 24 17 25 45 30 7 18 32 31 18 19 20 50 20 3 49 23 50 1 9 18 10 23 10 3 14 6 36 13 36 1 30 40 18 40 36 9 45 15 48 1 0 40 32 47 24 6 13 
33 32 1 35 16 37 11 44 14 45 16 43 17 1 33 19 45 17 39 31 33 30 17 41 28 35 4 8 28 28 26 37 47 2 24 5 13 2 36 44 30 24 27 42 44 3 49 47 19 21 0 38 31 35 26 31 
3 16 11 8 31 34 3 16 36 19 29 46 16 28 28 7 44 32 46 1 10 4 25 47 25 37 8 40 7 41 46 2 22 21 21 40 3 44 5 10 27 8 41 24 15 8 34 19 41 15 44 0 49 39 25 22 
50 41 14 33 45 27 13 10 46 23 28 24 45 8 39 5 1 28 37 25 2 14 2 32 18 4 39 50 43 48 48 13 47 50 21 49 39 11 10 34 14 49 46 1 38 35 39 12 2 10 44 22 0 3 1 20 
37 40 32 16 41 38 14 17 48 26 15 27 46 37 41 17 40 18 3 11 4 18 1 45 34 15 28 49 33 4 26 11 47 30 35 9 7 46 19 47 1 32 48 25 23 8 44 26 11 44 4 5 1 0 41 16 
19 40 38 33 27 11 15 34 44 1 5 31 16 2 32 10 45 49 7 10 22 21 26 22 26 22 3 38 40 50 22 11 7 15 17 20 20 14 43 36 36 49 4 25 19 28 29 24 30 34 10 6 44 31 0 45 
49 14 16 7 5 9 28 44 44 29 45 25 2 36 12 41 31 6 21 25 24 17 1 3 49 43 29 9 6 40 16 17 26 20 18 7 4 7 38 28 8 5 10 46 25 4 28 38 18 44 30 1 24 7 21 0 
32 0 13 13 8 13 30 20 39 4 14 28 49 32 18 6 37 25 18 43 17 19 8 6 29 46 16 41 41 12 11 15 43 20 50 37 44 41 49 26 49 39 16 6 33 47 5 47 21 13 7 5 33 31 41 2 
25 8 0 35 13 47 39 29 27 43 49 36 29 32 31 12 47 26 42 45 28 3 2 24 32 41 19 21 29 6 7 33 12 30 48 13 37 7 37 29 10 10 40 14 34 12 27 15 40 1 11 29 42 37 13 50 
24 35 3 0 22 29 18 1 22 37 17 24 50 35 19 25 40 40 13 35 19 14 38 40 21 15 5 32 28 45 28 41 26 17 49 40 3 5 15 1 42 10 19 27 17 38 27 30 21 26 22 40 29 2 45 36 
36 45 32 8 0 24 37 23 27 9 26 48 33 37 29 23 36 26 13 44 9 46 12 23 33 39 25 11 3 24 39 13 24 23 13 5 9 23 7 27 6 37 42 18 42 41 44 43 42 4 36 15 16 9 36 40 
24 22 50 20 50 0 26 21 3 21 14 25 11 25 25 14 13 19 36 39 23 4 44 32 43 45 32 20 49 39 24 47 16 38 23 31 37 24 38 28 30 17 39 48 29 16 34 19 17 41 23 47 31 21 14 37 
31 41 7 25 18 7 0 22 15 47 17 9 23 2 45 28 40 31 9 9 6 15 47 4 27 11 13 3 9 16 28 17 46 25 37 50 47 17 13 11 24 46 25 1 12 8 11 18 23 13 34 16 23 12 9 22 
35 38 30 15 5 5 14 0 50 19 50 14 49 15 45 31 23 18 48 36 11 41 47 42 20 50 46 30 46 33 13 45 34 16 16 16 10 37 49 6 19 32 25 32 13 44 13 3 28 32 11 48 25 27 48 31 
39 46 11 15 10 25 18 17 0 7 6 31 33 50 30 22 36 20 43 17 29 16 15 29 26 38 43 3 14 23 15 21 8 19 35 28 14 27 35 47 45 15 8 25 8 14 30 4 48 10 25 29 33 11 20 15 
24 18 35 27 17 22 4 45 42 0 35 24 15 15 3 9 10 36 46 22 15 8 40 22 12 9 40 5 4 48 37 39 48 49 21 4 47 42 8 31 23 11 14 34 23 41 15 39 46 1 15 43 37 39 6 7 
35 46 24 18 27 18 1 47 6 47 0 27 17 45 49 13 18 28 15 49 5 45 7 50 22 45 2 9 3 33 44 2 9 44 14 20 1 19 40 4 6 11 17 29 27 15 49 44 48 39 47 16 22 40 2 13 
28 47 2 24 26 9 48 15 12 45 18 0 24 32 29 13 50 38 11 44 44 29 29 23 7 46 8 12 15 36 29 30 20 42 2 42 5 17 16 29 47 13 3 18 32 48 26 13 19 26 48 28 11 46 8 34 
50 24 46 29 18 48 33 29 33 15 49 32 0 31 37 8 34 22 33 47 32 27 11 42 10 21 46 43 39 39 1 19 24 35 18 43 32 22 38 11 49 31 25 35 17 50 44 33 32 19 15 6 29 50 27 7 
39 32 36 8 23 6 44 40 32 47 25 47 13 0 45 26 12 34 22 48 1 3 27 25 11 27 13 11 21 25 45 41 25 9 11 4 50 36 31 39 44 38 35 3 21 25 48 20 38 43 3 23 8 2 26 5 
13 7 26 31 10 45 24 16 37 6 1 39 2 42 0 26 27 4 34 5 14 18 24 5 37 30 43 24 28 22 23 34 24 33 7 42 43 10 1 29 49 14 20 16 15 24 10 19 46 17 27 20 24 47 13 38 
39 3 40 1 17 22 46 44 15 23 28 6 46 1 34 0 17 3 5 6 50 49 9 40 13 21 25 28 12 46 4 10 27 21 20 3 40 21 50 13 28 19 26 2 42 47 4 24 46 34 10 17 20 42 13 40 
31 14 28 30 43 44 35 48 11 14 2 36 27 48 44 47 0 3 43 29 31 23 7 48 17 18 1 33 28 37 38 40 35 8 31 23 27 44 20 20 35 35 29 42 29 45 19 48 49 41 13 14 27 14 33 17 
25 17 11 13 42 11 7 12 24 24 17 28 47 25 18 4 34 0 23 45 47 45 15 19 22 49 4 35 38 24 24 14 22 26 14 49 10 33 7 29 24 28 17 19 5 29 41 2 24 24 10 31 4 20 36 23 
10 48 40 14 38 27 20 38 50 11 45 3 33 27 8 22 27 45 0 21 20 28 47 15 44 9 3 12 14 15 43 10 3 40 41 40 12 43 44 42 47 8 29 19 45 34 38 19 48 16 38 5 10 49 17 46 
13 34 47 6 35 16 6 24 7 1 42 14 43 38 46 29 33 4 25 0 12 49 29 20 10 22 35 14 49 27 39 50 5 24 46 27 29 47 39 7 32 2 5 12 44 43 25 26 10 21 10 22 7 24 5 47 
35 14 37 34 1 2 8 48 19 2 38 40 48 11 17 32 45 47 44 11 0 45 18 27 18 48 9 4 28 18 18 43 31 19 49 43 16 11 5 6 30 44 8 43 43 5 35 29 50 4 28 27 10 31 45 3 
17 37 20 37 42 48 30 31 1 9 7 21 49 19 2 22 41 42 14 17 37 0 25 35 13 13 31 5 25 40 41 34 1 25 47 26 29 42 18 14 33 15 28 43 35 49 14 30 32 2 6 37 19 17 28 16 
43 3 7 24 12 43 6 41 11 25 7 47 3 43 24 31 23 28 32 3 10 33 0 1 14 50 1 24 24 34 5 15 34 47 31 34 26 35 45 2 40 10 37 32 10 43 18 28 39 29 26 14 41 36 26 7 
11 3 43 24 11 20 32 7 6 10 23 50 22 10 48 47 29 26 43 44 23 1 42 0 22 33 24 35 46 9 42 25 49 22 25 23 24 42 21 42 20 28 31 27 50 20 18 7 30 31 30 36 15 43 33 35 
10 11 22 42 38 36 37 49 15 36 25 29 47 37 24 5 8 35 24 16 43 24 43 2 0 15 18 5 15 30 6 11 6 39 41 14 14 21 30 5 34 42 33 13 14 46 40 10 43 8 25 28 30 20 17 43 
37 19 21 27 20 31 22 19 9 26 19 40 7 24 11 35 29 31 40 25 11 12 29 6 26 0 9 12 8 6 28 31 37 23 49 27 45 1 3 35 4 20 14 4 39 27 1 3 20 47 41 49 50 30 42 32 
25 41 15 2 12 19 15 14 31 45 33 18 9 47 17 35 27 46 37 6 47 9 40 30 25 6 0 43 11 15 30 31 7 31 17 3 5 37 2 24 35 5 1 23 44 45 33 45 24 31 7 23 5 44 37 36 
16 1 35 27 6 27 4 49 2 14 27 38 43 44 12 48 26 22 2 1 47 37 46 36 43 12 20 0 30 9 7 27 14 45 31 38 4 2 25 18 9 2 2 21 30 19 46 2 30 19 9 48 33 42 36 39 
30 5 50 35 45 7 24 40 46 38 13 44 12 7 9 47 1 4 44 50 46 16 16 18 47 10 41 12 0 1 9 45 22 9 43 9 50 2 41 24 2 28 13 26 43 6 3 41 23 11 12 47 29 49 36 44 
14 39 33 38 35 17 13 39 37 44 42 35 20 49 10 46 11 30 42 23 34 41 24 12 45 20 18 1 40 0 12 16 23 23 49 45 11 20 4 40 35 15 24 39 50 14 18 22 25 2 17 37 49 7 14 11 
23 16 21 43 16 50 13 49 25 28 19 12 21 4 49 26 8 41 8 8 10 3 24 49 27 49 43 50 24 26 0 17 17 9 39 23 46 49 11 25 35 3 25 14 22 46 6 1 22 3 41 30 8 50 7 1 
21 42 23 16 18 8 13 26 50 12 3 4 33 32 4 28 47 17 23 5 36 39 3 4 22 48 22 47 34 46 9 0 18 3 38 3 4 27 45 8 28 40 50 15 11 43 3 19 41 50 13 34 42 28 2 16 
32 40 19 45 20 36 17 43 5 3 36 1 45 30 50 2 2 10 45 16 36 25 42 11 19 29 32 47 21 13 18 40 0 1 22 21 15 8 1 38 43 23 7 11 9 8 2 24 12 50 12 32 33 33 37 30 
8 48 9 27 41 5 21 23 42 35 46 50 23 9 36 44 2 22 3 43 30 15 34 3 17 6 21 48 9 31 36 8 15 0 43 13 17 49 24 47 38 3 35 19 24 13 3 1 3 14 19 30 11 31 44 1 
44 14 6 10 36 35 24 14 12 50 39 36 31 46 19 45 28 25 15 40 45 46 11 41 15 5 18 34 41 1 25 27 21 42 0 20 4 44 15 12 4 30 21 7 24 24 18 21 7 45 24 3 36 17 4 7 
48 4 15 46 32 17 40 24 11 25 12 15 40 27 16 2 14 14 12 11 24 39 38 17 48 35 12 39 17 49 40 11 17 36 23 0 50 29 19 31 37 40 48 47 49 12 3 31 31 30 22 39 23 5 44 33 
9 17 48 49 47 6 2 7 13 36 2 48 5 5 16 23 46 33 25 21 27 43 39 5 45 4 31 10 46 10 18 6 24 3 14 34 0 31 20 34 32 39 41 35 14 11 6 27 26 14 49 44 40 31 23 7 
17 28 43 5 44 25 43 12 3 18 47 24 2 41 33 43 26 50 43 33 36 9 26 45 39 27 6 46 47 17 29 26 1 47 48 6 38 0 16 41 8 47 30 32 46 15 32 26 35 32 7 18 41 38 41 21 
8 3 49 16 17 20 47 15 36 40 22 24 5 44 27 5 11 10 36 36 6 27 30 31 7 2 21 15 41 50 39 38 11 27 40 4 40 50 0 24 39 1 15 47 6 44 9 22 42 6 2 8 32 3 5 15 
32 23 19 10 15 50 33 25 37 2 34 13 29 5 24 16 11 36 48 36 42 31 25 37 49 31 29 10 39 42 8 36 6 12 9 31 22 41 10 0 39 18 41 10 4 10 46 44 37 32 37 47 46 5 20 24 
1 49 32 11 35 21 24 37 46 45 49 8 17 46 43 44 21 27 9 18 2 22 21 28 3 38 42 28 2 45 12 31 37 38 8 32 40 30 25 19 0 45 4 15 10 12 39 27 42 40 43 27 20 46 2 23 
30 29 5 9 48 29 46 36 1 34 18 22 30 38 11 5 41 2 41 24 48 8 11 17 14 11 1 38 9 18 42 35 35 15 29 4 36 21 27 41 49 0 19 14 26 44 18 47 4 29 39 36 19 6 29 26 
23 18 39 45 37 28 9 28 33 43 33 37 15 10 8 19 21 26 50 25 30 44 35 23 47 14 48 10 20 33 24 29 7 40 7 36 48 27 40 13 41 41 0 31 34 11 31 33 45 21 21 16 44 7 4 46 
29 33 16 48 24 30 49 8 1 20 5 31 25 3 23 22 44 36 38 35 39 13 2 12 17 32 4 39 50 17 31 23 4 45 28 3 32 29 17 33 42 34 30 0 15 7 1 8 42 49 50 22 8 19 20 8 
16 32 4 32 43 27 11 9 35 40 32 27 31 25 20 40 16 19 5 43 6 34 37 6 17 24 13 40 1 45 23 5 34 38 13 21 29 47 25 7 32 25 46 26 0 26 24 28 17 29 10 6 39 15 28 2 
33 45 49 16 19 15 21 8 40 17 28 44 44 13 49 11 19 45 49 11 31 38 12 31 43 47 46 12 41 39 34 40 7 36 30 26 31 32 6 42 12 18 6 9 48 0 31 34 5 30 50 38 45 16 17 22 
45 34 18 23 23 20 10 18 2 34 38 37 9 34 24 31 37 39 7 50 14 33 3 33 13 13 41 32 42 2 39 25 41 15 35 43 13 10 34 23 3 50 5 26 11 44 0 26 22 7 19 1 6 9 17 9 
13 32 36 11 10 29 28 26 50 45 13 47 45 49 31 19 28 6 35 48 14 28 28 22 19 38 20 25 24 2 34 16 24 7 22 11 27 50 24 44 25 24 6 31 48 48 32 0 23 26 50 23 1 25 20 45 
36 5 14 42 23 10 4 3 49 12 48 23 39 27 21 42 29 32 41 24 40 23 47 25 22 6 47 49 24 29 33 42 5 12 37 7 14 8 1 35 21 22 7 20 1 26 44 47 0 6 8 45 19 35 46 6 
13 9 40 21 18 13 6 29 20 29 7 18 27 41 14 29 21 31 6 3 19 16 27 24 46 13 1 43 16 35 14 7 9 7 24 49 25 38 34 22 16 43 38 42 45 8 17 6 42 0 30 24 38 29 44 37 
48 32 16 25 5 13 13 13 35 15 50 10 20 17 16 5 33 48 35 38 26 28 36 30 39 46 45 1 37 11 27 29 16 20 27 17 9 14 30 9 3 30 3 27 46 49 47 40 27 25 0 42 41 45 7 12 
20 47 36 37 10 19 13 27 24 39 22 44 1 41 50 46 20 19 26 35 47 26 10 35 40 49 6 25 13 20 36 34 9 9 7 21 24 28 20 41 41 4 29 38 24 5 47 49 28 30 22 0 23 20 23 16 
45 37 2 47 11 14 38 14 5 3 38 35 43 35 29 23 43 49 35 44 43 47 22 11 36 3 7 48 34 48 14 15 37 43 12 34 22 31 10 28 3 40 25 36 37 20 5 15 49 7 30 25 0 35 29 23 
49 16 42 12 9 7 41 31 7 40 24 49 50 23 46 1 12 39 8 41 3 22 37 24 16 48 43 49 27 19 40 31 9 21 14 18 31 20 2 22 13 9 18 46 14 22 6 42 4 6 19 36 27 0 38 20 
27 30 18 46 11 14 42 5 39 1 44 40 30 10 28 21 43 38 37 29 45 5 41 11 44 43 2 46 21 50 4 4 21 1 37 39 14 24 41 8 21 5 30 46 21 33 26 33 26 36 26 48 41 10 0 26 
23 39 7 3 19 13 47 34 39 47 40 19 29 23 39 8 19 48 29 8 40 25 46 41 12 17 20 21 35 24 6 14 11 25 15 1 7 22 23 46 25 22 41 49 31 14 47 11 37 29 8 1 12 2 37 0 
48 0 44 17 41 2 44 26 49 15 41 27 8 5 8 39 1 48 26 34 34 19 35 47 11 49 20 10 34 7 17 6 3 10 38 18 8 41 32 21 3 49 23 26 9 5 6 43 3 49 28 10 26 28 19 19 
13 47 0 6 42 32 35 43 43 48 36 25 49 17 41 32 11 17 5 31 35 47 10 39 7 44 28 7 35 30 8 30 25 41 20 5 11 35 40 40 19 6 30 28 23 30 7 26 12 18 17 44 22 48 35 22 
4 9 50 0 49 5 28 9 14 41 7 1 9 47 37 21 26 28 15 13 29 17 32 16 27 37 2 46 18 13 14 8 28 6 48 1 3 36 41 36 42 48 17 37 17 30 48 29 25 47 41 17 7 35 7 6 
23 43 24 12 0 3 32 41 2 27 49 23 4 50 37 18 41 37 30 21 31 1 45 50 47 40 24 21 21 22 48 2 43 50 43 29 11 12 29 33 10 8 16 10 19 7 45 30 39 29 50 30 27 14 26 6 
28 43 27 23 30 0 12 21 30 29 47 31 5 7 8 8 30 9 47 12 24 36 35 32 40 46 44 32 42 22 19 25 29 24 38 2 18 36 6 4 48 37 36 32 22 27 40 23 32 22 21 22 31 3 3 20 
43 12 38 28 36 31 0 29 9 11 23 3 32 20 7 41 44 3 44 14 37 50 4 11 14 6 22 1 21 1 48 45 26 21 18 9 6 49 29 19 18 8 28 21 49 24 9 3 25 31 27 19 37 39 16 20 
39 2 24 22 15 30 9 0 8 14 28 27 11 3 49 35 46 25 25 47 29 23 34 12 41 48 19 26 40 24 29 8 38 5 48 21 5 25 7 4 38 50 20 8 22 47 48 1 27 46 32 45 13 43 37 47 
6 41 34 25 47 4 19 34 0 35 21 40 7 5 28 31 21 18 21 9 30 4 27 40 44 1 18 50 44 43 34 46 46 18 1 16 15 42 33 8 34 31 37 23 2 7 42 47 49 16 11 28 42 34 8 44 
29 1 40 25 29 5 25 41 1 0 25 45 39 4 13 16 30 36 13 26 50 17 4 39 38 9 21 2 29 33 7 4 12 11 8 37 15 3 9 30 30 6 46 22 27 13 3 44 36 1 32 43 29 9 9 28 
26 12 2 16 9 3 47 9 45 22 0 33 29 47 27 2 27 28 34 46 44 22 32 13 25 7 28 16 28 2 15 26 4 3 30 11 3 1 43 21 28 10 37 28 5 31 25 48 10 49 5 16 45 13 16 6 
44 49 28 9 32 37 19 8 31 47 29 0 27 17 16 49 26 35 14 19 34 36 5 8 45 33 30 7 30 47 49 31 41 38 25 17 5 24 35 40 41 41 29 47 9 2 48 32 44 50 30 31 32 45 32 21 
40 41 33 27 2 30 40 12 32 16 39 39 0 42 50 45 3 1 24 29 44 7 8 50 44 35 49 14 30 18 19 49 47 7 5 28 15 41 8 39 11 2 18 16 44 14 10 40 44 6 27 31 9 17 38 15 
32 42 40 42 3 17 10 45 14 17 42 33 38 0 22 31 12 43 36 18 43 39 43 7 31 26 10 21 25 41 38 41 30 19 41 47 23 2 17 36 45 43 24 2 27 22 27 2 22 25 16 39 24 49 46 26 
39 36 10 17 44 47 35 4 26 27 13 15 48 26 0 8 11 27 50 24 50 16 41 31 9 50 9 49 50 26 50 18 31 23 15 8 38 42 1 43 49 8 20 27 50 10 12 4 47 18 5 12 24 26 46 10 
48 5 1 17 35 48 35 29 26 9 32 43 33 19 20 0 19 27 8 25 43 47 15 31 50 38 5 3 33 21 38 45 6 27 6 10 33 42 34 8 1 23 41 1 41 28 20 21 28 48 36 36 17 2 4 13 
34 25 1 29 31 46 3 8 39 15 27 16 28 9 37 28 0 43 50 25 20 6 15 40 22 19 35 25 36 36 3 28 5 24 43 27 9 41 5 28 5 21 33 13 27 2 4 44 20 11 8 43 17 27 34 7 
19 35 29 11 46 22 18 23 36 38 22 42 35 32 29 38 39 0 23 20 50 23 2 14 21 15 41 6 25 28 10 11 28 41 37 9 24 12 45 32 34 3 11 27 39 30 12 10 38 33 20 5 45 8 34 34 
17 22 9 46 6 17 43 45 27 27 45 2 49 24 5 27 44 41 0 37 47 13 26 25 41 3 32 18 42 8 6 17 21 7 3 42 3 3 50 27 17 10 17 1 13 36 11 12 15 29 44 11 4 21 37 22 
42 47 19 43 24 49 1 37 21 10 25 45 47 33 2 24 45 15 20 0 37 46 26 13 6 43 21 4 14 15 46 13 50 21 31 1 7 35 7 3 19 9 30 30 3 11 16 15 32 27 20 16 39 2 50 27 
17 35 14 50 4 46 38 23 26 47 26 25 16 32 46 40 38 13 2 28 0 17 46 10 45 28 6 22 38 45 30 24 49 21 5 34 23 22 8 50 24 22 8 5 6 36 41 50 50 32 30 28 27 50 23 11 
21 25 19 23 48 24 50 28 46 23 27 5 12 48 24 19 31 13 29 6 9 0 41 4 10 37 7 22 7 16 2 48 49 49 45 14 48 3 35 3 50 23 30 10 33 10 37 38 2 8 11 48 15 22 17 2 
31 21 10 37 41 2 43 13 44 26 28 7 18 35 26 17 46 11 29 34 29 32 0 22 1 50 19 20 49 5 5 33 28 32 43 33 27 44 49 12 48 30 18 16 7 32 30 21 18 33 45 2 5 43 33 23 
49 50 10 37 23 32 45 9 39 44 50 25 25 3 49 23 48 50 31 4 11 16 15 0 19 21 49 3 17 10 4 29 36 49 20 35 28 35 12 39 17 36 10 27 14 32 6 46 16 34 22 4 5 12 30 13 
33 36 41 17 24 30 28 49 36 16 15 26 5 18 22 39 37 11 15 19 2 40 2 38 0 16 3 38 33 38 1 24 24 20 8 2 42 45 46 16 37 8 12 42 49 18 30 41 48 12 34 18 45 47 12 11 
44 35 4 2 21 42 45 11 36 42 41 7 48 17 31 44 41 45 28 11 41 48 3 20 36 0 12 41 21 5 34 29 28 9 48 8 8 41 45 45 46 14 1 7 7 27 23 44 31 32 40 27 50 19 1 20 
47 32 34 16 9 1 24 7 3 13 14 48 50 9 23 4 47 1 33 48 40 41 47 44 13 19 0 10 40 15 7 29 9 8 28 12 26 8 29 37 45 40 45 5 44 14 26 44 23 9 37 30 50 37 4 30 
6 36 41 3 41 42 35 42 46 34 5 41 23 47 48 46 19 15 39 9 46 37 3 30 38 25 38 0 31 28 28 30 23 4 48 7 41 17 27 46 4 5 3 10 10 9 36 22 26 12 42 12 36 48 46 35 
19 33 11 15 17 4 5 15 18 5 33 37 25 41 8 29 43 19 36 4 43 28 43 21 3 3 12 19 0 37 17 44 25 9 13 39 8 6 12 30 50 1 39 42 6 26 49 47 36 5 13 19 18 13 43 42 
42 41 41 13 14 43 36 28 2 12 9 29 12 3 50 23 31 40 36 4 5 37 38 46 4 6 27 15 25 0 48 27 12 17 22 47 17 16 49 16 8 15 11 41 44 18 21 36 34 5 40 39 28 28 39 38 
5 3 45 9 9 16 22 4 4 36 48 12 41 6 33 7 32 24 29 39 44 47 45 29 34 21 43 11 36 10 0 49 35 28 34 43 15 22 41 8 42 44 8 37 9 20 9 45 29 22 33 7 5 49 50 45 
9 9 17 25 38 24 12 18 45 38 14 35 8 14 19 36 42 17 38 46 36 10 36 9 25 27 15 39 3 4 45 0 36 29 40 34 6 5 16 21 19 33 40 43 22 7 25 38 16 3 47 16 38 12 4 9 
50 23 9 1 12 9 23 16 42 43 28 6 19 30 14 32 26 47 20 14 46 18 15 2 1 40 50 36 7 38 7 25 0 25 31 34 33 46 16 9 10 10 25 1 29 30 19 19 36 40 15 40 42 43 41 14 
32 9 8 1 22 9 37 9 4 37 4 32 38 46 31 37 11 38 10 4 21 17 37 23 32 21 15 46 42 49 15 32 34 0 17 2 25 39 15 38 2 23 16 48 42 26 38 32 40 10 29 30 5 34 38 43 
16 22 35 20 2 45 41 18 6 22 22 49 21 45 6 48 46 1 9 31 5 20 45 47 45 40 25 37 14 20 11 49 47 25 0 37 3 4 46 36 7 32 49 43 21 5 39 11 46 5 31 34 5 26 7 38 
47 28 39 25 13 20 5 4 36 11 23 2 47 8 3 44 50 15 2 49 7 27 25 43 6 29 30 33 33 36 7 24 40 37 41 0 26 16 22 24 37 28 46 7 10 32 37 14 38 2 38 35 40 24 8 32 
20 4 46 20 34 41 23 22 1 5 49 13 10 17 28 29 29 42 16 22 12 21 15 11 19 16 42 32 46 1 17 1 32 6 22 22 0 21 2 40 46 6 24 6 5 33 25 4 22 24 10 7 49 8 37 21 
49 40 36 2 19 49 41 27 1 38 49 31 5 46 7 8 27 2 20 16 38 16 10 28 44 12 21 9 37 45 19 43 45 36 24 33 35 0 1 22 48 15 48 5 18 35 44 50 26 17 2 30 48 39 22 33 
34 30 8 8 7 29 33 41 7 20 6 36 20 23 25 24 27 30 23 2 41 11 43 43 1 12 45 42 36 15 22 5 24 3 41 4 28 44 0 16 19 32 7 49 49 30 8 31 4 43 29 4 19 16 20 43 
23 38 15 7 46 34 42 6 43 49 1 13 17 33 22 46 33 15 4 20 34 12 44 14 43 32 42 49 7 11 4 39 4 11 18 17 13 37 21 0 36 41 2 7 1 29 46 14 22 22 33 21 4 13 1 9 
12 44 1 15 15 43 43 49 32 45 13 9 7 15 6 33 47 44 19 30 33 6 44 36 47 18 20 28 25 40 50 27 4 2 7 23 12 22 7 43 0 48 3 26 6 17 38 8 7 17 50 25 11 45 21 27 
6 50 16 19 47 24 16 24 42 46 37 5 6 9 33 21 25 38 26 33 30 30 39 20 9 11 13 12 25 15 39 32 34 26 1 24 47 4 10 20 32 0 30 34 10 30 34 2 48 35 30 1 23 20 39 47 
27 11 47 10 37 11 5 50 27 7 5 22 30 9 9 25 21 29 6 1 1 47 29 40 26 9 16 28 46 15 17 13 45 29 24 13 50 45 23 10 28 31 0 8 3 25 13 22 39 26 5 31 44 14 38 47 
31 33 8 34 29 46 27 4 13 41 43 27 2 35 46 25 26 6 46 23 21 39 27 15 14 37 27 2 42 34 23 49 7 33 44 31 43 11 45 15 2 27 45 0 13 33 36 21 4 30 30 5 39 19 16 27 
42 6 43 21 42 20 26 13 29 18 45 20 19 42 16 33 16 11 32 22 44 45 15 33 28 16 23 22 12 30 35 31 42 7 3 26 50 40 4 46 26 15 16 45 0 38 17 3 13 15 48 39 28 37 45 33 
48 42 11 44 26 47 4 2 50 33 15 28 13 39 41 33 26 8 37 46 30 29 20 45 11 14 10 8 14 41 7 44 48 24 6 34 39 47 28 49 23 14 17 13 24 0 39 40 25 25 16 14 21 1 49 4 
19 22 17 33 13 38 46 38 10 26 21 31 39 34 7 44 29 30 39 23 17 12 8 21 23 25 36 34 49 28 37 44 49 21 37 12 23 15 16 11 27 26 8 37 3 9 0 1 41 19 22 35 41 13 26 37 
8 15 46 10 39 3 13 40 32 39 28 32 19 47 45 22 15 15 28 46 41 5 21 19 15 24 45 16 27 43 47 31 24 35 30 48 27 5 28 9 15 37 26 48 25 27 33 0 45 24 1 21 27 35 30 46 
3 45 28 46 15 9 48 13 39 43 47 9 35 18 48 45 10 38 20 32 5 29 24 44 38 42 1 42 27 23 21 47 44 39 27 3 49 10 13 1 17 25 37 5 28 18 49 27 0 27 7 11 39 16 49 42 
25 22 35 9 24 8 7 37 16 23 1 16 46 42 45 46 1 25 20 15 31 43 19 16 20 44 24 15 20 13 32 31 46 47 2 32 15 1 40 43 11 38 21 33 28 3 3 35 33 0 11 11 15 47 34 12 
33 3 19 39 30 34 42 17 4 42 20 21 50 40 13 31 50 35 27 4 43 22 37 39 18 41 40 32 10 3 17 35 12 36 20 29 47 13 11 9 19 22 18 42 8 33 3 46 21 31 0 11 31 20 30 19 
11 17 31 22 39 45 11 8 2 25 36 9 14 20 34 35 38 25 19 35 22 5 46 31 35 39 44 12 30 42 37 15 32 18 9 12 17 41 22 14 9 15 16 17 23 24 40 26 37 46 24 0 6 1 46 48 
7 22 50 37 1 2 49 28 11 38 21 28 47 11 22 18 47 4 6 26 8 39 29 9 12 49 18 25 34 18 31 15 37 20 2 40 17 5 21 12 11 37 6 30 2 47 43 15 16 29 28 3 0 46 20 41 
19 44 41 26 3 34 25 45 44 7 7 41 27 10 32 1 43 33 44 16 21 34 50 8 16 6 4 10 6 40 29 19 18 30 34 47 27 29 19 29 36 42 13 23 45 6 17 6 34 28 36 20 2 0 4 20 
36 45 34 11 47 31 15 40 4 29 38 24 47 26 36 25 14 15 15 30 30 22 27 13 10 40 48 27 28 5 9 17 14 11 48 2 43 19 23 49 22 3 9 45 8 33 20 31 48 4 23 6 37 24 0 41 
15 18 22 1 7 34 39 12 49 20 21 10 37 28 34 32 45 43 17 9 27 13 33 5 28 20 18 29 25 33 4 31 40 21 34 35 22 18 16 15 33 41 10 25 37 23 34 3 14 22 28 13 21 16 14 0 
3 0 36 17 24 38 17 11 38 17 17 41 20 17 45 50 10 27 28 2 27 37 3 9 19 5 37 15 15 4 5 41 10 25 7 32 49 6 45 28 49 23 3 44 8 46 3 18 9 15 12 1 36 19 40 27 
50 27 0 48 19 2 2 46 35 13 27 31 46 10 13 1 4 33 50 3 5 34 9 1 23 2 19 7 1 42 4 5 42 36 31 32 22 8 26 27 48 27 19 31 32 16 8 9 46 14 9 19 37 16 36 44 
41 27 26 0 17 33 45 46 44 9 22 39 10 30 32 29 46 7 23 6 28 15 29 20 8 44 11 12 37 33 36 19 27 1 38 41 46 33 9 45 3 31 26 23 10 27 49 30 14 36 13 12 14 10 8 29 
13 7 19 24 0 22 34 10 11 24 3 13 9 43 41 33 14 48 28 3 47 40 6 10 31 46 32 48 2 21 24 5 17 44 9 28 39 15 36 23 20 22 16 49 7 14 40 37 23 3 49 15 36 8 11 39 
8 47 38 28 41 0 36 9 40 1 49 46 16 34 14 45 50 13 6 34 26 25 8 4 17 6 45 25 49 22 10 19 10 33 21 21 42 27 9 33 35 14 26 49 9 18 24 4 10 9 50 2 31 24 36 15 
1 44 21 22 46 11 0 10 18 42 30 37 34 13 44 3 24 4 24 50 12 49 9 45 50 32 41 16 41 23 8 39 36 47 6 21 49 6 37 37 24 5 8 8 30 32 41 41 17 6 27 49 8 25 25 17 
42 49 22 41 6 46 19 0 46 34 42 1 37 8 24 5 18 18 38 26 8 41 2 16 18 42 50 50 35 47 10 31 11 23 40 29 50 34 46 31 29 37 13 24 39 31 4 34 43 2 9 31 21 50 18 27 
41 34 5 49 6 46 34 49 0 25 11 41 15 19 45 5 35 22 7 48 21 28 28 28 37 38 17 7 34 38 30 11 12 6 13 39 16 30 48 26 33 3 15 49 28 41 40 15 49 48 25 9 15 3 47 49 
13 7 18 11 39 40 1 11 46 0 1 30 10 6 7 40 6 25 31 15 19 14 29 50 47 49 2 9 36 14 21 47 9 9 15 26 10 12 37 37 44 3 4 4 28 12 30 10 42 9 19 34 34 38 29 36 
34 7 21 12 38 32 15 47 25 4 0 21 1 42 31 30 44 39 44 22 16 11 26 23 36 20 43 17 28 45 38 13 21 31 30 42 4 42 25 50 13 39 7 29 24 41 30 19 11 29 26 46 40 17 13 25 
9 35 36 43 45 15 37 3 38 42 50 0 20 12 39 27 3 14 44 9 28 5 47 49 45 40 24 6 50 20 42 24 5 19 5 34 19 6 32 6 48 2 5 41 33 42 10 7 22 3 24 33 46 9 36 21 
12 37 41 3 21 10 38 33 47 18 46 2 0 7 6 8 47 32 39 12 27 1 6 16 4 31 18 34 47 47 10 28 47 34 35 22 33 16 30 35 39 15 22 45 15 46 9 1 17 46 27 1 8 47 9 21 
6 21 37 23 4 26 41 37 37 41 50 19 23 0 34 25 31 3 5 23 12 29 12 1 8 23 18 17 2 20 9 21 50 25 14 17 12 30 7 31 13 24 36 8 25 47 40 28 34 21 47 49 3 25 48 42 
45 21 29 50 37 9 40 18 29 21 1 45 9 18 0 14 2 46 25 10 39 44 4 26 12 33 40 34 32 23 11 18 25 28 22 22 42 1 7 44 5 34 18 30 5 47 46 20 16 7 46 3 28 15 9 49 
42 45 18 18 48 25 9 45 18 3 26 18 37 47 23 0 1 39 32 6 5 26 24 22 15 38 21 18 25 28 9 40 11 19 24 30 47 33 40 46 30 26 24 13 2 22 29 33 20 35 45 14 47 10 4 24 
18 23 4 31 28 8 34 17 10 13 16 49 14 17 26 19 0 50 36 27 30 2 12 20 44 10 39 49 40 34 45 44 1 16 1 13 25 30 10 19 23 43 8 4 40 6 30 20 4 10 27 15 12 33 25 22 
6 3 10 22 40 9 44 33 15 20 15 33 14 4 2 39 40 0 17 5 37 45 9 31 38 30 19 45 31 8 30 33 19 42 29 7 22 20 39 30 14 49 25 39 20 42 48 6 50 9 38 26 45 29 38 27 
48 23 23 43 21 14 14 26 36 38 47 42 35 47 30 19 1 38 0 41 39 21 21 11 47 32 13 46 22 21 4 38 40 4 2 10 50 48 47 10 50 35 49 3 33 46 6 22 3 29 19 25 7 38 50 7 
27 12 27 11 8 19 43 6 32 50 7 39 33 38 31 22 5 28 42 0 4 22 18 29 1 27 42 43 43 2 30 32 2 5 46 34 38 21 37 3 31 43 44 21 34 39 18 39 16 49 47 21 29 47 46 35 
9 34 26 34 16 27 50 4 3 19 6 35 38 4 44 1 18 26 11 11 0 29 47 45 13 10 3 27 45 5 10 3 5 9 11 25 4 46 3 37 5 43 40 19 15 34 34 2 13 6 46 3 4 37 36 7 
13 39 14 25 14 1 6 50 44 17 1 27 27 30 40 6 16 40 7 18 39 0 29 31 30 26 2 15 40 9 7 49 19 24 4 13 16 33 28 24 4 38 41 26 49 33 8 25 33 16 41 37 15 31 18 19 
34 9 35 50 12 37 17 41 37 18 33 3 23 18 25 24 38 16 3 31 49 3 0 32 47 19 27 32 24 19 21 35 38 7 36 29 7 48 29 12 18 22 1 40 32 1 5 2 15 42 18 50 49 29 37 21 
32 27 39 31 36 5 44 22 17 33 45 47 38 40 18 26 9 5 35 9 48 14 1 0 46 15 25 17 32 2 21 37 10 20 16 48 30 10 49 27 14 29 29 23 49 7 8 15 26 25 42 41 44 45 28 23 
18 27 43 17 11 38 12 21 46 47 35 28 22 43 39 16 11 29 21 31 20 41 3 39 0 8 10 41 8 10 31 43 16 42 44 30 4 17 33 16 27 17 8 28 3 23 30 44 34 37 26 30 16 24 48 3 
28 25 5 10 1 47 5 12 15 4 20 37 28 13 35 49 29 13 45 14 13 13 1 17 28 0 17 8 22 35 2 27 42 44 42 3 29 13 24 16 30 13 47 14 49 3 44 17 22 2 27 2 4 30 34 41 
15 25 38 32 35 40 34 28 14 28 28 43 37 11 7 37 6 48 15 2 16 50 3 14 35 1 0 37 21 8 50 23 13 10 2 38 5 26 42 31 41 30 20 50 21 26 1 31 11 45 41 46 7 15 33 25 
16 23 24 48 35 4 14 20 14 5 16 33 35 23 2 11 14 17 25 23 47 50 32 39 34 21 26 0 26 17 4 17 49 28 28 23 33 2 45 47 37 17 50 37 17 11 18 46 38 44 31 33 40 40 11 28 
16 41 35 14 15 28 38 4 10 39 17 6 8 1 20 9 19 21 38 6 47 14 16 29 17 25 38 32 0 37 22 27 10 17 50 7 42 18 32 33 9 29 47 27 29 44 12 38 38 24 22 14 20 2 5 31 
3 26 6 47 40 40 7 17 39 12 8 39 8 44 29 42 38 38 30 28 1 37 38 36 5 37 1 9 16 0 9 7 9 13 20 5 16 12 35 43 19 23 31 39 17 37 24 31 44 46 31 26 33 23 27 31 
17 39 21 43 3 40 49 2 31 5 50 27 39 40 13 30 4 46 11 6 21 48 21 49 32 7 8 13 35 33 0 25 36 36 40 38 28 41 42 40 30 24 29 9 12 38 47 43 5 33 1 23 37 13 22 10 
19 18 22 12 47 32 36 17 48 31 14 42 50 2 36 39 12 6 31 32 42 39 10 12 36 15 4 30 35 10 38 0 24 15 30 20 10 19 31 44 49 39 12 11 32 25 5 44 3 48 12 12 32 33 40 19 
30 9 11 27 32 29 6 33 39 43 40 28 20 33 27 20 31 12 33 44 30 29 28 38 31 22 1 33 24 48 7 42 0 25 12 40 1 9 5 12 20 33 30 23 39 35 28 24 21 21 42 31 20 1 47 39 
2 31 24 46 11 28 24 10 41 37 49 3 9 44 26 12 27 50 13 11 50 6 40 3 4 48 31 12 32 17 37 42 29 0 23 38 20 35 9 2 43 10 21 33 3 36 25 15 28 45 30 5 21 38 36 39 
46 42 21 43 13 48 12 28 24 50 8 25 36 6 7 28 18 49 21 2 30 24 38 18 30 33 4 18 2 13 17 4 44 35 0 43 28 14 17 39 46 48 44 9 3 29 50 30 23 39 3 38 22 18 34 10 
22 5 4 14 30 44 45 26 12 33 4 31 2 14 29 14 2 11 26 4 36 16 35 39 30 4 32 29 50 25 46 36 10 26 21 0 24 11 3 9 2 4 19 48 20 25 20 29 9 10 39 36 12 43 30 24 
7 21 15 35 27 13 16 26 37 38 18 21 27 43 6 4 49 2 24 50 18 18 15 14 11 26 23 19 12 39 34 44 31 2 14 3 0 46 19 33 39 39 43 12 33 8 49 2 17 5 36 38 10 19 30 7 
40 6 1 24 1 41 47 15 48 5 25 41 25 30 3 8 30 20 36 12 26 7 33 7 13 24 7 15 26 2 25 25 1 45 25 47 45 0 45 32 49 42 28 14 28 33 8 27 37 2 28 9 40 34 18 32 
33 24 45 12 28 35 33 39 47 31 50 41 30 5 6 13 35 39 37 21 48 43 5 24 5 47 20 13 49 44 35 41 33 14 42 24 1 34 0 5 15 10 40 18 48 34 17 48 32 46 15 24 2 47 48 34 
40 19 21 7 31 15 20 41 4 46 10 9 16 14 33 13 2 35 23 12 8 26 7 41 39 50 38 18 34 20 33 45 35 31 2 5 30 27 25 0 50 40 50 15 3 24 9 32 19 14 3 23 18 25 36 26 
15 13 31 19 31 27 3 7 34 14 16 24 36 12 28 33 26 11 23 22 9 11 5 17 31 19 19 4 31 48 16 20 50 5 38 43 50 9 44 24 0 38 43 32 39 9 35 46 8 37 21 48 8 2 15 18 
5 8 14 38 13 8 49 27 37 48 46 25 32 25 36 33 18 17 50 34 17 30 16 8 46 24 12 18 10 50 9 18 35 38 33 35 37 21 32 16 39 0 17 45 41 14 11 15 34 1 39 31 41 3 31 1 
26 42 6 43 39 47 32 17 37 40 28 40 44 42 1 47 47 36 35 45 1 35 25 45 36 9 29 17 22 20 18 16 4 37 8 43 31 28 43 19 8 50 0 9 2 37 21 21 42 1 42 34 6 18 37 1 
41 17 12 7 31 19 16 45 17 23 12 37 7 35 8 17 20 44 16 38 1 27 24 9 15 39 37 16 31 37 13 49 18 36 17 26 19 21 13 1 42 6 42 0 29 25 35 14 8 43 26 15 13 2 49 1 
14 44 4 42 43 32 50 15 31 10 14 19 21 18 32 48 49 31 16 47 46 36 46 34 31 25 30 24 6 23 1 47 20 36 4 33 16 30 21 19 43 41 11 19 0 12 16 44 40 12 28 17 32 37 3 6 
29 48 20 12 19 3 27 10 9 10 17 50 36 15 49 33 19 11 48 4 5 25 27 23 16 31 40 13 28 7 20 11 18 31 26 35 46 18 3 16 16 32 3 10 45 0 17 8 26 13 45 48 21 40 49 1 
4 22 48 47 38 14 15 32 3 41 7 33 6 40 15 38 1 9 32 39 24 22 18 28 49 24 15 50 33 9 49 21 19 30 22 14 49 22 15 3 2 50 1 19 38 35 0 3 37 49 8 47 13 8 11 28 
32 4 20 48 15 49 15 50 44 43 37 14 26 18 1 39 30 44 30 38 24 22 49 41 14 21 29 2 25 13 37 13 9 2 41 10 29 25 1 4 37 1 8 27 2 22 27 0 19 48 19 18 19 29 23 4 
11 6 30 34 44 21 13 25 31 6 24 5 24 27 41 11 5 44 26 1 24 14 23 39 43 44 10 5 6 46 19 35 36 49 31 5 50 41 8 33 25 26 27 22 29 17 4 42 0 7 9 13 26 3 23 30 
47 33 42 41 50 12 9 19 36 38 40 20 26 47 37 12 15 37 44 27 48 38 2 11 27 41 18 48 48 34 44 32 14 19 34 22 8 50 8 22 16 8 42 34 40 47 28 45 21 0 48 48 40 10 47 33 
10 32 31 14 10 44 12 22 3 45 8 7 8 14 15 4 15 29 22 11 41 47 18 21 30 14 23 27 1 36 5 22 17 37 25 40 27 36 48 28 5 37 39 40 32 41 21 32 6 44 0 33 11 38 36 42 
13 15 11 35 47 21 35 21 17 40 37 40 22 39 26 27 29 31 45 7 4 8 28 40 40 43 42 22 7 3 44 34 31 45 12 26 17 2 2 8 21 16 23 50 46 2 50 44 31 18 5 0 30 44 30 39 
6 37 22 45 4 30 14 15 14 47 3 9 28 27 50 10 27 30 38 37 39 35 29 44 38 44 48 41 39 49 15 40 2 7 7 39 46 7 49 28 7 2 9 4 44 43 23 17 31 8 28 1 0 7 44 50 
21 9 28 8 10 32 23 26 16 32 13 8 21 21 11 15 20 31 10 30 38 27 25 1 46 22 32 10 32 22 15 34 8 7 36 31 18 50 40 46 34 26 44 23 31 36 2 47 20 44 8 20 48 0 15 13 
45 34 28 12 38 1 14 45 44 18 30 50 15 35 31 47 21 42 15 46 12 33 3 20 10 21 35 40 38 15 45 36 44 44 42 48 41 39 2 45 21 32 1 6 2 36 37 13 40 48 38 29 33 20 0 1 
12 31 8 2 18 17 24 7 30 23 44 7 22 43 33 6 33 40 20 25 31 33 48 19 25 35 23 50 40 28 16 4 24 43 31 18 33 37 35 29 47 25 21 33 9 29 16 20 8 43 6 39 14 45 21 0 
