11
9
4 0 10 11 48 27 11 17 19 2 
5 25 0 44 37 31 49 26 3 50 
29 14 45 0 40 48 9 31 14 41 
24 24 2 12 0 17 24 39 35 30 
32 11 27 13 37 0 26 40 26 45 
8 23 4 44 46 16 0 31 17 27 
17 14 13 2 18 13 20 0 44 46 
50 43 9 20 48 46 19 45 0 43 
24 16 27 19 50 22 15 23 41 0 
37 0 30 28 37 32 50 47 23 21 
18 30 0 43 15 43 44 31 41 34 
37 38 26 0 8 26 2 23 8 1 
50 48 15 42 0 38 45 22 34 14 
18 14 12 9 24 0 25 26 2 16 
50 9 24 34 39 9 0 39 29 36 
16 29 5 27 14 25 49 0 47 26 
7 27 42 49 43 10 31 13 0 27 
23 28 15 1 33 25 36 23 49 0 
28 0 17 10 6 3 10 10 6 5 
10 42 0 1 37 11 27 50 20 25 
24 2 17 0 15 4 26 33 17 2 
22 16 47 30 0 41 41 27 21 30 
17 1 24 33 39 0 38 5 21 22 
27 36 17 38 2 14 0 50 12 22 
33 14 14 34 24 37 9 0 39 41 
9 30 1 10 11 40 48 33 0 20 
2 42 13 29 10 33 4 6 31 0 
35 0 34 15 34 31 30 20 45 8 
17 33 0 27 38 24 1 47 47 41 
22 17 26 0 28 41 19 45 49 20 
9 4 5 31 0 31 18 6 25 5 
27 26 50 21 41 0 16 33 31 1 
43 14 18 13 33 13 0 42 33 40 
6 7 44 46 39 32 10 0 12 42 
3 36 2 9 33 50 46 20 0 22 
42 1 26 10 46 10 18 2 35 0 
3 0 46 21 42 39 49 29 50 18 
12 31 0 37 18 12 30 25 30 45 
49 34 32 0 18 17 13 42 1 32 
14 47 12 34 0 28 38 48 8 16 
21 12 47 4 30 0 33 33 35 40 
36 24 40 47 35 16 0 16 20 18 
3 35 30 9 1 39 17 0 16 4 
7 28 3 50 20 4 15 5 0 19 
48 45 4 50 36 33 24 6 27 0 
43 0 17 12 46 19 9 20 46 24 
36 13 0 11 9 37 15 29 26 7 
37 37 4 0 36 33 31 48 18 25 
14 4 49 47 0 36 45 13 25 49 
42 11 10 45 30 0 25 31 29 43 
8 40 9 40 21 10 0 26 37 20 
23 7 35 32 48 1 34 0 6 43 
26 40 28 16 47 13 16 38 0 16 
48 42 7 30 6 4 38 40 29 0 
17 0 25 33 39 22 49 26 40 18 
14 11 0 13 9 12 25 33 5 40 
16 42 43 0 46 24 34 45 29 46 
13 44 2 31 0 44 8 23 17 31 
10 37 18 29 41 0 8 45 2 27 
3 39 31 32 47 1 0 15 23 48 
36 21 1 50 44 44 3 0 13 46 
17 34 17 5 37 45 44 23 0 19 
22 37 2 36 2 22 7 43 40 0 
15 0 31 48 1 17 21 10 37 47 
30 11 0 43 25 27 28 12 28 19 
10 48 2 0 37 39 24 33 43 37 
47 50 20 30 0 43 2 4 39 32 
49 17 17 46 45 0 1 49 14 13 
26 48 11 25 25 25 0 3 47 46 
39 29 43 24 18 24 35 0 14 37 
28 1 18 42 22 38 46 13 0 11 
2 14 3 2 38 25 11 8 46 0 
27 0 23 26 45 27 47 6 15 10 
40 26 0 50 44 12 32 15 22 14 
46 34 26 0 23 29 12 14 1 33 
44 38 42 18 0 13 10 29 9 42 
11 33 24 22 36 0 7 29 7 38 
12 9 3 21 38 17 0 12 16 25 
20 4 45 14 32 26 14 0 13 28 
19 22 13 40 15 4 40 4 0 39 
40 25 48 20 44 22 25 3 42 0 
31 0 23 50 25 7 48 36 9 5 
48 48 0 2 49 8 24 29 11 36 
25 23 44 0 50 32 35 28 23 42 
27 1 11 24 0 40 29 34 34 41 
28 44 15 16 4 0 7 49 43 6 
38 41 17 25 41 34 0 36 50 30 
48 31 42 16 47 34 6 0 9 8 
45 25 9 23 15 24 33 2 0 17 
22 10 19 38 1 39 29 41 32 0 
25 0 3 11 28 38 40 50 36 3 
50 12 0 48 31 10 45 50 5 19 
48 16 27 0 43 42 40 17 14 41 
12 11 31 3 0 38 6 3 32 7 
47 17 37 19 24 0 29 22 34 40 
20 41 50 24 38 47 0 20 31 26 
5 32 11 22 11 24 49 0 38 26 
23 47 25 42 29 28 38 4 0 38 
33 30 42 49 22 9 50 48 24 0 
