11
25
21 0 45 20 19 38 10 26 20 1 50 15 18 37 47 9 26 40 46 50 24 2 36 33 39 9 
29 29 0 20 45 46 8 28 45 9 14 15 44 6 14 17 2 49 48 17 17 12 46 17 23 2 
9 41 49 0 40 27 36 13 32 10 9 32 7 26 5 43 37 23 28 33 44 32 34 33 34 23 
3 38 17 22 0 47 34 12 48 43 38 17 29 6 33 29 3 13 46 5 36 46 23 44 24 30 
40 18 34 29 20 0 25 9 15 18 24 48 46 10 14 26 20 9 33 17 26 9 18 45 5 42 
20 39 28 48 28 31 0 45 43 43 8 16 29 19 23 13 8 14 38 10 31 7 3 33 29 17 
37 40 27 49 22 22 23 0 29 38 1 37 32 18 40 44 4 4 17 6 10 41 40 10 5 19 
45 30 36 24 35 17 6 49 0 32 42 41 18 45 22 36 44 50 32 23 27 27 47 49 17 28 
3 36 28 19 26 47 30 23 30 0 27 42 38 6 3 34 31 33 36 49 3 36 10 45 20 17 
42 9 38 28 42 48 32 20 47 32 0 32 29 30 7 46 11 46 15 46 44 6 45 30 40 46 
45 12 50 14 42 44 41 8 3 34 39 0 43 45 39 30 11 18 9 21 3 3 3 30 4 42 
40 46 50 27 11 48 29 49 33 48 37 33 0 6 5 39 41 22 28 23 8 19 2 27 16 34 
39 36 10 38 44 42 32 47 22 3 49 41 32 0 42 37 10 45 12 41 43 29 12 4 32 12 
32 26 7 47 24 39 19 34 43 23 12 20 11 40 0 7 5 36 34 3 41 50 41 37 36 48 
25 40 36 24 6 27 33 28 26 12 16 26 50 49 14 0 30 7 39 19 26 40 34 23 35 38 
43 29 1 42 12 41 40 21 49 49 49 34 11 38 47 29 0 43 36 28 41 30 36 36 40 12 
43 2 18 11 9 42 17 1 36 13 49 33 36 14 22 27 5 0 2 50 15 46 47 2 23 48 
47 49 46 45 9 7 44 12 31 20 40 22 11 40 8 33 34 25 0 25 48 47 7 22 7 14 
26 35 36 25 16 47 1 46 13 12 44 22 6 28 7 6 21 6 45 0 32 6 44 12 43 33 
13 22 27 25 1 41 27 39 32 33 23 8 37 15 23 39 27 48 28 15 0 11 28 48 19 43 
26 2 27 25 8 32 23 43 42 4 25 25 21 13 22 17 33 25 45 34 48 0 35 41 22 43 
30 46 34 28 23 35 25 8 32 26 40 1 15 24 2 50 16 46 12 49 15 6 0 36 7 49 
28 4 3 35 46 42 11 5 32 29 36 39 16 20 20 50 17 39 38 33 16 19 1 0 44 34 
33 40 30 24 29 25 11 28 30 45 31 23 23 37 34 29 47 33 46 16 12 1 26 42 0 50 
49 17 49 24 33 9 4 10 2 14 3 31 32 4 5 26 11 36 25 40 28 44 3 4 5 0 
20 0 37 6 29 23 33 14 38 25 31 8 12 5 47 37 27 14 22 24 32 48 16 30 42 40 
1 15 0 2 3 22 5 15 46 20 13 23 49 32 29 31 39 44 7 24 47 14 7 40 38 13 
15 23 29 0 22 7 5 8 15 39 23 18 12 35 3 26 44 17 36 34 14 29 32 44 43 44 
5 9 7 45 0 26 45 26 14 41 8 33 36 25 13 9 16 35 43 6 14 27 9 5 48 3 
48 21 6 25 34 0 33 29 36 28 3 47 2 20 13 29 43 49 45 46 44 8 42 23 26 49 
45 40 38 30 17 46 0 5 9 43 29 24 20 40 7 25 4 50 47 11 12 15 15 31 28 21 
29 14 9 4 46 6 48 0 30 26 40 44 42 7 11 7 43 43 28 35 5 23 9 39 21 41 
8 46 13 14 35 30 9 10 0 10 39 33 46 6 47 23 26 41 15 17 32 12 44 36 5 20 
22 38 47 24 48 20 25 39 13 0 38 11 36 17 41 10 35 32 47 23 25 48 37 31 12 29 
33 45 23 40 29 14 10 8 45 13 0 42 13 37 12 20 8 7 43 10 13 40 25 24 7 47 
30 48 14 30 23 36 8 35 45 15 25 0 3 50 35 24 1 29 22 29 19 23 46 35 3 18 
41 45 21 50 39 9 22 16 43 49 17 47 0 28 23 28 35 29 42 48 46 5 8 9 36 12 
12 3 46 39 25 35 13 12 13 32 41 37 35 0 6 7 4 38 7 36 8 5 1 50 1 34 
45 5 38 8 13 33 36 35 39 28 6 26 27 19 0 15 4 36 16 41 37 48 44 36 41 43 
17 2 24 29 7 12 4 45 6 30 30 25 4 50 50 0 5 3 47 29 1 28 12 39 21 4 
20 35 9 14 37 1 20 48 16 47 32 13 6 32 16 3 0 32 22 39 36 29 32 16 42 32 
46 47 7 40 15 6 14 3 26 38 27 45 31 19 30 11 28 0 39 4 19 43 47 15 14 48 
46 41 50 36 25 39 20 18 33 42 4 13 8 1 42 18 11 31 0 45 40 9 1 3 10 25 
2 43 12 24 40 50 33 44 42 20 15 14 17 2 49 8 27 49 28 0 26 49 21 38 13 1 
32 16 21 24 40 46 38 41 11 24 46 8 45 43 43 22 19 16 32 27 0 4 44 30 46 33 
32 3 26 35 27 31 6 50 23 9 34 12 20 3 24 27 24 7 29 4 50 0 33 6 35 4 
30 5 7 37 47 38 37 25 42 8 44 13 6 35 43 41 9 22 35 9 10 49 0 14 8 50 
31 38 1 42 33 50 47 41 32 48 26 49 14 27 21 47 38 29 45 31 15 18 22 0 36 14 
42 12 22 27 44 31 42 49 37 16 1 36 33 10 9 48 22 25 37 17 42 46 45 15 0 13 
23 21 19 28 35 14 16 16 29 42 38 25 15 38 18 35 50 27 11 20 11 5 20 37 34 0 
43 0 43 35 20 22 46 17 8 14 21 10 24 22 2 3 35 21 5 18 21 23 8 38 20 33 
42 19 0 35 45 2 18 2 32 44 43 21 31 46 7 46 21 18 1 17 8 11 29 25 8 36 
41 1 2 0 17 12 36 6 16 38 31 28 33 13 13 3 8 42 28 10 33 4 25 48 22 50 
5 7 21 13 0 22 14 45 27 10 12 18 1 16 33 7 16 16 9 27 19 39 5 39 14 1 
20 1 15 26 32 0 16 3 31 17 7 29 35 3 17 17 33 7 4 1 36 8 27 45 3 18 
39 17 21 3 12 1 0 19 7 12 3 13 30 2 28 46 15 20 50 27 29 31 13 43 11 36 
32 1 38 29 44 43 6 0 13 8 44 50 33 28 5 6 11 29 42 14 4 4 6 27 6 21 
38 28 19 25 38 26 24 11 0 17 30 50 31 28 19 10 7 17 44 35 47 33 43 45 21 19 
2 22 29 7 32 27 25 33 9 0 6 16 38 39 21 18 26 22 12 26 7 30 1 23 5 47 
38 13 42 9 39 46 33 48 6 36 0 4 46 5 35 4 25 48 20 14 44 20 29 23 17 22 
11 31 20 15 39 1 50 25 10 45 15 0 34 25 21 11 33 40 33 36 15 30 18 27 22 32 
32 32 10 11 28 9 40 25 38 28 15 14 0 34 18 35 4 22 45 40 40 42 24 50 3 12 
30 47 38 3 42 44 5 48 33 7 20 41 14 0 33 37 25 10 37 43 47 19 7 15 1 11 
9 24 37 32 40 9 32 7 50 48 13 2 22 46 0 34 10 17 1 11 16 14 8 12 4 15 
33 38 7 7 43 24 32 38 43 33 20 18 16 43 49 0 38 34 15 35 25 23 38 41 9 37 
3 6 4 36 48 2 12 34 17 8 22 25 1 7 25 31 0 15 30 14 14 43 1 9 13 28 
30 44 28 30 43 46 47 48 20 40 19 29 3 46 32 9 35 0 50 36 28 14 34 8 11 44 
9 8 28 46 45 3 48 42 9 18 8 35 4 25 13 25 28 31 0 18 6 3 13 35 32 6 
8 2 23 36 15 47 37 17 36 34 38 19 3 26 38 22 37 44 28 0 25 24 31 25 24 3 
36 3 41 5 42 46 24 47 40 37 2 25 6 45 22 22 19 19 42 25 0 7 25 6 30 35 
16 19 7 8 32 28 28 50 33 29 44 46 12 44 39 15 23 14 39 37 47 0 32 50 7 3 
6 12 34 49 46 12 48 11 21 27 28 17 39 8 10 25 26 24 16 28 26 7 0 26 4 11 
35 12 17 44 38 35 19 1 6 26 16 45 1 38 17 46 36 42 18 11 48 34 6 0 29 13 
22 9 35 29 27 50 37 30 39 12 1 32 18 33 42 9 17 34 32 45 31 25 36 50 0 32 
41 15 8 43 13 2 6 38 32 17 27 35 22 29 27 29 15 13 26 17 15 18 10 26 3 0 
32 0 50 24 35 33 47 23 35 47 37 36 30 38 26 11 46 44 37 17 16 24 45 6 6 17 
16 13 0 11 34 18 23 6 33 40 32 2 32 4 49 20 5 50 25 43 42 50 27 37 16 22 
22 32 44 0 10 29 37 45 19 18 17 34 12 2 30 14 31 47 49 44 10 14 41 38 47 12 
25 21 13 15 0 18 40 27 45 12 47 41 13 23 11 46 7 14 36 33 37 43 48 46 29 12 
3 28 44 7 8 0 31 45 47 49 5 17 32 5 1 27 8 17 40 34 23 18 24 38 49 3 
1 6 5 11 19 27 0 26 35 4 15 13 34 39 5 16 47 16 25 7 30 26 10 35 7 29 
26 9 12 7 44 30 41 0 45 5 8 26 41 37 30 29 41 48 1 37 15 25 29 36 19 27 
3 50 32 20 27 42 21 49 0 32 43 19 14 28 11 36 22 39 35 48 40 7 29 45 29 39 
28 9 49 43 5 48 23 44 31 0 41 30 10 26 28 16 6 43 6 37 11 27 20 41 1 43 
36 44 39 29 20 24 5 3 31 49 0 34 23 6 28 46 46 21 48 20 6 13 14 8 32 35 
15 24 9 19 12 9 19 48 50 19 4 0 35 15 11 18 26 7 45 29 33 33 37 29 42 15 
7 22 21 46 31 23 37 7 45 6 50 47 0 35 19 41 15 26 7 9 42 11 7 38 3 31 
7 19 30 49 3 29 46 17 4 6 37 48 2 0 20 46 18 29 21 6 18 29 22 26 38 18 
7 30 20 50 5 1 35 19 15 24 5 8 8 42 0 28 5 30 32 14 5 18 24 37 13 24 
33 36 33 36 2 35 43 42 32 46 49 26 17 49 6 0 2 30 37 46 42 11 22 29 29 13 
50 40 13 34 1 33 44 7 27 23 15 3 33 14 40 13 0 16 27 47 29 29 13 34 9 3 
39 37 42 22 14 11 8 4 23 3 45 31 9 32 13 6 20 0 41 27 42 49 47 24 7 30 
45 45 32 50 35 37 7 4 31 12 46 2 36 13 12 7 49 11 0 11 45 32 8 46 35 24 
10 22 7 18 4 42 14 35 43 19 17 27 5 38 16 39 27 28 20 0 17 4 34 29 15 35 
1 37 13 12 48 37 50 48 27 26 15 50 37 27 21 33 17 43 44 46 0 31 45 23 46 7 
6 31 26 18 20 26 44 43 33 4 6 1 24 46 33 17 29 29 13 1 39 0 40 1 49 34 
37 42 35 20 5 7 14 18 6 42 7 24 31 7 1 22 8 5 24 15 33 44 0 48 12 30 
2 16 11 45 19 16 30 28 34 33 35 9 23 28 48 42 33 18 4 26 43 49 22 0 13 30 
31 36 28 35 2 43 44 24 41 3 41 4 24 37 26 28 47 47 24 16 13 36 27 26 0 23 
50 27 45 37 38 4 45 49 15 39 31 3 44 32 41 41 36 33 26 8 39 9 31 28 49 0 
46 0 2 48 47 17 45 9 2 12 3 17 49 38 3 50 46 6 9 49 46 25 4 15 34 26 
27 3 0 2 19 35 41 46 17 38 42 2 47 2 48 44 22 1 33 30 24 42 49 30 26 12 
34 50 33 0 32 24 43 37 15 22 40 43 8 34 27 12 22 33 50 12 48 50 4 12 6 25 
24 22 36 11 0 34 29 23 26 7 2 41 14 36 15 50 16 33 31 8 1 14 18 6 19 3 
10 50 19 29 12 0 30 39 27 8 50 21 2 4 38 12 20 33 27 26 21 8 47 36 12 33 
18 23 4 5 11 6 0 17 18 8 24 30 5 47 46 22 3 37 28 15 29 14 29 43 47 32 
32 42 30 49 45 13 15 0 7 47 44 7 36 23 47 44 5 35 47 15 33 16 36 31 4 19 
22 20 21 34 19 40 31 7 0 24 29 14 37 19 14 11 15 48 1 2 16 17 14 31 21 25 
30 33 29 14 16 47 12 27 30 0 24 44 44 24 29 5 27 30 50 18 30 19 16 33 4 18 
18 35 30 38 2 8 39 1 10 39 0 8 2 43 8 33 3 10 40 40 17 22 25 23 47 39 
38 15 13 41 6 15 50 25 47 48 12 0 32 39 28 17 6 43 15 40 48 25 37 42 36 28 
10 27 44 37 46 44 13 33 50 15 43 26 0 11 4 25 9 28 47 11 21 22 21 12 24 12 
30 11 34 50 15 2 24 28 14 47 39 7 38 0 1 4 50 50 40 14 24 30 33 11 15 39 
48 40 31 15 7 39 15 20 25 17 34 29 33 35 0 14 20 49 47 8 37 3 40 47 7 21 
22 32 49 1 33 47 50 19 12 17 12 43 13 8 9 0 24 37 13 34 21 22 17 5 50 4 
31 36 4 29 37 9 44 25 44 35 7 17 20 43 21 34 0 11 22 19 3 28 36 40 50 13 
16 27 13 36 50 6 27 49 47 3 11 47 40 25 8 18 18 0 19 23 2 8 17 21 14 38 
11 45 36 48 27 45 47 5 17 21 33 32 39 44 30 31 18 24 0 40 10 37 22 48 12 36 
10 18 17 48 6 50 6 50 49 40 11 41 2 20 8 15 43 24 4 0 26 37 30 26 44 21 
40 44 31 4 1 40 48 25 13 17 28 30 7 11 22 27 32 41 5 19 0 40 17 4 33 46 
45 48 45 36 49 31 43 23 27 17 7 25 47 48 1 13 17 40 3 31 36 0 36 13 32 50 
5 39 21 25 32 23 40 49 9 6 42 4 39 14 37 36 7 30 45 16 2 36 0 44 5 7 
23 28 1 2 10 10 36 13 37 45 43 22 49 46 44 17 27 38 42 9 10 29 26 0 17 45 
30 6 18 16 48 19 45 17 19 10 46 39 47 49 47 7 41 2 19 44 14 9 35 2 0 50 
26 48 2 47 48 45 2 35 7 31 4 18 47 39 26 48 6 30 37 49 29 30 40 45 3 0 
19 0 27 7 23 32 21 22 17 17 23 21 43 21 22 15 44 5 41 18 44 39 45 13 43 47 
9 29 0 49 3 22 46 9 8 44 29 18 45 12 26 10 32 1 31 16 5 5 35 8 22 6 
24 40 22 0 2 14 25 14 15 27 23 42 24 14 46 27 13 36 27 43 47 49 44 15 8 12 
38 14 47 38 0 42 24 22 27 48 48 7 37 6 31 5 5 31 35 4 18 9 38 35 40 43 
19 9 15 25 7 0 31 25 14 40 26 11 17 27 35 49 21 47 17 49 21 27 30 46 39 43 
18 9 12 40 3 1 0 30 8 46 23 15 7 2 42 18 32 23 16 6 45 38 5 1 5 48 
13 21 37 19 16 39 14 0 27 33 39 22 14 24 38 25 31 10 31 12 34 14 45 26 31 39 
4 15 41 44 6 14 9 7 0 43 41 30 44 40 30 35 2 31 20 3 46 19 49 29 31 14 
29 24 39 21 34 19 46 6 31 0 13 25 23 33 27 26 14 7 32 48 45 38 20 1 28 33 
34 25 23 35 21 6 36 11 30 28 0 40 20 37 10 22 35 38 9 18 10 30 48 44 27 33 
12 18 31 36 27 9 23 12 39 50 44 0 23 22 11 7 40 13 3 50 36 45 20 23 26 11 
50 12 34 19 3 36 32 47 3 9 39 5 0 25 4 20 17 9 49 10 29 12 17 49 12 21 
17 46 45 42 39 42 45 6 26 27 48 40 43 0 36 15 13 27 19 3 19 35 38 50 30 19 
37 22 14 47 49 34 13 23 49 37 41 37 5 14 0 17 44 50 50 28 22 28 16 14 46 17 
36 48 47 43 36 30 47 15 23 3 21 32 9 27 43 0 35 18 45 50 24 26 22 6 36 26 
36 39 22 9 42 22 9 18 31 13 36 17 30 13 8 45 0 23 33 12 47 12 41 24 35 38 
10 21 15 22 41 14 43 11 18 1 42 25 7 31 32 13 14 0 29 14 7 18 38 33 43 30 
3 40 44 40 14 45 15 38 21 33 1 44 47 40 50 44 6 13 0 13 16 21 17 3 30 34 
48 13 10 28 20 22 39 23 43 39 25 49 22 4 7 27 37 36 49 0 31 19 18 39 15 14 
13 26 21 27 9 37 38 14 6 17 32 6 11 1 11 13 22 4 2 25 0 45 34 9 6 40 
34 31 5 50 16 31 25 45 14 8 47 19 46 34 2 38 35 17 38 25 21 0 27 36 38 19 
47 14 37 41 19 29 17 15 37 26 7 34 15 40 37 8 11 47 44 14 45 26 0 21 1 38 
11 18 22 32 20 8 46 17 31 20 17 38 5 46 29 30 4 10 9 46 5 20 27 0 2 17 
10 30 42 24 25 21 44 37 3 9 12 46 33 17 19 12 17 34 21 20 20 7 1 15 0 35 
41 17 12 6 33 41 41 20 16 10 28 4 43 7 49 24 2 2 38 18 34 22 43 41 34 0 
38 0 36 7 32 47 4 29 28 40 35 5 32 32 21 18 21 26 18 8 41 8 24 28 23 47 
19 5 0 14 47 1 19 24 22 22 46 5 35 38 19 7 49 26 4 23 44 42 20 32 20 48 
9 5 36 0 50 26 14 9 35 36 28 50 16 31 40 16 32 11 11 26 14 37 39 49 2 43 
33 21 5 29 0 6 49 23 44 50 43 15 38 23 46 32 46 1 3 41 7 34 46 15 8 13 
32 10 7 7 12 0 20 6 35 8 44 44 5 6 31 30 27 22 31 47 1 44 39 15 44 18 
36 36 9 45 9 37 0 7 48 16 24 39 16 37 39 23 10 4 15 2 39 42 45 23 12 31 
12 15 18 7 20 44 45 0 13 40 26 35 47 41 49 8 37 7 41 7 41 12 35 43 25 42 
40 24 14 6 26 41 14 47 0 15 48 23 40 41 47 31 44 3 48 13 39 13 14 17 45 2 
36 5 16 22 20 27 22 43 16 0 30 20 32 8 14 35 21 1 26 2 36 48 17 44 26 47 
9 38 31 37 29 27 8 20 4 41 0 37 48 26 46 21 1 47 26 17 12 13 46 34 28 18 
13 38 16 9 5 20 11 41 26 11 40 0 42 7 38 4 13 13 4 24 49 24 26 31 31 35 
1 41 28 15 34 13 4 3 20 17 39 43 0 11 49 22 26 8 50 35 31 9 40 39 13 49 
1 42 11 30 45 38 7 35 24 4 29 34 26 0 42 48 37 39 38 21 16 21 2 5 2 23 
16 26 47 1 27 12 3 16 17 34 22 44 24 25 0 30 32 9 37 46 44 43 33 9 37 45 
21 2 18 48 29 49 38 9 7 29 12 11 34 48 43 0 26 19 10 8 27 44 16 13 42 34 
13 16 10 9 31 34 18 10 7 6 10 36 18 38 36 35 0 35 17 47 18 22 25 39 3 19 
25 24 1 11 1 5 40 26 14 16 34 28 50 27 46 45 1 0 28 42 34 40 1 22 23 43 
9 50 17 24 13 38 27 8 41 6 10 18 50 6 2 20 10 5 0 22 2 7 36 40 1 24 
21 48 47 19 29 25 2 28 19 43 5 23 3 2 29 8 21 9 22 0 36 27 2 22 41 14 
30 46 50 21 36 24 10 17 1 42 41 30 39 13 32 9 40 32 14 47 0 48 8 3 44 45 
37 27 19 15 47 20 26 7 6 49 29 3 7 33 19 45 7 2 10 38 28 0 32 47 41 28 
38 21 8 44 17 23 44 6 27 49 48 42 2 4 23 15 23 34 14 3 6 34 0 49 46 3 
42 6 44 7 17 6 30 28 37 10 49 19 14 40 27 36 47 31 35 22 4 5 49 0 38 23 
6 49 33 38 23 4 22 13 42 25 17 50 50 10 44 18 14 16 44 24 47 10 44 38 0 17 
9 4 15 25 49 37 8 6 34 12 7 47 41 15 7 27 7 22 15 10 36 48 21 41 4 0 
40 0 40 5 14 27 47 5 45 22 14 1 8 39 43 39 10 44 16 49 38 21 24 1 38 48 
41 38 0 30 29 32 12 34 24 21 10 48 3 43 8 15 2 3 20 2 7 19 18 30 26 50 
42 32 22 0 4 33 16 39 18 17 36 10 26 17 40 2 17 35 18 33 42 8 2 8 34 36 
19 5 50 32 0 29 23 8 4 29 40 31 12 21 38 45 9 35 27 23 6 26 36 30 50 40 
35 1 47 35 43 0 41 24 38 18 14 11 40 36 38 13 2 23 39 1 22 6 15 30 39 34 
23 25 36 29 11 34 0 26 50 43 44 23 11 19 37 50 7 24 3 24 34 19 49 39 10 5 
4 48 30 29 34 21 21 0 9 2 20 16 39 10 8 31 36 41 44 45 41 41 4 2 2 16 
32 12 6 6 16 24 37 27 0 24 7 36 47 21 9 24 2 3 18 17 34 19 14 46 44 48 
28 6 45 20 14 1 46 28 14 0 2 9 16 4 37 46 30 12 36 1 45 40 20 35 22 39 
38 36 36 18 47 19 17 13 8 38 0 19 43 8 11 7 41 19 8 7 15 37 50 32 21 5 
7 28 45 49 9 9 21 24 31 26 15 0 11 11 17 34 43 3 46 49 28 38 5 26 45 5 
21 12 29 7 3 39 5 15 14 41 41 22 0 14 49 30 49 20 27 35 43 31 8 42 24 22 
34 4 33 44 17 2 3 1 45 39 47 43 17 0 29 38 10 46 48 27 44 22 39 48 20 29 
19 29 42 3 24 13 21 5 36 19 36 23 22 47 0 39 39 22 20 11 33 7 4 49 48 33 
36 11 15 30 50 46 6 13 16 49 24 11 48 21 26 0 26 38 31 11 2 38 25 1 38 6 
50 20 38 38 22 16 31 45 21 39 2 6 25 36 24 30 0 10 6 48 15 28 24 50 35 7 
20 23 38 46 45 11 11 28 25 1 26 19 26 44 34 44 17 0 28 32 24 21 13 45 38 23 
29 19 4 23 28 26 20 3 31 3 43 43 49 26 28 42 29 50 0 36 48 12 35 13 14 22 
12 47 18 11 37 7 28 1 23 17 43 7 5 48 25 7 16 45 41 0 42 2 18 3 4 33 
42 13 10 41 12 44 7 40 2 17 30 2 43 44 46 15 42 26 9 36 0 35 24 3 12 41 
47 40 22 23 20 44 45 15 29 45 45 19 11 12 23 37 18 3 32 45 5 0 24 1 45 27 
10 42 44 19 48 18 11 48 50 16 5 35 18 32 23 36 38 14 50 2 46 31 0 15 36 50 
18 21 21 17 37 23 39 27 46 11 2 1 47 32 27 34 21 12 47 19 2 1 22 0 9 10 
18 10 2 44 32 30 28 8 20 30 47 40 32 13 43 17 8 22 22 22 35 42 32 23 0 18 
25 20 18 18 48 18 50 13 7 20 13 37 34 15 32 24 44 28 3 30 45 40 49 4 3 0 
45 0 29 1 37 26 27 29 30 26 7 10 10 40 22 13 48 27 26 44 30 30 25 7 41 48 
41 14 0 30 43 24 36 21 15 16 4 39 50 26 32 43 35 8 9 9 22 14 5 6 41 33 
19 15 5 0 25 23 21 22 10 39 36 13 50 37 3 21 39 46 24 19 24 49 1 44 1 45 
23 16 49 19 0 34 37 9 40 11 5 22 16 40 44 34 18 40 38 46 31 36 21 7 38 33 
19 31 38 18 35 0 18 21 4 30 1 5 23 41 5 49 4 10 27 48 50 23 7 31 36 6 
9 14 48 21 10 2 0 10 12 37 16 7 22 23 26 38 2 13 11 44 29 45 49 33 48 27 
26 45 9 39 10 13 50 0 2 12 26 4 23 34 20 49 45 12 5 40 43 33 38 1 10 48 
11 47 38 7 12 10 32 1 0 44 35 8 1 23 27 4 8 20 11 50 35 30 29 41 45 35 
33 45 44 6 45 39 44 50 41 0 50 17 12 46 50 17 22 22 41 36 41 45 40 29 36 35 
13 27 1 26 19 33 6 44 22 29 0 16 39 46 49 47 15 2 32 28 38 46 24 12 34 13 
8 39 5 4 41 44 17 8 21 33 12 0 43 25 23 17 11 19 24 22 2 34 27 42 40 27 
43 8 1 49 40 39 16 18 13 12 45 2 0 40 32 36 50 32 25 17 35 22 28 10 11 28 
28 1 40 33 29 31 47 15 28 48 36 16 9 0 32 44 46 26 12 11 23 9 30 42 36 2 
3 3 26 6 6 16 48 41 22 12 39 26 35 35 0 31 48 38 12 35 50 35 23 44 23 39 
46 17 50 39 19 48 9 5 31 27 29 22 10 23 33 0 38 25 38 20 6 21 42 28 30 25 
21 18 8 36 18 31 10 3 17 10 50 49 3 3 14 30 0 22 5 8 3 27 29 40 3 13 
10 35 24 18 19 5 40 20 14 48 31 1 19 13 47 20 19 0 43 13 34 39 23 36 6 26 
49 37 20 28 49 43 29 6 24 9 46 36 35 49 5 11 30 40 0 5 34 29 4 42 11 33 
8 36 27 19 24 37 50 18 43 20 18 20 42 15 6 2 46 45 5 0 2 34 35 45 8 24 
10 34 31 22 47 46 46 9 46 41 7 2 37 1 22 47 19 43 29 38 0 41 39 25 50 33 
34 10 38 10 49 24 42 19 46 15 4 19 46 46 25 23 11 46 25 49 1 0 9 44 33 6 
16 42 17 21 33 21 10 32 40 13 37 9 50 48 18 16 33 41 37 19 28 23 0 48 5 16 
31 44 50 1 32 25 16 5 5 33 32 25 49 14 44 45 37 6 33 38 14 12 49 0 7 33 
18 19 7 15 28 44 45 13 6 3 28 10 31 8 39 21 5 45 15 36 41 35 28 43 0 25 
41 17 15 17 2 19 45 44 18 15 7 9 40 27 40 38 13 43 12 17 35 7 48 45 17 0 
10 0 17 35 22 43 33 42 14 41 38 27 30 46 4 34 33 17 13 44 33 12 15 18 26 48 
28 42 0 17 27 40 35 19 21 50 42 3 11 22 26 33 16 46 50 40 13 8 18 39 28 34 
19 44 5 0 13 6 46 49 10 24 15 41 26 38 1 3 8 10 47 13 32 23 45 37 11 17 
17 15 29 13 0 41 11 3 39 43 22 42 15 9 45 47 4 2 49 12 42 41 8 49 37 6 
49 22 27 47 12 0 24 7 45 46 39 31 21 47 34 4 38 37 45 30 12 44 2 2 16 28 
21 46 26 19 27 9 0 16 42 8 42 40 27 42 31 49 35 20 13 6 16 34 5 16 9 5 
4 13 20 26 12 48 20 0 11 20 42 28 32 26 19 30 15 29 40 42 14 12 45 15 31 27 
24 39 46 1 44 17 31 17 0 15 24 46 47 17 46 44 21 16 23 40 21 4 45 45 27 1 
5 15 24 45 43 9 49 39 49 0 38 10 24 11 26 25 48 15 11 46 34 19 13 44 49 44 
47 23 25 11 23 30 44 20 50 39 0 2 7 23 22 15 48 8 19 9 35 48 5 47 15 24 
40 34 50 43 33 43 22 26 2 47 37 0 24 29 26 9 16 4 11 38 24 41 42 40 31 37 
11 45 36 14 47 42 26 11 38 34 46 45 0 28 18 46 31 31 21 25 29 24 30 43 50 19 
44 44 10 42 33 48 45 19 6 22 49 36 12 0 6 6 11 14 41 43 14 21 26 44 42 43 
11 22 15 2 14 32 2 36 46 3 48 17 19 6 0 36 1 27 23 46 48 46 20 16 20 19 
10 40 1 37 48 18 1 19 49 22 27 31 18 43 41 0 47 50 17 3 9 45 46 36 8 13 
45 4 48 44 48 41 6 45 34 4 42 2 50 48 35 48 0 48 20 34 9 21 9 30 6 1 
46 4 14 12 24 15 4 44 25 4 15 3 25 2 32 22 36 0 34 40 49 46 1 19 18 11 
47 26 2 49 43 36 24 43 43 3 38 42 34 10 39 38 9 25 0 45 21 45 24 19 3 37 
35 26 41 7 6 46 35 46 1 28 39 3 45 33 18 41 11 32 50 0 44 30 3 25 1 11 
37 26 25 47 16 24 8 50 12 8 11 33 36 37 7 4 47 33 33 50 0 36 14 43 27 31 
35 42 19 9 8 32 2 41 47 20 20 10 50 35 4 32 3 34 25 8 8 0 25 45 43 40 
34 20 42 2 26 23 34 49 17 32 32 40 41 5 26 10 43 40 18 38 45 48 0 48 29 19 
33 31 18 20 23 10 47 27 19 24 13 10 39 22 47 36 11 33 4 22 43 13 29 0 49 48 
15 36 28 5 46 37 23 14 33 43 43 17 30 44 22 36 13 22 31 14 50 5 18 22 0 3 
34 15 44 7 27 21 3 19 22 8 24 20 22 24 38 40 47 6 29 5 20 32 39 33 37 0 
30 0 41 48 35 48 11 19 6 3 12 22 29 7 7 23 40 48 8 37 48 16 42 49 44 24 
4 49 0 39 18 33 3 26 12 21 47 30 5 35 24 47 6 14 19 12 16 12 41 50 7 15 
23 24 3 0 35 21 39 43 5 11 45 13 30 39 21 10 47 17 37 10 43 36 13 35 40 42 
3 23 37 29 0 12 14 49 33 3 11 29 24 27 50 9 38 50 24 29 35 27 25 49 3 20 
46 4 40 15 29 0 10 39 13 43 19 16 6 26 49 32 14 47 37 11 31 23 40 37 2 5 
36 40 6 6 16 28 0 25 34 10 17 10 10 18 24 1 40 11 35 32 44 33 25 25 48 21 
30 39 39 23 47 7 17 0 38 11 44 21 34 8 28 41 42 22 17 33 22 5 30 13 10 41 
13 6 6 9 23 12 16 8 0 36 36 39 36 12 13 11 43 22 7 31 31 7 3 7 41 2 
11 8 42 27 16 1 27 29 32 0 34 1 12 30 39 32 5 26 23 43 3 6 11 4 23 29 
33 23 32 30 35 10 49 16 7 12 0 5 24 32 20 36 13 7 30 30 10 32 42 19 49 26 
32 31 15 39 46 50 4 20 48 34 28 0 45 50 48 25 2 46 24 27 28 32 44 3 7 40 
49 31 25 13 48 41 5 34 4 3 29 35 0 28 11 13 1 4 35 36 9 18 8 32 5 8 
36 19 42 21 45 38 28 8 49 47 19 30 7 0 1 43 23 12 46 45 46 18 19 14 15 28 
29 10 18 49 22 42 50 20 6 12 23 13 13 10 0 16 2 28 29 14 44 22 47 34 43 36 
7 12 38 10 41 18 6 28 44 16 28 11 9 27 6 0 20 10 2 39 21 11 49 37 30 45 
40 40 50 21 7 32 27 25 14 15 31 12 11 16 45 18 0 36 19 44 39 41 20 3 9 25 
12 46 45 23 25 9 26 9 15 1 28 6 7 38 35 2 37 0 45 12 26 8 49 37 45 4 
26 30 43 41 4 20 38 42 47 45 37 32 3 39 7 5 4 47 0 15 17 12 29 32 10 37 
5 25 41 33 17 14 9 1 19 50 29 33 18 12 31 41 14 11 43 0 49 21 34 6 6 21 
4 3 23 29 42 47 49 34 5 49 46 48 9 31 31 28 31 34 40 29 0 22 37 36 34 26 
49 18 39 11 17 21 20 35 13 13 12 37 22 28 3 31 50 13 13 36 44 0 5 31 12 21 
40 1 17 27 49 18 17 40 4 44 30 10 23 38 28 26 13 47 18 20 42 10 0 6 37 49 
23 24 23 48 33 44 38 28 41 28 21 3 9 14 46 45 47 19 35 24 21 27 26 0 35 11 
32 9 13 43 29 30 45 31 29 26 44 45 42 21 1 42 33 33 11 8 24 4 34 23 0 25 
46 41 22 13 28 47 49 39 38 2 36 25 35 13 48 26 23 31 38 2 1 5 48 35 32 0 
