12
4
29 0 21 34 28 
43 27 0 25 48 
30 35 33 0 50 
34 2 24 32 0 
49 0 45 40 36 
44 42 0 28 45 
1 12 25 0 18 
45 14 43 10 0 
29 0 46 21 28 
45 44 0 12 41 
15 2 28 0 31 
31 39 39 39 0 
14 0 44 27 45 
3 36 0 17 38 
43 39 28 0 31 
2 8 3 16 0 
42 0 24 22 39 
31 46 0 37 6 
33 50 21 0 43 
14 48 15 12 0 
23 0 36 4 2 
37 49 0 7 43 
29 33 35 0 7 
17 31 39 7 0 
49 0 12 39 8 
18 1 0 9 18 
8 22 12 0 3 
15 24 24 46 0 
25 0 16 9 16 
4 1 0 30 44 
17 29 10 0 48 
11 30 39 2 0 
11 0 14 45 3 
9 7 0 45 23 
28 37 45 0 15 
37 5 29 5 0 
10 0 40 32 2 
23 23 0 4 48 
33 46 41 0 39 
42 11 7 28 0 
33 0 10 42 1 
30 21 0 37 18 
21 37 39 0 18 
7 15 7 13 0 
1 0 5 39 22 
49 38 0 30 39 
11 47 21 0 14 
16 7 32 18 0 
