12
7
7 0 15 39 10 10 8 43 
23 49 0 40 43 17 37 30 
29 25 12 0 38 44 44 14 
28 3 48 16 0 8 4 11 
37 35 48 49 39 0 50 23 
34 20 46 38 26 30 0 43 
14 48 10 21 40 42 29 0 
13 0 45 12 12 16 47 29 
12 42 0 45 3 4 32 37 
14 42 45 0 29 38 7 45 
6 16 1 19 0 14 21 15 
6 38 45 19 13 0 33 24 
41 36 38 23 3 44 0 23 
29 2 36 22 48 7 50 0 
6 0 16 43 3 35 35 8 
29 12 0 43 3 26 15 6 
4 50 35 0 42 50 14 24 
6 7 6 35 0 13 22 28 
15 15 47 16 15 0 16 50 
22 2 16 28 49 16 0 12 
25 45 21 27 30 18 25 0 
2 0 2 30 49 44 26 1 
9 37 0 18 22 13 30 14 
47 47 37 0 12 49 6 32 
49 19 14 2 0 48 12 32 
13 36 9 34 5 0 4 14 
14 17 18 22 40 50 0 14 
16 49 6 36 36 49 28 0 
49 0 35 16 32 12 43 4 
33 17 0 48 46 14 19 47 
2 9 39 0 8 27 1 34 
30 19 40 9 0 6 19 33 
20 9 16 12 14 0 5 15 
1 43 3 44 11 10 0 31 
1 20 26 26 32 18 14 0 
40 0 17 28 9 48 45 19 
16 26 0 23 6 25 21 14 
9 33 35 0 1 15 33 1 
17 37 15 17 0 41 3 29 
49 15 34 25 2 0 19 30 
42 38 3 17 11 46 0 36 
17 30 39 37 40 18 43 0 
38 0 42 26 18 35 14 24 
31 14 0 43 8 42 40 17 
12 39 31 0 23 2 34 18 
45 32 34 5 0 38 16 50 
7 27 31 2 35 0 37 12 
23 8 8 17 6 7 0 11 
25 11 10 19 6 19 5 0 
42 0 8 14 38 35 26 44 
10 42 0 14 48 49 24 24 
37 12 6 0 7 4 6 40 
32 24 7 47 0 28 7 21 
22 25 36 32 47 0 46 16 
20 18 15 1 12 19 0 13 
16 45 19 7 33 38 38 0 
49 0 4 12 3 13 16 10 
35 7 0 41 7 19 23 39 
17 28 17 0 2 29 8 18 
45 42 7 42 0 38 27 16 
29 38 40 45 19 0 33 23 
22 24 30 35 30 6 0 35 
11 24 44 43 46 24 49 0 
17 0 3 6 5 30 21 4 
13 6 0 11 25 40 45 6 
19 1 13 0 1 41 16 46 
4 37 17 49 0 3 33 35 
18 13 50 43 3 0 17 12 
36 35 41 40 13 20 0 9 
19 19 10 41 12 30 42 0 
24 0 32 43 5 8 4 14 
16 39 0 6 28 39 20 46 
44 12 32 0 37 29 44 34 
16 22 11 29 0 47 38 36 
18 8 9 41 4 0 43 44 
31 7 38 45 14 49 0 20 
47 36 12 24 50 14 26 0 
8 0 28 5 34 36 9 8 
10 32 0 27 12 17 28 48 
32 48 37 0 36 28 2 13 
5 45 42 15 0 46 14 20 
37 50 5 47 24 0 10 11 
30 5 8 18 35 36 0 21 
26 11 34 48 21 23 15 0 
