12
39
43 0 34 7 2 33 6 10 26 46 30 22 16 37 12 49 24 35 30 37 13 27 21 24 7 23 37 30 3 29 23 39 20 32 40 32 4 45 37 12 
34 8 0 38 29 29 4 30 34 17 35 25 31 34 24 42 17 23 11 1 30 46 27 8 48 24 41 2 35 48 31 45 30 49 19 3 6 40 42 45 
3 43 3 0 13 18 4 43 6 47 40 23 10 43 45 8 17 8 1 41 6 38 2 46 37 37 40 45 32 15 21 37 28 31 16 48 37 43 14 40 
44 31 36 6 0 45 26 22 2 36 42 3 46 5 49 37 8 2 47 17 27 28 9 11 41 26 4 45 29 28 47 21 24 44 11 47 26 3 47 2 
12 15 38 10 41 0 13 26 33 30 44 8 47 41 27 37 13 35 20 45 31 41 31 43 25 40 21 29 2 44 3 12 6 5 45 5 12 40 50 20 
28 50 21 16 35 20 0 50 30 47 8 49 12 6 8 16 11 31 23 14 21 20 34 24 39 27 33 3 42 46 23 25 23 36 50 17 31 21 16 8 
5 40 42 33 45 45 41 0 6 49 40 35 24 40 27 29 50 44 27 32 39 3 18 8 35 25 33 27 27 6 41 36 41 16 16 9 31 29 2 29 
45 37 27 5 3 12 49 36 0 47 8 50 24 4 39 28 5 38 32 7 8 13 19 15 50 9 4 44 9 25 18 48 22 43 48 38 2 26 14 6 
23 26 48 31 19 6 18 32 3 0 38 11 22 50 22 45 17 26 23 27 47 50 18 40 11 29 10 29 32 7 1 26 30 25 27 35 32 15 39 46 
45 41 23 42 21 15 46 49 50 48 0 32 12 30 49 17 7 6 36 37 2 10 27 37 26 2 13 31 48 23 38 13 2 38 27 33 6 27 27 20 
47 34 12 30 34 25 39 46 31 8 21 0 30 46 28 37 37 18 5 47 41 9 34 49 26 12 36 30 25 3 16 12 30 29 17 41 19 48 48 3 
1 13 17 1 40 3 9 17 25 1 41 16 0 1 31 37 11 13 35 36 19 48 46 15 43 15 46 42 1 30 38 19 39 20 2 47 28 43 34 10 
24 3 20 6 24 13 1 12 49 43 7 28 34 0 12 29 6 5 48 24 36 44 11 9 38 37 33 2 46 49 35 9 19 30 26 13 16 29 41 42 
31 15 35 43 8 23 10 35 28 42 47 42 31 20 0 48 16 13 45 32 19 42 12 5 14 15 35 39 49 9 50 13 28 15 7 43 22 10 19 1 
15 28 48 25 5 3 43 28 49 32 10 50 22 47 23 0 1 19 10 22 28 23 35 12 26 28 29 19 28 25 27 27 6 45 44 18 41 45 38 50 
12 23 7 40 17 50 50 42 31 42 6 25 12 39 41 29 0 30 17 22 47 27 34 16 4 23 6 4 5 29 30 32 6 32 11 11 6 16 46 45 
27 29 37 39 36 19 3 16 18 5 16 38 25 23 41 24 28 0 7 4 17 12 46 45 14 2 10 1 43 2 28 35 13 35 22 45 18 40 45 31 
36 21 41 36 1 13 43 8 34 41 37 33 50 13 29 34 32 34 0 24 37 26 19 10 14 41 20 3 3 4 29 24 35 34 26 19 47 21 10 45 
1 9 3 17 2 15 46 36 50 7 38 14 35 17 8 5 17 11 27 0 46 31 11 40 4 6 18 3 50 24 45 32 14 23 40 23 28 24 2 9 
50 45 35 4 47 17 16 39 18 26 22 2 37 45 14 14 41 20 49 12 0 34 12 47 12 5 25 25 42 45 44 30 32 16 2 27 1 47 7 44 
38 41 29 35 24 3 44 45 19 9 27 33 9 25 40 25 38 49 23 49 22 0 42 24 45 25 46 40 36 35 18 13 18 34 26 11 22 6 28 23 
10 12 30 6 33 18 12 22 7 26 28 40 3 24 9 22 46 17 35 11 29 13 0 9 11 1 46 10 49 34 15 18 20 11 27 13 38 42 37 42 
27 13 25 34 10 8 29 11 44 26 4 15 6 21 17 44 48 4 20 5 38 9 14 0 38 43 8 8 30 27 11 21 30 10 26 8 48 5 30 49 
3 23 36 17 23 30 50 13 49 44 33 16 35 23 32 4 19 50 37 41 2 50 50 35 0 33 5 24 5 31 14 19 40 18 5 18 33 3 43 41 
9 43 46 9 36 44 46 37 8 29 22 40 49 18 39 47 3 24 2 34 18 6 46 32 36 0 26 43 48 30 6 50 2 26 9 29 49 7 41 14 
41 38 19 17 27 10 24 21 23 30 9 15 9 2 9 23 3 48 14 24 10 2 48 8 3 30 0 20 15 40 39 41 41 12 10 11 47 50 40 20 
23 13 5 21 19 22 42 41 1 17 37 27 2 43 18 4 39 40 12 14 47 40 10 32 34 39 18 0 3 49 41 13 24 13 29 41 11 6 32 29 
36 12 39 20 48 4 13 39 48 45 6 23 8 39 26 23 34 4 24 37 30 4 39 42 10 5 13 15 0 24 2 7 49 8 11 26 3 9 20 12 
28 22 50 21 9 44 19 6 35 37 6 8 8 32 45 50 32 23 48 11 43 41 48 16 46 38 7 15 47 0 14 24 15 14 42 46 16 30 34 31 
49 42 50 29 28 18 45 50 18 14 12 44 30 12 10 19 38 24 35 25 21 37 4 9 22 13 42 44 17 36 0 29 20 49 42 49 19 44 13 20 
49 2 38 40 2 36 20 44 4 5 23 9 42 46 9 10 12 39 41 7 15 26 1 34 32 35 43 46 39 13 41 0 26 26 4 36 24 33 47 3 
24 3 20 39 40 44 28 38 24 40 33 37 31 3 6 5 23 2 5 9 17 43 24 6 41 14 48 34 38 10 35 28 0 15 36 18 5 46 37 11 
40 5 48 19 6 6 26 11 23 20 49 14 23 29 39 36 31 29 15 49 27 47 45 50 14 6 5 23 45 36 2 10 37 0 41 16 4 20 25 19 
50 16 4 25 14 40 47 13 50 27 1 37 26 32 39 35 44 10 48 5 1 1 4 16 38 18 40 27 32 14 36 16 7 11 0 15 33 24 23 31 
11 18 43 6 47 45 49 26 29 48 6 23 44 23 20 18 49 13 38 37 47 1 20 31 36 41 35 31 16 17 7 12 21 30 38 0 38 8 46 8 
22 40 43 11 30 26 42 42 44 37 43 17 21 36 37 35 10 48 12 20 6 10 18 10 12 42 45 2 15 35 33 11 4 6 16 47 0 4 40 41 
5 45 50 42 45 24 1 36 26 35 46 28 41 46 26 2 13 23 33 49 39 32 40 28 10 5 32 13 15 21 40 31 21 8 8 25 6 0 18 24 
36 12 6 19 18 19 7 42 15 29 4 3 25 22 41 3 24 6 23 33 40 42 38 21 5 45 16 8 34 39 1 47 46 50 47 38 33 13 0 23 
9 3 13 18 35 12 19 16 10 31 6 34 20 33 36 34 45 25 35 15 23 3 50 9 26 29 7 8 25 25 4 20 11 33 14 30 28 25 3 0 
10 0 37 30 7 28 29 5 31 15 10 16 3 13 49 49 1 6 4 4 42 7 5 11 41 35 27 36 23 37 19 6 7 20 22 25 28 44 47 23 
31 21 0 48 43 48 10 22 41 21 13 33 9 27 24 33 47 5 26 39 22 1 43 33 44 46 4 10 33 41 24 22 7 10 31 23 21 9 13 13 
32 13 36 0 16 11 4 11 30 33 38 26 21 2 6 25 22 39 39 4 48 45 1 40 1 48 42 26 49 46 1 12 38 43 14 7 9 16 27 22 
40 35 25 27 0 46 16 4 20 2 35 10 35 33 6 15 19 32 24 36 19 20 28 12 34 33 26 39 28 39 49 17 7 12 18 14 13 20 24 44 
35 44 22 25 15 0 37 17 30 33 28 45 26 35 30 9 3 12 23 41 45 21 28 26 31 4 19 4 23 15 42 3 49 8 31 1 25 48 4 48 
48 17 47 6 1 45 0 23 32 27 3 16 2 40 30 30 24 8 19 41 21 47 34 44 15 41 26 46 19 5 30 35 5 9 26 44 28 25 22 25 
37 32 37 27 20 50 40 0 13 20 28 8 43 6 7 34 2 15 24 32 15 25 49 5 28 47 19 11 44 15 36 2 50 37 44 5 40 10 7 24 
16 2 14 26 41 48 38 29 0 48 25 24 29 5 43 7 50 39 28 10 30 2 39 46 48 34 26 9 6 12 3 44 42 9 50 17 14 12 23 14 
30 10 40 14 19 41 8 48 7 0 31 45 16 13 50 27 22 27 6 16 42 15 39 32 18 45 31 33 21 5 27 44 39 16 14 30 21 12 26 28 
7 27 29 2 26 18 37 32 42 32 0 29 41 8 47 31 49 42 29 23 19 38 9 37 43 30 37 6 1 49 21 6 10 1 29 10 15 37 37 6 
50 8 50 41 39 27 37 36 43 35 16 0 39 43 40 8 40 48 41 37 23 40 12 37 34 22 26 19 40 30 37 16 13 5 24 23 11 39 19 48 
16 44 2 14 17 33 32 14 21 44 39 12 0 25 1 15 17 39 22 16 19 14 9 47 6 6 19 4 35 20 17 47 1 29 44 22 29 38 48 21 
1 40 12 48 47 41 26 42 13 40 7 35 40 0 24 50 35 7 48 47 9 48 30 48 45 4 47 38 33 32 30 37 30 41 2 15 29 2 11 50 
15 30 27 41 45 13 33 7 28 30 9 15 31 42 0 39 23 22 43 18 45 1 4 43 11 34 3 28 45 39 10 21 34 46 49 32 30 21 39 3 
33 22 40 11 4 23 15 7 38 2 29 44 37 35 17 0 50 12 38 17 8 43 35 38 19 19 9 26 19 33 10 10 2 33 41 35 24 11 44 40 
38 19 47 40 44 10 16 35 49 30 50 21 42 5 32 11 0 48 34 22 42 46 48 46 24 29 42 28 12 47 50 44 39 19 48 30 40 46 45 45 
9 3 24 27 40 34 40 18 48 1 31 37 40 40 2 44 41 0 24 24 12 2 33 5 39 50 37 11 2 45 25 43 15 3 39 13 40 22 21 6 
41 39 24 30 11 16 13 4 49 18 5 40 17 23 34 44 26 49 0 35 28 4 23 38 24 23 9 16 34 2 27 13 22 21 18 33 24 29 3 45 
23 37 33 12 35 40 36 27 43 20 46 38 42 38 43 3 19 1 50 0 8 2 1 29 3 23 6 33 20 49 40 10 15 23 5 12 42 21 11 4 
35 37 33 24 15 6 40 22 35 28 15 15 23 29 46 43 23 8 31 40 0 30 8 17 28 3 10 31 15 37 26 1 32 8 48 16 21 20 27 15 
47 33 35 48 42 35 26 38 37 28 12 40 35 41 21 24 27 21 6 21 5 0 25 26 35 10 28 34 7 25 14 25 24 46 43 34 7 46 10 26 
43 28 23 45 37 26 36 16 42 37 25 39 1 14 7 11 23 8 50 39 14 2 0 19 13 24 3 39 44 43 7 15 28 17 45 13 44 32 31 39 
10 24 13 42 20 1 25 25 10 40 33 12 50 46 22 13 42 9 10 22 35 37 42 0 24 35 23 47 22 6 2 13 29 42 20 41 15 2 10 49 
13 49 28 30 5 11 45 15 33 46 33 21 36 23 9 4 23 32 39 8 48 5 3 20 0 9 28 4 20 31 5 8 11 33 10 48 23 7 7 38 
14 41 8 15 27 23 31 28 7 34 16 18 33 13 3 2 8 46 9 22 28 7 25 35 28 0 38 22 39 26 25 36 48 17 45 26 17 40 41 27 
47 28 50 48 37 15 38 26 49 31 9 40 28 49 35 11 8 16 24 37 39 1 43 3 32 48 0 19 2 39 38 36 13 18 20 13 45 28 9 39 
20 41 13 24 8 18 35 9 49 32 34 19 2 17 4 38 46 36 48 16 39 47 36 37 11 46 47 0 22 8 37 41 33 49 27 4 47 26 27 35 
35 48 40 20 20 5 20 34 46 15 32 17 9 31 44 50 24 5 26 14 13 21 13 1 13 41 2 20 0 26 14 8 13 19 1 13 19 50 28 16 
33 42 12 1 8 26 20 33 3 6 27 30 42 50 14 22 14 35 39 7 30 3 50 9 33 8 20 48 8 0 18 25 1 47 39 44 23 1 21 6 
25 44 9 49 15 49 34 16 13 6 30 49 35 12 21 37 31 42 4 19 1 7 22 25 36 32 27 34 3 7 0 42 22 44 29 14 14 22 4 36 
10 49 42 7 43 29 19 40 40 26 3 13 32 47 3 6 19 22 34 14 34 22 1 13 7 15 8 6 7 48 8 0 16 27 6 45 20 9 50 30 
47 17 42 38 8 1 44 10 25 42 24 45 42 38 41 3 38 48 29 1 29 21 14 34 42 19 38 37 26 3 33 48 0 20 43 38 47 42 35 44 
13 13 5 34 14 34 3 16 28 36 4 7 23 30 49 2 26 4 8 47 39 14 8 35 23 9 26 26 50 1 44 11 4 0 5 17 39 25 38 50 
1 39 3 10 1 23 47 11 18 22 42 12 44 35 38 5 50 5 20 11 6 8 28 17 28 43 43 3 18 14 10 27 38 5 0 8 8 37 4 7 
13 27 49 9 5 9 39 1 27 17 50 17 34 5 27 45 44 11 37 32 9 30 44 43 5 12 15 24 40 27 30 19 46 49 8 0 35 7 49 24 
8 40 42 17 37 18 47 26 23 12 10 14 47 50 23 49 33 33 6 5 43 45 15 12 50 37 32 21 36 47 42 38 45 38 29 43 0 17 14 8 
25 8 36 42 13 30 14 33 19 24 1 25 3 1 45 31 14 25 31 17 50 37 27 41 26 20 23 19 10 21 30 32 20 25 31 48 8 0 3 2 
32 37 4 13 48 35 22 40 37 1 7 16 18 37 48 8 39 31 45 16 44 8 45 24 49 44 20 6 28 21 47 24 11 24 50 31 47 24 0 30 
6 5 31 36 19 3 6 13 45 22 17 42 17 13 37 9 24 43 30 15 4 16 16 12 17 5 34 5 45 38 17 12 16 2 39 12 14 23 27 0 
22 0 44 32 25 34 12 29 30 11 25 15 26 39 17 9 26 41 39 19 20 14 19 1 18 8 6 6 26 15 24 26 45 2 16 9 22 23 42 32 
1 38 0 25 23 31 30 13 29 45 8 27 49 24 45 4 13 3 43 14 18 29 6 3 16 38 49 20 24 23 8 37 4 50 7 19 32 40 47 20 
38 46 27 0 11 19 39 25 2 1 49 4 7 30 9 24 4 45 36 10 36 32 11 40 7 37 21 24 50 17 26 22 24 7 23 26 23 3 46 35 
27 13 47 20 0 25 20 2 8 45 26 4 25 46 31 11 39 28 7 21 24 48 16 26 35 25 27 30 1 7 34 2 1 49 2 33 24 35 41 15 
37 36 14 29 25 0 14 2 27 44 46 35 48 17 33 22 37 11 38 12 45 48 40 1 1 11 24 3 26 45 48 38 4 37 42 34 38 34 37 1 
22 24 1 37 5 23 0 36 36 19 27 15 23 36 24 46 18 48 36 13 19 1 11 26 33 47 9 32 11 25 49 35 3 25 37 41 22 47 3 46 
29 26 39 34 49 30 25 0 2 31 42 24 37 3 21 19 1 11 48 19 41 47 42 25 11 21 43 12 48 50 33 25 21 45 40 35 44 12 27 27 
3 22 8 1 20 2 13 32 0 33 6 36 31 24 29 13 50 38 1 29 14 7 18 28 2 48 17 4 42 14 37 26 40 34 22 16 20 40 41 6 
10 8 12 30 42 15 3 1 43 0 33 41 48 44 34 14 21 35 44 6 4 3 48 22 19 46 31 47 47 2 13 43 11 47 45 19 7 45 39 36 
38 46 16 12 9 24 39 33 6 21 0 2 32 26 34 38 3 12 37 44 34 12 18 7 49 30 40 30 1 49 15 8 26 47 9 19 9 37 37 13 
45 8 49 42 27 1 32 18 27 10 43 0 7 20 1 5 25 20 40 18 32 20 44 39 34 41 14 26 35 17 15 30 16 26 25 49 27 13 27 30 
49 49 23 3 41 7 8 38 25 42 35 49 0 19 20 5 44 2 19 16 1 14 25 47 1 13 31 28 32 46 3 28 12 44 10 19 33 47 41 48 
28 33 26 1 43 33 17 11 46 21 32 48 8 0 48 26 17 24 3 22 41 10 30 27 43 23 14 23 6 10 1 22 47 11 21 38 19 38 25 4 
19 46 21 32 12 15 6 21 15 18 43 46 31 26 0 50 39 49 7 34 29 30 10 11 1 45 49 36 37 38 10 8 30 50 49 4 45 40 48 16 
29 18 44 8 39 17 6 42 21 11 33 39 12 5 46 0 25 9 36 20 37 13 29 19 33 5 10 14 47 32 22 6 50 2 42 6 12 36 3 23 
34 40 8 15 26 5 21 47 25 4 25 46 10 20 11 3 0 50 49 12 3 29 4 9 10 49 6 34 38 21 50 35 40 6 14 37 48 6 15 43 
29 35 14 39 43 7 27 46 30 41 39 6 13 25 50 44 31 0 31 48 16 20 22 33 26 26 19 36 40 46 33 14 48 35 6 33 19 16 15 17 
3 23 11 4 48 33 44 23 16 7 21 6 17 8 49 24 8 2 0 38 13 25 22 38 50 48 27 41 21 7 42 31 28 16 15 46 44 10 18 35 
43 33 47 21 33 26 27 47 41 36 33 26 18 28 3 43 32 35 11 0 7 22 42 23 17 24 26 43 41 3 12 6 14 40 17 45 31 28 1 5 
25 21 31 1 36 24 16 14 50 14 23 15 9 50 12 14 2 10 31 47 0 7 33 37 44 29 31 19 36 1 33 22 15 31 30 37 37 41 41 38 
43 9 12 44 28 31 48 47 15 29 3 44 22 48 4 48 42 35 37 23 6 0 5 30 14 17 43 9 34 29 13 26 24 11 23 39 39 46 40 9 
14 31 34 5 8 48 40 50 17 28 32 46 3 5 19 33 38 29 49 27 36 23 0 15 18 3 4 30 33 49 10 15 3 2 26 24 42 22 1 23 
16 28 43 42 6 47 18 23 19 43 41 1 11 47 14 24 41 17 16 3 4 19 7 0 2 8 13 30 45 27 32 27 11 37 7 34 49 44 32 9 
22 35 31 12 41 9 9 5 7 38 2 33 26 7 49 19 48 22 41 35 44 18 24 46 0 38 16 30 15 4 14 16 31 10 8 45 18 24 8 16 
43 49 9 24 7 26 50 2 4 38 39 36 28 3 47 16 4 12 35 25 26 29 45 1 43 0 23 22 23 19 13 32 45 40 7 49 36 36 45 17 
21 38 15 27 27 16 28 38 29 14 43 41 6 39 34 40 14 5 8 31 35 5 28 33 42 7 0 44 46 22 4 11 31 9 46 15 37 12 3 18 
35 15 35 43 10 27 22 26 7 7 17 35 32 28 15 32 17 11 32 35 20 23 32 17 25 3 12 0 33 11 25 47 29 12 37 24 16 50 12 18 
7 21 32 37 40 5 19 29 3 45 14 48 26 31 19 49 12 33 18 19 7 15 40 15 32 10 39 24 0 46 5 49 32 5 43 25 15 39 36 43 
12 6 24 10 38 48 27 21 49 43 39 12 33 33 44 11 43 32 17 6 30 17 46 34 49 47 32 44 33 0 6 4 11 27 41 6 13 34 5 2 
18 6 39 40 31 8 44 16 50 12 33 33 34 22 31 14 45 11 41 12 42 16 34 39 44 40 29 36 43 27 0 32 28 38 30 50 1 41 28 15 
27 6 31 32 33 1 23 21 39 46 27 12 2 44 44 11 2 22 1 47 42 29 8 23 24 30 5 45 4 23 31 0 24 18 47 14 6 11 35 1 
38 21 20 40 40 17 16 30 34 44 20 48 29 40 31 23 48 48 9 8 3 46 29 17 17 16 3 44 5 30 38 50 0 18 22 14 27 22 40 19 
7 9 50 22 1 35 25 3 35 38 24 17 9 3 27 49 42 43 4 23 25 14 22 26 4 6 21 30 8 26 5 1 8 0 30 3 50 4 25 28 
33 42 14 19 6 32 14 30 48 42 23 23 35 19 17 44 43 37 25 18 46 15 46 45 9 34 23 9 30 50 27 46 17 15 0 22 31 12 45 16 
44 41 27 23 39 35 4 20 33 42 36 10 14 29 8 33 18 47 19 10 23 9 5 50 48 15 28 6 20 48 36 33 48 21 31 0 27 19 42 8 
11 6 14 41 18 45 40 14 17 10 33 4 35 44 36 44 36 37 27 25 24 7 49 1 35 6 3 13 43 48 31 14 27 40 8 5 0 10 19 37 
6 8 2 11 46 37 45 2 40 13 28 46 41 42 17 35 5 7 14 6 13 42 28 21 20 30 20 27 45 36 31 35 18 1 22 17 22 0 46 4 
14 41 5 14 50 16 3 41 22 10 6 4 49 46 13 25 15 31 31 42 16 18 18 7 4 33 44 29 40 21 50 13 9 4 1 16 9 28 0 29 
6 17 39 48 18 40 33 32 39 5 26 7 37 42 4 38 46 23 48 11 18 23 24 1 2 10 44 45 46 45 47 17 37 3 26 26 27 21 1 0 
18 0 22 1 5 24 15 14 14 21 5 16 6 43 11 18 11 34 43 39 46 8 46 38 37 44 8 10 21 35 17 29 11 25 23 30 39 17 18 1 
37 38 0 47 23 40 30 40 5 6 19 42 42 33 39 26 43 22 34 15 11 17 5 43 29 5 27 6 32 21 31 29 45 16 43 3 8 11 24 48 
7 5 4 0 5 2 44 25 46 23 50 30 9 6 3 7 34 33 45 19 18 14 25 9 34 25 40 47 27 40 37 18 33 48 37 8 7 13 50 42 
35 31 31 33 0 32 42 23 24 43 9 9 20 13 43 6 35 33 46 21 31 12 48 49 7 36 32 48 11 19 45 50 22 33 4 34 38 33 42 27 
43 2 17 4 18 0 31 17 5 40 42 2 25 12 43 20 30 38 32 25 47 1 45 12 5 48 9 38 38 9 10 19 2 41 19 28 29 46 44 31 
26 20 28 8 19 18 0 20 39 29 14 25 46 6 9 45 27 48 40 12 7 9 44 30 46 31 24 1 35 43 15 41 34 45 2 49 28 24 37 44 
38 29 21 9 24 35 14 0 13 44 46 43 30 39 34 37 22 33 40 32 28 46 17 36 46 15 24 42 1 5 10 18 4 12 47 25 29 39 35 7 
12 17 11 7 39 1 35 3 0 50 8 30 17 38 42 10 48 21 43 25 45 1 44 13 9 35 29 39 19 42 10 9 33 48 34 21 11 35 11 48 
45 30 22 42 44 25 43 30 12 0 2 49 4 36 15 41 6 19 4 2 23 10 13 17 11 40 49 48 20 4 22 49 14 11 45 30 15 30 2 20 
35 43 49 27 17 44 7 24 19 7 0 28 3 7 34 39 38 33 14 11 2 45 27 23 26 41 4 36 43 41 35 27 27 17 35 17 30 12 36 50 
18 34 26 29 14 27 20 42 31 23 8 0 47 1 19 1 26 8 21 23 37 14 8 14 33 35 31 2 36 23 17 9 26 48 15 44 19 19 49 9 
50 21 12 6 21 34 38 26 8 16 9 9 0 10 39 49 36 10 20 44 45 34 25 34 19 14 15 32 50 37 25 33 8 10 12 23 16 2 3 44 
49 47 6 44 20 15 8 49 38 49 29 35 49 0 25 4 26 25 38 43 42 7 2 39 39 34 34 2 50 49 16 33 34 8 27 45 48 28 32 14 
5 7 17 45 1 9 41 35 33 6 36 48 29 10 0 12 38 47 9 17 11 37 13 9 50 22 17 45 27 22 30 6 48 44 24 38 35 40 8 38 
31 43 50 19 44 14 18 4 25 47 40 49 40 12 22 0 28 43 48 17 24 35 14 15 13 4 50 38 5 6 22 27 48 40 21 37 19 37 44 16 
37 4 13 20 31 32 32 17 37 23 46 46 37 24 35 4 0 17 29 37 16 44 26 14 49 4 20 43 9 19 25 3 41 49 33 31 20 22 44 34 
32 22 34 2 32 10 26 40 24 6 18 21 40 1 29 22 11 0 40 15 17 11 39 23 48 12 20 6 48 5 43 15 32 23 45 6 44 10 25 32 
39 28 31 19 4 2 5 14 41 21 11 21 31 8 28 24 43 49 0 36 40 13 5 29 36 32 41 36 48 46 45 35 12 36 8 26 40 30 21 20 
46 8 7 15 28 44 23 35 24 46 22 13 45 25 36 20 35 49 46 0 38 13 16 7 18 46 36 50 35 23 33 38 44 23 30 40 32 6 40 2 
43 9 7 12 3 25 32 40 38 1 38 42 42 35 33 7 30 1 40 19 0 42 45 39 12 42 9 28 41 16 35 4 15 45 48 3 29 6 5 5 
44 15 47 12 34 35 42 47 9 40 23 10 32 17 21 11 49 20 46 20 45 0 47 41 24 4 47 24 47 44 32 4 2 26 47 46 5 46 33 6 
27 1 12 20 2 43 25 23 48 24 38 5 10 11 35 11 47 24 23 8 37 11 0 45 3 27 36 22 35 36 21 17 16 16 15 19 19 33 27 40 
32 29 25 27 23 7 28 45 41 42 36 49 32 23 25 19 17 7 10 44 16 22 41 0 38 27 8 23 40 45 43 16 29 20 34 42 30 13 35 23 
46 50 42 31 44 50 22 35 43 41 47 3 13 23 34 25 10 39 37 50 15 35 39 1 0 49 26 8 29 48 32 46 7 32 34 15 44 25 41 48 
39 6 23 30 49 49 41 3 6 37 10 32 41 26 36 8 11 12 41 33 18 42 43 37 11 0 46 40 21 30 9 41 50 19 42 49 45 42 6 40 
3 9 23 3 43 39 50 5 32 47 27 4 33 34 8 30 47 13 36 19 4 9 20 24 47 47 0 10 13 50 27 42 16 6 22 39 25 45 40 1 
49 12 41 9 25 3 5 8 16 11 12 3 33 7 37 37 45 39 50 6 47 30 37 6 5 5 11 0 49 12 46 34 36 7 12 38 8 14 50 45 
21 43 39 44 2 38 24 10 10 19 35 45 36 46 35 4 20 25 35 4 20 43 7 46 21 28 27 46 0 21 19 30 24 45 45 29 13 8 36 35 
18 31 46 1 30 27 2 49 40 23 9 19 33 29 46 25 29 37 44 24 25 12 29 39 42 40 12 50 42 0 17 22 46 35 41 17 23 24 42 27 
19 19 30 37 24 12 1 47 46 49 20 1 27 15 12 11 7 3 8 10 41 16 2 7 23 1 13 35 43 12 0 24 2 37 10 25 5 46 25 6 
28 42 43 17 1 22 17 45 32 23 30 11 21 17 33 36 4 17 23 14 23 49 17 5 34 26 19 15 17 41 8 0 16 32 48 30 19 48 50 2 
36 7 6 32 12 13 1 3 35 4 24 21 38 23 11 33 29 25 39 33 26 4 2 29 41 16 15 29 23 37 15 39 0 5 16 38 8 17 18 5 
42 33 23 34 11 43 20 20 43 22 16 2 44 10 17 27 32 6 28 41 47 48 23 31 48 40 36 17 22 36 4 17 11 0 21 47 50 3 20 41 
36 22 46 23 8 8 36 21 29 38 40 6 2 39 27 8 45 11 43 37 22 7 4 48 7 19 50 41 23 14 17 24 13 15 0 43 20 2 26 15 
24 13 19 8 29 32 31 2 28 35 14 3 40 11 33 20 29 18 48 17 40 9 45 49 15 21 17 43 38 47 8 6 19 46 19 0 24 3 50 25 
16 26 17 22 7 9 12 28 14 30 46 14 2 4 10 26 16 18 21 43 8 16 38 14 31 28 8 34 44 42 10 17 29 44 32 41 0 23 37 39 
40 4 44 3 14 43 34 6 3 10 21 4 7 33 8 17 1 39 3 42 30 2 29 35 23 21 29 35 9 22 20 3 30 30 32 39 15 0 14 25 
22 48 22 6 25 23 39 3 35 22 27 32 3 20 45 10 38 26 9 31 43 14 49 48 31 41 18 24 27 1 19 3 37 14 32 45 8 46 0 4 
12 34 18 45 14 32 41 18 34 35 21 44 14 7 34 32 9 49 25 25 34 6 15 27 34 3 25 45 39 39 1 2 43 22 47 47 26 20 36 0 
17 0 41 23 35 40 6 8 6 46 4 32 24 46 34 21 20 7 20 41 11 11 7 46 29 45 35 20 2 42 10 37 7 39 14 9 35 12 21 26 
22 27 0 48 29 42 7 16 6 19 22 2 41 28 35 9 25 10 46 45 41 5 37 7 14 37 18 26 35 32 26 37 9 36 44 20 35 14 29 5 
22 29 30 0 1 31 41 20 9 22 31 40 49 40 17 31 21 35 21 34 43 24 32 32 24 43 35 43 5 35 15 24 12 31 41 23 12 26 36 27 
24 17 9 4 0 5 43 27 48 43 6 23 35 15 30 36 31 41 48 6 9 46 48 15 25 7 7 29 19 49 45 20 45 50 45 10 26 16 28 28 
32 17 38 1 50 0 12 31 10 32 46 11 33 15 20 28 31 27 2 34 47 48 15 9 50 49 37 28 36 21 21 10 16 13 20 25 42 9 47 16 
14 27 48 48 23 38 0 12 5 26 22 14 34 24 32 32 30 18 9 39 3 14 34 45 39 11 36 46 21 45 46 36 23 30 37 20 20 1 18 36 
12 37 32 3 15 8 38 0 37 34 31 41 8 34 20 45 3 31 33 9 37 38 43 42 10 30 36 41 4 38 12 12 29 1 23 28 17 32 31 30 
32 24 50 12 40 5 38 3 0 3 36 35 40 38 43 31 49 19 45 22 24 29 17 34 50 22 20 13 8 12 43 29 21 1 3 28 13 38 31 3 
6 43 34 38 19 4 23 25 36 0 20 24 9 22 10 8 1 15 40 1 41 20 42 31 41 11 8 14 40 35 16 18 11 38 43 17 31 46 29 16 
47 49 46 27 39 38 35 7 11 44 0 2 13 24 38 41 33 14 12 43 28 11 40 34 40 21 2 14 21 30 44 27 6 37 24 5 42 25 16 43 
4 27 1 3 47 33 4 45 23 48 10 0 3 19 4 1 6 7 16 6 7 37 25 14 27 17 17 47 26 50 34 49 9 49 20 40 2 10 37 38 
8 17 8 41 24 21 42 8 3 36 19 48 0 27 19 9 6 29 13 25 37 30 36 28 45 40 49 1 4 49 14 49 46 21 28 49 40 30 35 41 
7 26 10 45 40 32 37 23 40 40 15 11 40 0 36 1 9 22 39 13 2 25 20 39 9 39 37 23 28 49 21 20 27 45 22 19 11 21 42 39 
14 3 27 12 14 35 4 10 11 20 20 27 1 17 0 33 17 37 38 1 7 3 9 9 24 19 21 39 17 18 18 40 38 31 1 50 49 48 9 25 
24 35 28 13 8 29 45 20 10 12 6 32 24 20 35 0 36 5 45 3 43 44 47 38 43 43 31 32 47 50 18 35 19 28 13 27 22 26 46 2 
46 25 2 30 5 12 36 16 19 46 15 45 5 46 16 32 0 28 48 35 20 27 47 48 20 43 27 37 4 12 43 14 11 9 43 8 19 43 18 33 
31 8 15 14 2 36 23 31 24 13 32 49 25 41 26 25 49 0 27 33 37 28 25 32 5 26 32 5 36 12 38 48 39 11 15 5 13 13 34 47 
34 20 47 14 42 30 44 40 21 34 19 9 42 11 31 6 6 26 0 11 39 20 31 37 19 36 15 43 39 10 37 14 13 16 30 49 18 31 12 40 
25 32 43 35 3 44 30 6 29 31 9 49 38 2 46 28 3 34 29 0 28 28 38 6 30 35 20 6 44 12 12 13 25 45 36 36 7 27 47 34 
25 7 9 15 8 2 38 26 11 20 2 46 35 3 35 13 38 26 14 1 0 33 38 36 45 17 19 35 4 2 17 39 2 7 50 4 21 19 23 49 
28 47 45 46 24 10 17 29 23 11 23 49 31 13 47 1 38 22 15 48 40 0 18 34 25 45 32 1 40 35 50 14 44 15 27 36 5 39 43 12 
35 1 40 12 44 29 18 8 39 10 49 17 50 5 26 10 11 13 20 1 43 10 0 28 44 24 47 29 34 4 27 43 12 45 10 31 48 50 6 41 
46 27 24 12 31 37 33 14 40 40 18 25 42 19 42 20 25 23 47 39 48 50 35 0 4 12 17 37 22 41 24 29 10 6 23 25 25 20 48 48 
8 41 34 40 45 37 2 1 43 4 41 6 25 4 17 44 46 43 20 50 14 50 12 24 0 16 12 9 19 20 45 18 50 27 26 39 49 14 11 41 
18 11 16 45 18 1 19 4 6 40 29 30 33 50 49 34 9 29 11 25 33 29 33 32 49 0 37 41 29 50 16 18 30 35 2 3 40 48 6 44 
24 48 8 3 30 41 15 35 50 29 42 31 21 4 37 8 40 28 35 46 32 10 40 5 41 23 0 50 45 31 48 9 37 4 35 37 27 26 27 4 
41 34 2 41 1 8 35 47 26 49 45 13 13 13 10 12 14 8 4 12 7 42 21 5 3 21 6 0 28 36 17 10 33 14 24 45 12 31 19 40 
47 6 26 25 46 37 35 46 24 44 23 24 19 22 15 47 50 14 47 39 30 3 8 11 9 40 13 50 0 40 19 48 32 46 19 7 6 32 17 25 
18 18 25 32 34 14 44 41 11 49 27 46 49 34 31 10 45 48 15 16 7 25 36 7 5 46 42 29 1 0 16 9 16 33 39 30 22 5 21 25 
48 16 49 2 1 14 24 50 48 15 10 12 8 17 2 19 44 32 19 28 38 23 16 41 46 40 11 13 11 5 0 9 5 25 24 18 50 8 23 35 
44 32 47 44 14 42 4 1 50 31 20 36 40 37 44 37 26 1 9 7 11 3 11 39 44 7 5 38 35 50 3 0 11 21 47 26 46 42 29 2 
50 43 39 12 33 41 19 20 19 32 37 42 50 50 17 24 41 21 8 50 8 37 16 17 1 29 9 15 43 12 48 45 0 47 49 10 14 22 42 29 
49 25 37 37 6 48 8 3 12 4 23 35 26 35 29 45 13 27 23 12 4 32 5 27 7 35 43 45 1 40 4 3 50 0 42 10 26 21 1 11 
20 43 26 48 11 20 27 23 11 18 5 48 38 50 31 26 17 21 11 30 22 6 14 2 23 1 21 35 34 26 4 25 13 17 0 4 19 28 35 44 
7 31 12 32 27 47 43 16 3 20 17 43 5 10 22 39 14 30 24 25 10 50 42 39 36 15 31 36 22 46 12 48 33 28 4 0 50 10 25 37 
6 30 36 18 16 18 33 49 15 41 29 40 40 5 10 34 8 39 24 46 13 17 8 45 7 9 20 11 28 7 22 29 40 44 19 46 0 25 32 27 
21 3 16 16 45 43 7 22 44 23 44 47 11 37 29 24 39 23 41 12 8 49 23 22 9 20 50 1 47 36 15 9 27 12 3 44 48 0 1 14 
2 1 37 27 38 34 10 12 43 12 20 30 24 35 21 19 23 31 45 8 26 44 6 25 8 9 36 20 49 34 36 27 39 9 39 11 21 23 0 35 
38 49 8 8 39 28 7 42 25 7 44 31 13 3 43 39 9 45 12 19 30 49 41 13 9 27 44 42 15 46 10 49 1 46 8 10 18 36 18 0 
48 0 1 18 11 14 6 3 23 24 46 21 31 16 10 4 6 39 9 46 49 13 34 16 27 30 47 45 30 18 46 34 22 24 28 14 18 13 38 27 
7 6 0 5 21 46 45 16 45 39 47 41 19 1 22 38 5 15 36 41 32 17 11 24 5 28 12 49 8 38 46 36 44 2 32 40 43 9 14 20 
33 15 3 0 7 34 28 28 33 1 36 24 50 33 22 7 11 46 33 50 43 34 46 8 7 44 12 47 17 20 32 45 47 2 17 9 18 15 5 41 
28 50 30 49 0 22 15 47 4 22 46 22 45 10 10 21 36 38 7 46 13 22 31 11 14 19 42 28 49 16 14 39 46 41 43 22 44 5 47 37 
43 47 8 26 22 0 48 37 35 38 31 31 21 12 19 42 19 48 40 16 31 30 38 49 39 8 7 26 5 17 38 28 31 41 20 4 16 15 5 40 
16 32 7 40 18 35 0 43 28 28 49 25 25 5 39 16 8 6 49 20 18 15 23 33 18 50 4 1 31 42 16 26 4 43 50 1 49 23 48 31 
4 15 30 49 6 43 14 0 24 42 25 13 48 18 46 37 25 44 50 39 41 14 35 13 37 12 23 22 33 5 39 18 35 8 19 17 4 36 24 27 
26 37 31 9 6 30 18 9 0 9 6 26 8 50 35 7 17 19 2 44 38 34 21 31 19 4 8 29 40 49 29 34 39 20 23 13 4 34 27 8 
7 44 14 13 27 30 32 18 1 0 2 2 48 2 43 37 44 6 6 12 5 48 1 28 11 30 22 37 38 28 22 3 34 42 45 37 44 20 9 5 
40 22 40 29 39 48 32 33 47 33 0 29 8 49 22 22 10 7 17 4 34 6 43 44 41 29 49 19 7 8 7 44 25 48 2 22 34 8 23 39 
13 49 40 41 5 49 14 5 12 21 35 0 31 27 16 25 50 47 29 50 50 41 30 25 25 40 40 4 11 47 1 39 2 34 28 42 35 16 3 40 
42 16 44 7 37 24 27 17 10 23 3 26 0 5 9 24 49 34 24 16 1 16 45 3 8 12 32 33 47 49 25 41 34 44 40 8 34 48 23 39 
2 13 23 45 39 45 25 34 44 11 30 8 11 0 1 3 24 48 13 36 46 5 42 30 18 36 32 19 32 16 2 40 2 11 35 15 38 43 1 15 
14 37 48 40 37 20 17 30 34 42 16 11 21 12 0 28 35 10 33 5 10 7 26 44 18 42 21 29 47 26 36 15 31 47 49 23 9 7 3 44 
49 19 3 35 40 1 42 19 40 34 1 5 5 39 41 0 8 38 44 30 48 17 41 20 4 48 28 35 14 22 40 19 28 8 40 7 42 5 41 4 
18 1 2 40 14 26 32 10 43 7 42 35 16 27 5 28 0 8 49 49 38 12 16 28 47 50 15 23 47 16 33 50 3 47 40 13 47 15 2 7 
29 16 19 43 8 31 6 4 1 3 13 49 43 7 4 43 3 0 24 5 40 50 3 36 45 11 7 39 38 26 15 9 13 6 43 21 22 44 24 21 
17 45 11 23 44 3 34 8 47 44 48 11 24 11 13 8 26 31 0 25 32 1 42 18 28 36 45 50 44 1 36 33 49 29 3 38 45 39 31 42 
42 27 50 43 45 29 5 36 3 43 36 45 41 20 42 21 25 28 33 0 37 50 4 41 8 11 11 49 32 21 23 19 19 46 40 33 6 1 50 23 
50 32 10 48 1 16 42 42 30 37 33 14 17 6 44 43 39 37 43 32 0 34 31 24 15 31 25 17 49 2 37 37 21 26 5 34 5 41 7 40 
42 20 19 20 45 39 10 2 14 2 48 45 19 8 19 40 19 8 45 17 27 0 49 44 41 43 1 13 38 13 22 39 2 33 47 1 13 15 11 29 
27 22 23 3 47 4 42 18 13 8 16 15 47 46 40 14 44 26 29 27 45 27 0 22 40 42 13 46 13 23 7 7 25 9 30 19 46 4 47 47 
38 2 33 50 31 48 7 42 7 43 33 8 37 37 35 35 50 1 34 11 34 9 29 0 46 6 2 41 7 18 28 45 10 47 30 41 25 12 27 42 
43 36 21 39 21 40 50 20 39 24 45 19 46 21 36 13 29 23 38 45 30 7 50 25 0 30 49 24 11 7 46 10 23 24 9 42 26 13 20 9 
7 7 32 3 34 24 9 50 39 12 17 13 3 25 33 12 36 36 47 10 22 17 39 13 43 0 14 22 45 37 30 10 1 10 14 31 39 48 5 17 
2 21 50 35 50 41 34 8 49 42 48 7 41 17 10 38 40 18 19 10 20 2 14 13 10 3 0 17 3 39 44 44 15 31 20 46 39 22 32 40 
23 9 7 24 4 40 24 20 35 50 27 42 21 30 45 47 50 7 37 26 47 25 31 19 5 48 33 0 26 22 21 22 16 8 28 47 2 14 28 11 
24 36 34 33 4 12 3 24 36 36 23 46 32 36 7 43 48 28 38 19 6 7 49 49 14 29 12 34 0 43 33 44 34 22 47 13 40 14 43 28 
8 3 25 48 40 49 26 40 31 2 36 49 24 26 10 6 18 38 36 19 26 1 20 31 3 43 40 24 36 0 23 18 30 6 1 31 17 31 9 9 
50 39 40 32 32 8 34 20 8 13 42 46 3 28 24 3 7 33 45 46 48 9 2 4 8 35 6 44 24 46 0 44 25 9 30 36 31 36 20 38 
23 19 23 33 12 45 27 15 2 32 48 24 34 36 14 11 42 37 36 24 48 3 40 47 12 20 17 37 24 43 44 0 17 37 46 23 27 26 26 41 
10 31 20 4 13 26 22 10 39 45 19 45 44 1 47 40 21 29 26 22 43 28 40 42 10 39 32 37 39 14 38 36 0 16 47 26 43 29 50 28 
22 40 10 28 42 5 49 50 16 41 6 3 48 50 5 49 32 41 28 44 24 44 35 22 25 8 34 29 48 25 4 12 21 0 1 5 32 33 50 49 
38 12 40 16 47 34 12 41 36 12 49 44 2 2 6 5 28 5 38 4 35 22 21 3 42 38 44 32 47 46 23 16 33 43 0 41 33 35 29 39 
39 14 17 48 17 49 31 2 11 16 47 27 28 45 47 14 16 41 38 25 9 40 31 45 41 40 34 12 9 11 23 21 50 17 50 0 41 18 25 4 
4 11 36 34 16 50 20 46 21 37 30 25 42 47 4 30 49 33 23 7 28 16 20 44 50 44 26 27 12 46 7 46 42 38 35 14 0 24 6 16 
45 22 44 13 26 30 37 31 24 46 37 1 8 46 18 27 38 42 43 35 22 24 43 35 26 30 34 33 5 13 40 7 44 18 28 36 34 0 3 44 
15 14 14 3 31 25 45 49 1 25 12 47 23 32 22 44 21 29 10 38 46 46 4 27 11 7 30 8 41 18 33 43 35 48 29 21 9 22 0 12 
10 32 32 34 9 44 17 18 26 22 24 8 7 25 16 48 19 11 37 42 25 46 37 9 34 42 19 12 26 4 1 36 50 17 50 7 15 13 45 0 
33 0 45 40 5 36 18 11 27 18 20 50 10 11 22 31 38 15 45 23 50 17 25 5 42 23 21 39 8 40 25 9 34 7 16 5 47 36 41 1 
41 23 0 16 2 43 27 44 41 14 20 30 36 13 42 13 28 9 41 48 33 15 29 3 37 43 11 17 3 45 18 34 2 24 44 33 27 1 24 13 
16 29 30 0 25 39 10 40 47 42 45 38 47 7 39 9 36 12 21 30 9 32 10 41 47 46 36 28 12 19 10 36 28 35 29 32 4 35 5 15 
27 3 15 25 0 9 7 22 28 14 16 8 21 7 22 16 31 6 38 34 30 3 33 29 29 32 9 11 12 29 7 5 2 8 7 3 6 17 36 33 
41 25 9 14 46 0 11 40 29 6 20 48 27 16 2 25 12 45 25 37 43 50 46 10 49 8 12 7 13 1 20 11 14 21 6 43 5 45 19 34 
18 43 31 6 43 32 0 30 39 50 33 46 8 31 31 43 33 46 16 10 7 35 5 27 29 36 9 34 7 11 10 21 17 27 41 20 1 20 40 18 
18 28 23 8 30 6 13 0 30 34 28 24 48 40 35 12 50 14 16 3 21 34 48 24 29 41 13 29 31 41 12 43 13 6 48 43 29 13 47 48 
23 24 30 1 29 37 12 32 0 33 15 42 6 35 18 20 34 20 5 44 17 18 28 32 40 22 36 11 42 42 42 34 38 17 19 30 48 4 48 45 
43 29 31 46 16 49 6 8 46 0 37 15 23 24 19 31 30 46 42 41 29 43 26 21 40 41 32 5 40 16 39 23 30 22 10 2 39 37 32 17 
42 17 29 16 6 27 19 10 19 36 0 40 34 6 14 20 2 17 9 42 5 35 44 16 42 8 14 35 2 15 17 43 44 15 26 50 13 15 11 15 
13 23 22 37 4 27 5 17 17 3 8 0 36 30 46 27 32 48 1 37 9 42 43 18 46 2 44 47 20 31 15 7 38 6 44 29 33 13 8 12 
15 3 48 19 49 7 32 13 48 38 44 2 0 12 28 3 24 21 5 27 35 11 31 36 36 3 46 21 30 36 18 44 20 41 39 23 6 44 24 20 
40 20 32 49 32 38 13 46 10 4 21 8 29 0 36 23 2 35 17 12 17 3 36 2 27 31 44 25 12 24 6 47 30 47 35 38 15 29 33 4 
49 40 1 11 27 16 10 16 34 19 37 39 39 33 0 8 17 4 18 5 19 39 14 2 22 5 7 41 11 44 49 8 24 2 14 14 27 3 25 26 
11 21 29 41 43 37 18 8 48 39 19 34 47 24 14 0 16 35 39 29 7 20 25 50 22 35 11 14 37 26 19 32 15 29 43 44 48 10 23 9 
36 37 49 44 22 26 15 11 50 38 48 30 38 24 19 6 0 37 22 7 6 33 23 32 33 30 8 4 5 5 30 17 6 12 31 44 20 22 31 28 
47 21 1 15 49 28 39 45 42 11 38 8 27 4 18 26 13 0 6 17 15 15 23 10 7 20 22 42 18 7 31 49 35 6 45 11 36 33 9 34 
5 41 13 13 45 18 23 41 3 45 6 31 15 5 17 13 24 11 0 45 46 27 36 22 39 12 12 3 3 32 43 32 44 5 22 13 25 3 11 16 
39 48 32 40 23 2 1 34 30 39 33 37 26 39 14 7 19 19 25 0 1 33 15 20 9 10 14 12 26 43 42 43 11 14 46 6 48 45 47 49 
37 12 29 23 14 50 7 7 6 42 15 45 6 28 10 33 25 28 24 30 0 10 40 25 42 39 47 22 23 31 33 16 13 22 21 39 40 5 42 7 
9 4 7 6 34 28 48 37 33 5 13 32 21 22 18 39 47 37 37 35 17 0 28 34 27 23 27 3 23 36 40 20 29 33 22 16 26 4 35 42 
14 42 11 39 19 18 2 46 41 5 32 42 4 18 8 40 31 21 31 33 8 25 0 25 2 44 36 35 49 50 7 42 36 13 46 24 44 7 39 16 
9 22 32 12 19 4 48 16 11 25 32 35 6 23 2 34 39 17 9 46 34 34 3 0 47 35 14 47 29 9 45 14 34 42 6 23 12 27 14 7 
49 46 20 24 24 18 22 36 13 12 12 35 27 49 44 32 25 19 35 28 6 8 20 8 0 16 12 49 43 1 1 40 8 26 11 11 50 14 11 29 
29 13 28 34 18 48 11 37 36 49 24 48 43 42 36 2 42 27 13 8 13 20 30 36 13 0 22 4 9 17 38 45 18 15 41 7 15 28 24 2 
11 6 25 14 44 27 3 48 17 40 10 20 23 2 3 16 10 34 42 21 47 44 3 21 48 5 0 6 34 3 35 22 24 18 26 2 3 39 7 36 
10 10 25 37 19 8 19 22 16 12 25 48 32 37 3 6 17 3 4 17 40 21 19 45 32 19 36 0 2 47 50 50 27 3 48 33 11 23 8 34 
13 29 33 40 23 28 38 41 37 15 21 36 1 35 41 46 39 42 30 5 1 22 18 26 16 13 48 45 0 34 5 42 33 10 20 42 38 8 32 47 
18 45 28 50 38 27 15 50 42 13 2 45 20 44 3 34 42 12 8 24 11 30 44 8 33 23 38 27 32 0 44 3 39 8 45 12 11 23 23 30 
49 2 13 6 32 32 11 23 40 7 36 1 27 1 8 37 38 2 21 17 15 40 38 19 49 11 14 37 26 32 0 42 11 19 32 9 23 48 24 12 
26 23 1 48 20 46 44 26 38 50 8 25 10 3 6 15 10 15 44 8 22 19 24 47 9 16 25 32 46 43 36 0 40 14 40 46 45 15 42 18 
24 6 35 26 37 19 7 33 9 14 17 49 9 4 17 41 7 50 4 39 5 21 12 31 46 15 19 12 20 8 12 1 0 18 47 21 3 38 44 37 
29 2 34 17 19 29 44 27 36 47 50 39 46 11 3 14 3 44 4 31 23 50 46 13 1 2 17 32 12 34 15 3 14 0 13 26 37 22 4 44 
2 3 38 34 15 21 19 17 40 15 33 19 9 34 14 15 29 7 21 17 17 13 13 16 3 33 47 26 33 35 17 43 50 1 0 2 28 35 17 32 
42 33 36 27 17 30 15 7 20 1 49 47 31 1 38 27 40 41 23 31 33 24 44 34 5 49 41 20 8 33 36 31 13 25 30 0 34 32 37 46 
36 38 26 28 26 34 38 36 43 12 25 13 38 12 36 50 18 40 3 22 18 39 46 49 37 15 19 35 6 21 4 46 3 45 38 44 0 7 47 18 
50 17 14 49 8 34 20 49 20 27 26 12 45 30 15 29 48 42 28 41 11 16 4 30 22 8 30 10 43 25 43 44 22 22 3 5 5 0 41 39 
15 18 17 50 9 31 10 9 17 39 17 40 2 29 6 8 35 14 34 28 50 5 11 6 45 34 32 40 24 27 10 25 7 4 13 24 44 17 0 45 
49 12 49 14 22 27 35 41 15 17 15 19 42 21 13 39 11 8 12 5 26 49 20 36 40 29 42 34 49 16 32 14 18 20 35 16 1 42 39 0 
29 0 11 43 18 24 10 9 19 5 44 15 3 17 33 12 20 1 42 14 24 43 36 2 43 50 35 1 1 22 36 48 39 19 19 33 44 33 32 47 
27 31 0 10 38 40 35 13 16 31 6 1 35 24 38 18 47 44 10 1 18 39 9 8 48 19 47 27 35 48 1 19 37 19 46 37 43 34 48 12 
8 37 19 0 20 45 22 1 24 1 1 23 39 34 33 15 9 19 23 13 20 43 8 29 19 31 38 14 17 29 2 25 14 47 49 43 32 20 39 14 
26 18 24 26 0 34 26 12 35 5 5 38 18 20 21 29 20 1 8 1 40 7 8 35 45 50 26 10 43 36 40 33 39 31 10 37 2 20 33 46 
43 20 3 10 13 0 42 34 6 43 18 29 43 25 20 50 7 19 34 29 27 8 17 19 50 15 22 49 38 11 34 27 1 18 12 8 20 5 48 22 
3 17 21 17 25 7 0 48 8 19 32 4 19 18 41 6 38 27 1 4 45 41 43 46 45 10 41 29 25 13 12 30 3 21 12 26 10 37 1 44 
43 18 14 30 7 8 15 0 10 10 12 24 32 20 1 3 32 10 21 27 7 34 29 23 46 8 2 1 48 6 15 46 2 27 7 12 28 27 13 39 
38 45 32 20 13 39 31 11 0 3 18 31 17 40 11 44 11 15 46 19 23 5 7 17 4 45 17 23 6 13 39 26 5 47 32 39 13 3 9 10 
7 28 42 49 31 25 49 7 41 0 33 47 48 32 9 41 35 32 28 29 25 47 17 25 48 14 43 27 20 8 23 31 9 6 36 12 46 13 8 37 
29 47 10 32 23 16 42 44 47 7 0 48 8 36 24 35 13 41 3 45 36 38 49 30 50 19 3 39 43 47 47 45 22 24 41 50 29 38 35 3 
33 22 49 31 13 10 15 46 35 21 23 0 22 43 19 23 49 31 17 10 14 21 27 50 48 1 12 27 34 45 24 6 26 6 1 12 14 40 18 18 
40 4 8 5 22 24 25 3 4 1 42 20 0 13 28 22 32 6 23 2 31 1 34 32 1 11 16 48 16 42 8 10 10 13 50 20 10 13 23 28 
25 26 10 24 33 4 5 44 48 35 19 6 41 0 39 38 17 7 23 7 44 7 26 10 11 47 42 33 7 13 8 13 19 34 45 27 6 42 11 49 
48 6 22 50 32 24 2 19 22 26 33 14 37 6 0 29 22 49 17 49 28 42 22 48 31 40 23 50 23 47 12 33 25 47 25 10 39 36 26 29 
38 45 24 11 32 30 45 26 13 6 24 29 39 43 34 0 7 26 8 41 10 9 24 29 23 11 44 9 18 12 47 41 37 23 39 12 33 18 11 17 
2 46 47 37 18 23 33 44 32 13 18 34 31 45 17 20 0 15 16 2 1 39 22 28 15 17 15 37 6 1 32 2 40 16 42 40 15 13 37 12 
50 28 50 27 5 44 13 10 42 7 19 48 17 17 11 29 30 0 18 32 20 3 37 28 43 1 12 29 19 40 6 2 7 28 5 2 23 39 46 24 
21 5 5 45 50 33 35 35 23 6 14 10 47 31 17 10 14 1 0 8 27 43 15 44 21 37 5 12 20 13 16 38 40 35 45 12 16 48 42 28 
11 16 28 7 14 26 46 6 27 11 46 39 23 32 19 31 6 12 34 0 9 45 21 15 23 8 19 25 26 2 20 2 12 23 23 47 11 16 9 31 
46 41 50 36 9 18 27 15 8 16 15 6 4 14 33 34 41 1 5 50 0 46 2 21 4 8 10 34 17 1 36 8 16 48 31 39 18 45 35 6 
6 31 4 17 11 38 14 48 48 40 39 6 11 11 9 36 44 21 46 29 50 0 34 11 15 23 8 49 9 24 26 15 39 7 45 50 20 42 36 10 
17 44 12 37 27 12 30 48 5 39 46 46 48 50 6 7 23 20 39 45 3 39 0 6 25 23 25 1 50 16 12 40 44 9 11 30 36 38 47 34 
4 43 10 44 20 28 30 18 40 1 39 28 1 3 41 8 28 38 38 14 3 11 30 0 33 44 50 2 37 37 20 21 19 26 36 36 2 43 46 37 
47 43 8 11 50 27 34 40 42 18 4 3 48 1 34 32 43 14 27 50 21 27 43 31 0 21 30 21 2 15 18 39 15 33 2 41 21 45 1 31 
7 11 10 11 19 34 17 23 18 42 4 44 39 16 46 17 21 50 27 41 20 7 32 25 25 0 30 39 21 47 11 13 37 43 33 21 40 11 16 25 
47 4 8 3 10 11 25 50 49 38 35 20 22 18 10 11 50 29 36 37 40 46 46 26 7 30 0 18 1 6 46 6 6 5 26 31 37 13 4 22 
14 1 30 40 34 13 42 42 19 33 23 21 12 26 30 35 2 8 32 46 31 44 24 45 4 32 29 0 15 46 38 24 49 47 7 22 37 11 6 13 
14 16 39 49 19 34 25 44 31 26 42 29 29 31 8 42 21 27 36 37 2 34 27 46 31 9 25 25 0 6 4 44 24 47 46 19 31 42 46 5 
11 29 39 48 40 4 10 46 18 39 15 1 10 26 19 12 31 40 43 18 10 9 1 38 28 32 18 32 33 0 13 28 50 26 23 25 8 14 36 37 
42 22 14 7 36 41 4 35 49 29 35 38 42 49 28 45 2 29 1 21 9 37 28 13 6 12 15 26 38 1 0 11 48 46 3 2 47 47 2 15 
47 24 48 20 4 49 25 37 1 48 28 23 30 13 15 29 6 44 1 2 25 27 28 47 48 18 37 43 39 48 32 0 48 50 15 4 47 12 17 25 
15 31 25 14 28 10 29 32 36 31 24 46 3 47 1 40 21 47 1 22 37 12 33 48 4 17 30 23 16 10 18 18 0 39 20 37 22 1 13 50 
38 20 36 2 12 15 3 30 2 50 25 33 1 11 46 38 3 48 27 11 12 31 6 17 26 14 7 8 33 11 29 40 9 0 47 14 3 1 11 21 
33 2 38 29 23 41 27 17 7 44 33 35 24 24 2 39 7 14 20 26 49 9 45 47 42 22 35 25 4 48 43 38 42 27 0 45 10 25 2 33 
26 50 47 1 14 1 27 5 17 7 9 7 39 32 35 23 25 7 41 37 2 7 2 14 9 1 45 43 47 30 43 14 5 32 44 0 27 2 9 32 
47 16 17 18 19 46 42 5 6 8 5 20 4 35 16 32 20 48 34 42 14 6 35 8 38 14 45 2 8 39 9 22 17 25 44 22 0 35 39 34 
19 18 46 40 35 43 10 40 30 40 50 24 29 19 18 19 41 32 9 31 5 1 41 48 18 50 34 4 29 41 44 47 32 15 16 24 18 0 17 50 
16 28 25 16 12 8 15 30 3 50 7 4 41 26 8 29 19 28 49 22 36 10 7 11 39 47 3 43 15 4 44 2 25 32 44 3 30 35 0 29 
41 4 20 31 4 22 38 4 22 24 36 48 47 19 45 14 6 22 15 27 16 5 22 16 50 6 6 29 9 32 5 49 34 49 9 19 17 30 3 0 
39 0 2 44 32 20 29 7 48 33 30 18 38 32 16 8 14 36 32 4 31 49 17 9 45 40 19 38 14 48 11 27 48 27 19 26 26 22 24 3 
38 44 0 8 23 50 41 45 24 33 26 36 23 37 13 49 5 23 44 49 43 1 42 43 1 22 4 21 12 14 41 33 42 13 30 17 37 41 44 10 
4 46 46 0 5 38 13 39 41 36 28 14 3 33 24 32 2 47 2 8 2 47 21 33 10 43 44 44 10 7 46 13 15 30 34 45 47 6 37 5 
39 34 14 35 0 34 50 38 1 19 32 29 21 36 33 43 13 34 13 36 12 44 19 29 34 41 16 50 24 49 29 35 46 10 47 20 18 34 36 49 
11 6 44 25 28 0 28 26 27 32 37 22 12 35 21 26 11 20 6 30 45 19 50 14 2 41 48 33 11 40 14 26 30 48 14 26 7 1 44 1 
6 15 39 19 38 28 0 17 1 26 35 36 50 12 4 42 31 11 42 42 35 31 46 15 38 18 12 42 14 21 45 19 11 27 5 25 30 30 31 27 
25 24 48 8 27 4 15 0 14 27 6 34 15 16 9 10 21 11 1 2 2 26 37 3 30 31 16 25 24 8 30 13 2 31 15 18 11 34 38 38 
34 3 49 16 9 38 31 4 0 3 17 35 14 29 28 30 2 39 21 18 27 11 29 42 7 47 44 32 35 1 42 49 38 23 13 18 49 27 21 45 
43 1 13 23 7 23 16 34 24 0 1 14 30 41 16 12 28 5 12 43 19 15 6 47 4 12 19 48 42 17 10 31 25 18 27 26 27 49 6 36 
34 31 11 9 34 37 12 9 22 11 0 36 13 38 35 2 31 37 4 9 12 38 25 25 18 14 21 40 12 14 40 36 29 50 27 9 39 5 48 14 
17 50 10 26 31 31 47 44 40 16 46 0 40 23 41 45 48 9 6 44 45 14 48 1 45 33 26 8 14 12 26 14 27 39 41 42 13 28 50 45 
37 17 28 50 46 19 50 13 39 6 29 1 0 33 11 4 50 20 49 16 43 5 24 34 32 15 3 20 1 33 49 32 20 10 12 7 28 37 49 5 
27 34 14 19 9 33 26 31 16 36 41 23 15 0 13 7 41 14 34 46 36 44 49 49 30 41 24 10 42 22 5 26 14 22 44 39 10 41 5 25 
50 39 22 5 16 43 26 18 7 3 21 44 44 41 0 14 12 29 35 35 29 36 24 35 10 12 11 27 2 21 24 47 50 9 10 47 47 22 45 34 
38 15 7 3 39 1 11 32 24 8 33 11 26 7 26 0 39 26 5 13 43 6 16 25 48 34 6 22 35 35 45 17 40 34 2 47 15 29 21 46 
9 1 29 4 44 38 13 22 44 34 21 21 42 10 2 28 0 22 40 10 20 33 30 27 48 29 42 43 28 25 10 12 11 5 9 4 43 27 13 32 
10 21 35 29 2 14 24 25 31 33 24 26 25 20 2 13 30 0 24 32 25 3 46 36 48 34 23 11 16 34 6 9 2 10 9 50 50 49 1 26 
34 6 17 13 45 1 35 37 41 4 46 24 19 46 38 29 15 35 0 38 45 30 4 8 42 25 24 23 16 17 20 3 15 29 49 48 20 36 34 42 
47 49 36 20 13 38 33 41 6 22 30 36 15 12 6 47 31 48 26 0 38 22 29 20 21 22 2 32 45 21 48 19 43 32 44 42 47 44 34 46 
4 43 34 17 44 37 34 38 4 24 2 18 22 11 46 21 18 30 16 49 0 11 7 38 20 8 4 38 5 21 21 10 4 48 2 22 45 38 12 26 
35 38 14 28 22 19 31 47 33 36 24 24 17 28 35 36 48 6 14 10 40 0 50 30 18 34 14 49 20 20 40 1 33 6 5 32 12 48 29 16 
2 28 8 5 19 48 47 44 26 13 17 24 40 25 3 36 35 8 47 45 9 20 0 11 27 43 35 42 18 13 46 24 38 19 40 12 33 33 45 11 
20 37 20 24 8 4 16 12 9 3 19 47 4 1 35 7 32 17 31 13 34 7 30 0 32 30 39 29 5 50 13 21 3 41 48 27 9 39 47 4 
24 27 24 33 15 44 50 21 38 35 34 31 16 3 32 27 14 8 39 44 19 25 11 12 0 46 33 17 6 6 25 26 19 36 13 8 36 10 24 15 
38 31 18 42 21 17 33 5 1 10 21 14 1 1 4 35 49 16 13 38 33 28 44 15 14 0 9 16 45 4 46 47 17 41 44 1 14 2 33 41 
45 14 28 16 47 36 11 26 19 32 28 9 20 48 36 32 11 37 3 29 12 2 38 2 5 13 0 4 24 8 50 41 34 17 26 18 25 6 12 47 
30 3 34 48 14 26 38 27 20 5 12 40 27 49 5 30 44 26 26 12 34 33 38 18 19 42 45 0 42 45 30 12 27 50 41 24 27 28 5 25 
26 18 37 34 20 46 10 15 36 12 46 25 49 30 50 14 48 15 16 29 22 32 46 32 41 43 36 41 0 37 25 29 2 39 2 1 44 48 49 19 
22 10 28 9 31 49 6 14 47 50 27 27 12 12 27 4 45 23 5 44 27 11 20 29 11 34 44 36 48 0 30 7 17 49 46 44 20 44 23 16 
34 35 30 39 41 10 48 17 40 13 49 6 22 43 5 43 12 40 50 48 48 5 20 16 18 44 11 28 16 19 0 7 10 22 7 22 9 47 23 30 
19 14 17 4 23 50 24 35 24 45 4 33 30 45 26 19 29 16 14 22 47 49 21 1 22 6 39 35 15 21 46 0 46 40 11 31 35 31 1 47 
17 44 10 38 34 13 36 28 16 46 39 44 44 34 1 33 21 43 16 33 17 11 40 20 4 49 9 44 19 14 41 38 0 28 19 48 29 38 12 38 
39 37 29 24 39 26 28 3 12 39 29 10 42 15 19 31 7 5 40 34 35 4 42 9 2 6 2 17 25 37 23 45 10 0 6 28 46 39 37 1 
44 27 47 47 5 41 4 49 23 9 39 41 24 49 28 4 35 45 21 22 34 25 11 28 26 16 34 1 37 38 24 42 20 5 0 46 8 38 8 37 
18 49 7 29 9 37 46 50 47 33 3 43 1 19 16 17 20 16 20 21 40 8 4 13 36 35 47 21 20 3 20 16 28 8 3 0 24 27 46 3 
41 31 17 37 18 34 45 23 24 5 38 27 43 18 37 48 11 45 45 44 24 40 25 30 45 14 37 16 44 16 43 41 24 13 29 41 0 23 21 36 
29 41 13 24 17 33 27 27 49 41 10 42 29 33 3 30 2 6 38 43 5 48 30 30 8 12 48 3 30 39 47 26 40 10 16 3 11 0 17 8 
48 18 37 39 26 34 25 15 8 21 34 28 36 35 29 32 32 12 33 16 6 36 24 48 10 44 35 3 19 18 1 19 35 48 41 25 18 10 0 4 
47 34 48 40 32 47 11 12 41 11 28 35 41 28 1 3 12 45 40 29 32 49 22 46 40 21 15 43 38 45 5 15 22 8 37 32 8 46 42 0 
1 0 50 33 44 42 42 33 10 42 34 45 29 30 29 32 22 48 12 3 1 12 33 18 24 47 7 14 13 33 42 19 46 17 3 39 30 50 6 31 
4 8 0 11 24 9 43 16 25 36 41 36 40 21 6 46 30 19 32 9 48 36 29 20 27 50 15 50 13 28 40 3 23 43 31 49 43 2 10 9 
32 31 32 0 28 23 47 3 49 41 21 23 21 48 41 9 46 26 38 34 24 44 44 4 48 47 39 14 47 40 7 3 29 10 23 28 17 4 1 48 
31 48 17 10 0 42 5 19 5 32 35 36 24 6 19 36 15 38 28 35 32 34 34 6 9 34 19 45 12 26 14 42 43 25 40 4 27 28 34 12 
43 28 35 32 13 0 5 34 48 10 24 8 40 40 19 20 15 47 43 8 26 24 11 8 29 19 43 43 49 16 16 10 38 5 16 43 4 49 2 43 
5 1 21 35 39 19 0 24 2 25 6 26 7 35 20 8 39 32 21 6 14 20 12 36 32 45 14 20 36 25 26 17 16 45 50 4 26 3 26 19 
11 45 42 19 44 41 9 0 26 18 47 28 11 33 44 39 23 43 15 39 40 25 49 39 28 49 39 10 13 35 17 33 36 6 2 46 20 29 43 42 
42 37 39 3 40 47 15 34 0 23 7 27 11 11 15 37 45 12 6 14 21 5 31 47 41 2 15 43 6 31 48 20 45 1 24 48 4 37 47 50 
31 34 6 38 7 9 7 22 21 0 20 8 34 14 15 23 38 11 41 48 2 26 5 10 3 25 37 33 10 38 17 33 8 16 7 34 37 50 44 40 
33 45 43 22 36 24 15 6 30 29 0 36 37 14 40 46 25 26 25 3 13 20 26 47 34 5 38 50 18 7 32 36 39 18 1 15 7 33 34 25 
30 11 32 4 32 3 31 20 19 21 33 0 8 13 47 32 21 8 49 10 18 49 24 47 49 49 43 48 20 13 25 40 42 43 1 24 2 39 23 15 
32 24 18 31 48 25 24 23 42 36 30 8 0 8 23 17 26 6 15 33 5 40 6 12 7 45 31 41 16 13 24 30 33 35 34 29 44 31 43 49 
25 25 21 6 34 33 18 32 19 27 25 19 38 0 6 18 26 27 13 12 37 18 34 9 10 19 7 48 23 24 45 23 46 13 16 8 30 19 50 28 
24 27 50 22 39 39 6 42 27 18 9 2 32 20 0 7 32 42 17 11 37 28 36 46 8 25 4 30 6 22 49 38 7 27 35 38 11 18 12 20 
22 14 15 21 5 16 43 42 26 7 35 16 14 9 14 0 1 39 32 42 48 35 10 50 21 29 30 2 26 47 33 46 14 31 48 40 23 13 15 41 
43 32 13 4 50 37 33 25 49 14 35 49 30 26 14 35 0 13 15 44 43 25 14 18 46 44 11 22 36 17 20 41 38 24 41 50 17 23 6 1 
34 46 6 4 13 12 34 17 38 17 13 27 9 19 23 16 29 0 14 18 10 39 16 48 9 30 23 47 25 39 27 48 13 7 15 11 47 20 11 6 
34 11 45 34 19 4 43 32 19 2 26 21 3 5 46 12 18 49 0 48 24 40 15 9 28 12 20 1 21 45 9 26 47 19 9 35 50 45 32 29 
5 38 42 29 24 14 6 45 8 11 3 43 49 22 37 17 19 3 17 0 23 49 3 23 38 11 27 29 3 45 21 47 18 36 20 43 37 48 37 36 
15 6 26 44 10 42 16 28 25 32 43 16 48 28 10 30 3 16 5 19 0 47 35 4 1 37 15 36 8 29 30 1 19 33 17 3 18 24 10 14 
46 45 50 5 21 2 6 50 40 27 41 41 22 44 19 39 31 2 25 7 45 0 7 9 49 46 31 25 34 31 26 42 6 43 3 10 24 48 30 33 
49 32 16 46 31 39 39 30 25 15 29 22 16 50 4 19 39 37 1 10 41 28 0 23 19 15 35 35 48 20 35 45 42 1 20 26 25 30 12 28 
11 7 2 50 19 3 4 26 7 40 34 21 38 47 21 43 22 10 47 31 46 4 42 0 11 41 20 37 22 47 24 29 40 28 9 40 3 40 29 4 
17 12 9 28 9 36 14 8 45 30 28 5 16 33 31 32 8 16 41 9 49 16 32 30 0 33 11 45 44 29 7 19 4 43 6 31 20 37 26 33 
25 27 13 42 42 20 20 14 7 47 27 33 37 49 20 5 2 30 30 46 49 42 20 29 38 0 12 25 12 10 3 12 46 32 34 17 32 37 24 40 
11 14 47 38 48 2 25 32 5 23 2 29 41 8 31 35 33 8 35 4 31 45 8 5 5 35 0 32 2 4 33 39 19 28 40 19 33 2 5 23 
27 14 31 20 39 9 24 22 38 1 50 34 25 2 20 10 16 6 43 33 13 21 23 28 23 35 33 0 2 1 39 49 33 29 35 8 41 1 26 20 
47 32 14 44 1 5 49 14 17 8 30 3 28 10 23 10 7 42 3 47 4 26 22 21 49 3 17 5 0 40 45 30 10 41 36 47 2 49 27 22 
23 25 22 17 45 22 37 22 24 7 25 1 49 48 29 16 21 10 44 46 49 39 44 24 22 28 21 12 42 0 13 21 12 30 20 31 23 33 10 28 
50 13 31 44 49 16 44 31 13 13 21 26 43 6 32 24 35 31 49 45 17 1 25 30 11 36 14 22 30 17 0 6 34 12 32 45 33 18 46 46 
9 29 47 8 50 22 38 29 7 49 47 47 43 35 15 12 49 38 1 33 13 2 23 2 46 7 37 14 11 11 49 0 6 40 35 40 16 20 43 25 
9 24 8 8 23 34 21 14 50 47 21 46 45 17 13 33 7 6 46 13 44 35 24 18 46 50 42 7 8 45 49 43 0 6 14 43 10 6 45 50 
19 26 43 38 17 41 15 5 39 27 3 34 11 24 31 31 24 50 40 12 24 42 14 6 6 48 29 40 32 25 3 27 12 0 7 28 38 2 48 7 
28 31 46 3 31 6 12 39 19 26 33 19 11 17 34 27 27 12 37 33 20 13 25 23 14 24 27 22 4 46 44 30 27 43 0 12 32 29 40 34 
1 44 9 10 15 49 7 43 10 29 31 2 26 15 16 38 15 6 23 40 7 29 40 35 23 33 4 42 19 6 2 48 38 29 36 0 39 11 3 11 
25 7 32 17 43 24 45 18 15 12 5 47 26 6 50 27 23 5 24 38 33 45 15 25 5 27 33 15 48 29 28 28 13 46 49 33 0 26 13 48 
12 29 15 39 31 14 9 27 43 38 2 14 34 37 16 28 30 42 8 13 16 42 30 21 37 35 27 35 31 8 17 2 10 8 13 9 19 0 7 35 
11 47 1 40 28 46 15 44 42 47 18 19 41 18 1 32 21 49 44 3 47 37 24 47 35 21 50 5 27 24 7 10 24 8 47 16 16 2 0 3 
25 22 41 36 38 13 40 27 34 10 27 43 11 25 4 38 24 23 5 6 7 46 11 17 18 41 8 45 34 22 35 16 19 47 19 32 6 2 37 0 
34 0 46 45 16 45 1 32 47 36 20 20 23 44 12 47 46 30 11 25 18 48 6 45 43 13 26 11 24 14 6 23 33 23 37 21 10 12 30 17 
17 37 0 45 23 25 14 49 42 5 23 1 40 21 32 34 39 28 2 2 4 19 41 8 33 31 48 38 50 7 41 37 34 50 45 8 32 4 34 20 
30 14 35 0 6 1 14 16 2 2 39 48 43 9 11 27 48 27 29 12 42 28 27 49 35 15 37 17 41 27 24 3 36 45 32 23 40 35 35 8 
20 15 46 37 0 12 9 48 29 24 23 47 32 3 42 42 43 3 15 50 42 15 47 25 26 28 37 13 49 27 38 37 13 42 22 43 27 32 41 38 
26 17 8 43 19 0 31 42 1 44 3 40 21 25 35 44 44 23 41 21 9 25 47 50 2 37 36 34 41 32 50 15 11 13 28 25 25 7 4 7 
45 36 36 19 46 37 0 18 13 28 49 28 20 37 12 33 13 30 18 6 7 33 47 2 20 44 39 30 8 48 11 19 37 20 35 26 23 40 28 4 
16 20 24 6 42 4 31 0 29 50 31 15 46 8 1 48 24 49 34 17 26 8 8 10 15 18 31 42 50 3 36 10 24 2 14 41 37 10 41 11 
16 14 11 31 28 34 16 12 0 37 22 11 28 40 23 3 47 9 10 10 39 12 13 31 27 14 21 41 44 44 10 11 15 8 24 1 12 48 27 32 
32 2 19 5 29 42 9 21 1 0 50 18 33 27 50 3 49 4 33 35 17 8 43 22 19 27 11 47 20 16 22 41 50 32 29 29 37 43 8 3 
35 6 1 40 45 26 28 35 15 6 0 25 48 30 14 11 25 39 30 1 29 18 45 40 5 30 9 19 1 49 22 16 7 47 31 50 11 7 3 28 
43 49 27 33 14 42 25 12 37 21 5 0 40 7 42 30 35 40 17 46 11 36 8 27 36 43 40 19 1 49 14 50 18 37 3 9 30 42 13 26 
14 5 48 32 31 45 33 10 15 17 46 10 0 45 11 42 43 36 23 41 40 24 24 24 14 23 22 37 4 5 34 50 44 28 41 33 7 39 26 47 
42 11 31 4 35 3 5 6 7 45 10 24 8 0 1 24 2 41 31 34 10 10 8 30 5 31 17 3 33 4 29 35 4 10 26 49 30 43 20 40 
11 19 16 31 9 45 11 43 43 4 39 43 27 5 0 17 38 35 31 26 24 18 50 22 2 29 10 7 14 32 2 44 9 22 41 24 41 44 27 21 
11 21 25 10 29 15 36 9 50 44 39 15 49 18 46 0 23 11 47 15 2 49 39 47 11 42 11 30 22 37 31 26 45 8 11 16 3 44 41 44 
38 44 2 7 21 44 38 46 42 26 19 14 45 30 26 22 0 22 24 14 19 19 35 15 23 19 19 45 7 39 2 44 29 21 4 27 9 48 32 27 
18 5 15 39 47 18 18 32 15 33 39 44 30 31 22 26 3 0 29 29 39 3 50 31 8 40 33 40 43 41 3 17 25 41 48 47 15 4 47 19 
5 1 37 30 25 50 9 14 49 49 29 25 30 19 43 25 18 24 0 8 49 15 29 25 41 13 16 15 4 32 35 8 22 7 11 25 39 16 21 7 
8 32 19 42 45 13 28 37 6 48 24 29 41 46 48 5 27 26 47 0 17 9 36 6 33 15 42 7 19 20 45 5 9 48 18 1 18 46 38 31 
28 35 29 9 6 9 6 17 27 9 7 48 13 20 4 48 23 27 36 27 0 4 7 10 18 12 43 15 32 23 45 31 9 40 46 19 32 31 27 50 
24 9 25 30 11 13 47 43 40 44 21 29 42 10 11 27 22 26 11 48 14 0 45 25 45 32 28 49 9 17 1 23 18 46 27 13 18 30 27 50 
6 15 1 25 39 3 17 40 49 30 19 47 6 20 29 37 29 35 31 49 33 14 0 39 26 40 21 4 33 15 48 43 48 46 27 6 34 14 20 37 
42 16 38 1 29 49 4 17 48 18 41 34 34 50 28 17 42 26 25 36 18 50 34 0 26 1 37 22 2 30 15 45 24 10 49 39 33 46 14 10 
28 36 5 6 16 25 14 10 49 18 10 14 9 39 35 20 42 32 13 50 43 27 2 37 0 34 23 18 25 35 11 45 22 29 16 48 50 13 44 19 
2 38 28 24 35 20 2 37 35 26 30 47 2 33 14 18 1 34 18 23 43 8 40 25 38 0 23 39 35 43 42 35 7 49 13 12 13 15 4 18 
17 33 36 33 50 6 14 44 39 15 48 47 17 46 22 26 45 48 3 36 12 32 17 45 43 41 0 24 49 39 22 2 3 47 16 1 41 7 25 40 
20 24 30 50 20 45 45 19 11 27 38 18 15 13 19 7 36 16 42 40 9 33 16 5 18 14 46 0 1 1 45 32 19 20 8 34 12 33 32 47 
50 48 23 13 22 2 5 37 41 29 10 16 25 16 35 32 38 9 25 33 7 50 45 19 17 46 19 48 0 7 29 7 24 4 20 43 42 37 20 44 
4 14 28 5 22 41 30 7 4 35 27 47 4 9 50 41 50 4 4 47 27 34 7 30 12 22 36 12 5 0 23 44 45 18 16 22 20 30 45 24 
28 37 39 15 13 31 33 4 16 5 30 43 39 33 24 18 20 7 48 44 1 5 19 3 32 42 32 30 39 37 0 31 11 6 31 27 10 38 20 45 
50 30 18 21 8 25 30 5 13 44 48 2 13 32 2 23 24 19 37 34 21 49 3 16 29 24 19 38 9 7 14 0 30 1 13 49 14 33 35 11 
28 2 38 20 36 41 36 18 30 4 8 4 42 2 37 24 1 27 3 42 34 7 43 46 7 30 19 2 1 34 38 41 0 39 8 9 32 34 30 17 
26 44 7 40 34 2 4 23 29 15 39 48 38 31 44 27 22 9 42 14 7 22 34 17 46 16 18 15 34 43 5 41 22 0 10 27 48 28 17 9 
45 3 8 40 38 12 37 1 10 46 32 38 23 42 17 11 4 10 40 44 18 34 39 39 37 10 49 27 28 4 46 50 5 1 0 48 11 49 32 47 
6 10 16 8 20 3 5 32 50 5 49 24 38 38 23 41 11 14 19 4 28 13 10 23 7 50 32 34 23 44 7 12 22 13 35 0 35 3 27 20 
37 32 28 50 22 30 31 8 13 32 10 37 47 31 29 20 43 50 43 1 21 21 22 10 6 49 38 2 25 3 39 38 34 45 33 23 0 50 14 39 
44 27 42 20 3 13 7 10 32 44 44 43 36 11 26 49 16 11 19 45 24 42 29 33 10 44 22 3 2 48 6 20 29 12 49 25 29 0 2 19 
47 49 39 6 8 32 11 3 28 9 46 18 12 31 20 15 2 48 9 10 10 42 5 9 34 38 24 14 25 12 2 21 14 42 23 46 35 37 0 21 
2 50 41 44 45 6 31 44 40 10 47 47 27 21 42 10 6 45 31 22 21 8 47 29 17 7 26 4 21 9 24 30 16 28 7 11 19 48 10 0 
3 0 4 44 35 5 28 15 26 50 22 33 17 2 5 15 1 44 4 13 28 39 30 27 24 31 36 17 32 49 14 32 41 9 35 28 19 27 24 42 
1 2 0 32 27 33 38 42 23 26 1 27 14 8 7 20 22 23 28 20 5 20 12 33 27 36 41 42 9 17 27 47 24 21 12 12 27 7 4 45 
36 39 13 0 42 31 22 1 24 35 39 14 6 42 7 19 22 39 19 5 41 42 47 33 7 49 5 4 43 46 45 44 15 19 33 35 16 7 21 3 
5 36 17 8 0 21 3 22 5 18 3 40 24 8 2 14 3 40 6 7 43 27 19 9 29 40 46 49 37 9 23 4 16 19 17 1 5 25 40 13 
4 28 50 36 41 0 6 22 36 13 6 31 45 10 1 28 26 36 27 39 18 25 4 35 47 45 49 25 5 42 2 9 29 1 43 4 16 27 34 19 
23 19 10 36 32 29 0 28 44 16 41 41 15 28 37 22 38 50 43 3 41 42 32 17 45 12 47 2 45 17 48 13 50 3 9 16 50 16 19 4 
19 18 6 10 14 1 37 0 31 43 29 6 4 23 24 43 28 42 2 15 25 35 27 34 27 19 29 42 13 20 21 23 23 32 40 35 24 36 22 4 
45 26 16 10 17 12 44 41 0 26 10 32 25 49 1 44 19 43 34 30 42 36 9 24 12 23 6 33 23 33 40 19 42 21 49 21 49 20 17 18 
15 25 39 17 3 39 46 25 23 0 38 22 42 40 7 31 18 36 2 5 38 11 30 22 8 36 41 40 5 1 30 45 49 27 17 15 17 48 43 21 
24 27 32 11 35 12 48 29 36 41 0 31 35 48 16 29 8 36 4 31 31 13 49 42 25 43 43 23 16 24 42 14 21 43 32 31 12 29 19 38 
47 39 12 5 15 20 46 48 34 48 10 0 30 14 18 13 9 26 35 8 19 42 39 32 6 44 27 10 42 17 35 17 29 17 16 35 42 1 45 28 
5 47 46 39 19 15 13 50 4 31 23 6 0 27 22 50 46 8 7 7 11 38 10 4 32 50 31 31 13 48 33 21 9 31 8 3 22 47 1 14 
41 32 28 7 12 44 29 41 8 17 21 27 36 0 44 35 40 45 44 15 39 38 35 50 2 21 11 15 26 19 19 29 50 8 44 16 29 10 4 42 
38 22 41 23 46 28 7 36 15 47 18 9 28 32 0 12 26 7 33 26 37 1 30 4 22 40 39 21 19 42 29 6 31 42 3 27 18 47 13 4 
24 14 26 1 29 2 10 1 18 47 18 10 47 34 17 0 42 9 18 20 33 8 8 38 44 37 41 38 17 26 6 44 30 45 29 2 23 26 30 26 
20 30 38 3 23 25 19 10 47 25 11 19 1 28 30 47 0 17 27 33 14 38 14 44 25 13 4 39 15 18 32 45 16 30 43 50 4 20 5 16 
19 18 32 42 42 15 38 43 2 16 32 36 47 44 16 38 7 0 37 13 41 19 36 4 42 15 31 46 40 9 28 27 28 13 12 14 47 7 23 2 
11 26 11 37 50 37 47 49 23 14 6 44 17 7 15 47 33 14 0 41 27 12 20 49 35 24 40 5 24 36 30 19 32 34 35 3 16 9 50 5 
6 19 33 23 26 3 35 10 21 48 15 31 34 17 47 40 41 27 26 0 13 11 32 24 14 43 45 24 10 33 5 50 39 34 10 35 9 30 47 23 
32 40 31 35 26 21 49 36 16 38 45 12 39 33 37 44 25 45 19 30 0 31 30 25 27 17 49 27 48 24 32 38 11 45 5 45 24 31 48 48 
43 44 10 9 23 38 43 11 6 48 17 11 14 11 17 42 3 15 4 18 28 0 44 2 12 35 50 35 18 34 39 13 13 27 47 27 36 22 21 3 
40 25 38 22 1 8 21 25 1 28 13 42 10 28 30 21 50 43 48 25 24 3 0 25 27 18 35 4 34 18 35 31 21 32 12 14 44 40 23 2 
5 14 26 35 40 22 47 4 36 48 26 27 44 25 47 30 37 50 11 4 16 5 37 0 7 16 48 43 10 48 15 36 32 27 41 44 11 48 19 36 
6 22 31 19 37 42 8 37 47 36 33 27 45 29 20 36 50 27 19 19 43 30 37 7 0 22 12 45 1 3 31 36 32 18 14 6 33 36 37 1 
16 9 11 46 25 15 38 42 3 8 6 44 35 30 1 43 26 35 25 48 25 48 8 35 16 0 1 1 9 31 24 37 1 14 27 4 11 33 34 13 
42 34 21 42 43 48 37 2 3 18 22 30 48 11 39 26 18 1 26 31 25 14 29 11 30 21 0 5 31 8 26 41 11 43 23 33 14 4 7 15 
37 29 50 49 42 10 44 39 40 25 1 36 10 7 4 39 29 6 10 12 23 43 7 44 27 28 12 0 37 26 29 26 22 12 37 39 2 25 16 38 
2 36 32 16 6 8 41 31 4 40 35 5 9 45 45 43 45 22 7 22 14 49 7 14 12 50 29 24 0 23 18 2 14 13 19 9 27 41 28 2 
36 37 47 8 48 42 24 18 28 18 45 45 31 19 44 24 4 29 19 4 7 29 17 9 36 39 22 42 41 0 36 19 3 18 21 21 36 18 41 10 
23 38 33 1 7 29 24 22 45 20 46 5 48 22 24 46 7 20 39 22 10 20 33 27 43 49 43 28 10 49 0 8 6 13 20 47 17 24 29 10 
30 13 17 28 23 45 31 22 31 44 26 14 17 30 20 1 3 6 6 9 9 36 47 12 46 12 40 43 28 25 8 0 22 29 10 9 9 43 43 10 
32 12 28 12 34 35 35 42 27 44 20 45 11 19 20 2 44 17 6 32 11 6 39 44 6 37 5 36 7 22 11 8 0 10 47 24 48 31 25 13 
28 12 21 14 49 9 31 48 4 9 9 15 43 38 12 49 27 23 35 7 48 30 49 36 6 34 12 36 15 45 23 22 20 0 4 28 21 41 43 40 
35 26 39 2 27 49 7 18 21 48 48 48 26 47 19 16 48 13 35 8 16 48 46 34 9 37 37 45 40 10 42 8 35 33 0 1 31 9 29 22 
37 49 16 41 38 17 48 48 26 2 39 30 8 7 35 25 37 31 6 43 41 12 13 29 12 7 41 14 43 46 38 7 20 41 49 0 10 1 8 8 
17 11 40 12 44 1 30 34 2 50 9 14 1 3 36 32 26 37 37 29 31 27 35 5 30 14 32 11 17 8 25 24 30 23 40 32 0 1 50 20 
28 33 23 39 14 34 33 38 5 34 10 23 24 14 29 28 41 27 35 33 30 20 19 17 44 25 35 34 28 14 5 31 26 18 9 47 8 0 38 22 
21 47 27 27 28 8 35 2 11 2 46 50 6 16 18 40 9 14 6 46 39 49 49 10 42 30 29 48 6 5 32 20 3 6 15 36 3 43 0 42 
10 9 23 25 33 33 14 49 16 8 28 1 34 3 43 33 22 48 17 36 49 30 38 47 6 21 26 47 1 2 33 38 16 22 47 37 16 25 17 0 
