12
47
2 0 1 37 37 13 6 39 26 46 27 17 29 12 20 29 24 3 28 48 18 30 19 41 46 12 44 24 50 39 46 37 26 43 50 21 21 26 9 31 11 15 49 8 24 15 33 20 
23 24 0 28 27 14 15 24 48 34 11 41 26 19 33 39 38 1 41 41 36 13 49 8 48 44 48 37 3 32 12 18 32 30 24 1 27 12 19 23 11 20 3 38 11 36 34 12 
29 27 12 0 8 33 24 47 8 24 17 30 33 16 28 21 17 22 43 9 47 45 32 13 27 33 18 31 17 11 11 48 13 11 37 8 27 20 5 35 9 33 17 27 10 32 36 8 
33 49 37 17 0 18 27 38 17 48 14 36 26 16 44 31 48 14 20 18 23 30 21 44 47 18 9 1 14 29 5 3 45 47 11 48 18 24 45 30 36 23 21 11 13 35 30 20 
16 3 19 14 41 0 15 13 28 13 5 41 49 10 27 24 38 43 12 41 29 5 46 14 24 19 40 32 50 10 10 32 12 39 40 36 12 11 42 12 30 34 33 35 13 34 47 20 
10 49 33 19 1 45 0 1 15 20 40 45 46 1 34 13 19 4 24 29 11 21 42 13 28 2 50 12 45 22 12 1 40 23 20 23 1 27 42 31 18 38 25 16 23 16 47 11 
46 21 14 32 40 6 37 0 50 19 37 6 18 2 33 7 44 9 39 5 23 31 12 12 43 13 43 12 23 47 26 41 12 6 40 16 24 8 31 12 35 36 21 5 15 22 25 30 
35 32 31 8 34 11 24 30 0 35 9 22 19 47 44 14 4 43 46 44 12 13 17 33 36 29 28 21 38 11 8 48 21 39 14 28 41 16 19 8 1 32 10 32 16 37 12 15 
42 23 17 12 19 28 13 18 18 0 50 46 30 7 41 37 20 28 12 1 31 34 17 24 39 25 39 44 30 3 36 18 50 17 13 29 15 45 46 29 44 27 46 10 42 20 40 2 
10 46 40 4 4 36 31 32 26 49 0 29 38 30 35 33 15 32 33 47 13 44 13 22 26 32 33 8 5 38 7 33 19 35 38 34 35 14 33 14 14 37 31 4 17 16 9 50 
9 44 32 28 9 24 28 8 48 25 15 0 23 22 28 27 45 19 17 10 3 43 2 49 2 50 19 33 27 14 9 5 10 24 34 50 11 7 29 24 45 8 31 36 10 49 10 43 
37 10 37 35 50 6 6 8 7 46 30 29 0 40 42 2 45 39 20 6 50 38 28 16 39 41 44 16 46 12 16 39 3 40 27 46 17 27 25 6 4 18 27 43 15 27 1 34 
3 7 37 47 40 44 11 5 9 44 49 45 7 0 41 10 46 42 7 28 39 13 47 35 18 15 15 2 32 12 36 2 12 40 10 13 40 26 20 50 9 30 23 37 23 29 30 50 
13 8 32 2 8 50 13 21 7 22 19 32 26 43 0 30 44 24 43 37 5 47 28 21 20 23 8 19 9 41 10 12 39 35 15 39 24 31 34 44 13 28 39 6 18 8 38 25 
17 50 30 14 31 43 26 3 35 38 12 30 1 31 4 0 31 48 10 31 48 11 4 7 13 40 50 25 28 8 23 4 13 35 34 3 10 12 47 32 47 10 12 4 37 19 5 44 
33 24 9 9 8 27 41 14 14 44 17 24 32 19 48 46 0 13 35 50 45 18 29 45 19 2 29 35 38 49 50 21 45 36 6 42 5 50 14 46 36 45 20 40 16 46 23 1 
28 13 17 42 2 20 10 26 5 30 40 8 30 43 3 16 14 0 24 23 39 26 27 44 46 50 39 14 50 49 40 29 24 29 29 7 25 32 9 19 25 26 30 38 25 10 6 17 
44 43 4 26 43 23 35 25 2 20 22 42 14 7 11 28 15 1 0 17 30 1 37 28 34 6 6 48 13 46 39 19 36 44 22 21 8 45 14 37 1 44 4 6 6 11 17 5 
19 15 3 23 25 44 27 16 8 15 21 21 37 26 23 30 13 1 36 0 49 42 37 3 34 2 15 16 36 48 31 23 23 39 1 30 48 44 16 45 43 17 7 14 44 24 44 50 
26 22 25 43 5 26 19 14 33 13 19 22 11 28 41 19 27 42 49 32 0 37 47 25 37 47 7 44 32 36 24 10 11 8 15 41 15 24 39 18 48 20 38 47 36 25 45 35 
15 27 38 37 2 26 12 14 30 47 38 46 49 32 38 28 10 3 9 14 46 0 38 26 46 38 25 1 13 49 50 39 12 3 23 30 6 48 37 9 35 47 1 12 19 36 43 20 
16 33 11 38 34 16 31 39 27 1 43 50 28 25 50 15 30 8 27 43 27 3 0 32 30 23 45 24 18 45 27 8 10 45 6 36 30 39 12 6 46 23 34 3 6 6 38 32 
11 48 37 32 11 9 50 43 13 2 31 15 40 43 14 44 1 43 33 5 23 39 20 0 27 19 3 31 21 43 1 27 25 36 13 14 21 9 46 48 2 45 13 23 29 9 47 17 
4 10 41 3 14 23 33 9 22 28 10 13 9 29 30 1 13 26 6 29 27 30 44 35 0 5 46 32 10 11 17 42 18 22 37 28 12 3 48 14 2 4 4 42 43 49 33 40 
24 16 12 10 4 3 19 40 25 16 6 48 18 42 24 49 6 36 43 42 23 1 19 48 16 0 12 4 26 23 38 1 36 23 7 9 44 49 7 39 15 4 47 4 46 48 50 46 
11 30 5 36 8 7 42 17 23 48 15 45 42 49 43 18 37 16 20 26 12 33 30 1 50 48 0 28 39 26 48 23 1 16 17 44 47 18 3 44 30 32 40 36 47 35 12 48 
17 11 30 17 30 28 25 34 28 50 5 37 10 30 4 41 26 25 14 30 25 6 47 50 35 23 41 0 45 23 47 34 17 39 50 12 28 47 31 43 23 42 34 16 47 14 17 34 
50 29 49 11 23 21 33 23 11 15 30 33 8 38 31 11 32 17 38 48 11 19 27 45 45 32 42 39 0 42 41 50 37 19 39 41 17 25 36 12 47 7 28 2 13 18 49 35 
35 11 23 35 30 26 19 24 32 3 5 17 41 30 44 32 20 16 44 14 20 48 15 37 46 6 41 42 34 0 18 14 27 46 47 7 28 19 7 21 11 1 16 9 15 21 20 21 
18 13 46 32 48 25 36 16 37 47 37 39 24 36 27 41 15 39 28 22 44 23 17 13 14 45 33 14 4 40 0 1 17 27 35 24 30 38 36 17 3 11 32 21 31 33 18 47 
26 24 26 45 26 43 48 28 46 46 33 19 3 42 22 12 48 47 20 13 39 12 47 3 29 22 26 11 12 2 37 0 31 46 49 8 40 29 45 25 24 29 8 29 35 6 18 15 
11 39 20 23 34 13 5 8 14 28 23 16 5 17 38 16 44 10 3 23 4 35 33 34 3 23 46 35 32 34 13 48 0 11 8 16 22 43 30 3 18 42 42 44 13 6 30 21 
8 42 42 35 26 3 46 11 26 7 36 21 11 17 20 26 31 15 26 5 47 2 16 24 15 7 35 32 13 41 20 28 24 0 3 39 44 41 49 38 45 16 47 40 16 7 9 43 
1 22 16 14 48 31 25 24 6 26 19 21 19 19 14 49 36 37 9 47 9 28 27 36 33 28 31 40 1 13 50 17 6 14 0 34 11 47 28 23 48 50 30 34 18 22 28 19 
27 3 48 5 29 49 12 35 23 45 31 31 21 50 35 23 44 27 2 15 6 35 4 2 8 15 11 48 30 45 9 14 5 9 5 0 37 3 9 21 18 45 30 12 16 17 47 2 
48 15 7 41 42 20 13 14 43 49 47 47 15 39 15 5 29 37 17 27 12 46 48 21 35 6 35 21 26 24 39 36 11 13 13 34 0 23 5 18 44 42 46 12 39 7 12 7 
30 31 25 34 30 50 21 41 3 17 37 6 37 36 43 38 20 11 11 36 2 26 31 33 24 20 24 35 17 34 10 14 24 49 5 41 1 0 40 9 36 41 23 11 17 37 49 31 
8 50 8 43 28 46 27 5 5 50 43 10 11 27 36 24 20 7 23 33 38 32 2 38 30 2 26 45 30 16 15 46 25 39 16 36 9 41 0 32 19 47 45 50 42 8 31 49 
10 6 49 41 10 14 17 43 26 49 21 14 27 21 32 25 39 36 48 35 22 11 1 16 29 26 5 36 44 32 10 30 49 3 16 40 32 25 5 0 32 9 46 40 37 39 28 6 
48 16 20 11 7 11 47 28 49 5 34 13 35 10 32 50 45 39 41 15 24 5 42 44 15 31 16 27 27 21 14 28 2 21 7 20 24 21 4 19 0 3 26 18 36 49 13 20 
23 27 46 46 49 48 13 32 44 25 26 47 26 46 21 1 29 41 6 12 15 3 12 26 24 36 23 13 49 38 6 46 2 12 43 50 31 26 16 30 39 0 39 14 46 49 25 29 
24 32 25 39 45 43 2 5 21 16 21 23 13 26 50 33 6 19 31 45 14 3 21 21 3 26 27 23 26 39 17 28 49 8 50 31 24 49 12 4 1 7 0 23 35 11 3 3 
5 40 7 9 27 19 30 15 21 12 5 37 20 16 29 29 32 49 43 24 6 27 19 10 8 8 27 44 8 30 37 11 1 23 22 34 20 31 40 10 20 43 29 0 20 20 13 42 
38 22 28 42 36 18 30 47 29 21 48 2 20 42 36 8 41 25 45 36 47 44 46 10 2 10 34 5 13 48 49 40 45 16 39 23 30 39 1 43 22 26 44 13 0 23 30 20 
18 34 36 38 45 26 27 46 45 27 19 41 27 35 25 34 31 22 8 7 5 4 14 28 3 25 2 15 21 50 33 37 23 40 16 21 28 10 4 15 18 20 45 46 11 0 49 25 
9 47 42 14 42 15 23 16 15 20 8 36 21 25 13 25 45 44 32 19 37 20 4 7 21 18 44 40 35 9 18 18 5 1 43 18 30 37 42 23 50 25 1 2 20 25 0 34 
41 5 46 50 3 30 30 38 40 43 35 43 25 22 33 31 7 2 41 32 21 32 45 46 8 3 10 19 13 19 3 38 47 35 3 35 39 9 16 38 25 13 4 26 45 44 18 0 
1 0 17 44 45 50 29 43 13 10 10 1 43 1 20 12 26 21 41 48 47 40 19 49 43 48 37 3 8 8 28 20 1 15 36 9 2 19 25 3 9 4 22 44 25 39 17 16 
19 13 0 38 34 35 47 47 28 32 19 2 47 14 27 36 5 32 41 50 28 16 12 11 7 46 38 40 44 19 25 25 4 31 21 35 45 21 45 35 4 18 8 28 33 18 29 40 
33 19 17 0 13 35 39 40 1 7 3 32 38 48 8 4 10 7 45 48 16 43 42 41 35 37 6 47 10 8 35 28 40 18 49 7 25 2 13 40 16 42 21 28 43 40 8 38 
47 15 49 21 0 39 20 13 47 41 28 32 27 29 43 30 43 23 26 43 21 50 1 29 8 45 5 33 25 23 15 49 46 30 19 1 46 9 14 39 20 5 2 17 48 20 37 11 
24 12 29 5 18 0 48 37 38 46 36 42 26 34 38 38 25 27 29 37 47 11 43 34 34 10 37 23 16 48 35 31 38 9 44 9 13 44 10 32 49 43 31 5 11 18 39 5 
33 17 28 41 20 34 0 40 1 32 28 45 46 31 25 22 40 11 5 4 18 41 29 26 31 18 47 38 5 30 38 24 16 22 32 41 49 20 45 12 5 20 44 28 35 49 14 1 
24 22 42 45 6 14 21 0 15 4 42 48 24 23 46 35 21 45 5 29 25 50 35 23 20 17 43 50 48 47 2 41 32 4 46 14 34 39 43 18 3 1 17 37 7 23 21 40 
9 35 23 33 31 21 39 2 0 40 49 22 28 14 14 24 19 3 1 17 20 27 32 2 33 2 37 27 25 33 49 16 48 46 4 42 14 24 19 11 12 15 45 25 35 17 16 5 
39 27 49 35 7 6 2 13 27 0 33 41 32 44 44 15 20 41 33 24 32 11 23 11 45 34 41 6 5 33 8 18 16 37 33 39 48 35 15 10 42 45 41 15 31 34 38 17 
18 1 26 34 3 43 34 45 16 17 0 4 1 16 1 47 31 20 16 26 45 12 6 17 35 27 23 33 37 20 8 30 12 46 25 38 4 8 24 15 23 3 38 23 32 32 14 45 
42 49 10 46 15 8 43 5 13 35 41 0 7 30 11 47 25 9 37 43 5 41 13 43 24 46 1 3 43 24 33 35 4 14 28 42 39 10 13 16 4 4 21 26 20 17 17 36 
12 6 14 14 45 39 9 4 29 6 37 50 0 15 5 1 31 30 50 38 44 3 20 8 15 46 22 39 2 21 38 24 7 30 16 42 37 11 19 40 15 5 25 13 34 24 13 1 
49 3 40 46 20 30 23 33 43 48 49 19 24 0 1 8 33 41 33 30 21 49 14 15 20 11 10 23 40 29 8 25 42 34 21 40 49 32 43 4 28 7 33 50 39 13 1 17 
14 47 42 22 1 44 43 3 36 39 20 36 10 7 0 34 5 36 24 7 35 3 11 9 2 49 30 3 15 17 15 26 8 10 44 9 43 38 36 24 49 41 19 5 11 12 8 44 
21 23 28 15 15 7 17 14 3 39 40 24 22 41 29 0 37 21 13 13 26 17 48 41 18 50 1 9 44 35 7 48 41 42 36 32 42 39 1 11 2 44 30 6 5 48 12 2 
8 13 33 34 48 49 32 27 23 33 11 15 15 48 23 30 0 47 41 50 32 37 9 37 49 21 3 12 32 38 42 37 21 38 49 1 31 2 23 1 43 10 9 10 9 28 36 46 
4 22 50 10 15 49 31 16 49 27 35 14 46 37 50 40 31 0 47 40 27 17 48 42 28 24 40 7 22 28 50 28 21 35 7 9 11 38 33 23 22 8 34 3 5 18 10 5 
6 10 20 29 13 38 10 30 6 31 22 36 25 42 9 38 49 49 0 15 29 40 28 40 2 49 25 19 19 33 46 37 11 15 36 2 12 9 22 16 33 26 27 4 30 17 47 48 
31 49 46 4 7 4 32 16 29 21 18 30 39 20 41 47 11 44 11 0 22 40 41 48 30 28 34 32 4 13 25 10 36 2 27 39 21 37 43 31 8 33 20 24 42 41 42 27 
13 35 30 43 36 6 26 9 40 2 17 26 23 22 29 4 4 11 33 29 0 13 32 21 10 19 14 4 39 20 18 6 40 37 8 20 19 33 33 25 30 27 18 49 19 21 17 8 
36 5 17 20 32 8 13 15 32 15 20 25 23 2 37 40 23 46 28 40 16 0 3 10 21 22 37 4 2 46 33 2 40 2 7 19 34 4 48 25 32 24 43 38 5 13 8 2 
28 40 28 27 24 44 28 42 34 46 46 49 46 4 12 19 49 13 31 23 16 34 0 3 36 25 22 46 16 23 15 5 8 14 35 26 13 18 7 29 47 24 15 35 39 8 50 30 
28 13 25 40 43 33 36 37 45 37 43 2 3 49 12 20 20 41 39 35 12 29 50 0 2 43 34 35 49 2 50 15 29 25 42 18 4 49 26 13 25 29 48 31 26 26 5 27 
49 13 46 16 48 19 16 19 50 14 23 47 9 49 37 35 46 23 14 27 11 31 9 21 0 45 28 14 6 14 48 24 27 38 8 37 37 6 35 17 10 10 24 19 41 27 29 5 
27 43 13 36 3 12 28 17 18 4 26 21 21 6 10 5 2 40 46 9 1 13 1 30 11 0 6 5 18 37 13 18 44 16 23 38 14 1 12 21 16 11 41 19 33 31 14 47 
5 50 19 17 1 32 21 4 15 43 34 25 48 8 11 30 5 36 32 6 48 18 47 5 40 19 0 31 49 10 44 18 49 48 9 50 18 18 47 17 13 46 19 23 22 17 37 24 
9 50 12 15 47 50 8 50 37 4 15 27 33 1 22 45 22 25 36 28 40 8 44 13 9 20 19 0 11 29 46 25 39 4 46 22 49 49 30 21 49 40 10 14 14 4 20 35 
12 24 25 2 47 31 10 35 1 7 49 6 28 32 48 21 42 30 26 24 38 30 24 46 42 4 37 38 0 30 45 30 9 40 35 7 37 4 44 28 8 44 11 22 42 50 24 44 
18 43 39 22 35 28 47 48 33 1 30 10 44 45 23 5 7 28 41 17 44 26 11 18 49 2 19 30 27 0 8 32 46 19 11 19 45 42 23 45 31 43 38 24 37 25 34 35 
13 22 7 15 15 10 8 1 43 32 22 24 34 10 17 21 26 19 34 42 33 26 28 13 34 33 10 24 6 2 0 24 43 15 17 6 9 20 44 17 37 11 11 27 14 21 50 12 
21 27 17 49 18 41 43 3 38 45 44 32 33 50 35 45 41 8 29 10 17 5 8 1 33 2 48 32 22 50 15 0 43 35 21 39 47 39 4 7 2 23 15 18 14 26 12 35 
37 27 16 36 6 43 41 46 17 19 16 17 17 44 11 31 39 31 2 47 12 11 38 7 38 2 27 37 3 37 44 26 0 21 17 11 5 7 14 9 1 45 26 23 28 23 37 40 
9 12 34 30 34 25 16 24 27 40 10 48 4 16 4 43 31 26 41 47 50 33 7 25 25 22 2 3 36 39 10 34 1 0 12 18 26 19 7 11 1 5 44 35 16 47 17 6 
35 42 33 43 3 32 41 41 26 6 10 6 13 24 13 39 38 30 27 48 42 48 28 25 24 15 41 42 6 49 41 28 9 16 0 17 11 3 47 7 2 10 22 43 21 9 2 49 
28 42 6 47 37 21 19 15 38 14 9 19 39 42 50 36 28 15 32 47 47 7 3 36 42 23 25 38 21 6 8 16 22 17 13 0 50 1 2 5 8 40 2 30 48 45 28 19 
11 11 36 15 7 27 5 3 22 40 20 6 14 47 32 44 32 7 43 47 22 29 1 35 27 10 25 8 45 27 5 42 15 4 14 28 0 35 42 2 39 18 15 42 10 31 47 41 
11 8 9 48 42 2 31 48 32 10 2 38 47 2 48 8 45 36 29 41 10 33 5 10 41 5 5 30 8 38 42 4 31 19 15 50 37 0 29 14 40 35 7 32 18 34 4 5 
37 21 7 48 25 2 6 31 28 4 50 8 37 48 1 40 45 19 48 8 28 38 48 22 16 22 39 7 4 1 37 26 38 1 18 10 1 41 0 18 3 25 38 37 47 37 22 28 
43 34 17 38 49 36 46 28 50 24 36 32 3 14 50 28 27 17 24 21 37 30 42 40 4 2 46 33 40 1 1 35 44 45 47 24 37 14 39 0 41 42 23 19 37 16 9 15 
39 26 11 11 31 14 2 42 14 42 28 35 48 41 14 38 49 23 1 38 9 17 27 41 14 29 34 30 14 11 6 25 46 38 7 8 30 41 21 21 0 43 4 33 32 10 29 41 
50 29 36 21 14 15 21 7 23 50 20 47 3 31 23 28 3 37 3 40 11 34 6 8 8 3 30 45 6 35 45 31 35 38 34 1 28 41 42 10 25 0 31 35 8 10 44 18 
41 21 26 30 45 7 40 31 16 23 28 13 12 35 26 1 38 5 39 13 15 47 22 1 13 46 44 16 30 50 48 48 14 35 40 25 31 5 1 25 45 8 0 18 29 1 28 31 
25 49 31 47 4 21 32 4 44 50 26 18 49 14 25 1 17 25 30 49 27 46 2 21 34 5 15 18 7 30 44 1 35 16 19 17 50 3 45 28 33 32 46 0 25 6 38 2 
11 20 7 2 4 21 30 4 30 47 10 14 50 7 15 47 15 7 26 33 34 45 8 2 14 30 3 17 46 1 27 16 47 3 5 48 50 28 40 30 6 12 40 21 0 40 40 46 
22 19 35 31 19 31 5 18 16 13 6 38 24 18 13 9 29 20 45 18 47 2 17 47 37 17 46 28 23 6 38 12 25 34 32 49 11 20 9 36 43 36 39 36 45 0 41 16 
13 43 4 11 1 46 22 50 20 2 39 44 2 35 27 46 11 25 45 14 41 36 15 48 9 12 9 26 12 13 32 3 47 2 33 35 19 45 37 16 3 35 13 47 23 26 0 7 
1 16 40 29 11 1 27 26 27 28 7 3 40 38 47 39 7 21 37 48 1 2 42 27 16 38 29 11 6 24 19 25 33 5 8 11 22 35 21 3 20 26 7 8 13 43 47 0 
29 0 7 47 6 27 37 29 7 49 24 14 13 24 22 17 20 4 10 32 20 36 30 37 17 23 50 35 28 25 46 35 15 24 41 1 4 10 18 43 39 4 49 9 37 9 22 48 
31 4 0 6 4 48 31 23 12 49 21 30 34 27 3 2 32 4 39 50 40 33 22 13 11 36 18 44 16 38 21 50 9 1 3 4 25 20 42 38 34 2 30 2 34 30 34 16 
36 3 17 0 6 49 10 32 16 9 41 46 18 31 38 7 25 29 22 22 34 24 49 27 13 12 2 16 39 3 21 30 31 2 2 8 13 21 16 1 50 19 38 45 34 24 25 7 
47 45 6 23 0 13 9 1 43 38 27 5 44 47 44 44 13 39 12 15 17 30 30 44 5 13 21 23 15 37 5 43 39 38 46 20 44 48 48 17 23 2 9 21 37 16 22 5 
6 26 25 7 23 0 10 8 28 17 1 2 10 43 37 37 7 33 34 17 7 2 25 50 16 41 45 43 16 21 9 8 39 42 17 17 39 12 48 21 29 30 19 3 44 47 38 25 
37 15 3 38 4 49 0 16 3 31 26 10 16 28 18 43 7 9 44 13 19 26 20 48 45 36 13 38 27 34 23 7 19 4 21 6 1 18 22 5 40 26 14 36 13 2 33 44 
12 37 12 45 50 35 20 0 49 17 17 9 3 41 12 39 19 9 20 42 13 8 12 43 39 37 40 23 43 13 34 35 44 3 20 27 40 23 28 7 35 35 22 39 34 10 19 14 
29 37 46 27 44 11 21 36 0 50 45 23 8 11 12 27 37 34 32 15 1 21 35 50 47 32 14 7 29 37 23 9 30 19 26 44 6 18 7 42 34 32 34 28 45 50 21 46 
24 8 35 6 2 45 19 43 45 0 38 49 46 31 4 43 50 27 37 44 40 36 18 21 20 28 41 32 19 37 7 5 47 11 18 34 21 2 18 7 35 50 33 50 19 19 11 12 
31 40 35 1 9 7 32 11 6 37 0 15 29 12 14 1 6 38 33 2 36 13 20 22 48 10 30 9 40 3 19 3 2 17 30 2 29 3 7 47 41 30 7 29 35 37 39 46 
21 50 27 12 36 17 26 49 11 18 38 0 42 29 48 42 9 38 34 14 13 32 13 23 4 32 37 12 6 7 42 38 11 21 35 38 41 26 7 18 35 41 32 41 11 16 15 18 
43 38 49 42 1 24 27 14 9 28 24 31 0 49 6 20 42 20 31 27 22 45 10 2 34 31 17 30 22 1 23 12 39 17 20 19 19 8 50 38 38 44 22 30 14 2 26 20 
30 21 40 21 31 39 44 23 33 36 16 11 35 0 45 6 13 36 16 35 15 29 37 2 35 20 43 39 28 24 31 39 32 6 47 50 1 12 2 32 50 23 47 37 33 43 40 4 
44 38 9 45 48 18 12 41 43 20 6 1 38 50 0 16 50 3 48 34 6 38 45 6 2 34 35 35 42 32 1 20 42 31 40 46 41 15 36 41 15 44 6 8 32 7 2 45 
1 8 47 34 36 10 34 16 50 33 8 11 14 33 20 0 10 43 50 14 21 48 5 26 36 17 7 20 12 32 38 24 46 33 41 35 35 35 17 34 33 47 25 47 8 8 25 28 
32 24 47 15 32 43 32 47 46 32 12 17 30 40 23 34 0 13 10 12 29 24 48 36 25 26 16 32 24 24 9 19 28 42 29 38 38 36 23 43 4 2 44 39 3 24 1 5 
43 25 41 34 49 46 47 5 34 39 22 40 16 11 8 24 38 0 14 34 25 1 3 35 48 41 18 9 27 30 10 34 2 26 12 39 49 33 25 20 33 46 25 4 50 14 34 27 
43 44 21 1 39 40 26 5 41 41 43 44 32 38 20 25 25 5 0 21 14 5 22 10 42 14 44 2 30 26 49 35 35 8 41 17 34 10 9 45 12 50 7 49 9 40 31 39 
45 26 50 30 46 43 20 23 21 35 30 38 45 38 47 29 43 6 9 0 37 41 22 37 16 16 10 10 14 48 24 1 2 33 6 7 4 27 19 40 42 38 19 46 49 31 22 50 
24 4 28 7 4 31 45 48 24 39 35 14 36 34 6 25 48 34 28 5 0 40 32 43 3 24 16 18 49 23 26 38 35 45 10 36 10 20 18 48 22 39 8 34 15 42 6 5 
8 33 44 49 15 4 17 11 43 12 26 33 38 14 46 26 49 2 50 20 26 0 49 46 5 30 37 6 16 33 49 28 12 19 12 10 17 29 28 23 32 28 50 43 49 45 35 11 
9 44 32 35 14 42 36 29 10 37 40 19 29 48 2 28 45 35 15 14 26 4 0 29 47 21 29 18 42 27 6 48 11 46 26 48 23 2 14 14 20 33 34 1 31 40 10 45 
35 27 23 49 15 31 22 36 6 16 35 15 36 25 44 3 4 40 30 24 3 50 29 0 27 32 21 46 31 43 3 49 8 12 35 34 16 4 8 34 30 24 41 43 7 17 49 29 
46 39 31 48 41 11 36 42 36 48 47 17 44 36 41 44 3 18 28 3 2 41 29 49 0 46 7 50 50 12 7 23 10 33 43 50 42 12 5 8 47 26 43 49 19 8 41 40 
45 34 48 40 40 39 47 28 5 11 33 2 35 12 37 30 29 26 37 34 1 36 49 32 48 0 11 31 27 9 43 11 42 5 17 5 16 15 18 33 21 37 16 46 32 30 4 23 
36 40 13 21 43 22 7 39 10 35 16 42 30 9 20 19 13 1 42 47 18 8 21 16 12 43 0 16 48 36 40 18 3 45 38 46 38 46 23 18 20 48 29 45 32 49 26 4 
13 17 47 34 32 39 7 6 29 19 48 10 1 6 10 4 21 18 14 48 43 13 33 23 40 33 22 0 50 40 13 40 17 36 39 4 32 39 7 36 15 39 32 18 19 49 13 18 
15 39 25 25 14 36 29 12 50 34 25 44 49 17 8 16 16 30 31 24 12 2 28 15 14 32 49 9 0 11 46 15 25 27 16 7 11 15 38 27 32 8 28 4 48 15 13 38 
48 32 16 2 40 18 40 6 14 12 11 11 32 37 20 1 5 20 1 17 33 11 47 2 29 3 49 16 34 0 48 30 1 2 45 2 27 45 45 26 7 38 11 44 50 5 27 46 
46 39 28 50 29 15 46 5 37 35 15 24 37 19 25 22 16 32 11 10 37 36 43 6 10 45 44 30 23 18 0 48 48 2 8 4 28 7 49 2 37 6 41 15 43 31 22 40 
38 14 39 28 18 44 18 9 11 46 22 41 35 21 17 32 20 38 17 23 29 16 47 15 17 31 25 5 47 21 1 0 26 39 6 6 17 35 40 30 4 34 50 44 33 36 9 17 
16 39 9 46 5 14 50 11 23 17 24 12 38 20 13 13 40 45 47 2 30 16 1 48 30 8 14 39 30 23 15 30 0 9 14 9 16 39 26 46 12 40 45 34 50 11 29 43 
34 21 38 4 38 39 7 38 1 38 11 16 48 1 11 32 1 3 45 3 25 11 48 24 14 49 35 13 36 32 2 37 1 0 15 30 18 42 19 27 41 3 26 9 29 28 11 49 
12 29 13 34 48 17 27 19 23 24 14 41 40 5 45 3 19 37 25 15 33 21 44 40 32 26 4 1 49 3 19 47 4 1 0 24 35 23 49 4 21 25 47 7 44 29 29 37 
37 9 24 41 42 3 46 16 41 35 23 2 22 13 27 20 21 5 17 37 40 31 11 31 20 33 5 41 36 14 1 12 4 39 18 0 42 26 13 28 44 9 35 33 50 50 48 33 
8 49 28 37 39 13 42 48 7 49 44 21 9 49 5 30 27 35 12 48 34 46 35 45 9 28 23 29 5 48 11 31 23 1 48 43 0 9 28 12 49 13 42 12 44 33 43 19 
46 4 5 7 16 39 1 49 12 14 34 28 11 40 14 43 9 38 13 49 8 2 13 22 50 23 13 35 42 35 41 13 17 9 28 25 50 0 42 46 43 22 2 36 29 26 50 2 
10 50 49 3 7 20 45 11 44 41 34 8 43 26 16 8 27 24 21 12 3 12 39 43 18 43 21 27 7 16 35 46 50 22 4 36 44 33 0 35 43 23 48 35 34 17 35 3 
18 7 45 10 6 5 38 49 49 11 7 36 14 49 18 5 28 7 39 8 22 23 31 14 45 39 29 40 5 28 5 27 33 40 4 20 12 7 29 0 41 12 23 5 25 38 47 21 
44 5 44 7 27 28 27 32 45 27 32 15 17 27 49 45 21 7 30 3 25 46 49 44 22 29 48 47 49 18 6 27 48 19 35 36 12 22 28 50 0 7 9 9 44 31 42 12 
15 14 29 35 19 8 44 47 49 6 50 35 49 30 30 33 28 21 5 17 49 42 13 33 50 29 31 47 16 37 5 14 30 17 34 34 21 34 38 19 5 0 22 36 30 12 37 30 
20 27 27 32 24 26 25 14 23 1 46 35 40 28 47 31 13 2 37 5 33 47 47 12 45 33 36 13 27 6 33 21 14 50 12 21 40 6 32 38 6 4 0 11 33 26 49 48 
42 8 42 24 29 26 32 47 23 30 15 37 41 40 13 37 17 19 25 22 41 16 27 41 7 20 49 50 30 36 14 37 47 35 45 5 36 32 5 46 32 3 39 0 41 26 19 41 
48 44 17 44 15 1 27 7 26 32 2 17 9 27 32 17 37 17 28 41 7 46 8 1 35 15 30 41 39 28 36 15 39 30 1 7 13 42 50 36 20 28 19 24 0 35 16 46 
19 50 36 2 25 48 28 35 3 37 17 9 1 22 37 19 49 46 37 29 30 27 26 5 45 17 43 22 29 27 34 17 20 19 11 41 3 27 11 18 12 45 49 21 47 0 34 49 
14 34 10 21 29 48 37 17 43 24 32 7 8 6 7 7 26 3 50 40 33 12 46 17 22 35 20 18 35 28 6 8 12 18 29 38 20 6 6 20 33 3 19 17 21 20 0 4 
12 5 39 23 18 47 44 17 3 39 44 49 44 29 20 32 15 19 25 45 41 27 20 37 21 48 31 7 31 43 29 46 3 32 8 13 47 6 39 11 19 1 26 50 27 7 12 0 
42 0 14 21 5 49 47 26 13 35 36 2 3 20 17 38 37 11 10 48 47 12 21 8 35 9 31 14 27 40 2 20 11 14 36 40 44 10 39 31 49 28 19 23 27 46 4 19 
44 31 0 14 16 40 29 11 1 21 6 36 46 19 33 49 24 34 16 41 40 35 28 45 28 23 30 49 20 43 48 31 40 6 13 20 46 26 37 31 32 3 36 19 38 24 43 13 
17 29 46 0 40 11 5 14 34 17 37 37 44 11 30 42 8 23 25 47 40 6 14 4 48 48 36 9 37 50 9 8 4 30 17 33 42 48 9 21 36 42 29 4 10 40 43 20 
3 12 28 46 0 13 28 3 7 4 26 48 43 26 46 28 35 8 29 33 14 44 48 1 10 15 5 12 49 28 10 44 9 5 16 7 26 22 13 45 26 27 11 30 16 50 17 46 
40 15 45 46 31 0 7 30 27 5 12 18 32 8 17 5 29 44 32 40 38 10 40 3 13 45 35 8 38 33 18 35 11 49 10 22 34 34 15 13 3 26 40 3 14 4 32 37 
10 22 32 37 35 10 0 29 37 50 13 32 1 47 50 42 44 37 28 8 34 49 45 22 46 30 19 38 13 20 38 39 10 14 48 49 16 2 32 50 1 20 24 23 21 2 14 17 
3 34 46 16 37 47 49 0 39 15 1 37 8 16 23 16 17 13 25 23 38 50 2 27 43 5 28 7 14 26 23 1 44 16 3 35 30 25 22 3 13 15 9 34 15 15 25 35 
29 5 8 10 47 30 26 17 0 2 8 4 11 9 41 36 13 42 1 43 42 13 38 37 42 41 22 10 24 41 18 12 28 31 44 28 10 19 14 4 15 40 36 33 23 21 12 45 
23 30 47 43 15 23 34 22 42 0 18 16 19 26 20 3 27 35 46 27 31 16 13 27 45 28 47 29 2 28 5 15 22 30 28 38 44 45 25 48 5 47 22 37 42 4 45 29 
45 38 10 49 27 45 31 29 11 4 0 3 15 19 45 32 45 37 3 44 40 48 33 9 32 10 49 22 34 44 26 35 41 34 18 34 15 18 7 38 27 49 49 28 41 43 10 29 
11 16 28 50 39 10 6 31 13 29 29 0 39 29 24 47 35 35 19 12 32 1 12 18 28 31 15 18 41 49 6 19 40 1 20 11 19 17 26 46 32 28 38 21 36 39 18 10 
4 2 15 44 23 32 28 28 50 48 50 20 0 25 42 15 32 8 11 39 39 10 13 29 19 9 23 30 5 14 41 32 39 14 6 15 39 35 13 47 9 23 42 12 22 17 7 22 
40 13 6 14 26 1 29 1 41 24 47 35 50 0 2 24 15 10 16 12 7 19 28 27 47 46 15 31 17 18 2 7 2 2 2 40 42 9 27 7 38 35 6 25 16 39 28 47 
7 49 28 3 6 6 1 3 13 37 9 19 12 21 0 13 33 39 17 45 34 48 12 33 6 33 10 24 22 14 4 11 9 18 18 24 18 41 49 2 47 2 49 28 5 50 8 45 
18 23 23 36 49 44 44 50 46 16 22 20 47 32 29 0 39 9 26 1 1 45 47 45 43 40 16 49 33 50 34 29 6 25 15 6 50 42 19 13 15 25 19 29 3 19 30 5 
15 23 10 20 29 50 8 1 22 28 30 46 33 46 12 1 0 12 38 16 46 32 26 29 48 41 14 36 27 27 19 43 25 11 11 34 10 40 15 50 7 18 14 35 23 12 23 30 
20 13 19 18 15 3 35 24 40 45 13 29 16 14 31 25 3 0 36 6 35 23 12 3 11 47 38 10 28 19 41 7 37 18 34 17 15 9 1 28 22 27 38 45 16 28 37 35 
43 38 40 32 37 6 39 8 8 11 8 22 28 44 7 6 49 38 0 26 11 32 48 17 17 2 8 35 8 35 18 37 34 10 3 18 41 29 9 20 32 30 27 10 4 1 30 50 
28 21 33 46 28 2 26 4 45 21 24 30 30 21 31 23 40 24 24 0 12 25 27 17 27 40 18 45 32 6 38 13 16 23 9 7 38 3 22 10 33 35 50 23 20 6 30 41 
11 50 4 20 31 28 19 25 2 4 6 7 10 8 45 48 8 9 8 8 0 21 14 43 20 18 15 42 28 26 5 47 21 11 28 35 33 2 19 33 38 4 34 6 35 47 16 50 
25 41 2 16 12 48 22 20 47 7 34 3 16 37 42 50 47 7 35 46 33 0 24 12 46 39 26 21 4 38 9 9 23 2 16 17 37 24 40 36 24 40 8 38 27 19 17 17 
2 13 34 9 28 12 21 17 2 29 7 27 36 28 18 33 39 48 11 1 1 20 0 5 26 8 22 12 7 25 36 36 28 23 10 19 42 4 50 32 11 32 49 15 8 18 13 1 
46 22 26 50 29 8 16 17 32 9 8 1 7 1 14 42 17 44 29 4 27 9 27 0 29 39 17 50 19 2 5 47 9 46 21 17 35 50 36 8 21 8 44 37 33 46 49 25 
11 18 8 49 15 40 10 24 37 46 48 11 12 8 47 15 28 12 50 6 36 35 30 43 0 31 36 8 47 34 23 44 33 41 42 40 2 45 6 32 20 37 47 30 40 3 25 46 
14 11 29 10 22 47 44 40 27 39 15 19 29 32 13 41 15 2 15 21 20 18 46 21 22 0 30 30 20 39 5 40 41 6 41 45 37 5 13 23 36 47 3 13 13 30 38 3 
39 24 6 15 39 38 4 27 46 15 9 39 42 18 24 1 22 50 25 13 39 38 26 37 3 29 0 30 24 18 6 34 41 34 27 42 46 33 40 2 3 3 15 49 23 47 24 32 
19 24 2 41 14 5 26 15 1 48 20 13 10 9 30 9 41 32 18 6 15 26 29 18 33 48 22 0 11 25 39 4 40 30 48 11 1 16 15 20 37 8 13 41 49 13 28 42 
45 23 6 8 42 30 18 17 44 46 34 9 16 33 16 40 13 44 31 33 12 48 30 44 26 12 32 48 0 2 35 30 6 5 7 28 39 20 31 13 11 12 31 18 6 32 7 4 
4 43 24 29 5 33 45 30 48 43 12 33 30 48 20 15 9 16 29 4 10 6 27 21 32 32 20 22 32 0 31 24 12 20 8 28 5 29 7 26 23 11 27 31 46 8 49 33 
13 42 16 10 41 3 3 45 48 16 3 48 23 14 24 49 18 20 1 13 22 20 16 37 2 40 7 44 34 26 0 32 13 33 49 7 30 16 21 34 9 18 14 31 40 26 10 4 
9 38 29 13 27 8 37 12 43 27 30 8 1 47 9 12 23 35 41 15 24 7 44 34 47 36 42 46 8 40 26 0 11 43 37 48 7 5 13 6 6 46 38 15 4 36 14 33 
13 9 3 8 6 36 45 30 3 44 45 17 41 17 42 4 3 1 20 15 15 49 3 7 10 29 35 19 36 43 41 48 0 33 4 29 37 5 32 21 25 49 7 46 13 10 46 16 
40 5 35 12 3 16 50 18 15 7 47 49 27 1 26 44 10 4 48 35 38 38 5 49 22 31 46 16 9 3 40 47 14 0 14 46 15 2 32 38 33 34 36 14 31 9 34 44 
24 24 13 37 10 13 12 29 2 1 36 41 23 21 34 10 13 18 1 35 14 6 11 43 29 16 15 1 2 25 25 41 38 37 0 22 43 46 17 30 34 3 36 45 15 16 42 16 
13 1 27 1 14 8 50 31 19 13 21 8 44 49 11 27 27 26 46 3 37 49 42 14 47 38 18 32 29 11 47 27 38 1 3 0 1 25 24 12 33 39 6 4 30 26 9 36 
36 42 9 18 39 20 39 30 15 10 14 5 26 41 18 3 8 16 44 21 44 46 11 2 4 15 13 14 31 45 12 38 39 2 33 41 0 20 44 9 7 49 21 39 42 12 20 36 
43 22 3 46 14 33 38 43 40 32 7 15 24 8 26 49 20 48 26 17 24 9 28 33 15 8 37 23 24 7 19 41 34 29 21 43 28 0 49 48 6 1 10 43 9 13 30 35 
50 24 22 20 44 36 4 12 35 45 21 32 7 46 16 20 33 13 17 31 45 38 33 22 21 1 20 16 15 16 19 21 36 24 38 50 2 38 0 26 5 31 17 36 49 8 18 42 
11 36 41 10 47 47 49 40 13 41 1 49 44 16 38 48 19 27 50 46 34 9 16 18 46 38 12 50 29 2 35 14 3 9 10 31 24 7 22 0 24 37 34 25 10 1 39 32 
39 44 19 17 23 8 22 9 3 20 23 15 9 35 50 12 12 7 37 47 35 7 8 25 13 5 27 10 50 34 7 17 7 6 24 6 10 35 12 7 0 31 1 8 11 1 43 13 
39 38 22 14 3 15 43 47 33 37 45 5 19 32 13 9 19 14 6 9 4 11 44 3 27 45 31 16 35 50 48 24 21 42 38 22 28 21 4 3 14 0 10 42 20 15 31 44 
25 19 42 39 47 46 34 10 28 44 20 38 9 34 28 13 33 39 22 35 27 44 41 32 49 11 3 46 44 20 24 38 47 1 6 47 43 11 1 29 37 32 0 10 29 8 33 45 
20 36 47 9 31 43 46 18 32 28 11 40 37 43 39 17 9 21 32 41 9 28 32 20 23 39 44 48 46 34 13 24 16 16 34 10 48 11 43 45 1 34 25 0 20 33 21 15 
36 48 16 2 9 27 43 37 42 5 28 37 43 50 48 22 48 15 38 25 22 10 29 19 48 28 37 41 25 4 12 38 2 25 8 1 30 33 5 47 24 29 42 6 0 20 25 50 
46 3 12 27 5 45 47 43 27 19 47 4 31 40 3 12 39 43 40 35 19 43 48 42 15 11 41 1 43 18 24 50 24 28 42 38 14 27 8 43 5 32 32 32 34 0 30 24 
8 22 17 4 14 30 40 32 4 6 20 12 45 5 47 50 9 46 48 30 4 49 15 49 12 36 48 31 37 11 17 9 36 37 34 29 27 15 10 20 35 46 39 33 44 16 0 14 
39 9 32 23 36 37 50 20 9 7 19 42 28 33 10 45 43 39 12 27 8 21 18 24 44 37 28 46 8 11 33 5 47 23 10 22 6 39 32 23 36 18 25 22 9 24 32 0 
37 0 25 2 47 44 33 39 7 18 41 9 30 50 9 5 13 49 25 14 46 6 24 38 40 4 7 39 42 41 46 46 15 21 5 41 21 7 14 39 23 8 17 42 31 47 10 33 
14 31 0 5 27 48 46 28 27 14 38 13 43 38 45 48 16 23 45 44 9 45 18 35 7 35 36 42 39 40 33 7 44 45 25 25 11 36 20 48 20 44 28 28 34 45 22 2 
29 10 1 0 20 37 3 1 38 47 47 49 42 13 4 39 37 32 31 19 48 13 20 38 31 3 47 25 16 17 41 1 13 13 34 14 30 40 14 21 41 44 37 29 14 37 28 36 
16 5 42 47 0 3 26 25 39 9 22 20 17 40 29 36 21 6 47 37 29 29 41 10 48 19 10 29 4 27 41 25 45 25 12 9 12 26 45 48 37 39 45 5 8 20 47 32 
13 9 16 23 18 0 50 50 7 26 45 44 28 44 47 21 13 19 48 26 42 28 20 25 46 12 49 50 40 35 37 2 28 22 29 16 46 11 19 8 45 26 5 33 17 32 17 5 
40 19 33 37 11 45 0 6 4 43 35 21 11 19 1 10 23 40 43 17 7 15 32 26 3 1 40 32 16 24 37 8 14 46 44 10 22 2 50 41 34 16 26 23 11 40 8 39 
45 17 33 44 24 16 10 0 41 9 44 31 37 21 14 40 31 6 27 8 16 26 41 38 21 40 3 33 42 40 9 15 13 43 2 37 50 41 44 34 48 36 4 2 29 22 14 20 
20 26 45 17 35 32 42 14 0 4 29 13 5 22 33 19 1 50 29 18 44 20 27 41 40 13 44 11 30 22 40 10 49 26 33 14 16 45 42 31 31 1 39 34 22 29 39 12 
15 18 3 2 50 4 21 1 44 0 36 5 4 41 22 13 42 15 19 14 30 40 20 3 7 8 49 38 43 32 44 20 12 25 32 47 12 20 38 11 45 6 32 21 31 40 38 40 
10 39 48 19 3 15 9 23 45 16 0 46 44 1 17 28 20 50 17 44 30 10 26 1 22 28 9 19 25 8 50 23 17 21 10 28 5 35 26 17 47 16 10 2 47 24 45 10 
28 28 13 21 14 47 9 31 35 38 26 0 42 44 46 35 15 46 43 30 24 42 39 24 36 25 50 47 14 50 24 5 49 33 50 41 47 46 29 10 21 12 29 44 17 9 35 24 
1 32 46 7 4 45 21 18 40 4 28 47 0 14 1 45 31 11 34 27 9 45 6 38 19 17 34 9 12 13 45 8 27 41 27 46 33 5 18 1 4 13 32 2 43 19 33 46 
21 17 48 34 33 33 26 30 46 44 27 40 20 0 36 9 5 45 47 2 6 37 5 13 27 43 34 23 47 13 4 45 1 34 39 39 46 16 12 25 45 15 48 50 39 28 29 31 
19 4 28 8 47 17 28 9 16 5 21 41 50 10 0 30 17 43 49 27 7 32 48 14 40 33 22 8 41 40 6 24 50 15 3 5 43 36 47 49 34 7 30 23 41 45 22 26 
35 36 31 7 41 2 22 50 21 40 38 25 25 10 37 0 19 11 31 22 26 48 5 37 32 47 50 43 50 2 25 23 46 12 47 23 6 10 49 33 48 43 3 34 4 48 22 25 
24 20 12 13 10 23 46 28 31 49 49 11 41 10 23 48 0 47 17 43 13 28 38 31 10 13 48 24 33 45 21 34 35 25 26 19 30 41 13 13 23 17 19 42 8 11 38 43 
39 21 5 38 37 6 10 48 36 40 2 1 12 49 13 34 10 0 15 15 37 16 41 43 8 34 4 20 47 9 47 24 50 25 6 35 12 40 34 48 29 15 28 33 41 39 13 1 
24 4 36 32 43 46 1 27 49 29 48 5 33 36 13 39 40 17 0 2 26 7 14 2 44 27 18 36 22 38 8 3 19 22 4 47 44 24 15 31 4 24 30 37 34 43 29 15 
44 2 40 43 24 37 37 45 10 3 42 6 25 10 30 39 41 27 29 0 33 30 40 20 15 26 36 49 3 27 28 18 2 48 4 43 20 49 16 29 32 35 9 37 41 32 9 6 
44 45 41 46 7 15 47 36 4 32 25 18 38 39 35 19 33 35 41 8 0 22 17 10 41 26 49 47 49 22 4 30 34 17 31 5 8 36 32 11 37 2 19 40 38 24 48 41 
44 50 41 4 7 41 2 35 27 35 1 21 9 18 48 14 1 3 42 1 8 0 34 28 33 1 24 4 7 4 28 22 18 28 8 4 49 32 50 23 43 16 46 28 24 36 11 3 
20 4 5 40 36 32 48 33 10 23 8 4 33 37 46 32 50 13 33 43 2 14 0 50 33 2 30 50 36 12 7 5 48 41 22 35 3 50 39 37 36 31 25 45 26 24 47 41 
6 20 15 29 11 3 19 2 6 5 22 39 6 33 13 21 3 19 10 13 12 3 43 0 32 11 27 48 13 27 20 24 10 5 40 44 16 48 28 44 46 22 21 29 48 28 1 32 
4 19 4 42 8 14 34 29 4 28 33 18 34 6 6 26 37 32 13 34 16 39 47 24 0 26 25 15 42 42 24 46 5 11 45 44 45 23 29 17 46 22 11 41 39 15 11 11 
41 17 46 43 17 16 17 17 15 22 31 17 33 50 43 38 30 32 29 7 40 12 12 3 9 0 16 18 12 5 49 9 10 15 15 25 25 47 31 29 39 44 29 30 23 43 12 34 
47 30 24 11 7 36 4 21 29 6 43 35 2 49 6 12 16 13 21 2 18 25 18 42 49 4 0 41 13 11 33 39 11 47 32 21 33 32 39 3 24 12 45 46 20 4 47 27 
41 39 17 14 10 22 11 16 22 12 33 12 3 46 41 10 47 17 32 39 21 28 23 31 28 11 47 0 41 24 29 49 38 3 27 1 25 45 19 29 39 37 16 50 21 49 27 50 
29 21 35 50 3 23 8 7 13 16 37 37 50 26 20 43 43 14 45 9 27 46 17 16 28 39 43 2 0 5 29 3 32 1 12 19 21 40 30 46 15 45 21 38 9 8 33 30 
14 17 24 7 8 4 19 23 34 4 19 22 15 30 7 2 35 14 5 36 38 7 50 4 14 18 31 14 7 0 8 9 8 46 9 29 35 32 22 45 28 33 39 36 17 21 9 32 
36 39 19 4 45 4 48 43 7 18 21 44 40 24 5 17 26 46 12 27 6 2 22 21 13 19 27 3 49 22 0 33 33 5 37 46 25 38 4 14 5 48 17 22 17 12 28 6 
4 29 22 10 22 9 33 26 34 18 49 42 26 27 45 44 36 36 38 40 4 29 30 29 22 32 8 29 40 30 5 0 9 35 14 24 25 28 13 11 25 23 11 12 8 40 13 39 
28 4 24 37 32 25 39 2 26 49 43 38 41 2 4 36 5 14 40 7 13 4 20 17 23 26 14 17 43 18 23 40 0 9 44 30 26 17 43 24 35 46 12 48 27 35 25 20 
23 19 25 7 44 1 7 26 25 34 7 15 6 12 23 9 8 26 4 30 48 23 29 20 12 41 6 11 1 6 44 32 49 0 7 41 48 19 11 29 39 2 18 5 42 10 29 18 
24 24 3 40 1 31 45 22 1 40 6 46 4 45 47 26 20 40 26 16 50 21 25 41 48 47 15 28 31 19 37 11 33 23 0 33 37 48 16 43 2 4 35 41 9 13 16 26 
45 6 42 35 3 35 14 19 3 50 12 43 5 16 18 42 33 4 46 13 31 13 10 29 5 48 24 13 16 30 17 29 32 22 21 0 23 39 34 35 26 20 5 30 38 36 23 39 
37 36 43 9 5 18 3 45 32 46 14 31 5 12 1 4 23 34 34 11 33 45 46 3 49 19 20 43 27 33 23 43 32 9 38 27 0 23 22 12 11 30 27 40 27 26 3 30 
15 20 1 7 5 3 12 6 42 41 41 10 37 48 10 18 49 23 22 50 47 24 24 32 2 22 23 32 6 6 19 28 47 39 6 24 27 0 26 19 41 20 3 46 36 33 12 26 
13 20 10 41 4 5 3 34 41 46 20 6 33 30 31 1 37 23 13 13 48 43 37 42 24 5 32 30 44 28 38 49 41 47 10 13 47 16 0 15 24 45 6 15 28 7 21 37 
11 40 3 10 14 20 49 28 21 33 19 18 50 24 23 40 14 8 21 16 36 20 18 4 21 8 40 19 43 29 9 35 3 18 21 41 42 19 25 0 30 42 20 40 30 29 48 15 
1 22 17 2 21 37 6 1 42 22 50 39 6 30 30 36 42 25 34 15 32 3 33 48 45 34 41 24 17 30 38 25 24 43 40 48 26 28 39 48 0 48 18 29 19 43 30 19 
1 13 34 49 6 45 33 34 48 39 19 7 37 46 33 35 12 35 25 16 14 40 32 10 15 36 36 18 15 24 15 6 16 16 41 11 33 32 32 30 41 0 10 43 9 8 22 3 
3 15 34 18 35 18 14 6 11 31 25 34 20 10 15 19 24 25 13 41 21 5 22 2 30 3 45 25 4 48 23 3 44 34 34 3 32 7 31 38 3 11 0 30 31 9 48 12 
21 26 41 19 35 45 31 32 48 44 32 38 32 23 39 2 14 8 22 41 37 26 13 38 17 45 25 39 10 25 42 44 32 41 25 50 13 29 39 9 13 2 36 0 10 50 20 49 
15 14 9 17 23 37 8 26 45 14 4 3 40 20 43 22 23 3 39 6 42 49 40 40 35 20 14 29 35 41 3 39 48 47 10 26 1 9 19 7 25 15 30 36 0 10 27 49 
39 21 30 14 8 12 14 8 17 24 20 33 4 24 30 41 5 11 15 5 44 10 18 21 15 34 33 31 27 20 4 30 9 21 26 8 5 27 46 27 34 40 44 2 32 0 27 16 
34 46 24 25 25 45 22 6 30 4 10 49 24 30 33 31 48 21 41 24 34 49 22 37 28 16 39 22 5 16 16 40 39 19 49 36 3 45 29 35 37 15 47 5 46 28 0 23 
48 1 9 47 31 41 3 33 36 24 38 47 10 7 1 2 14 38 20 11 6 31 48 29 3 42 6 38 19 3 18 41 50 44 41 21 46 20 36 50 36 37 14 12 15 48 20 0 
29 0 37 14 33 18 27 18 18 18 4 31 45 39 35 16 14 34 7 48 48 16 17 30 7 44 3 21 25 19 17 36 14 6 23 28 1 6 20 50 15 33 27 23 18 15 26 47 
15 21 0 23 31 6 18 1 4 12 8 7 40 15 7 43 49 2 18 18 39 17 8 15 8 14 7 33 15 40 45 12 42 19 6 6 5 46 36 31 47 5 20 17 43 49 31 36 
9 41 28 0 21 50 48 37 31 8 6 16 17 49 35 37 14 18 46 16 21 10 1 39 3 17 38 22 35 47 42 22 9 34 22 25 25 12 24 12 44 33 26 49 49 31 19 33 
12 19 6 49 0 48 34 10 27 9 2 26 5 13 27 3 34 17 34 7 34 27 10 13 2 45 34 22 39 34 2 41 23 48 6 10 16 42 43 25 26 25 46 17 23 37 19 50 
18 31 43 33 15 0 25 36 6 2 7 4 5 14 12 22 43 7 12 4 7 8 17 37 42 24 10 31 9 31 44 40 16 27 35 4 8 42 20 26 49 13 50 9 10 38 39 12 
15 3 4 11 11 34 0 12 43 2 45 1 9 6 44 27 25 9 17 39 29 30 8 14 2 38 37 5 45 8 9 27 5 36 49 17 7 28 34 30 33 15 42 3 14 41 11 21 
5 37 25 1 43 50 11 0 32 7 40 2 23 25 29 18 36 44 18 46 24 8 28 21 47 25 38 6 14 38 5 50 11 27 16 1 8 33 9 35 5 25 17 10 17 27 11 5 
4 47 7 10 47 45 38 14 0 28 17 28 26 6 44 47 45 2 40 42 47 9 28 10 3 35 33 42 49 41 18 4 21 15 33 2 17 32 46 3 16 40 2 24 42 6 33 30 
12 29 23 8 27 36 15 46 26 0 37 5 25 15 4 39 23 10 13 7 12 23 42 30 13 7 38 26 8 7 5 19 48 3 4 30 21 19 11 27 36 50 37 26 30 27 21 39 
12 1 30 15 30 49 21 7 20 49 0 10 2 40 10 7 39 22 19 8 23 11 24 19 5 50 36 22 12 36 16 50 37 37 49 14 7 28 41 39 49 32 47 11 23 10 9 38 
27 44 48 5 12 20 49 28 39 33 26 0 16 44 28 10 21 4 49 24 16 41 47 50 12 32 30 9 41 14 14 46 46 41 49 46 19 39 12 39 17 38 21 26 25 3 25 45 
22 23 27 7 25 36 44 47 30 44 37 24 0 32 11 8 14 25 37 30 25 46 33 41 33 43 10 7 28 20 21 26 9 7 36 38 19 38 7 22 10 48 2 16 26 2 39 8 
7 31 7 1 38 23 1 50 40 32 44 15 16 0 30 16 27 9 18 29 17 47 24 40 27 19 16 21 28 45 17 16 31 5 2 1 48 14 21 38 36 7 37 48 37 45 43 7 
30 32 25 7 8 24 22 12 33 41 31 33 23 3 0 23 5 23 17 13 10 14 30 19 14 39 31 43 11 11 26 4 33 27 10 42 47 20 11 8 7 33 41 18 7 33 39 15 
34 34 32 25 20 32 33 43 1 13 12 18 28 32 11 0 2 7 38 49 7 14 11 27 36 13 10 6 28 24 12 12 32 1 16 9 28 29 1 34 1 44 17 42 35 9 43 30 
26 23 39 11 20 34 32 2 23 8 47 13 11 26 6 20 0 39 1 31 18 13 23 34 23 6 4 48 13 47 20 43 28 20 30 31 5 35 2 43 48 19 14 36 20 33 39 24 
26 39 48 3 34 28 26 18 3 39 16 6 16 36 20 6 3 0 16 20 44 31 45 1 35 38 8 33 49 49 37 14 41 18 31 23 24 49 18 9 50 44 12 28 17 20 47 28 
12 49 9 33 5 13 45 43 31 39 14 16 26 45 28 20 17 25 0 25 38 36 14 46 7 36 7 20 1 20 18 35 16 42 31 22 50 41 4 10 28 24 38 42 36 36 2 33 
5 17 43 12 42 45 9 42 49 4 2 48 48 44 45 24 14 4 49 0 25 46 24 28 29 13 16 47 15 49 22 10 21 35 25 16 35 27 6 43 21 33 39 23 47 39 7 12 
35 30 14 29 32 38 28 38 31 40 14 50 26 48 45 44 28 44 32 13 0 24 28 11 47 8 12 28 43 8 2 31 41 6 4 13 36 35 43 28 34 8 38 36 45 14 7 18 
24 38 45 46 3 8 45 39 8 20 17 22 21 10 35 31 30 9 24 45 22 0 36 10 9 35 16 49 6 37 43 16 34 1 45 5 5 13 6 29 33 12 16 5 16 19 21 8 
24 23 7 7 37 40 13 46 39 29 37 11 38 10 39 3 15 5 34 21 27 6 0 31 18 24 31 41 33 7 31 44 41 14 9 25 33 30 37 29 44 39 50 17 27 27 46 41 
24 23 14 41 12 35 1 31 18 42 39 34 7 50 30 39 8 35 46 47 29 35 6 0 24 29 26 40 33 28 40 5 42 28 40 17 10 44 41 32 6 14 28 8 41 41 4 22 
45 9 11 9 42 31 49 13 40 18 41 12 37 46 18 4 29 38 48 6 18 33 20 45 0 18 4 40 33 1 27 15 33 26 5 45 24 17 31 14 12 30 27 28 43 4 29 46 
11 46 25 30 4 44 48 4 13 40 16 41 39 42 16 12 13 3 8 36 32 1 45 37 48 0 25 36 27 42 6 27 42 39 8 30 37 27 48 12 40 28 1 33 35 1 41 26 
21 14 16 15 41 47 43 14 10 2 39 32 30 8 22 13 8 13 25 2 31 12 29 36 15 42 0 18 9 32 19 11 36 8 50 16 14 26 41 37 45 47 45 21 36 38 16 32 
33 6 38 26 22 27 39 45 9 35 31 1 50 29 35 33 41 41 3 25 31 42 9 37 17 27 31 0 6 37 42 44 48 50 10 36 3 44 43 39 10 19 5 8 29 46 40 37 
17 12 13 30 45 35 41 2 41 48 1 9 46 46 33 9 17 42 33 2 41 43 33 39 49 2 44 6 0 27 35 30 42 28 41 14 45 24 13 49 13 9 8 46 6 43 35 44 
14 37 46 41 38 14 39 46 24 30 24 31 43 42 36 26 7 18 10 32 6 33 39 35 5 43 21 44 34 0 48 28 47 15 9 31 20 31 44 43 29 39 45 40 15 1 32 6 
22 24 32 40 38 33 3 39 32 49 11 37 45 43 46 13 27 3 28 17 35 11 16 45 14 26 32 44 11 43 0 24 35 23 38 49 21 2 8 40 14 12 20 50 21 21 7 48 
36 43 33 13 13 24 15 22 11 8 37 27 13 2 10 28 39 25 27 15 8 45 26 11 20 13 15 5 15 12 45 0 25 7 28 46 1 29 30 11 12 8 16 39 13 16 32 27 
12 3 43 11 47 45 43 40 41 18 22 44 50 10 10 7 49 13 13 20 35 6 9 50 10 15 15 7 42 7 13 46 0 38 37 3 3 23 1 49 31 15 39 5 33 7 36 12 
2 48 10 40 1 4 13 42 6 44 44 2 32 30 37 48 35 5 27 7 14 7 8 35 49 14 32 6 47 1 26 43 24 0 4 13 9 33 18 13 43 26 45 47 9 30 50 17 
1 29 41 21 29 31 30 48 46 40 25 42 37 22 7 46 6 18 1 29 29 17 28 16 18 43 35 31 20 10 50 6 49 47 0 32 28 7 31 48 12 45 6 18 19 8 27 27 
21 19 50 42 41 29 21 39 35 1 26 4 37 47 49 29 36 41 20 43 40 40 30 39 25 21 39 35 24 49 10 8 41 16 14 0 13 20 19 10 27 28 9 48 28 31 28 12 
16 46 27 33 28 39 34 37 31 40 11 18 21 40 37 15 36 42 19 13 21 33 37 10 18 32 43 15 31 43 3 9 48 9 24 39 0 47 17 32 20 8 29 33 23 10 2 39 
38 42 44 12 36 13 15 42 34 10 18 16 47 46 20 7 39 38 2 20 12 17 49 19 19 11 49 6 42 1 15 50 16 43 6 24 37 0 32 17 47 33 17 41 29 29 1 35 
25 38 23 45 35 8 32 27 22 43 26 43 26 14 10 1 33 46 18 50 4 41 47 20 7 22 6 37 45 27 20 41 19 26 25 18 19 6 0 30 43 35 17 34 31 12 39 41 
34 23 17 8 34 11 2 32 34 42 4 38 13 2 45 32 46 24 35 25 1 39 43 32 27 16 25 16 38 7 16 9 19 31 23 14 29 19 37 0 30 17 45 42 27 16 19 17 
42 40 35 39 8 27 14 41 45 31 35 31 18 36 36 44 28 26 45 20 33 29 31 4 27 37 5 8 6 48 16 17 9 50 34 27 4 19 9 32 0 5 41 28 33 44 38 20 
45 31 2 14 2 21 49 35 13 9 31 12 21 22 7 36 48 16 19 23 18 2 10 41 9 17 14 16 43 2 49 10 40 18 11 27 5 34 15 46 10 0 15 21 18 23 8 39 
10 49 5 31 18 25 16 2 43 22 12 6 35 8 34 43 12 11 21 23 3 12 30 31 15 2 23 13 3 31 42 18 2 29 4 18 38 22 31 35 24 17 0 18 6 44 29 30 
39 27 23 10 8 2 36 36 48 19 24 17 17 3 3 49 12 30 44 5 7 4 17 5 41 30 36 49 37 44 24 38 37 22 35 37 31 22 34 16 17 43 7 0 49 14 6 14 
33 22 19 7 26 50 24 24 36 11 18 20 28 16 37 50 5 46 37 30 46 19 16 19 41 46 28 38 14 48 18 42 35 16 4 28 19 38 48 38 13 48 49 27 0 13 2 6 
1 30 44 2 4 27 26 19 15 6 1 16 30 22 37 11 39 43 27 35 13 13 10 31 17 48 49 18 48 20 40 6 40 41 28 9 20 46 14 15 10 48 39 23 19 0 23 19 
16 27 38 10 35 37 17 44 38 21 13 36 7 29 8 21 46 16 45 27 40 45 28 41 44 29 12 26 15 25 37 13 45 30 33 42 11 10 6 20 23 47 41 39 7 10 0 8 
37 2 27 44 7 24 46 29 22 49 47 17 6 25 42 29 14 34 1 42 28 46 17 11 36 11 26 4 44 5 40 34 34 21 26 24 39 31 31 39 49 1 11 44 15 44 50 0 
45 0 32 18 28 6 7 19 31 41 36 16 8 46 49 43 35 18 9 13 33 35 50 19 41 33 3 12 44 27 35 23 47 43 12 31 23 27 27 35 27 16 41 36 38 23 24 36 
41 6 0 16 44 35 2 11 16 46 13 27 45 3 46 25 4 6 13 20 16 35 19 20 9 41 25 36 17 45 15 31 19 10 18 22 38 11 42 39 45 32 47 35 10 50 33 32 
32 42 37 0 30 25 3 8 2 22 37 7 3 10 16 44 22 32 32 9 36 36 25 37 44 15 25 25 35 38 34 11 10 9 43 5 26 8 35 7 16 2 17 50 2 5 39 29 
29 38 26 3 0 28 41 47 47 7 5 44 16 1 28 24 14 38 26 47 45 18 12 19 14 48 26 44 35 20 26 36 39 26 46 47 47 13 31 33 20 12 46 48 22 14 20 7 
38 29 3 12 26 0 8 45 12 18 20 12 6 3 47 13 28 32 19 5 40 5 32 27 1 7 44 28 33 22 14 47 50 28 19 7 6 17 14 10 32 32 34 29 28 2 25 31 
23 50 19 17 3 10 0 30 2 6 2 3 5 33 30 13 41 5 24 12 29 34 41 7 12 19 10 23 9 22 4 50 50 32 14 5 33 4 48 44 41 48 17 1 5 14 9 28 
2 20 43 25 4 40 47 0 47 33 44 7 48 44 37 22 31 3 3 4 23 19 26 30 38 7 30 21 31 17 41 3 48 10 33 22 40 29 30 46 10 36 17 22 40 47 50 1 
5 27 37 48 3 11 36 9 0 27 40 6 18 25 20 17 30 42 42 10 39 11 16 33 3 24 7 44 38 3 4 41 42 8 29 16 5 31 43 1 37 25 24 45 50 23 12 21 
41 20 37 31 49 37 12 40 40 0 45 35 25 46 18 49 7 23 50 15 11 47 4 13 50 50 41 24 14 38 21 33 30 12 36 4 19 16 24 42 5 46 39 27 11 46 19 5 
20 27 18 23 50 9 2 25 37 7 0 38 32 8 14 48 3 20 12 6 13 10 14 30 42 49 8 10 15 9 27 2 4 31 37 4 38 20 49 34 21 11 12 17 12 29 43 35 
41 49 36 8 50 41 7 45 7 47 27 0 24 42 50 38 17 10 5 34 1 21 11 10 33 21 28 35 2 49 47 18 13 7 23 19 17 23 20 3 14 25 42 48 41 44 25 42 
22 24 45 8 7 46 43 14 31 39 4 37 0 22 6 5 47 10 30 14 18 19 31 22 45 41 3 20 26 30 13 20 39 47 37 14 29 4 40 12 18 15 10 38 28 19 34 32 
8 21 45 39 12 31 8 23 41 3 1 17 5 0 26 17 35 19 20 15 41 35 43 26 44 21 18 47 3 10 43 44 26 8 21 13 6 35 25 8 9 39 14 23 26 3 23 7 
43 48 26 20 9 5 43 47 15 45 2 18 44 35 0 5 13 49 10 26 10 35 13 12 50 45 13 6 2 22 21 50 41 48 12 4 6 35 24 36 21 15 24 48 11 34 7 14 
25 34 2 25 17 28 13 23 30 37 26 26 47 49 42 0 26 45 46 12 20 33 31 50 28 25 24 5 46 11 15 2 16 38 49 31 18 20 47 33 14 36 40 25 20 9 49 40 
22 24 49 4 15 23 37 31 45 35 24 50 44 23 17 13 0 15 36 10 38 48 19 24 6 49 13 48 35 44 6 31 19 27 35 33 23 12 12 37 44 1 19 37 34 46 47 40 
42 20 27 10 34 49 11 43 4 50 43 5 3 25 3 38 39 0 5 5 23 9 40 44 1 4 50 17 38 29 32 40 10 2 24 7 16 17 47 47 21 17 43 29 23 20 7 35 
20 48 31 48 30 42 24 32 2 26 27 7 35 33 24 14 23 11 0 33 4 30 18 38 21 43 8 35 7 16 11 21 31 47 15 47 40 48 35 11 19 28 42 6 40 40 41 12 
38 44 30 7 13 37 4 5 3 11 11 6 22 7 18 16 41 5 46 0 10 20 37 34 16 39 50 14 26 38 13 48 31 2 47 48 14 37 4 9 45 44 11 45 30 38 29 39 
12 11 27 15 36 45 32 42 2 10 15 19 13 24 29 18 40 13 30 5 0 26 10 4 30 38 47 2 16 10 42 5 28 10 12 3 15 12 49 13 37 21 5 46 5 22 35 46 
22 16 43 5 17 9 25 14 3 8 47 27 40 43 17 33 10 6 37 10 2 0 21 14 6 42 50 43 35 22 14 50 8 3 1 31 50 18 37 38 19 36 48 1 8 15 22 24 
44 5 23 37 49 35 26 45 1 2 37 14 18 16 41 43 39 8 39 25 39 13 0 17 15 23 18 19 24 4 21 7 42 21 27 49 31 50 28 1 23 27 7 31 49 31 24 21 
4 45 6 12 50 27 47 35 32 38 8 14 31 17 2 41 30 46 46 44 41 17 11 0 43 11 8 17 48 33 32 18 35 50 48 15 29 48 9 8 16 24 42 18 43 42 15 20 
6 25 16 2 4 36 30 30 37 35 13 2 43 10 50 3 1 20 24 14 33 3 23 43 0 21 38 31 21 49 50 19 2 47 38 11 23 17 31 15 50 20 19 29 45 35 8 16 
6 25 40 17 23 19 1 37 4 3 23 31 16 5 10 31 37 17 12 5 5 50 27 36 20 0 6 25 44 15 24 29 8 13 23 26 47 10 33 46 33 47 1 7 21 45 50 50 
45 11 39 42 28 24 4 11 6 48 5 48 17 45 7 23 31 24 15 18 43 30 14 22 4 21 0 30 9 4 44 6 41 20 7 30 34 27 32 1 35 10 13 20 49 5 36 30 
38 40 29 27 48 30 33 7 16 48 17 38 8 44 46 7 12 43 14 28 11 16 24 46 49 23 31 0 9 31 10 16 18 18 42 42 19 26 18 9 12 38 50 15 37 10 45 44 
42 15 6 8 6 41 9 19 23 17 33 28 25 50 24 26 7 33 50 20 16 2 27 32 45 35 3 40 0 11 2 37 37 5 29 39 45 25 2 10 27 10 23 20 2 43 40 34 
13 15 24 9 5 10 25 28 40 38 25 14 22 39 19 8 22 30 47 24 46 11 29 2 5 23 24 11 43 0 33 26 39 5 1 40 26 37 44 33 27 31 2 50 8 1 38 38 
39 42 16 48 22 47 17 39 3 36 23 4 32 37 14 35 8 12 36 9 22 49 43 21 29 48 20 44 45 12 0 22 1 17 36 35 19 28 35 4 43 39 13 38 41 15 40 2 
41 17 17 43 46 16 30 17 40 49 45 20 25 27 23 44 42 15 23 37 46 2 46 7 23 9 43 20 9 12 3 0 7 39 46 30 28 29 19 26 36 38 20 46 20 34 16 30 
16 16 19 46 26 43 4 6 39 21 10 20 38 23 10 8 28 47 38 31 29 48 46 16 23 39 37 50 27 7 26 24 0 7 29 28 5 40 16 27 15 36 40 42 7 19 50 39 
14 28 12 18 24 47 35 2 19 21 4 24 38 6 5 30 32 46 37 13 9 46 6 18 13 20 24 46 39 7 40 47 24 0 50 24 22 15 39 3 27 23 28 10 35 37 43 40 
9 32 10 10 12 33 37 30 19 23 45 6 5 23 40 13 13 31 7 1 38 33 33 16 44 44 10 41 32 36 22 32 21 30 0 15 15 29 47 29 15 37 21 6 49 21 34 48 
5 33 15 48 4 30 42 3 27 49 45 17 18 24 46 48 33 2 13 36 25 9 26 34 16 3 43 14 17 27 35 46 10 46 6 0 8 17 39 18 3 29 28 38 16 35 31 11 
42 41 23 24 48 8 49 24 46 8 31 32 1 38 29 36 1 14 50 7 23 18 39 32 44 34 11 7 47 21 10 50 35 43 2 23 0 45 4 38 38 12 22 10 1 36 7 18 
16 1 43 38 2 36 25 39 24 3 42 30 14 48 42 27 26 49 32 48 9 36 6 41 47 27 12 46 1 9 38 46 37 17 46 7 5 0 33 8 15 11 5 28 21 3 24 24 
41 20 46 35 3 5 10 9 30 46 2 42 26 24 29 38 16 15 47 43 48 2 35 23 43 41 17 38 5 9 35 39 24 4 21 26 6 25 0 36 41 28 8 17 12 3 42 33 
42 32 17 13 6 7 31 26 40 35 23 42 12 38 22 5 21 11 14 18 22 3 3 32 41 29 6 16 40 36 24 20 2 9 26 6 38 46 30 0 32 43 28 32 42 34 33 25 
3 6 4 46 2 40 24 11 39 29 35 22 27 1 16 37 5 12 3 41 4 13 17 17 26 32 32 26 45 22 12 49 9 5 4 10 37 40 23 31 0 28 48 38 28 3 24 3 
32 28 42 28 30 31 43 21 41 40 37 21 21 8 49 17 17 17 36 14 22 48 6 50 15 40 23 13 6 25 39 14 2 29 1 48 4 44 33 19 16 0 35 13 21 1 20 3 
23 30 32 21 11 17 11 31 35 23 43 14 41 8 30 16 16 1 23 19 42 8 1 14 23 35 18 48 38 35 36 50 45 38 1 34 24 4 28 47 42 48 0 17 26 12 31 42 
12 36 19 47 20 28 1 11 16 30 19 48 27 50 13 43 1 37 43 19 4 7 47 42 13 23 27 28 44 41 25 3 43 43 6 13 19 38 16 23 45 27 36 0 4 6 7 2 
48 29 5 17 39 19 13 39 6 39 28 35 47 2 23 17 25 5 17 6 35 45 1 25 13 22 21 25 27 21 43 36 7 22 30 50 39 25 36 34 30 4 1 24 0 42 3 20 
22 22 10 12 50 39 1 17 3 29 31 4 18 48 39 13 35 46 42 29 25 23 24 28 50 19 33 26 32 45 27 33 11 2 50 3 17 10 44 47 6 5 27 21 9 0 22 19 
37 42 42 16 28 50 24 45 49 48 32 12 31 7 25 36 9 2 48 43 16 49 36 46 25 3 45 24 20 46 3 20 29 1 47 35 40 29 50 34 38 8 1 6 35 48 0 13 
41 31 20 19 20 11 29 3 39 7 47 42 26 5 1 25 4 45 13 34 31 10 41 46 30 3 15 6 9 48 30 11 28 40 5 43 1 28 34 10 50 48 9 28 44 38 24 0 
30 0 37 33 48 12 23 14 33 32 41 24 39 18 47 23 45 41 27 36 15 37 1 8 24 27 12 3 34 33 1 13 3 43 29 35 19 26 1 19 38 14 8 23 3 28 39 17 
14 28 0 4 18 2 8 24 38 30 30 9 22 50 21 31 50 31 28 21 47 39 12 4 19 41 8 49 1 29 28 6 47 38 45 40 7 29 34 12 45 19 42 5 40 17 29 19 
18 34 8 0 43 26 7 43 29 2 24 36 28 44 10 23 9 3 25 13 34 5 32 24 21 48 17 27 28 47 7 15 2 12 40 32 18 22 36 31 40 46 17 38 33 44 7 18 
36 47 34 3 0 16 5 46 14 36 10 37 45 9 31 15 32 45 10 34 16 5 29 5 37 17 45 23 39 39 44 41 28 42 49 41 32 14 5 49 48 17 26 46 9 35 41 22 
10 31 36 43 24 0 10 41 14 8 42 47 36 22 32 8 26 42 19 10 4 11 41 34 19 41 11 37 50 30 34 47 2 27 23 14 8 4 2 18 18 1 36 34 40 18 19 28 
16 9 50 4 40 26 0 37 12 20 48 17 2 13 24 42 34 25 45 45 10 49 19 1 23 41 2 42 4 25 7 44 2 23 34 21 41 30 30 8 27 40 12 45 10 37 50 6 
45 10 2 10 46 23 9 0 29 48 9 27 13 38 35 34 37 13 5 16 30 30 3 1 4 45 38 19 21 38 25 42 37 42 47 48 44 23 48 49 29 14 5 24 33 4 18 20 
42 6 25 32 5 21 20 26 0 42 9 48 15 8 5 39 42 24 17 41 22 42 38 41 14 15 7 38 16 25 30 19 1 28 18 27 15 13 43 37 16 22 21 6 36 26 34 41 
24 26 14 50 16 13 46 29 5 0 16 11 17 49 34 5 2 13 41 47 38 41 29 24 29 31 31 26 1 21 33 5 39 32 16 14 40 12 30 3 39 32 39 23 50 2 26 38 
32 18 20 43 46 29 46 50 46 3 0 35 19 36 38 46 8 22 11 23 36 34 20 15 40 33 38 9 6 3 6 24 28 6 43 44 34 2 40 10 11 37 17 19 38 28 11 18 
2 37 31 1 39 30 41 5 12 3 30 0 11 8 20 40 48 40 30 8 14 43 44 12 7 33 1 12 50 17 2 28 13 23 21 8 20 23 6 35 48 16 38 33 31 23 30 3 
42 47 20 29 8 20 47 25 8 25 24 18 0 38 19 42 38 11 26 17 38 38 13 21 26 35 45 10 49 5 12 32 35 4 49 21 3 48 23 20 44 26 46 50 45 49 38 47 
30 25 1 23 6 6 42 16 29 27 45 45 14 0 11 49 21 47 44 40 14 40 48 39 41 38 7 24 12 42 14 26 27 47 48 30 24 5 40 27 29 13 34 42 27 4 29 6 
33 27 25 3 2 9 24 8 32 36 10 35 49 33 0 30 24 16 1 18 48 17 31 26 16 8 18 12 2 6 6 12 37 9 1 41 36 18 11 25 19 24 40 49 39 45 5 28 
46 33 11 27 27 37 32 40 3 2 10 46 34 47 23 0 3 27 24 24 27 49 42 45 7 5 26 49 25 27 33 37 22 3 41 16 19 46 29 36 1 28 11 39 34 8 16 42 
22 1 38 23 15 22 28 29 4 39 4 23 1 38 7 14 0 21 15 38 43 44 31 4 7 48 39 24 50 38 4 11 49 39 35 27 24 39 11 23 50 25 12 13 31 42 7 35 
13 21 48 19 20 21 24 49 42 48 32 26 27 49 29 42 50 0 29 6 35 17 12 34 25 11 42 39 18 32 19 23 15 41 4 11 29 40 36 41 29 16 37 36 26 8 35 47 
2 47 21 13 3 37 23 19 1 37 24 8 28 32 6 17 23 26 0 17 35 23 38 50 2 15 38 28 19 31 27 8 18 26 46 37 22 12 7 21 29 19 36 11 43 17 28 14 
47 11 20 14 1 41 1 24 14 47 19 49 15 10 4 38 25 30 7 0 33 32 45 34 6 16 5 39 16 38 28 8 35 37 25 31 9 11 14 8 27 25 23 24 26 43 9 6 
19 16 48 36 13 11 46 32 2 27 15 48 47 3 35 37 37 39 34 12 0 41 29 46 27 12 22 30 8 10 22 8 13 8 49 20 1 40 42 45 25 42 44 30 32 47 16 12 
25 41 37 37 38 10 47 16 41 20 22 25 41 32 38 22 30 19 3 40 48 0 33 35 47 45 44 10 21 48 49 14 31 46 11 6 18 24 36 21 3 12 33 29 31 19 18 5 
44 4 22 50 13 44 27 14 42 6 40 42 44 50 26 19 42 7 42 29 31 26 0 20 49 45 49 50 29 15 4 4 28 28 40 17 17 26 50 2 37 19 47 14 12 34 44 27 
4 36 15 38 25 28 40 24 18 35 24 5 15 45 49 50 38 3 12 15 5 34 10 0 44 43 5 5 10 34 12 8 15 2 22 47 44 1 17 29 1 39 16 49 33 3 45 37 
43 21 48 27 10 22 29 23 20 26 22 46 21 23 30 41 6 27 10 4 44 48 6 49 0 22 25 12 27 39 35 27 41 48 19 13 39 36 36 49 43 23 49 28 18 30 22 9 
29 9 26 43 6 44 42 44 45 16 49 5 35 11 3 34 36 50 31 48 3 10 41 5 21 0 29 17 31 45 21 38 20 1 17 33 18 14 42 21 48 7 25 19 24 37 31 15 
32 21 15 42 18 49 25 7 19 18 21 23 28 27 11 50 24 28 29 5 19 28 35 20 44 29 0 33 41 28 42 18 19 40 15 36 10 30 29 21 21 26 11 15 50 44 20 43 
22 46 26 45 46 8 27 47 4 37 46 48 40 17 34 29 28 1 3 33 14 41 2 20 46 8 9 0 29 8 14 35 27 25 36 11 45 3 47 22 11 14 18 33 24 35 31 32 
5 43 32 37 50 42 37 30 32 45 6 50 39 50 48 39 40 2 19 24 4 6 39 27 31 30 42 20 0 46 9 29 36 15 27 4 37 27 27 36 35 39 7 30 1 48 48 34 
11 16 30 43 22 16 8 28 50 4 6 7 20 50 17 34 23 17 21 35 12 47 12 12 13 17 35 35 47 0 26 39 29 33 46 32 5 16 17 7 20 7 49 5 33 21 21 16 
35 23 24 8 35 28 13 22 14 4 18 30 6 32 23 32 24 16 27 24 24 19 12 18 7 10 1 28 13 43 0 30 42 43 1 50 13 23 19 4 2 21 25 18 2 49 37 2 
39 35 18 31 17 44 48 43 17 11 7 1 25 27 35 9 22 24 27 38 5 33 10 9 5 13 25 4 50 1 11 0 20 20 9 13 44 46 12 14 48 46 9 33 3 17 18 30 
26 36 16 47 28 22 50 47 6 25 9 26 5 20 44 43 17 1 37 31 17 15 42 14 10 11 30 43 47 50 8 43 0 38 33 50 19 35 4 33 48 21 12 7 19 38 37 10 
29 2 16 17 3 30 38 14 11 44 3 38 18 42 7 1 7 18 17 39 22 20 26 9 13 18 39 10 5 9 24 26 24 0 2 2 41 31 34 5 13 1 20 40 25 32 17 16 
7 14 12 1 2 22 48 38 9 26 8 4 36 42 28 9 3 21 27 15 16 41 17 20 23 13 5 39 3 31 2 27 47 2 0 33 47 44 9 22 5 26 14 43 16 24 31 20 
22 23 12 37 4 6 3 50 16 48 43 28 39 18 10 36 29 25 31 8 34 9 32 16 45 49 23 40 3 49 2 46 43 43 34 0 16 42 44 48 22 45 2 18 49 2 31 34 
38 16 29 14 41 44 24 37 13 42 47 42 6 33 14 48 17 47 47 36 46 35 45 45 35 28 10 13 32 41 33 14 15 16 36 24 0 24 35 11 3 19 7 21 24 46 3 42 
39 31 4 1 2 5 46 38 4 22 35 29 13 34 11 5 22 10 33 28 41 48 40 24 33 36 45 17 40 14 22 50 33 36 21 33 29 0 41 31 10 19 28 32 3 40 7 48 
19 9 2 49 14 13 25 2 41 42 31 19 16 11 29 49 40 1 36 47 28 14 29 27 32 29 23 9 14 16 38 35 26 39 26 8 38 16 0 8 37 9 35 31 41 48 23 15 
50 40 29 43 3 5 11 21 6 31 26 18 36 40 16 39 25 5 46 43 28 35 22 11 24 44 49 38 43 33 38 29 10 14 24 20 35 24 35 0 30 16 18 21 28 13 49 22 
47 43 47 6 37 2 30 38 15 19 19 19 10 6 23 28 23 44 47 8 22 17 47 5 2 20 17 27 10 14 44 49 26 22 3 46 47 28 1 27 0 30 27 9 1 16 5 26 
24 44 40 49 35 16 41 1 30 47 43 4 18 36 3 28 2 25 20 44 38 4 27 32 45 43 21 29 46 8 47 39 48 44 43 33 20 16 10 34 36 0 22 23 50 4 24 33 
42 27 49 8 26 46 12 38 21 17 9 4 42 45 13 5 23 1 5 7 25 43 20 8 36 16 37 8 17 31 28 28 22 11 30 2 47 50 21 43 37 6 0 23 17 12 13 19 
39 24 17 1 49 50 17 8 49 8 41 23 11 10 4 21 41 39 31 32 31 16 12 8 23 30 12 21 19 21 4 47 24 47 48 35 1 30 30 29 5 3 32 0 45 7 28 11 
33 34 35 32 28 32 31 38 24 12 9 28 20 38 47 40 29 4 45 49 14 12 19 21 11 10 3 28 28 35 18 2 46 20 30 38 34 39 26 15 43 10 25 23 0 42 3 10 
41 8 14 3 41 13 29 47 22 16 14 22 19 30 4 10 40 45 8 32 50 9 10 6 40 28 30 7 4 38 46 30 8 50 12 20 15 32 27 39 17 23 9 22 21 0 18 8 
36 40 50 35 28 34 21 11 32 49 9 14 13 33 23 43 34 20 35 14 19 18 34 46 9 19 19 16 27 1 38 36 22 20 44 17 5 3 18 46 37 40 31 22 7 18 0 14 
6 45 30 25 3 36 4 40 19 6 5 27 10 16 6 34 31 11 23 42 44 40 6 39 31 3 40 27 30 38 13 39 41 5 13 22 47 27 36 50 18 31 26 12 50 26 8 0 
31 0 32 6 50 11 34 26 21 17 39 42 44 50 47 28 11 31 44 16 37 5 3 35 37 5 26 24 24 14 14 45 39 6 45 9 46 24 38 2 6 15 35 47 33 6 33 36 
4 41 0 21 45 18 35 40 4 29 48 19 46 36 11 3 8 4 44 3 39 6 38 33 37 44 42 11 22 21 7 2 32 22 40 20 34 44 19 27 5 16 42 31 49 6 42 17 
46 13 28 0 43 40 3 45 31 17 9 34 2 27 25 18 33 22 46 37 24 46 41 20 15 35 18 49 23 14 7 35 31 2 26 15 10 43 14 13 29 28 10 3 25 10 18 1 
31 49 9 9 0 3 19 19 21 5 44 14 8 23 5 23 17 11 25 3 50 1 10 8 40 9 34 9 47 37 39 45 5 18 17 19 24 5 48 32 13 34 6 11 17 30 6 41 
25 5 43 43 1 0 7 19 1 21 41 19 1 20 11 22 34 16 50 9 41 6 37 49 12 13 43 41 16 45 49 42 11 4 43 34 42 45 46 44 49 50 17 48 34 37 48 12 
3 13 23 45 18 22 0 15 35 39 7 31 30 8 16 3 6 22 49 9 48 28 27 31 40 21 6 10 42 40 39 16 26 16 32 39 4 23 5 25 39 39 8 45 36 14 17 36 
33 47 11 26 35 28 50 0 35 26 33 34 25 12 12 24 46 50 41 5 15 27 28 50 34 18 25 20 10 20 32 45 26 4 21 28 45 30 14 32 49 16 47 14 22 39 31 14 
28 15 13 46 45 9 3 9 0 6 48 28 9 10 8 41 16 44 38 9 21 42 34 29 17 37 10 7 49 30 15 28 45 38 11 43 45 7 37 1 17 2 12 23 48 2 6 22 
41 26 32 21 35 31 10 23 44 0 36 47 9 36 3 4 29 42 20 34 21 50 16 47 9 7 38 42 20 30 12 32 15 32 39 16 24 49 45 44 14 28 39 49 9 11 28 16 
14 48 33 32 28 19 35 23 26 30 0 24 14 47 40 41 43 32 5 32 28 47 37 31 31 48 27 20 43 11 17 38 48 29 23 28 22 48 31 4 46 47 16 41 44 26 31 47 
25 38 47 17 4 29 1 19 27 17 2 0 35 2 50 42 13 9 42 26 35 25 12 20 45 2 2 37 31 32 47 37 6 17 30 46 6 14 50 34 20 29 4 1 5 47 47 2 
47 6 4 33 3 1 46 23 13 19 3 16 0 3 43 20 37 31 30 47 18 23 4 37 49 9 8 7 7 21 11 15 49 6 50 40 26 28 15 35 6 21 8 33 37 12 35 32 
27 10 18 21 25 50 29 29 44 19 6 24 45 0 44 40 2 3 4 4 11 3 4 44 10 17 46 42 47 16 21 50 37 24 27 30 47 4 41 41 49 27 22 46 7 23 41 41 
12 32 7 31 33 8 25 30 24 16 9 4 30 9 0 33 14 23 20 20 50 18 15 43 48 13 14 6 34 32 8 37 37 27 6 31 16 10 41 17 29 50 48 7 32 46 37 12 
41 45 8 24 38 4 41 23 48 39 9 19 20 3 41 0 49 16 29 22 28 24 29 17 5 33 3 41 1 21 8 12 2 26 3 15 40 24 35 50 34 36 33 33 28 1 23 48 
26 9 50 41 3 25 10 38 13 28 4 41 35 13 40 2 0 40 27 8 43 18 39 2 25 32 29 38 42 42 46 39 4 11 6 16 43 22 17 9 28 16 16 3 12 21 44 15 
21 47 32 43 1 44 30 31 38 7 25 10 24 37 19 47 18 0 40 50 30 30 48 48 30 24 18 30 27 3 36 40 5 38 15 17 46 11 3 39 10 32 26 28 36 48 7 36 
41 48 19 36 23 21 15 36 24 50 2 20 33 14 3 29 2 18 0 21 23 10 21 23 37 15 2 41 49 5 21 12 33 17 33 40 30 34 1 18 35 24 29 44 47 9 34 6 
47 29 47 26 19 28 35 26 21 25 33 21 22 31 16 32 4 38 19 0 3 1 24 23 46 2 50 36 49 32 27 27 28 32 46 44 20 8 45 43 6 33 8 20 6 1 30 47 
5 9 48 41 9 41 32 5 23 6 2 25 19 42 36 45 44 48 6 40 0 26 37 46 24 9 46 13 20 44 5 18 45 22 4 32 41 35 37 19 37 1 42 21 14 6 21 24 
15 47 13 27 8 45 41 21 19 13 24 32 14 28 12 12 19 38 7 3 15 0 11 46 11 7 30 19 40 35 16 32 19 39 22 49 24 31 29 11 1 31 34 13 29 11 6 5 
9 40 30 3 26 50 18 9 4 2 3 20 28 27 2 37 3 31 6 43 42 30 0 38 32 40 28 7 22 32 48 17 50 2 25 10 50 5 13 6 19 22 13 45 23 29 9 33 
25 30 47 11 48 6 14 14 30 2 49 13 49 43 46 28 7 35 3 19 4 17 2 0 32 40 26 37 22 30 36 16 3 32 45 33 43 36 38 20 44 38 12 31 49 7 1 7 
27 26 36 39 38 27 41 30 8 28 15 21 22 20 42 34 44 36 46 32 5 11 4 42 0 20 15 9 31 42 36 3 25 40 19 11 46 45 48 29 27 41 15 25 15 21 17 48 
25 47 28 37 14 12 19 3 16 23 44 19 24 18 11 38 22 25 40 32 4 10 46 40 47 0 8 20 41 40 37 39 22 4 17 35 35 15 50 40 14 21 16 45 24 1 29 6 
10 31 27 3 40 31 35 45 16 1 38 41 6 42 28 14 30 34 22 16 7 34 26 24 23 36 0 26 11 39 15 23 40 18 3 10 11 13 35 50 42 19 23 19 35 27 10 35 
23 43 2 16 40 29 13 50 26 5 4 30 5 5 25 6 1 28 49 23 4 33 18 1 45 35 31 0 48 34 15 42 48 14 2 4 18 37 50 33 11 6 4 35 6 10 5 45 
37 45 18 19 7 28 38 31 41 26 1 21 6 48 16 16 12 14 6 17 4 1 7 20 2 45 38 18 0 1 48 13 42 41 40 45 4 17 47 36 20 27 21 14 43 36 29 28 
13 40 38 23 43 4 38 42 37 38 48 17 12 41 21 31 43 14 10 31 16 4 13 50 16 28 37 41 33 0 37 14 35 24 18 26 28 14 25 21 38 3 49 8 16 19 30 24 
30 6 41 22 30 26 49 13 9 28 38 8 15 18 48 9 50 24 14 44 45 15 43 18 18 44 22 28 17 47 0 47 32 36 5 8 35 43 15 35 9 25 5 17 1 26 17 6 
21 6 40 9 42 5 36 29 15 14 24 5 37 5 22 46 13 31 6 23 10 11 13 17 35 40 6 19 41 49 43 0 42 1 38 1 22 27 38 6 27 50 26 43 22 20 11 49 
4 4 9 5 20 20 45 46 11 43 24 24 2 50 17 39 17 21 32 4 50 4 50 20 25 26 30 23 35 18 42 48 0 24 42 2 15 32 44 24 22 6 42 41 30 4 14 4 
28 33 37 27 1 38 7 50 1 5 40 30 45 41 23 12 44 2 26 1 11 48 2 8 23 48 10 48 8 13 21 16 12 0 23 2 40 48 42 41 10 18 42 2 11 42 15 30 
32 34 30 48 28 28 14 43 30 32 29 4 4 28 9 42 38 35 24 19 22 39 33 14 2 11 16 33 19 47 42 16 9 19 0 29 15 29 16 43 39 48 30 23 9 20 38 38 
33 9 1 14 27 18 47 8 43 2 17 46 18 12 31 24 34 40 13 46 36 50 45 14 22 42 36 21 43 17 25 45 14 24 34 0 25 19 33 16 48 12 11 36 13 13 21 26 
27 17 6 39 19 7 43 2 33 14 38 43 35 33 26 15 27 28 22 32 44 28 7 6 1 25 15 34 25 14 33 2 2 17 9 5 0 37 28 6 39 22 22 1 12 32 41 32 
16 37 46 10 36 41 39 32 50 11 1 39 45 42 10 28 19 32 36 41 18 24 21 29 50 22 34 11 22 27 46 25 11 43 50 47 29 0 5 47 12 13 35 10 45 37 40 11 
47 12 45 32 30 46 50 14 42 16 18 10 14 8 29 10 23 16 27 28 2 42 13 49 15 35 25 29 33 15 27 42 10 12 37 49 28 45 0 16 29 11 30 8 31 12 46 34 
5 35 25 38 30 11 12 9 6 49 47 18 45 21 22 31 28 40 26 1 3 21 30 33 28 50 48 17 23 35 32 38 20 2 21 45 9 27 48 0 32 49 3 32 50 32 27 21 
8 40 49 31 42 36 45 31 34 5 43 10 30 13 45 37 22 18 10 49 44 1 28 23 1 42 44 2 50 40 30 2 1 30 40 28 24 5 40 2 0 25 21 38 40 16 18 19 
20 4 17 11 33 22 28 28 8 13 27 30 1 42 44 32 45 25 41 10 50 23 18 13 17 28 8 25 23 14 38 7 34 24 25 48 33 30 48 30 23 0 3 33 16 48 25 40 
11 31 40 44 16 26 9 19 47 37 4 44 6 15 4 5 45 25 20 47 27 18 46 49 16 28 12 37 48 41 2 16 43 38 48 45 34 21 23 32 26 6 0 29 12 30 36 42 
16 20 48 39 41 28 29 14 43 36 41 28 39 15 22 21 7 35 39 2 19 17 9 21 25 3 38 22 22 40 35 20 30 36 46 17 50 3 12 38 14 24 5 0 9 44 43 35 
18 4 35 22 27 42 35 24 49 11 28 14 39 41 8 43 4 1 22 49 3 19 6 22 5 24 1 38 45 13 50 28 32 19 21 18 37 18 9 28 45 13 48 6 0 23 39 24 
48 6 32 1 9 22 44 32 50 48 14 18 3 41 48 29 36 11 50 33 20 20 40 6 37 43 44 4 41 21 50 49 17 1 4 32 14 12 42 6 39 38 21 21 24 0 50 6 
38 48 34 12 45 24 7 4 28 17 26 14 16 29 41 42 29 49 15 2 3 38 16 16 24 20 44 44 33 49 20 32 37 38 7 6 7 9 5 26 11 47 26 16 38 49 0 27 
28 48 46 43 22 10 49 3 50 33 18 39 26 30 13 21 29 47 44 28 28 23 35 35 21 44 39 41 6 13 1 29 26 43 17 46 37 7 48 23 38 35 7 24 40 21 29 0 
46 0 49 26 47 19 44 21 49 5 14 12 23 29 21 9 48 38 33 40 13 34 14 17 35 23 50 22 40 44 17 11 46 50 16 43 43 30 16 32 35 5 44 13 33 25 35 20 
2 30 0 38 20 42 50 9 46 33 33 42 24 20 23 32 6 38 3 17 23 14 28 16 18 22 1 6 8 40 1 34 10 38 30 20 10 6 48 20 46 42 20 10 11 39 43 12 
13 24 39 0 25 30 9 12 7 25 15 20 49 41 45 1 7 33 49 33 36 40 3 22 50 41 34 21 32 44 18 5 30 30 39 43 35 1 27 5 2 27 24 46 46 37 49 29 
2 42 14 28 0 13 6 7 23 10 2 39 34 46 38 31 13 7 10 40 19 2 2 16 6 6 45 32 10 17 8 26 14 43 6 20 40 31 40 43 24 24 17 33 33 13 44 9 
14 46 12 39 37 0 48 31 27 1 26 8 23 19 25 47 7 3 27 26 42 41 18 41 32 17 17 16 46 36 19 34 44 13 36 18 15 5 19 40 17 12 29 20 15 24 18 25 
50 27 11 31 7 38 0 2 18 46 5 30 23 20 32 35 42 32 42 15 11 33 8 32 2 34 37 10 30 13 49 27 9 49 43 17 19 25 38 27 6 11 19 22 10 26 46 20 
35 28 38 38 23 9 8 0 42 42 46 10 48 20 29 23 6 48 29 21 25 28 16 16 17 45 16 9 50 15 37 22 26 38 18 25 2 25 12 4 1 42 1 26 24 16 41 8 
28 38 13 25 32 6 22 42 0 20 13 21 44 8 50 8 28 5 24 34 10 2 4 21 31 36 25 21 33 28 40 42 1 4 8 31 12 2 13 41 21 16 27 5 40 4 19 47 
1 34 23 21 1 33 32 6 25 0 18 32 39 8 36 39 15 30 21 20 40 50 20 47 27 43 34 14 44 26 49 32 27 18 29 20 50 5 20 42 19 23 3 7 45 20 24 33 
36 27 12 26 20 35 29 47 32 38 0 47 29 17 19 38 30 26 36 5 22 29 16 40 10 11 29 2 18 47 13 2 7 19 1 29 17 15 24 13 43 39 33 39 13 9 42 25 
50 35 24 31 10 15 3 5 20 38 2 0 16 41 34 12 50 19 36 40 10 17 41 22 15 3 24 13 33 47 27 27 2 19 5 2 33 24 32 43 42 16 46 9 29 13 9 22 
10 27 33 20 27 19 32 9 10 14 9 29 0 36 3 20 9 44 11 50 47 37 32 30 27 37 44 49 44 21 33 43 3 45 3 3 6 14 7 1 34 37 46 42 19 15 4 7 
39 47 38 16 18 13 12 36 28 48 7 33 34 0 20 39 38 28 21 7 35 34 1 15 45 37 11 17 10 41 40 11 12 34 37 11 48 34 17 25 40 33 18 25 9 8 24 17 
14 49 9 15 48 9 20 24 38 33 43 30 8 47 0 3 45 38 38 45 50 47 10 41 5 11 47 17 2 17 26 7 37 13 44 3 11 32 26 13 4 15 13 23 16 41 38 18 
44 30 23 37 21 14 25 21 5 8 5 5 2 43 18 0 8 12 27 7 17 14 44 42 13 13 25 42 36 34 38 26 14 24 29 23 23 44 40 36 24 39 24 49 4 28 21 11 
11 48 5 11 40 35 21 5 1 39 10 25 46 23 40 37 0 17 33 41 32 24 20 46 15 23 41 33 29 40 46 39 36 42 15 31 38 29 28 36 30 3 25 23 34 34 16 40 
2 49 38 32 21 37 40 38 41 2 41 38 49 2 43 15 5 0 1 25 33 32 42 2 8 40 48 12 29 49 48 12 31 8 2 32 30 3 14 19 49 2 27 41 37 39 40 37 
29 10 10 18 34 10 33 9 10 48 30 43 23 26 11 39 44 41 0 11 30 48 20 14 13 41 32 26 31 5 2 16 20 50 12 34 20 40 30 28 21 25 43 22 32 24 22 46 
24 42 39 48 46 28 10 39 9 47 48 27 2 35 3 4 9 33 10 0 43 12 43 42 50 14 13 41 6 6 49 32 40 20 37 2 40 17 5 20 43 40 23 25 24 43 4 27 
36 23 39 14 50 14 30 34 32 50 40 35 33 38 5 34 11 15 9 8 0 16 34 13 38 5 13 18 3 40 18 18 7 10 37 5 33 17 36 33 26 40 3 20 40 28 21 37 
6 36 40 15 9 35 46 11 3 10 2 9 37 46 28 45 15 32 33 25 47 0 33 23 18 26 33 33 19 14 14 23 11 35 26 13 18 1 4 10 23 15 27 2 23 15 27 46 
31 13 8 6 9 45 46 41 23 14 23 40 27 2 28 48 40 38 42 25 12 34 0 10 45 12 23 10 10 21 31 50 3 49 37 2 6 6 8 15 16 39 36 41 5 28 14 33 
21 37 29 13 36 24 3 35 48 3 13 45 36 36 37 21 42 14 20 41 40 50 22 0 43 32 23 26 36 27 43 6 17 48 41 39 24 42 19 15 29 47 3 5 3 43 14 30 
30 3 15 49 41 9 24 43 22 15 37 32 13 48 17 9 5 48 47 48 46 48 13 30 0 24 50 42 45 38 46 20 50 19 44 47 34 12 44 16 9 25 48 18 9 5 38 2 
31 31 45 1 6 47 17 35 33 40 36 26 42 17 29 5 26 46 37 14 20 2 33 47 11 0 32 38 23 48 30 5 25 37 48 11 15 44 45 14 4 3 10 14 45 27 19 25 
42 46 43 42 13 19 24 32 30 48 48 40 24 9 44 38 3 35 11 40 44 7 15 12 32 33 0 34 12 11 38 39 21 43 8 46 28 5 39 43 7 13 17 32 17 46 6 41 
45 9 22 11 10 16 29 31 36 32 32 11 31 35 13 22 42 10 28 48 16 13 17 34 15 42 5 0 28 28 26 48 17 26 43 39 3 39 27 29 5 14 28 11 46 23 29 13 
22 50 45 41 8 18 9 25 32 43 39 47 19 12 1 4 11 34 16 35 39 47 11 34 15 31 24 34 0 39 3 21 11 36 30 33 29 33 36 40 49 18 18 7 10 50 31 11 
43 14 24 1 13 8 44 25 26 39 12 26 28 45 26 36 30 23 29 12 39 29 23 22 26 44 17 18 21 0 40 1 34 35 21 31 21 16 3 8 3 43 6 8 40 22 10 13 
4 43 32 28 38 22 20 22 14 41 3 26 19 41 27 4 36 38 29 42 7 15 5 21 27 15 26 19 33 22 0 33 50 16 32 14 26 39 13 14 12 16 49 17 30 14 28 40 
12 16 2 22 3 44 18 7 40 38 12 1 23 46 1 40 43 9 3 10 38 28 2 15 24 24 17 27 9 48 26 0 8 50 26 15 3 32 1 31 7 48 25 24 38 28 12 42 
17 15 10 25 22 11 19 3 34 15 38 48 29 28 42 48 43 12 4 2 48 32 48 8 42 28 46 12 13 5 14 38 0 13 33 50 12 50 24 4 47 31 23 31 39 44 3 2 
30 7 28 32 26 24 10 45 35 18 2 33 44 15 7 40 30 2 1 36 47 28 30 49 20 8 7 21 25 2 10 15 40 0 27 17 5 36 23 38 14 3 39 15 45 48 41 11 
33 25 34 1 38 44 17 6 2 28 29 13 19 17 39 21 34 8 38 44 18 48 2 5 7 14 38 34 9 13 35 1 29 48 0 25 47 42 1 23 21 23 21 15 28 7 11 20 
47 14 19 32 37 11 48 44 35 23 29 44 24 7 34 48 40 44 28 34 21 42 43 29 34 36 17 21 47 33 25 49 47 44 41 0 20 41 32 48 41 32 5 41 24 13 7 49 
15 39 24 26 35 29 27 50 5 22 40 48 1 45 27 47 2 49 30 47 30 16 14 7 8 46 38 3 17 2 19 16 27 38 3 32 0 23 8 40 20 21 45 37 49 1 34 47 
47 6 8 40 25 34 10 19 49 26 17 18 39 42 25 34 4 3 24 22 14 42 45 25 45 9 11 27 35 30 16 7 25 49 42 48 9 0 12 44 33 17 19 5 7 6 40 2 
28 47 12 34 46 28 13 34 5 11 34 46 17 23 34 34 19 10 11 44 40 1 27 25 42 9 41 5 45 38 38 19 5 8 33 31 23 47 0 20 29 13 16 37 37 25 17 28 
11 34 35 36 48 46 46 12 28 20 38 42 38 37 8 39 17 23 15 41 9 40 3 12 23 40 33 32 25 14 40 50 25 32 31 21 10 3 41 0 24 10 46 6 11 36 5 33 
42 5 27 20 15 11 26 19 21 31 24 14 8 13 14 38 14 30 38 18 6 7 37 30 15 32 42 32 13 35 43 26 18 7 41 28 48 45 26 40 0 50 13 10 41 36 39 34 
11 46 9 42 31 49 38 27 36 18 48 5 33 19 45 7 37 39 49 46 1 23 37 41 20 5 48 18 44 47 47 44 27 49 31 36 5 43 12 28 31 0 30 5 10 50 40 43 
21 5 6 24 2 38 44 33 38 10 18 23 27 1 20 34 39 21 4 29 35 39 9 2 44 27 22 15 21 18 27 41 30 13 27 14 38 24 45 7 33 17 0 43 27 37 20 36 
27 12 47 17 40 46 11 9 33 47 5 31 26 16 29 12 21 33 28 43 14 24 7 46 16 27 48 46 19 46 32 16 24 42 45 4 24 2 38 45 19 5 44 0 17 34 43 20 
41 4 5 23 45 10 28 22 3 5 2 1 13 49 15 41 38 15 39 7 34 21 26 38 19 46 33 25 10 30 40 12 23 7 7 43 14 23 38 6 47 20 43 50 0 23 1 25 
47 4 15 7 3 45 37 36 21 29 17 4 49 28 3 13 23 16 41 29 6 42 23 27 16 27 33 11 15 29 27 16 19 21 36 21 46 24 37 17 37 22 37 14 47 0 19 40 
29 44 8 20 35 32 23 19 5 32 38 42 27 12 27 22 42 3 1 36 29 42 33 17 50 29 24 42 35 6 9 30 47 37 5 17 7 10 43 35 46 2 31 39 8 33 0 10 
6 11 50 46 12 47 34 12 38 11 42 20 6 9 31 35 50 23 9 45 40 8 10 16 32 10 17 40 27 11 44 9 17 19 19 32 36 10 48 34 13 26 17 6 16 40 37 0 
26 0 16 18 31 17 50 38 21 48 1 35 14 2 30 44 36 27 17 33 4 38 40 49 49 40 26 25 32 15 42 4 1 43 24 41 25 9 30 28 10 29 49 22 32 1 47 46 
5 20 0 41 40 40 33 36 50 37 17 20 42 42 25 7 7 7 47 35 21 29 39 20 27 48 40 24 25 39 19 17 48 43 30 21 13 24 2 15 18 7 24 5 8 40 39 37 
35 23 43 0 15 35 17 27 18 16 50 14 43 50 10 12 11 18 1 22 49 12 4 44 33 5 32 17 15 5 35 13 38 9 4 39 3 47 4 33 32 17 13 6 13 10 9 16 
9 46 14 37 0 8 18 41 25 31 29 10 10 3 50 12 13 32 38 27 34 46 21 9 15 15 18 40 32 49 49 31 24 47 17 9 19 41 48 5 20 19 29 8 24 37 44 30 
32 6 1 24 25 0 34 25 20 38 37 50 23 40 29 9 27 33 48 37 14 37 42 43 22 34 33 7 16 18 13 35 28 21 39 9 27 49 25 7 41 22 48 21 33 42 26 16 
42 10 3 26 26 1 0 30 43 40 13 29 40 43 27 10 2 25 2 22 2 1 20 33 28 8 42 47 43 39 21 11 31 9 18 15 6 16 38 10 27 41 46 19 14 21 36 15 
14 12 46 47 31 20 24 0 16 23 28 25 18 35 5 37 4 20 2 49 32 25 13 4 37 38 43 46 12 5 1 19 8 23 28 34 32 44 25 31 11 36 3 43 29 42 20 25 
23 4 42 50 13 22 5 40 0 1 8 9 9 38 25 13 11 22 9 17 46 7 22 6 11 45 21 39 46 23 20 26 46 18 19 23 8 13 2 7 37 19 39 33 24 35 16 44 
36 24 42 22 21 25 25 19 1 0 49 32 6 42 34 9 17 32 33 14 41 20 2 5 49 21 2 31 28 19 40 32 26 29 28 3 23 32 49 5 21 44 50 22 10 32 47 16 
3 10 22 2 42 22 26 25 34 19 0 44 2 20 45 47 1 12 17 6 27 15 32 36 36 33 28 43 48 20 30 46 17 25 37 28 18 47 39 40 5 4 4 19 5 38 48 36 
27 48 50 11 43 26 20 2 22 25 37 0 19 15 30 28 5 5 23 27 28 33 17 30 4 24 27 2 24 12 13 31 48 36 42 16 1 20 20 3 42 5 36 7 43 10 20 26 
25 26 49 15 32 12 21 3 10 18 46 37 0 17 25 47 40 9 44 40 34 23 14 28 35 35 21 36 23 48 11 37 44 4 2 27 48 13 48 50 36 15 39 7 33 24 33 37 
17 9 46 48 50 21 37 3 12 48 14 31 12 0 27 49 6 50 32 3 33 15 49 49 28 12 45 4 19 35 8 46 11 2 34 19 15 3 13 38 24 18 50 15 50 49 18 38 
10 17 34 7 2 22 50 22 19 10 18 37 6 18 0 18 19 4 3 3 29 28 8 34 3 37 44 29 15 16 34 49 29 44 7 44 3 1 1 45 39 2 12 50 5 35 27 32 
7 1 31 11 48 47 40 10 2 33 31 21 8 44 36 0 7 36 11 40 43 49 24 15 18 4 9 15 27 17 9 29 19 10 13 23 15 35 23 2 33 5 47 43 20 20 30 37 
46 17 6 15 45 46 35 34 34 37 14 8 40 33 14 44 0 44 4 13 12 46 21 21 22 13 10 8 39 2 31 45 48 24 22 19 10 11 44 35 24 26 30 40 28 22 16 12 
1 42 4 49 17 8 19 42 25 46 35 3 36 38 46 32 3 0 42 16 34 19 14 4 34 1 20 40 36 17 32 44 50 48 48 7 48 49 32 29 41 6 31 44 14 26 41 50 
36 30 49 37 37 6 32 43 37 38 21 49 48 18 33 25 44 3 0 35 6 38 32 49 33 21 14 26 29 38 20 41 8 10 20 5 7 19 46 7 45 17 6 21 10 29 34 31 
23 23 6 1 11 42 36 12 5 32 16 16 23 30 3 5 17 48 13 0 39 28 14 27 7 48 46 41 39 33 11 39 5 38 33 4 7 33 20 30 17 25 9 50 25 3 30 35 
15 14 1 4 13 16 46 4 9 46 49 3 15 1 47 30 44 43 12 29 0 40 26 46 23 48 18 47 15 20 14 2 5 19 12 26 26 33 8 26 39 43 30 46 11 34 17 16 
16 28 29 7 32 42 1 45 39 18 28 7 46 19 31 35 45 44 45 35 3 0 26 22 48 36 18 23 37 11 31 36 39 31 3 31 38 41 8 21 13 18 18 37 8 5 2 31 
20 12 46 2 18 40 33 13 41 7 32 21 15 19 14 34 9 33 39 26 44 38 0 44 44 37 24 32 17 36 39 14 43 35 37 3 26 16 30 18 50 49 40 41 32 10 37 6 
45 4 34 29 25 16 26 38 33 19 2 15 44 8 16 27 3 43 39 37 29 16 39 0 19 30 16 40 28 4 48 13 34 1 19 38 13 3 11 40 28 9 50 21 8 14 16 24 
43 33 14 39 40 22 1 28 29 16 15 50 10 27 49 35 35 6 18 15 26 21 3 24 0 42 3 12 28 29 46 32 5 14 42 48 45 40 10 24 13 50 42 9 48 38 12 30 
1 10 16 36 2 47 2 49 22 31 40 47 37 11 24 49 34 34 11 36 19 30 5 45 26 0 33 6 15 35 12 6 37 31 24 11 19 14 10 31 9 13 43 26 15 1 13 38 
3 27 43 25 14 28 26 11 22 5 21 11 19 42 37 15 11 25 4 17 13 50 6 36 25 4 0 3 23 26 4 41 45 14 46 3 39 42 37 42 9 5 13 40 14 43 49 12 
17 26 29 16 40 47 46 25 4 22 8 1 10 26 4 36 18 15 27 48 24 39 49 23 24 34 45 0 13 1 11 42 43 26 43 36 47 48 39 2 48 18 22 50 17 35 37 33 
34 2 28 22 49 16 2 39 29 28 6 42 7 3 34 25 44 30 15 25 18 41 7 38 29 13 30 30 0 3 40 32 39 37 1 12 11 23 39 43 28 25 4 7 20 42 47 46 
46 34 48 7 38 20 13 15 44 45 40 44 37 37 23 37 40 47 18 6 6 41 23 2 5 37 38 1 14 0 34 38 46 32 18 35 46 5 33 44 20 25 37 18 16 34 46 7 
41 2 18 18 23 25 42 40 5 11 46 2 1 32 12 2 11 8 44 12 19 3 27 32 7 3 49 31 20 24 0 7 19 10 31 47 49 46 16 15 22 40 28 30 36 10 32 44 
38 13 35 8 9 40 34 38 39 26 37 11 21 27 12 21 32 4 28 42 21 36 14 6 45 44 23 22 41 23 41 0 23 26 10 11 19 35 16 49 29 27 43 9 23 10 5 44 
46 29 8 49 32 32 40 23 3 49 30 14 15 18 13 48 17 35 14 36 11 16 43 36 16 5 50 16 29 27 42 46 0 40 1 28 43 34 24 10 41 36 38 9 20 6 3 35 
12 14 45 43 38 46 20 33 30 37 22 33 27 33 24 44 26 8 34 24 15 40 20 14 43 26 24 1 24 8 24 31 14 0 20 38 2 34 35 4 50 21 18 48 7 13 42 33 
9 12 44 34 12 22 29 21 22 45 32 50 12 23 19 9 23 13 41 19 8 45 22 10 41 5 35 4 47 43 13 2 1 44 0 15 39 31 24 12 10 36 50 16 8 3 35 42 
27 2 9 26 44 22 23 26 14 40 35 43 8 37 25 24 30 33 31 50 19 9 31 29 49 2 32 34 8 29 15 8 6 14 8 0 3 39 17 19 30 29 19 1 49 46 32 5 
23 11 26 37 25 22 36 23 19 21 30 28 43 41 40 18 36 25 27 38 45 30 23 36 14 14 2 21 1 8 33 33 18 47 9 23 0 33 43 41 36 21 41 40 32 9 39 27 
39 40 1 16 24 20 45 11 44 38 40 24 12 21 15 23 11 39 47 11 46 32 17 36 43 35 41 18 4 40 42 28 25 38 13 32 50 0 42 9 14 24 37 16 35 43 19 29 
16 6 18 29 43 12 29 31 8 24 16 23 39 29 27 7 4 47 13 50 25 9 34 24 19 31 34 38 9 17 32 43 24 7 26 12 37 12 0 50 16 46 7 6 9 35 20 21 
36 47 30 12 39 30 20 5 7 23 45 10 13 29 42 22 41 42 23 49 33 3 16 21 43 47 48 4 18 4 25 39 50 11 49 42 29 5 43 0 14 4 3 19 40 42 2 38 
37 5 35 15 18 12 21 38 33 31 10 20 42 33 17 37 4 48 6 10 3 31 1 43 36 49 10 45 31 35 26 29 42 10 11 50 34 39 8 28 0 30 23 16 11 20 36 2 
31 38 16 15 43 36 42 36 6 5 42 29 19 2 26 8 49 6 31 28 33 22 17 4 15 40 29 31 30 15 40 24 1 48 29 8 15 20 34 44 50 0 25 5 46 42 11 40 
26 5 15 18 5 39 8 19 10 21 13 1 3 8 12 6 42 15 19 29 21 24 18 44 29 23 38 29 8 17 22 12 5 1 3 27 16 48 35 35 43 29 0 19 37 3 20 31 
36 39 19 14 32 24 33 19 3 37 21 39 33 2 30 12 44 50 1 46 2 6 36 40 44 30 34 36 42 5 32 42 10 42 3 40 39 3 41 39 22 32 1 0 40 45 9 3 
34 14 18 26 37 2 24 30 30 4 30 21 2 40 47 28 48 5 30 29 42 49 40 23 41 10 13 24 21 6 46 46 36 28 1 23 24 29 45 40 37 13 23 37 0 10 33 39 
49 26 5 3 35 15 31 12 35 24 46 35 28 39 50 10 25 9 35 35 25 40 24 4 20 10 40 42 29 27 4 13 9 21 15 49 16 4 11 31 6 17 16 50 28 0 44 18 
2 38 4 49 28 26 48 15 10 2 1 33 25 25 39 33 9 20 34 27 8 25 1 44 22 48 4 30 8 24 25 26 26 43 39 4 26 28 26 37 11 6 5 48 16 21 0 36 
6 17 35 8 30 45 18 10 27 38 10 27 31 23 18 8 36 27 25 8 33 37 35 7 31 45 47 16 2 20 4 29 2 13 49 14 24 17 46 32 9 33 12 17 16 1 46 0 
15 0 43 49 20 21 41 13 4 19 33 28 27 36 49 2 8 8 34 32 26 18 24 5 34 20 32 44 50 50 26 18 41 30 49 32 23 4 1 34 39 39 10 30 31 46 41 10 
34 7 0 26 5 33 35 26 28 42 39 15 50 39 47 14 4 44 15 38 47 37 17 29 5 7 1 44 38 9 45 25 38 30 23 11 43 25 21 35 6 5 22 41 35 40 1 45 
42 25 6 0 36 16 9 44 23 17 28 21 48 33 42 38 19 47 14 27 21 17 36 21 30 23 31 32 43 16 26 45 16 6 6 2 13 4 9 9 30 36 50 44 16 4 24 3 
15 17 3 44 0 21 13 30 29 6 4 26 14 36 28 2 8 42 34 6 42 27 40 26 15 39 6 48 36 18 43 6 27 50 28 17 26 14 32 24 3 26 28 46 9 29 46 23 
2 34 43 3 33 0 48 32 27 26 42 38 6 16 15 45 12 14 49 50 14 9 11 27 44 10 10 3 17 49 44 17 37 44 34 46 2 26 40 24 29 18 2 42 34 26 27 9 
39 32 17 33 11 29 0 32 15 41 8 49 44 23 45 16 28 32 26 1 13 33 19 44 36 25 26 22 46 7 20 43 18 33 2 15 35 33 12 6 9 12 19 6 44 27 46 1 
34 3 25 11 9 25 15 0 27 21 38 31 8 36 8 36 8 22 16 31 11 22 31 31 46 20 20 43 1 14 14 50 9 29 25 38 44 33 10 34 44 19 26 44 48 2 4 21 
1 27 12 34 28 47 36 30 0 4 23 29 41 39 33 15 13 7 38 22 30 11 20 43 26 13 32 38 43 46 37 34 44 17 50 42 24 3 30 23 13 44 46 35 21 4 19 46 
11 4 13 37 10 30 25 11 31 0 34 37 22 46 10 43 34 17 40 35 25 39 41 41 11 28 16 10 36 15 36 22 22 44 37 27 39 33 50 25 15 42 39 12 40 17 9 27 
3 1 12 18 32 19 45 7 21 14 0 3 10 44 21 39 46 46 13 15 28 10 33 5 1 17 15 21 33 1 30 1 45 19 40 7 36 3 18 40 3 49 30 7 26 31 40 31 
45 4 43 16 28 2 31 17 21 47 12 0 2 17 49 13 7 41 13 9 42 4 14 4 44 28 23 13 30 30 27 29 21 27 35 27 29 8 14 24 43 38 23 37 39 42 17 23 
4 37 24 16 13 23 49 27 31 1 50 39 0 5 39 2 38 44 19 41 25 33 23 34 50 28 40 16 4 32 28 15 2 12 1 9 44 7 11 16 48 29 8 47 29 8 26 19 
5 37 36 43 21 1 42 40 32 3 24 39 24 0 8 46 46 3 36 49 28 5 30 9 31 33 3 44 47 26 26 6 42 3 21 11 17 46 35 45 1 20 11 28 41 33 23 42 
41 33 12 44 43 10 49 15 25 29 6 11 19 8 0 46 15 6 48 33 37 4 47 29 50 19 42 48 8 45 3 19 48 11 11 3 14 14 33 13 33 4 6 37 39 41 25 27 
44 25 46 22 43 1 37 39 45 5 13 26 1 12 41 0 21 22 11 8 1 8 5 32 2 24 36 50 33 48 11 40 9 44 16 5 34 49 32 26 48 24 23 9 10 2 8 12 
22 14 36 15 29 34 25 19 39 44 45 48 8 2 4 41 0 35 15 4 32 36 8 8 22 41 35 11 27 36 47 22 50 17 24 29 20 13 46 12 26 20 47 17 40 4 35 19 
46 20 32 25 45 48 27 27 15 6 15 25 44 24 48 34 43 0 22 45 32 35 24 35 29 39 3 29 12 39 42 18 18 7 17 15 7 4 22 27 2 40 47 15 14 49 22 19 
3 22 14 24 19 10 3 35 23 36 4 37 43 20 15 38 24 38 0 47 18 28 9 41 30 21 45 43 42 38 10 21 30 17 35 26 40 26 18 50 9 4 32 42 22 1 36 35 
33 26 10 42 27 2 4 42 44 32 35 3 25 17 12 48 14 15 24 0 20 8 45 26 13 6 39 38 15 46 18 19 30 36 10 11 17 29 18 45 29 14 44 33 9 41 15 26 
43 43 35 28 8 27 16 28 39 1 47 36 38 14 39 46 27 13 6 18 0 15 6 46 20 46 20 46 6 14 12 17 22 42 14 46 23 11 40 12 3 20 32 23 17 32 33 7 
15 25 48 7 47 36 47 11 37 48 16 33 38 32 11 14 27 34 25 44 25 0 19 17 36 37 1 3 48 33 34 30 38 14 14 31 32 16 6 21 37 45 4 9 25 45 8 24 
22 10 19 46 33 8 39 33 47 8 13 20 46 33 50 28 4 19 29 19 25 1 0 30 48 22 14 38 50 21 10 42 41 30 27 32 39 15 38 47 30 25 31 35 24 4 36 25 
4 46 26 6 7 17 39 50 21 31 21 25 19 20 40 13 38 16 23 41 20 2 11 0 13 17 22 49 45 45 16 6 45 36 40 35 4 46 4 36 25 42 28 11 9 45 13 28 
11 35 19 48 8 31 46 6 2 35 13 39 36 18 44 6 6 25 26 40 30 35 36 17 0 34 31 49 50 43 41 3 19 5 44 39 10 27 18 48 14 40 34 33 19 33 16 1 
7 48 22 6 34 19 23 48 26 49 2 15 28 33 47 14 11 33 44 35 42 29 34 30 38 0 27 13 50 46 3 18 35 19 31 42 2 21 36 19 1 32 46 14 12 25 4 21 
31 44 21 22 37 39 31 9 29 14 43 18 8 6 24 3 23 32 17 47 48 42 45 44 26 14 0 44 4 46 15 23 5 35 7 32 7 26 31 32 47 38 22 13 39 28 18 12 
45 9 44 41 30 9 7 24 40 50 28 47 23 46 28 14 14 41 39 34 1 25 18 28 43 1 21 0 9 27 29 7 16 8 3 49 46 2 25 44 46 28 33 43 8 48 34 10 
2 11 8 50 48 39 34 11 21 41 17 49 29 39 48 48 11 43 12 40 20 47 33 12 40 48 43 7 0 19 32 11 30 9 42 19 49 19 30 9 28 24 42 28 5 35 26 15 
8 30 36 33 15 36 45 40 5 29 46 10 50 46 28 43 40 31 37 41 38 20 50 29 31 35 35 16 28 0 20 28 27 15 34 36 28 33 50 47 45 14 3 15 21 23 20 10 
32 47 50 39 24 49 36 27 39 30 7 2 31 2 30 12 36 1 19 46 16 11 50 10 40 35 43 27 36 5 0 30 7 12 25 3 19 29 32 5 29 29 7 47 48 27 49 17 
44 34 41 30 21 4 25 44 21 47 40 49 39 6 9 42 34 1 1 40 6 49 11 33 4 46 41 17 9 15 3 0 34 42 19 50 44 45 26 10 3 38 32 33 22 39 34 17 
24 21 16 14 47 26 9 11 46 23 8 26 25 14 8 35 7 45 7 7 20 7 16 47 8 42 48 3 24 16 40 44 0 21 30 17 47 44 1 6 8 34 9 5 21 38 50 35 
40 30 47 26 28 33 28 47 18 6 20 6 6 29 6 37 30 34 14 6 45 47 11 42 6 40 49 23 12 3 45 9 9 0 7 9 23 28 41 12 12 44 34 50 41 24 46 50 
30 28 22 25 37 24 45 40 43 19 6 20 38 35 5 35 15 11 11 47 49 21 33 10 40 22 3 13 12 47 21 18 11 41 0 20 45 41 28 9 36 15 18 16 4 22 21 25 
28 39 49 36 31 14 49 1 10 46 12 36 15 22 32 28 47 49 38 10 48 15 10 45 38 3 26 33 32 5 30 38 19 48 26 0 24 14 12 40 5 12 40 11 50 29 43 44 
15 33 40 19 5 35 11 27 13 30 5 48 28 38 16 20 5 16 24 17 18 47 8 15 36 9 34 49 9 5 10 16 46 10 12 1 0 43 36 25 4 9 21 13 45 9 14 13 
17 46 21 6 34 6 26 27 18 25 25 34 46 2 12 19 8 20 40 3 18 27 16 27 19 42 21 8 47 34 14 6 22 47 17 3 39 0 50 26 11 20 34 44 27 19 3 29 
3 47 3 6 25 20 11 45 41 31 44 37 43 35 19 30 35 12 19 13 50 35 10 31 9 45 30 34 35 33 40 9 17 14 18 12 45 29 0 39 36 11 2 26 23 45 13 34 
26 2 4 9 16 50 41 29 18 38 22 47 31 41 28 11 8 42 36 21 29 18 7 36 7 23 33 2 48 10 37 36 47 11 4 33 31 25 24 0 10 27 35 50 24 23 32 9 
46 34 42 18 32 10 42 5 9 45 19 3 43 17 39 31 9 2 37 1 20 38 45 30 34 18 27 45 44 18 34 14 25 15 38 19 7 42 6 27 0 5 6 46 39 12 22 32 
43 38 5 42 23 36 32 39 9 39 12 35 14 34 48 12 41 11 6 28 29 29 21 25 17 46 10 47 14 42 7 19 12 37 34 7 40 27 11 28 44 0 26 30 30 45 8 42 
44 7 45 5 28 7 45 3 15 18 30 25 27 27 35 25 17 33 44 23 28 50 42 22 15 1 29 34 3 50 42 30 10 4 17 40 20 37 30 12 18 34 0 20 39 10 2 34 
1 9 2 13 48 2 35 15 44 15 23 41 28 28 11 50 15 27 1 16 24 10 45 6 30 3 32 6 44 31 3 12 14 17 28 25 2 37 44 29 25 39 23 0 26 47 47 3 
35 7 35 5 13 10 37 11 42 15 46 33 45 20 30 21 14 13 11 27 11 50 36 48 28 33 22 41 35 38 20 10 34 1 48 50 10 26 41 3 28 6 37 11 0 7 5 50 
9 46 18 9 14 36 20 42 35 21 37 27 31 38 46 26 4 45 37 50 45 22 31 12 38 22 9 50 6 14 25 42 24 34 13 46 17 29 7 24 14 9 14 29 24 0 49 11 
15 32 30 33 17 20 5 5 37 16 7 22 42 28 21 37 21 46 45 4 47 25 1 10 26 38 14 37 36 9 2 38 40 12 44 19 26 31 9 23 20 29 27 31 10 8 0 16 
47 44 23 43 33 29 46 14 41 32 21 8 29 7 18 20 29 14 19 32 30 34 3 11 40 38 23 34 19 49 20 50 19 23 17 44 14 17 19 9 44 49 4 37 6 24 30 0 
