12
50
31 0 45 41 19 31 37 6 2 14 33 27 46 15 48 34 18 16 21 2 26 50 6 17 49 27 41 3 43 30 16 42 15 3 3 24 28 1 12 6 46 30 41 44 41 44 15 21 25 39 48 
45 31 0 24 4 28 25 29 43 43 41 35 13 22 49 41 12 43 12 25 7 18 5 15 6 46 10 13 26 5 12 20 28 5 33 22 11 42 50 26 49 49 8 19 16 12 18 19 46 50 32 
22 10 1 0 33 30 40 16 19 9 18 13 4 38 31 21 7 9 39 27 31 21 44 36 26 8 10 37 50 44 29 41 18 26 24 40 10 27 23 4 33 45 24 41 9 37 46 20 38 45 5 
9 31 19 20 0 11 29 24 25 25 20 4 17 25 30 28 46 28 15 41 11 31 37 36 45 36 48 3 28 40 13 41 49 5 39 20 10 49 6 13 12 37 2 48 34 29 29 49 12 31 42 
18 6 47 35 25 0 23 46 25 35 14 27 47 36 13 30 5 13 36 10 18 47 22 2 30 25 29 39 2 16 8 49 41 48 49 45 36 2 21 15 47 15 24 22 50 35 40 17 36 5 25 
16 14 2 13 45 47 0 4 17 10 46 34 44 10 28 15 36 50 38 18 44 3 43 21 13 4 24 1 2 45 35 13 4 48 42 42 36 40 35 5 49 32 35 11 19 14 21 15 45 36 50 
41 29 18 11 22 24 43 0 39 10 22 47 3 23 25 33 30 46 19 36 30 47 15 34 20 13 18 32 2 50 33 9 7 17 46 44 35 37 38 21 19 43 1 25 34 3 30 13 36 36 34 
25 47 9 6 4 27 46 48 0 49 4 42 41 39 27 13 40 36 27 32 49 44 9 49 18 38 46 40 1 18 33 6 47 16 17 9 13 48 12 43 18 39 40 40 17 27 2 13 49 21 13 
45 37 5 38 41 17 49 41 19 0 9 37 46 30 16 48 46 25 23 19 1 42 25 35 14 11 4 19 32 42 36 33 42 30 6 39 19 42 29 27 42 14 8 43 35 32 43 10 24 19 31 
27 40 31 20 21 20 2 42 27 37 0 49 18 50 33 26 45 16 25 28 29 5 47 47 28 37 35 32 1 32 18 45 46 13 11 10 44 11 10 35 19 18 1 3 40 43 47 8 11 9 37 
28 35 47 41 27 31 44 4 34 36 38 0 2 10 10 42 4 6 40 23 33 35 7 40 9 12 4 44 7 35 41 28 21 42 46 41 10 50 23 35 30 1 8 27 49 31 16 42 44 49 40 
42 19 38 27 3 21 45 38 29 23 37 37 0 19 43 9 17 10 14 19 32 5 34 5 44 33 27 30 42 29 46 13 1 9 45 50 10 34 16 43 20 16 12 44 12 43 14 40 34 41 14 
7 28 25 17 36 9 14 45 45 27 42 4 10 0 33 10 37 28 24 44 50 34 45 21 49 17 43 40 44 2 19 38 46 1 15 40 36 26 43 10 41 47 39 21 17 29 12 3 12 3 7 
36 16 41 42 30 12 7 26 50 43 20 21 43 27 0 40 46 4 45 43 25 11 36 15 3 3 46 25 5 21 6 40 28 41 46 33 22 6 10 35 29 29 1 43 17 22 27 47 45 28 34 
9 9 20 28 46 1 1 38 39 35 37 3 6 45 4 0 42 30 48 44 18 40 45 11 14 47 10 44 49 31 27 50 31 27 38 48 32 9 14 50 33 22 19 21 50 42 26 46 49 14 31 
47 49 1 10 44 14 48 6 32 37 8 3 7 12 36 7 0 26 19 48 22 33 17 49 12 47 22 24 11 23 21 15 45 35 1 30 1 30 18 44 34 34 4 32 14 25 19 12 9 15 36 
50 28 1 42 48 31 1 39 14 23 40 38 34 11 22 13 18 0 6 32 35 27 9 25 14 39 30 35 35 38 28 10 16 47 38 21 38 44 44 4 49 1 42 4 21 44 47 20 21 42 13 
1 7 27 30 9 42 3 38 4 18 47 16 2 36 14 25 41 47 0 41 35 19 25 3 33 35 36 5 5 20 42 11 14 44 25 27 4 39 17 29 30 35 7 41 36 3 35 41 19 8 19 
6 24 31 7 44 27 4 44 45 24 37 49 18 12 8 33 22 27 9 0 10 37 25 18 11 50 12 34 18 31 1 45 37 47 2 36 37 34 37 32 50 1 45 23 6 43 37 39 29 29 21 
13 14 10 48 32 32 7 20 8 32 44 37 14 45 29 1 2 17 27 21 0 49 36 46 9 10 43 2 12 18 14 23 5 39 11 38 31 28 50 20 5 31 14 30 50 7 15 31 29 28 43 
35 23 3 8 22 28 19 1 38 40 30 45 2 45 9 39 48 3 7 48 23 0 3 47 22 40 36 6 46 3 46 12 24 35 26 29 1 3 32 40 11 13 27 12 31 25 37 12 36 41 19 
17 28 22 31 20 33 27 31 18 37 22 23 49 42 28 7 10 27 17 9 36 16 0 14 47 36 46 41 17 48 4 24 21 6 34 29 34 3 5 6 46 24 22 14 4 39 40 29 21 3 19 
27 36 20 32 33 1 15 25 45 25 42 10 34 15 13 1 18 15 13 44 4 6 22 0 21 35 15 3 11 8 47 18 21 14 29 27 38 2 25 2 28 20 28 10 32 4 15 39 50 41 38 
22 15 8 9 15 22 14 49 47 19 49 4 17 49 7 22 47 5 38 25 49 44 14 35 0 25 27 46 41 17 21 26 4 21 20 25 4 14 5 15 6 25 4 28 33 30 16 11 12 25 33 
19 35 12 16 40 29 1 23 35 39 26 24 33 27 43 46 34 47 25 4 9 42 40 32 1 0 46 16 31 6 9 16 35 17 35 3 42 42 5 31 46 3 41 21 27 31 2 22 2 41 35 
33 14 38 21 25 28 45 30 15 44 13 21 17 27 23 41 7 48 24 2 4 30 17 29 2 18 0 21 14 2 50 25 15 41 22 27 3 48 46 10 26 48 12 40 38 33 33 25 44 5 40 
45 24 28 40 31 4 48 9 20 8 7 31 29 16 20 49 30 46 1 20 44 12 38 49 4 42 40 0 30 46 19 44 27 9 12 5 1 37 2 41 24 5 39 26 3 20 17 33 24 18 35 
3 29 44 35 47 34 36 30 36 40 14 19 14 1 15 30 23 18 11 19 12 29 6 28 15 5 36 35 0 30 38 9 16 12 12 17 15 34 25 15 22 16 8 16 1 10 37 26 25 39 40 
45 16 14 50 23 24 23 17 20 43 48 1 1 49 31 48 8 3 35 50 47 48 4 40 4 5 13 5 18 0 29 30 11 47 40 43 44 3 13 39 44 42 17 5 23 25 15 8 18 21 12 
30 24 41 40 44 47 12 24 47 18 11 19 50 42 14 37 5 11 6 38 46 45 14 41 8 30 44 32 15 39 0 48 45 35 6 50 6 21 7 46 47 32 29 16 21 33 24 18 13 9 39 
11 47 13 33 17 35 10 50 32 14 3 31 10 9 21 16 35 44 43 8 16 48 15 9 6 17 30 43 9 35 13 0 32 23 27 28 2 33 2 40 15 46 21 25 33 45 1 20 8 1 17 
39 24 21 2 23 13 32 5 28 50 6 18 42 48 1 22 9 34 31 19 34 34 4 28 12 46 24 33 15 6 48 22 0 42 42 46 40 11 21 4 16 20 28 25 41 10 29 29 28 32 23 
43 37 28 32 34 6 21 44 41 27 40 49 40 22 2 34 26 1 2 12 12 38 30 15 50 6 10 13 19 33 18 47 1 0 42 13 12 44 11 9 41 19 18 31 28 27 22 38 3 40 26 
3 29 26 20 12 5 7 14 33 28 47 8 26 8 10 44 48 48 10 40 41 16 43 12 43 44 8 2 39 28 18 8 24 43 0 31 39 21 32 31 9 6 31 28 31 45 12 43 24 18 34 
24 41 44 50 36 38 37 14 27 18 48 6 25 5 10 39 34 33 28 21 23 17 18 1 35 10 38 12 18 32 2 35 35 6 5 0 28 15 24 8 43 3 8 5 13 12 50 6 24 21 6 
28 10 46 48 12 7 23 43 16 26 50 25 47 46 17 14 21 20 50 32 25 11 26 35 18 15 13 5 40 35 5 15 41 12 4 42 0 39 37 44 49 6 22 9 32 43 29 11 9 47 48 
30 36 24 39 31 18 35 12 30 47 44 19 3 32 22 36 34 36 42 26 25 35 26 2 27 4 2 44 43 40 5 4 9 42 6 19 42 0 2 31 37 7 28 8 48 5 38 20 28 10 8 
45 26 18 22 23 46 10 22 13 28 16 41 19 41 42 40 10 11 26 4 45 32 5 6 19 48 27 29 47 40 34 25 34 36 45 30 37 38 0 19 11 9 20 40 3 21 17 9 18 7 16 
28 9 2 7 14 13 21 12 3 26 19 32 25 23 44 41 7 34 46 13 3 23 43 16 46 25 43 2 35 2 40 10 23 32 13 26 24 28 23 0 32 9 25 35 44 42 27 45 18 10 30 
10 26 22 44 13 5 17 36 12 39 21 20 28 2 37 10 10 44 10 19 18 30 12 15 5 29 39 49 24 19 30 26 43 6 42 14 38 29 20 9 0 10 38 16 34 12 40 48 33 8 33 
18 2 8 42 12 31 14 8 40 35 16 18 13 44 9 45 28 22 10 23 22 31 24 2 9 30 14 28 3 15 31 6 42 42 2 28 19 2 44 12 50 0 30 40 36 43 42 26 23 25 17 
13 26 24 36 11 37 29 6 33 33 17 37 5 25 4 10 27 22 42 32 27 26 29 49 23 42 42 38 10 17 5 42 4 37 3 5 33 7 31 16 50 13 0 19 12 45 14 26 15 32 33 
16 5 31 44 40 37 48 26 13 19 45 41 47 16 28 26 34 19 22 50 28 21 41 27 32 14 7 18 4 9 17 27 6 27 2 1 11 10 47 17 7 8 44 0 12 21 10 17 4 34 19 
31 7 44 33 6 45 14 5 13 27 30 31 22 5 3 19 35 20 15 27 16 24 23 6 43 21 28 29 7 23 48 4 34 35 28 10 34 24 22 7 38 7 48 20 0 38 27 36 39 10 3 
25 47 39 7 4 8 35 39 41 35 18 35 48 40 29 26 48 38 27 43 35 12 49 8 40 10 26 3 18 17 35 39 20 5 49 1 15 27 32 21 26 46 33 37 40 0 3 9 9 41 12 
29 49 13 18 18 13 49 32 18 44 32 33 21 24 1 30 16 44 42 29 11 22 7 7 17 40 29 12 19 38 2 18 12 7 38 37 26 2 37 36 3 34 9 38 39 44 0 25 10 37 11 
37 16 17 13 1 8 43 7 2 28 34 37 14 30 43 15 21 14 37 14 4 14 7 6 26 28 13 19 18 23 15 20 26 8 1 37 2 49 6 31 45 20 1 10 3 17 20 0 30 45 25 
23 12 24 23 7 23 9 11 37 24 46 24 39 29 14 14 11 6 30 7 13 22 9 6 20 34 14 48 4 10 8 34 25 43 50 4 47 3 2 28 28 41 12 33 36 22 31 23 0 46 39 
6 14 50 38 12 1 3 18 4 24 10 12 8 28 16 12 49 47 29 10 17 8 5 2 30 23 11 26 21 48 4 42 2 16 5 45 34 38 32 50 1 30 50 28 19 16 34 35 18 0 24 
23 35 45 36 22 48 10 48 9 40 41 28 47 6 20 19 10 43 24 22 29 12 16 30 10 38 9 27 34 14 40 26 9 48 25 20 48 16 44 7 35 36 30 42 9 24 33 44 9 50 0 
6 0 42 12 47 45 12 20 15 27 35 40 33 14 45 50 16 20 50 31 1 22 45 49 17 37 43 33 24 21 36 5 15 19 35 8 49 14 12 3 14 50 33 39 10 17 3 23 35 43 43 
5 34 0 13 8 29 12 43 45 11 3 30 46 45 42 30 25 14 30 38 2 2 8 47 18 1 40 6 40 1 35 21 48 32 29 32 22 3 12 6 46 6 19 2 1 35 5 38 48 30 42 
39 43 48 0 41 41 47 37 45 7 40 7 4 45 26 33 32 15 16 10 8 23 3 24 42 47 34 6 47 34 47 2 8 10 9 46 28 1 41 38 35 36 8 5 17 40 2 25 26 19 3 
40 22 39 23 0 20 36 19 7 45 8 41 40 12 11 38 49 45 36 30 5 32 24 29 25 23 16 49 8 2 45 9 30 29 32 7 30 20 38 40 11 9 44 47 30 44 46 46 45 30 42 
8 39 47 14 21 0 16 44 14 50 5 38 12 6 50 49 12 12 31 4 9 29 7 46 20 46 38 28 49 31 28 20 4 29 10 37 21 34 15 11 42 36 7 38 36 24 47 39 47 32 33 
34 16 42 21 14 2 0 43 27 18 33 39 45 33 23 35 34 34 46 14 29 28 48 20 12 23 23 20 11 46 50 50 31 18 49 44 4 13 8 47 36 28 8 47 28 3 41 24 15 1 40 
13 44 34 3 6 37 46 0 30 49 42 32 33 32 19 34 8 28 35 30 31 22 27 49 29 2 21 1 43 9 32 49 5 10 6 37 6 48 15 43 7 9 33 9 6 4 45 26 28 44 46 
14 40 36 21 19 37 45 5 0 2 36 36 3 21 17 43 28 23 26 33 29 10 13 42 23 23 40 18 44 26 7 45 24 50 14 19 9 20 40 38 50 11 44 14 8 21 6 12 43 13 27 
22 1 45 16 36 1 48 13 48 0 30 19 2 30 45 41 13 4 8 49 34 8 34 38 34 18 17 49 34 3 18 28 26 31 49 35 44 29 34 28 18 12 8 43 9 31 10 14 20 17 8 
2 5 44 30 19 39 14 12 48 20 0 2 15 10 30 2 44 22 31 10 48 35 20 30 31 23 1 42 29 3 9 3 30 18 45 16 24 33 1 31 47 30 18 36 9 17 48 48 13 8 38 
38 33 11 20 24 32 25 13 7 19 48 0 35 10 40 17 23 47 16 14 28 12 22 1 13 18 18 34 21 15 26 4 30 22 15 21 20 20 48 21 35 49 20 44 13 50 46 8 47 43 45 
1 33 49 30 27 17 33 48 2 7 48 5 0 48 32 16 19 14 45 19 47 3 50 45 30 29 42 28 39 14 23 10 38 28 21 26 22 31 42 38 5 38 23 46 14 37 45 22 13 48 32 
32 14 28 47 42 1 38 19 1 36 40 45 34 0 30 48 10 27 28 7 44 38 23 8 15 9 31 4 31 43 35 20 16 41 32 42 47 10 32 30 25 34 12 41 3 16 43 39 17 17 28 
18 45 6 4 45 10 6 14 38 12 48 7 27 17 0 16 25 4 3 39 2 50 46 48 32 11 26 32 5 49 16 43 37 15 16 18 25 10 38 38 32 41 47 44 18 27 28 36 25 38 42 
40 37 29 15 28 22 47 24 44 19 28 2 16 23 19 0 11 43 11 49 41 15 17 15 7 12 4 3 30 5 34 40 8 18 7 27 6 8 50 39 47 28 36 45 19 4 39 32 22 49 17 
35 26 26 47 27 23 22 23 4 24 19 17 19 10 30 21 0 35 9 46 14 4 43 23 3 14 30 22 46 3 23 23 32 31 39 49 15 32 21 31 4 35 36 47 16 28 11 17 35 40 33 
5 23 26 36 13 43 3 23 34 48 2 26 20 31 1 37 37 0 31 12 15 39 14 28 42 29 19 47 7 26 3 14 38 7 20 19 50 7 46 27 7 12 10 38 34 3 9 16 16 15 41 
25 37 23 26 45 41 45 34 8 45 46 46 48 32 34 14 20 50 0 12 2 31 41 5 6 3 30 26 45 40 21 3 32 43 35 28 28 15 31 26 28 5 23 38 32 11 16 12 7 50 40 
39 17 4 14 10 34 33 18 23 15 16 1 45 37 43 15 4 14 4 0 7 50 40 24 34 47 9 4 23 45 37 19 20 46 1 33 37 28 30 25 44 46 47 9 11 13 5 28 2 40 47 
13 49 4 43 40 50 43 21 18 2 31 10 24 36 47 46 5 45 5 7 0 38 25 39 10 12 3 31 14 22 42 31 2 34 48 25 21 17 3 11 33 45 7 13 24 14 36 24 23 15 17 
50 34 47 33 10 39 10 44 32 38 19 30 50 26 21 29 26 26 12 27 30 0 3 35 22 13 31 13 15 47 26 29 9 49 5 42 48 5 1 39 37 11 23 22 23 15 15 8 37 4 35 
10 49 11 39 37 48 49 26 21 29 26 46 47 6 9 10 31 45 34 23 24 26 0 37 26 16 8 32 12 7 48 23 26 11 13 17 30 49 11 18 45 49 30 31 11 11 15 27 16 14 6 
35 14 4 31 11 35 13 36 23 30 17 38 19 24 7 1 35 35 40 30 12 21 28 0 40 25 45 45 27 16 2 32 16 48 2 13 10 23 30 2 32 18 13 38 39 28 12 11 7 4 10 
30 42 27 35 44 14 37 15 7 16 40 37 21 22 49 1 40 18 11 47 29 6 33 8 0 12 49 33 40 12 14 35 39 23 6 22 40 40 13 8 49 24 8 24 36 43 32 43 17 40 28 
22 44 47 8 32 25 10 19 24 46 32 48 3 44 32 2 14 15 50 9 12 27 10 12 24 0 21 33 47 16 31 6 16 50 34 42 41 42 16 25 48 31 21 40 13 18 27 6 30 5 41 
18 29 18 31 17 45 34 35 34 11 43 13 4 44 40 16 48 19 2 42 10 49 41 3 29 41 0 38 47 44 47 16 3 43 25 13 28 49 19 18 48 8 7 32 14 6 18 17 47 24 3 
29 37 28 13 32 20 38 15 3 26 8 38 42 37 46 40 20 30 32 13 17 30 2 4 34 3 17 0 28 48 11 25 41 24 42 19 30 25 30 44 43 41 34 16 43 41 21 16 45 19 16 
49 38 16 12 36 50 36 24 29 29 3 11 18 43 1 17 14 50 19 17 15 41 36 39 22 33 14 9 0 14 14 37 23 9 32 13 38 25 13 7 20 44 2 1 16 40 30 17 24 42 24 
7 17 27 3 2 8 2 27 40 3 36 27 11 16 42 31 2 37 31 14 42 1 43 50 23 14 40 21 50 0 42 17 41 17 40 8 21 47 7 31 5 36 48 24 4 34 18 41 36 24 9 
29 31 44 29 33 7 24 27 30 38 19 31 28 48 37 46 10 22 8 22 35 45 6 26 29 44 28 40 17 5 0 24 4 47 41 14 37 47 39 8 2 47 20 28 43 37 5 21 27 18 38 
8 20 28 3 24 34 25 18 1 39 30 35 11 25 15 15 35 37 34 50 49 22 15 7 25 16 18 14 40 24 24 0 1 22 29 48 4 27 44 17 30 13 30 39 19 22 13 10 3 28 23 
21 34 43 18 40 37 5 21 29 9 17 11 29 27 15 29 13 32 28 11 39 41 20 5 38 20 33 46 35 12 6 16 0 36 18 4 40 9 5 40 12 49 6 16 9 14 2 1 13 5 44 
50 28 25 17 35 31 14 39 31 21 4 10 36 17 3 1 26 12 23 25 20 9 43 17 12 33 25 12 41 37 19 21 42 0 42 13 29 41 19 33 24 27 21 25 20 8 40 20 50 6 13 
26 40 40 30 24 42 35 9 6 2 6 3 48 44 2 34 19 45 5 25 10 7 29 50 49 50 35 24 10 23 14 26 7 29 0 11 29 32 12 18 21 45 33 14 32 19 24 23 31 18 25 
21 25 45 32 3 20 11 40 31 25 8 11 50 33 39 30 47 19 34 23 2 8 28 35 30 28 43 47 32 26 27 4 7 35 3 0 39 32 26 26 41 18 42 32 44 13 34 34 32 44 39 
28 5 48 45 23 14 48 11 2 26 27 15 9 6 48 4 4 15 31 1 49 22 44 43 5 11 27 35 22 46 44 12 4 43 48 23 0 7 13 13 39 41 21 24 50 14 4 34 26 46 9 
30 20 2 43 41 7 11 5 40 13 38 14 40 6 33 16 11 16 9 25 48 42 3 42 10 28 48 44 29 1 27 1 39 13 16 25 11 0 12 3 42 12 3 23 50 2 28 32 19 18 49 
44 19 18 21 12 39 18 10 33 13 9 18 27 39 36 37 26 27 40 8 6 49 13 17 13 46 20 3 41 33 46 30 26 31 8 9 34 18 0 1 28 8 1 29 40 33 45 26 34 14 15 
2 6 29 10 43 46 6 1 8 17 19 15 19 1 18 30 42 46 32 28 4 8 27 12 1 5 21 24 35 19 20 36 40 27 31 41 1 16 38 0 12 4 33 10 34 9 44 33 29 23 3 
3 30 3 37 11 45 30 17 10 39 25 32 17 40 48 34 25 43 20 27 29 27 9 20 24 22 48 43 4 8 23 43 2 32 16 40 34 4 16 37 0 12 35 7 50 38 22 17 21 37 26 
19 40 9 46 25 27 22 33 13 40 47 37 14 2 16 33 31 35 24 9 1 22 27 33 16 45 20 10 33 2 5 28 6 28 40 33 34 6 8 39 18 0 1 41 27 40 25 21 5 34 5 
42 32 47 29 26 47 13 27 31 30 8 12 50 11 35 20 32 36 13 33 49 26 27 36 41 50 31 1 44 41 25 15 27 28 11 23 31 28 3 43 20 8 0 25 29 32 7 1 31 42 21 
44 35 43 1 6 17 5 12 39 26 17 13 33 41 5 43 36 23 50 13 39 5 34 20 13 42 1 49 4 35 49 50 10 23 48 40 22 26 22 45 18 20 39 0 28 27 8 25 35 24 39 
21 29 31 30 32 39 2 24 38 15 16 7 8 5 28 17 3 11 43 16 21 11 1 6 45 20 16 7 43 6 18 17 26 16 14 21 20 31 42 9 39 49 38 8 0 30 12 12 35 50 11 
5 15 42 9 18 10 28 26 35 13 24 46 31 33 48 50 32 43 41 8 48 23 20 35 27 23 24 44 26 33 8 31 7 33 1 3 25 17 48 4 43 44 46 29 35 0 43 18 5 10 31 
31 20 45 43 14 33 46 8 32 45 37 34 50 3 6 44 40 49 32 45 25 15 45 37 15 4 27 41 50 34 6 19 34 46 3 38 37 14 20 19 8 18 35 3 17 10 0 44 44 24 42 
4 19 24 16 6 16 25 8 29 10 6 5 8 48 40 19 50 4 50 18 8 26 30 13 38 7 31 43 21 6 10 34 18 8 31 37 45 19 41 38 14 29 36 10 14 3 11 0 37 14 49 
10 41 44 7 35 28 40 11 29 50 36 33 38 23 50 22 38 50 18 3 24 32 14 13 4 29 41 21 50 35 47 44 30 23 47 20 40 12 24 3 48 35 41 42 2 32 42 13 0 10 43 
16 11 19 11 25 29 27 32 3 7 38 20 11 44 3 42 3 16 27 30 32 27 27 16 6 40 41 23 11 23 37 29 11 8 20 36 25 20 48 18 44 9 10 17 15 29 24 48 39 0 10 
29 27 36 30 11 39 35 4 5 35 38 4 21 30 20 10 9 4 24 17 18 34 18 9 37 24 18 10 1 28 16 44 35 1 45 11 43 31 47 31 2 21 15 13 31 40 38 30 48 6 0 
20 0 20 24 22 43 45 10 27 44 38 22 25 4 28 20 45 20 21 35 10 17 29 7 43 15 47 19 5 29 47 36 38 13 45 8 46 20 13 9 50 2 16 37 10 10 28 18 37 44 36 
21 18 0 46 39 39 42 14 31 8 46 26 5 49 48 2 35 13 9 21 24 25 8 13 36 8 2 42 48 34 38 30 33 11 43 27 19 43 25 6 16 33 40 6 13 24 47 18 40 9 26 
15 10 17 0 20 12 13 6 10 31 38 1 16 48 20 17 44 45 6 22 33 43 39 3 5 42 36 3 50 12 12 34 2 39 9 23 20 16 41 32 14 14 33 44 19 16 17 43 36 46 30 
3 12 19 26 0 33 27 8 13 29 26 11 6 48 20 4 49 27 39 47 48 29 4 24 8 20 10 45 35 40 25 44 17 4 33 9 22 34 14 26 47 13 4 13 7 3 9 35 25 15 17 
40 4 40 49 2 0 50 39 11 7 24 32 23 23 4 33 44 2 16 11 32 16 14 13 1 35 26 41 18 5 11 25 21 20 23 35 40 28 5 32 10 34 23 7 3 15 40 31 9 24 9 
7 20 14 33 2 27 0 41 40 15 27 9 21 6 46 49 12 4 1 20 43 17 48 35 1 48 44 7 11 36 45 45 33 44 46 5 6 7 38 22 9 50 39 41 5 2 14 17 12 5 3 
37 30 40 32 43 10 36 0 13 35 8 20 31 4 20 32 27 27 10 42 43 5 17 30 11 44 29 7 30 50 35 27 46 6 33 9 15 43 13 4 46 21 44 3 14 40 19 35 21 24 26 
37 7 20 13 49 21 1 30 0 38 14 3 6 14 1 31 24 25 21 11 17 34 15 7 47 23 11 14 16 22 25 45 36 7 25 48 21 26 44 35 39 14 14 25 41 43 15 31 3 33 16 
45 14 10 7 42 23 1 24 41 0 38 7 36 9 14 20 18 50 39 3 11 48 31 37 23 3 21 40 17 4 8 30 12 33 6 31 31 26 50 34 25 21 3 4 48 32 29 6 12 21 26 
16 43 50 23 19 14 28 37 4 22 0 34 34 20 33 8 46 3 3 33 39 42 50 6 29 40 46 28 40 42 24 15 28 46 29 42 38 12 11 38 18 4 39 46 13 41 37 33 21 40 36 
27 3 30 32 34 16 38 22 33 23 36 0 39 46 30 7 7 39 42 42 21 35 42 16 16 36 3 4 44 38 4 14 7 50 7 48 13 49 14 45 27 50 41 28 15 32 16 44 17 6 35 
49 41 30 20 2 35 37 15 46 32 12 45 0 34 30 10 30 40 39 33 45 8 25 47 15 21 44 15 1 34 21 9 38 38 3 5 23 27 30 6 13 26 35 18 14 15 6 8 48 6 3 
27 6 34 12 27 24 45 15 50 8 21 37 31 0 26 23 24 8 31 25 37 3 10 34 21 19 24 7 34 1 15 37 17 46 32 45 4 4 26 27 32 29 13 30 48 42 40 4 43 41 41 
49 27 23 19 50 17 23 14 44 4 17 11 15 35 0 22 5 41 50 32 19 20 32 5 44 9 41 31 36 29 30 20 15 43 10 17 10 44 27 32 28 32 41 33 23 15 18 48 45 27 38 
49 5 12 23 21 17 23 30 11 10 37 37 36 14 34 0 3 19 5 19 12 11 15 18 4 38 30 49 33 29 41 43 36 10 42 32 15 4 21 40 50 38 15 16 23 42 45 6 20 39 12 
50 44 27 15 27 34 38 9 36 41 18 41 1 20 17 1 0 28 44 33 19 50 49 16 20 25 46 49 45 12 43 25 30 44 18 42 50 10 45 15 48 28 45 35 49 32 48 15 47 7 41 
18 12 37 20 13 2 29 8 41 32 36 44 47 44 17 39 47 0 34 28 18 42 33 30 35 42 5 14 17 38 27 32 3 38 21 25 13 43 24 5 41 22 3 5 34 13 34 49 42 32 44 
1 32 19 40 50 35 33 3 29 8 38 12 20 14 50 34 6 26 0 19 4 46 23 29 38 46 40 29 47 23 8 7 22 36 45 26 1 34 49 22 41 31 41 46 47 3 11 33 41 34 30 
28 23 24 28 49 28 3 32 44 10 7 36 30 21 2 17 27 26 39 0 50 50 8 5 29 24 5 28 32 35 36 7 38 13 44 31 34 48 8 46 48 48 2 5 12 34 45 12 26 46 37 
35 8 3 34 30 21 19 46 5 44 1 21 48 8 4 19 24 37 41 19 0 20 19 30 41 2 48 3 43 45 29 44 2 37 49 2 50 35 29 14 10 16 2 4 2 48 27 5 47 9 16 
22 25 36 27 17 16 28 13 33 32 18 26 2 26 1 49 34 50 7 4 35 0 45 23 31 3 18 16 28 44 26 44 6 35 30 7 19 17 10 32 37 22 23 47 33 42 40 1 28 2 49 
43 6 41 5 32 28 2 6 25 50 1 50 20 7 39 13 42 23 20 32 33 25 0 19 20 33 12 48 41 39 14 18 38 27 45 33 39 15 30 49 30 18 11 36 32 36 22 3 40 44 30 
49 29 9 20 16 19 37 22 23 20 30 11 17 12 33 13 24 25 25 50 48 12 25 0 40 15 23 39 37 34 11 10 8 47 10 15 40 30 8 30 14 2 44 8 29 50 7 45 25 50 24 
49 29 15 45 32 37 4 19 6 44 31 1 38 13 11 23 14 7 47 43 33 17 45 12 0 49 4 5 46 41 8 28 14 37 11 12 31 44 3 28 29 36 12 3 37 33 1 7 45 19 28 
43 39 29 7 41 33 34 3 46 29 32 9 29 48 16 17 15 28 1 30 30 12 29 18 8 0 22 15 9 30 48 48 11 27 14 16 40 36 30 20 30 48 41 7 50 47 27 33 5 21 16 
37 30 44 40 49 32 10 11 50 20 19 25 24 49 31 22 32 15 32 27 32 35 8 22 32 39 0 5 30 21 31 39 10 38 14 11 19 17 38 15 34 30 25 31 1 12 23 17 9 19 26 
46 19 23 45 35 3 22 23 8 10 28 30 40 19 31 9 38 10 38 13 6 45 1 49 47 7 4 0 8 10 10 23 46 11 46 36 21 37 44 30 8 47 44 31 6 7 1 35 13 21 3 
36 7 21 7 21 2 19 25 48 28 50 15 13 49 38 32 20 45 33 10 23 45 31 31 17 12 14 45 0 43 47 23 41 38 8 24 16 26 5 25 35 3 12 46 3 9 32 31 32 19 25 
31 40 31 11 31 42 27 41 41 9 38 24 32 1 5 10 28 6 25 22 6 16 21 49 7 11 49 28 22 0 35 31 33 27 18 16 33 11 27 28 33 40 36 15 16 48 30 31 46 48 50 
5 26 8 47 19 16 20 33 4 20 44 49 19 6 28 6 48 15 36 23 49 1 29 42 33 21 2 5 1 28 0 31 3 31 23 30 6 25 30 50 1 13 29 24 8 40 41 18 9 38 43 
33 17 10 26 1 5 48 17 15 49 15 16 32 27 39 41 19 46 26 23 31 18 15 36 10 21 28 21 2 42 3 0 43 17 9 46 15 44 6 22 26 9 9 16 1 36 48 47 48 19 50 
23 22 33 16 12 15 2 25 16 31 28 27 15 23 46 22 50 24 31 25 48 14 24 1 14 23 3 15 50 13 24 31 0 2 3 20 32 10 1 47 31 14 19 40 42 48 32 45 43 5 14 
48 24 17 45 3 10 49 33 3 40 13 37 25 3 8 48 26 12 3 15 13 49 28 1 11 29 24 33 3 32 29 10 10 0 37 15 50 14 8 50 11 34 28 49 7 19 28 44 38 34 1 
7 33 41 41 2 50 47 17 34 24 36 16 30 21 12 3 27 39 38 9 34 19 13 43 32 36 1 21 32 34 36 37 49 2 0 25 46 20 20 35 16 4 48 24 26 25 18 48 28 46 17 
1 5 50 26 17 39 21 48 10 17 49 26 35 50 39 50 17 28 46 16 33 8 5 23 5 36 45 37 18 14 38 24 25 15 34 0 31 37 24 36 37 26 22 11 19 18 28 13 25 37 26 
1 20 32 31 34 44 1 28 21 32 45 34 31 46 29 25 1 21 17 9 13 44 43 10 40 12 47 36 6 28 24 21 50 42 13 19 0 43 45 32 40 31 10 3 4 42 43 41 15 40 43 
27 43 9 29 13 8 27 22 41 23 47 15 22 44 8 25 35 40 34 11 33 7 39 27 29 3 41 39 18 48 21 33 47 13 1 31 12 0 22 30 5 43 21 5 9 44 16 39 10 47 18 
8 2 31 30 10 21 4 32 50 10 17 38 4 44 2 14 19 9 43 28 13 13 10 29 19 13 3 31 33 13 15 32 43 1 40 19 3 17 0 4 31 28 31 22 20 39 5 17 11 7 30 
48 30 17 20 6 45 42 3 12 48 19 24 49 38 46 36 45 4 4 34 12 2 6 12 50 33 42 41 41 14 46 42 24 4 15 36 15 24 45 0 45 27 1 6 7 13 4 32 34 24 3 
11 14 8 24 19 47 24 5 20 24 4 1 12 48 2 27 1 46 23 10 21 21 9 9 7 12 47 49 50 47 1 8 18 39 4 33 34 50 35 19 0 12 10 5 22 42 27 39 8 5 36 
4 36 11 15 32 40 5 49 18 8 1 26 6 24 23 46 34 24 45 20 44 1 12 5 48 12 17 37 18 30 23 39 45 15 43 16 48 4 7 15 28 0 36 32 28 18 37 5 32 50 47 
43 16 13 35 43 3 25 7 17 21 23 18 31 38 35 12 31 42 31 8 49 31 18 31 43 8 19 34 37 12 7 36 38 22 38 8 26 10 22 40 41 42 0 37 36 42 11 5 45 44 7 
6 14 1 43 48 13 49 33 43 35 34 41 20 5 15 38 30 10 1 28 37 22 20 42 17 8 44 32 39 32 4 25 41 31 6 44 35 46 24 26 9 43 17 0 38 6 50 22 32 22 5 
31 46 44 16 20 35 44 10 26 41 19 17 45 11 32 10 1 39 50 21 3 35 36 25 19 44 6 33 36 17 36 12 10 34 2 8 31 25 11 22 50 26 20 34 0 8 42 49 6 6 47 
50 34 33 1 3 46 10 20 47 27 29 12 24 10 6 7 8 11 10 24 29 26 28 28 22 27 15 3 18 27 46 50 27 39 17 2 30 9 32 6 48 12 28 35 43 0 38 3 11 28 1 
35 38 47 32 19 24 7 5 30 26 32 8 2 21 32 30 36 35 43 4 28 49 30 4 27 17 48 43 36 34 25 5 25 18 43 8 4 45 21 44 45 25 30 7 25 41 0 11 8 3 14 
3 18 18 24 23 37 9 43 6 3 27 14 20 46 2 27 34 34 28 24 26 41 15 50 10 4 20 24 30 37 6 40 40 23 31 7 37 1 45 7 50 12 39 19 17 31 6 0 34 5 48 
7 27 30 30 39 13 4 19 15 20 17 36 14 20 47 37 24 48 15 46 40 33 40 22 24 14 2 47 33 29 49 36 19 32 30 30 10 11 35 19 4 19 36 25 40 15 49 19 0 22 31 
7 8 19 9 8 25 37 9 6 25 11 7 36 37 22 32 17 32 41 17 27 14 14 47 43 21 47 16 33 10 16 33 25 3 22 41 18 10 24 6 43 2 5 11 9 47 34 50 3 0 8 
48 17 29 5 5 44 45 23 17 37 28 22 26 47 9 28 33 34 15 32 14 7 8 36 25 25 9 3 38 46 38 47 13 25 12 50 5 20 49 29 46 45 43 37 28 21 27 9 2 32 0 
15 0 1 36 22 44 42 9 43 31 30 35 42 35 22 50 31 10 1 35 9 23 13 36 37 37 19 14 22 8 4 49 1 2 7 32 38 12 42 31 21 41 12 40 19 45 4 11 22 38 48 
12 27 0 24 44 9 2 16 50 35 25 28 38 36 27 32 34 41 29 40 13 19 18 20 14 18 12 24 17 42 34 9 43 34 11 43 23 27 8 49 31 23 13 7 6 44 4 27 13 38 11 
13 32 32 0 26 29 44 7 10 26 48 28 49 8 2 17 35 4 25 35 9 8 34 31 10 41 7 12 14 21 15 35 12 29 32 21 27 11 9 32 49 16 17 33 2 3 24 5 6 40 9 
50 2 29 29 0 4 30 2 22 36 22 33 44 40 11 13 16 20 27 31 40 25 46 44 36 44 41 1 30 8 17 2 7 24 12 15 34 34 1 29 42 26 40 24 10 17 23 28 22 39 37 
4 29 25 1 35 0 5 9 43 36 13 29 23 15 19 21 27 20 28 46 29 33 20 48 39 14 36 23 34 19 21 14 29 41 21 14 24 32 24 28 11 26 41 15 16 14 4 25 6 40 41 
4 50 26 11 5 34 0 31 36 37 50 32 25 24 16 50 50 33 45 6 48 45 47 1 35 3 43 6 33 26 11 11 18 44 29 18 14 3 30 17 30 43 47 37 29 30 1 17 50 16 14 
22 30 50 43 46 8 50 0 41 8 12 29 48 10 27 39 15 31 46 48 36 48 3 29 26 5 49 10 23 6 3 27 6 18 13 40 32 18 2 34 10 15 12 23 5 1 45 37 11 40 15 
21 22 2 30 17 19 2 25 0 38 48 48 28 36 6 35 23 31 48 37 8 48 30 12 39 21 36 31 24 25 11 12 50 33 42 32 6 5 38 47 21 30 44 14 37 13 38 27 17 20 29 
14 40 24 33 18 41 10 14 10 0 31 39 28 50 28 36 48 45 45 24 30 19 44 1 17 28 5 16 26 26 33 9 14 5 47 47 23 27 50 24 42 46 42 29 16 33 3 44 36 2 15 
43 33 43 41 10 21 39 7 6 14 0 26 35 38 27 22 25 24 3 32 13 22 46 21 33 34 28 16 35 35 25 11 30 24 12 40 27 21 14 37 26 35 20 44 11 16 12 4 2 45 8 
30 42 5 40 44 48 13 11 8 33 6 0 4 23 32 3 46 11 26 37 46 4 10 16 6 29 2 2 10 17 22 24 14 41 27 46 20 26 35 19 43 15 11 7 5 21 31 48 13 8 21 
1 29 16 50 4 20 26 49 12 42 47 3 0 44 36 10 42 14 46 37 34 20 27 8 44 32 43 4 12 36 48 5 39 3 47 22 46 48 42 24 26 44 28 24 28 47 12 18 22 45 29 
18 2 27 24 2 25 22 22 18 11 17 15 14 0 14 38 8 50 48 14 15 45 22 23 11 41 42 3 30 48 20 26 32 17 7 31 3 12 29 45 47 25 26 24 13 9 29 15 11 40 39 
12 21 8 31 35 46 29 16 34 10 22 42 25 49 0 36 36 49 7 34 35 46 22 3 18 41 19 49 10 3 12 28 43 41 9 8 6 24 36 22 35 24 47 46 36 25 33 2 25 28 24 
31 8 28 6 44 41 18 41 41 17 48 19 14 22 32 0 30 1 16 42 31 12 13 36 49 11 50 26 18 43 8 17 24 33 29 31 20 16 35 16 17 38 34 46 6 38 6 33 24 4 46 
33 36 34 48 13 19 23 29 45 45 15 1 48 33 50 25 0 37 35 41 13 14 16 1 25 43 28 17 30 11 6 17 3 14 48 26 32 40 36 17 13 48 37 41 21 2 37 36 13 6 14 
19 48 33 42 32 17 35 9 5 35 2 43 18 40 28 13 38 0 1 8 19 35 1 18 29 15 27 26 30 24 7 42 4 25 48 37 19 20 23 16 10 47 32 31 33 11 5 19 2 44 40 
49 35 6 37 29 18 31 5 27 5 41 5 36 48 43 49 19 21 0 3 9 43 16 36 49 23 4 21 36 18 11 9 25 37 34 8 8 49 38 19 19 39 16 46 11 19 42 46 34 40 13 
37 49 49 36 48 34 50 7 15 26 48 45 37 16 47 17 19 2 41 0 36 50 31 2 34 20 27 20 26 30 31 8 38 46 6 25 10 26 2 37 24 8 42 23 44 22 44 29 30 14 3 
24 44 43 5 13 6 48 16 16 21 14 24 28 35 18 11 49 32 42 38 0 41 18 15 17 28 9 8 9 13 26 48 41 13 27 8 14 45 42 43 19 13 11 36 17 11 35 15 39 26 11 
46 48 38 26 13 6 29 27 27 5 49 39 3 40 23 24 12 1 27 4 17 0 8 39 24 25 30 32 49 7 44 45 20 33 3 31 1 3 37 15 2 35 19 16 39 21 24 8 47 45 37 
23 14 12 22 44 39 10 15 1 33 25 31 20 34 10 29 7 1 10 23 22 25 0 36 25 20 49 42 50 3 2 23 36 5 21 21 31 8 11 9 43 42 38 36 33 28 5 49 33 29 42 
17 8 38 23 15 48 29 37 3 46 47 10 13 50 11 39 27 50 13 29 22 47 42 0 17 31 35 40 3 48 15 50 10 21 12 35 15 49 33 6 23 3 21 8 13 47 32 26 37 23 40 
28 49 20 1 20 21 16 21 42 31 9 26 40 39 46 37 39 1 15 46 41 45 45 41 0 27 1 39 30 21 49 10 3 31 9 37 2 41 21 42 15 49 28 42 25 14 28 32 20 17 10 
44 25 22 27 49 34 4 30 24 20 32 37 1 43 22 7 45 32 2 45 47 18 10 1 47 0 13 4 20 27 49 20 20 13 11 6 35 31 4 10 4 48 11 48 23 33 13 28 49 4 8 
33 50 19 23 13 27 15 22 30 37 31 35 3 26 50 13 25 40 37 37 26 42 23 49 47 37 0 21 38 18 35 35 5 17 19 16 21 2 40 49 29 21 10 24 23 23 14 8 22 24 21 
38 39 13 17 33 42 28 21 26 27 6 28 4 45 3 27 18 35 10 30 11 35 42 9 17 16 18 0 50 26 34 29 49 15 48 48 47 43 50 36 24 43 32 15 22 23 43 7 29 21 46 
46 24 13 44 10 4 48 4 1 18 25 29 45 42 49 8 14 7 48 7 35 18 49 36 37 30 21 20 0 36 24 10 39 30 31 39 5 36 21 38 45 49 39 50 19 50 14 37 23 24 16 
30 50 31 14 12 28 26 28 7 30 33 29 19 27 8 36 50 14 4 44 22 43 19 4 8 47 19 30 36 0 24 43 49 46 20 45 10 8 16 20 11 30 9 14 8 12 21 20 24 11 14 
15 24 19 31 44 37 32 28 7 15 10 46 42 34 38 35 33 50 32 49 28 34 45 44 14 14 30 12 42 37 0 28 45 19 22 9 20 30 15 27 8 29 31 9 5 2 35 18 30 21 28 
38 21 42 13 37 31 29 26 18 30 8 20 36 20 38 15 27 20 26 18 5 19 23 24 21 48 26 41 43 30 47 0 50 41 15 50 8 4 7 36 28 42 5 48 47 1 9 45 40 18 37 
8 48 5 3 24 20 48 18 43 39 6 39 34 39 34 9 30 22 21 31 12 21 34 49 27 50 21 27 24 12 3 36 0 24 6 22 49 45 38 42 30 10 36 15 48 22 4 22 9 13 42 
30 24 19 37 25 38 15 6 27 24 49 22 44 31 36 20 16 28 17 36 14 42 31 42 21 27 6 37 27 24 28 12 14 0 32 33 30 18 37 31 35 35 39 11 18 31 39 42 35 12 2 
38 45 43 28 29 38 43 28 16 49 32 28 30 4 46 37 9 12 48 6 3 29 47 32 1 25 31 13 11 33 35 22 25 26 0 36 34 20 36 4 46 37 40 21 33 4 7 10 8 22 44 
31 30 37 6 49 10 48 12 28 4 7 30 17 33 15 10 4 4 19 13 18 23 9 3 20 14 8 15 29 44 15 24 42 18 3 0 5 36 19 27 26 36 9 9 50 39 7 24 38 19 44 
4 7 39 10 27 8 22 34 37 36 2 34 34 34 40 33 39 50 31 10 25 35 27 43 27 10 15 9 14 13 40 21 47 35 41 9 0 36 32 41 46 34 2 33 42 25 3 26 26 11 7 
19 24 8 10 20 20 30 47 34 18 44 13 21 25 46 32 38 49 44 32 48 7 9 36 26 23 2 36 18 24 34 40 49 8 45 17 13 0 37 15 21 29 39 49 24 2 22 32 9 46 44 
16 27 32 29 9 12 15 23 34 48 18 44 29 10 34 5 15 14 31 30 19 1 35 23 3 9 9 36 34 5 42 44 41 25 9 8 8 20 0 49 33 3 40 4 18 3 36 11 39 41 48 
7 19 29 17 25 15 43 10 27 1 4 29 40 30 6 25 4 5 2 27 47 45 15 48 27 29 48 17 20 18 48 20 46 36 48 24 16 25 50 0 44 15 49 44 49 30 24 1 24 12 29 
33 7 37 14 1 13 4 31 40 46 18 26 40 10 3 34 34 4 32 33 9 29 5 8 12 49 2 17 18 4 29 24 6 42 36 42 33 32 35 36 0 20 35 35 4 27 40 9 35 46 47 
40 47 43 29 20 4 2 30 3 2 12 37 13 36 18 45 21 48 25 11 1 3 19 47 13 24 45 1 32 23 40 18 22 22 14 32 31 27 22 32 40 0 4 29 34 24 34 23 49 37 32 
19 11 11 35 46 38 28 46 17 47 9 2 48 31 12 45 16 41 22 36 14 45 27 43 22 47 24 36 23 30 2 46 15 1 4 30 7 37 27 27 5 36 0 10 26 24 39 7 49 22 30 
19 32 27 1 19 24 35 19 14 49 15 42 23 37 45 13 37 48 27 33 38 29 15 46 31 29 35 2 19 33 41 25 15 43 12 20 20 14 32 30 45 39 24 0 28 13 13 13 23 31 11 
3 10 23 39 43 40 18 32 20 41 40 34 50 31 9 40 27 31 26 26 44 23 16 47 39 49 6 37 33 19 16 12 22 9 31 32 3 27 1 22 3 39 44 42 0 41 12 40 43 20 23 
36 33 48 6 17 30 44 26 1 45 34 31 49 2 25 28 12 41 50 28 38 1 31 4 23 6 29 24 7 27 9 13 18 11 33 34 15 17 43 2 38 28 26 6 39 0 23 40 42 18 14 
50 50 44 43 36 36 2 44 33 12 1 21 20 24 36 21 14 39 20 41 14 46 49 49 40 11 25 25 16 1 16 37 7 44 27 10 20 26 25 48 32 21 34 31 1 18 0 9 3 21 18 
9 2 23 28 50 4 2 45 3 26 11 28 29 33 46 14 14 27 48 27 1 39 14 23 9 43 13 18 48 23 2 23 4 48 42 14 15 29 44 23 9 25 23 49 38 5 43 0 2 36 38 
4 32 5 45 18 21 39 1 19 8 42 34 48 31 24 38 24 32 41 33 50 35 33 25 18 26 16 15 35 5 1 12 33 11 19 21 18 10 30 22 26 14 11 36 32 25 28 43 0 26 50 
31 11 11 3 38 19 50 31 27 42 6 24 16 15 8 30 2 37 12 4 20 15 2 20 8 36 25 48 43 44 49 23 40 35 24 40 2 30 23 1 21 38 33 39 16 2 49 46 29 0 2 
24 41 32 22 31 17 10 41 46 3 44 2 38 34 43 33 34 31 42 18 29 22 15 12 33 32 32 13 4 6 38 29 19 42 20 8 42 19 5 7 31 11 34 21 7 20 50 50 46 34 0 
18 0 18 5 12 23 2 27 21 39 49 36 47 38 41 16 16 34 47 14 36 42 16 27 35 38 19 39 44 5 14 33 33 18 21 38 20 25 8 19 19 31 22 30 6 22 35 24 44 5 42 
36 3 0 36 11 43 3 41 21 25 5 13 33 16 25 17 4 30 18 3 46 41 26 29 46 5 21 37 21 13 3 46 46 40 14 28 30 47 7 28 36 29 4 34 15 6 49 6 5 40 19 
5 6 41 0 10 1 11 25 41 7 23 16 20 9 22 9 18 44 2 48 37 7 23 40 18 17 38 43 15 40 7 15 32 32 44 49 40 5 31 14 18 6 7 1 6 20 9 46 13 6 38 
5 5 8 4 0 12 33 17 24 43 14 19 10 1 50 8 35 39 15 24 19 13 14 38 30 31 1 23 35 48 8 42 30 10 3 2 11 25 28 32 16 24 32 38 1 50 47 7 1 48 36 
21 32 40 37 25 0 41 17 29 24 12 11 33 26 35 22 39 1 49 49 48 11 11 33 8 46 31 26 38 30 34 44 22 37 12 38 11 41 23 28 11 44 46 5 21 6 41 7 4 30 12 
47 8 3 50 26 10 0 49 32 42 44 16 29 49 40 18 39 46 14 48 11 49 28 22 38 4 15 6 13 2 5 25 23 9 19 38 36 20 37 37 28 12 9 32 34 46 15 48 16 3 17 
46 43 7 19 14 19 37 0 15 46 12 4 37 31 37 20 44 21 31 2 32 20 10 28 20 50 40 47 38 43 40 17 41 11 36 10 33 16 41 6 20 50 5 41 26 24 26 29 46 14 2 
45 17 15 21 48 36 16 38 0 19 24 23 49 23 7 45 14 26 45 27 38 28 30 26 33 33 16 19 2 46 24 12 1 25 41 45 1 27 41 38 24 17 29 22 32 47 1 32 34 31 11 
50 34 19 27 25 15 42 32 38 0 33 18 14 42 45 13 22 25 33 13 45 38 36 8 4 21 50 9 44 36 33 34 35 22 35 25 28 33 48 16 30 9 45 3 6 7 3 37 27 20 26 
26 49 22 37 23 14 27 16 7 25 0 7 49 47 5 49 33 43 7 21 35 39 28 17 33 36 43 33 2 47 18 13 32 24 10 8 35 14 35 13 12 2 18 41 41 24 10 49 49 8 25 
11 30 7 36 37 48 32 40 1 31 31 0 25 19 39 13 25 25 37 48 14 20 8 45 10 33 21 37 27 10 27 45 35 45 23 8 34 25 38 24 10 4 24 35 32 31 27 50 3 29 49 
35 12 2 44 5 4 35 48 4 16 11 6 0 31 25 36 47 31 47 32 30 1 38 14 38 11 46 23 13 29 6 22 35 48 11 42 33 34 1 18 5 49 27 35 8 50 48 44 11 47 35 
47 3 22 50 49 48 49 14 34 10 31 22 20 0 48 45 27 9 20 34 3 13 30 29 28 31 24 3 7 39 14 2 13 17 45 9 20 14 49 13 44 35 20 18 9 24 27 8 38 14 23 
39 25 28 45 22 17 24 44 19 26 46 43 26 21 0 8 18 6 25 39 25 14 11 8 40 19 44 13 21 4 5 16 15 43 16 25 28 36 23 24 42 46 20 30 38 48 42 45 48 1 7 
21 34 49 39 10 29 17 38 26 29 5 4 41 15 10 0 32 50 10 46 31 32 34 2 47 30 45 31 21 43 28 49 16 20 47 34 32 16 5 7 46 11 49 47 45 38 42 29 16 28 17 
42 35 2 21 25 38 33 3 9 16 49 47 45 49 30 39 0 34 44 31 29 16 46 3 1 21 34 37 7 10 38 16 15 43 26 36 15 15 50 23 46 50 14 46 42 48 14 4 49 16 49 
9 36 36 50 2 47 32 1 1 42 2 26 44 22 50 34 4 0 19 13 16 25 35 22 35 29 2 50 12 3 7 30 38 42 11 30 30 30 44 25 40 33 14 50 31 45 25 21 25 42 15 
11 35 36 50 25 24 15 1 21 50 47 21 48 45 12 14 34 33 0 43 21 4 10 45 24 34 11 36 41 41 5 31 26 20 39 47 46 3 42 37 6 16 30 23 26 43 13 16 6 19 31 
41 39 32 22 12 1 41 12 17 14 39 24 10 17 19 22 1 10 48 0 17 12 43 47 37 5 24 38 19 32 21 46 31 22 11 14 43 44 49 28 46 5 41 25 24 17 42 21 6 7 22 
12 7 8 3 20 49 42 45 17 38 14 22 31 46 19 9 2 50 4 26 0 28 3 32 2 12 21 18 23 21 14 4 32 12 11 10 39 24 20 41 16 1 49 32 41 33 33 11 30 6 9 
40 21 3 32 44 9 25 6 41 50 31 20 25 4 35 32 11 21 37 30 36 0 33 10 38 25 29 21 42 20 29 10 39 18 12 24 33 29 31 17 1 14 18 30 42 35 32 24 29 6 2 
23 41 43 26 24 8 12 15 7 16 39 33 37 12 40 43 2 14 31 2 3 30 0 5 36 16 18 4 19 4 43 5 43 36 18 7 20 46 43 39 17 21 15 24 2 13 32 32 18 2 42 
31 11 48 5 49 44 37 7 10 7 4 44 12 14 11 46 48 19 6 20 48 9 25 0 14 32 39 6 3 24 35 36 36 17 12 12 45 45 32 20 13 34 39 33 33 13 27 4 10 42 18 
34 14 13 32 45 23 37 34 23 11 38 34 34 26 21 18 28 50 2 16 1 16 50 43 0 37 9 27 43 2 5 36 46 12 7 1 23 24 35 17 40 9 11 9 10 26 1 6 8 12 45 
50 4 8 26 17 19 15 20 46 37 46 44 33 18 25 42 22 27 25 48 45 43 34 13 8 0 40 7 40 17 37 3 20 31 8 6 32 38 37 40 33 9 4 40 30 45 15 29 41 35 35 
29 30 33 15 50 7 21 46 18 28 12 25 4 9 35 27 14 26 13 43 4 36 38 43 40 41 0 3 4 18 44 11 16 6 33 9 24 37 17 8 49 12 43 19 13 21 35 1 31 46 18 
1 4 29 42 31 43 42 40 25 9 5 17 28 25 17 47 20 21 1 12 40 48 18 14 32 12 18 0 25 23 6 41 22 8 1 43 8 38 14 2 16 32 47 42 49 45 46 15 45 46 24 
16 30 31 35 28 4 37 15 11 20 26 18 18 20 19 33 9 28 32 10 10 6 19 36 30 43 6 19 0 20 37 48 23 29 49 41 11 42 24 23 40 22 23 4 33 40 15 30 23 31 12 
37 37 13 37 15 10 12 45 5 36 48 18 45 25 23 3 39 20 30 8 42 36 6 43 38 37 3 37 46 0 16 14 34 39 9 50 11 11 42 34 31 50 47 20 38 42 5 28 29 11 37 
26 11 44 23 21 2 32 20 50 29 8 26 50 39 22 15 29 37 25 13 43 47 36 49 9 45 16 18 2 34 0 9 24 27 9 41 3 41 17 38 49 30 41 43 6 24 25 48 31 16 27 
26 42 5 49 45 29 25 45 15 26 36 14 19 16 21 34 50 41 49 19 24 13 50 27 34 3 5 31 26 34 48 0 36 3 25 8 18 20 28 15 12 29 46 2 12 14 16 22 27 35 40 
26 7 32 47 4 14 42 29 16 42 25 45 20 31 29 50 12 45 9 3 15 22 26 38 41 28 11 38 13 18 31 28 0 46 36 9 41 5 6 22 45 26 41 13 23 37 34 27 21 34 14 
5 28 19 33 25 5 31 44 6 26 3 5 16 48 12 48 49 35 23 38 45 6 24 15 28 24 9 4 2 8 2 41 5 0 50 14 4 10 14 11 5 11 12 50 46 42 21 26 16 12 40 
35 43 48 46 19 49 5 5 5 1 47 28 42 49 24 13 1 17 35 9 38 36 24 19 28 34 6 28 23 7 49 43 42 13 0 23 10 43 9 31 15 49 6 9 10 8 33 20 2 23 30 
21 10 32 4 2 50 19 30 19 36 43 28 32 48 3 4 36 30 27 15 20 43 37 20 10 33 27 14 11 45 15 5 6 44 37 0 40 12 39 11 23 41 14 40 46 22 22 24 11 8 5 
48 40 25 8 10 29 24 12 44 19 23 6 19 25 21 39 22 39 12 14 42 47 20 4 24 7 3 41 49 38 10 16 7 7 47 26 0 30 48 34 8 17 1 46 42 50 36 45 15 25 34 
50 36 49 44 13 1 21 22 35 4 26 33 14 6 10 7 49 13 28 46 9 25 5 5 48 42 2 28 4 39 12 39 16 16 39 24 18 0 13 44 47 5 9 14 31 32 35 38 40 32 43 
38 33 37 30 25 25 31 45 47 22 50 44 18 46 42 38 17 48 18 36 40 36 19 32 41 1 12 25 24 14 5 12 46 12 2 29 2 37 0 41 14 44 23 17 23 48 12 42 18 39 44 
18 40 23 47 3 2 14 6 39 25 14 6 22 34 17 38 48 7 45 13 37 30 8 4 43 17 20 47 35 29 9 45 37 30 46 16 40 50 9 0 50 15 46 48 17 1 39 2 33 6 10 
15 35 23 26 7 39 33 19 5 37 33 18 22 10 16 20 19 42 39 2 49 49 49 45 49 41 33 41 4 4 16 37 41 25 15 24 22 12 23 8 0 33 21 46 22 18 48 25 38 2 32 
20 10 45 4 12 16 37 29 28 16 6 42 16 1 21 46 27 47 46 42 48 8 20 32 20 28 3 27 28 1 17 45 40 23 35 6 43 37 13 49 38 0 44 35 7 2 41 6 46 2 23 
21 28 43 10 34 12 41 13 35 34 13 11 1 27 50 12 3 43 17 16 3 40 35 47 5 5 24 13 31 29 23 8 25 5 31 39 3 31 40 23 15 31 0 3 29 36 27 43 8 7 40 
39 13 29 37 21 31 44 47 5 30 39 29 33 7 12 6 36 47 47 12 10 23 4 44 1 23 38 6 11 28 12 17 6 41 40 10 29 39 35 50 45 6 26 0 10 35 37 48 46 17 31 
42 47 12 46 31 17 10 36 36 48 44 39 37 27 18 22 23 42 17 3 27 47 12 48 18 4 47 44 10 15 25 42 39 30 37 16 6 11 11 24 50 44 4 37 0 7 7 20 49 43 13 
14 6 29 15 5 45 35 14 29 27 20 16 27 22 24 2 50 7 41 3 17 13 32 44 3 33 44 25 42 11 34 49 2 47 1 19 14 24 25 42 31 42 33 34 4 0 35 17 32 14 5 
7 13 9 40 46 2 24 36 13 22 2 11 23 18 43 22 15 31 21 5 38 26 33 49 22 26 31 49 40 19 17 12 11 37 5 21 41 12 1 50 45 28 12 4 40 21 0 19 15 41 33 
21 37 12 9 17 31 31 10 19 21 22 26 46 45 6 41 50 37 14 22 32 3 30 22 10 11 15 29 10 2 8 16 9 7 49 30 1 2 20 24 41 32 44 31 29 20 33 0 17 48 50 
21 32 2 19 2 18 8 40 50 7 17 2 1 17 14 6 18 40 47 27 41 48 18 40 32 50 9 50 44 41 28 48 32 10 32 26 14 40 5 31 22 11 3 13 8 39 32 28 0 18 23 
3 43 21 21 9 24 15 13 37 2 9 8 46 9 29 19 21 41 36 38 43 28 35 16 5 30 45 5 32 44 19 32 33 22 38 36 27 11 1 9 11 1 4 4 22 14 16 45 34 0 40 
18 41 42 30 30 26 9 5 17 30 29 11 31 43 33 27 26 25 21 44 42 10 40 28 28 42 25 32 45 41 15 1 21 43 27 29 41 3 42 13 27 23 45 22 30 1 21 11 21 46 0 
39 0 41 24 40 48 8 2 15 3 39 2 28 11 26 15 28 40 39 17 5 37 24 33 8 18 20 16 18 48 27 22 14 11 50 3 24 28 32 45 19 27 26 1 4 12 50 12 19 7 2 
12 32 0 44 16 9 16 9 16 23 29 43 35 17 26 17 38 17 12 23 42 1 9 44 49 29 11 23 29 47 18 8 47 11 46 16 40 20 46 41 38 16 12 9 17 26 43 10 25 38 25 
33 50 46 0 16 2 4 39 46 38 49 43 30 20 5 21 46 24 22 11 28 19 22 22 36 26 39 50 27 23 37 2 48 42 22 36 9 1 46 45 13 1 24 8 43 46 36 43 4 47 31 
19 39 15 11 0 7 12 29 11 40 13 4 12 24 2 47 45 38 48 20 13 45 29 27 49 27 45 14 30 40 40 47 47 31 43 18 14 34 32 16 24 30 41 6 32 9 40 1 7 46 1 
49 45 34 35 36 0 41 12 16 34 12 48 50 21 50 16 7 32 32 34 34 12 7 32 47 33 5 23 46 40 38 44 7 34 40 42 3 13 47 7 27 2 18 48 4 26 31 20 6 17 3 
8 20 23 12 40 43 0 13 38 2 31 18 17 27 47 19 41 16 32 9 14 44 35 25 7 33 44 9 28 21 2 36 18 29 38 30 25 35 23 1 50 40 26 45 27 10 36 41 1 36 35 
15 38 48 3 9 24 45 0 16 30 46 34 36 18 1 45 1 38 40 18 44 7 44 32 9 25 19 40 49 48 47 3 8 43 36 37 48 21 27 30 7 31 19 43 5 17 4 8 45 32 9 
49 2 33 43 29 22 7 39 0 28 40 34 46 19 33 43 26 44 32 14 48 31 12 11 12 14 39 1 27 43 21 11 46 18 39 49 2 26 50 8 16 41 32 49 40 24 35 1 11 12 41 
11 27 32 35 29 38 42 22 30 0 40 21 31 47 8 29 38 29 30 35 42 1 44 25 48 7 49 13 21 39 29 39 41 15 2 10 35 14 33 11 12 10 4 21 18 46 11 36 42 12 36 
6 21 26 20 41 18 2 35 29 31 0 25 21 33 1 2 30 16 45 48 44 24 47 20 24 33 47 23 7 3 46 13 22 10 4 24 18 16 46 12 43 34 30 5 30 37 40 22 21 17 16 
45 42 44 18 12 10 2 2 38 44 45 0 45 32 33 18 4 12 30 27 34 15 21 33 5 11 45 42 40 38 44 26 3 41 37 1 22 28 43 42 15 17 14 8 18 49 39 48 23 12 34 
29 42 44 33 1 25 9 40 7 17 18 12 0 15 45 19 42 4 45 32 47 26 19 38 13 18 2 14 15 7 23 47 19 28 4 16 34 10 9 37 27 13 39 36 25 47 5 49 13 50 7 
35 3 42 16 8 10 4 32 16 50 12 44 33 0 35 21 49 34 12 30 35 33 46 9 5 35 38 33 13 16 13 3 1 16 50 38 44 28 13 46 6 31 29 43 38 16 19 6 2 5 48 
22 38 34 16 25 40 45 37 32 21 27 41 16 4 0 47 11 29 34 47 27 22 22 16 24 5 4 3 22 40 16 32 31 9 18 41 16 18 50 26 49 50 41 32 26 29 40 13 40 41 5 
41 23 6 29 27 1 23 10 12 21 37 23 48 16 40 0 46 33 48 13 31 44 29 9 49 27 31 40 41 46 16 42 13 31 36 26 10 26 31 42 41 44 9 39 5 12 28 44 16 36 33 
7 16 28 10 12 12 14 8 2 47 11 33 14 47 30 24 0 42 13 41 30 21 3 7 22 38 36 40 4 37 50 37 25 5 13 9 27 36 21 24 14 46 19 29 45 31 12 45 43 26 39 
36 32 25 7 13 5 9 6 23 26 22 11 21 2 10 36 28 0 2 38 4 39 21 39 27 34 2 24 12 42 27 41 48 29 49 15 6 50 48 50 5 18 30 49 48 42 36 48 28 36 45 
34 43 6 22 50 15 44 48 24 11 31 47 15 46 36 25 32 23 0 38 5 37 31 2 33 36 10 23 41 36 48 4 47 27 48 44 49 42 7 49 50 12 3 25 40 24 22 15 4 13 18 
5 26 40 32 9 3 41 23 37 41 43 4 13 26 7 35 20 18 2 0 38 33 26 25 39 43 35 6 13 10 15 45 19 28 18 44 29 7 46 39 41 8 20 20 8 8 9 40 50 33 40 
2 48 2 26 35 29 1 2 39 25 48 29 14 23 46 24 26 45 32 29 0 29 25 29 12 30 14 6 17 31 34 45 7 31 20 13 48 18 2 34 15 28 5 7 15 44 30 7 48 12 34 
34 45 18 5 12 28 19 41 46 22 24 35 21 5 30 42 48 44 11 49 7 0 24 12 18 1 24 18 14 18 1 7 9 5 48 1 1 39 27 9 36 29 28 7 13 41 44 35 2 36 3 
32 13 38 14 27 10 34 50 5 38 10 6 23 45 15 16 30 24 5 30 3 22 0 35 25 21 30 18 49 27 7 40 16 29 16 20 45 21 42 21 41 17 39 22 22 26 24 5 12 49 26 
15 12 48 6 50 10 29 13 43 48 43 36 24 48 49 45 27 7 26 21 45 38 3 0 14 14 14 50 14 50 48 25 6 50 2 43 28 19 24 16 10 16 9 50 23 49 32 16 25 23 32 
47 49 37 29 31 27 9 34 43 37 11 15 14 45 24 38 36 23 6 21 27 4 41 16 0 5 37 39 30 16 33 48 26 42 18 2 26 20 22 21 16 20 35 31 30 50 2 45 5 50 12 
46 44 19 2 6 44 8 21 25 44 38 30 18 11 39 35 24 46 44 48 18 15 2 40 2 0 42 23 12 17 4 42 35 30 5 37 5 7 40 13 8 19 49 48 27 29 40 17 21 41 16 
28 49 11 3 44 32 43 30 50 14 21 47 5 21 2 4 50 14 24 35 28 34 34 37 30 20 0 17 25 12 13 25 2 21 2 26 44 24 28 12 5 13 28 40 49 37 22 45 27 25 25 
41 4 48 7 38 45 16 25 23 25 15 18 19 38 39 20 27 4 46 9 30 22 3 19 23 1 44 0 35 50 8 26 41 50 37 23 22 5 15 14 32 28 50 6 37 41 45 10 3 11 18 
46 41 31 16 46 19 2 29 34 37 1 31 26 16 50 25 18 32 16 17 16 12 40 15 32 30 17 16 0 29 28 42 42 25 32 13 35 10 34 41 4 21 26 31 27 31 47 25 40 38 16 
27 28 37 44 3 34 1 17 35 16 2 37 50 6 46 9 7 44 4 15 15 34 42 12 47 40 31 13 34 0 35 6 27 28 13 2 14 6 31 30 29 34 44 50 26 2 35 26 26 32 23 
41 31 37 23 2 43 37 25 47 14 4 39 33 1 10 25 9 38 5 33 4 26 15 26 32 22 35 16 11 13 0 14 6 32 12 44 26 41 5 12 9 27 32 35 17 25 46 11 49 16 28 
26 39 21 49 20 15 16 12 42 31 8 21 15 35 50 48 7 22 7 35 35 5 27 46 6 23 42 49 1 37 11 0 37 1 34 38 25 35 33 43 30 10 29 13 31 1 7 17 1 17 28 
39 39 42 31 43 22 13 25 44 47 24 18 12 6 20 22 21 32 47 25 14 25 30 28 25 6 42 46 46 50 6 42 0 33 24 48 22 45 20 41 17 13 10 40 46 6 42 18 8 12 30 
37 36 4 42 14 15 10 15 7 37 30 17 30 45 42 33 36 39 8 48 27 1 41 31 13 4 35 34 22 34 38 34 34 0 17 13 20 38 41 10 34 13 31 14 4 37 46 30 45 4 24 
7 30 1 15 3 36 45 23 30 10 30 27 43 23 49 46 34 14 32 23 45 45 29 24 36 47 38 37 44 17 25 40 30 48 0 27 9 34 20 14 28 25 15 12 50 4 36 38 41 5 41 
13 17 14 32 29 12 1 27 30 6 49 9 29 13 36 40 47 45 47 41 13 15 50 5 48 30 33 30 20 50 10 47 33 4 4 0 8 27 49 19 16 8 7 40 9 29 17 36 50 15 15 
40 43 45 15 29 49 17 10 35 50 29 22 8 30 46 2 26 26 9 28 14 49 26 32 33 6 25 42 26 31 45 34 16 6 10 18 0 3 18 25 6 41 18 14 20 37 37 50 11 13 27 
41 10 41 37 1 42 17 14 32 24 25 26 34 4 6 45 7 2 21 29 50 9 2 4 37 47 35 7 45 47 6 14 29 49 40 35 44 0 30 6 19 2 39 37 2 31 16 34 11 15 42 
31 49 40 35 28 33 9 37 50 4 8 11 19 35 18 11 47 35 14 21 2 28 47 3 27 11 22 1 24 22 13 24 42 4 17 8 24 45 0 22 8 26 8 30 2 11 42 21 3 34 20 
19 49 47 45 41 4 3 38 8 17 12 8 14 28 41 34 19 16 18 11 37 3 14 7 45 44 48 45 42 36 41 20 17 4 4 14 28 48 13 0 14 6 37 38 5 46 18 44 3 11 27 
23 6 35 24 34 17 36 40 50 47 6 8 47 22 27 43 42 11 25 28 7 22 3 5 5 1 15 9 11 27 50 45 34 15 13 35 35 43 21 37 0 29 38 49 17 8 48 40 16 29 4 
27 34 29 34 21 2 4 31 19 33 2 27 30 23 47 12 24 32 9 42 8 49 40 38 49 20 24 36 47 8 11 49 31 7 1 16 17 1 45 12 32 0 5 25 38 36 2 8 26 20 47 
24 8 7 37 47 29 44 41 35 2 29 18 34 12 22 3 47 23 22 31 45 24 38 48 11 3 25 3 3 48 12 48 17 1 34 4 43 44 11 22 22 26 0 16 43 34 15 22 13 16 33 
5 36 5 39 2 1 20 10 27 45 5 42 39 38 41 31 1 33 29 19 11 4 13 1 9 20 8 46 14 46 31 12 37 20 43 27 44 28 49 33 34 33 17 0 16 18 31 38 29 3 3 
14 39 34 48 22 2 23 4 30 33 44 25 46 31 14 43 5 19 45 14 38 24 34 47 36 29 37 47 33 29 32 30 43 12 33 42 29 40 48 42 4 40 49 17 0 40 9 37 36 3 26 
26 19 34 39 15 41 6 38 13 44 15 27 22 2 1 14 33 35 49 22 15 16 22 3 11 49 26 18 7 27 42 2 45 8 3 14 47 4 47 43 37 41 27 5 28 0 28 18 47 16 26 
27 3 38 31 12 10 47 31 29 17 16 38 31 36 3 13 32 15 49 37 18 29 39 7 35 24 39 18 26 34 31 29 2 32 1 40 15 14 47 44 17 16 26 30 28 49 0 10 42 3 15 
46 4 48 30 9 48 14 32 46 38 21 30 6 45 37 37 37 50 35 13 49 19 19 6 20 2 3 9 30 37 15 48 15 11 38 27 31 23 23 4 26 33 18 9 23 38 11 0 31 44 41 
13 10 8 40 17 28 36 43 10 7 45 5 2 10 23 24 15 45 8 10 7 14 27 31 37 16 1 10 34 33 42 22 16 39 24 5 40 26 45 10 42 39 14 17 9 21 31 9 0 37 49 
23 16 24 34 34 49 33 27 3 1 28 26 9 27 15 23 40 13 37 18 35 40 1 48 19 19 1 11 23 16 35 43 24 36 11 26 49 32 5 25 23 13 23 44 33 16 30 37 2 0 36 
32 19 22 19 14 33 16 26 16 16 49 23 5 37 16 35 3 24 16 40 25 8 9 12 46 22 17 7 15 3 39 14 9 37 35 17 21 6 22 28 11 23 17 40 26 50 9 36 29 48 0 
14 0 7 21 13 12 24 10 10 23 43 16 9 12 14 28 36 15 18 3 49 15 48 2 39 29 2 42 19 37 46 13 32 29 17 40 33 43 46 26 12 7 11 33 30 13 2 12 4 12 41 
36 41 0 34 30 34 16 5 33 34 10 33 42 24 28 30 35 30 45 24 45 43 19 43 42 42 4 15 23 26 28 41 39 7 46 11 23 48 50 34 24 29 10 12 16 29 16 38 6 50 28 
22 18 30 0 18 48 17 48 43 38 30 1 33 7 7 20 44 35 28 17 8 38 31 11 1 17 34 8 28 13 27 17 10 23 49 6 23 10 40 48 44 25 5 12 4 23 47 3 6 47 36 
32 10 39 43 0 40 42 7 29 2 15 10 21 31 12 14 42 10 9 2 47 35 45 31 24 34 33 20 7 28 21 31 3 31 28 45 8 22 31 9 15 16 31 39 33 35 4 25 1 41 32 
37 45 5 50 1 0 37 29 16 10 8 23 50 2 31 35 7 40 4 17 6 20 30 50 37 31 5 7 48 39 30 9 19 17 47 34 37 49 32 27 8 29 7 22 2 43 17 30 8 49 28 
14 22 34 35 12 8 0 45 18 20 47 31 32 27 30 49 4 34 5 47 49 9 9 27 10 28 14 8 48 45 15 25 49 50 11 17 37 36 32 35 27 42 32 13 31 27 47 30 43 3 40 
33 25 11 1 20 5 45 0 24 7 49 50 47 23 5 22 32 33 17 13 13 18 3 21 21 7 28 47 47 33 31 34 16 46 6 33 1 38 50 42 13 43 12 25 36 28 45 9 8 9 45 
15 14 30 41 22 31 5 41 0 44 42 9 49 42 27 15 34 2 17 23 22 44 34 25 1 20 7 28 35 44 13 20 39 38 38 17 21 37 5 35 3 47 48 6 1 4 44 21 49 21 44 
44 42 36 38 1 32 39 30 21 0 16 3 20 47 32 23 20 12 4 10 45 48 47 33 21 26 47 28 25 47 27 36 29 15 50 19 28 4 50 37 35 33 8 35 20 50 27 1 25 28 35 
32 17 39 27 47 47 10 16 13 5 0 5 14 33 44 30 24 6 48 13 46 17 13 17 25 13 40 13 14 21 49 46 3 47 13 46 20 41 39 3 23 18 38 37 33 31 19 26 41 40 26 
22 4 13 33 18 20 50 14 15 8 34 0 47 46 15 10 2 18 20 49 11 34 18 45 40 28 30 26 35 45 44 15 23 24 45 28 43 41 15 45 26 20 27 24 46 40 21 43 23 23 30 
2 6 42 30 43 5 10 23 5 39 45 16 0 20 21 43 11 23 1 37 18 11 4 26 24 41 7 44 49 1 8 37 3 12 15 43 10 32 44 2 23 34 19 10 7 31 5 7 4 4 29 
48 42 36 6 19 49 30 19 39 36 11 11 22 0 48 2 43 4 5 28 34 30 30 49 15 34 43 44 20 43 37 1 40 46 23 10 46 17 6 47 45 30 14 6 17 12 23 47 12 5 39 
1 3 27 21 49 19 43 22 22 27 5 11 26 3 0 36 22 16 50 39 7 27 48 9 34 4 17 25 33 3 12 47 32 15 4 36 48 14 26 24 41 3 45 34 21 40 19 38 4 31 41 
8 47 24 49 13 4 44 43 17 33 45 11 20 11 30 0 24 46 23 17 38 9 41 27 49 4 32 14 39 44 36 30 21 2 12 5 1 9 17 42 33 4 21 9 41 46 43 25 24 41 17 
23 16 37 43 33 17 20 26 45 31 40 6 49 31 4 24 0 9 9 6 30 16 30 31 34 35 38 32 36 3 11 8 41 49 28 13 14 35 10 30 38 31 33 23 12 43 49 22 29 38 22 
35 17 18 11 2 44 35 3 9 45 36 35 23 35 24 50 8 0 22 18 40 40 49 29 19 50 33 8 20 42 36 16 4 49 31 26 41 23 38 26 20 29 32 1 35 3 47 10 39 39 44 
42 50 11 48 33 36 38 50 12 20 37 16 12 24 30 32 36 43 0 9 33 28 20 47 49 11 9 49 45 16 3 23 19 32 48 45 16 43 2 49 41 4 24 26 7 34 14 20 28 6 21 
11 18 30 6 17 22 4 13 37 25 38 44 34 9 47 18 35 14 29 0 14 40 35 44 19 30 4 45 40 16 48 39 21 40 45 42 5 39 26 32 24 12 31 15 25 3 10 40 17 10 16 
29 6 50 42 32 27 25 12 27 13 27 15 47 40 36 18 4 39 17 42 0 29 10 32 6 2 9 20 19 16 20 15 28 30 50 19 33 22 48 14 16 31 28 50 20 47 48 34 26 39 36 
6 1 1 19 38 20 24 44 40 23 7 6 47 7 48 50 35 48 21 3 46 0 6 26 2 12 2 10 13 9 5 25 45 31 31 14 15 28 12 13 50 10 28 9 41 9 26 32 43 23 47 
13 37 6 37 40 1 26 49 7 36 10 12 36 36 48 13 26 16 43 34 23 24 0 35 22 44 18 48 35 43 37 21 18 40 12 42 39 40 45 41 14 40 29 5 27 40 48 43 23 44 47 
50 16 50 40 25 40 2 35 43 23 3 41 7 21 16 43 23 24 44 10 23 32 26 0 30 44 45 20 9 32 47 26 25 42 46 37 5 18 1 38 3 37 6 2 19 12 49 23 34 11 47 
26 19 29 34 24 19 41 21 46 31 21 44 3 47 47 28 50 11 35 11 26 23 37 42 0 23 18 30 7 19 46 22 36 48 36 22 8 47 8 23 18 15 48 5 7 33 44 3 6 23 34 
50 12 50 50 22 4 32 38 12 6 40 34 2 1 9 36 46 17 26 40 32 42 39 17 46 0 28 18 30 10 30 16 25 35 35 46 11 36 48 15 18 26 10 47 17 29 32 46 5 49 48 
48 36 31 33 3 9 24 34 4 44 36 2 29 33 41 15 49 17 5 49 50 49 3 8 14 23 0 46 23 38 15 33 14 32 12 32 30 44 2 33 38 37 3 44 21 33 24 31 14 26 14 
34 29 50 50 48 50 34 24 20 30 13 2 46 40 12 23 20 17 2 12 21 47 35 18 12 48 5 0 32 26 40 42 32 48 24 32 4 14 32 15 32 46 21 33 3 25 36 7 5 10 10 
4 15 13 14 44 37 45 33 39 50 46 3 48 31 39 32 5 22 9 8 9 39 3 20 17 1 15 32 0 43 27 42 1 22 16 36 27 19 34 31 45 9 32 44 15 37 44 23 3 15 44 
32 35 46 3 1 16 13 44 48 43 23 14 40 13 9 45 31 33 45 12 13 21 41 15 49 28 45 39 34 0 23 28 12 17 50 46 7 5 20 16 20 15 26 37 38 22 46 42 32 6 42 
13 41 8 3 31 11 45 32 4 24 21 24 11 25 16 12 47 41 17 3 41 12 17 25 48 38 34 3 43 4 0 36 14 33 42 10 37 4 15 19 35 12 24 16 43 49 41 16 13 23 11 
49 2 15 3 2 2 24 34 6 43 27 42 39 1 38 8 42 19 15 30 8 33 22 33 41 17 46 25 27 7 23 0 22 31 33 5 34 50 31 41 9 13 21 10 27 9 21 35 15 5 42 
50 47 49 43 4 17 30 33 12 35 6 50 8 49 20 6 11 7 47 4 9 11 28 7 17 37 23 46 25 21 32 32 0 21 35 8 26 24 38 29 38 5 17 19 6 3 14 14 12 7 3 
10 29 19 1 33 39 20 43 27 18 45 35 9 42 3 25 30 23 41 44 32 24 28 9 50 42 43 22 4 4 23 12 39 0 22 11 4 14 20 3 19 7 32 12 12 44 20 9 27 4 29 
34 42 21 13 22 37 1 10 1 41 47 49 39 23 45 33 46 37 31 50 12 10 21 23 38 1 12 17 16 31 34 16 19 26 0 21 32 41 27 1 25 4 4 19 12 23 8 43 40 18 11 
25 22 47 4 17 24 22 49 26 21 25 35 45 21 8 31 31 13 3 14 42 19 37 6 46 8 41 9 50 30 8 23 49 5 6 0 12 20 15 10 47 10 43 2 30 1 20 10 49 4 42 
28 31 37 4 20 6 35 41 9 9 33 13 49 46 13 2 36 40 15 47 12 16 4 6 4 49 18 8 6 27 49 43 6 9 2 28 0 37 46 36 50 27 30 7 1 14 48 45 6 17 50 
35 20 34 7 31 13 27 32 1 21 38 28 36 32 11 41 7 41 44 36 15 41 5 16 21 33 10 4 43 7 5 13 41 6 43 29 9 0 49 28 40 1 6 46 16 13 49 44 25 40 24 
41 5 12 32 35 45 16 19 37 49 3 24 39 44 16 26 38 30 40 33 32 9 13 5 36 10 46 39 3 22 39 36 15 20 17 1 1 10 0 21 49 14 41 12 30 38 28 17 2 50 37 
11 14 35 8 42 32 43 8 46 25 49 27 16 16 10 17 10 20 27 16 25 29 10 42 20 42 47 33 18 9 44 44 40 17 11 25 2 8 28 0 36 8 44 14 46 50 37 26 47 21 21 
19 47 26 35 13 33 5 43 39 1 36 10 41 38 32 6 38 50 5 36 16 3 43 42 8 32 15 14 43 33 17 1 13 47 41 47 18 5 5 29 0 20 9 19 28 50 49 3 27 15 44 
50 26 42 36 5 17 5 34 27 31 18 42 1 6 35 35 48 44 48 35 38 33 46 27 16 8 34 15 42 10 29 39 50 49 34 41 9 28 43 24 43 0 35 28 24 12 29 8 14 44 15 
1 10 29 30 7 17 31 16 20 48 34 40 43 18 2 29 42 3 23 44 27 21 2 24 43 4 6 22 16 37 50 20 22 27 9 20 11 21 43 18 10 43 0 8 45 41 3 42 11 23 33 
37 6 42 50 39 31 8 6 37 3 12 10 1 33 48 14 19 16 9 32 19 22 11 5 35 34 14 7 33 41 12 45 50 33 1 45 29 22 38 29 13 6 34 0 40 6 1 42 25 48 28 
34 26 2 41 14 16 46 37 16 5 18 1 23 47 41 17 10 19 33 3 36 47 28 31 20 14 38 21 50 34 42 39 9 6 7 37 44 9 19 35 50 42 7 34 0 12 12 33 38 49 40 
41 24 42 46 43 38 48 22 22 1 28 25 38 32 14 29 43 18 40 5 23 2 50 48 4 44 40 45 19 8 31 1 23 10 44 18 47 14 13 20 39 23 38 19 8 0 25 5 26 21 34 
20 16 49 44 17 40 25 44 42 50 48 4 3 14 20 27 3 28 38 46 32 29 5 20 17 1 14 31 41 30 40 15 25 36 39 16 2 29 44 5 44 4 23 14 23 36 0 20 25 49 31 
23 27 38 25 2 41 11 29 27 17 27 44 4 13 10 33 29 18 25 5 26 24 35 34 3 29 7 42 48 32 31 39 33 10 7 13 27 50 34 48 5 24 3 27 29 50 50 0 10 4 40 
7 3 50 44 6 49 43 5 23 24 35 20 31 46 36 38 12 45 6 48 6 29 34 28 50 2 22 8 5 3 29 47 38 9 25 28 39 39 4 9 21 23 27 11 13 36 43 7 0 41 41 
38 6 5 7 34 28 19 23 44 5 28 35 50 20 45 39 33 23 21 9 50 24 42 48 28 34 3 24 15 15 10 15 17 15 16 24 42 32 25 48 10 16 45 50 31 36 23 8 16 0 24 
3 20 37 33 42 15 14 8 30 1 26 45 9 30 45 14 19 36 5 21 48 1 49 24 49 34 30 43 17 42 12 45 9 41 12 40 28 34 23 2 10 35 3 25 22 15 8 16 5 18 0 
18 0 37 3 45 27 3 21 14 35 8 35 22 41 38 40 31 36 18 18 6 36 35 13 3 11 13 49 25 2 34 26 14 39 50 25 25 43 15 15 10 19 15 50 15 17 39 44 15 36 41 
29 41 0 49 50 33 33 24 1 34 14 4 47 12 1 33 21 34 42 13 15 39 22 4 8 37 21 36 49 37 23 20 35 40 11 5 36 16 40 18 43 1 43 31 1 7 23 3 50 33 46 
6 3 3 0 21 3 8 38 41 13 12 48 26 14 11 45 19 8 2 46 47 6 45 25 21 15 47 42 3 1 14 19 37 16 41 18 18 33 19 9 48 49 26 27 6 45 25 29 20 6 38 
15 2 4 36 0 41 11 28 32 6 6 17 35 41 49 43 12 11 24 44 28 37 40 43 48 49 30 19 19 26 41 19 22 48 13 50 17 33 30 50 7 40 1 13 3 32 15 35 28 13 34 
15 5 27 29 1 0 26 10 6 38 11 43 9 7 16 38 45 37 28 50 27 29 31 24 37 38 37 27 40 17 34 46 42 7 42 26 14 46 19 12 24 8 27 43 40 15 32 45 47 16 37 
28 8 28 37 6 35 0 31 40 42 15 50 20 40 4 16 2 3 15 41 24 50 19 17 26 19 2 39 35 23 7 43 30 25 30 7 38 14 20 37 42 33 6 28 48 25 39 38 39 24 14 
29 30 7 42 37 10 42 0 2 19 4 46 47 18 35 23 20 45 10 48 28 38 34 28 49 42 45 41 20 2 31 15 50 12 9 28 13 23 33 43 48 47 13 2 34 46 37 39 43 25 5 
44 29 42 46 26 46 3 9 0 1 43 19 22 1 38 39 47 35 9 8 11 47 13 17 50 31 26 32 45 3 5 6 48 45 47 37 37 9 16 34 33 11 15 33 1 29 26 13 14 45 50 
2 30 36 15 9 32 12 42 15 0 1 14 8 6 46 37 21 28 4 2 3 38 20 26 26 1 33 30 17 22 6 14 19 50 4 4 27 13 31 39 6 25 18 1 33 19 3 10 37 14 9 
48 9 13 43 13 33 5 11 14 27 0 2 46 21 10 38 46 8 3 43 11 9 47 16 46 28 20 19 43 7 48 23 43 3 14 9 5 7 8 41 22 23 3 17 13 4 30 48 42 46 24 
45 7 45 3 50 1 43 17 15 43 14 0 12 4 16 4 10 43 8 2 33 39 50 12 22 39 6 31 4 43 49 23 28 48 34 4 16 49 1 14 8 12 40 44 49 8 11 49 1 10 45 
37 41 41 13 35 45 46 24 15 44 21 40 0 25 16 21 37 14 21 13 38 12 43 44 44 21 49 7 14 14 28 8 30 45 48 12 33 37 36 49 9 21 25 36 20 37 23 16 28 29 22 
48 29 39 22 34 45 47 47 42 36 39 33 10 0 37 37 42 46 27 4 39 50 29 23 4 17 37 7 25 7 49 34 29 36 43 31 29 41 23 15 18 36 40 45 13 21 39 16 50 33 46 
27 40 24 40 22 19 7 35 6 48 39 23 41 43 0 3 10 47 18 6 8 1 24 12 37 3 11 35 10 34 29 21 7 42 12 22 44 6 46 21 12 23 7 18 18 30 14 50 2 10 11 
42 48 44 25 46 4 28 38 38 12 35 47 1 28 27 0 32 31 30 21 9 5 2 48 44 36 45 7 45 8 40 11 33 50 24 37 24 13 17 16 18 16 19 8 9 27 27 6 41 42 49 
33 21 31 2 7 41 1 1 40 1 48 34 30 49 1 3 0 47 28 41 4 19 14 14 3 43 37 44 39 17 9 39 16 4 10 7 41 3 49 17 47 23 13 28 15 21 33 39 10 9 25 
30 28 50 38 30 20 7 28 9 20 47 13 34 32 13 32 31 0 21 43 11 1 49 11 44 31 6 37 49 33 11 49 35 31 43 29 11 17 16 30 37 34 25 41 48 50 11 30 46 3 39 
2 18 17 48 25 32 18 6 7 25 33 9 45 48 22 13 33 42 0 3 2 16 16 42 6 27 26 8 14 44 21 27 41 46 45 9 31 18 33 18 48 44 11 9 6 5 26 30 43 26 38 
29 39 44 2 23 37 27 12 22 49 24 4 12 37 48 42 13 1 40 0 42 45 50 24 6 8 6 8 36 1 2 47 16 39 7 43 38 48 45 23 23 4 6 11 20 24 40 49 22 8 13 
13 29 4 35 43 29 16 39 45 18 30 41 11 21 2 8 16 6 45 10 0 45 19 29 17 38 39 40 4 32 18 7 36 29 39 39 18 13 5 14 15 23 10 1 5 44 14 46 41 18 16 
25 43 28 48 19 45 1 37 47 4 39 12 7 27 11 44 12 23 32 34 46 0 12 43 31 38 36 19 24 23 24 44 49 36 17 44 15 8 32 21 45 18 26 8 10 26 12 3 24 45 50 
2 23 9 34 21 14 50 48 11 33 26 28 14 23 11 41 26 41 34 47 36 31 0 2 38 17 20 4 34 6 26 33 45 30 24 23 21 41 3 46 30 15 11 21 38 19 41 13 35 49 36 
36 13 41 48 14 21 22 22 18 1 10 17 43 35 1 31 48 41 1 40 50 24 45 0 4 33 26 11 15 19 27 8 20 35 21 41 20 5 33 10 2 50 20 35 46 21 48 19 37 37 38 
43 22 35 10 36 13 19 37 16 39 11 7 3 41 44 41 32 23 45 32 27 16 32 50 0 40 31 39 50 33 35 7 25 29 31 34 36 35 26 35 28 2 18 17 22 41 44 18 45 2 31 
16 47 42 6 12 28 41 35 20 6 24 20 4 31 32 37 29 22 7 9 6 7 38 17 31 0 9 49 10 9 47 14 45 48 3 19 11 33 23 20 7 45 50 6 30 5 32 14 37 40 5 
16 46 38 43 25 10 9 26 26 3 29 31 27 24 43 30 22 2 13 22 5 6 2 1 14 6 0 2 9 13 49 46 13 21 5 31 18 7 6 29 10 2 7 48 17 28 15 24 32 38 25 
11 13 24 19 1 11 44 38 30 19 8 1 13 28 8 17 11 23 43 25 24 17 23 3 20 48 9 0 35 23 50 33 21 21 39 39 33 39 2 5 21 24 19 27 10 2 1 45 21 10 12 
4 1 39 13 1 44 40 21 49 3 2 9 16 30 37 38 31 25 39 25 29 9 19 23 2 5 41 14 0 2 19 4 39 26 12 46 32 32 9 38 45 44 18 3 2 19 15 4 47 24 15 
21 20 32 36 34 46 33 17 12 47 4 27 20 30 50 14 34 5 35 5 7 22 38 45 32 11 6 18 4 0 37 2 44 41 37 49 34 7 40 29 1 50 16 48 41 42 17 48 24 2 5 
31 49 12 19 9 49 32 38 5 23 40 15 13 25 45 10 37 33 32 16 7 45 27 34 6 41 25 47 4 15 0 13 33 16 49 7 3 32 22 29 50 2 20 35 6 11 35 3 23 47 32 
31 15 42 37 48 36 23 28 14 18 25 36 35 41 10 8 50 14 18 42 28 15 5 32 14 38 10 21 24 21 38 0 2 1 22 35 48 42 30 1 21 31 4 9 12 26 17 36 45 46 4 
35 40 6 5 4 16 11 10 23 11 27 3 5 43 30 23 36 13 6 13 17 21 13 48 12 24 7 44 7 48 3 16 0 25 20 36 49 47 46 19 19 37 32 7 41 45 28 50 17 32 3 
32 23 39 34 38 15 27 8 43 30 10 18 4 26 9 11 28 35 7 32 26 40 45 37 26 35 14 22 3 34 25 41 12 0 4 16 30 27 42 33 22 22 39 3 39 10 20 29 32 33 34 
1 15 10 1 27 42 29 3 9 3 1 6 6 9 6 20 6 50 10 29 35 36 3 36 10 38 37 7 28 6 7 32 40 20 0 34 10 31 12 27 24 2 25 34 30 21 17 34 44 33 41 
14 29 23 4 49 15 12 25 41 40 6 23 25 3 47 20 16 37 26 46 39 45 23 36 28 11 3 24 15 44 4 43 24 37 43 0 28 10 36 21 19 48 7 21 38 19 30 50 32 33 2 
1 48 19 37 2 20 7 38 27 39 13 39 10 48 36 13 49 39 11 20 10 31 16 7 49 33 24 36 17 49 12 21 41 14 43 7 0 25 38 35 23 22 22 10 32 7 10 48 24 2 7 
32 12 22 14 42 21 32 12 39 20 47 21 21 29 28 42 48 47 6 30 38 11 4 38 49 39 21 35 1 39 36 1 35 11 18 50 50 0 28 22 22 25 14 49 16 27 1 2 32 5 15 
12 2 19 22 19 21 9 34 16 4 50 48 11 50 35 47 37 10 11 28 42 21 25 34 6 24 12 38 12 48 37 40 31 37 28 35 32 13 0 42 48 42 17 12 19 22 28 4 50 31 31 
14 42 21 27 23 41 27 35 17 45 9 21 22 18 17 11 17 24 23 1 15 24 19 14 36 26 9 6 13 28 21 13 7 32 35 45 20 4 15 0 37 8 48 47 47 39 22 45 45 2 12 
11 30 27 31 17 40 24 7 41 47 32 22 23 39 25 46 14 41 33 23 42 14 10 36 43 17 27 22 25 15 32 15 5 1 18 41 37 27 16 45 0 22 13 13 18 5 37 26 9 23 44 
9 4 12 30 21 48 21 42 38 50 13 2 33 27 16 18 18 22 22 34 10 38 26 39 1 29 1 43 31 7 42 19 50 32 7 28 3 25 31 20 21 0 46 39 16 32 20 31 37 2 38 
20 4 38 39 35 21 29 24 30 42 48 28 11 32 9 45 3 2 20 38 16 43 41 2 13 15 50 10 7 31 49 14 41 44 38 38 31 11 47 36 50 30 0 46 40 23 43 35 8 8 37 
18 30 17 14 22 27 14 37 27 21 22 19 17 49 43 34 38 18 44 21 14 43 5 35 39 37 47 2 29 20 30 43 3 20 14 20 48 27 22 11 25 45 35 0 27 15 31 13 48 47 40 
6 18 14 38 24 25 25 33 26 36 31 12 8 7 41 30 17 47 35 24 37 11 46 33 47 20 9 29 21 8 24 50 5 40 15 13 29 16 47 39 45 15 2 36 0 31 13 38 29 36 35 
15 17 13 24 3 45 22 31 42 5 17 47 13 18 13 31 8 18 42 29 1 2 50 46 29 22 10 10 3 34 32 31 43 36 44 7 37 32 38 21 41 49 25 43 23 0 48 3 35 24 50 
6 21 37 7 34 14 17 17 45 31 36 13 29 8 23 37 5 27 25 6 45 27 31 22 39 3 28 7 24 31 20 26 37 3 29 12 44 36 2 30 41 20 37 7 35 29 0 21 17 21 37 
44 26 10 18 6 29 41 16 19 32 37 10 44 15 12 11 26 26 30 12 43 19 26 45 16 25 41 24 37 11 33 11 37 38 37 44 16 20 47 50 22 29 18 21 44 31 27 0 22 46 25 
3 45 38 9 44 26 1 16 2 32 39 17 29 9 50 26 24 7 28 18 46 7 29 30 41 15 1 5 2 36 49 19 29 12 9 38 24 28 44 12 44 50 18 16 12 5 50 10 0 21 18 
8 20 45 28 30 46 16 8 19 30 25 46 14 17 34 20 39 18 1 12 3 46 13 17 25 46 40 14 19 36 15 42 35 35 29 29 25 1 33 13 22 16 10 15 37 48 36 2 32 0 42 
17 33 10 10 15 12 7 29 4 35 7 3 39 33 16 33 12 30 39 6 46 38 36 38 41 37 37 49 30 28 10 39 32 28 20 32 33 25 20 17 22 47 48 48 7 20 28 27 49 4 0 
36 0 7 13 27 46 30 48 22 19 29 26 9 49 26 25 19 21 12 14 34 1 37 11 22 34 50 40 38 32 22 10 10 50 26 42 4 26 6 32 40 35 11 7 42 42 14 48 22 24 39 
49 17 0 13 16 4 50 46 42 43 47 40 11 41 48 19 16 9 23 35 21 43 16 30 24 50 40 31 20 31 21 2 18 14 43 24 44 47 35 23 43 8 34 13 36 50 25 20 9 23 26 
5 25 38 0 3 46 33 37 40 17 14 19 27 12 22 46 23 47 48 25 26 19 24 1 43 13 10 4 45 24 26 20 23 47 5 16 27 31 12 48 41 7 8 19 10 24 32 23 41 41 28 
28 23 34 47 0 7 32 25 45 40 36 29 43 16 41 44 47 31 7 7 19 43 35 1 34 20 11 6 42 20 32 37 13 4 47 48 48 39 1 49 35 3 36 22 12 13 14 43 28 16 28 
2 17 35 22 36 0 43 22 1 27 46 26 34 26 9 50 17 39 19 44 46 9 30 8 22 17 7 14 39 22 7 19 29 26 43 31 20 29 33 12 5 26 39 24 3 10 19 11 14 13 47 
25 24 34 20 19 22 0 9 13 6 29 30 34 29 20 28 48 8 34 28 30 38 7 8 39 20 20 7 6 13 48 47 1 27 26 33 45 45 6 24 10 11 16 28 33 26 43 10 4 25 13 
12 27 36 33 9 18 17 0 45 50 50 16 4 1 8 33 30 8 3 38 33 3 2 11 19 19 22 30 26 14 28 11 3 31 1 37 21 15 44 18 16 29 50 7 25 44 8 16 21 1 47 
36 8 17 43 10 10 17 17 0 15 37 39 41 32 23 40 14 24 50 21 13 15 15 36 23 5 3 46 37 25 12 6 10 25 18 43 4 36 39 41 28 5 48 29 31 27 38 19 34 36 31 
35 16 50 39 32 22 22 45 38 0 8 14 30 42 4 31 30 17 15 31 37 28 35 10 44 9 18 36 6 46 17 35 13 2 45 27 41 10 37 36 22 32 41 1 34 14 25 6 26 50 48 
22 5 4 49 4 50 7 7 31 15 0 36 17 50 22 24 2 29 48 27 41 20 30 29 10 5 38 35 27 30 34 12 10 6 49 46 30 9 3 42 28 34 4 7 22 36 16 42 30 10 13 
47 9 50 9 28 42 26 45 45 16 15 0 31 27 47 4 26 11 2 27 44 43 26 7 49 8 17 24 8 24 39 47 6 17 18 38 4 11 48 21 4 5 15 8 26 13 3 28 10 19 10 
6 40 3 17 20 21 2 1 1 12 19 19 0 21 6 20 10 15 9 10 1 16 13 31 23 40 28 18 31 36 6 39 15 39 15 34 7 3 1 48 17 2 11 47 10 36 36 45 3 6 4 
39 19 50 19 45 43 9 30 28 43 3 21 15 0 46 23 4 30 6 23 14 7 15 12 43 49 5 17 22 38 4 34 16 26 33 18 21 15 21 21 41 48 23 23 6 15 31 47 2 37 32 
7 39 30 43 48 24 7 8 20 40 27 37 43 24 0 10 37 46 33 29 2 40 9 36 32 16 35 42 6 29 19 9 16 36 7 48 45 36 33 36 44 14 7 2 31 15 12 31 50 47 28 
35 14 23 35 42 48 4 49 28 13 33 2 30 2 31 0 12 2 36 27 15 1 14 47 36 38 33 8 5 18 5 4 43 9 1 34 45 43 1 16 50 41 38 5 23 12 13 28 50 50 3 
10 45 23 32 28 22 17 38 47 9 40 49 32 24 10 41 0 43 29 18 37 20 1 21 27 25 14 9 25 24 26 5 8 5 15 45 9 20 28 24 13 28 6 4 7 11 42 7 32 13 22 
20 50 33 14 34 9 25 46 8 15 13 43 14 22 4 32 45 0 17 29 1 21 16 6 6 9 15 48 15 17 33 7 28 12 3 6 6 26 42 32 36 35 25 20 10 50 36 42 33 3 29 
48 41 3 13 1 5 45 28 5 20 12 11 29 26 8 36 31 12 0 16 49 6 3 35 44 17 47 46 46 6 24 23 15 12 38 35 17 25 50 2 2 12 49 37 13 24 25 46 45 2 14 
6 31 17 5 24 45 6 10 46 5 9 49 22 32 47 48 49 42 41 0 42 11 31 10 15 37 8 17 22 20 43 1 2 44 43 19 43 49 8 15 40 11 16 5 48 44 13 28 6 17 27 
26 5 5 11 4 25 21 3 18 16 29 34 40 4 4 8 5 29 14 4 0 50 42 27 1 31 45 27 13 22 24 30 12 6 43 17 47 48 33 39 44 22 46 40 49 12 27 26 1 44 37 
9 49 42 13 28 35 28 4 30 9 49 9 32 44 36 18 29 48 37 7 11 0 22 41 20 32 4 2 28 40 5 19 26 19 36 16 32 20 44 15 33 20 44 4 31 45 14 15 47 13 44 
49 29 15 37 27 37 9 23 31 25 34 50 15 26 40 24 40 47 28 5 49 35 0 34 5 38 17 19 11 26 19 40 5 15 46 7 41 12 32 9 30 23 47 13 40 49 20 29 28 41 22 
24 18 19 9 45 14 45 10 50 10 18 49 47 12 36 29 35 19 20 50 12 8 38 0 49 33 2 22 44 6 18 39 42 20 5 45 22 36 7 2 43 46 2 33 50 13 25 1 1 5 20 
36 11 8 41 10 17 31 21 27 44 42 2 4 33 22 27 29 43 18 14 44 28 18 28 0 4 11 26 38 37 8 2 21 39 37 33 28 34 29 45 29 42 15 31 9 1 45 49 50 29 36 
47 8 34 42 27 8 43 31 38 50 41 43 35 19 42 22 14 18 1 44 43 50 48 39 23 0 29 48 10 27 10 13 26 10 1 12 44 38 47 10 25 35 3 42 46 38 49 30 13 17 30 
31 31 50 36 44 47 10 45 20 48 11 34 4 28 38 15 34 35 7 48 35 17 8 26 9 40 0 8 3 2 25 49 35 43 48 29 32 27 24 8 15 34 43 28 12 15 1 49 15 9 24 
15 46 6 19 46 15 23 24 27 4 39 8 44 46 50 26 42 7 49 6 38 10 28 43 15 42 39 0 47 11 8 42 44 45 29 10 4 30 25 3 15 9 4 48 5 26 27 50 33 13 40 
10 43 16 3 36 5 18 14 5 4 26 27 13 20 13 46 13 16 36 47 47 18 4 35 47 35 13 24 0 17 38 43 7 34 22 48 49 29 42 43 5 36 17 20 50 39 33 42 28 42 31 
14 34 47 16 44 43 39 31 6 2 43 45 47 18 11 20 43 41 22 14 18 22 23 32 11 30 48 5 46 0 15 43 35 32 36 24 9 10 18 29 6 10 48 37 42 13 42 20 3 39 20 
40 1 7 29 14 43 12 16 6 14 45 35 36 41 9 8 13 12 44 2 11 25 13 16 5 20 36 32 19 20 0 11 46 17 27 26 43 29 4 23 31 48 44 13 16 11 25 12 46 33 6 
29 9 9 37 9 15 39 41 24 44 8 30 47 36 3 50 19 9 16 17 29 10 39 13 4 17 12 47 6 30 8 0 40 49 14 42 3 37 30 18 11 4 38 30 30 24 19 48 28 13 11 
7 4 30 17 27 19 20 47 33 43 4 42 36 45 36 18 32 34 44 50 14 39 42 6 13 41 31 10 40 36 20 35 0 34 45 23 5 11 33 37 24 33 41 47 25 7 12 3 36 44 6 
37 14 34 13 48 19 12 24 4 36 39 11 7 47 24 19 8 41 22 31 8 50 47 21 18 24 42 17 49 1 39 46 16 0 34 50 6 1 21 48 5 44 38 29 2 35 22 34 1 2 39 
5 12 14 14 49 38 18 13 46 24 27 45 25 3 48 44 46 24 48 18 18 38 44 17 38 21 21 45 36 46 41 42 15 11 0 47 27 32 2 36 12 38 38 26 24 29 49 13 26 5 42 
27 11 3 34 21 18 19 47 27 29 18 23 28 1 34 35 30 14 6 21 12 44 38 36 31 30 12 20 39 39 8 45 41 45 20 0 31 40 32 41 30 9 36 26 8 45 15 11 25 41 45 
19 49 21 35 31 33 23 17 4 41 6 49 8 38 21 23 33 33 32 3 46 49 24 27 12 27 19 31 42 16 20 38 29 45 21 9 0 25 7 15 37 8 23 29 50 25 11 28 39 37 22 
33 28 44 38 50 20 26 44 23 4 15 42 26 38 22 18 20 14 18 13 49 26 19 45 45 23 21 25 2 2 49 31 45 20 34 42 45 0 42 46 1 34 31 34 11 23 17 47 41 28 7 
41 14 21 25 24 7 10 49 43 27 50 1 43 22 6 35 48 7 5 31 24 29 19 18 29 18 43 9 23 29 27 31 48 45 11 36 10 21 0 46 27 32 46 49 19 1 33 39 12 6 39 
19 41 37 47 34 12 45 4 46 7 15 2 26 14 50 20 4 48 12 20 25 28 12 28 49 28 31 50 17 47 30 31 4 35 11 37 44 1 12 0 49 41 7 25 39 13 31 21 35 19 32 
29 41 1 36 14 41 29 9 48 6 32 45 37 49 28 35 48 42 4 14 26 4 37 13 30 19 3 23 15 19 8 47 32 36 18 39 30 18 21 20 0 8 35 3 7 18 46 20 26 12 29 
33 29 31 6 7 26 5 39 7 46 38 7 45 30 48 35 14 2 32 39 5 31 21 34 7 41 2 31 45 34 50 27 11 37 36 29 16 26 30 42 35 0 41 12 26 33 2 41 23 9 33 
32 18 45 24 24 3 9 48 50 16 25 24 44 23 47 11 46 9 44 19 20 39 23 40 4 15 19 46 2 5 1 29 22 13 2 32 33 38 13 34 21 19 0 27 14 18 11 47 40 30 22 
6 33 30 40 14 44 45 5 20 10 35 13 46 45 16 47 2 32 22 15 29 9 46 11 49 1 12 10 23 44 18 30 17 30 50 18 49 33 49 8 38 29 18 0 3 50 8 23 33 49 22 
9 16 19 15 44 47 37 20 42 13 33 36 33 27 43 6 47 16 45 48 48 20 33 14 27 50 41 44 12 41 29 29 12 1 35 2 11 2 37 3 32 30 42 36 0 26 3 47 42 11 45 
12 7 38 1 25 40 33 5 38 44 7 43 8 1 35 4 24 32 42 41 45 45 30 43 16 18 28 48 39 25 4 49 33 18 30 22 42 11 27 45 20 7 15 44 47 0 39 23 42 1 22 
29 16 1 20 1 18 28 46 35 8 12 36 17 14 40 8 11 41 22 14 13 14 5 47 21 38 31 36 47 28 46 37 47 17 47 39 49 13 17 12 45 46 26 20 34 34 0 40 1 4 39 
29 32 20 38 10 15 11 4 49 13 37 42 50 8 13 26 40 50 17 2 10 48 24 10 20 17 39 36 14 38 49 30 33 8 49 14 17 9 8 32 29 45 14 5 26 3 47 0 18 7 8 
45 41 35 3 30 32 8 11 19 43 27 25 40 12 15 8 10 42 10 49 9 31 42 36 23 15 34 20 35 17 20 21 29 6 43 8 46 30 29 18 7 7 41 15 5 4 6 3 0 41 18 
44 6 9 9 50 14 49 50 30 15 49 39 27 2 23 7 47 34 20 7 13 30 13 42 43 3 41 27 31 20 10 32 29 17 24 15 12 21 7 29 10 47 50 15 20 19 30 39 43 0 49 
7 22 33 35 6 14 43 18 17 48 23 22 19 11 6 18 10 11 29 9 46 27 28 41 47 16 31 49 23 24 23 3 35 32 13 38 49 45 11 10 23 45 4 10 6 39 28 40 9 2 0 
9 0 20 10 35 4 31 45 43 38 40 34 44 45 43 25 21 37 38 48 18 19 15 1 20 36 2 23 18 35 9 39 42 40 21 15 4 43 1 29 33 44 7 7 21 27 29 50 12 36 36 
2 41 0 42 42 34 45 20 41 49 2 8 27 8 30 2 43 5 24 28 22 29 36 9 16 25 13 8 30 44 8 2 12 33 50 7 49 50 49 38 21 34 3 3 27 25 17 49 28 20 34 
25 26 34 0 14 8 17 32 27 17 21 37 40 48 42 1 47 45 9 24 3 44 6 37 8 38 26 34 33 41 8 15 31 11 10 33 26 28 19 43 40 18 23 32 18 35 45 5 11 27 29 
23 41 5 17 0 41 20 40 27 26 32 33 50 37 10 7 7 29 39 9 25 19 26 16 34 35 21 24 19 23 44 22 23 6 12 36 25 26 44 19 14 37 2 43 11 8 19 37 23 12 28 
16 17 2 2 11 0 47 25 22 32 21 46 21 4 33 11 11 44 25 25 32 31 35 20 46 39 17 33 6 27 17 35 2 8 45 28 5 21 5 2 39 50 5 13 49 18 16 48 11 1 47 
25 12 48 30 48 32 0 48 7 13 44 14 20 46 15 37 45 13 9 5 6 40 40 24 36 33 27 23 22 28 24 20 23 5 30 43 24 4 29 48 47 8 15 42 8 26 31 9 48 12 24 
3 40 6 45 8 36 38 0 13 48 21 9 26 29 40 25 42 15 17 23 14 41 35 12 9 49 26 48 16 11 2 18 26 10 5 22 30 17 10 23 7 36 42 32 27 38 32 36 3 34 34 
16 43 25 49 34 18 29 48 0 47 32 38 22 3 46 4 34 16 25 19 45 25 6 45 16 28 50 3 35 21 17 40 46 33 27 36 26 1 11 22 4 2 20 13 41 19 15 39 36 24 5 
17 12 35 40 9 11 49 10 22 0 34 16 44 27 30 43 43 40 26 11 28 34 6 4 15 43 6 43 4 47 14 11 17 11 17 1 28 11 43 18 26 27 41 40 38 39 9 43 33 49 27 
25 14 26 46 21 11 9 20 47 4 0 18 45 13 9 23 49 33 11 30 15 32 47 9 35 2 43 16 16 27 35 14 10 6 21 39 48 42 16 46 40 20 42 47 15 8 32 29 32 15 41 
26 32 4 34 45 29 6 42 45 29 46 0 44 44 13 40 9 40 43 20 26 7 18 15 40 45 41 1 44 28 20 15 35 1 37 10 32 7 22 27 10 43 50 22 18 45 27 49 35 25 50 
43 36 12 40 34 8 18 14 40 4 29 12 0 15 25 14 11 44 8 3 9 2 19 17 10 34 7 47 48 46 19 43 17 19 28 28 29 24 11 3 2 15 43 33 23 32 31 36 47 4 35 
34 42 32 17 48 25 20 2 7 27 12 21 19 0 21 12 13 43 37 48 36 37 33 5 2 45 10 36 44 29 3 22 50 44 11 36 2 35 3 30 4 9 22 5 27 40 44 24 12 12 20 
39 50 49 18 48 1 37 31 23 38 39 27 24 5 0 6 12 27 8 35 10 28 41 8 45 27 16 29 29 12 1 37 24 32 9 15 23 2 26 14 35 15 5 31 42 15 33 49 50 21 29 
18 16 28 2 43 48 42 5 42 33 23 9 19 22 2 0 15 45 16 41 34 11 1 45 50 46 24 11 16 30 45 17 29 8 34 33 21 47 31 16 17 31 47 35 31 13 7 36 9 40 50 
39 34 10 38 18 17 21 28 7 20 38 27 25 47 16 44 0 1 36 40 32 19 14 50 24 4 15 16 14 38 39 38 2 26 30 7 34 20 21 17 16 50 19 24 47 29 4 22 38 16 19 
7 50 20 9 32 25 35 36 35 3 2 8 41 19 32 37 2 0 45 41 33 25 31 20 24 32 50 40 3 46 50 43 29 49 19 33 38 33 17 49 33 49 34 36 14 15 43 29 6 15 43 
3 27 48 33 44 26 31 47 27 32 35 32 41 35 11 23 9 22 0 37 44 4 35 47 9 34 42 45 7 9 40 21 35 38 3 48 17 31 17 25 7 8 37 41 17 48 18 44 1 3 42 
34 7 20 22 39 18 31 39 49 3 31 24 38 38 12 50 45 38 38 0 45 43 43 48 31 37 18 45 30 11 17 48 44 4 17 6 15 16 17 14 30 36 42 18 22 26 34 49 3 6 49 
23 7 14 9 50 42 10 40 35 22 24 1 29 32 6 37 21 22 32 47 0 35 28 24 8 9 1 25 26 5 3 19 42 25 13 44 42 31 45 17 14 6 26 32 42 7 36 14 37 17 39 
14 28 21 9 14 46 34 7 1 50 18 34 35 33 4 32 27 16 38 15 7 0 26 5 19 42 10 46 32 1 23 38 38 10 17 39 41 22 16 50 49 9 24 45 18 46 22 41 50 39 26 
9 48 49 3 32 39 24 3 18 5 50 2 7 28 13 31 25 19 44 14 10 12 0 17 40 7 34 32 37 23 21 19 47 44 25 15 40 39 7 35 1 18 20 48 46 49 7 18 17 6 16 
47 23 6 25 16 48 32 10 47 49 8 37 30 47 36 4 9 32 14 23 42 18 34 0 44 46 41 14 22 41 50 17 15 31 7 24 46 42 19 10 18 9 29 11 37 43 31 40 2 10 46 
48 36 4 34 25 30 39 12 29 25 34 10 20 47 32 43 6 24 24 41 13 40 23 47 0 15 13 7 48 1 16 2 13 13 46 2 31 12 48 33 45 8 30 40 35 34 49 10 15 5 1 
25 17 28 19 33 9 14 7 19 13 23 41 11 14 23 22 48 24 45 2 31 9 42 30 33 0 33 1 38 13 17 3 43 44 1 41 36 35 44 13 44 18 5 30 20 22 17 20 27 12 13 
2 37 20 4 20 17 25 49 37 1 8 27 44 3 10 30 48 11 23 38 37 4 11 2 34 27 0 30 22 8 17 14 24 26 1 15 16 24 40 31 25 11 37 8 13 36 41 11 27 10 42 
19 9 4 25 26 48 27 19 20 44 38 4 42 20 37 34 2 44 38 45 7 9 30 48 28 1 47 0 48 16 44 16 3 12 16 48 5 21 1 26 18 40 5 21 38 38 7 46 38 27 3 
40 18 39 16 36 11 30 6 48 25 1 29 4 27 29 35 43 26 23 32 14 1 18 21 5 3 39 43 0 11 21 6 9 22 14 4 48 14 46 31 38 26 15 4 1 17 12 2 44 10 3 
15 20 16 46 39 40 1 19 12 33 23 37 46 28 20 42 8 41 23 31 22 47 45 36 6 50 47 17 4 0 44 1 45 34 9 6 36 44 26 25 15 48 45 35 48 15 40 20 27 31 26 
4 12 22 29 32 19 26 31 40 40 43 34 16 19 33 29 4 37 22 35 49 32 16 8 33 27 13 47 21 17 0 30 20 37 29 40 40 24 5 28 38 11 13 37 36 23 15 30 17 16 37 
36 33 6 47 27 22 46 14 47 5 6 29 11 24 10 23 48 38 29 43 5 50 10 34 24 36 46 31 36 19 48 0 47 32 34 31 48 15 40 2 19 44 10 9 23 32 33 3 13 26 50 
18 42 39 24 32 37 23 22 23 41 27 16 28 28 7 10 47 27 44 13 8 8 36 10 49 46 42 38 2 42 34 33 0 5 37 2 6 9 9 3 44 25 44 17 11 42 29 32 31 17 23 
36 27 20 14 42 10 6 29 25 37 46 36 20 32 8 44 12 42 27 1 1 39 24 50 38 15 41 26 19 21 14 11 22 0 30 6 7 14 41 45 42 1 31 34 17 49 40 25 36 4 49 
17 41 5 16 22 48 3 21 27 27 19 31 11 5 23 35 14 41 26 1 31 22 47 35 1 21 6 8 1 48 41 6 23 20 0 4 24 7 6 8 9 5 43 15 18 24 20 21 29 44 15 
26 34 11 3 19 46 44 20 15 2 42 45 20 29 37 14 9 41 2 50 28 8 33 17 47 38 8 29 12 31 1 27 14 37 22 0 7 46 20 2 8 30 38 42 7 17 10 23 36 32 10 
12 30 28 45 37 18 2 44 7 31 39 15 9 34 1 16 32 34 8 30 19 39 40 44 21 41 17 27 50 37 15 22 48 2 20 21 0 49 20 1 4 6 2 14 21 20 15 29 8 6 2 
29 40 29 2 42 23 41 35 25 46 1 25 44 20 17 17 18 8 14 31 18 12 34 4 25 18 25 20 24 6 13 10 21 49 9 26 44 0 47 10 48 31 14 46 5 3 31 8 45 5 3 
48 22 44 26 34 18 6 25 27 25 48 21 11 19 34 42 5 46 11 41 23 22 48 17 50 4 16 30 1 45 10 31 16 21 8 41 17 46 0 15 42 20 20 20 36 50 10 3 27 21 12 
27 13 34 14 31 27 24 27 27 31 2 27 25 33 15 18 6 41 11 43 25 9 31 20 22 4 2 13 17 40 2 39 9 39 18 48 47 2 41 0 32 18 40 20 35 41 43 45 37 21 32 
5 13 16 28 38 18 32 15 43 27 25 12 10 37 29 13 19 36 15 18 22 4 50 30 26 36 40 46 30 29 10 16 42 36 36 39 24 32 2 1 0 16 32 10 15 8 6 30 33 6 28 
25 9 22 3 11 1 14 37 2 2 28 36 35 14 18 9 20 25 2 41 40 38 35 15 2 40 44 35 23 21 6 8 41 2 4 1 44 39 26 35 25 0 37 30 50 23 31 47 47 48 49 
36 6 32 16 39 38 25 8 2 21 7 30 14 32 47 21 46 34 10 18 16 32 50 17 16 3 8 35 42 22 43 48 38 25 35 50 26 25 14 17 26 37 0 38 5 29 46 24 48 3 2 
35 14 37 31 33 5 6 15 50 37 30 40 16 30 28 10 42 40 48 47 46 21 20 44 42 30 44 46 39 20 30 11 32 40 37 29 11 8 42 31 45 11 26 0 28 37 37 21 8 27 19 
5 34 1 7 7 15 45 44 40 4 11 11 27 31 8 20 8 27 44 49 49 35 49 17 3 35 46 43 7 5 9 37 19 20 16 46 10 26 34 22 35 18 19 38 0 20 34 35 45 21 18 
29 45 15 28 21 20 36 34 4 22 20 2 38 35 46 25 43 8 15 12 10 33 43 22 15 31 17 11 48 19 1 1 23 40 26 15 23 41 49 47 11 27 22 12 3 0 34 31 34 43 46 
42 28 30 9 8 47 2 43 14 40 3 25 37 36 22 19 29 48 9 31 3 3 9 19 2 34 11 32 19 31 1 33 19 2 28 24 21 15 33 30 14 30 27 10 44 36 0 40 37 40 34 
5 33 26 13 44 39 20 12 8 24 36 20 25 33 40 20 6 36 8 49 49 15 16 30 17 24 26 50 26 16 45 25 42 36 27 19 8 7 8 39 5 10 7 9 44 44 5 0 44 20 24 
30 5 29 42 36 40 17 46 46 21 14 20 36 43 30 12 28 40 7 22 13 50 28 20 45 39 9 7 36 23 19 33 30 2 36 40 46 1 50 37 2 12 11 37 26 35 24 14 0 30 32 
17 16 37 49 12 31 28 10 48 47 32 11 10 23 3 31 41 34 8 41 17 28 40 21 21 1 39 41 44 10 16 45 28 5 7 3 46 31 41 5 13 37 4 4 5 41 2 38 35 0 45 
44 40 7 40 16 39 27 17 29 11 42 37 16 38 31 38 34 6 17 1 36 11 44 3 28 30 25 36 16 30 49 2 7 50 17 26 38 38 39 19 26 29 2 31 14 26 22 17 23 18 0 
8 0 47 22 34 10 34 47 4 12 36 15 41 2 50 12 41 30 17 21 5 50 46 17 49 25 7 9 13 40 2 9 9 14 48 22 3 30 23 40 33 30 34 27 4 4 36 28 3 19 24 
47 6 0 46 18 18 13 30 23 10 4 26 34 15 10 28 7 28 4 29 10 11 8 27 39 26 17 20 14 45 40 29 6 45 17 6 4 14 46 31 9 23 7 14 37 8 46 20 17 26 48 
8 24 25 0 9 13 39 29 7 43 2 44 17 29 21 25 20 39 49 4 24 44 32 24 20 37 4 45 41 32 30 48 3 38 48 32 6 32 36 4 18 25 7 4 30 15 7 29 44 12 38 
8 21 13 2 0 5 26 1 5 22 10 45 39 26 13 4 42 29 31 39 20 38 4 45 37 50 37 29 44 5 31 25 1 29 44 23 27 40 36 43 7 5 28 14 45 23 37 31 41 26 24 
28 48 5 43 50 0 4 27 27 3 18 48 7 50 42 35 44 10 33 41 28 2 43 39 33 15 11 40 1 15 13 7 38 19 31 3 27 47 37 45 19 1 14 34 26 9 49 29 23 11 29 
27 49 1 48 23 36 0 10 23 28 40 15 27 12 40 12 10 39 19 40 8 48 24 39 22 28 39 10 13 24 17 33 17 40 37 37 8 38 21 9 18 17 24 9 5 4 25 2 44 14 50 
10 10 34 3 31 3 11 0 29 21 35 26 48 49 12 7 49 37 26 4 4 22 18 10 22 41 24 16 34 18 4 37 17 49 24 7 23 34 38 6 34 48 9 50 25 42 20 25 47 49 6 
39 27 40 10 28 42 50 12 0 12 8 38 28 11 18 48 10 49 26 5 35 16 49 20 20 7 14 18 36 31 22 49 19 35 13 16 11 27 39 46 15 23 22 26 49 47 20 48 33 27 32 
22 50 42 15 41 40 7 21 4 0 15 25 15 31 41 9 19 43 49 3 38 34 10 30 41 12 44 23 22 23 37 16 36 10 50 50 49 27 21 22 26 4 7 36 32 41 9 42 36 40 29 
28 50 31 39 49 13 21 2 3 48 0 17 35 48 17 50 39 6 32 41 10 42 22 27 27 35 28 24 49 50 4 3 38 32 45 10 16 5 21 2 38 29 25 19 25 9 19 9 20 32 2 
3 10 45 31 37 6 23 5 5 22 39 0 23 3 50 45 30 4 4 7 34 35 35 30 4 32 17 4 2 18 16 19 5 17 48 1 43 43 2 8 5 43 1 17 31 50 7 23 19 31 29 
16 5 13 48 18 19 31 42 50 20 2 22 0 37 39 3 35 6 6 50 3 38 3 47 2 42 34 19 50 5 25 45 36 22 39 1 15 42 19 30 33 13 1 3 38 3 22 15 28 29 15 
1 17 20 29 42 13 9 11 7 35 50 31 38 0 25 25 17 50 48 38 38 43 38 26 18 40 38 1 9 50 20 20 41 22 40 25 29 16 44 48 38 6 31 12 46 33 32 14 28 13 36 
22 17 40 41 23 14 41 2 39 4 13 1 12 37 0 15 9 10 49 50 47 1 7 50 1 33 13 26 31 35 9 25 23 46 14 49 4 1 31 17 12 38 15 5 44 25 6 19 25 31 24 
23 15 28 17 36 16 17 40 8 11 38 11 17 31 30 0 41 5 49 39 12 9 29 32 39 10 37 2 7 26 27 44 1 50 12 37 10 45 30 29 33 37 12 24 7 25 27 48 25 15 35 
1 21 36 20 16 44 34 40 7 49 15 11 14 31 17 37 0 12 6 45 21 47 26 21 7 26 47 6 25 15 33 40 27 43 42 27 24 15 31 46 43 26 5 23 30 19 26 48 43 40 38 
16 42 31 44 39 26 50 30 45 19 38 9 26 24 10 38 19 0 23 5 44 22 32 10 2 45 42 3 41 38 50 50 14 35 27 18 48 47 49 4 2 24 36 36 27 5 18 30 49 21 32 
8 25 38 47 16 35 32 30 50 47 23 9 42 46 20 25 25 49 0 7 12 42 21 20 4 20 37 46 33 47 28 12 4 21 7 42 25 27 39 11 33 16 17 50 7 29 16 44 41 8 31 
43 32 43 9 41 38 6 34 27 30 40 49 33 22 36 19 39 36 4 0 46 49 36 38 24 46 25 21 14 26 5 43 5 26 17 35 30 12 12 17 5 19 43 12 32 44 17 35 28 21 10 
28 9 38 13 32 8 45 19 14 16 17 43 9 23 38 35 24 17 38 6 0 8 27 20 49 27 7 25 7 31 29 40 43 43 16 28 35 18 13 35 28 36 43 49 1 39 26 34 40 44 10 
44 19 41 15 2 1 39 39 36 26 33 39 39 35 27 24 1 44 45 3 17 0 11 33 10 21 15 29 19 11 1 24 36 13 21 36 22 3 28 14 28 46 30 28 9 45 47 5 14 25 15 
26 40 45 42 44 33 37 32 45 37 22 21 28 36 3 48 27 19 49 5 22 24 0 30 18 7 38 34 24 15 24 11 15 44 47 26 34 41 21 28 3 36 22 34 27 6 26 2 42 7 48 
21 37 15 21 44 3 11 27 35 7 50 13 17 21 27 8 27 32 11 20 8 6 41 0 47 19 1 41 3 13 32 36 42 18 18 4 25 50 24 3 23 23 14 37 21 4 24 5 13 1 49 
50 20 32 37 41 15 46 19 2 44 13 8 15 3 21 8 46 50 17 2 8 3 30 38 0 47 44 20 21 43 46 46 28 2 15 33 16 10 31 28 39 30 32 23 10 11 15 50 34 1 46 
28 6 46 50 41 47 41 45 41 47 46 26 27 6 48 35 7 50 21 5 49 15 22 29 23 0 27 31 20 27 32 45 36 21 47 18 41 32 3 24 36 26 16 41 32 43 5 5 17 13 26 
9 50 13 46 48 14 34 18 27 15 17 22 18 9 2 11 5 31 38 7 4 4 27 35 30 34 0 25 41 36 19 22 14 8 2 23 46 23 26 49 5 8 14 27 10 20 5 48 32 30 33 
50 25 29 6 23 6 24 29 16 15 39 43 33 8 44 4 14 17 37 7 38 30 32 34 50 40 28 0 18 16 26 36 44 12 4 20 48 35 2 29 18 22 45 10 34 17 15 32 19 16 17 
41 31 46 23 45 20 44 46 7 33 29 7 13 41 29 46 32 29 39 47 19 13 38 19 35 43 21 48 0 17 35 9 10 2 50 35 6 49 39 9 1 4 39 46 47 40 16 33 20 5 22 
34 3 30 20 48 29 43 27 39 2 49 46 30 22 25 19 6 14 6 24 47 43 21 38 43 31 17 42 30 0 19 11 1 43 46 2 6 30 32 2 7 13 23 1 7 2 9 10 25 22 21 
11 19 15 32 25 41 33 42 28 18 12 1 47 20 41 49 4 34 21 20 40 24 13 49 11 25 43 14 37 34 0 21 43 20 10 9 43 37 12 22 11 23 38 4 34 45 13 26 31 17 4 
6 26 4 3 31 37 7 17 21 50 48 20 6 44 47 20 31 38 12 49 12 43 13 10 47 3 21 29 4 49 49 0 13 47 33 29 45 39 17 29 22 37 21 41 22 13 3 32 11 38 26 
32 39 19 18 42 13 14 45 7 29 17 28 13 23 2 36 23 24 15 2 31 14 10 41 13 42 2 41 48 44 21 11 0 42 28 18 11 44 30 41 16 32 45 11 50 5 9 8 18 21 27 
30 9 46 36 46 18 30 29 6 1 12 24 48 13 9 7 37 35 6 41 42 44 33 49 21 36 4 10 37 4 35 35 21 0 21 15 13 15 6 33 1 32 16 24 41 5 8 48 49 42 48 
23 23 13 30 36 37 26 47 15 10 14 20 43 2 17 27 4 28 49 47 42 31 3 5 10 27 20 43 45 13 39 5 19 39 0 32 12 22 41 36 28 37 19 41 23 37 13 24 22 24 28 
5 21 1 45 6 42 20 8 21 9 17 33 3 3 22 10 1 4 21 5 6 13 43 21 10 24 41 31 19 48 4 48 19 17 9 0 18 5 24 33 41 42 14 21 27 11 4 17 39 1 27 
12 20 2 19 23 42 29 31 36 33 2 39 40 23 5 20 15 37 44 4 6 27 22 31 14 42 43 16 10 6 8 2 31 42 36 35 0 47 50 44 17 40 25 39 1 40 3 25 48 22 42 
40 30 45 47 22 35 49 22 6 31 49 13 21 30 26 50 9 48 38 21 24 15 43 27 14 32 39 21 41 11 18 46 44 18 17 28 7 0 34 21 1 36 25 45 14 19 28 4 9 26 40 
45 28 10 2 19 26 38 18 33 41 47 28 31 46 13 3 20 3 14 48 43 26 27 37 35 49 21 30 9 37 28 31 46 2 17 41 37 43 0 50 42 41 39 1 31 5 9 45 49 1 16 
8 2 45 28 47 20 1 24 17 20 5 8 10 47 13 17 32 30 30 23 17 27 3 23 8 4 25 46 32 27 5 22 30 44 30 27 36 19 5 0 47 40 13 26 30 37 33 30 5 19 39 
28 15 20 28 49 31 49 23 21 44 45 5 43 41 16 34 29 17 18 37 32 14 25 33 34 5 1 24 37 25 25 21 28 44 49 40 3 2 45 49 0 29 13 48 12 3 35 21 36 15 3 
4 14 38 33 8 15 41 37 44 45 31 25 37 46 19 25 27 49 42 26 31 28 23 19 8 19 16 14 31 50 35 16 9 34 22 11 33 46 37 35 50 0 16 8 50 18 4 27 3 43 28 
8 22 45 39 22 27 42 19 25 39 49 27 7 45 11 15 16 3 25 9 42 32 13 7 26 16 20 23 2 5 43 13 21 3 42 13 21 20 12 45 20 15 0 22 48 37 24 10 14 40 4 
38 24 28 35 37 27 9 38 14 7 8 19 18 20 46 36 6 5 4 48 44 47 41 31 39 28 10 15 21 3 6 7 34 48 18 19 36 37 16 16 5 34 7 0 6 38 1 47 3 2 1 
18 6 10 42 10 42 34 48 46 10 17 44 18 12 2 2 35 20 3 28 1 20 39 39 44 11 40 36 43 38 31 8 13 21 36 1 47 43 39 27 35 38 41 7 0 49 11 16 46 5 36 
17 28 1 25 50 48 18 22 49 49 2 49 5 9 29 10 31 48 26 1 5 43 31 26 43 14 30 32 40 33 46 45 32 7 22 3 8 39 21 38 33 25 44 40 25 0 37 33 32 29 40 
31 18 20 4 32 24 47 25 32 36 18 37 32 17 4 8 18 48 37 26 2 43 27 39 18 30 49 41 1 6 31 48 3 1 2 28 25 28 26 49 7 34 7 35 20 47 0 44 28 37 18 
20 35 46 3 39 39 42 32 36 2 25 6 24 26 5 20 34 32 15 27 34 40 23 39 20 18 36 43 19 22 37 22 5 34 37 47 3 1 13 14 37 43 43 25 24 1 10 0 31 30 50 
14 12 14 11 34 30 13 7 34 21 3 50 14 15 15 4 2 40 40 9 18 34 20 1 41 41 48 48 16 19 9 5 13 19 8 26 8 45 50 7 34 47 18 43 11 38 30 28 0 11 20 
50 21 42 21 33 31 43 13 20 44 33 15 41 15 13 49 37 46 7 40 47 7 40 33 26 21 16 27 40 4 11 20 38 46 19 38 13 42 36 28 33 45 25 7 24 19 6 3 31 0 13 
1 35 21 21 24 44 31 9 46 13 15 16 24 17 33 14 28 46 46 25 36 46 10 30 7 2 33 34 10 7 16 13 47 27 4 27 49 18 23 26 7 5 46 24 13 17 22 8 24 11 0 
42 0 11 8 6 28 5 25 42 14 22 12 48 50 39 47 2 20 47 14 7 15 11 23 21 18 32 50 37 18 41 31 25 10 49 16 5 6 41 50 49 2 8 4 1 15 10 5 7 27 11 
47 25 0 45 18 46 32 38 38 39 47 5 38 24 24 42 37 38 2 24 42 46 29 48 16 5 8 7 23 6 8 27 44 11 7 44 7 31 43 4 35 18 19 3 4 44 14 34 31 10 28 
22 4 34 0 35 15 19 28 30 13 39 25 15 32 31 20 12 28 18 30 36 7 46 49 40 25 28 27 45 22 41 25 27 14 28 36 24 10 26 43 26 30 2 30 15 10 3 38 22 34 33 
37 17 1 24 0 22 27 6 44 10 38 42 33 8 23 15 48 2 4 45 47 2 3 25 5 7 6 16 34 30 23 40 6 11 39 5 8 26 40 7 10 19 17 16 5 34 47 44 8 1 13 
2 34 27 38 32 0 34 42 47 18 17 12 23 15 38 48 37 23 20 18 7 22 12 48 36 28 36 37 21 21 10 12 8 33 18 22 7 29 24 8 21 17 30 23 40 48 47 2 28 8 48 
25 25 40 45 41 40 0 36 41 10 46 48 22 27 8 5 5 40 48 17 41 8 50 12 48 41 43 40 8 39 32 34 9 13 23 36 38 18 38 27 32 21 39 14 12 24 45 3 15 36 44 
7 5 12 17 41 26 13 0 43 5 48 1 28 3 29 12 39 9 4 23 17 37 3 21 36 21 20 36 50 24 46 40 25 23 45 26 30 48 47 33 11 26 26 34 30 32 43 36 35 1 36 
37 50 43 20 8 4 34 26 0 47 21 40 14 19 9 8 26 6 9 3 33 41 13 21 12 42 11 20 42 4 28 34 1 50 39 10 41 33 3 38 22 46 22 1 12 22 13 8 25 22 7 
37 27 32 18 45 25 29 32 29 0 47 35 43 23 19 37 39 14 31 50 18 44 4 22 32 37 19 12 9 41 29 4 45 21 48 41 8 19 32 44 36 12 2 25 41 37 4 50 32 25 33 
49 27 25 4 14 34 6 1 32 27 0 13 20 41 50 44 40 23 26 29 30 20 32 37 15 6 42 29 31 45 34 20 31 35 8 31 27 20 17 34 7 2 19 1 18 24 43 11 25 47 47 
31 24 3 45 14 18 41 11 49 22 5 0 25 6 48 7 32 36 33 20 17 21 7 42 22 29 1 31 20 41 14 32 5 34 48 3 46 29 40 45 14 37 9 18 13 3 27 13 4 11 42 
7 28 6 31 27 25 33 32 17 13 37 21 0 20 35 41 1 41 9 45 12 4 47 39 7 31 12 39 30 20 3 39 28 10 50 8 4 49 4 22 29 14 47 24 33 27 16 40 34 22 2 
36 5 9 49 39 11 40 50 50 16 37 3 12 0 15 25 9 12 21 28 37 3 37 37 17 49 7 24 7 30 15 23 5 8 18 17 34 20 11 11 47 15 49 5 6 42 11 36 10 8 19 
5 19 6 36 50 49 18 42 1 33 38 33 21 36 0 43 32 46 45 48 41 40 1 11 31 23 4 33 31 26 39 22 15 49 11 10 5 50 23 19 19 16 28 10 28 10 32 29 20 13 11 
15 41 12 18 29 4 8 25 13 46 17 37 17 13 12 0 24 35 10 26 39 33 23 26 30 25 12 42 33 22 41 26 14 18 16 24 31 3 31 32 7 47 25 10 23 3 29 12 48 17 37 
48 19 44 24 29 43 16 33 43 18 13 26 4 23 21 3 0 19 1 40 31 21 4 28 20 43 8 14 4 28 46 50 44 16 35 44 7 20 44 37 32 16 20 39 15 44 21 22 38 3 50 
10 11 9 36 16 45 42 25 32 21 29 12 6 48 19 20 10 0 19 30 15 34 26 14 8 16 1 16 14 26 22 36 27 2 28 36 39 36 30 19 49 15 46 13 17 3 4 15 41 47 25 
12 3 8 39 17 35 47 1 20 16 29 29 49 10 36 3 11 28 0 12 30 34 30 50 31 50 38 13 48 6 13 36 25 17 2 11 34 19 14 12 2 42 35 11 4 20 37 47 4 31 1 
43 38 30 17 41 32 3 28 39 29 23 49 46 8 30 5 12 48 49 0 2 34 48 16 11 38 50 20 47 11 13 42 9 17 5 21 49 45 1 11 29 31 42 25 33 29 43 39 4 25 16 
26 50 5 30 18 45 22 20 29 41 13 7 17 27 38 14 33 42 37 31 0 11 12 37 21 22 42 24 33 32 46 11 17 23 46 38 42 5 38 38 26 27 26 22 20 17 25 25 48 46 15 
11 48 17 44 6 14 13 34 8 26 22 39 38 34 31 47 34 22 39 46 9 0 45 4 11 5 36 40 17 5 47 18 26 38 17 35 13 50 30 41 24 29 21 30 12 5 38 38 38 40 21 
41 4 10 1 6 17 45 6 39 20 24 47 30 12 9 46 2 21 49 18 47 5 0 31 15 17 39 15 43 6 17 48 2 27 34 6 14 17 37 12 19 19 45 41 21 1 33 41 19 4 10 
36 17 40 22 25 37 23 45 34 18 2 2 50 23 23 22 20 46 6 45 30 15 10 0 31 50 2 14 11 15 35 48 46 40 47 31 32 13 5 10 20 41 22 4 44 17 17 45 19 49 29 
13 45 14 9 31 21 7 9 23 23 24 13 30 50 20 7 13 4 42 41 10 15 37 36 0 5 8 12 16 14 33 8 45 12 37 22 3 32 31 17 10 25 4 32 38 46 29 42 4 24 10 
5 41 28 8 20 48 9 28 5 23 10 41 46 41 15 30 1 44 29 18 25 33 38 32 16 0 6 33 49 41 27 16 8 43 4 29 18 17 4 18 24 44 4 27 44 1 35 9 42 23 17 
28 48 26 7 36 23 4 47 43 14 15 11 38 29 7 2 49 42 13 48 13 48 27 5 24 21 0 6 45 31 32 47 42 26 25 50 18 33 36 19 6 14 21 12 4 9 34 17 49 37 50 
36 18 29 26 4 30 22 22 34 15 17 10 16 11 18 23 35 13 29 39 20 14 23 7 34 43 36 0 24 46 40 5 8 8 32 47 29 14 1 21 20 47 11 2 4 40 5 5 1 37 37 
49 4 20 48 31 23 46 22 42 12 44 49 27 44 11 10 2 34 15 39 10 35 43 10 43 9 12 19 0 18 29 38 35 38 10 41 1 38 10 2 25 34 42 9 10 26 49 35 8 44 31 
4 22 37 48 27 14 12 10 6 22 11 27 5 13 25 10 12 17 3 11 22 43 33 41 5 19 27 33 35 0 45 24 4 26 37 26 17 49 40 34 27 40 29 4 30 14 8 37 46 35 17 
37 19 5 34 9 12 39 47 44 8 38 29 26 12 49 7 2 18 38 9 11 23 34 26 22 44 39 3 27 48 0 32 31 48 18 8 6 49 42 28 15 28 2 46 26 40 11 3 43 32 7 
6 19 9 27 6 15 35 29 13 16 23 36 20 47 27 7 31 8 5 44 9 10 41 23 31 9 27 9 37 11 41 0 47 22 20 42 14 23 22 13 43 21 20 30 13 43 42 32 50 50 33 
30 45 39 39 49 47 29 36 46 47 39 26 43 2 25 27 15 1 6 14 35 10 46 12 23 39 31 28 31 40 28 27 0 10 5 31 47 8 34 22 46 35 38 26 16 5 46 28 28 38 16 
28 32 45 36 49 21 50 27 17 10 16 1 5 7 20 12 17 38 21 29 19 32 29 11 29 47 34 31 8 28 12 3 41 0 16 13 46 33 24 6 11 47 32 18 13 30 34 34 20 47 43 
29 40 7 10 48 46 4 35 8 2 37 20 20 39 49 14 11 40 45 24 30 43 33 11 32 38 15 17 32 45 14 15 35 16 0 49 22 46 31 19 17 42 49 17 4 24 28 12 29 14 16 
23 45 25 23 14 36 8 47 28 10 32 38 3 13 39 23 36 5 41 27 18 30 21 29 33 31 27 29 38 4 26 36 3 16 22 0 19 40 12 2 13 15 50 4 9 35 5 46 4 16 2 
43 8 38 38 48 44 24 47 41 33 10 30 10 25 35 46 36 38 41 21 33 24 3 28 13 19 27 13 44 28 35 24 14 36 12 19 0 49 16 18 29 46 43 22 20 4 36 41 29 25 39 
20 9 14 46 19 20 6 10 25 30 17 11 4 13 49 36 17 24 13 16 48 21 20 12 25 40 2 34 25 28 28 48 39 5 9 27 11 0 18 17 42 14 39 41 39 13 35 40 10 21 18 
20 18 17 9 42 50 40 2 21 30 19 22 36 48 2 19 22 49 5 22 26 49 7 21 3 9 30 31 50 40 1 42 13 7 9 11 32 31 0 14 10 38 9 48 38 24 42 4 43 37 45 
13 42 6 49 42 21 11 46 6 33 20 9 3 31 30 27 10 29 40 41 37 42 35 45 35 17 1 20 48 12 6 38 45 5 27 9 37 14 15 0 38 1 37 25 32 41 29 7 17 9 48 
33 25 4 46 8 22 7 11 15 26 20 42 49 45 27 32 15 48 4 21 40 46 15 3 41 50 17 4 5 6 10 35 12 50 29 32 35 49 47 6 0 2 27 50 40 18 10 39 31 5 9 
15 10 13 38 8 37 10 1 6 9 6 4 6 9 16 36 30 49 16 46 48 16 1 49 19 14 47 25 35 32 11 36 49 47 41 1 22 24 42 42 22 0 34 43 39 50 49 21 42 25 32 
30 41 15 9 11 50 10 14 19 45 41 36 17 24 48 20 5 9 18 15 15 6 8 25 25 15 23 12 49 21 44 6 1 4 2 21 22 41 37 42 42 8 0 5 48 1 37 17 19 42 31 
44 12 24 10 18 24 34 41 35 46 27 48 15 49 2 36 35 13 23 27 49 15 23 26 24 7 2 10 24 39 48 4 21 19 27 32 32 42 36 29 38 31 6 0 42 16 44 43 7 46 16 
2 4 47 15 33 30 40 49 36 11 23 24 17 47 48 23 28 47 23 20 5 44 28 44 40 18 9 32 10 31 14 45 15 9 37 44 7 6 37 48 43 34 6 26 0 6 15 14 10 44 44 
17 47 35 26 11 9 27 4 26 15 21 8 39 6 47 28 9 9 10 4 16 22 10 25 28 22 38 2 38 25 4 50 38 17 14 18 11 39 48 29 18 4 31 22 27 0 35 45 50 29 29 
6 6 50 40 29 46 37 10 49 40 21 26 16 1 11 22 20 23 42 30 18 21 11 32 37 12 41 39 48 44 27 39 23 10 20 49 50 49 39 19 31 1 41 9 8 42 0 39 30 12 6 
15 23 8 50 11 35 45 19 4 17 5 49 12 6 13 33 3 6 32 12 23 22 34 24 49 17 31 3 25 45 24 11 27 43 29 5 31 24 49 35 5 31 45 22 14 33 40 0 36 47 26 
40 33 49 50 34 43 39 35 2 45 5 43 45 9 44 45 22 20 27 9 3 30 7 48 8 42 27 13 11 17 27 46 6 49 6 42 13 28 10 36 16 46 23 5 30 12 37 37 0 29 19 
11 21 9 38 23 11 26 2 42 42 16 27 25 35 18 10 37 46 3 2 33 45 11 42 43 7 8 3 18 46 5 41 34 42 6 7 37 19 26 46 16 11 36 18 20 39 22 38 37 0 20 
26 42 35 27 37 17 11 17 45 17 4 23 34 47 38 26 44 33 30 11 23 19 20 7 36 22 9 43 22 5 35 20 16 48 21 14 6 7 5 40 47 21 24 10 43 44 28 40 31 44 0 
