13
30
14 0 36 40 39 8 48 28 4 50 36 32 17 46 29 34 5 47 1 43 7 49 24 20 23 24 6 42 23 45 24 
46 10 0 7 41 48 43 43 34 13 48 32 7 2 11 35 36 32 49 35 46 19 7 14 10 28 41 16 18 16 3 
6 6 10 0 26 41 22 11 6 31 42 12 13 39 45 25 42 22 10 39 38 24 44 38 49 6 39 47 47 14 7 
27 26 18 11 0 43 27 48 26 21 13 25 27 18 44 34 6 19 20 35 36 19 6 30 28 29 13 19 11 21 2 
26 14 42 25 15 0 37 46 28 3 49 45 47 40 26 13 48 26 44 16 1 20 27 13 28 39 21 47 40 32 31 
8 38 6 19 37 12 0 35 44 30 48 11 41 18 36 42 23 17 4 16 32 37 25 46 21 33 49 2 15 36 44 
41 6 47 22 41 8 41 0 21 40 2 14 33 14 18 40 29 10 27 37 17 4 43 25 1 45 34 42 36 37 38 
11 20 8 37 8 5 45 46 0 45 34 32 47 14 14 18 4 12 28 31 4 39 25 29 19 40 48 32 47 28 8 
16 6 35 2 42 44 25 28 10 0 36 35 15 33 3 36 8 29 11 33 41 23 15 6 33 49 36 42 39 47 11 
24 48 18 37 19 27 13 13 23 25 0 30 34 18 45 20 25 43 26 34 32 19 21 14 38 36 2 50 2 3 6 
2 36 31 50 13 37 48 46 35 9 46 0 17 39 9 12 39 47 11 14 25 44 17 6 15 43 3 35 30 2 17 
27 12 10 17 23 44 4 19 33 33 28 48 0 42 26 37 2 32 6 27 48 6 40 38 29 13 36 31 16 8 10 
3 18 45 18 33 34 7 22 37 19 35 28 29 0 31 48 47 25 30 29 41 21 29 4 4 12 38 24 32 5 37 
13 38 12 23 31 11 3 25 43 3 45 10 20 8 0 13 28 11 8 32 17 12 1 38 17 39 24 14 41 6 45 
11 26 18 50 6 47 17 6 50 38 44 1 37 26 46 0 11 10 47 41 35 27 17 1 38 25 12 1 45 35 8 
47 12 19 49 43 19 43 20 3 17 11 6 8 45 24 11 0 14 13 21 28 14 18 1 22 19 44 26 30 25 45 
47 23 22 43 41 32 33 39 33 28 19 41 45 25 25 21 10 0 7 15 15 48 39 24 7 44 30 12 48 30 49 
44 13 45 8 20 39 35 16 4 42 29 26 30 44 10 24 23 26 0 48 48 35 20 16 11 47 9 49 16 49 11 
21 35 10 34 34 7 46 37 5 37 37 44 3 24 36 23 9 31 47 0 20 8 36 1 33 14 24 48 34 12 12 
40 19 17 44 22 44 16 46 10 3 29 37 21 11 11 41 18 42 26 24 0 50 19 19 29 4 35 35 28 20 10 
10 13 25 44 47 19 28 9 3 42 7 13 21 44 42 21 15 40 22 23 7 0 6 9 38 12 22 1 39 41 37 
9 39 26 1 44 17 12 28 15 43 14 10 40 34 18 37 48 25 37 33 21 46 0 6 48 4 5 4 38 32 25 
18 39 18 16 33 18 38 20 1 26 9 38 25 29 10 48 16 25 21 25 24 26 2 0 9 17 14 34 29 48 40 
13 25 46 40 25 26 42 25 2 50 50 28 25 11 25 33 21 27 38 6 39 30 18 8 0 2 42 38 10 50 20 
35 9 23 11 14 35 42 36 4 34 6 41 24 21 26 46 2 41 35 34 43 7 41 42 1 0 33 7 39 39 34 
38 33 26 32 15 41 6 15 48 40 41 36 24 4 50 49 7 47 32 6 41 47 26 16 27 29 0 18 32 10 31 
28 4 48 21 47 24 16 42 7 35 41 38 44 45 43 7 34 37 42 3 27 10 7 33 43 42 8 0 10 6 37 
24 25 5 17 12 38 39 3 8 27 33 15 41 48 16 4 4 31 23 20 46 32 40 7 5 19 48 15 0 29 5 
17 6 37 21 12 17 33 27 34 6 19 31 29 16 21 13 20 10 17 40 39 27 38 36 41 43 35 48 13 0 44 
40 24 25 4 11 28 28 21 36 50 21 27 48 17 2 15 3 24 37 42 49 38 48 39 17 40 19 2 30 20 0 
32 0 36 15 40 16 45 6 26 6 43 35 50 24 18 20 12 30 21 34 26 40 11 12 21 45 3 27 36 38 21 
10 27 0 41 17 18 36 13 8 2 8 9 27 19 44 8 50 15 31 20 5 11 48 18 4 30 22 25 44 45 14 
19 21 39 0 35 34 9 9 7 1 35 50 23 20 27 18 13 42 18 14 46 38 46 17 33 11 12 9 38 38 47 
11 19 13 38 0 40 39 39 35 11 49 41 8 30 36 5 39 29 42 37 17 30 7 31 50 27 23 4 6 25 23 
1 21 20 5 24 0 32 10 32 38 29 25 8 8 15 5 30 16 32 28 23 33 17 2 21 18 5 39 14 12 17 
36 33 11 38 49 21 0 39 26 12 24 29 48 5 9 43 22 50 16 45 47 7 23 29 2 40 34 20 49 37 19 
43 47 21 21 43 42 48 0 20 17 35 41 40 20 4 45 36 12 43 29 46 5 23 19 15 10 14 5 9 49 15 
1 41 39 44 32 33 27 35 0 16 1 24 31 49 11 6 18 3 25 8 5 22 27 20 42 15 20 28 6 11 30 
37 39 22 3 34 1 1 27 23 0 12 9 28 28 28 22 25 25 9 9 43 11 31 2 45 43 24 22 48 29 12 
5 21 24 36 15 35 10 47 27 6 0 17 27 2 46 46 45 50 42 20 41 46 20 48 18 19 7 38 27 10 10 
30 4 48 12 8 38 5 42 14 37 16 0 28 32 3 27 35 29 6 49 49 25 30 28 39 16 35 24 6 17 8 
48 33 37 17 27 14 29 41 38 8 40 8 0 28 33 25 18 38 45 42 35 29 33 29 12 36 50 26 10 46 23 
15 50 26 7 40 33 42 16 27 14 6 38 18 0 42 9 18 2 46 14 49 47 30 14 33 30 16 5 26 32 28 
38 20 46 16 43 41 33 22 44 42 27 23 19 29 0 29 41 15 37 3 18 48 31 46 48 26 35 36 43 27 25 
29 17 34 50 26 37 43 3 49 19 35 30 2 22 23 0 25 12 36 4 40 1 18 23 14 30 8 25 49 40 8 
6 40 46 19 13 11 39 20 3 43 48 12 38 35 34 18 0 29 24 25 2 24 50 40 37 24 12 44 21 20 18 
12 45 14 41 13 46 35 34 9 13 36 43 33 11 42 39 31 0 38 31 12 30 2 24 38 35 6 50 9 45 2 
17 19 50 36 31 4 49 47 23 38 34 46 15 13 16 32 18 29 0 45 36 31 6 41 9 39 11 22 26 7 7 
46 27 39 8 46 18 44 48 31 39 41 34 16 43 29 35 37 11 22 0 3 39 22 14 10 22 11 28 41 48 20 
32 23 40 16 42 8 7 8 18 49 39 20 49 6 45 47 41 48 31 4 0 25 11 5 5 19 25 13 29 36 36 
41 3 1 11 8 18 45 1 1 22 28 30 44 24 15 19 23 8 16 25 21 0 30 11 44 46 22 19 36 48 18 
45 28 22 32 9 37 20 39 49 27 3 40 47 10 26 45 18 32 40 50 3 5 0 14 12 15 11 43 7 15 37 
50 9 3 34 27 1 9 12 15 29 50 35 10 39 22 31 34 1 18 2 4 38 46 0 49 15 40 14 11 18 49 
44 13 24 13 28 45 37 14 33 26 37 6 17 12 50 19 46 26 40 35 27 42 40 14 0 33 13 13 5 19 37 
37 48 45 17 35 38 11 47 12 28 44 20 19 42 16 49 22 35 49 47 45 39 21 33 22 0 3 24 10 31 15 
33 33 45 47 40 39 12 50 28 13 8 50 15 13 41 7 24 48 49 35 42 29 7 22 43 48 0 28 12 46 32 
14 2 17 47 46 12 26 22 3 27 38 22 7 37 40 46 25 9 43 15 30 26 12 46 24 5 26 0 23 4 42 
12 50 4 47 49 6 33 19 18 30 32 2 45 22 48 20 22 21 32 48 24 19 20 32 2 39 40 21 0 23 41 
36 3 19 12 16 38 19 11 38 34 13 7 42 14 33 29 31 40 49 5 33 6 41 7 18 43 31 23 45 0 11 
16 12 46 27 44 29 34 34 7 10 2 12 33 49 35 18 27 7 49 24 8 1 23 18 9 30 13 13 44 23 0 
7 0 46 16 28 18 1 11 16 20 5 46 48 34 39 4 22 24 43 22 1 16 25 25 21 3 16 40 28 18 15 
17 21 0 40 34 3 6 46 6 31 34 7 12 38 45 29 10 17 34 15 38 7 20 42 43 7 33 22 46 25 3 
12 33 48 0 5 38 25 9 1 36 49 26 18 13 38 45 5 38 30 42 43 49 6 14 31 8 47 30 47 27 21 
34 1 31 28 0 23 24 15 33 7 5 2 17 48 17 12 39 8 4 49 3 46 42 4 32 4 6 20 17 48 42 
45 12 25 16 15 0 26 37 35 15 21 41 6 24 38 42 33 9 48 20 19 40 27 49 24 25 42 47 49 25 17 
5 48 36 16 11 41 0 43 33 2 36 3 23 39 28 13 41 19 17 41 21 48 22 48 29 2 19 13 1 41 23 
30 38 11 49 17 44 20 0 9 28 1 41 26 47 34 17 18 38 21 11 35 24 31 9 4 20 33 50 7 14 42 
28 42 42 29 7 15 12 41 0 11 20 21 10 39 40 31 22 26 15 12 34 31 43 40 6 50 49 30 8 29 35 
44 14 45 36 24 49 35 18 28 0 3 6 47 11 42 15 15 42 19 23 48 7 36 46 31 11 36 2 36 30 8 
35 5 12 27 26 8 15 4 16 32 0 38 9 38 9 28 35 32 49 42 35 8 12 35 32 29 9 18 15 25 39 
48 49 39 20 19 2 35 35 16 7 50 0 38 3 42 11 48 49 37 3 27 4 4 44 45 1 24 21 31 48 18 
40 1 30 28 35 40 21 18 41 27 50 48 0 33 36 36 20 9 44 21 31 11 31 13 48 36 44 5 44 20 45 
32 5 37 49 17 50 9 26 7 22 28 31 47 0 27 28 6 21 9 10 31 15 28 10 18 7 10 38 32 43 42 
35 28 49 46 46 46 11 35 19 36 12 34 37 50 0 4 31 35 37 21 30 23 46 34 39 30 5 45 20 42 8 
12 27 34 16 37 1 32 1 31 33 45 37 41 24 20 0 32 41 10 15 27 26 2 12 13 19 40 44 10 17 41 
1 42 43 12 25 35 1 22 14 3 49 34 6 38 35 36 0 6 11 20 49 14 35 6 16 33 11 16 21 47 47 
8 22 35 41 32 4 45 29 50 35 32 19 47 12 28 42 47 0 24 29 33 34 34 41 18 28 16 37 28 30 15 
19 31 25 17 46 28 50 16 7 32 42 27 11 35 17 45 39 44 0 38 41 14 43 42 15 14 25 32 17 13 17 
18 17 50 36 17 2 44 30 17 1 43 31 18 48 41 8 23 7 2 0 33 28 43 40 39 1 27 39 11 4 22 
47 34 3 40 15 26 27 26 19 16 2 10 28 37 49 33 26 45 24 6 0 2 26 16 31 39 25 27 12 35 41 
14 34 26 45 5 9 29 28 33 16 31 47 38 36 32 19 15 4 41 18 1 0 44 38 49 20 21 18 22 2 40 
49 16 42 28 3 18 34 33 33 40 5 49 13 8 26 6 38 31 50 21 10 24 0 21 17 40 21 46 28 26 34 
42 7 27 44 18 15 6 11 33 14 35 32 21 1 14 3 32 30 24 15 34 38 23 0 31 30 25 45 25 39 33 
23 7 8 49 49 48 23 19 41 11 1 28 48 37 36 29 4 21 4 38 39 16 5 12 0 50 4 35 46 14 43 
20 31 22 1 41 29 25 23 2 17 31 13 40 13 14 7 41 36 45 2 22 25 22 2 44 0 7 2 47 49 46 
13 27 5 48 41 20 6 48 46 8 5 32 19 37 7 27 27 42 48 44 13 49 2 13 22 46 0 10 21 7 35 
28 28 24 7 4 4 8 42 23 45 2 44 41 38 48 41 6 35 45 18 30 11 50 6 33 14 26 0 43 27 45 
11 35 41 12 31 27 8 12 34 3 19 36 20 3 42 20 9 14 16 32 40 25 27 40 6 18 29 19 0 25 40 
29 16 16 28 35 18 3 30 7 21 33 45 2 42 49 45 41 47 14 13 5 12 28 46 6 36 8 2 7 0 14 
48 40 38 44 25 3 20 42 19 25 17 30 7 45 49 46 24 35 41 11 27 33 5 12 36 18 39 21 23 49 0 
10 0 2 24 44 23 44 7 9 18 47 25 50 28 39 47 25 5 33 48 10 13 24 12 46 38 16 35 27 9 8 
15 50 0 20 21 16 16 7 14 22 5 40 16 17 44 37 27 5 17 15 11 13 6 24 13 37 36 41 28 7 8 
9 31 1 0 11 33 26 31 8 24 32 19 42 12 43 21 48 7 18 10 11 12 19 12 48 45 9 27 7 34 30 
25 30 7 15 0 46 9 15 7 12 11 47 47 43 34 42 21 45 31 43 39 30 23 19 47 46 41 19 3 17 24 
49 25 24 44 7 0 40 36 48 47 12 33 1 6 49 14 15 26 28 6 24 14 46 14 45 1 2 11 11 19 6 
40 13 40 39 13 23 0 23 50 28 3 36 48 35 31 7 29 18 20 33 32 16 42 47 43 11 3 11 29 44 5 
29 25 30 42 22 20 11 0 18 36 42 42 27 1 4 38 17 12 34 39 22 35 41 28 38 40 49 17 48 28 10 
12 44 6 23 25 11 19 43 0 9 37 18 1 35 42 40 39 41 44 5 44 42 28 41 22 21 38 48 42 2 24 
4 14 40 27 30 48 21 29 30 0 28 49 20 25 3 4 35 7 37 48 1 9 24 44 34 19 35 4 34 2 37 
14 27 41 36 34 5 11 8 12 42 0 19 13 15 28 46 23 4 39 19 37 32 12 45 1 16 31 20 6 8 45 
45 37 27 43 14 22 29 39 19 49 24 0 49 25 7 33 46 10 16 39 47 32 16 16 16 6 3 33 41 21 3 
36 5 1 17 47 32 36 22 14 24 45 15 0 20 20 14 33 37 38 19 20 22 4 18 12 14 30 22 12 38 12 
40 38 18 17 14 19 49 8 10 2 10 38 3 0 15 3 17 46 47 3 23 16 45 23 2 32 32 38 40 4 18 
10 25 34 3 35 7 48 4 6 45 35 30 28 17 0 10 34 2 3 9 47 34 26 9 16 47 45 16 17 35 33 
31 10 5 42 42 36 5 1 31 47 20 43 41 8 39 0 37 17 6 43 49 30 35 31 7 35 35 16 19 6 40 
41 32 19 24 14 25 26 37 26 25 30 2 23 13 28 41 0 35 1 27 11 29 11 25 37 3 47 29 48 8 7 
20 36 45 42 6 38 24 17 45 14 12 31 30 18 20 29 13 0 19 29 44 50 16 42 46 12 31 8 33 22 18 
47 28 29 19 5 44 7 31 7 40 18 19 7 14 50 48 31 7 0 18 24 34 11 19 14 7 5 44 49 31 26 
31 41 46 28 17 34 2 12 14 26 22 32 12 39 27 32 9 29 47 0 14 1 2 16 48 34 37 10 16 12 1 
50 9 1 32 10 27 23 30 47 16 47 20 43 42 3 2 50 30 38 26 0 46 16 3 17 25 30 25 49 44 31 
25 37 50 13 26 14 31 30 30 50 10 30 32 31 18 32 9 25 46 32 37 0 30 28 37 5 35 6 35 8 30 
2 25 37 16 42 10 20 31 16 39 22 21 1 38 16 17 35 22 50 44 22 1 0 3 12 45 46 9 14 9 42 
8 47 23 50 49 36 43 16 40 8 12 29 9 7 11 17 30 41 21 39 50 35 35 0 14 9 1 22 25 22 47 
2 7 22 25 31 25 48 1 40 31 24 19 33 42 33 43 43 47 1 28 16 19 43 20 0 42 24 12 10 42 48 
15 19 45 43 7 6 7 34 26 37 19 29 2 41 15 32 2 44 31 16 9 26 24 45 31 0 33 14 3 33 8 
13 39 10 42 17 6 24 40 35 28 37 9 21 15 9 38 17 3 6 10 22 19 29 26 40 40 0 45 50 13 25 
42 5 2 19 24 31 20 10 24 10 8 13 10 4 29 50 5 10 37 44 16 12 47 23 37 45 11 0 34 2 28 
12 25 27 11 36 33 8 3 42 29 18 7 29 47 3 9 9 25 47 40 35 36 14 20 9 31 8 29 0 33 29 
20 37 9 47 48 34 36 49 19 47 43 3 18 8 27 9 33 1 21 28 37 37 37 12 43 26 11 8 3 0 6 
26 29 21 14 9 32 49 33 49 19 23 11 7 1 48 32 19 6 44 50 48 7 8 5 43 34 50 47 4 22 0 
24 0 29 47 13 22 14 33 4 50 45 11 1 3 3 5 26 31 37 15 11 8 5 15 3 8 19 21 16 22 26 
32 3 0 29 27 46 45 14 44 30 34 50 15 7 49 40 48 5 6 1 17 3 13 33 43 14 19 14 44 5 3 
43 18 33 0 24 14 8 22 26 8 10 13 38 8 31 12 44 49 17 14 11 15 16 15 6 23 19 20 37 13 28 
31 20 39 27 0 41 33 33 33 36 32 26 29 49 41 4 16 6 3 32 21 20 48 31 45 38 28 3 28 2 45 
38 36 13 31 29 0 43 49 31 40 29 12 17 32 32 35 37 18 25 2 7 14 18 5 43 8 34 39 45 40 14 
31 5 32 41 44 41 0 16 18 12 12 18 25 13 3 9 4 17 50 10 2 11 28 26 45 31 20 31 21 23 46 
5 5 42 26 49 7 35 0 41 38 45 21 50 13 40 40 39 6 3 35 5 17 40 35 39 4 3 29 38 10 25 
11 46 46 16 8 13 34 37 0 4 2 19 26 13 15 31 12 16 37 5 43 15 28 36 19 29 15 20 3 23 47 
28 48 32 14 35 25 4 47 33 0 27 5 19 50 33 36 42 28 20 8 43 37 43 33 18 10 33 11 27 38 43 
43 32 15 7 24 22 45 49 31 6 0 8 19 4 28 38 47 29 3 34 38 38 50 46 31 10 36 15 14 4 2 
15 28 10 41 34 24 5 43 10 14 47 0 29 39 2 35 19 40 5 30 14 5 8 43 50 5 43 37 34 47 39 
7 31 45 30 42 30 9 14 44 15 43 36 0 44 21 42 10 12 44 46 42 46 11 35 41 48 8 35 11 36 42 
38 21 46 21 7 16 34 10 11 6 10 27 11 0 16 21 19 14 23 9 46 32 43 38 6 43 47 47 4 32 34 
46 49 28 3 27 22 41 24 14 27 26 2 33 41 0 32 20 50 19 20 30 45 12 2 40 10 45 34 40 29 11 
19 30 28 28 11 11 49 8 40 50 28 40 10 33 20 0 31 10 48 25 23 47 28 35 3 39 34 48 38 44 32 
39 1 46 3 8 47 25 6 31 21 22 43 30 21 2 5 0 2 20 21 30 36 36 16 6 14 41 46 25 39 27 
14 11 14 8 12 28 45 7 25 24 6 5 18 4 2 5 49 0 14 2 34 32 28 18 15 47 3 35 41 40 17 
1 50 17 4 7 11 29 23 9 25 11 46 45 47 24 31 19 13 0 4 9 43 32 24 6 45 37 43 50 12 9 
43 5 18 9 24 7 38 14 47 41 27 26 5 28 24 37 33 22 42 0 16 35 23 37 31 25 19 26 12 10 21 
18 29 12 1 32 7 28 37 24 17 44 6 16 14 33 17 27 47 32 8 0 5 22 8 46 25 21 19 37 35 5 
31 26 4 27 23 48 15 5 46 18 9 46 48 25 23 29 7 23 49 8 42 0 30 30 2 17 47 22 16 26 11 
38 42 3 19 37 18 3 40 41 35 2 23 1 15 50 9 25 33 23 47 14 46 0 39 27 14 2 47 2 10 27 
27 49 29 35 30 18 43 30 39 6 27 17 33 14 6 20 29 15 3 8 22 39 44 0 30 48 43 3 27 6 35 
21 1 30 15 9 4 44 17 36 32 16 45 45 18 20 47 14 26 21 44 23 32 50 2 0 5 38 6 50 38 37 
15 17 24 4 35 27 38 18 5 3 26 13 29 21 43 28 45 27 10 1 30 28 6 12 13 0 40 1 28 10 21 
48 44 29 50 17 49 21 41 33 44 10 46 21 19 18 11 3 29 10 28 44 30 41 38 7 38 0 12 13 42 46 
26 10 8 34 5 33 34 30 4 44 7 4 44 16 41 35 7 38 44 2 37 23 19 33 28 19 4 0 42 43 30 
38 9 50 38 19 1 38 37 14 36 28 24 25 17 22 40 36 25 47 23 31 25 19 41 10 4 41 26 0 7 37 
29 42 37 25 6 48 5 7 48 40 47 21 24 8 24 14 48 3 12 38 33 30 45 20 49 14 41 9 29 0 15 
10 13 31 28 8 36 37 1 11 24 36 30 27 8 27 11 1 11 17 46 6 39 14 19 4 49 48 17 26 43 0 
7 0 46 29 33 30 35 40 46 1 38 27 48 42 38 3 3 4 38 44 39 13 31 42 33 10 22 49 12 25 10 
39 20 0 25 19 18 40 2 44 28 42 21 6 10 29 20 9 48 27 17 1 46 11 23 38 30 26 4 46 24 9 
36 28 22 0 42 50 7 23 24 21 13 2 10 10 2 18 8 21 14 13 2 25 23 46 24 15 29 48 37 40 42 
37 6 21 20 0 6 44 34 19 30 14 36 25 6 5 50 36 1 21 21 22 6 41 34 23 35 14 33 49 27 22 
10 37 34 29 27 0 46 40 41 46 25 25 2 35 50 16 1 17 42 24 29 28 27 17 19 37 46 23 48 36 43 
11 35 42 8 4 49 0 41 28 28 5 46 11 26 47 47 4 7 34 7 35 48 42 25 48 44 34 21 16 43 31 
24 42 6 4 14 40 10 0 27 47 17 10 40 14 20 34 18 2 20 22 34 40 39 42 1 46 19 11 44 15 21 
29 25 35 47 31 4 6 22 0 33 7 44 31 38 40 25 8 28 6 15 26 33 1 44 10 42 35 1 5 9 45 
30 16 12 26 39 35 5 17 39 0 31 13 30 38 15 40 9 2 3 27 38 41 5 30 39 39 29 32 26 6 47 
4 2 14 38 28 28 19 12 2 40 0 4 12 17 35 14 3 14 29 20 33 33 49 28 21 4 25 37 23 38 10 
4 29 12 43 28 12 17 50 38 13 41 0 40 1 38 35 30 39 46 26 36 16 3 7 23 14 5 24 43 34 3 
42 46 24 42 36 25 1 25 8 3 37 15 0 42 7 43 44 48 41 37 25 37 41 48 3 45 2 23 39 29 23 
38 25 16 35 22 45 16 10 2 10 30 14 39 0 23 50 2 11 50 31 21 8 33 6 10 17 1 49 22 48 35 
2 12 46 35 15 12 49 7 36 49 28 39 40 27 0 45 23 3 25 4 43 41 23 9 9 15 5 19 6 18 22 
47 45 12 18 8 18 19 4 9 38 3 5 14 32 44 0 20 44 29 15 45 48 24 19 6 44 29 4 38 21 11 
43 43 40 15 3 33 27 23 19 28 5 50 17 16 41 37 0 9 27 15 45 11 41 42 24 24 23 27 7 24 29 
15 31 33 49 45 10 15 50 30 11 43 22 10 38 41 48 7 0 3 15 8 21 27 23 26 50 3 2 16 41 30 
7 21 49 40 13 24 17 19 22 31 22 10 47 4 2 40 32 5 0 33 26 16 24 42 17 9 39 8 7 50 43 
9 49 9 1 5 23 24 20 25 18 32 39 32 34 36 11 30 19 25 0 10 22 48 33 16 14 33 30 33 32 25 
16 11 20 30 23 23 2 47 50 30 16 12 30 16 45 28 43 8 32 49 0 9 40 33 40 21 11 17 44 37 22 
44 42 39 1 2 22 19 2 11 13 9 34 20 46 44 10 18 18 21 37 41 0 22 2 33 16 27 28 31 9 12 
7 9 11 28 36 25 24 29 15 24 9 41 48 19 40 26 20 38 46 11 44 49 0 23 1 32 23 41 7 36 26 
44 39 44 50 7 1 23 43 10 20 37 40 4 47 28 50 25 33 43 40 7 41 35 0 48 19 8 37 10 46 14 
35 17 44 39 31 20 48 48 13 40 3 28 28 27 24 4 46 26 23 33 49 8 14 46 0 19 3 4 46 31 49 
15 14 47 46 35 21 47 15 17 8 3 27 21 3 38 30 13 9 25 16 12 11 37 13 16 0 28 3 48 20 28 
17 2 18 14 26 40 31 32 42 4 8 32 9 16 31 23 38 12 9 40 40 46 22 16 37 4 0 27 35 31 8 
18 49 45 40 42 1 9 7 28 48 50 31 17 21 8 31 2 22 33 44 41 42 40 31 38 21 31 0 3 28 22 
13 47 2 35 37 9 37 20 24 31 14 31 35 11 41 10 29 2 8 7 2 5 2 38 18 26 10 14 0 2 21 
20 7 29 6 36 3 30 33 34 50 44 33 49 2 30 10 8 30 41 29 43 30 45 22 21 8 45 15 18 0 12 
49 24 18 3 11 7 2 29 26 38 30 47 18 8 13 20 7 1 8 8 18 31 23 24 29 41 12 8 35 28 0 
9 0 16 15 23 1 21 15 46 41 24 8 29 5 4 49 47 12 37 9 1 2 45 7 10 44 19 1 45 25 21 
45 45 0 44 48 30 15 32 46 8 43 5 12 10 35 50 39 27 20 25 33 29 26 49 34 27 14 9 5 29 32 
21 20 22 0 21 29 14 35 7 24 35 15 17 30 17 47 41 35 23 10 5 43 31 21 42 43 20 46 11 22 16 
7 27 18 26 0 23 35 40 40 7 37 4 20 47 41 19 13 46 33 38 36 29 37 45 24 40 40 50 30 28 9 
18 25 35 9 28 0 38 49 4 45 12 1 46 17 24 1 23 35 30 24 30 24 14 23 36 37 21 33 44 37 33 
36 10 12 48 19 30 0 36 38 13 31 14 43 38 27 36 34 20 22 23 17 6 20 6 49 36 4 3 49 22 8 
6 6 18 12 26 41 34 0 19 5 22 38 47 18 43 17 32 27 46 1 4 1 11 22 20 28 16 4 14 13 15 
27 38 17 5 26 9 25 26 0 1 45 50 2 18 1 30 9 3 14 33 4 28 7 48 18 8 45 34 48 35 11 
37 21 7 40 46 1 30 13 18 0 8 7 1 46 6 4 50 44 21 41 19 13 41 32 9 38 20 40 49 48 32 
25 28 41 40 9 30 45 28 6 30 0 30 41 46 25 48 28 12 43 15 9 2 13 8 17 48 46 40 48 3 26 
11 31 15 37 33 30 10 6 48 25 5 0 16 16 12 39 23 46 7 12 10 9 48 35 40 30 12 21 25 42 13 
41 48 26 30 19 49 27 10 42 18 18 6 0 45 41 4 36 48 47 28 26 1 33 37 43 17 14 47 25 7 21 
10 36 14 36 34 8 41 37 43 41 46 36 16 0 44 43 3 3 45 37 45 15 25 47 17 13 9 11 33 13 5 
3 2 4 21 9 33 43 10 7 47 45 11 4 38 0 30 15 18 44 1 15 11 3 39 12 6 36 40 48 24 26 
47 9 24 39 39 45 33 45 35 11 11 44 38 40 50 0 5 21 9 37 48 41 18 32 49 44 50 13 42 16 24 
43 45 37 31 50 37 38 16 50 36 33 24 9 41 4 18 0 15 49 13 2 15 31 12 26 35 30 27 26 45 39 
32 42 30 12 18 16 8 7 40 13 17 6 10 1 15 18 10 0 42 45 27 35 14 29 14 10 13 34 11 47 21 
11 13 21 12 4 42 45 48 24 38 11 9 10 50 36 9 21 11 0 12 18 21 35 31 19 4 18 13 16 3 5 
33 48 11 20 3 5 36 49 47 24 24 12 19 7 17 27 5 30 28 0 1 42 23 50 29 1 27 32 3 8 37 
29 29 46 19 6 14 49 40 48 31 24 23 15 38 44 9 17 24 3 28 0 13 33 38 2 13 10 49 32 20 27 
23 33 41 11 45 46 17 50 2 4 29 16 33 48 27 20 9 12 36 42 10 0 9 1 31 24 47 41 44 6 46 
15 17 21 22 9 41 32 4 44 49 42 17 22 50 49 48 1 41 25 44 2 37 0 47 28 17 15 33 11 37 49 
6 24 44 6 39 12 45 12 40 37 39 5 19 37 1 43 37 1 32 27 47 50 19 0 13 44 29 20 44 5 44 
9 22 18 45 43 19 23 16 12 37 3 39 2 39 5 48 19 10 27 24 28 32 29 11 0 3 6 5 32 12 10 
43 2 7 46 29 18 38 24 44 32 20 21 40 45 24 8 48 31 8 47 10 10 17 31 17 0 27 43 7 43 38 
15 42 5 2 45 2 32 7 11 38 11 46 16 46 4 8 43 34 38 46 9 24 24 16 1 33 0 35 27 29 3 
25 31 31 7 17 29 17 39 1 22 26 42 20 20 37 15 45 22 27 10 34 10 19 48 30 41 18 0 39 2 13 
18 6 28 9 14 30 15 10 29 26 41 4 34 17 20 17 5 5 29 36 39 14 50 20 19 16 12 34 0 28 27 
11 28 38 38 4 20 14 12 7 8 50 35 43 1 19 30 26 3 28 13 37 14 11 16 25 4 6 8 41 0 49 
18 32 32 3 15 14 17 46 13 1 4 43 48 22 37 4 21 49 2 39 40 9 6 16 40 47 18 22 14 1 0 
15 0 6 22 8 40 19 4 41 37 6 14 31 41 28 9 44 16 40 30 21 33 7 7 3 9 9 26 16 13 18 
46 45 0 32 13 36 48 22 40 32 18 50 31 13 47 25 10 19 29 7 46 32 28 43 43 18 8 50 19 50 31 
44 38 28 0 19 10 19 49 29 42 12 23 26 8 12 22 3 44 11 28 50 41 48 9 17 37 18 3 39 46 29 
48 3 41 1 0 25 12 4 45 37 7 12 41 37 46 24 6 21 32 22 16 14 40 42 1 41 47 30 11 32 42 
17 10 34 14 14 0 20 36 7 38 10 49 49 24 21 38 50 11 14 44 32 48 22 18 30 15 9 11 41 11 29 
33 43 14 45 41 2 0 8 24 33 4 20 14 44 13 17 16 16 21 13 41 36 17 18 50 44 46 43 4 49 5 
9 45 47 10 27 7 35 0 29 31 36 43 38 31 40 12 35 28 5 14 50 43 41 29 20 43 17 25 15 1 45 
10 4 25 28 45 26 18 35 0 36 10 31 38 40 27 48 49 36 29 38 10 18 38 40 50 13 19 17 27 17 11 
32 21 28 37 27 39 13 4 45 0 37 17 44 20 4 19 6 1 2 23 45 31 46 28 42 27 22 15 25 16 27 
9 42 18 25 28 11 10 4 50 10 0 36 33 35 2 43 25 19 36 31 7 19 15 5 23 30 37 44 37 10 6 
25 39 38 19 28 26 26 45 26 9 46 0 47 2 13 9 49 12 27 49 2 4 29 44 9 8 45 37 46 46 42 
17 24 45 45 35 48 45 16 24 18 50 25 0 10 23 12 22 14 42 14 32 25 18 39 8 2 46 45 30 11 34 
39 30 50 35 42 23 3 7 29 12 4 46 3 0 32 3 29 20 22 48 36 32 46 32 15 18 50 35 37 43 40 
3 16 5 41 29 20 25 26 31 39 19 7 13 3 0 28 29 15 8 6 23 27 24 33 25 3 44 48 35 18 43 
38 17 14 40 9 39 42 12 3 33 5 44 42 10 18 0 25 33 30 38 39 36 28 31 20 13 30 34 30 39 36 
23 40 9 38 1 3 43 24 45 39 38 3 5 24 19 33 0 32 24 8 28 11 19 48 29 8 11 36 44 27 29 
6 12 24 18 11 15 36 4 9 15 32 9 36 49 1 33 24 0 8 2 30 48 11 23 11 25 4 43 30 31 41 
17 49 48 16 33 27 30 38 14 5 48 29 15 44 46 2 34 50 0 28 26 37 29 43 47 31 46 40 13 43 7 
23 7 23 19 48 34 12 20 16 25 3 37 45 47 33 20 46 30 16 0 24 20 43 2 6 4 39 7 1 35 38 
38 17 45 7 33 42 6 47 46 13 40 14 34 4 23 1 34 47 15 11 0 1 10 48 19 38 30 5 18 15 10 
27 12 36 29 38 37 42 38 14 41 15 50 35 3 34 6 9 49 34 3 5 0 10 36 24 38 28 19 27 20 4 
38 39 32 36 36 29 29 6 16 36 10 46 33 25 47 1 26 46 36 32 21 6 0 34 12 5 17 26 12 42 11 
19 15 19 11 4 27 19 49 17 6 27 4 34 49 44 10 28 12 28 37 2 23 42 0 38 33 32 5 20 32 19 
3 18 15 5 17 45 28 23 21 20 33 28 29 30 5 18 23 36 19 46 40 15 35 5 0 10 46 24 32 29 23 
23 49 17 48 3 10 40 29 32 49 32 5 41 8 5 24 44 12 33 16 9 19 2 37 30 0 38 34 11 46 22 
21 46 44 49 48 35 12 32 28 46 29 45 5 20 14 35 25 27 1 36 2 13 50 14 14 4 0 48 31 19 15 
27 29 34 11 29 37 12 42 11 21 13 13 34 37 37 15 15 32 24 45 14 7 11 10 20 9 47 0 31 35 45 
38 31 13 13 20 50 11 45 42 27 24 33 17 30 24 40 29 13 27 50 39 16 8 25 2 20 19 24 0 42 21 
40 31 8 17 34 32 50 22 18 38 4 21 41 47 21 32 41 31 37 30 30 35 5 36 6 22 24 39 12 0 1 
31 38 3 22 37 44 26 1 47 43 40 8 45 39 46 19 25 11 4 21 30 39 38 12 41 6 26 22 11 12 0 
8 0 11 10 18 8 17 18 19 10 27 6 40 34 44 40 22 40 17 40 37 47 14 35 42 21 42 50 42 31 32 
19 4 0 40 36 35 30 49 28 32 30 1 6 2 27 15 40 6 44 22 19 17 10 33 25 15 45 26 18 47 16 
17 26 39 0 28 9 3 1 49 10 11 24 12 35 11 37 41 12 9 28 32 37 6 20 12 16 10 22 16 21 41 
4 31 32 16 0 13 25 18 24 19 12 40 7 35 12 46 5 25 22 39 24 33 18 41 15 30 11 7 27 13 50 
32 35 28 20 8 0 44 30 20 49 12 23 38 40 16 42 30 22 9 17 11 35 50 28 47 8 36 40 17 37 2 
19 42 11 20 31 5 0 29 16 4 2 25 6 23 27 1 45 29 25 23 50 40 48 10 3 15 32 8 32 12 23 
4 13 33 48 43 32 28 0 21 36 38 1 7 6 15 36 30 27 1 46 13 7 16 45 37 12 22 32 9 5 49 
48 48 4 31 49 13 23 26 0 35 20 18 8 40 36 50 33 42 46 17 36 5 8 36 50 16 39 19 46 36 22 
1 19 17 37 40 3 3 25 17 0 24 7 2 16 27 45 50 26 9 38 29 30 37 43 20 45 41 12 5 16 11 
44 28 40 14 20 49 42 4 47 47 0 31 18 30 43 30 4 42 10 5 17 13 11 8 7 42 14 27 48 42 50 
42 48 10 6 31 29 12 3 7 46 8 0 22 12 42 49 13 8 50 40 42 50 2 1 49 48 33 20 33 22 6 
23 45 12 48 6 33 8 24 13 1 42 39 0 3 9 10 41 49 17 9 29 7 28 8 1 50 40 48 12 9 48 
10 30 31 2 24 13 11 15 37 17 6 34 38 0 40 50 11 50 43 40 7 34 3 25 44 50 46 38 11 48 16 
36 47 16 15 41 13 8 2 35 47 31 35 31 43 0 24 23 40 18 1 40 41 5 22 2 14 7 5 38 3 29 
26 50 18 21 32 9 19 23 49 38 4 48 8 43 26 0 50 23 32 20 27 6 20 11 9 26 31 25 14 1 35 
8 21 50 7 22 32 17 10 12 16 5 18 20 14 36 43 0 48 30 26 14 34 23 18 26 23 6 40 10 46 1 
34 5 22 15 31 33 48 1 22 45 34 14 21 5 22 39 1 0 47 23 33 33 46 38 37 1 35 3 25 35 16 
43 8 15 11 32 50 46 5 33 4 46 47 9 32 31 21 3 13 0 4 35 5 43 37 13 19 39 18 36 15 47 
30 24 17 6 2 26 50 11 24 23 43 47 14 19 37 37 38 6 7 0 30 32 40 21 50 11 1 21 3 43 43 
33 11 40 37 24 23 30 3 31 6 22 43 40 32 42 9 29 18 26 32 0 2 12 29 35 15 41 3 18 45 2 
5 48 18 32 41 33 7 28 46 15 7 35 26 1 9 40 1 39 8 3 22 0 3 27 11 42 21 32 5 22 34 
20 13 8 30 1 25 25 9 42 10 2 1 23 11 25 17 37 28 27 26 40 15 0 10 43 30 3 21 8 41 20 
1 2 6 13 46 45 27 46 1 35 15 42 48 48 1 22 31 16 36 25 35 4 29 0 47 44 6 3 16 1 49 
4 18 19 22 10 50 46 11 16 30 41 41 28 43 11 48 17 12 43 9 22 5 22 16 0 35 47 24 9 19 40 
43 12 46 3 31 48 24 27 39 1 26 20 1 7 35 45 27 36 37 46 40 41 23 43 27 0 50 47 3 37 13 
27 37 43 26 38 29 45 25 13 14 25 41 23 43 33 3 5 16 32 41 21 38 23 23 1 2 0 39 4 27 31 
1 22 40 27 24 40 28 25 19 6 50 2 24 23 22 50 19 31 10 24 46 32 21 47 42 39 14 0 20 26 36 
40 42 49 32 13 4 2 47 19 43 25 30 47 27 41 19 15 1 1 2 34 9 44 3 36 20 1 43 0 35 36 
26 8 50 33 16 9 4 43 10 19 48 22 13 18 49 16 35 45 6 24 25 14 19 24 3 32 48 46 47 0 43 
3 9 12 34 18 18 31 14 11 33 15 22 41 33 4 12 46 27 4 21 36 6 38 12 11 13 40 26 31 35 0 
11 0 8 46 17 16 40 11 30 1 32 35 21 35 23 9 3 23 37 21 41 37 22 43 26 8 48 22 50 23 5 
28 6 0 34 27 23 7 26 24 17 15 1 17 27 22 36 16 21 15 3 8 40 3 6 40 48 40 16 21 10 19 
18 11 7 0 46 4 30 37 9 1 2 27 49 20 6 41 20 45 21 41 43 27 8 48 16 15 26 50 45 29 33 
41 6 15 49 0 47 41 10 31 19 7 29 13 14 1 31 42 33 50 50 29 45 46 30 17 42 11 14 42 31 29 
30 43 31 18 11 0 21 35 22 10 1 11 14 3 35 15 15 44 47 35 24 43 1 45 1 39 46 27 48 7 36 
27 19 50 40 27 36 0 32 46 40 10 8 11 41 50 19 31 44 46 3 28 18 17 7 8 37 29 48 31 30 16 
45 37 16 24 24 42 14 0 13 8 29 33 48 7 25 17 32 11 46 32 8 2 31 46 30 19 10 13 43 3 48 
38 2 16 24 15 21 46 17 0 26 27 17 31 38 24 45 20 11 32 42 6 19 3 49 23 15 15 42 37 6 15 
30 22 11 11 41 31 33 33 11 0 46 36 44 20 6 41 21 43 22 35 50 50 31 1 48 29 36 4 44 10 1 
30 10 12 12 48 46 21 28 33 14 0 38 28 22 46 20 26 33 44 32 45 22 20 2 7 15 49 21 13 32 6 
28 39 24 10 17 27 32 9 8 46 50 0 16 39 22 12 22 10 6 29 4 3 10 13 16 30 10 9 6 47 50 
25 8 47 28 36 50 4 13 30 43 44 25 0 36 36 45 7 32 31 45 43 40 16 35 29 3 18 27 9 31 7 
19 26 12 9 22 43 19 12 36 13 19 47 26 0 36 10 29 25 27 21 24 29 28 12 5 10 10 24 19 25 18 
24 46 33 23 25 18 14 28 15 3 38 21 46 32 0 25 43 40 50 19 25 44 50 38 7 29 41 15 8 49 12 
19 1 38 18 40 23 15 3 11 42 15 47 12 19 37 0 9 33 30 30 18 20 24 50 50 25 24 8 26 45 34 
4 7 29 3 34 37 34 29 43 2 28 38 39 28 11 48 0 38 19 21 21 9 36 28 32 43 46 2 38 43 16 
16 40 9 27 39 9 18 10 36 50 26 5 37 28 40 33 35 0 23 40 28 37 39 5 25 26 18 29 48 11 38 
36 46 36 27 37 39 30 13 40 3 30 29 34 21 46 4 49 1 0 42 11 11 30 49 16 30 27 35 34 2 21 
30 21 49 48 15 30 20 11 42 2 4 23 33 37 49 8 6 35 30 0 22 19 29 7 1 28 7 47 20 47 10 
4 46 11 19 23 10 30 36 7 16 35 39 9 40 7 38 47 12 18 22 0 22 1 5 30 2 1 14 49 21 9 
34 50 14 32 49 8 12 14 15 39 29 20 28 15 38 31 20 17 44 40 11 0 36 2 25 38 4 42 32 18 22 
46 31 16 49 33 35 25 28 42 50 27 33 48 29 44 2 23 40 43 21 32 48 0 6 32 48 49 48 39 44 45 
17 31 47 43 44 48 5 30 33 3 6 43 25 45 14 28 38 24 32 36 31 2 40 0 47 41 49 26 34 1 35 
37 37 34 47 33 47 36 5 36 46 48 44 8 40 16 39 23 11 19 21 11 25 7 8 0 15 16 41 1 3 45 
22 21 30 49 16 20 10 29 12 17 43 34 38 37 39 38 44 50 31 3 27 16 16 31 24 0 13 30 26 33 18 
6 36 3 41 24 27 14 10 25 47 30 45 49 2 28 28 38 21 20 28 22 42 20 50 19 7 0 5 50 25 4 
40 34 47 45 12 7 31 47 13 12 24 34 25 35 23 33 17 15 3 47 26 9 7 6 47 14 17 0 3 23 17 
23 15 36 22 7 46 48 5 40 22 47 41 9 8 4 38 17 35 28 37 41 40 48 28 28 32 28 41 0 49 48 
41 28 25 46 40 10 49 4 29 28 35 12 26 32 50 36 1 49 2 9 48 32 26 36 27 33 18 8 44 0 26 
18 7 7 42 31 19 16 13 19 44 40 14 7 50 3 29 15 16 29 43 31 30 40 40 1 9 3 39 19 7 0 
43 0 42 10 3 10 28 6 34 1 31 20 38 30 8 20 34 26 27 34 49 18 2 30 1 45 39 18 17 42 23 
17 27 0 44 12 2 48 4 4 40 25 23 32 16 48 24 44 50 32 21 17 33 27 6 21 39 41 12 9 9 22 
10 40 43 0 28 15 44 44 18 7 22 30 23 37 10 26 37 36 32 28 1 40 37 46 25 40 41 22 24 23 11 
36 45 45 19 0 16 34 40 38 34 30 1 32 26 50 37 11 40 47 46 3 6 30 32 8 33 24 44 18 39 24 
23 21 45 46 36 0 36 28 19 44 43 48 48 49 49 1 8 12 47 38 30 1 26 28 21 6 6 14 38 36 43 
40 22 50 10 8 31 0 37 30 14 2 33 22 3 4 5 8 32 34 8 25 12 47 30 9 23 47 43 25 40 30 
22 41 33 2 3 27 48 0 39 41 21 21 32 34 37 48 30 23 25 16 48 25 31 30 11 31 43 42 42 38 11 
38 13 41 34 31 42 40 1 0 1 29 10 43 43 37 4 31 14 44 12 44 25 18 9 42 5 41 11 22 22 10 
35 7 2 30 33 9 42 50 6 0 6 40 23 24 38 39 33 39 44 7 50 29 48 31 44 37 21 4 49 30 41 
32 18 29 42 45 4 41 14 5 46 0 40 15 39 6 4 2 44 22 4 23 3 18 15 22 31 37 27 9 43 12 
6 43 20 16 25 23 44 33 44 35 43 0 26 39 12 11 15 10 25 41 36 27 33 45 7 39 14 4 8 11 8 
28 33 21 43 41 47 45 24 32 32 9 11 0 29 20 30 27 29 3 12 17 28 2 19 8 36 23 49 13 27 11 
19 37 23 36 8 11 5 47 22 15 20 37 43 0 9 28 17 5 26 28 12 36 1 47 45 31 26 14 13 8 18 
49 32 47 21 13 22 39 43 13 20 22 33 32 47 0 48 41 10 10 31 19 19 23 36 16 26 19 40 29 6 32 
47 43 40 4 17 38 40 23 47 6 28 12 14 8 40 0 4 20 50 48 40 17 5 32 39 50 26 46 32 46 44 
33 11 38 31 24 30 43 28 31 10 2 37 13 26 42 7 0 10 29 26 23 50 41 32 17 16 42 11 1 5 41 
42 9 28 3 24 18 25 34 35 11 11 42 20 38 38 30 43 0 7 48 43 17 18 6 23 45 42 30 21 15 32 
19 43 23 41 18 44 10 10 3 24 33 27 45 16 13 9 22 44 0 29 37 50 5 4 13 25 25 3 5 9 32 
39 4 19 3 42 19 19 30 21 45 20 33 5 24 11 41 24 41 11 0 37 21 36 43 29 33 15 39 11 16 44 
42 6 1 21 36 29 8 42 24 45 40 43 24 34 17 17 1 30 3 35 0 1 12 45 23 12 3 12 41 20 28 
30 8 14 27 4 15 33 34 39 32 33 32 17 17 47 29 13 9 12 17 15 0 9 9 32 43 30 12 29 10 33 
18 18 22 47 15 32 29 47 31 3 34 18 42 22 2 19 45 29 26 33 41 3 0 29 3 14 21 50 32 34 24 
3 5 24 7 14 16 10 21 2 16 50 16 28 10 33 48 18 38 30 25 35 34 3 0 27 42 15 40 20 34 45 
32 48 14 7 50 30 44 35 8 37 9 25 27 11 34 26 25 19 21 17 3 13 3 10 0 40 20 2 47 16 49 
26 41 38 8 34 3 3 22 11 4 4 33 30 43 16 11 7 42 44 16 41 21 49 18 42 0 20 45 4 18 30 
28 48 20 9 11 19 38 20 28 32 24 4 9 17 13 20 33 10 45 30 14 11 4 50 9 6 0 42 21 17 15 
8 49 4 31 26 7 14 22 33 48 23 38 15 12 42 37 12 33 5 22 37 36 9 39 17 18 45 0 20 50 6 
27 18 3 13 25 26 50 29 42 7 7 11 28 48 7 26 47 42 9 23 44 10 16 45 28 22 41 16 0 15 9 
13 44 22 27 21 6 35 2 38 17 37 34 42 48 15 26 9 11 32 41 22 3 12 28 12 17 2 8 36 0 3 
35 35 15 33 45 14 40 1 27 1 41 45 4 42 36 11 19 18 30 3 14 30 34 24 38 10 32 45 15 5 0 
5 0 27 17 35 32 2 20 9 4 2 37 8 35 32 1 27 49 21 42 2 49 34 29 34 40 6 2 42 46 35 
32 45 0 36 23 47 14 29 19 11 34 42 10 14 28 16 6 46 3 23 11 11 12 3 14 7 21 49 34 46 26 
1 28 14 0 20 21 43 23 12 36 37 49 30 10 8 10 39 20 1 18 35 11 49 19 35 24 21 42 22 17 26 
15 46 24 35 0 33 14 47 45 8 24 33 34 18 37 13 31 2 45 5 19 1 49 16 11 16 3 10 29 46 1 
1 1 46 10 22 0 4 7 26 25 46 42 26 43 45 2 28 32 33 23 44 19 47 18 49 26 17 30 14 20 31 
5 19 50 8 23 33 0 38 8 15 10 25 27 21 9 27 26 7 22 9 38 21 28 7 3 32 4 33 48 35 6 
24 43 7 45 42 23 26 0 35 22 19 40 24 18 13 19 43 27 10 22 50 10 9 5 32 11 28 13 48 26 20 
1 41 24 9 36 33 21 26 0 17 4 50 22 1 40 49 47 10 44 34 40 27 23 27 35 46 16 38 25 34 15 
11 29 9 2 19 50 1 10 27 0 37 23 1 44 18 1 39 8 15 33 15 19 20 14 37 43 28 15 40 13 21 
45 46 43 3 44 21 13 49 22 50 0 47 1 17 48 18 27 30 9 35 8 8 24 42 20 47 42 16 23 10 41 
36 11 47 7 42 27 9 42 25 30 26 0 10 44 34 18 18 3 16 19 17 49 6 6 6 13 22 4 24 6 2 
5 41 39 31 14 36 4 10 6 41 18 39 0 34 5 33 49 30 8 2 29 39 50 4 44 42 30 6 42 44 21 
24 35 36 24 25 36 21 13 20 32 15 43 11 0 29 49 11 22 2 24 15 42 46 23 28 13 6 37 46 39 35 
31 13 17 35 18 34 3 11 30 47 28 17 39 20 0 15 47 40 26 46 31 8 5 18 30 30 28 13 8 11 20 
49 25 24 36 2 2 27 26 12 16 9 11 22 27 37 0 25 8 3 14 17 16 12 1 9 27 27 45 38 6 40 
21 46 1 10 48 3 44 3 19 14 20 14 15 31 23 48 0 33 42 43 5 21 10 45 45 5 38 25 16 10 25 
7 40 21 22 45 13 11 12 29 34 32 6 35 1 47 2 48 0 21 36 30 45 4 45 1 19 11 2 7 6 11 
29 28 44 44 7 31 44 43 36 11 37 21 14 9 23 16 26 44 0 48 3 41 4 31 30 31 3 45 20 4 34 
12 5 7 18 6 5 13 42 44 16 8 5 36 25 43 24 40 36 28 0 4 36 8 9 3 20 26 47 14 14 4 
36 25 40 2 49 32 14 46 4 19 4 35 1 33 45 36 19 6 38 7 0 14 9 42 50 49 5 47 4 49 31 
8 50 28 40 30 34 16 34 27 12 11 45 33 10 1 2 8 27 9 35 7 0 41 27 8 41 27 33 40 4 45 
36 11 48 24 11 5 7 11 3 11 21 36 30 27 47 19 27 33 50 48 47 21 0 46 15 24 18 24 20 50 3 
2 27 30 33 26 1 48 9 49 46 45 48 24 48 15 22 12 50 12 23 50 1 41 0 7 48 16 15 34 1 44 
32 37 11 50 10 44 6 48 1 46 21 19 34 4 3 50 47 49 1 3 7 24 9 27 0 3 2 37 24 35 10 
36 15 9 6 15 8 37 25 38 21 16 14 50 16 2 32 17 37 4 48 20 16 33 48 38 0 9 29 34 47 9 
8 33 13 42 11 7 11 29 39 45 14 23 11 30 38 43 24 44 26 22 35 50 20 38 41 20 0 32 11 19 7 
30 3 28 29 13 34 1 9 6 45 22 38 48 9 34 48 6 4 11 45 35 36 9 26 24 9 13 0 26 1 41 
26 50 11 32 16 12 45 33 18 4 42 16 39 31 1 48 2 12 4 44 15 29 1 24 23 45 44 3 0 6 5 
22 26 8 15 20 23 28 17 44 23 3 24 36 7 3 19 48 28 26 27 7 2 23 8 27 47 49 38 10 0 22 
18 43 27 13 33 17 9 24 12 28 21 36 18 31 41 42 43 45 21 5 47 17 28 29 49 20 4 50 38 23 0 
24 0 41 7 22 6 11 47 24 24 37 10 24 17 48 7 21 34 42 17 35 5 5 17 6 25 1 15 48 15 14 
13 9 0 36 39 5 31 30 47 25 31 46 20 21 34 45 24 1 31 23 28 37 13 33 4 19 20 24 2 48 5 
46 49 9 0 11 25 2 38 28 43 27 42 38 17 37 40 36 34 34 11 1 1 35 26 38 27 1 27 33 20 36 
7 28 49 20 0 35 47 11 10 9 44 37 23 38 47 36 50 46 47 14 34 36 41 41 47 5 12 24 22 34 25 
25 5 9 8 20 0 15 39 47 3 44 25 24 25 18 15 28 47 29 2 28 6 30 20 37 50 17 38 3 16 24 
24 40 26 35 19 32 0 15 30 27 22 11 49 45 21 10 12 17 23 32 27 15 45 20 7 19 46 36 22 9 4 
28 37 32 29 21 35 48 0 40 50 34 14 18 2 31 18 7 36 49 28 38 1 15 21 39 10 29 21 20 16 24 
46 43 22 24 45 25 18 16 0 1 25 14 28 24 49 14 47 43 39 40 13 10 37 45 21 4 13 16 44 20 42 
15 29 24 26 38 21 46 29 37 0 43 39 21 49 4 24 24 41 23 25 13 36 32 31 4 15 10 48 2 21 32 
9 25 47 9 10 36 4 48 11 43 0 2 15 3 47 24 39 39 42 47 31 23 44 19 7 7 33 48 20 12 29 
23 45 9 5 35 15 24 40 44 39 20 0 43 12 32 12 21 30 35 30 26 22 7 5 40 10 15 6 41 3 27 
39 34 36 33 21 7 7 48 12 10 16 49 0 49 9 11 30 33 37 46 36 4 13 41 37 8 17 41 19 46 20 
9 34 38 17 50 36 8 29 12 5 15 32 23 0 21 10 23 9 46 30 30 32 20 46 17 24 26 44 50 26 4 
17 39 2 42 1 32 11 32 9 26 23 5 25 41 0 22 22 40 20 27 35 9 45 40 16 38 40 39 22 44 25 
42 9 3 8 39 27 30 32 20 28 13 27 38 4 8 0 28 45 5 45 2 36 24 23 42 46 23 49 37 5 12 
44 40 39 35 34 14 2 17 3 46 43 9 50 50 23 32 0 7 36 8 11 45 34 27 42 39 19 37 12 13 17 
28 44 28 9 35 23 38 3 20 44 26 28 3 50 10 28 24 0 24 19 14 16 14 29 44 17 10 13 48 47 16 
28 41 5 37 18 49 32 42 15 50 44 4 16 15 35 18 32 28 0 33 12 45 14 43 49 1 15 16 34 43 25 
11 41 7 5 17 36 24 16 32 11 46 33 9 20 21 12 48 15 10 0 50 28 35 15 35 22 15 48 6 36 4 
34 49 50 40 39 4 47 12 49 49 45 16 47 22 16 13 5 24 29 40 0 18 2 25 43 48 27 27 23 34 2 
39 18 31 29 27 48 34 19 31 18 15 36 16 11 5 12 39 43 19 10 11 0 24 28 47 37 33 25 7 43 13 
28 25 29 47 11 28 36 18 46 19 29 36 43 12 26 32 36 14 38 36 38 34 0 4 25 41 15 40 35 43 45 
23 27 27 19 40 40 8 20 1 28 27 21 48 1 31 25 32 17 22 5 48 11 19 0 8 25 44 22 4 6 46 
38 2 26 2 47 2 10 25 22 36 24 17 13 11 9 17 36 4 44 17 34 24 14 38 0 47 12 9 20 44 47 
19 4 14 6 41 26 46 47 4 29 16 7 45 36 31 32 49 9 49 8 9 18 10 40 13 0 14 39 39 5 35 
44 40 32 26 17 21 4 8 20 34 22 39 50 16 1 27 30 28 7 16 14 1 21 36 38 1 0 44 24 43 27 
37 8 43 20 36 26 26 20 19 11 29 41 39 16 37 20 19 45 40 36 35 11 32 40 21 43 20 0 47 38 17 
27 30 15 44 47 15 47 30 31 25 2 10 9 47 37 23 13 6 50 19 33 50 35 8 42 27 26 4 0 49 43 
7 30 32 3 35 49 27 45 19 22 24 39 15 15 35 26 3 35 3 49 31 15 48 20 34 28 46 8 2 0 21 
40 44 31 38 19 23 29 6 13 39 47 18 38 28 45 44 36 21 23 17 24 41 2 1 13 42 33 13 19 7 0 
