13
14
46 0 1 31 19 47 49 20 3 1 41 43 42 46 12 
24 5 0 10 5 21 47 43 28 35 43 45 41 5 27 
24 30 50 0 50 35 21 18 8 30 39 26 44 18 35 
44 20 13 31 0 10 36 7 40 26 47 33 47 18 19 
16 38 24 6 45 0 43 29 22 41 44 8 26 45 16 
25 22 30 27 30 8 0 34 15 31 14 32 19 20 34 
5 4 17 38 4 50 42 0 43 15 20 50 25 6 23 
30 20 24 34 42 42 15 4 0 18 6 18 10 36 2 
8 10 25 27 23 46 17 37 27 0 20 22 45 25 33 
8 10 28 5 3 11 36 12 41 48 0 27 29 19 1 
37 12 21 44 15 41 36 6 46 24 2 0 11 6 43 
43 4 12 47 18 33 47 8 28 13 8 25 0 16 46 
19 27 50 45 27 17 1 15 49 29 31 34 47 0 2 
15 5 3 42 5 43 19 37 36 30 12 36 5 29 0 
34 0 9 37 40 25 40 37 19 24 8 34 40 43 28 
6 34 0 17 34 36 45 44 24 10 16 20 24 28 33 
42 21 33 0 41 13 23 31 40 42 42 9 8 16 46 
31 46 9 16 0 1 41 32 2 14 29 1 10 35 11 
50 22 20 2 13 0 5 27 4 25 44 28 20 48 16 
43 25 25 29 30 49 0 43 15 8 5 23 37 2 40 
7 5 41 3 38 21 41 0 21 22 8 46 12 19 28 
21 16 38 31 44 16 10 39 0 4 22 31 37 19 36 
15 16 29 26 4 38 47 21 3 0 25 33 28 25 23 
4 18 33 18 30 16 44 43 17 42 0 44 36 31 19 
2 19 23 2 2 6 6 7 29 20 9 0 32 32 1 
13 14 49 17 41 38 36 36 40 13 7 4 0 42 23 
49 38 33 18 7 28 20 35 3 31 26 19 17 0 48 
40 13 10 48 34 44 30 4 44 28 45 44 33 16 0 
30 0 10 46 49 15 34 8 42 38 41 25 4 31 29 
11 19 0 41 23 22 39 47 27 4 9 20 48 43 45 
44 6 24 0 14 45 4 5 43 36 27 5 33 40 48 
26 19 24 31 0 13 2 43 25 37 23 22 45 19 4 
6 37 30 17 42 0 14 48 33 18 11 9 27 24 19 
34 15 18 40 49 49 0 2 36 36 40 35 42 2 20 
19 1 43 50 36 2 37 0 49 48 38 41 27 1 43 
2 13 22 36 28 25 42 22 0 5 33 47 20 3 21 
2 41 32 1 12 29 14 17 19 0 9 42 23 32 35 
18 30 49 22 49 9 34 24 18 50 0 14 28 28 47 
46 10 4 16 49 16 48 7 7 41 16 0 22 29 35 
44 14 45 5 43 7 5 26 35 25 22 44 0 37 28 
23 33 37 35 1 17 21 10 6 26 25 17 38 0 11 
24 8 7 27 30 50 30 5 5 9 35 21 43 21 0 
25 0 29 45 5 29 20 34 24 4 31 21 12 15 34 
9 20 0 31 27 20 45 2 27 19 45 15 38 48 19 
29 28 50 0 31 25 50 35 27 31 20 38 18 27 1 
4 26 6 18 0 36 47 46 36 29 9 2 49 20 48 
10 50 41 41 22 0 16 46 27 31 41 38 15 49 32 
39 12 39 3 18 2 0 23 43 40 47 3 2 23 44 
50 42 30 27 31 37 17 0 32 29 47 46 12 5 28 
46 15 31 21 48 15 48 18 0 20 49 31 19 25 18 
11 45 39 20 43 3 27 40 12 0 12 35 12 15 7 
33 42 7 7 47 46 48 25 17 33 0 5 9 46 33 
22 31 46 12 12 50 21 35 9 26 19 0 3 2 7 
4 20 36 36 1 41 35 29 43 25 22 30 0 21 37 
28 7 16 35 7 45 18 32 16 23 50 15 37 0 48 
34 31 38 44 44 42 21 47 47 19 8 6 48 44 0 
38 0 22 40 32 30 34 7 3 11 35 47 7 39 22 
4 14 0 36 36 4 38 46 13 37 29 37 29 16 32 
10 47 27 0 1 48 25 45 45 33 18 36 3 41 31 
20 3 48 38 0 3 50 44 33 34 22 3 11 49 25 
35 12 46 1 19 0 26 43 14 8 46 9 15 28 10 
31 18 1 1 47 15 0 43 35 32 49 27 17 39 27 
14 6 49 38 27 20 11 0 22 23 35 35 16 39 7 
46 2 29 39 22 34 3 16 0 22 2 14 34 33 1 
30 48 25 3 38 16 50 3 48 0 22 38 9 50 9 
46 16 17 32 27 37 39 31 21 38 0 45 5 25 49 
35 48 24 43 37 10 42 26 11 32 28 0 23 7 44 
4 7 1 13 35 44 20 6 35 33 8 47 0 12 50 
27 37 8 34 42 1 19 1 49 46 22 40 18 0 21 
5 36 5 4 30 46 27 14 37 33 21 32 30 29 0 
14 0 41 36 41 49 42 49 24 25 44 32 7 25 4 
9 6 0 42 45 27 49 2 50 29 4 17 16 24 14 
1 26 13 0 11 22 40 38 8 11 31 42 26 23 31 
11 11 23 24 0 21 23 6 31 41 27 6 31 28 14 
12 32 24 33 19 0 36 24 50 32 22 35 35 17 1 
46 11 3 1 27 21 0 39 19 32 44 45 1 8 20 
35 37 6 42 13 24 46 0 29 8 9 8 37 8 12 
30 1 39 37 6 5 36 31 0 24 5 4 8 26 44 
50 31 38 18 28 5 15 45 17 0 43 23 44 6 17 
4 44 43 40 13 28 40 32 5 9 0 46 4 34 4 
14 1 38 6 49 3 30 27 22 40 10 0 4 47 35 
35 47 14 13 49 19 28 30 12 15 45 48 0 5 19 
26 30 23 24 21 12 32 16 6 17 46 4 38 0 27 
23 4 31 10 32 5 47 9 45 33 5 16 27 34 0 
39 0 24 12 1 48 11 2 42 18 36 34 36 4 19 
41 48 0 17 46 32 2 7 9 35 36 17 50 22 17 
35 40 20 0 5 35 48 28 32 6 46 6 27 25 31 
36 45 26 46 0 1 29 18 48 17 9 35 25 28 31 
40 26 34 49 39 0 35 8 28 17 29 1 7 42 9 
43 22 41 5 27 26 0 23 40 10 21 49 44 50 38 
24 11 21 11 21 48 43 0 30 12 7 38 40 24 8 
28 48 46 45 38 9 5 45 0 18 30 48 2 8 50 
17 13 50 46 36 21 5 7 8 0 41 36 45 16 14 
10 35 17 38 3 15 12 13 26 4 0 7 41 33 29 
43 42 13 19 40 44 13 49 8 43 5 0 4 4 22 
40 5 9 43 43 42 35 34 14 11 50 43 0 38 5 
38 46 39 46 38 26 14 17 28 18 5 23 1 0 12 
27 25 33 49 12 40 23 21 45 14 48 41 45 9 0 
29 0 2 20 48 7 9 12 12 4 10 16 29 9 23 
28 42 0 39 21 42 24 8 39 29 1 32 48 32 17 
1 26 48 0 48 32 6 39 27 49 7 17 43 50 16 
21 24 34 33 0 32 1 44 4 26 27 50 21 2 40 
24 19 17 9 27 0 45 11 29 12 19 48 3 34 1 
44 32 5 50 24 42 0 19 5 18 49 16 32 23 48 
1 22 49 11 4 50 3 0 30 41 8 16 5 5 43 
13 15 36 29 17 43 10 44 0 23 50 47 10 21 20 
1 19 43 46 23 14 28 41 21 0 37 50 34 49 14 
42 47 35 20 37 26 42 4 13 37 0 15 31 38 7 
49 49 15 44 29 34 30 23 15 20 33 0 42 15 23 
45 50 30 34 45 47 2 26 16 28 23 46 0 28 48 
6 7 32 42 26 22 42 22 23 6 6 15 35 0 20 
33 15 37 46 12 20 10 14 7 32 37 42 5 24 0 
34 0 37 22 34 7 33 17 9 38 42 16 44 31 23 
28 25 0 29 30 13 33 44 1 42 28 34 8 38 43 
50 1 6 0 34 17 19 39 36 35 22 9 2 4 24 
27 46 30 19 0 40 38 37 33 4 7 30 23 30 33 
46 44 1 49 45 0 24 10 38 36 32 28 13 34 42 
41 7 21 11 30 20 0 24 46 48 16 19 1 7 17 
48 49 5 44 39 7 41 0 41 22 11 7 30 15 40 
10 48 41 27 4 45 43 47 0 37 19 44 10 9 50 
47 35 31 45 18 43 40 37 28 0 34 24 27 2 50 
36 11 4 50 6 35 37 50 25 42 0 47 12 25 2 
13 36 1 30 49 41 45 37 30 13 13 0 22 50 23 
21 8 4 28 44 43 11 26 15 44 4 24 0 14 47 
10 40 48 6 19 39 25 43 34 45 29 11 6 0 49 
31 42 38 35 35 14 30 18 38 20 19 33 41 38 0 
21 0 7 26 25 28 49 28 41 15 8 4 12 49 28 
24 10 0 50 34 37 12 46 24 7 20 40 1 17 42 
2 29 37 0 36 48 38 22 27 19 4 34 7 22 40 
27 30 32 24 0 15 2 44 28 20 36 46 29 43 48 
1 7 36 28 33 0 36 40 37 21 18 14 12 7 48 
41 46 50 31 41 6 0 47 27 38 17 36 15 48 24 
9 2 41 20 45 25 26 0 13 19 7 25 36 1 41 
9 14 10 3 46 46 38 25 0 36 16 39 37 1 25 
19 20 42 18 38 16 28 20 28 0 45 17 32 23 29 
27 44 6 5 5 7 18 25 7 34 0 19 3 37 35 
16 25 32 9 25 2 45 50 15 7 49 0 35 13 40 
37 16 36 15 24 9 48 42 10 34 33 44 0 7 44 
13 8 50 36 30 44 5 3 14 9 8 21 34 0 28 
29 49 7 21 44 29 38 41 48 5 29 28 37 24 0 
16 0 48 26 31 46 1 37 8 8 13 5 20 35 34 
3 27 0 7 3 25 21 13 12 28 13 1 28 6 23 
10 45 8 0 3 7 31 38 16 33 28 26 34 41 22 
41 44 16 25 0 44 4 38 22 48 26 3 17 12 4 
20 14 31 18 45 0 15 48 13 6 3 13 5 47 38 
44 30 28 42 31 42 0 21 35 47 26 34 3 36 39 
48 32 50 41 20 34 46 0 19 48 9 39 27 25 29 
38 13 12 40 8 1 28 19 0 49 12 37 21 34 36 
18 5 34 43 30 9 16 24 4 0 23 36 14 42 25 
33 20 3 5 17 43 47 34 14 45 0 45 35 12 29 
34 39 5 49 50 11 2 43 25 47 48 0 16 13 15 
10 40 4 44 10 3 37 30 9 32 4 42 0 40 34 
41 40 48 45 47 37 41 16 19 37 14 32 24 0 40 
45 7 8 1 30 32 25 25 42 2 26 10 43 5 0 
30 0 23 46 9 21 19 3 35 49 3 20 26 24 45 
22 17 0 31 29 29 47 35 3 25 3 13 9 9 17 
48 47 19 0 38 45 37 37 46 42 6 11 5 38 11 
8 5 32 4 0 8 31 4 25 21 48 31 46 20 27 
48 43 47 13 10 0 36 37 3 34 33 32 38 9 26 
26 25 18 24 10 25 0 46 21 22 9 1 29 14 24 
26 22 7 49 17 10 48 0 49 10 49 46 2 24 5 
21 50 23 21 23 28 50 47 0 30 8 37 46 31 28 
22 38 13 31 23 14 28 13 27 0 33 22 49 28 27 
16 19 29 8 2 42 50 23 36 30 0 7 36 24 30 
42 50 13 21 29 21 28 22 37 15 30 0 10 28 9 
24 41 49 24 1 24 31 12 29 29 45 40 0 29 50 
2 33 25 38 41 48 21 28 20 1 20 8 49 0 44 
33 14 29 42 14 42 49 46 31 33 35 1 49 31 0 
21 0 35 27 39 42 29 21 5 41 43 20 30 38 47 
21 49 0 5 44 26 38 29 16 1 4 27 38 1 6 
2 42 3 0 41 50 41 7 36 25 31 16 20 24 29 
24 37 23 34 0 4 3 26 33 29 41 26 12 2 6 
34 23 13 5 29 0 15 3 49 40 30 31 47 40 35 
24 24 29 6 14 1 0 42 14 31 43 34 48 31 19 
14 12 15 39 39 2 2 0 2 18 12 42 10 26 26 
47 43 4 7 14 42 10 5 0 13 20 48 2 14 21 
42 21 22 31 35 35 35 28 15 0 43 8 38 33 22 
6 18 14 5 25 17 18 39 40 27 0 35 39 9 9 
50 46 41 38 38 32 10 48 40 12 25 0 42 41 20 
29 11 50 26 10 39 50 46 7 44 27 48 0 3 4 
31 45 47 46 26 27 29 20 3 20 1 1 12 0 8 
28 3 30 33 26 48 10 29 28 9 30 21 10 4 0 
