13
36
21 0 24 50 3 44 10 13 5 37 46 3 1 2 35 44 42 23 37 1 23 39 48 21 27 3 49 50 9 28 16 7 39 27 49 2 6 
42 38 0 15 19 12 41 24 45 43 50 34 4 15 35 4 43 32 21 38 24 3 23 1 46 10 4 27 22 40 14 24 4 33 39 1 35 
23 33 11 0 49 24 27 35 4 15 47 44 43 13 14 8 7 11 29 3 19 38 19 9 8 14 2 5 29 26 30 21 27 35 19 20 50 
10 40 50 27 0 38 48 31 14 11 35 9 27 7 18 44 4 36 32 48 4 24 3 36 23 22 7 28 36 26 18 8 44 45 8 47 22 
30 26 32 40 39 0 46 48 29 43 29 22 9 37 18 41 4 22 16 26 7 4 28 5 32 20 46 38 43 28 16 32 49 22 22 25 10 
50 8 16 29 6 7 0 30 44 35 20 49 9 27 5 23 29 32 40 18 2 22 1 21 44 9 6 2 28 47 23 37 15 43 32 4 15 
1 48 2 48 49 12 47 0 1 47 29 16 23 44 3 18 32 5 24 39 50 38 22 21 50 6 2 47 12 33 35 17 46 2 8 29 35 
39 21 4 10 4 20 48 30 0 40 29 35 44 6 6 11 20 43 4 28 30 27 2 42 48 15 35 18 13 13 20 22 36 25 33 44 34 
20 29 46 18 25 42 11 28 17 0 3 7 27 25 48 4 48 31 49 8 37 30 7 45 20 2 36 18 20 7 50 20 24 13 27 50 14 
9 10 5 36 42 14 31 13 29 41 0 38 16 17 25 5 26 25 7 5 14 34 27 16 40 25 41 22 18 34 33 15 48 48 40 40 21 
45 23 46 16 27 33 42 11 48 3 4 0 32 45 44 50 7 22 36 31 33 45 16 12 1 43 13 29 46 27 40 18 28 36 34 32 2 
11 40 38 2 35 5 43 22 38 40 24 41 0 34 9 27 12 9 7 27 29 11 45 24 14 5 46 35 8 35 26 47 11 12 48 46 33 
49 30 48 40 24 40 14 4 39 39 12 19 14 0 6 19 29 8 3 42 17 16 24 47 39 21 36 38 12 43 14 29 37 13 44 14 30 
10 38 6 22 32 20 25 16 35 16 44 30 7 18 0 4 9 7 30 17 25 33 9 19 39 3 2 11 26 10 26 6 20 42 39 20 20 
48 20 36 47 50 32 5 5 42 8 6 26 10 21 31 0 34 28 39 48 1 19 18 19 30 10 49 7 10 10 24 38 18 49 34 12 37 
45 21 26 1 5 15 47 45 47 36 16 39 45 23 43 3 0 42 19 1 30 2 6 37 1 26 46 45 18 20 38 27 26 10 44 40 8 
14 47 47 5 22 24 34 25 34 18 15 38 32 35 27 30 34 0 32 36 39 34 26 26 9 20 29 26 10 9 41 30 2 34 35 40 45 
23 47 9 28 22 13 17 8 32 8 36 36 11 48 43 28 9 1 0 24 38 21 38 35 43 49 25 16 44 38 14 4 48 45 32 7 38 
24 8 17 22 9 19 28 13 44 41 49 12 48 3 43 34 12 3 25 0 35 12 16 29 48 47 24 21 18 4 39 41 29 41 6 4 1 
34 2 29 3 10 22 49 9 26 5 46 35 21 21 36 43 8 22 26 8 0 30 20 25 35 48 10 10 5 50 20 22 42 49 42 1 10 
24 22 26 40 18 20 22 43 29 36 48 33 3 48 22 19 30 47 22 14 27 0 44 5 50 13 45 9 7 34 4 37 30 21 27 19 37 
47 36 41 11 48 33 7 13 13 27 3 3 49 3 13 3 21 37 33 30 17 26 0 28 23 11 16 10 25 50 18 13 27 29 35 22 45 
6 11 17 45 38 43 38 37 43 7 8 31 42 34 9 35 44 39 20 22 9 18 50 0 33 23 32 14 45 14 26 24 14 31 18 47 10 
20 39 43 25 39 41 31 5 8 29 34 16 10 29 34 40 15 1 36 38 12 35 22 6 0 30 43 23 17 33 44 50 24 37 49 15 6 
47 46 34 19 37 46 25 44 49 48 36 36 43 34 50 31 33 9 48 36 17 38 46 46 19 0 15 22 15 30 10 30 11 14 29 44 20 
17 18 2 17 11 28 7 32 8 37 25 50 45 19 42 28 1 30 39 10 1 38 50 23 24 11 0 15 40 19 25 23 15 40 30 14 15 
8 32 26 39 31 14 39 32 40 22 20 11 18 2 10 35 40 35 19 30 18 29 43 1 14 17 14 0 33 15 11 10 15 6 27 20 20 
4 50 29 37 50 19 33 3 41 4 23 17 16 38 25 6 11 35 48 30 40 26 26 14 1 6 17 30 0 13 5 6 41 32 41 31 40 
7 32 30 50 46 41 10 10 45 47 18 28 36 5 4 21 30 41 31 29 25 15 37 45 2 3 40 36 49 0 32 36 26 7 35 49 30 
6 48 34 49 16 17 20 4 38 40 44 8 2 36 11 42 10 2 16 42 46 35 48 44 1 25 11 14 12 43 0 21 2 6 25 15 33 
7 32 14 8 46 33 7 13 9 33 35 14 21 44 16 5 19 8 34 22 1 41 49 42 6 6 43 46 19 43 3 0 27 21 29 35 29 
39 9 46 13 28 36 35 19 41 48 43 18 28 16 33 48 41 44 32 17 34 23 3 40 41 12 44 17 30 8 44 42 0 10 37 17 11 
12 22 44 15 7 31 2 8 14 26 19 4 10 5 37 27 47 19 46 17 6 6 23 17 42 18 39 33 5 1 9 41 50 0 23 37 19 
1 17 10 3 22 46 27 15 44 41 7 26 22 17 45 41 42 50 6 6 50 27 24 39 42 19 4 13 18 28 4 38 18 18 0 26 31 
9 43 46 11 30 8 24 2 11 14 12 38 6 18 50 50 18 31 20 25 44 21 12 3 42 15 48 16 37 20 8 5 42 15 32 0 49 
5 45 27 43 4 22 29 29 7 16 7 50 28 5 21 38 48 2 37 39 32 43 19 15 11 8 16 42 6 8 47 42 37 1 45 23 0 
5 0 28 21 23 43 33 47 27 9 48 38 32 50 21 7 41 29 44 18 13 27 13 32 46 7 38 24 50 20 16 14 28 10 48 34 21 
31 15 0 46 49 47 43 6 13 20 34 42 36 2 6 13 43 34 33 47 42 46 26 17 6 10 47 7 44 35 11 23 2 37 36 10 15 
48 19 17 0 34 7 19 26 23 46 38 49 14 3 21 44 27 2 42 25 6 48 41 40 50 36 13 29 10 12 41 49 16 47 49 46 16 
17 13 36 27 0 50 44 11 22 49 43 41 15 17 46 50 46 11 5 17 8 29 17 48 44 41 17 11 5 40 33 18 5 26 29 11 40 
7 49 6 5 30 0 19 1 44 23 15 43 16 41 4 6 43 32 38 37 50 15 42 37 34 33 6 33 17 26 37 39 39 36 11 39 13 
50 13 28 11 17 5 0 22 26 24 45 15 36 28 26 23 38 42 11 26 15 12 23 22 25 36 34 18 37 26 5 31 31 15 43 44 20 
11 27 33 10 20 11 10 0 38 42 47 40 1 14 2 47 25 36 24 1 27 42 4 25 34 37 36 1 20 15 34 22 35 33 4 27 16 
28 16 46 1 13 34 34 40 0 45 18 23 24 9 7 46 41 42 17 29 8 2 50 23 35 11 41 24 8 26 5 19 11 25 31 47 20 
29 50 15 9 20 35 39 20 14 0 27 11 8 39 31 44 17 25 20 14 28 43 11 41 22 10 26 15 40 50 12 49 28 10 26 13 42 
2 20 38 18 12 4 22 34 30 17 0 19 45 12 2 36 6 17 19 27 19 10 43 49 45 21 50 21 2 29 33 49 13 19 2 15 6 
33 47 17 40 40 8 43 44 7 20 29 0 48 27 44 12 41 49 44 33 9 22 44 48 13 34 21 6 47 19 6 27 11 38 31 24 21 
3 38 29 2 1 6 38 1 21 23 25 35 0 22 8 14 25 19 7 34 39 50 5 7 20 3 46 26 2 44 19 11 46 20 42 39 12 
15 31 8 16 7 47 42 11 46 21 26 11 42 0 2 42 32 47 35 21 48 31 10 50 6 31 37 8 3 13 30 16 31 20 3 10 39 
49 19 33 3 14 46 25 32 20 15 10 42 28 29 0 50 35 21 41 32 6 32 3 35 21 40 39 49 17 6 46 42 40 43 3 34 28 
3 18 35 35 36 18 36 17 28 16 26 34 30 31 10 0 29 21 5 8 46 35 13 14 25 48 9 27 25 23 20 49 25 46 22 33 3 
7 47 20 14 17 19 43 24 14 15 37 25 36 14 19 39 0 46 38 44 41 5 11 38 28 41 12 44 8 18 2 38 9 48 8 23 25 
35 44 30 16 20 41 11 34 22 3 40 10 1 11 29 9 28 0 43 49 47 10 43 23 5 26 36 7 13 27 28 28 28 42 45 5 3 
8 29 21 14 50 4 6 39 22 34 8 7 23 30 31 6 9 26 0 16 42 21 25 41 35 35 49 7 44 26 12 19 7 7 27 2 50 
22 35 47 6 38 35 33 42 28 50 40 48 48 22 20 16 29 13 32 0 33 38 37 30 1 47 12 14 11 16 2 1 47 28 32 34 24 
30 11 5 37 42 49 7 35 9 10 47 4 43 4 28 44 46 19 12 35 0 6 47 9 26 21 23 27 27 49 44 20 17 38 46 36 19 
9 45 41 39 31 46 43 38 15 10 19 12 24 8 2 10 20 49 19 34 2 0 29 16 20 23 30 36 16 41 31 16 47 18 10 35 1 
28 23 5 10 4 22 11 11 5 15 4 42 43 11 47 39 28 3 17 31 29 22 0 17 1 10 27 48 35 45 22 44 14 23 1 32 47 
45 9 30 31 18 6 16 8 26 45 23 30 34 28 20 15 44 5 23 7 7 5 1 0 28 24 27 17 33 21 41 19 43 29 1 45 19 
24 36 13 24 7 10 25 15 4 18 2 17 3 30 20 19 28 26 41 40 9 2 7 42 0 39 33 37 36 27 31 2 34 33 2 41 9 
42 50 50 48 30 36 24 7 25 50 30 42 22 1 15 3 10 5 11 23 29 22 36 24 23 0 40 39 24 17 19 35 2 39 12 27 29 
27 44 11 23 29 1 17 39 3 45 15 26 17 49 24 28 42 19 30 20 15 26 25 41 47 50 0 40 7 16 29 3 11 24 36 27 17 
45 38 44 28 6 47 21 28 26 13 7 19 45 7 11 21 32 7 15 1 19 20 26 29 11 10 23 0 25 43 5 3 31 22 8 34 4 
26 3 15 18 6 47 16 35 44 22 13 9 19 33 29 17 21 27 48 25 12 15 18 46 24 47 36 22 0 11 27 47 38 24 7 46 30 
43 48 46 22 5 42 36 39 48 15 6 10 26 36 11 45 10 9 42 11 36 19 44 9 12 45 24 18 26 0 26 36 12 38 50 25 24 
32 27 20 21 30 29 49 10 41 26 46 25 16 2 28 15 15 36 44 24 4 37 11 11 18 19 14 22 29 45 0 23 26 12 37 14 34 
40 22 31 7 20 35 19 36 49 49 2 24 48 22 47 3 7 1 20 46 17 9 3 11 15 27 31 47 4 21 14 0 30 39 45 25 44 
5 37 5 20 18 25 13 20 18 41 24 8 48 21 20 11 18 18 18 31 20 21 43 43 4 23 33 28 35 22 35 4 0 47 4 49 20 
47 1 28 42 47 33 44 25 3 24 49 33 2 3 12 21 27 45 25 34 45 12 16 46 42 35 35 46 6 21 11 45 23 0 1 15 18 
41 26 35 37 28 18 40 31 24 50 27 33 10 14 27 3 30 15 25 35 35 32 50 12 49 48 19 33 13 5 11 1 38 45 0 31 2 
10 38 7 27 22 36 23 42 9 3 36 43 44 9 16 9 26 31 33 9 26 23 38 30 50 8 18 19 40 26 45 16 34 26 43 0 42 
8 48 13 49 10 9 4 46 13 27 40 5 40 2 26 8 12 22 26 37 50 28 28 15 19 4 2 33 9 21 9 18 16 25 1 29 0 
18 0 35 50 18 20 43 18 23 18 14 30 39 1 38 4 12 1 6 42 31 20 49 30 6 7 22 38 42 18 22 39 16 2 47 40 28 
22 8 0 18 8 10 6 47 5 25 14 32 21 18 48 18 10 34 21 9 20 5 45 12 49 5 26 5 47 26 15 38 5 48 26 41 43 
39 34 21 0 15 2 25 32 43 40 17 25 21 5 29 33 31 39 20 23 27 47 19 4 34 1 1 30 10 27 28 24 42 8 26 22 1 
50 45 19 30 0 14 20 10 38 2 35 43 47 33 7 16 28 4 14 46 20 30 37 15 1 46 22 16 12 44 34 14 29 8 33 32 45 
2 43 14 28 10 0 17 33 16 9 33 28 21 12 46 39 45 30 2 21 13 30 18 35 43 4 48 44 19 22 14 40 1 26 22 27 11 
50 19 11 13 5 49 0 43 13 44 46 1 48 45 20 50 6 12 19 15 34 9 22 25 13 24 15 45 46 44 28 45 40 20 28 45 11 
42 9 9 32 26 22 49 0 8 48 46 24 3 14 34 39 7 8 44 2 29 45 48 40 40 5 47 20 17 1 11 29 18 25 39 15 3 
10 34 8 37 24 18 16 28 0 41 42 32 10 39 39 33 27 26 17 17 44 20 19 27 29 3 32 7 37 18 7 28 26 19 37 48 25 
36 16 6 28 33 12 49 13 16 0 10 29 13 29 3 42 9 22 22 34 41 7 29 35 42 11 29 11 35 14 6 41 3 41 8 41 11 
12 40 12 8 20 14 14 43 4 44 0 9 15 15 20 4 48 3 7 18 7 32 14 17 5 2 15 50 10 20 26 23 21 12 31 48 32 
11 27 21 44 16 42 38 18 20 46 20 0 45 3 43 50 35 41 35 30 48 24 7 6 6 15 4 24 28 22 39 4 34 22 22 38 26 
36 25 42 41 26 50 35 7 45 5 8 27 0 26 38 30 28 2 50 9 4 22 15 29 12 18 10 46 31 42 37 24 31 6 25 49 16 
43 40 22 25 22 49 12 11 47 48 3 34 10 0 27 33 22 14 34 5 21 46 31 23 16 4 5 16 9 32 28 21 2 40 14 35 13 
29 35 32 24 4 19 16 21 8 13 22 16 4 2 0 18 22 20 28 21 13 17 7 22 18 33 4 29 19 27 1 45 46 42 20 44 29 
3 32 18 28 15 3 9 41 33 50 5 30 11 50 33 0 12 44 23 47 22 14 14 41 50 40 47 44 8 18 27 25 35 9 39 20 38 
11 44 48 15 49 31 35 34 50 50 9 28 19 33 2 19 0 24 22 16 39 42 18 38 19 9 1 23 7 26 21 22 22 31 45 2 1 
25 32 24 34 30 7 1 41 38 17 40 35 25 6 11 37 24 0 31 47 43 6 30 6 48 8 28 8 29 28 37 48 25 32 1 45 42 
48 33 10 35 17 48 31 43 12 38 32 21 10 36 49 50 48 9 0 45 45 27 27 26 2 50 22 13 2 19 16 4 24 12 19 39 41 
22 12 26 9 50 13 36 20 47 38 20 43 39 48 27 24 6 50 16 0 22 7 8 36 45 35 30 24 47 35 8 10 42 47 8 29 36 
33 37 46 15 41 7 6 13 3 20 13 22 39 30 18 12 4 17 35 14 0 27 31 24 21 39 40 35 39 29 28 47 31 19 41 42 20 
5 1 31 50 3 24 43 16 17 3 8 6 40 48 38 30 24 16 10 2 13 0 25 26 2 23 18 34 26 24 33 3 49 39 49 8 3 
37 35 11 4 39 9 4 36 32 30 49 32 41 17 8 4 32 40 8 30 25 30 0 28 36 40 17 43 35 50 10 17 42 40 35 44 39 
5 6 13 4 21 41 21 44 19 3 35 7 26 50 17 49 41 29 28 7 7 25 15 0 22 17 20 37 22 13 7 42 6 24 19 49 26 
28 4 9 35 9 35 17 37 33 36 10 1 43 19 2 11 7 37 33 30 41 41 38 2 0 4 49 31 13 12 30 34 7 1 41 22 37 
21 44 49 23 8 29 40 31 11 36 30 45 6 31 49 37 37 19 36 37 17 8 31 11 4 0 5 25 3 3 3 1 2 47 15 41 14 
39 10 23 13 1 7 41 19 19 37 7 31 32 47 21 32 6 36 20 14 13 38 19 4 4 38 0 28 9 35 28 48 42 40 35 49 27 
47 23 36 11 17 13 42 17 48 45 21 7 32 19 46 12 45 28 2 2 42 19 9 14 29 32 34 0 42 40 16 41 48 49 45 35 34 
50 10 47 1 46 2 6 10 17 22 28 16 33 37 47 13 33 48 36 28 14 23 32 35 29 1 28 32 0 4 24 9 37 35 13 12 36 
31 2 6 40 14 50 47 8 5 18 9 3 19 29 15 1 10 8 20 28 28 12 22 46 25 24 6 44 13 0 41 32 20 26 12 32 32 
42 46 15 15 26 25 31 11 42 25 13 26 10 8 28 28 44 35 8 20 30 10 15 40 44 4 45 15 37 40 0 28 8 47 33 10 14 
43 5 2 3 32 12 4 1 11 31 34 6 13 5 27 41 4 13 3 32 32 26 21 23 30 16 25 3 47 6 29 0 28 49 15 35 39 
33 6 38 18 7 15 29 13 21 40 2 32 14 37 4 34 31 28 32 18 35 29 23 17 38 1 4 6 3 7 7 49 0 21 38 8 49 
26 35 26 18 47 8 3 41 15 43 40 10 3 45 48 22 33 18 5 5 33 22 31 6 11 24 11 14 34 3 12 26 29 0 5 9 46 
2 15 21 27 27 33 2 46 12 44 4 8 9 36 17 3 33 4 17 5 5 20 7 24 48 39 8 12 31 14 31 48 37 2 0 20 18 
47 29 28 50 20 36 45 18 21 3 5 48 37 9 43 26 39 5 41 32 9 48 29 38 26 41 15 48 13 6 22 8 16 50 7 0 5 
26 18 36 20 26 39 4 45 34 10 26 23 22 6 10 33 11 38 9 50 50 41 25 30 22 47 5 15 32 48 33 38 3 39 50 22 0 
20 0 22 7 20 44 34 4 17 15 42 27 8 47 40 47 28 41 7 5 36 44 6 49 29 35 40 14 37 27 39 20 33 7 39 14 40 
32 39 0 6 17 37 8 15 30 21 48 18 42 2 5 47 46 34 14 29 14 23 28 36 5 21 18 40 27 23 44 1 9 27 7 47 2 
2 39 50 0 36 41 20 9 38 22 23 35 23 42 24 50 43 11 50 17 4 4 1 46 19 19 39 7 28 47 10 15 45 8 46 45 45 
15 43 23 4 0 20 49 34 48 34 17 35 49 44 8 48 27 41 44 49 2 43 31 17 3 13 32 41 12 8 40 15 47 29 5 29 18 
28 13 35 6 17 0 49 36 2 4 8 34 40 12 39 5 15 47 44 2 34 26 21 41 38 9 23 41 44 3 39 20 40 29 31 50 28 
9 43 35 45 45 16 0 49 6 49 1 50 20 36 50 50 36 3 45 42 8 22 47 48 45 8 43 49 16 38 45 11 32 39 28 7 5 
9 8 39 11 22 36 40 0 8 23 22 8 3 39 35 37 34 39 43 6 13 46 41 38 3 17 34 18 5 41 18 31 9 44 46 27 46 
7 32 36 37 7 40 22 36 0 35 47 27 4 8 27 43 46 22 44 9 19 20 37 45 38 19 36 18 6 41 50 10 44 8 41 28 8 
7 20 7 6 20 2 18 21 7 0 15 47 14 25 36 37 50 37 9 26 20 38 49 18 21 23 17 46 36 37 34 46 18 49 36 39 3 
38 4 50 19 19 24 32 5 40 4 0 31 6 14 10 8 50 15 9 21 9 2 36 34 3 7 33 34 24 19 29 15 40 47 34 13 34 
9 8 2 14 17 13 32 19 37 41 22 0 27 27 46 4 41 16 31 1 3 21 47 13 37 40 8 36 12 39 41 9 31 48 24 42 7 
8 7 42 40 5 15 17 17 12 8 48 24 0 26 25 24 17 33 10 13 13 46 16 24 10 28 20 31 46 32 42 29 3 5 47 34 9 
39 12 49 6 30 47 25 33 10 13 36 15 17 0 43 48 38 12 29 11 43 34 33 13 35 35 22 35 20 29 46 19 30 41 16 28 22 
12 7 33 50 41 42 50 15 35 16 29 39 44 42 0 42 26 36 42 26 6 50 14 22 9 12 6 5 15 45 7 24 2 15 27 27 5 
47 12 2 43 33 48 50 19 44 46 27 38 5 44 44 0 50 40 22 22 48 36 25 39 36 37 35 21 28 43 27 25 18 16 37 30 25 
40 34 23 2 14 4 15 16 29 18 11 1 14 24 13 43 0 6 29 19 22 23 17 6 49 28 23 27 17 22 10 22 18 15 20 11 7 
49 20 35 33 10 23 7 20 25 20 15 19 15 32 12 38 19 0 8 2 23 29 25 25 42 27 48 45 20 46 43 37 44 14 6 44 36 
45 37 13 1 11 36 24 9 8 8 3 40 48 35 50 7 18 38 0 28 25 46 43 6 13 29 37 25 33 33 21 6 9 39 27 43 32 
46 2 12 43 2 16 34 20 46 5 23 11 44 31 26 26 29 20 40 0 2 32 50 22 25 12 42 26 38 3 44 2 21 42 19 12 17 
27 36 23 30 9 36 17 24 15 14 40 3 45 30 31 19 37 42 50 46 0 30 38 31 11 40 47 17 2 4 2 19 25 19 10 50 43 
48 11 43 47 34 49 11 48 3 24 43 24 14 33 34 1 20 17 38 39 5 0 13 40 13 19 16 20 13 46 15 34 36 30 38 22 27 
49 4 12 31 28 34 9 17 5 44 38 22 19 18 6 2 22 12 39 35 21 31 0 28 19 29 49 3 38 40 7 44 27 11 8 3 16 
5 8 12 22 4 24 9 26 28 49 45 28 9 33 15 19 49 37 7 18 27 44 2 0 30 31 21 27 48 1 12 11 11 16 40 48 15 
1 18 32 47 23 2 42 31 4 25 29 8 43 25 28 25 2 35 40 11 6 32 41 34 0 47 11 25 16 39 34 13 19 35 1 19 32 
6 10 46 25 3 22 26 6 42 20 6 27 35 36 10 32 1 37 9 19 27 49 1 13 28 0 26 42 21 13 10 24 42 6 46 19 42 
40 16 9 35 7 35 42 28 5 49 31 3 24 31 19 48 42 1 5 8 10 33 48 27 30 5 0 44 32 47 14 21 40 17 18 42 35 
29 25 13 43 7 23 8 29 46 39 47 32 42 26 1 6 41 12 33 7 19 32 5 2 42 10 32 0 42 29 42 36 7 40 35 19 17 
39 13 1 37 26 19 32 41 9 12 41 21 14 15 49 6 36 36 17 48 21 11 1 47 41 17 50 4 0 3 41 43 7 7 34 18 28 
11 46 31 50 50 14 44 31 20 12 29 14 44 31 22 4 18 22 47 28 13 5 46 10 19 29 39 18 19 0 34 14 30 48 21 46 40 
5 17 49 7 18 21 28 30 39 37 11 23 20 40 39 36 37 41 16 7 50 22 31 22 26 26 12 36 48 49 0 16 24 35 32 50 2 
23 41 10 42 27 17 22 33 19 16 49 30 45 29 43 8 5 40 40 33 37 27 32 42 9 43 33 40 21 38 39 0 38 41 38 13 47 
31 24 30 34 1 48 4 10 28 33 41 20 7 9 19 46 43 17 15 47 9 18 34 35 34 32 12 32 28 11 40 7 0 16 46 28 31 
10 6 33 39 24 22 15 27 2 14 34 13 19 43 45 24 23 17 38 13 41 46 50 19 37 23 33 17 44 35 4 11 31 0 39 36 38 
34 27 23 38 4 8 33 21 49 50 13 35 17 16 34 50 8 15 41 14 6 14 3 2 40 48 33 18 10 23 32 31 7 8 0 41 47 
45 1 10 34 13 30 21 37 10 48 1 28 1 5 3 17 48 22 32 20 25 22 49 6 25 16 11 26 18 33 28 9 25 38 5 0 8 
6 7 2 27 44 16 42 42 47 6 17 6 20 16 33 36 27 21 23 23 2 4 9 47 19 45 20 28 20 43 3 13 50 46 12 41 0 
21 0 5 27 9 30 7 10 20 50 6 6 3 50 43 32 5 16 33 6 2 49 5 8 49 47 15 22 5 3 4 6 25 5 42 15 22 
44 14 0 44 45 45 40 48 14 40 18 28 28 11 49 48 18 40 10 43 17 48 29 13 15 36 5 18 46 50 32 48 9 29 11 11 2 
39 11 8 0 10 7 44 10 30 38 45 44 4 7 39 35 45 49 49 25 16 1 29 10 40 22 3 15 8 20 20 50 1 39 46 30 30 
3 34 10 4 0 20 34 28 42 11 15 40 11 47 4 10 30 37 45 2 10 2 18 38 5 29 2 10 19 46 44 16 11 10 6 43 16 
40 21 47 17 2 0 19 29 8 13 4 12 16 10 20 15 44 45 20 29 35 46 5 25 18 24 10 47 18 50 30 2 42 11 45 41 16 
49 35 9 33 39 31 0 43 26 41 44 9 26 30 22 16 41 27 9 20 35 46 30 43 42 23 12 9 34 3 20 6 16 29 49 46 10 
11 46 46 16 13 50 28 0 30 1 21 38 28 14 12 15 2 25 7 21 20 42 17 11 28 22 9 23 21 39 44 48 31 27 7 30 32 
13 5 23 46 2 13 41 2 0 24 31 21 42 6 4 42 22 29 27 18 44 35 19 44 4 28 7 42 8 23 7 2 7 33 34 39 20 
35 25 18 30 27 10 4 42 39 0 31 16 35 3 26 3 50 39 36 47 45 12 19 19 45 22 34 30 17 30 14 10 23 15 22 38 5 
9 39 18 26 15 3 16 47 42 8 0 6 47 5 2 19 47 37 45 8 16 6 23 8 44 30 37 12 25 22 43 20 31 39 49 42 1 
18 22 30 10 3 23 3 14 28 34 13 0 28 46 13 36 21 14 22 49 36 31 25 47 29 41 42 25 49 38 25 9 7 11 19 29 16 
15 49 14 34 21 45 16 47 25 34 30 9 0 8 49 17 17 50 6 20 44 26 2 19 12 48 4 26 4 25 7 18 28 35 21 7 16 
9 15 16 37 10 50 4 7 12 17 42 40 9 0 42 7 5 49 36 40 13 30 2 37 17 19 13 22 18 17 3 25 37 43 1 9 36 
40 34 35 26 48 13 50 32 12 37 45 34 1 13 0 29 49 32 44 36 7 29 50 19 48 28 37 41 10 42 6 47 8 34 21 15 16 
1 15 16 18 3 6 5 32 18 39 18 4 24 26 6 0 50 16 2 8 41 16 38 48 12 22 41 40 6 41 38 50 30 49 14 48 18 
29 19 5 23 45 37 30 40 19 38 36 16 1 48 43 32 0 14 25 1 14 17 4 46 12 16 49 41 31 39 39 5 10 29 39 21 47 
48 35 47 29 8 9 44 35 5 25 6 44 46 19 16 25 14 0 34 1 25 24 43 7 46 47 50 1 31 33 27 38 13 27 46 35 29 
28 22 7 8 11 11 7 42 44 48 36 21 23 31 47 45 38 46 0 24 5 28 1 33 8 8 14 3 29 38 43 17 50 35 37 47 42 
28 44 15 13 37 16 3 49 15 31 8 2 30 44 26 32 22 30 2 0 28 40 50 50 48 9 28 4 2 32 36 37 36 35 5 17 44 
32 12 19 12 48 34 43 28 6 1 49 45 17 36 28 5 36 19 3 29 0 44 18 4 9 13 2 18 30 45 22 18 26 27 33 1 11 
12 40 30 6 7 23 42 8 29 10 35 47 8 32 1 16 3 39 50 14 8 0 10 50 47 17 14 33 35 34 24 19 35 36 18 44 47 
40 47 22 21 26 47 30 4 17 21 22 13 22 2 24 38 33 37 3 2 41 33 0 40 43 40 8 24 6 42 50 11 41 39 5 27 7 
18 30 38 12 30 47 30 46 43 21 13 33 50 31 3 49 15 42 6 7 7 29 32 0 19 23 25 12 17 11 32 25 18 26 18 21 4 
49 42 23 44 4 44 1 20 45 42 6 11 48 13 26 47 49 20 50 39 48 20 39 6 0 35 13 36 11 46 46 7 33 11 50 1 24 
20 13 4 14 28 12 24 32 19 2 20 49 7 28 19 6 19 32 6 30 4 18 10 41 9 0 41 24 49 35 23 1 49 12 2 28 37 
17 37 11 37 46 7 37 34 44 38 5 19 27 2 15 29 44 22 21 3 3 13 5 38 38 25 0 48 47 1 21 37 5 1 33 40 32 
22 19 34 47 31 27 47 21 36 6 23 34 9 22 5 41 32 25 34 4 32 24 49 21 10 41 33 0 23 2 50 18 45 12 33 8 25 
38 25 22 27 16 35 2 33 3 15 38 30 16 46 24 26 50 36 1 49 21 13 37 41 44 24 20 37 0 38 28 22 26 15 30 4 8 
4 7 38 48 22 17 19 46 3 4 8 6 27 43 45 27 33 10 5 25 38 31 34 42 15 16 45 25 43 0 13 15 36 43 16 23 44 
49 4 27 5 45 42 39 41 17 15 10 46 34 46 44 6 26 29 20 23 24 46 33 7 23 44 3 40 39 22 0 14 11 21 2 28 29 
33 1 31 47 42 43 26 1 7 49 42 48 20 9 11 14 47 50 20 3 22 21 32 2 39 50 2 46 1 49 26 0 32 18 15 23 25 
49 24 31 31 21 32 1 24 2 5 21 31 11 50 15 21 32 26 8 13 19 30 8 43 42 30 50 8 24 10 31 5 0 37 36 16 23 
19 40 33 40 21 9 50 35 29 22 36 2 35 5 1 43 8 11 7 19 16 38 40 42 32 43 1 42 25 16 45 25 34 0 42 3 43 
44 19 43 11 30 24 15 20 44 49 24 19 10 39 48 26 30 48 7 31 50 41 8 28 8 8 11 13 28 11 18 43 3 8 0 49 40 
19 47 40 43 24 21 48 34 20 33 33 36 19 19 46 37 35 22 43 3 11 15 3 23 14 2 43 34 31 31 17 2 40 9 8 0 33 
8 15 8 30 44 25 9 26 26 25 45 10 15 32 9 31 16 47 29 4 44 18 30 23 28 15 3 40 16 31 47 11 11 13 29 21 0 
15 0 13 10 37 7 27 47 39 8 34 19 49 23 36 37 43 30 4 39 41 35 35 2 29 22 19 10 45 29 34 49 2 3 38 16 3 
38 43 0 48 18 21 42 15 45 46 5 18 31 45 4 31 7 25 39 36 30 12 31 16 38 17 3 11 24 35 18 46 35 20 34 6 38 
7 22 21 0 44 21 8 34 17 2 30 50 26 3 42 28 15 3 37 42 7 27 10 1 18 31 42 11 29 9 33 11 11 48 44 1 3 
18 43 10 5 0 48 49 36 38 3 36 21 44 40 32 33 34 43 50 11 47 21 3 13 29 48 6 9 19 19 39 28 10 42 25 47 11 
27 38 10 29 24 0 14 15 46 21 17 39 27 1 28 19 49 33 4 33 16 30 31 8 43 40 18 19 15 8 12 3 15 35 23 7 6 
40 33 24 8 39 17 0 9 31 17 32 18 42 21 29 27 38 43 32 31 47 31 18 39 7 46 1 38 10 15 24 43 29 21 14 10 1 
31 26 28 13 23 27 26 0 8 50 27 44 29 35 15 23 3 42 10 25 22 45 17 12 38 29 49 16 43 40 40 21 8 20 26 8 18 
5 18 24 4 42 31 8 19 0 7 10 25 1 2 41 38 12 39 38 7 15 14 40 34 25 12 34 19 10 7 37 10 9 7 5 48 24 
37 22 30 14 9 43 31 20 24 0 16 41 50 3 10 19 33 20 44 5 16 35 50 43 9 12 48 13 21 50 17 44 48 43 14 25 18 
8 43 6 21 9 14 1 46 43 20 0 8 47 19 27 40 14 1 33 40 37 30 22 3 12 30 11 20 8 22 44 7 39 35 2 25 28 
39 34 7 21 49 47 17 42 40 17 2 0 23 28 30 47 10 24 39 39 37 41 44 42 49 44 44 24 49 13 20 13 17 2 12 26 18 
26 20 38 33 5 11 22 14 9 48 31 43 0 48 47 15 46 14 39 38 45 42 9 27 6 23 18 29 21 5 36 22 16 5 30 34 5 
2 6 32 30 22 28 40 47 14 32 2 17 5 0 17 4 14 25 32 26 18 44 33 11 38 32 2 10 24 27 16 39 18 14 10 45 8 
8 8 23 15 19 30 42 42 17 13 16 39 32 8 0 41 24 4 17 12 19 46 45 48 20 19 17 21 49 44 34 3 45 22 46 6 18 
9 11 49 14 41 20 21 19 37 22 42 19 25 16 15 0 47 49 27 13 14 10 3 47 3 9 43 48 33 10 21 17 36 2 24 15 43 
19 48 28 27 24 29 34 47 25 3 24 29 20 7 47 46 0 34 43 8 6 15 46 6 49 22 39 10 16 5 7 17 2 1 22 29 1 
49 37 40 31 20 50 29 6 20 20 14 4 24 22 3 10 16 0 10 29 23 43 30 5 36 20 18 43 18 37 23 29 49 28 47 47 47 
4 28 36 16 17 50 30 2 26 6 42 34 4 8 37 41 43 6 0 8 20 32 5 11 2 8 11 20 47 42 15 26 28 25 7 6 39 
24 13 7 44 1 3 11 15 26 10 15 29 37 38 6 22 39 28 16 0 49 17 35 9 6 30 33 11 11 30 15 9 48 2 48 17 31 
50 15 19 29 45 47 26 48 47 41 11 4 10 5 39 48 41 7 22 40 0 5 1 14 19 43 50 36 12 2 18 28 39 21 26 22 25 
10 37 5 21 9 11 10 39 22 7 2 26 26 11 7 45 26 28 26 50 1 0 1 37 45 11 15 47 30 14 23 33 35 33 15 39 5 
2 2 32 44 42 25 47 36 49 10 36 41 11 33 13 44 50 23 24 9 50 11 0 10 44 15 30 26 50 24 18 44 12 23 3 43 25 
46 33 8 26 5 2 46 1 29 7 19 31 10 40 35 10 41 30 5 42 43 38 30 0 12 50 47 12 32 17 25 18 9 40 39 48 18 
15 49 5 49 15 9 15 8 11 45 40 35 33 34 21 43 48 2 32 9 3 47 27 8 0 40 15 35 5 39 11 42 22 42 18 45 43 
26 6 27 34 23 22 2 5 7 28 50 34 5 25 12 39 7 40 15 19 22 47 10 1 25 0 11 20 1 4 19 43 16 39 29 18 42 
25 49 36 31 46 23 1 13 16 1 50 14 50 3 16 3 3 27 21 29 47 27 10 13 3 1 0 1 39 35 34 45 26 8 20 14 9 
5 35 24 50 46 47 36 24 11 6 1 2 4 41 13 12 9 39 45 48 40 23 29 45 22 13 29 0 32 6 25 7 30 39 7 48 19 
4 21 34 1 42 36 2 48 1 50 36 44 22 33 18 19 26 17 20 32 6 29 29 34 19 4 19 37 0 49 22 13 47 43 44 9 38 
6 45 7 4 21 31 45 23 27 35 10 23 7 38 5 23 38 17 13 25 43 50 32 38 18 16 49 30 37 0 40 1 28 25 30 14 31 
10 16 11 26 35 7 8 34 44 46 30 12 17 40 9 27 32 34 46 7 13 19 37 6 33 15 36 38 34 33 0 49 27 24 24 13 23 
7 38 40 37 42 49 44 22 36 37 13 47 31 25 47 41 35 8 19 42 30 5 43 20 21 21 50 12 48 3 38 0 44 27 37 21 44 
45 10 15 14 25 15 20 46 3 39 7 10 37 8 43 17 5 22 44 2 46 20 16 22 49 33 25 33 50 19 20 45 0 5 3 47 25 
44 5 17 15 36 47 18 32 14 41 26 40 11 22 39 6 43 20 49 25 45 43 15 43 40 37 47 34 19 13 5 34 11 0 19 23 50 
5 29 16 49 3 34 9 9 7 36 23 28 31 15 2 36 4 23 31 2 40 25 25 49 50 34 14 2 36 42 29 42 49 39 0 1 15 
4 1 22 11 34 7 36 5 15 19 4 5 11 20 31 39 39 22 11 31 5 18 49 19 21 8 24 16 7 31 30 42 15 38 33 0 4 
1 20 18 34 40 21 35 32 31 9 41 16 12 41 4 27 29 20 11 36 2 3 40 27 33 21 49 34 40 12 40 24 38 27 38 19 0 
5 0 27 42 35 34 18 39 12 17 8 4 16 28 3 14 45 28 47 2 48 31 41 1 19 22 1 42 19 20 18 29 35 3 36 23 2 
29 26 0 3 35 15 28 10 26 17 33 7 38 49 46 46 42 26 40 39 14 26 23 13 33 27 20 43 50 30 19 13 42 30 12 17 2 
44 18 34 0 3 32 26 2 39 45 4 21 24 22 37 10 14 48 10 26 6 14 20 9 45 36 10 47 49 21 15 9 38 30 45 48 8 
6 36 33 1 0 21 24 39 23 50 19 29 43 10 50 45 21 36 11 38 25 10 40 18 22 30 4 19 30 46 34 45 27 40 2 8 12 
28 26 35 40 31 0 36 46 17 32 4 40 21 20 38 2 19 7 24 49 17 18 11 22 18 5 9 27 16 25 2 4 8 43 33 43 11 
26 49 44 24 44 2 0 40 26 15 48 11 8 32 27 21 17 4 41 44 17 4 18 35 22 9 30 43 30 1 32 29 37 45 42 43 9 
30 25 23 17 21 47 4 0 8 49 19 35 48 32 38 4 2 39 27 7 9 14 22 15 15 10 11 25 33 20 24 13 41 34 12 37 29 
18 28 46 7 15 28 24 40 0 46 45 49 14 29 28 48 19 35 34 45 8 11 9 8 11 22 21 38 25 7 45 15 20 1 26 34 12 
31 50 45 36 49 25 20 16 13 0 12 5 42 27 45 6 50 17 29 19 10 21 35 36 44 40 50 34 1 30 29 14 3 44 37 38 36 
40 10 10 36 39 43 49 11 17 47 0 49 12 39 15 3 22 8 25 42 47 15 2 46 49 41 19 36 34 48 2 49 41 8 21 11 8 
19 33 21 28 37 25 28 44 1 23 13 0 16 26 42 46 20 45 42 21 39 14 11 45 21 8 15 13 15 48 9 5 19 5 46 4 25 
4 14 11 41 25 3 48 19 7 20 9 7 0 7 30 46 16 50 23 45 8 39 1 21 22 12 13 47 43 18 44 11 30 39 22 16 32 
32 31 14 12 14 26 14 38 7 7 9 19 14 0 39 20 32 2 46 36 3 43 39 29 13 6 6 1 14 10 29 19 35 14 14 35 20 
9 34 45 13 38 34 16 6 4 28 30 29 24 29 0 29 43 36 13 39 43 2 2 6 8 25 1 29 28 38 25 6 50 5 1 24 18 
1 24 16 9 24 24 9 29 26 22 40 31 1 26 50 0 1 26 43 18 7 28 38 38 37 6 39 18 30 23 31 25 24 6 11 43 13 
48 30 20 29 44 27 32 3 11 48 28 12 26 5 25 13 0 34 18 41 14 36 29 4 36 6 30 7 46 48 17 25 40 34 37 4 46 
23 39 14 1 6 35 27 8 12 6 5 18 7 13 41 39 21 0 30 27 19 27 35 23 14 21 37 6 45 24 38 29 39 2 30 40 45 
4 40 8 1 3 46 24 50 26 39 40 35 27 37 19 5 11 35 0 19 39 17 50 31 20 29 33 35 24 28 16 16 27 24 46 35 32 
22 27 16 32 11 23 38 32 47 22 19 37 20 25 29 17 12 2 29 0 5 9 39 22 21 11 1 23 10 24 13 12 31 2 38 33 34 
20 37 28 44 12 49 23 8 14 48 4 3 38 49 16 23 18 31 23 33 0 5 46 21 10 1 29 9 34 11 38 36 33 42 45 48 25 
24 36 43 11 16 15 7 14 48 20 22 25 48 40 13 22 15 1 30 25 16 0 19 43 34 40 40 47 26 13 22 12 44 2 41 49 33 
38 12 18 40 39 8 13 31 7 35 37 22 26 14 18 42 15 24 10 5 43 9 0 22 27 18 31 1 26 9 29 23 7 41 31 34 3 
33 40 36 8 7 13 28 5 4 26 1 49 5 21 29 29 32 44 40 29 41 42 22 0 8 8 37 23 28 13 31 32 45 31 15 9 25 
38 2 49 30 32 17 24 43 30 2 22 39 50 45 25 47 41 5 12 42 18 28 1 20 0 41 50 43 23 45 7 19 40 12 4 41 31 
45 10 48 25 19 30 29 6 16 35 29 18 6 35 4 26 4 17 8 10 1 30 40 33 24 0 1 49 24 34 33 27 46 5 45 2 31 
8 37 24 39 50 46 5 7 21 26 18 10 3 44 37 45 47 31 30 16 21 15 2 18 32 5 0 22 33 8 33 14 11 33 23 18 17 
44 19 11 6 25 34 12 49 33 39 21 40 47 32 49 24 16 37 11 44 36 6 8 45 24 22 49 0 39 13 7 28 31 26 20 2 29 
21 24 41 37 3 3 36 43 35 33 37 27 34 40 46 47 13 25 31 38 12 16 32 3 36 24 37 27 0 12 41 15 27 30 21 4 42 
46 25 41 33 21 16 11 42 36 22 5 23 12 32 19 1 40 14 17 5 42 38 2 29 17 9 32 45 18 0 11 47 13 36 4 1 38 
35 48 18 47 6 40 18 14 20 14 15 31 23 14 37 16 4 50 50 8 24 12 17 12 34 17 25 25 25 42 0 38 8 31 31 17 42 
47 21 50 3 21 38 10 3 44 2 22 4 24 32 9 37 4 43 15 23 32 6 13 39 16 43 40 28 27 8 50 0 43 48 45 19 34 
50 48 38 36 3 14 18 33 45 21 2 44 34 2 5 38 16 45 11 42 9 11 37 28 48 33 27 37 2 30 7 29 0 13 26 37 6 
6 29 20 19 38 30 45 46 42 47 45 26 3 12 28 4 35 28 25 40 12 11 39 20 37 32 32 15 15 23 31 8 15 0 50 33 37 
25 43 5 30 16 41 36 2 39 2 35 41 3 4 44 36 2 48 44 46 41 1 32 7 49 30 32 20 16 37 11 4 30 41 0 29 43 
23 46 24 22 25 37 32 36 47 41 13 11 29 46 6 18 6 38 46 25 11 48 31 37 10 17 37 2 42 32 11 12 25 2 13 0 7 
24 23 21 5 19 47 10 8 18 21 41 20 32 43 48 42 46 5 33 26 15 38 12 8 1 30 44 16 31 1 37 28 34 50 44 33 0 
17 0 42 6 15 39 24 19 39 27 17 21 49 34 19 17 21 20 38 42 37 11 13 4 40 3 44 28 18 35 14 37 32 50 15 25 5 
49 19 0 37 42 19 24 32 34 10 46 33 12 34 16 8 47 9 7 23 5 38 16 12 45 46 2 5 14 31 39 50 19 45 13 22 2 
1 50 19 0 38 31 21 31 7 12 17 34 19 6 41 24 43 43 21 17 34 7 42 46 18 20 19 4 21 47 14 18 22 45 7 46 9 
39 35 24 18 0 36 5 34 30 18 36 8 40 16 7 26 24 46 39 45 9 4 2 19 12 17 10 11 48 50 13 25 49 45 15 4 9 
47 50 48 2 9 0 17 50 34 11 14 6 40 38 44 26 7 12 37 6 38 16 12 1 27 45 37 31 6 12 10 45 2 3 18 28 46 
42 43 1 38 2 36 0 2 3 5 21 10 6 37 19 37 9 9 17 43 35 50 21 8 23 36 44 23 2 19 4 37 21 17 31 16 20 
37 18 36 31 11 48 22 0 24 27 25 20 44 23 37 43 37 26 43 47 21 36 28 3 8 13 50 34 1 34 40 40 6 3 18 22 42 
31 12 24 2 50 35 46 11 0 25 30 30 33 12 1 45 24 34 46 35 9 16 29 19 12 15 22 40 38 36 14 41 5 15 2 6 14 
20 45 22 1 32 42 34 34 20 0 2 40 34 45 17 22 8 34 14 26 3 44 12 38 28 45 9 26 12 40 25 18 11 46 32 5 40 
25 34 27 24 45 35 43 13 32 7 0 43 20 42 33 22 2 26 3 20 8 8 44 7 24 17 23 45 46 34 30 39 14 13 33 34 50 
37 2 9 10 20 25 47 39 17 7 20 0 7 4 17 36 43 12 47 32 31 28 4 8 23 41 47 29 3 19 30 8 9 49 22 15 24 
45 11 38 33 47 18 7 10 3 38 43 18 0 45 46 2 16 1 3 23 34 45 36 19 23 46 45 21 38 50 11 8 32 2 12 49 2 
10 50 35 10 48 48 21 4 5 11 8 24 28 0 42 8 47 49 31 30 10 43 15 37 3 48 19 11 42 30 11 17 33 47 1 7 2 
19 14 37 47 16 16 18 36 37 47 10 8 3 12 0 33 21 33 40 10 45 13 33 12 29 37 29 24 45 45 26 27 28 36 7 28 36 
45 33 44 28 48 2 16 1 10 4 39 19 28 46 50 0 7 42 13 39 36 3 9 10 37 42 24 41 12 21 33 22 47 34 48 27 50 
46 32 48 12 18 11 19 34 40 5 18 49 26 20 37 24 0 18 43 33 37 24 8 36 24 11 4 31 27 32 43 35 30 20 1 12 10 
16 28 19 42 40 26 48 37 7 43 37 1 46 49 29 42 15 0 41 27 39 47 24 1 14 31 42 2 47 21 38 30 26 9 28 9 41 
24 42 47 48 10 49 18 19 17 30 32 34 15 44 15 30 24 23 0 13 42 28 6 11 48 24 1 17 19 13 12 43 19 40 38 19 24 
44 29 29 49 6 32 47 1 11 19 33 28 23 50 2 36 16 17 14 0 19 31 50 24 10 32 49 6 6 38 13 44 27 25 42 36 45 
45 15 37 46 9 11 37 6 19 40 47 14 10 7 4 24 25 1 43 45 0 6 20 17 8 26 42 14 48 26 6 3 31 14 7 42 2 
31 19 10 21 13 19 42 43 3 43 46 31 10 20 3 25 50 42 40 26 48 0 29 20 18 48 39 30 13 38 16 50 3 16 3 43 7 
41 23 33 37 29 25 5 34 46 33 39 6 4 28 32 23 18 16 4 2 49 43 0 24 24 39 29 5 37 43 44 15 8 28 47 35 27 
10 3 48 24 25 37 23 15 1 25 10 11 34 28 36 50 49 42 9 48 50 9 49 0 50 20 19 41 3 19 31 29 7 43 5 13 16 
19 31 28 12 21 9 23 15 20 44 3 15 8 15 9 36 39 37 28 1 4 48 4 6 0 47 20 47 21 46 3 19 29 15 20 31 19 
14 47 28 41 36 35 31 26 16 26 45 4 22 43 19 6 28 13 12 22 27 22 15 1 13 0 3 19 17 26 25 50 38 34 41 23 42 
10 38 16 20 18 28 41 21 26 43 49 4 35 13 2 3 9 10 42 43 32 28 29 33 17 14 0 1 42 26 7 20 32 21 27 47 40 
48 42 4 50 32 45 26 20 5 15 32 14 23 48 30 25 49 30 10 32 9 33 4 4 28 50 45 0 19 24 18 34 9 16 12 6 17 
6 43 11 38 3 9 29 2 33 38 20 29 28 46 33 41 18 15 31 15 39 50 22 33 50 7 47 38 0 32 24 48 11 42 13 19 7 
20 23 30 1 5 2 22 41 30 16 42 28 35 43 42 2 31 41 28 6 21 29 38 46 13 41 21 9 40 0 9 38 15 27 27 22 46 
36 31 11 38 29 32 3 35 15 19 3 40 33 47 30 1 36 13 36 41 35 34 38 14 32 14 1 22 29 28 0 1 9 22 46 16 1 
31 41 28 40 27 4 32 45 39 31 26 44 30 37 30 15 41 31 11 2 44 47 6 15 31 32 7 38 18 45 18 0 37 31 30 21 45 
35 47 15 32 3 43 26 1 38 7 42 42 49 37 18 41 36 15 7 34 35 14 9 45 48 44 28 44 14 40 14 50 0 17 35 31 45 
17 30 50 1 22 6 28 24 40 15 40 31 27 28 2 17 23 37 10 22 38 20 35 9 16 32 38 49 44 42 26 14 7 0 23 25 7 
15 6 13 30 37 35 6 33 5 47 18 36 39 47 28 31 25 9 8 47 45 41 35 40 18 29 30 48 40 26 25 4 4 45 0 2 17 
24 30 35 3 15 2 5 20 15 2 11 48 15 45 39 48 16 28 12 25 22 24 13 8 5 8 44 29 22 14 33 44 45 11 7 0 46 
24 5 33 44 36 16 26 16 19 33 33 45 37 28 39 26 34 27 46 1 18 28 49 7 9 26 48 1 20 17 3 5 39 44 24 11 0 
46 0 19 40 6 48 47 39 23 26 49 43 45 26 7 10 19 15 6 28 47 7 26 35 11 18 25 47 2 31 28 6 44 4 28 30 16 
38 40 0 3 22 40 26 32 10 34 4 26 13 8 35 41 34 17 28 5 20 34 29 39 24 1 37 42 48 43 49 42 49 28 44 31 25 
3 7 8 0 31 45 25 28 14 49 34 45 47 38 23 27 27 23 10 33 10 2 30 21 3 35 34 18 35 13 28 36 14 4 16 32 10 
21 25 26 9 0 2 25 26 17 43 46 10 21 23 16 26 18 12 22 24 24 36 5 47 12 8 43 2 21 49 31 43 23 42 18 6 49 
35 24 8 27 4 0 5 11 39 24 48 13 48 3 19 2 33 43 8 24 16 28 14 2 9 24 5 19 12 4 38 29 5 10 27 33 39 
14 47 20 32 45 9 0 38 11 31 5 19 31 30 11 30 34 44 41 21 21 23 50 4 50 36 50 35 37 19 8 39 26 36 14 19 46 
39 43 21 20 27 42 28 0 19 37 38 32 44 8 45 12 19 6 12 17 15 44 21 46 46 24 2 42 24 17 43 45 17 42 35 46 2 
21 2 45 31 22 35 14 48 0 18 42 29 24 46 20 20 24 47 5 3 19 47 26 47 26 50 5 3 44 44 16 2 24 50 11 49 5 
18 36 43 9 8 49 29 32 24 0 18 28 47 24 21 20 38 33 27 5 45 6 20 31 18 33 20 5 2 41 5 25 36 22 16 7 12 
12 44 12 49 48 15 3 33 27 6 0 21 23 47 14 42 23 6 4 50 49 5 26 27 38 44 27 42 19 44 43 26 8 15 8 26 40 
16 7 48 41 17 49 41 27 50 32 6 0 27 14 2 30 19 17 9 7 37 17 25 5 21 23 34 39 35 31 13 9 39 39 3 8 50 
6 9 32 6 36 1 38 12 22 16 6 43 0 13 8 42 7 2 40 23 42 2 27 19 34 11 6 47 38 24 17 39 11 44 30 13 8 
27 1 1 17 37 44 50 8 29 47 22 23 21 0 3 38 49 30 17 48 29 41 49 46 30 4 1 38 6 28 45 50 34 45 34 30 1 
39 7 5 9 28 11 5 15 35 24 17 22 29 40 0 32 28 33 34 18 29 6 22 13 37 6 45 31 34 48 39 29 37 23 38 10 23 
12 40 1 30 44 32 45 31 35 17 27 38 13 22 1 0 11 17 1 45 18 44 19 4 34 30 21 18 46 46 30 49 42 31 9 17 44 
33 38 35 24 27 33 2 40 19 44 22 26 38 18 21 22 0 43 43 29 43 37 18 1 23 15 50 35 5 18 35 7 5 6 8 29 29 
16 22 41 12 17 15 16 37 50 42 9 28 9 27 49 39 31 0 25 7 16 38 13 10 28 48 48 22 34 37 18 21 30 40 42 6 22 
2 18 26 23 3 15 23 24 42 7 46 41 36 19 25 32 1 13 0 42 4 13 13 15 20 43 33 50 33 22 29 39 18 21 28 37 13 
49 35 14 24 40 36 37 41 2 31 48 19 44 40 30 27 50 3 10 0 39 4 6 30 21 15 41 3 13 19 29 20 9 33 12 33 17 
50 19 15 27 27 24 19 13 35 32 40 32 50 13 18 19 19 48 10 44 0 6 44 9 50 34 24 23 23 11 39 36 32 8 13 27 32 
39 34 13 30 38 18 36 34 1 21 14 6 12 2 41 35 2 39 12 7 11 0 15 43 3 2 46 2 46 46 8 25 37 36 36 31 36 
35 30 7 38 8 26 49 14 10 17 12 10 49 1 31 19 2 21 22 24 41 10 0 29 42 16 40 38 43 46 28 20 26 22 6 1 22 
33 24 49 35 16 29 44 35 34 43 48 45 28 7 35 16 15 7 45 25 2 15 22 0 19 38 7 18 32 48 37 39 44 1 9 36 29 
22 37 8 12 17 45 9 24 43 43 15 40 44 4 11 15 11 26 21 19 2 31 47 10 0 12 12 37 48 5 4 45 20 21 7 44 28 
49 33 9 7 6 49 26 46 42 28 39 44 26 24 33 26 38 17 27 42 40 49 1 6 8 0 12 20 39 49 46 20 38 10 33 16 28 
18 14 14 4 5 2 19 34 23 44 22 31 21 19 32 4 30 3 39 1 33 3 49 45 29 37 0 48 46 9 2 34 44 9 5 9 25 
4 23 37 39 31 17 33 15 40 39 19 30 15 16 8 8 45 16 46 15 16 19 25 19 5 23 26 0 22 10 29 23 16 11 8 1 7 
17 50 21 16 21 35 5 41 19 18 32 43 45 27 49 43 10 45 10 36 49 19 35 8 42 12 6 12 0 17 3 19 7 16 1 41 46 
46 30 44 32 14 35 50 37 42 33 28 34 30 30 7 17 49 16 9 49 16 13 24 10 29 44 24 17 50 0 25 28 44 36 4 48 30 
1 29 22 14 19 48 17 10 35 22 32 37 46 2 9 1 42 42 30 33 7 35 3 21 11 33 38 17 5 34 0 48 27 32 27 17 21 
44 45 31 18 46 15 26 8 12 38 21 48 16 28 2 44 24 15 24 16 26 1 4 36 11 1 5 1 25 6 6 0 19 36 39 7 48 
12 13 38 42 10 45 10 24 13 41 1 28 32 4 3 18 4 2 45 43 42 45 8 46 10 25 33 6 33 2 12 28 0 21 5 33 12 
28 32 6 31 42 30 24 20 50 28 20 21 4 38 16 35 45 15 6 18 5 43 32 36 13 4 42 11 29 24 7 27 22 0 42 40 22 
46 14 1 12 22 38 46 33 6 13 3 45 37 28 34 7 50 15 8 36 1 21 19 39 39 13 42 27 21 43 50 13 49 44 0 39 31 
14 44 47 17 47 50 31 1 2 48 24 1 41 1 28 7 34 5 22 25 45 13 24 9 46 19 12 13 13 41 46 43 39 3 44 0 6 
19 41 39 2 41 19 38 41 40 42 37 21 16 43 29 44 23 15 37 1 20 38 21 28 38 18 38 11 2 32 12 38 8 22 39 44 0 
16 0 20 35 26 26 34 20 5 33 42 48 20 13 2 21 25 16 43 37 31 20 11 14 23 32 27 39 8 30 49 14 44 5 35 29 3 
30 11 0 26 37 19 17 46 47 21 18 48 1 11 37 22 15 36 8 25 6 7 12 45 49 45 12 25 34 28 4 16 29 24 18 45 6 
18 50 13 0 3 16 18 3 14 29 39 48 43 27 49 9 48 10 23 47 19 16 27 43 8 42 12 19 18 3 20 27 43 43 17 48 36 
46 22 40 39 0 10 32 20 6 15 32 7 29 45 19 19 1 22 27 40 41 8 5 12 4 50 36 11 10 13 5 1 11 2 24 2 38 
34 8 9 35 7 0 37 44 10 5 40 23 35 1 26 22 16 28 7 28 41 11 37 40 25 21 11 43 10 31 47 28 22 17 31 18 14 
19 5 35 22 12 2 0 49 10 13 27 9 37 33 36 33 46 46 11 28 47 19 34 14 46 44 34 30 8 13 1 19 21 9 8 47 23 
23 6 30 10 38 30 12 0 45 3 7 28 46 15 32 26 6 4 22 45 35 42 39 28 29 23 41 48 13 9 38 29 25 39 11 24 41 
32 19 9 40 22 20 44 38 0 6 34 44 31 26 13 17 38 14 13 32 34 29 1 38 48 32 50 37 15 28 3 7 4 9 36 24 36 
13 6 13 23 46 41 23 39 47 0 17 38 46 22 42 12 27 30 40 12 32 31 12 8 23 33 29 10 4 28 40 23 40 39 32 25 8 
50 9 38 38 28 49 1 16 13 41 0 44 37 41 30 25 19 24 43 5 1 49 41 40 18 31 20 11 8 45 48 8 41 17 5 27 21 
3 25 4 33 12 43 11 43 36 24 13 0 48 16 4 16 46 27 25 10 10 20 21 7 9 39 44 21 15 34 3 20 37 4 5 17 50 
39 23 40 7 31 48 33 8 8 14 42 42 0 32 12 14 43 46 18 1 32 18 46 45 19 23 46 10 33 4 26 45 11 38 17 8 5 
36 4 29 23 39 50 1 26 2 30 33 22 40 0 28 42 36 4 35 32 43 29 21 34 35 38 1 4 32 19 32 4 16 5 10 8 42 
39 29 44 19 45 20 18 44 14 38 44 27 34 10 0 8 4 35 15 26 15 20 45 35 38 47 20 7 21 26 18 18 30 20 50 47 25 
41 14 48 10 4 41 22 1 8 27 48 10 24 1 31 0 41 35 44 23 45 45 6 23 26 13 48 18 46 21 14 8 34 13 33 13 22 
17 17 11 29 23 35 31 20 22 48 47 25 37 28 46 27 0 28 2 31 35 42 23 47 7 24 26 30 44 20 15 47 41 39 10 24 18 
33 45 22 10 26 3 5 16 1 44 10 44 19 31 7 11 3 0 28 30 45 20 5 6 48 5 38 1 7 1 6 37 27 4 28 45 33 
31 21 10 40 18 32 6 31 17 37 25 40 8 37 39 11 31 30 0 49 29 40 25 6 38 3 49 16 45 7 33 40 42 37 24 31 32 
19 41 28 39 49 26 32 18 13 11 50 15 18 26 47 25 30 16 44 0 6 16 22 37 20 17 11 24 34 48 34 3 34 6 8 43 40 
3 10 31 15 44 39 26 42 49 1 28 31 36 16 12 21 30 25 17 47 0 4 9 23 38 2 48 21 30 8 16 9 10 34 8 23 20 
36 30 13 28 47 45 21 16 34 43 49 32 22 33 5 31 42 46 36 44 38 0 44 13 46 18 47 34 34 42 18 48 29 44 43 36 1 
13 40 1 9 38 7 4 9 50 39 8 26 12 29 19 38 22 29 33 43 18 17 0 10 1 12 38 24 16 46 20 39 30 47 4 18 3 
46 27 7 31 40 4 47 29 39 8 22 14 50 10 7 16 10 44 34 47 30 50 48 0 1 34 39 14 30 1 29 30 8 11 17 43 45 
23 3 4 14 20 31 12 4 16 10 16 37 14 24 20 4 21 22 23 46 30 6 48 1 0 41 17 29 11 29 15 4 34 18 12 44 8 
41 20 27 49 38 45 36 24 23 28 17 27 9 26 37 40 44 47 16 17 5 3 24 4 3 0 2 25 2 7 33 20 2 31 13 14 2 
45 25 9 35 21 24 28 13 1 2 3 4 28 14 41 21 47 27 3 38 47 24 47 37 20 35 0 17 41 8 16 47 46 13 36 45 20 
38 32 47 32 26 11 4 2 50 22 24 43 43 49 6 4 10 27 5 22 29 23 16 37 8 38 6 0 35 5 7 42 42 20 21 33 16 
31 22 13 36 21 45 37 49 11 24 49 10 11 43 36 36 31 24 42 16 16 11 25 38 6 19 47 44 0 31 32 24 22 16 40 24 39 
14 20 1 34 36 17 26 34 39 46 25 12 21 6 11 46 30 18 50 21 47 25 31 2 49 44 18 29 1 0 27 44 21 20 48 23 12 
23 8 30 50 35 42 50 10 45 35 23 26 22 28 42 49 41 4 42 40 39 49 35 43 49 47 34 12 2 4 0 43 24 34 49 24 22 
38 50 36 6 26 21 8 14 21 43 8 23 36 46 30 16 6 33 23 24 24 38 1 39 9 38 8 41 42 50 42 0 23 5 20 12 41 
19 36 15 19 42 21 23 7 40 11 27 7 24 28 18 1 26 50 49 50 50 47 48 38 13 17 22 21 1 36 18 16 0 35 39 48 20 
19 5 33 3 16 45 50 48 11 2 17 15 32 42 47 6 22 12 42 22 38 27 6 25 49 2 6 4 44 12 22 36 30 0 48 32 22 
17 47 35 6 48 1 28 12 1 8 40 10 39 12 44 24 48 26 32 42 50 8 4 14 39 46 5 49 30 32 35 34 10 26 0 39 25 
27 36 24 38 49 45 25 42 12 47 16 32 18 49 38 5 16 41 22 10 44 21 17 3 47 30 32 19 23 6 50 14 24 19 47 0 13 
2 45 44 6 34 12 3 43 31 24 31 32 45 31 18 20 4 30 32 6 19 22 42 20 14 6 20 7 47 2 8 49 2 25 3 22 0 
47 0 17 26 32 19 24 23 24 49 50 25 42 38 30 10 44 38 42 44 31 4 24 43 28 42 46 47 29 16 32 30 20 29 47 23 38 
5 50 0 37 45 49 19 22 14 32 29 19 17 42 15 12 11 32 22 18 24 25 49 41 24 28 45 8 17 20 5 13 42 8 23 40 38 
5 50 33 0 36 2 29 46 14 28 30 37 1 21 20 39 8 29 50 14 7 10 14 18 5 11 5 44 28 16 28 10 20 26 24 6 32 
40 33 22 46 0 3 27 46 48 8 8 47 1 16 5 13 8 9 34 29 41 32 28 26 48 35 19 48 1 21 17 26 47 14 7 19 47 
28 19 4 34 18 0 20 47 4 9 44 12 11 15 2 12 42 46 16 1 12 7 25 11 34 29 46 27 42 32 50 37 10 37 17 31 41 
30 45 23 12 32 23 0 39 42 8 38 36 20 6 34 2 49 7 8 40 4 8 21 5 22 44 6 22 9 7 2 25 48 22 21 13 1 
43 39 31 35 36 20 27 0 42 11 8 37 48 49 39 3 30 28 27 34 10 40 2 19 26 1 31 35 6 14 39 48 35 22 1 6 18 
28 5 18 38 44 14 12 36 0 20 25 10 18 49 45 21 45 38 3 11 42 20 5 34 6 35 21 28 22 10 3 26 49 34 36 3 23 
9 46 16 27 40 34 7 27 21 0 17 7 19 19 3 47 19 40 15 49 23 21 13 4 24 36 40 26 18 49 12 35 14 43 48 37 43 
38 35 3 37 48 8 36 18 14 10 0 4 7 6 8 9 19 37 30 3 46 42 43 41 50 8 40 29 9 32 44 26 22 17 4 32 6 
13 12 26 14 28 36 10 27 37 19 12 0 41 4 17 27 14 46 41 1 45 45 3 30 9 29 27 36 21 35 33 41 2 26 4 7 26 
4 39 19 7 33 14 13 39 29 38 6 16 0 17 12 26 27 4 37 11 10 32 18 36 1 50 39 42 4 29 10 15 1 10 2 11 7 
23 45 13 31 40 41 30 41 22 21 5 24 7 0 15 49 40 43 48 44 37 4 18 7 45 23 10 11 19 23 6 7 15 2 20 5 9 
25 31 20 42 38 45 30 30 35 19 48 15 11 26 0 8 12 8 24 4 5 39 18 9 31 31 12 19 17 14 40 23 38 11 41 16 13 
29 3 50 10 39 27 11 5 12 46 8 48 48 45 8 0 28 17 50 21 7 22 39 11 27 27 13 17 45 46 11 4 21 11 46 34 6 
25 44 17 12 8 4 20 36 4 21 20 19 33 45 22 11 0 21 9 41 40 43 23 34 26 11 16 9 2 42 38 37 3 12 2 4 23 
34 9 50 19 20 26 23 6 44 48 12 2 39 44 1 2 5 0 44 14 2 11 41 2 42 46 18 44 17 34 17 8 31 42 50 28 12 
10 23 21 18 1 28 32 13 5 8 13 49 37 36 48 18 39 2 0 12 43 8 8 24 2 33 7 22 27 41 31 10 40 16 40 43 33 
24 46 2 34 10 39 38 38 5 45 30 49 20 40 43 40 38 36 5 0 3 49 19 36 44 7 5 22 24 48 24 34 48 43 16 44 43 
1 29 33 19 20 36 48 38 27 23 8 2 39 20 2 30 36 41 34 6 0 11 9 27 5 17 15 40 32 11 33 7 5 46 50 40 10 
3 36 33 14 22 48 17 34 48 21 35 28 22 5 13 3 32 39 33 42 2 0 29 2 6 46 16 28 45 17 4 6 40 31 42 27 50 
8 21 34 14 42 44 7 47 31 12 10 7 21 4 23 8 17 48 9 25 35 28 0 18 6 20 23 17 45 16 45 48 30 28 13 45 12 
5 19 1 8 22 6 25 35 6 21 24 14 31 48 24 33 34 3 16 31 3 29 44 0 19 27 13 31 37 14 31 30 8 9 12 3 48 
48 2 3 29 3 34 50 50 49 4 14 18 21 16 47 25 48 15 9 27 26 32 32 10 0 26 39 21 26 42 17 5 19 46 26 36 33 
1 37 29 20 29 45 21 23 50 13 16 49 34 5 10 45 4 27 23 16 20 44 4 15 14 0 24 8 33 50 45 23 46 31 15 25 12 
37 39 49 32 12 9 10 13 24 23 43 37 7 11 16 20 3 20 13 8 33 15 7 5 37 38 0 24 5 40 20 18 19 31 49 9 15 
29 42 4 12 34 42 41 41 32 21 26 39 30 4 43 12 3 18 29 23 33 44 45 25 35 6 23 0 4 5 24 6 9 3 1 42 12 
16 1 24 42 24 16 24 16 12 36 25 37 27 7 17 14 20 36 33 35 48 30 28 28 19 38 37 8 0 15 18 37 29 13 32 46 2 
44 38 49 17 21 29 13 50 32 37 27 49 7 43 39 17 19 7 15 37 23 47 24 36 30 16 2 45 49 0 46 24 46 12 15 21 33 
38 16 15 19 18 29 47 32 11 38 2 23 29 21 11 6 18 9 30 48 15 14 38 5 28 18 1 36 13 32 0 38 42 22 7 30 4 
42 46 20 45 1 42 26 42 15 29 16 29 36 18 29 3 36 24 18 24 28 10 42 50 29 11 20 30 1 10 1 0 23 41 7 14 22 
40 35 48 24 38 47 41 49 3 22 50 45 4 36 7 49 39 6 26 33 4 20 17 40 23 46 41 5 28 44 38 30 0 5 7 13 2 
27 45 37 32 20 44 47 7 12 25 26 16 3 3 34 36 31 32 19 20 19 8 1 42 6 36 22 10 34 21 41 48 23 0 6 23 44 
20 45 13 11 24 10 29 48 21 26 2 26 10 3 49 23 39 43 33 19 44 45 27 34 22 38 24 41 34 29 43 48 31 41 0 17 36 
19 8 47 9 30 3 22 30 34 47 50 32 22 19 9 31 23 4 50 26 19 30 39 36 37 38 15 42 33 5 45 20 37 13 4 0 31 
46 25 39 41 23 47 50 26 39 42 20 15 20 13 26 27 41 42 18 40 19 12 22 43 39 31 47 30 2 31 46 9 15 29 35 49 0 
15 0 9 3 22 30 14 48 45 19 50 22 21 29 19 30 45 46 15 12 35 3 47 3 42 50 21 25 8 47 11 1 42 29 28 12 32 
39 46 0 10 6 15 28 24 39 10 27 2 34 2 1 14 1 17 1 46 19 7 11 22 10 39 40 48 8 50 30 43 2 7 48 7 50 
5 6 21 0 25 23 14 33 24 20 42 7 47 48 50 25 28 32 44 26 28 24 1 18 26 30 17 40 30 34 50 27 4 45 14 47 12 
31 22 46 43 0 29 49 40 48 33 2 11 1 6 15 20 14 23 29 26 4 39 45 46 7 25 4 40 20 15 4 3 34 4 14 48 11 
48 33 50 26 11 0 20 43 29 6 40 24 20 30 13 32 16 39 43 24 36 26 40 19 25 9 21 33 30 50 28 47 43 17 10 16 41 
30 50 44 19 3 18 0 1 36 30 21 40 2 23 37 45 11 41 13 35 9 14 25 18 41 37 14 29 29 43 32 3 21 48 41 36 39 
50 5 34 9 39 34 45 0 38 31 31 8 13 33 37 3 4 25 8 27 5 33 3 32 39 39 23 44 49 18 20 5 32 2 6 12 36 
30 27 21 31 31 30 10 7 0 7 17 46 7 30 50 46 40 15 31 7 47 23 45 20 16 40 47 21 12 27 26 12 28 25 17 24 48 
38 46 25 4 44 26 33 22 27 0 38 19 19 24 15 18 21 50 16 14 36 8 5 41 34 9 48 31 31 6 19 32 14 26 48 3 19 
7 4 3 47 13 48 39 3 28 3 0 39 12 9 41 29 10 4 39 41 33 6 42 45 46 46 2 17 9 6 6 43 26 12 49 15 46 
13 17 23 10 16 38 6 7 10 19 22 0 15 41 23 11 37 8 21 14 15 10 7 2 11 32 31 48 23 10 14 50 10 27 33 47 37 
16 32 18 18 36 38 37 27 31 2 19 33 0 46 7 19 42 36 50 37 6 15 13 29 35 41 34 48 46 20 12 39 9 26 24 22 26 
3 46 30 23 20 25 30 30 13 15 27 3 46 0 8 24 28 47 42 22 3 3 33 28 2 40 41 8 19 14 11 8 23 36 43 39 41 
20 15 36 41 33 49 23 26 8 45 1 12 38 11 0 12 35 2 19 24 21 19 29 33 29 18 12 17 3 8 5 18 3 19 34 9 33 
6 32 21 4 11 2 45 45 41 46 31 3 49 23 21 0 17 20 19 22 41 32 7 24 22 33 20 19 3 27 49 43 5 3 30 30 20 
48 20 11 17 35 38 39 22 31 14 5 35 34 1 34 1 0 12 18 1 49 8 49 22 41 34 42 19 42 3 27 1 19 44 1 19 50 
8 6 7 44 19 3 41 20 16 34 20 26 15 42 43 36 29 0 32 12 50 49 21 34 43 20 47 19 4 13 36 42 33 33 34 43 7 
11 8 31 6 8 2 25 50 23 43 28 12 35 16 40 13 39 20 0 2 38 22 15 24 22 34 37 8 30 43 37 44 31 49 36 25 22 
1 7 42 48 47 34 20 28 20 8 20 47 47 29 44 13 33 6 36 0 46 34 10 23 21 44 45 8 37 49 48 13 50 41 18 12 33 
29 5 42 39 45 47 2 27 18 11 34 14 43 32 48 44 1 30 39 42 0 34 21 4 2 27 34 30 23 46 20 7 29 18 11 35 28 
15 48 1 38 8 46 4 34 11 44 44 17 50 19 50 12 30 21 49 8 2 0 40 12 12 17 30 32 48 5 6 47 32 48 20 30 3 
29 2 35 39 18 20 41 34 40 13 23 27 21 45 49 48 12 27 27 25 36 40 0 21 28 15 6 30 6 47 12 20 30 40 47 34 29 
36 11 40 32 49 29 22 5 8 5 28 10 7 50 21 21 44 5 18 39 31 8 24 0 13 41 36 37 29 43 44 37 24 12 21 12 2 
38 46 26 8 18 16 21 11 28 21 49 48 42 50 37 36 30 45 48 29 37 28 42 14 0 42 44 12 14 18 4 48 36 38 20 34 49 
29 10 21 15 37 14 35 21 37 39 37 44 8 2 45 17 24 33 15 10 4 13 16 25 4 0 7 43 25 23 14 10 23 17 38 7 20 
25 33 42 24 44 21 27 4 7 19 7 16 10 32 13 5 6 24 45 17 44 47 11 31 22 11 0 49 24 29 15 27 20 46 25 43 41 
42 41 17 33 37 13 18 35 50 27 16 41 1 5 18 43 44 41 27 28 22 12 2 33 23 3 25 0 43 43 38 21 35 39 23 14 15 
8 12 31 31 29 26 31 45 46 8 24 24 48 35 26 6 49 15 19 30 39 34 10 34 39 26 43 13 0 7 31 2 28 42 4 35 33 
10 46 50 46 31 8 38 16 30 1 45 8 12 15 36 25 5 34 26 25 2 47 43 4 34 19 38 15 6 0 46 33 45 50 44 46 4 
16 23 50 32 46 45 5 39 31 36 2 42 45 28 24 8 28 11 31 13 3 47 13 12 20 24 11 34 18 1 0 9 19 20 33 9 32 
35 44 29 8 43 5 23 48 18 46 20 28 23 26 17 39 13 33 1 20 10 38 12 23 34 21 21 31 27 34 23 0 13 19 42 24 34 
33 24 21 49 24 15 45 24 4 33 12 43 34 20 6 37 32 40 23 47 33 7 24 23 35 42 22 35 24 8 9 31 0 3 33 7 39 
13 3 46 45 44 38 19 2 10 28 47 8 28 37 31 30 20 27 2 26 1 49 15 32 44 11 1 47 24 31 41 2 14 0 17 24 30 
44 28 4 45 38 23 13 7 46 14 7 37 27 29 12 26 32 31 39 15 39 14 1 33 37 23 28 29 38 46 45 11 13 2 0 37 42 
24 7 39 29 36 9 37 31 4 15 20 46 20 16 20 33 29 10 41 30 28 21 9 16 45 34 19 50 20 47 24 26 43 20 2 0 26 
43 10 29 31 28 21 29 23 4 33 10 23 26 12 32 4 11 8 15 3 49 24 34 2 40 37 11 8 41 44 3 50 15 45 41 19 0 
31 0 11 3 7 43 37 12 13 25 47 25 8 15 20 15 36 6 49 28 20 27 27 41 41 10 22 32 10 30 11 9 32 22 13 24 1 
5 9 0 11 13 12 21 28 43 13 4 43 22 30 18 44 16 18 21 43 4 20 12 47 21 5 3 34 14 39 44 37 2 47 14 31 48 
38 15 9 0 7 50 49 29 7 29 11 30 12 17 43 14 1 21 21 32 44 12 40 8 9 37 14 5 20 17 41 26 16 38 47 28 3 
13 36 5 22 0 34 40 42 44 23 23 48 47 30 36 32 26 33 38 36 48 8 50 20 36 44 10 41 39 36 15 25 20 15 11 38 35 
17 10 11 23 49 0 14 37 15 17 9 40 32 10 50 33 1 11 31 46 14 17 20 28 24 50 4 9 9 48 28 32 19 48 47 10 24 
27 14 50 44 14 6 0 19 36 20 9 30 36 32 25 10 35 16 25 19 48 33 37 23 45 6 29 17 39 27 21 34 13 41 10 24 47 
31 2 1 12 1 42 4 0 41 25 23 27 24 19 47 3 24 29 13 41 41 41 6 39 35 39 31 10 49 25 17 46 23 1 13 5 15 
24 8 47 41 33 32 21 33 0 2 43 21 30 18 11 35 29 19 33 6 26 14 16 23 21 33 5 17 8 27 5 23 6 43 39 50 21 
16 1 9 10 35 6 34 46 10 0 30 32 15 32 18 4 19 7 29 2 9 35 27 8 28 16 13 6 48 21 15 37 30 11 14 13 19 
25 47 41 8 33 27 11 4 24 2 0 26 10 2 5 49 14 38 42 36 40 43 31 44 23 50 36 26 46 43 3 5 19 5 35 45 11 
39 44 27 9 16 5 4 15 37 47 47 0 16 16 24 42 20 29 24 27 44 4 18 8 47 2 16 11 22 48 8 6 17 11 39 26 44 
16 28 24 38 28 30 37 4 39 10 30 20 0 11 35 40 31 8 1 7 22 37 30 7 50 44 32 17 29 42 30 6 28 48 48 5 1 
50 39 17 25 31 4 9 42 37 42 12 13 19 0 25 10 10 32 5 8 37 21 24 45 46 13 9 13 10 5 3 22 14 31 40 32 20 
35 33 41 33 21 16 14 3 21 5 11 18 21 47 0 46 44 41 19 31 26 45 22 13 23 42 49 38 34 21 49 32 30 44 40 26 50 
14 25 16 6 10 43 25 8 49 46 39 8 8 28 23 0 13 9 6 26 14 21 19 41 23 28 31 33 23 23 32 24 31 22 47 30 16 
3 25 16 2 47 5 24 47 11 30 27 43 26 20 21 39 0 15 12 29 46 34 44 28 30 11 2 36 18 22 8 37 12 49 8 10 34 
40 24 17 17 45 45 12 49 5 40 48 4 11 36 17 10 18 0 34 32 10 48 37 42 46 20 7 26 3 44 16 45 19 10 37 50 42 
46 13 2 40 32 30 26 21 4 32 7 36 42 28 44 15 26 50 0 37 3 32 22 47 38 20 10 5 39 46 30 45 25 37 26 14 5 
32 43 29 19 11 22 42 38 50 40 11 17 22 30 44 10 1 47 10 0 25 16 15 21 22 25 37 25 25 38 33 50 17 14 39 33 33 
22 18 42 11 30 10 39 30 49 39 18 17 37 35 25 41 16 40 40 18 0 23 8 44 25 47 17 1 18 41 45 3 33 48 11 39 33 
5 50 45 7 27 41 23 36 20 9 39 3 8 10 1 24 50 15 11 14 25 0 18 14 14 9 21 40 4 37 36 20 26 47 43 36 17 
46 33 42 33 35 9 6 39 28 49 10 32 45 29 33 33 1 25 8 38 37 31 0 48 6 2 19 50 34 40 14 6 16 24 35 29 18 
23 28 29 17 13 26 36 11 11 8 10 8 3 37 25 22 35 49 31 15 35 37 31 0 17 9 22 50 15 43 44 8 11 1 15 10 23 
47 42 25 11 46 38 45 44 10 43 32 3 39 34 32 26 4 14 34 37 48 13 8 42 0 26 22 19 18 1 50 7 38 28 3 26 43 
24 20 20 48 42 38 7 16 40 48 26 9 13 33 7 37 32 24 26 34 35 34 36 24 19 0 28 44 11 37 44 26 37 8 40 2 35 
45 36 45 10 6 43 2 29 46 10 5 18 43 20 7 4 27 43 9 41 35 46 29 15 45 47 0 30 47 22 40 1 24 32 22 43 47 
29 17 28 43 33 7 29 9 23 26 18 17 38 22 11 16 31 12 1 49 7 30 16 10 13 5 7 0 7 9 32 37 21 27 11 25 11 
16 17 9 28 18 20 43 19 29 14 10 1 29 36 43 20 22 45 40 49 1 18 30 28 50 22 50 41 0 40 47 40 28 47 50 1 15 
3 23 32 37 38 47 32 49 46 7 28 24 40 17 50 33 21 26 10 48 37 31 29 46 20 2 29 32 24 0 33 4 30 36 28 18 49 
13 3 12 4 37 31 33 44 45 27 1 23 48 8 7 21 41 3 29 23 45 36 18 37 18 50 26 14 3 49 0 38 13 50 2 20 19 
15 6 11 6 49 35 1 44 2 7 35 17 26 34 39 33 50 45 4 27 36 26 36 37 6 19 41 47 40 39 24 0 46 38 38 6 35 
42 23 24 10 36 24 35 12 16 9 38 20 10 5 13 5 48 43 34 40 20 24 1 30 45 5 4 13 34 39 30 39 0 28 4 41 27 
22 44 42 12 41 25 22 47 32 22 37 35 26 19 48 45 4 17 16 19 23 44 16 31 20 23 29 27 30 49 42 6 15 0 37 33 5 
2 23 50 46 3 4 49 23 18 20 38 15 41 35 36 11 39 23 5 29 28 11 42 19 46 46 18 34 30 32 21 40 36 44 0 44 31 
18 20 16 20 46 44 14 1 35 15 36 45 14 32 18 42 32 5 27 41 32 32 1 7 36 16 44 37 50 49 29 48 42 5 44 0 19 
7 36 33 35 48 41 34 32 10 24 20 49 14 29 8 31 17 3 50 36 20 10 34 31 50 27 1 37 36 39 3 9 38 49 35 47 0 
