14
28
18 0 40 18 2 42 45 3 8 47 21 1 41 46 27 14 4 6 39 8 36 18 13 26 11 9 49 6 10 
8 7 0 32 43 22 1 36 47 31 19 24 11 24 24 25 32 50 49 48 37 20 13 48 39 8 49 9 6 
14 7 43 0 43 40 44 1 40 39 8 19 45 42 17 23 37 16 47 12 44 38 44 12 10 1 20 40 45 
10 43 35 23 0 43 30 33 25 27 32 22 31 24 35 43 42 30 4 45 3 41 12 24 12 37 15 18 21 
46 34 42 21 4 0 6 31 47 24 47 3 12 35 49 11 34 26 32 21 3 1 20 30 48 25 38 5 49 
20 23 37 29 13 12 0 29 43 40 1 27 18 5 47 18 34 1 33 18 43 2 40 36 6 44 15 21 26 
4 44 46 17 2 32 28 0 1 10 24 50 24 20 18 45 25 6 4 49 4 2 46 47 42 20 13 48 30 
38 32 36 48 42 4 40 47 0 6 11 16 24 20 18 25 28 34 45 23 34 46 12 50 40 17 17 25 8 
47 4 47 40 35 48 14 29 38 0 3 32 16 29 49 20 46 38 26 35 35 22 20 9 25 40 14 35 27 
32 46 31 26 30 32 50 3 14 27 0 39 22 4 46 40 32 14 8 6 48 43 5 2 42 32 40 37 28 
46 22 50 21 14 38 48 42 22 7 37 0 48 49 18 32 11 37 13 31 26 30 28 12 33 9 37 35 27 
45 39 44 40 45 22 7 42 28 19 9 17 0 49 48 11 8 21 9 49 25 24 42 6 20 9 11 48 18 
11 18 13 27 4 21 48 33 13 47 3 28 11 0 41 34 18 5 15 28 32 18 5 12 50 39 10 4 4 
34 25 32 35 25 40 32 10 7 32 13 28 1 28 0 45 24 7 22 15 33 8 38 15 44 34 17 1 6 
6 13 39 45 18 45 49 38 16 19 3 22 10 24 12 0 24 2 50 32 40 10 38 44 18 45 21 46 46 
10 38 2 9 39 26 4 45 44 19 11 6 29 8 9 38 0 19 44 24 34 27 42 42 34 35 12 47 19 
19 21 50 48 50 4 28 28 18 45 33 34 20 17 30 34 40 0 27 11 3 30 7 50 1 47 12 19 19 
46 18 24 27 30 36 27 23 20 13 7 26 30 31 21 24 11 41 0 15 10 12 9 45 9 1 44 39 12 
22 50 1 38 35 10 33 50 21 6 5 34 41 7 14 27 21 36 24 0 50 36 26 40 7 48 10 7 38 
23 16 27 36 48 15 2 20 13 19 42 20 49 22 3 6 36 31 20 5 0 45 18 39 16 21 40 27 47 
10 45 41 26 3 46 27 6 30 19 37 26 6 45 15 2 44 4 2 15 23 0 35 21 17 40 2 43 6 
28 11 15 9 38 6 11 19 28 17 18 4 45 48 26 18 45 44 50 1 4 37 0 22 18 39 13 24 26 
24 24 36 2 3 22 29 19 4 28 39 1 34 46 25 28 37 48 20 26 9 4 23 0 46 3 42 2 42 
40 48 21 26 32 36 45 5 31 16 1 23 20 7 14 17 6 49 17 9 13 45 32 41 0 43 48 17 21 
1 41 49 12 21 37 30 7 8 13 19 49 1 20 48 21 48 48 7 2 40 7 41 4 25 0 43 30 45 
16 30 33 34 19 25 4 41 17 40 2 33 28 8 9 43 30 19 8 43 48 12 43 46 42 15 0 31 45 
1 46 37 28 8 35 41 29 31 35 30 27 17 7 4 9 46 25 25 33 49 48 24 7 36 37 48 0 5 
38 38 43 5 45 9 41 22 3 25 25 43 17 31 13 46 39 32 26 41 9 35 50 18 40 48 47 3 0 
22 0 30 43 21 37 36 41 43 43 26 32 9 17 32 6 22 50 33 16 18 35 29 18 5 12 8 47 3 
39 26 0 15 47 13 38 50 23 33 4 6 32 40 21 4 14 50 18 24 27 29 29 18 8 33 29 18 44 
13 38 10 0 30 40 38 4 17 11 36 46 30 32 34 40 46 27 35 29 15 26 5 5 45 35 20 25 11 
9 8 15 34 0 20 7 11 45 45 27 42 2 17 37 4 15 22 44 45 46 40 22 31 49 50 4 19 8 
33 15 45 21 14 0 44 9 3 21 13 11 26 23 45 2 1 43 28 49 39 2 41 24 42 25 30 21 37 
28 17 34 16 38 4 0 13 30 32 22 38 23 29 1 44 10 33 20 23 45 20 30 6 23 6 30 6 42 
42 4 46 35 23 23 26 0 5 29 45 39 20 33 23 19 22 40 26 11 1 48 14 9 6 7 27 17 48 
11 11 11 8 48 21 38 29 0 27 4 50 7 26 39 31 39 31 4 13 48 11 35 34 30 20 5 45 28 
45 41 29 47 6 28 44 18 34 0 31 22 13 35 41 46 36 27 5 26 9 34 21 25 3 14 19 37 27 
27 32 39 43 26 10 35 36 26 3 0 1 49 45 14 5 1 33 1 14 21 40 49 3 15 30 36 45 25 
16 27 34 37 41 18 41 2 42 30 37 0 25 7 10 11 24 5 28 15 20 16 24 21 14 6 17 38 29 
29 25 13 40 16 10 21 50 20 14 8 28 0 24 3 10 3 14 39 15 30 39 29 11 3 22 26 10 42 
6 20 32 25 30 12 23 17 17 47 10 47 39 0 12 5 41 20 37 46 13 14 18 50 17 2 8 41 1 
15 11 19 40 1 29 44 50 32 34 48 12 30 43 0 37 18 30 18 42 27 25 20 34 36 30 48 28 39 
21 16 23 23 22 23 3 7 29 20 47 11 18 5 10 0 36 39 35 33 22 32 33 37 35 17 14 26 45 
27 33 11 3 1 5 30 16 12 26 41 8 40 30 39 11 0 22 31 9 20 11 48 47 46 15 7 8 39 
30 39 6 8 48 9 30 46 10 44 10 14 26 44 25 14 44 0 26 32 2 44 27 13 36 5 6 35 30 
37 15 39 44 48 41 37 24 21 33 10 32 1 44 1 28 22 46 0 45 17 23 34 2 40 26 6 45 3 
26 20 3 42 25 1 9 45 6 17 16 35 7 2 43 12 16 50 2 0 1 26 36 15 9 12 18 7 4 
14 49 19 43 46 34 48 1 31 18 8 1 35 7 22 5 31 10 11 22 0 41 41 25 26 5 45 28 41 
6 44 31 7 44 6 31 8 48 23 39 24 4 43 32 48 42 2 17 19 14 0 10 29 3 8 35 13 24 
25 43 39 2 7 8 45 37 38 1 7 29 26 15 8 8 21 37 19 49 10 27 0 34 3 29 9 27 46 
16 29 50 9 44 8 33 6 35 38 18 46 48 45 11 42 45 38 44 49 3 21 32 0 21 17 15 14 48 
9 36 24 48 32 50 21 9 2 48 36 19 32 2 24 33 20 23 1 15 17 43 9 41 0 16 28 44 46 
47 30 42 29 44 35 47 50 15 20 15 49 25 2 40 47 3 25 17 1 47 49 1 45 15 0 50 32 16 
28 33 33 4 6 26 13 23 6 8 25 48 6 25 19 1 8 3 41 15 3 12 39 41 12 44 0 49 48 
29 48 15 45 3 31 22 33 38 12 43 50 40 18 41 46 50 20 46 23 31 1 37 12 10 18 13 0 16 
44 42 43 13 27 15 45 9 43 31 45 25 3 37 13 47 10 42 26 36 21 44 41 42 48 27 18 28 0 
11 0 3 35 36 18 6 39 47 20 31 23 26 24 33 3 20 26 22 20 44 39 41 3 18 43 28 46 1 
1 1 0 15 1 47 17 48 41 46 9 7 48 49 17 28 30 19 1 13 38 42 22 16 27 7 25 39 21 
1 18 44 0 41 11 39 46 19 16 23 29 7 36 13 24 18 15 23 46 22 14 24 50 42 16 8 10 29 
36 39 44 23 0 29 28 40 29 15 16 37 10 21 10 14 47 22 6 3 29 49 49 12 35 29 17 8 27 
18 2 26 3 30 0 18 33 28 29 7 29 9 23 45 3 49 36 36 2 4 10 3 21 10 6 31 30 37 
27 10 44 12 20 13 0 11 14 41 35 31 4 27 37 19 16 28 45 6 4 46 14 49 44 16 4 18 16 
32 17 47 49 38 46 1 0 20 13 18 39 10 34 40 9 1 5 49 28 23 35 6 32 11 25 27 41 14 
11 1 46 17 46 46 32 25 0 38 33 16 31 36 49 3 11 7 47 20 7 5 49 39 18 26 45 32 26 
35 36 24 12 5 38 10 13 22 0 22 15 39 8 35 13 23 33 48 38 36 4 21 5 29 7 35 9 12 
12 29 42 1 14 6 40 3 9 5 0 26 48 40 40 40 35 32 32 49 21 36 17 35 29 8 47 23 14 
32 46 6 21 30 48 2 43 31 14 25 0 2 45 11 14 29 22 40 46 14 32 21 47 25 36 39 27 45 
45 13 44 18 33 26 21 14 50 5 19 43 0 39 47 5 19 7 48 26 25 3 6 7 18 1 10 32 12 
49 31 36 41 21 7 49 18 20 7 19 20 40 0 1 30 17 21 4 26 36 17 28 18 39 14 2 42 39 
7 27 17 24 44 10 15 19 20 29 22 32 48 37 0 50 1 29 7 35 3 27 40 47 48 34 47 46 21 
13 47 28 20 15 11 12 44 41 46 26 31 37 11 47 0 43 32 45 38 30 29 18 10 7 17 40 12 17 
30 20 40 48 15 44 6 24 1 2 17 38 25 7 10 34 0 31 5 17 16 43 5 16 40 9 16 43 46 
38 21 3 25 49 46 14 21 6 29 16 43 6 24 42 30 28 0 50 6 23 8 27 26 12 24 46 24 25 
4 50 39 50 2 11 37 30 50 42 40 30 43 40 28 3 40 24 0 11 20 13 36 13 10 10 21 38 11 
46 41 2 3 22 40 17 6 40 17 42 45 38 13 31 36 11 27 31 0 19 49 23 23 1 36 5 13 19 
38 29 40 31 24 26 35 9 41 38 8 4 23 22 13 24 32 17 32 1 0 5 27 50 34 41 20 12 23 
19 2 18 18 27 49 18 12 27 11 22 12 28 23 46 23 20 27 46 28 11 0 50 19 19 23 12 14 12 
30 6 41 5 15 13 41 40 21 40 27 24 4 2 47 22 45 20 24 33 31 27 0 15 14 24 35 13 20 
34 49 45 16 36 7 32 21 21 18 48 16 32 7 3 30 1 23 24 9 3 47 24 0 4 39 31 31 4 
42 28 31 30 1 21 6 22 45 12 39 48 21 26 1 28 22 8 1 25 24 35 14 1 0 12 4 17 37 
25 42 27 5 26 29 30 43 37 19 16 11 1 32 36 40 34 26 39 27 47 47 32 31 30 0 7 30 8 
15 31 19 47 5 20 47 3 35 34 23 43 47 8 42 4 43 41 24 43 50 24 18 36 16 41 0 41 29 
11 46 26 19 49 22 29 7 50 20 7 32 35 33 5 1 4 46 30 39 6 28 39 40 34 37 9 0 41 
13 33 31 14 30 19 43 39 9 4 44 25 30 35 5 24 34 43 9 17 20 18 33 20 12 3 23 33 0 
8 0 37 35 13 14 39 44 17 39 44 2 16 41 16 43 50 3 5 9 21 24 15 7 42 29 42 22 46 
1 11 0 3 28 47 10 32 23 20 31 12 41 41 38 35 40 41 43 27 4 26 34 18 7 44 2 10 43 
30 44 35 0 23 18 49 17 29 41 24 20 31 35 20 30 23 44 19 31 36 30 17 1 36 15 19 21 17 
44 47 35 45 0 50 39 43 26 47 39 24 43 21 7 50 18 24 46 19 6 4 46 13 25 22 25 13 14 
44 50 8 50 29 0 1 35 45 40 25 31 47 28 5 26 6 45 38 15 24 17 34 12 19 50 15 13 49 
34 10 24 26 26 29 0 33 48 31 25 15 21 22 5 28 50 16 22 28 50 20 8 31 34 10 40 47 11 
38 39 50 14 39 37 12 0 31 2 6 22 49 23 29 25 21 24 45 2 13 6 13 4 29 38 13 29 26 
30 40 17 36 33 23 10 43 0 25 1 33 36 44 48 48 10 1 29 28 41 34 11 11 16 38 35 5 26 
36 22 27 26 8 36 2 13 39 0 36 17 1 20 33 46 23 12 17 19 9 15 44 28 9 36 38 42 19 
29 1 48 48 18 34 7 4 25 8 0 28 8 47 36 22 15 12 27 22 2 15 38 4 22 16 47 11 42 
44 18 40 21 44 33 34 39 38 19 33 0 36 26 42 49 5 39 11 12 30 23 14 47 9 16 41 4 42 
47 27 32 22 24 16 11 7 18 8 15 15 0 3 33 27 43 45 37 27 24 39 50 33 6 35 32 19 31 
22 31 5 4 29 42 42 12 38 12 13 10 32 0 42 37 32 47 48 28 40 37 4 15 30 15 31 3 48 
44 27 38 42 47 30 36 38 4 11 36 11 42 16 0 6 34 25 17 42 48 14 2 9 37 5 29 44 18 
17 25 40 48 39 45 19 11 24 21 14 2 7 50 29 0 36 12 17 49 22 48 32 5 48 39 6 34 43 
18 2 38 18 37 19 22 29 22 39 22 48 47 46 10 5 0 4 41 41 15 23 23 25 38 31 23 20 35 
21 42 9 34 11 26 43 23 33 46 16 38 29 1 15 24 46 0 1 25 3 22 1 45 49 15 20 20 45 
27 50 37 15 49 37 9 30 30 39 37 22 3 38 22 8 26 4 0 37 23 8 1 43 30 48 17 14 20 
48 11 19 41 6 49 46 33 9 1 40 42 43 36 45 7 14 4 1 0 35 29 37 24 12 34 48 37 27 
8 8 17 33 24 39 32 20 20 47 16 5 42 39 50 25 15 45 30 23 0 7 36 16 45 17 29 42 12 
38 8 8 8 12 20 26 2 35 7 19 5 5 25 38 18 38 47 43 41 37 0 49 48 40 18 15 20 22 
42 23 16 45 48 21 32 13 39 8 44 23 14 49 41 8 26 26 18 32 49 48 0 7 21 37 1 25 39 
10 19 41 47 50 4 11 13 42 25 8 35 43 25 30 30 4 20 28 39 9 41 14 0 42 47 38 24 44 
16 46 8 47 46 44 3 21 18 47 24 10 39 29 16 1 19 34 39 24 19 27 18 17 0 24 36 30 20 
5 49 50 13 31 17 47 47 17 11 39 50 22 10 13 7 47 18 1 31 25 13 24 14 49 0 50 25 39 
28 42 23 10 14 34 16 20 47 11 30 22 32 20 35 9 45 40 2 10 15 11 21 7 36 50 0 45 43 
26 37 14 31 43 8 19 26 39 29 36 39 45 44 10 36 39 30 50 6 29 15 19 10 48 16 25 0 18 
21 16 25 15 39 23 45 11 48 49 30 24 1 9 20 17 4 14 16 22 2 35 19 7 50 40 15 11 0 
18 0 5 33 27 34 2 5 23 5 22 1 22 49 49 39 40 50 26 5 20 46 3 6 35 1 3 16 37 
48 18 0 15 49 9 34 44 44 16 3 40 50 4 47 12 33 13 45 23 3 47 29 7 24 36 45 15 16 
49 49 27 0 31 36 19 26 37 7 2 13 15 6 45 24 48 37 5 17 50 41 24 22 7 31 14 41 19 
12 41 14 15 0 20 28 45 18 27 9 14 36 21 25 26 12 32 8 47 2 6 10 38 31 29 16 25 26 
27 21 1 23 29 0 7 26 16 38 48 46 28 1 6 21 28 42 31 29 17 48 11 25 23 17 39 14 2 
4 34 37 5 4 19 0 42 6 9 42 7 14 49 10 24 35 13 19 1 50 39 11 40 48 37 9 29 16 
47 28 6 40 44 25 13 0 5 12 42 25 32 14 15 20 50 24 15 18 38 37 40 11 48 39 14 13 43 
45 40 18 46 41 26 10 31 0 37 18 21 25 47 20 24 22 45 20 36 25 41 40 24 22 41 41 30 7 
18 8 2 30 12 20 10 23 24 0 29 41 38 6 39 14 7 45 44 41 17 17 40 3 19 29 39 3 6 
16 46 6 1 47 3 14 29 17 41 0 13 27 11 2 48 17 29 48 20 2 27 18 28 48 50 13 41 28 
5 33 2 24 18 5 7 28 24 40 42 0 3 26 35 40 5 31 15 7 15 42 37 41 31 20 1 30 49 
19 8 2 34 13 36 24 34 39 39 9 6 0 45 20 43 39 7 18 27 42 28 23 17 36 7 26 36 18 
43 22 5 18 26 9 9 16 39 8 40 41 12 0 7 16 43 6 1 21 22 45 2 25 3 24 38 21 46 
42 17 27 37 50 6 42 18 35 42 30 37 12 27 0 1 49 28 36 30 22 8 25 30 6 6 15 24 41 
47 3 44 38 38 13 25 23 31 4 42 6 15 48 8 0 15 21 34 11 18 2 26 25 39 8 50 39 17 
37 22 31 36 33 2 22 32 48 43 49 49 2 28 18 25 0 44 25 8 10 17 16 36 22 4 6 39 21 
28 6 30 39 25 8 36 10 23 7 24 13 27 26 18 29 36 0 13 16 24 9 1 45 34 43 30 1 21 
36 9 32 27 13 1 5 42 13 11 25 44 42 8 3 38 2 45 0 33 41 49 7 37 41 41 15 13 28 
11 47 46 45 8 16 25 14 25 47 1 27 22 26 16 25 39 22 33 0 1 49 8 32 48 48 10 22 29 
23 41 37 48 38 27 31 17 15 30 37 27 34 39 13 5 45 6 20 24 0 41 12 3 19 33 13 30 4 
15 49 48 49 44 46 42 34 11 3 40 45 45 50 11 9 36 6 17 10 45 0 27 4 42 41 49 39 11 
38 19 15 25 48 28 2 17 33 38 34 39 48 29 45 43 17 25 30 41 2 45 0 33 28 47 20 10 38 
45 6 9 45 7 31 47 43 38 15 48 18 49 45 27 49 22 28 12 16 33 12 26 0 17 20 48 9 44 
36 38 29 28 18 14 22 27 29 39 32 18 33 3 5 2 28 13 43 8 19 34 6 19 0 9 44 6 33 
31 43 26 10 23 3 7 50 37 20 50 35 23 1 20 33 46 45 33 31 7 24 40 8 5 0 2 26 3 
32 10 20 24 9 39 46 37 14 23 46 31 46 5 16 8 13 8 35 18 15 24 24 15 12 25 0 27 7 
4 19 5 21 28 5 19 27 50 26 27 34 5 33 20 24 50 3 35 3 9 32 45 48 18 8 38 0 9 
37 6 13 34 13 39 34 46 18 25 4 42 37 39 9 38 31 1 14 32 5 1 15 9 40 25 49 23 0 
24 0 8 4 20 17 11 41 45 13 43 22 17 50 24 6 25 50 44 16 20 23 7 17 17 45 7 5 36 
41 4 0 44 39 40 12 22 11 22 34 25 27 49 15 25 38 30 48 32 31 45 41 10 47 9 30 50 17 
41 37 26 0 11 6 5 4 10 50 33 27 39 2 45 3 16 20 40 21 9 33 29 37 48 25 24 41 1 
44 48 31 11 0 12 5 20 35 9 15 21 45 12 16 39 48 21 44 29 50 38 44 28 19 9 42 35 13 
1 29 36 33 14 0 3 16 3 3 16 27 47 26 18 8 5 20 27 48 18 40 40 27 32 46 41 14 50 
20 12 2 21 21 8 0 35 31 29 39 31 9 50 37 46 6 17 33 25 20 37 23 50 33 44 18 23 11 
2 5 37 23 40 16 33 0 41 15 7 27 18 33 28 27 32 47 39 18 4 45 22 16 14 17 44 14 48 
13 20 27 4 36 25 29 25 0 2 8 19 34 5 5 42 10 6 8 37 9 47 18 36 6 50 20 17 31 
39 24 7 46 3 36 28 45 30 0 24 32 9 50 2 31 39 20 35 49 40 30 6 8 9 8 5 1 46 
34 22 4 17 9 48 36 28 2 24 0 32 20 28 47 30 33 26 28 10 45 38 48 36 16 21 27 1 34 
17 48 38 48 35 33 11 9 20 16 1 0 2 16 3 38 47 4 30 12 34 26 25 34 30 45 7 8 37 
37 39 46 32 47 3 11 4 36 34 36 46 0 37 22 13 10 28 8 29 36 11 39 12 42 16 18 8 42 
15 9 4 28 26 25 23 32 20 20 6 14 42 0 34 12 21 45 17 47 5 12 24 3 37 28 23 27 48 
27 5 17 29 46 20 40 28 30 8 20 13 50 32 0 41 9 3 16 44 27 28 42 48 49 21 4 30 41 
6 17 1 3 48 25 5 15 4 27 19 23 45 35 41 0 37 47 35 5 31 34 45 35 13 29 50 21 35 
8 18 9 42 40 49 22 14 8 18 15 26 27 26 6 26 0 48 21 33 43 2 11 2 36 49 50 7 12 
32 39 25 49 4 21 7 36 19 27 34 46 14 27 30 30 21 0 30 4 9 40 9 15 8 18 29 34 48 
17 23 43 41 42 10 32 19 43 16 22 7 19 20 8 21 38 37 0 30 25 31 22 16 20 46 49 23 24 
24 17 31 26 37 10 20 46 35 43 5 4 45 11 37 5 8 47 40 0 20 1 45 21 32 49 9 17 45 
8 23 45 43 38 9 46 27 36 47 21 9 1 12 37 45 33 27 30 21 0 36 11 12 50 9 4 23 30 
47 50 27 29 44 25 39 12 49 12 17 37 16 10 20 12 27 31 19 39 8 0 26 49 23 29 47 10 47 
12 46 34 35 37 16 31 36 20 42 16 26 24 26 47 22 11 44 5 26 41 1 0 23 29 35 34 23 21 
1 5 50 47 16 42 1 4 28 32 1 1 30 35 42 36 16 43 16 33 29 28 12 0 35 42 34 7 11 
24 6 50 3 44 10 35 16 42 19 11 32 25 44 45 29 44 5 47 7 10 38 14 43 0 18 40 43 23 
43 16 6 32 36 41 30 22 33 48 7 20 50 26 44 47 33 34 8 36 34 34 42 38 38 0 50 1 36 
43 8 35 4 18 13 23 27 14 29 47 35 14 23 46 47 48 27 7 34 44 17 10 35 33 7 0 40 10 
24 19 45 36 40 45 29 26 13 3 2 38 4 17 33 5 38 23 23 11 38 45 40 12 44 17 43 0 26 
48 1 22 12 24 14 4 45 35 11 46 20 45 21 35 46 26 20 31 28 34 6 47 10 35 29 22 29 0 
30 0 34 43 24 3 3 28 12 32 41 15 41 14 38 21 27 28 3 17 18 11 44 36 24 36 15 43 43 
4 12 0 27 45 42 25 16 1 19 22 18 42 44 23 15 36 5 41 14 46 36 21 33 32 12 5 18 36 
48 19 38 0 38 11 36 9 20 14 20 49 40 23 20 9 6 36 26 24 39 30 1 19 46 2 47 7 34 
30 46 34 37 0 7 31 4 50 35 31 31 8 15 46 23 36 42 25 24 17 12 27 47 36 31 30 6 47 
50 42 37 15 29 0 25 40 19 36 13 34 42 16 10 22 6 45 17 25 35 29 34 5 27 23 41 22 3 
49 48 7 27 25 7 0 50 43 44 17 30 40 6 4 50 30 42 32 1 3 6 41 42 15 6 22 19 17 
38 10 42 38 4 37 20 0 38 6 7 17 10 10 29 12 28 38 36 29 25 34 26 36 41 41 19 48 9 
7 42 22 4 39 33 6 35 0 25 42 36 19 35 12 24 36 15 42 44 28 30 14 27 21 43 44 33 13 
25 1 48 36 40 12 32 14 35 0 14 21 27 24 28 3 47 50 11 41 23 2 1 27 50 25 21 29 43 
15 2 12 45 1 43 10 25 44 1 0 30 24 31 10 1 2 21 17 4 2 11 31 21 33 4 11 11 25 
25 48 11 20 33 39 49 34 2 27 27 0 31 18 29 3 50 31 18 42 43 50 25 29 9 17 28 32 35 
32 30 42 40 33 36 50 46 40 11 41 42 0 11 18 1 45 40 23 34 33 29 22 2 37 19 19 25 1 
19 3 3 6 7 15 3 22 36 38 49 33 29 0 7 10 21 27 1 33 33 25 35 19 45 44 50 6 11 
29 5 21 15 12 50 27 38 8 36 35 46 16 29 0 9 3 25 2 4 23 12 32 11 19 36 42 27 35 
34 9 12 8 10 43 44 31 17 35 22 30 30 23 13 0 41 16 37 18 46 26 16 20 42 47 34 49 47 
45 2 29 20 24 43 4 50 24 28 37 24 36 29 36 41 0 31 24 43 39 20 20 4 50 25 31 9 19 
39 21 11 26 44 47 37 16 6 2 7 37 20 13 17 38 1 0 45 11 48 30 30 12 23 42 11 28 25 
49 29 45 43 35 35 11 4 17 12 31 39 43 21 35 29 18 6 0 19 7 4 16 50 31 21 11 39 9 
9 38 35 33 20 12 17 27 8 14 3 35 2 13 22 39 15 23 6 0 10 46 33 6 36 42 21 22 34 
30 15 23 24 47 2 45 29 27 48 20 31 4 8 22 4 4 35 5 41 0 45 11 16 48 6 30 14 27 
33 49 42 49 41 34 48 43 41 29 39 50 19 43 13 17 3 26 6 39 12 0 2 32 8 17 31 39 20 
49 25 19 18 39 19 47 28 6 21 40 21 11 30 14 26 47 5 23 3 49 49 0 45 30 24 25 16 32 
18 35 32 11 45 28 44 16 10 21 12 50 46 35 11 33 37 36 29 33 39 7 12 0 12 9 37 22 50 
30 39 44 15 4 16 11 22 39 30 26 33 36 48 16 26 44 23 7 14 38 13 44 38 0 47 33 44 11 
24 21 2 8 7 44 37 22 27 48 46 31 25 40 44 8 11 47 47 41 42 36 19 36 31 0 8 13 18 
46 7 18 21 22 1 49 19 28 18 26 43 12 44 49 47 27 26 40 49 20 37 28 1 37 3 0 19 38 
2 16 28 50 32 20 26 21 30 26 9 24 41 25 30 43 21 4 30 48 38 23 9 5 19 14 48 0 9 
29 18 34 20 32 12 18 12 40 27 12 43 19 28 17 2 17 16 9 45 7 35 30 33 23 22 1 30 0 
8 0 24 31 19 22 18 43 13 42 40 43 29 8 18 3 45 43 38 30 10 6 8 38 3 5 4 2 44 
38 1 0 47 11 12 38 5 17 46 43 21 1 36 5 11 28 24 31 37 40 32 36 41 36 42 41 24 50 
36 29 14 0 18 16 49 25 41 43 32 18 20 14 37 50 50 17 29 25 1 48 11 30 25 17 13 12 3 
11 12 20 21 0 14 5 32 18 30 3 36 37 30 20 35 42 13 18 27 46 36 41 19 13 17 23 3 26 
50 40 2 3 38 0 23 30 32 13 47 6 9 5 33 21 14 44 38 22 28 26 38 12 50 37 16 17 21 
43 7 5 41 3 7 0 18 40 2 33 49 8 40 4 30 17 12 18 41 4 20 5 20 29 2 26 50 12 
28 3 17 22 6 10 39 0 7 43 15 7 49 15 31 13 11 39 15 38 22 9 46 38 19 25 13 2 38 
37 26 40 28 7 7 13 49 0 17 28 2 31 16 23 25 47 12 43 40 39 43 10 40 38 38 29 4 33 
15 48 47 44 9 1 20 17 26 0 30 43 9 19 14 44 12 13 8 7 36 21 41 8 33 24 13 46 28 
36 2 40 29 3 31 34 20 31 9 0 23 15 4 8 22 32 1 32 21 29 16 29 25 31 22 18 12 24 
40 15 21 46 5 43 31 24 40 14 6 0 39 30 25 32 5 35 42 33 13 20 26 33 42 43 18 13 8 
27 10 7 36 19 10 30 16 39 28 10 11 0 28 48 43 37 26 33 49 41 48 21 46 30 35 49 5 14 
33 29 4 38 31 24 48 30 7 20 20 21 46 0 16 17 8 33 22 36 23 34 46 16 11 19 22 10 7 
15 28 1 21 6 16 34 10 24 23 31 4 50 13 0 30 6 13 29 46 32 4 39 48 13 13 32 30 37 
13 44 20 9 14 41 16 30 20 50 15 30 32 7 34 0 10 42 33 23 22 16 11 48 40 27 29 3 27 
30 38 8 25 36 47 48 31 3 23 40 10 47 1 37 14 0 15 16 1 48 5 38 22 31 9 9 21 3 
46 30 33 36 39 40 50 32 42 40 44 35 10 4 7 19 43 0 14 25 16 24 34 26 11 28 6 22 43 
16 28 16 28 26 46 35 24 41 4 22 8 1 5 22 25 22 16 0 39 2 31 3 38 45 34 6 29 13 
4 22 8 33 18 8 16 14 24 17 10 14 19 34 29 40 43 18 15 0 19 12 2 39 13 18 21 12 13 
41 22 44 21 17 23 21 19 47 39 40 44 39 9 1 6 7 25 33 48 0 24 49 3 17 41 11 1 3 
33 46 16 48 46 3 24 3 23 39 47 47 14 11 44 5 28 22 30 4 2 0 34 7 43 39 15 40 43 
19 27 31 7 23 18 37 1 24 42 48 36 35 48 34 18 28 36 35 14 6 48 0 39 19 31 47 2 50 
39 23 10 32 14 32 35 46 9 41 25 46 24 43 32 36 24 44 20 4 1 39 16 0 3 30 26 38 21 
39 12 27 26 17 38 13 1 33 16 22 4 14 38 10 38 12 39 41 13 17 3 46 37 0 27 48 50 50 
8 7 2 39 44 14 8 47 14 49 29 37 30 31 4 8 22 17 41 13 30 28 42 42 36 0 25 5 36 
17 40 50 20 39 13 44 26 15 34 10 50 30 13 24 13 11 4 33 37 50 38 15 11 7 37 0 20 30 
16 11 4 20 10 23 31 24 50 10 48 18 37 28 44 39 7 41 33 18 4 29 32 32 42 18 36 0 30 
26 39 13 2 43 14 11 4 30 40 41 8 32 50 14 1 7 16 50 23 44 27 4 17 4 3 26 37 0 
30 0 23 28 42 37 2 49 11 47 47 25 24 17 40 9 18 1 26 36 5 16 31 26 26 19 14 36 50 
35 47 0 49 40 39 25 25 8 12 49 21 31 2 3 5 10 42 27 6 4 18 37 17 28 18 22 22 50 
47 3 24 0 23 16 50 27 1 48 35 35 43 16 1 6 2 5 5 3 14 26 16 35 42 9 32 32 49 
31 21 23 17 0 3 26 12 10 26 48 15 2 27 4 13 7 42 13 39 17 32 16 24 14 19 8 24 32 
18 32 15 35 18 0 29 21 28 13 19 40 40 40 46 26 8 41 2 38 23 4 28 1 47 43 16 17 16 
48 9 48 46 3 30 0 42 44 34 31 35 48 34 35 45 23 23 50 28 36 40 16 24 18 21 1 29 41 
32 18 42 3 12 6 31 0 4 22 45 38 10 4 32 24 10 17 40 39 19 34 28 25 44 38 32 26 32 
36 30 25 2 2 2 13 16 0 39 32 37 29 5 42 2 28 13 18 32 8 42 14 1 31 13 10 8 4 
44 49 15 30 30 49 18 42 20 0 36 9 3 20 9 22 36 3 10 15 42 26 47 31 21 50 19 40 23 
29 44 39 42 45 9 22 41 17 7 0 50 6 24 11 8 27 10 30 38 34 43 16 29 3 46 16 29 48 
18 45 31 11 10 45 13 26 47 17 8 0 12 37 31 19 47 11 9 19 16 39 4 11 21 31 6 31 14 
16 37 47 30 31 25 23 23 27 39 47 29 0 48 33 31 44 22 27 48 12 47 32 43 38 48 13 9 14 
34 10 30 4 15 50 11 11 20 29 32 12 9 0 47 20 22 13 40 19 7 24 18 49 5 9 20 17 34 
44 10 32 18 16 9 39 17 9 43 15 48 23 20 0 24 43 46 36 3 50 13 21 25 9 44 3 40 16 
12 26 45 46 33 27 17 11 47 14 46 50 9 4 14 0 20 25 21 35 4 45 6 10 24 17 17 22 24 
35 24 25 14 20 23 6 34 49 20 15 46 4 13 47 32 0 40 4 42 9 8 6 34 23 18 37 22 6 
16 22 29 17 5 44 27 23 40 33 31 36 48 30 22 6 7 0 39 1 32 10 28 34 13 26 14 16 29 
41 2 46 33 2 1 18 27 41 49 42 11 37 24 43 8 24 6 0 11 28 35 29 17 30 36 40 46 39 
38 17 41 42 28 48 33 39 37 48 35 48 13 45 15 8 47 40 46 0 37 36 27 40 20 3 39 45 13 
35 17 48 12 5 30 40 25 8 1 34 40 42 5 21 27 22 14 16 40 0 14 10 33 47 44 10 3 11 
27 22 39 40 3 20 4 20 1 23 43 34 6 41 50 47 7 7 46 32 7 0 14 49 40 23 5 50 26 
34 1 19 46 27 29 48 37 12 44 37 22 1 1 26 49 21 32 35 23 10 37 0 40 38 15 22 5 14 
23 50 17 48 21 29 37 50 5 48 8 27 44 13 35 14 20 24 31 6 38 50 19 0 42 21 27 16 48 
12 31 32 5 25 34 14 13 28 40 1 23 15 27 44 23 25 9 30 48 2 27 18 41 0 42 49 27 23 
31 26 28 45 14 39 38 25 16 3 2 10 49 23 36 31 23 8 41 11 7 46 17 12 47 0 19 47 36 
13 41 13 26 7 41 32 2 13 7 10 27 39 20 8 23 7 21 49 30 41 38 18 34 9 16 0 17 35 
9 16 49 46 43 3 12 25 40 27 3 9 41 34 19 17 49 15 23 37 39 45 6 27 20 17 46 0 26 
24 29 18 42 25 48 44 47 9 15 35 37 8 33 33 31 18 41 40 7 20 2 36 44 44 31 46 15 0 
11 0 22 26 26 8 37 2 11 10 12 35 44 41 22 8 34 31 36 29 7 13 25 9 30 28 39 7 23 
44 24 0 48 45 2 30 37 37 40 9 30 22 31 22 22 6 7 47 16 48 44 2 14 8 2 40 3 36 
13 46 49 0 19 31 30 18 36 15 40 42 12 35 22 45 22 7 8 27 41 4 4 24 32 24 9 29 42 
10 40 43 13 0 28 2 24 44 11 11 42 1 5 36 42 17 5 4 13 23 8 43 1 45 13 12 32 10 
22 18 46 22 2 0 26 27 25 48 30 35 34 48 1 12 47 16 26 36 19 13 8 27 20 47 7 35 18 
40 49 50 16 21 15 0 23 43 16 20 50 29 10 18 19 25 20 30 25 7 31 5 29 38 27 13 48 14 
41 27 26 45 42 9 36 0 49 31 20 14 34 29 19 31 47 26 7 10 45 40 3 50 18 32 29 37 35 
20 12 39 8 17 9 3 40 0 45 6 38 1 32 20 44 1 16 42 28 13 24 33 12 20 4 3 25 38 
27 9 13 14 23 2 30 19 31 0 6 17 20 16 42 3 21 20 9 14 20 9 50 2 41 1 25 11 38 
50 19 4 15 35 15 14 36 43 25 0 29 31 41 26 20 11 26 8 47 33 30 42 1 46 40 6 30 27 
8 23 13 48 41 42 19 12 3 2 36 0 1 29 17 28 46 31 33 29 34 31 41 16 44 28 28 9 9 
19 9 26 29 36 37 29 21 13 31 41 50 0 7 8 8 24 22 47 5 14 14 6 15 7 27 47 47 17 
7 19 21 13 33 11 44 44 27 7 16 42 39 0 8 34 50 43 29 27 23 34 43 22 32 24 46 45 14 
44 19 3 40 41 13 14 44 11 28 17 46 15 15 0 47 16 32 13 25 7 23 16 15 48 20 24 34 15 
48 40 40 38 17 30 1 9 5 26 1 26 44 40 40 0 16 13 32 9 19 47 7 1 11 21 38 42 28 
5 5 21 18 30 50 46 22 38 30 30 35 14 38 11 6 0 13 49 14 33 27 49 36 38 15 15 19 42 
39 30 18 29 39 23 5 50 6 34 47 45 44 18 29 33 2 0 25 6 9 46 45 49 22 25 9 2 6 
19 33 3 15 32 5 33 8 12 2 46 42 34 12 1 29 2 19 0 39 9 21 3 37 40 9 10 46 45 
32 46 4 31 22 49 31 23 31 33 14 40 36 21 21 1 30 14 25 0 35 45 20 20 7 20 43 35 16 
46 13 6 22 9 39 27 16 49 15 21 35 31 28 48 20 6 50 24 1 0 33 37 11 46 35 12 50 12 
27 48 11 29 15 15 27 18 27 42 31 48 45 5 3 15 44 41 4 17 23 0 50 1 21 20 35 34 10 
3 11 37 48 39 15 40 1 5 42 21 16 2 30 44 14 20 27 7 28 35 47 0 2 45 9 34 40 27 
47 41 10 30 31 17 16 16 6 33 9 30 16 2 11 3 21 38 16 43 7 37 1 0 43 29 7 26 6 
10 42 39 5 26 13 5 14 32 41 36 35 14 28 9 37 18 27 12 34 37 49 25 21 0 18 47 21 11 
40 17 2 25 42 10 7 14 45 4 5 3 47 47 21 30 3 32 29 29 28 15 26 2 45 0 43 20 11 
18 19 38 29 42 44 25 15 39 11 43 4 22 46 43 14 23 9 37 40 29 45 19 37 19 43 0 33 26 
42 1 30 50 41 46 46 26 17 26 12 3 22 7 42 42 39 25 7 33 22 12 29 36 6 30 33 0 24 
1 1 11 49 12 50 24 39 32 44 14 27 50 17 47 48 48 34 19 23 3 27 48 44 37 50 4 30 0 
22 0 44 44 11 14 23 26 17 15 13 42 23 33 3 11 46 12 30 34 6 16 32 39 23 12 11 21 24 
3 18 0 13 13 46 44 18 39 50 4 14 27 41 31 33 36 43 46 40 50 17 3 33 7 16 49 15 40 
6 22 49 0 3 3 3 14 48 50 29 27 40 36 23 46 9 17 7 15 36 50 3 30 17 22 21 8 1 
35 6 47 48 0 30 29 33 29 5 11 25 39 17 35 36 14 19 1 15 45 7 25 41 10 34 29 40 3 
42 33 32 32 45 0 14 14 44 33 30 10 8 40 17 4 6 32 26 19 16 17 17 48 21 7 14 44 11 
16 37 14 1 39 31 0 38 22 30 44 45 4 22 42 31 40 41 7 5 41 21 35 28 9 11 25 36 25 
35 11 26 32 20 3 29 0 46 16 9 20 9 29 33 27 39 32 16 44 26 36 9 30 50 9 4 41 31 
10 6 41 14 45 14 38 19 0 19 13 34 19 14 36 24 33 38 46 12 39 9 40 27 45 31 11 40 26 
32 26 23 16 13 48 37 11 19 0 7 15 16 45 9 21 19 32 26 12 1 36 48 13 13 43 3 23 21 
29 47 33 34 24 12 38 43 40 19 0 7 16 49 13 15 32 32 46 44 50 20 8 13 6 49 40 41 34 
14 11 24 10 25 17 32 22 24 31 42 0 34 22 28 29 14 19 47 2 23 34 32 32 47 9 23 1 22 
34 28 35 35 22 4 30 30 46 47 41 33 0 32 43 8 1 4 11 29 42 29 50 38 3 39 18 50 33 
30 27 2 2 16 11 39 47 47 8 12 18 49 0 50 19 22 6 19 42 42 24 31 43 49 45 10 43 34 
41 32 47 5 5 47 50 19 46 39 18 22 4 12 0 5 47 49 12 43 30 32 16 48 20 26 9 10 49 
34 3 8 6 19 5 7 15 11 8 14 2 50 50 26 0 17 2 21 38 12 27 47 50 34 17 13 2 25 
35 28 29 46 38 1 36 43 32 12 4 49 6 41 37 42 0 49 41 31 33 40 31 19 6 21 48 23 38 
4 25 40 6 3 32 30 34 30 18 15 49 14 33 36 40 17 0 39 7 37 10 9 36 26 33 20 35 5 
9 23 25 41 29 49 40 7 23 48 46 25 11 3 12 31 27 32 0 20 7 46 29 39 32 42 37 28 45 
40 14 24 34 47 26 25 7 43 25 21 15 44 29 18 20 44 32 26 0 7 47 5 50 1 1 29 9 31 
34 44 49 43 22 46 18 9 25 13 28 35 29 6 38 3 12 5 14 17 0 11 20 39 10 11 21 49 35 
15 23 34 19 17 45 24 50 26 29 44 49 12 10 46 32 5 41 29 42 18 0 48 40 46 15 43 20 14 
5 39 32 1 48 33 45 3 29 10 19 34 32 38 27 34 12 16 6 2 25 8 0 6 20 42 7 18 18 
33 38 4 25 26 10 46 37 47 43 2 30 15 43 3 45 23 46 11 30 21 7 35 0 50 37 18 40 48 
34 12 10 41 15 28 20 41 7 44 8 22 43 40 37 20 15 26 37 32 5 12 47 47 0 47 39 47 27 
4 4 38 8 21 48 4 35 34 11 15 38 23 12 39 30 38 39 37 31 20 15 36 11 31 0 8 43 23 
15 13 45 27 31 44 37 3 6 50 2 45 37 3 36 4 12 50 10 44 24 18 10 9 2 16 0 7 39 
19 28 28 13 6 32 20 21 17 39 8 30 25 36 25 38 37 43 45 18 30 32 50 32 49 50 50 0 48 
4 37 26 15 38 49 34 29 23 40 40 6 33 16 38 24 42 31 19 38 44 22 22 10 22 40 10 38 0 
28 0 46 15 6 33 23 18 31 13 43 42 27 3 46 15 48 3 40 36 14 44 27 40 19 32 12 4 32 
15 17 0 43 48 39 46 1 28 26 35 24 10 48 8 11 50 39 42 36 48 8 25 7 33 5 46 44 2 
6 46 25 0 21 19 37 17 47 50 45 39 7 46 37 22 19 16 26 17 37 17 41 31 40 27 7 24 40 
10 11 44 43 0 2 50 23 30 10 3 42 12 42 14 50 45 4 29 3 21 3 39 17 30 30 8 36 15 
16 35 44 13 13 0 27 38 40 1 46 5 46 15 43 9 13 34 5 45 3 41 37 36 49 4 4 37 21 
44 15 13 45 15 8 0 15 26 10 29 49 15 26 11 44 8 25 7 6 11 31 4 46 25 14 33 24 30 
49 46 10 9 41 18 46 0 36 34 11 32 8 28 34 4 6 7 30 28 31 43 29 25 47 48 26 41 40 
20 38 31 33 34 36 27 15 0 20 41 25 9 16 9 25 14 26 49 33 48 1 40 19 34 6 44 37 21 
22 13 12 15 27 6 17 46 30 0 49 24 43 7 40 37 16 6 19 16 35 4 11 21 50 43 44 40 30 
20 48 28 40 49 6 43 7 30 10 0 33 10 43 30 34 28 25 41 41 12 4 3 28 37 29 3 17 11 
42 12 23 34 17 37 27 33 22 34 45 0 1 47 30 37 47 37 6 42 25 27 44 25 3 4 28 27 17 
20 41 12 46 40 33 15 18 38 49 43 7 0 4 2 6 41 47 40 16 25 17 32 1 23 11 42 35 49 
38 20 31 40 10 10 13 31 23 49 12 14 15 0 20 9 38 14 36 22 25 39 34 6 14 13 3 1 39 
41 39 35 48 48 17 30 18 19 4 47 44 39 25 0 19 48 28 2 10 47 23 13 10 25 21 10 11 5 
15 17 27 8 10 25 40 34 14 14 16 49 40 42 20 0 10 40 28 37 14 15 8 36 11 43 4 16 29 
30 10 28 39 7 26 4 2 27 40 35 15 35 35 35 15 0 36 12 7 32 43 50 36 43 24 48 40 7 
31 17 15 6 9 12 5 4 37 28 43 15 39 18 34 1 44 0 22 29 31 24 22 26 32 47 35 36 31 
25 35 16 10 36 47 21 11 25 29 6 24 31 32 28 9 20 42 0 43 25 16 36 49 2 19 10 33 10 
41 33 9 25 26 24 30 2 12 33 29 42 47 24 26 16 16 5 50 0 43 45 18 13 5 42 11 15 39 
37 14 41 27 15 12 20 43 20 32 49 7 3 26 47 37 14 2 29 43 0 11 33 36 15 10 41 15 24 
20 4 34 15 10 41 16 49 43 3 28 36 4 33 47 35 7 43 40 20 21 0 27 42 40 33 22 29 4 
28 26 18 24 48 46 23 16 48 34 48 12 10 49 44 11 25 43 40 28 36 2 0 9 17 1 46 4 44 
13 44 32 38 13 12 21 18 36 5 39 9 11 32 37 23 46 29 10 23 34 31 16 0 41 33 1 18 27 
18 1 23 2 43 30 3 5 3 11 50 48 28 27 26 21 5 31 17 5 15 36 22 23 0 36 31 11 32 
28 42 6 12 44 44 50 35 32 37 16 32 29 33 21 36 29 12 45 8 5 46 36 2 35 0 14 12 33 
30 50 16 12 19 22 27 11 5 39 4 34 27 42 39 19 16 36 26 33 15 37 45 25 36 4 0 27 33 
7 4 27 31 33 18 6 33 21 5 13 7 6 10 31 40 8 11 31 14 7 18 37 49 38 30 18 0 43 
6 42 26 16 46 45 5 1 12 24 2 9 37 6 48 11 24 20 28 5 6 5 17 26 23 14 26 39 0 
18 0 29 43 3 1 13 28 30 29 47 12 11 6 30 29 35 9 22 28 1 20 26 26 19 3 13 37 1 
25 1 0 44 33 19 16 34 34 31 50 9 24 29 19 32 27 8 17 50 27 27 33 17 1 36 25 20 42 
4 25 1 0 38 26 27 5 29 4 30 43 40 46 46 4 10 13 5 23 2 45 50 12 36 14 11 25 42 
35 43 47 44 0 47 42 31 7 49 22 48 3 14 4 23 28 24 10 31 32 30 7 39 32 3 18 48 4 
14 15 25 16 2 0 14 45 12 34 49 44 4 16 48 11 42 7 20 39 41 27 34 12 4 30 44 13 28 
5 15 42 29 45 27 0 44 35 48 33 1 50 10 11 45 26 17 27 16 33 46 47 26 33 30 7 28 30 
3 21 36 8 1 17 8 0 19 8 16 10 39 4 27 45 24 20 39 32 17 39 37 38 4 28 31 33 8 
40 9 49 38 49 14 32 27 0 47 43 50 43 4 27 19 2 18 28 29 20 2 2 14 41 26 12 42 17 
34 33 31 21 35 50 29 49 17 0 23 40 41 45 19 27 27 39 40 14 13 19 37 37 1 2 13 6 39 
46 8 13 38 23 16 43 15 13 30 0 9 4 48 20 35 45 38 39 25 34 25 38 2 37 48 29 48 48 
47 30 19 22 45 41 4 9 10 3 18 0 29 26 13 14 10 31 11 15 49 2 42 14 14 39 23 14 8 
7 27 40 44 18 46 19 34 12 37 10 7 0 17 27 35 36 21 46 8 13 25 43 6 38 15 50 46 6 
16 5 33 22 28 47 3 34 13 25 12 31 44 0 30 49 44 1 8 33 26 7 29 44 44 16 2 34 14 
21 3 30 19 50 14 19 7 5 38 30 21 24 2 0 23 46 35 27 19 45 44 12 37 7 18 21 49 38 
12 40 7 26 13 39 13 11 46 44 32 31 12 42 40 0 14 28 12 2 5 6 48 9 39 33 39 20 10 
16 23 1 29 15 32 46 15 32 4 8 36 39 13 1 42 0 45 38 34 3 22 24 30 6 20 44 32 14 
31 18 44 25 19 4 45 24 43 4 16 31 47 26 33 24 5 0 17 17 43 47 18 44 45 6 18 39 42 
43 46 10 21 50 32 34 14 11 33 17 36 19 28 49 42 22 3 0 6 46 42 6 1 4 28 39 17 13 
24 49 20 2 15 4 31 48 45 46 31 15 43 19 14 22 50 31 25 0 20 20 3 23 3 13 43 1 38 
45 6 44 11 15 21 41 13 14 16 21 15 48 2 48 27 23 42 4 23 0 43 30 4 47 15 48 44 22 
26 18 40 23 4 43 3 39 2 20 50 22 29 1 9 35 11 10 23 19 6 0 47 30 21 39 28 46 16 
3 48 47 18 28 19 38 47 27 48 12 5 49 10 26 3 42 33 45 42 22 19 0 36 5 26 26 17 30 
38 19 35 26 47 38 36 5 23 33 45 10 14 12 9 13 49 18 20 46 21 28 30 0 6 33 5 45 34 
12 43 42 2 3 8 9 8 14 36 8 12 24 22 30 9 39 36 28 10 11 24 6 8 0 7 21 9 11 
39 29 44 43 44 2 44 30 41 43 7 7 3 1 50 13 11 9 23 50 48 22 18 48 28 0 35 24 39 
38 35 46 33 49 49 20 36 43 16 18 22 29 1 18 47 29 22 7 10 25 43 48 48 48 10 0 13 17 
11 47 16 9 29 5 43 7 47 24 8 4 32 14 21 46 41 1 22 48 5 22 19 7 28 15 15 0 45 
38 48 35 40 37 3 25 47 50 9 44 24 8 12 50 6 14 3 29 11 23 2 8 48 38 15 13 40 0 
29 0 10 31 14 41 48 19 49 39 18 18 29 40 25 46 32 8 49 40 43 23 13 43 26 37 4 23 36 
41 38 0 3 22 41 36 19 41 29 30 33 10 43 1 17 47 36 50 21 49 7 26 41 40 25 20 18 16 
17 6 28 0 37 26 33 8 2 16 46 38 4 7 5 4 28 16 31 50 22 47 46 40 37 33 24 30 16 
48 13 47 21 0 19 3 24 23 3 46 35 11 43 15 32 40 12 18 43 3 22 14 24 45 21 46 19 22 
16 41 4 2 4 0 43 5 3 49 18 36 4 31 32 25 21 46 40 29 32 15 50 25 16 32 27 44 34 
40 3 1 23 35 3 0 7 12 42 33 7 1 11 30 42 45 32 39 23 41 39 3 49 31 17 37 8 17 
17 38 21 28 49 21 13 0 47 18 13 19 28 25 14 29 14 34 28 22 36 9 31 35 43 5 4 46 37 
4 20 6 48 46 41 46 4 0 13 30 3 40 17 46 27 20 21 45 17 26 25 36 48 40 15 22 9 36 
4 28 23 46 25 26 44 48 7 0 22 33 35 18 25 2 5 26 32 19 14 4 16 23 11 37 21 13 18 
23 17 33 24 32 10 1 35 7 7 0 15 41 2 29 13 49 13 32 8 50 34 44 14 33 4 46 32 39 
5 13 9 5 14 26 26 40 39 9 3 0 8 25 17 48 20 18 29 12 26 3 24 49 6 13 13 34 30 
4 1 21 37 29 12 30 44 48 11 28 27 0 4 23 11 4 30 50 26 18 46 44 16 25 34 7 36 32 
15 4 42 2 42 46 37 39 39 16 30 13 38 0 4 22 7 2 35 22 31 13 45 27 14 37 17 34 10 
35 46 4 23 26 49 30 45 20 27 35 8 37 23 0 16 14 21 13 30 42 23 10 24 50 35 6 19 20 
28 29 15 25 12 27 4 43 13 8 37 39 25 28 38 0 25 50 14 45 41 30 13 43 25 37 43 38 26 
22 5 38 21 31 10 18 41 13 10 46 10 20 23 1 14 0 27 42 18 45 22 50 50 22 12 29 41 15 
36 41 39 20 39 29 21 9 21 17 8 15 10 47 13 40 19 0 35 21 7 12 30 48 46 25 43 4 23 
5 17 10 3 20 4 6 22 22 26 22 41 3 43 44 11 34 4 0 36 26 37 10 3 28 8 34 3 7 
43 43 46 46 26 48 4 5 7 6 45 7 42 41 19 43 13 31 5 0 20 37 38 12 22 8 29 37 46 
14 33 46 37 1 50 30 29 31 26 16 5 39 40 4 29 9 30 35 46 0 42 11 15 27 29 34 21 5 
32 25 39 48 12 8 41 25 10 9 6 43 12 40 13 37 16 1 31 48 35 0 33 14 29 45 42 5 3 
19 19 8 18 29 26 48 6 38 18 43 32 49 29 19 50 24 42 35 2 49 28 0 12 28 3 23 20 50 
12 10 4 21 4 39 7 41 2 38 14 36 43 7 50 48 9 50 49 6 14 14 5 0 3 7 3 5 41 
8 31 15 7 6 49 45 29 15 23 28 11 23 28 49 36 29 49 10 43 29 14 20 4 0 24 14 36 48 
5 2 14 1 34 16 34 22 23 8 31 44 12 22 34 36 22 39 34 36 16 19 24 9 44 0 13 13 45 
11 12 33 42 13 48 24 14 10 28 27 7 45 28 14 22 19 16 31 7 31 34 33 36 31 50 0 32 36 
28 5 8 21 4 40 11 12 26 39 32 14 48 20 27 44 13 28 41 39 6 3 41 28 32 6 14 0 27 
29 48 12 13 17 38 37 5 21 6 4 6 17 2 47 30 35 18 9 11 8 40 23 3 10 44 31 25 0 
