14
4
41 0 38 29 46 
50 46 0 16 6 
49 28 16 0 4 
21 3 24 4 0 
1 0 45 25 22 
9 18 0 23 42 
41 27 24 0 16 
26 41 39 27 0 
39 0 21 17 45 
37 2 0 19 30 
3 41 39 0 47 
17 42 40 18 0 
3 0 4 8 48 
36 4 0 18 23 
15 37 5 0 23 
23 50 30 8 0 
40 0 40 15 50 
37 29 0 17 50 
27 46 19 0 18 
30 27 25 49 0 
38 0 7 14 22 
33 41 0 41 35 
3 44 30 0 50 
47 46 7 4 0 
11 0 31 7 27 
28 40 0 31 24 
37 9 22 0 41 
36 50 43 39 0 
13 0 6 36 17 
36 9 0 26 49 
50 30 48 0 43 
50 18 3 31 0 
39 0 16 8 50 
20 48 0 22 48 
26 41 35 0 25 
20 50 50 4 0 
1 0 42 38 42 
11 41 0 18 3 
6 8 28 0 48 
43 39 24 20 0 
6 0 41 2 21 
43 44 0 19 15 
35 38 41 0 46 
24 1 30 50 0 
31 0 44 43 9 
30 12 0 21 49 
49 6 45 0 13 
21 24 6 38 0 
17 0 15 19 30 
49 29 0 11 7 
23 24 7 0 24 
50 22 29 5 0 
28 0 28 18 49 
46 16 0 41 45 
20 4 23 0 37 
50 7 44 11 0 
