14
24
14 0 31 28 9 1 20 14 8 22 47 3 34 9 23 24 29 21 15 2 9 41 14 42 41 
39 21 0 34 36 2 46 8 40 41 46 16 38 16 33 40 47 21 19 11 10 45 23 30 33 
50 37 24 0 49 13 8 18 50 40 37 20 31 37 28 6 27 40 14 44 13 8 36 14 39 
26 5 38 23 0 3 33 47 17 41 1 36 16 22 9 27 34 28 16 49 29 13 9 11 43 
13 35 21 31 30 0 18 26 15 23 36 24 8 20 45 47 7 40 4 41 37 43 40 5 31 
37 10 35 42 38 35 0 26 17 45 46 11 19 13 16 37 23 25 22 43 37 36 20 14 33 
19 42 39 10 19 25 50 0 24 30 41 45 20 33 34 28 39 11 7 14 25 35 28 45 24 
18 18 12 22 47 19 45 18 0 47 2 24 46 46 17 49 21 46 38 40 22 22 18 40 42 
45 5 27 30 6 40 49 41 47 0 15 43 1 13 29 27 12 46 28 24 32 11 32 43 44 
8 44 29 48 39 23 3 1 28 21 0 28 43 43 15 12 8 4 33 49 31 25 49 8 17 
11 28 27 45 45 9 31 13 12 33 22 0 13 11 1 2 24 13 42 23 43 2 35 20 32 
16 16 28 28 33 12 20 10 36 12 37 12 0 47 9 7 19 40 15 31 10 44 49 47 4 
31 25 19 33 26 15 16 27 9 46 29 29 32 0 3 30 1 13 12 27 49 15 41 28 5 
36 5 4 37 4 10 38 17 19 25 48 8 44 38 0 35 22 47 10 4 2 30 28 38 37 
35 31 48 32 22 48 39 41 48 14 47 22 12 29 23 0 49 8 12 10 8 6 23 8 26 
28 6 3 5 38 26 26 9 17 17 3 24 13 7 45 21 0 36 8 11 30 41 14 10 18 
38 5 45 18 19 31 31 13 23 22 5 17 46 35 3 23 39 0 39 5 45 27 49 37 1 
17 39 22 49 12 28 36 14 46 35 18 34 31 8 40 37 36 40 0 1 42 3 29 26 1 
5 38 41 3 10 15 42 39 19 44 1 30 9 33 1 46 37 41 21 0 11 18 20 42 32 
49 18 10 37 49 45 49 39 13 21 45 25 38 33 5 32 43 29 15 38 0 7 11 28 4 
40 6 6 12 9 15 34 36 47 10 4 42 6 6 41 24 45 13 17 38 38 0 27 9 4 
36 40 19 39 5 5 25 39 40 7 48 43 40 37 30 49 38 10 28 28 29 13 0 26 38 
39 42 43 44 44 41 16 13 48 2 27 20 47 45 31 42 35 16 3 50 9 48 34 0 9 
33 19 1 29 49 31 25 24 14 31 50 14 13 31 46 50 41 35 45 38 11 11 3 43 0 
29 0 36 44 14 11 27 29 42 8 35 12 25 40 37 14 18 28 3 6 16 46 18 30 4 
21 3 0 9 24 3 46 48 23 17 8 50 13 37 11 13 38 2 9 6 29 20 21 10 4 
22 28 11 0 8 6 37 48 12 6 40 43 9 18 6 39 13 37 39 9 33 38 1 31 17 
41 19 14 37 0 12 2 34 1 43 6 3 26 36 40 17 30 10 38 7 47 19 5 20 47 
20 44 42 31 12 0 28 17 21 47 44 18 37 24 12 1 5 6 43 16 13 3 14 27 47 
22 29 23 50 44 34 0 49 37 49 18 18 19 11 4 39 16 39 33 29 43 23 31 7 49 
38 3 42 26 39 8 44 0 7 18 45 9 33 5 17 27 13 45 32 39 6 44 32 44 3 
5 50 24 21 35 34 25 42 0 23 24 12 41 43 24 48 41 24 11 2 16 45 6 11 22 
6 16 49 42 42 1 5 6 10 0 39 22 40 35 24 22 34 20 17 11 31 6 36 20 22 
34 48 33 34 31 28 9 49 40 2 0 15 20 36 34 1 22 20 6 32 5 3 9 7 50 
40 18 47 28 45 30 17 21 46 28 8 0 44 19 22 25 32 30 23 50 34 9 3 48 37 
17 40 12 50 4 16 19 26 42 33 44 14 0 32 32 5 10 35 45 24 9 27 7 4 48 
32 1 26 30 9 24 42 38 20 11 11 6 18 0 18 17 31 9 32 3 36 28 12 50 48 
19 40 49 14 29 40 10 11 36 14 19 4 41 39 0 18 19 42 7 44 22 22 49 42 18 
29 43 1 45 4 19 20 20 1 28 12 19 25 28 9 0 31 1 1 21 5 50 13 41 20 
15 35 45 22 19 29 27 20 49 32 36 37 40 16 7 18 0 44 49 3 13 28 49 44 14 
49 14 22 21 29 38 19 16 3 31 31 20 25 49 1 23 1 0 43 21 44 43 23 41 36 
45 3 11 1 11 28 43 16 42 31 24 6 7 7 42 11 14 20 0 34 9 35 37 44 46 
49 30 12 36 29 1 22 27 23 37 27 26 28 18 6 25 39 16 29 0 44 26 46 17 45 
1 10 31 23 39 32 1 8 10 15 3 31 17 7 37 42 9 48 33 21 0 31 16 34 46 
15 10 21 20 9 50 21 3 14 18 35 19 20 49 38 42 36 19 16 13 16 0 25 9 32 
29 38 36 28 14 46 15 35 27 35 9 30 12 31 49 11 45 50 17 49 23 19 0 22 10 
10 42 35 12 1 21 30 40 1 39 42 22 14 43 40 18 4 50 42 36 41 9 30 0 6 
20 6 19 16 8 10 10 10 16 26 18 23 12 3 35 7 5 20 29 24 40 27 47 2 0 
11 0 50 46 23 27 36 20 2 12 30 42 45 2 15 32 42 30 32 6 39 25 18 6 1 
16 35 0 31 21 30 7 16 44 10 18 6 9 14 37 34 31 7 17 11 33 11 41 6 41 
39 38 44 0 9 22 9 27 44 44 46 8 42 5 49 23 6 14 49 36 35 9 23 28 43 
49 26 32 9 0 7 24 40 26 30 41 33 42 13 7 22 1 41 12 16 19 30 42 26 8 
44 6 19 13 5 0 21 32 16 11 2 11 46 27 18 38 20 6 32 12 15 17 32 43 8 
27 35 44 48 7 9 0 13 8 50 25 15 2 5 28 21 9 10 17 31 11 47 27 25 24 
25 46 14 48 30 12 41 0 13 13 12 36 20 28 34 9 3 40 4 46 2 3 36 15 29 
12 3 5 1 1 32 11 1 0 11 21 23 12 45 15 28 39 34 3 40 44 42 1 32 26 
8 29 22 44 31 23 21 40 31 0 35 37 27 7 41 13 31 1 36 10 8 11 48 8 25 
26 8 18 1 47 22 38 11 22 30 0 43 23 11 18 20 38 50 34 31 11 28 2 33 44 
41 9 43 6 42 24 15 10 21 47 19 0 24 5 20 43 10 48 27 5 27 48 40 21 34 
16 22 8 27 18 48 47 25 25 25 10 38 0 29 32 20 49 16 34 2 14 49 47 34 30 
42 21 13 2 47 6 46 1 39 10 41 20 16 0 38 43 24 1 45 49 31 10 5 32 17 
7 7 12 15 39 8 35 20 39 29 36 47 36 46 0 28 20 29 10 50 20 42 1 33 28 
42 28 14 5 48 3 21 37 40 46 46 41 44 32 12 0 31 25 21 31 38 2 46 39 5 
17 29 2 1 5 13 26 7 24 34 24 12 45 31 23 37 0 8 49 8 40 1 37 27 48 
48 20 46 22 20 46 26 46 40 9 38 19 1 20 33 27 21 0 39 17 10 8 1 37 44 
48 45 30 4 38 50 5 31 3 5 3 36 18 5 37 29 8 28 0 22 36 43 4 36 39 
17 31 20 12 20 17 40 47 33 2 24 25 16 23 9 40 4 8 16 0 46 17 47 10 17 
2 39 3 31 29 2 2 44 10 42 37 7 31 43 11 37 16 7 4 17 0 32 13 13 35 
20 33 32 35 39 40 22 20 22 3 11 32 14 10 18 31 50 30 16 25 37 0 2 10 12 
48 29 31 11 44 44 36 40 27 18 11 47 20 17 6 21 20 18 36 28 33 29 0 23 7 
39 23 17 2 48 38 49 19 23 21 38 10 9 11 27 28 18 21 5 47 49 21 12 0 34 
24 46 5 20 17 33 29 19 7 25 23 21 28 34 43 39 19 42 25 50 30 47 12 10 0 
41 0 8 10 13 25 27 8 18 12 34 29 3 34 30 3 40 43 19 4 35 39 6 1 35 
29 17 0 29 7 47 13 4 28 34 46 29 9 24 17 45 30 17 5 10 45 6 41 6 39 
40 36 7 0 11 44 27 22 35 8 25 34 8 49 2 22 49 30 2 19 38 2 44 17 27 
25 24 19 34 0 46 7 30 39 11 40 18 12 6 44 34 8 25 44 2 49 33 37 32 16 
34 11 15 5 22 0 18 38 46 19 31 37 20 9 38 40 1 46 46 48 9 34 10 44 37 
18 12 14 8 43 18 0 44 38 43 4 50 36 43 26 17 44 3 22 43 25 8 15 49 37 
5 1 3 38 40 23 32 0 24 18 29 37 11 5 30 4 1 38 49 28 5 39 4 9 21 
29 4 7 13 18 19 30 4 0 13 28 4 42 15 7 49 20 23 26 18 14 39 7 40 24 
19 42 38 9 37 45 49 1 43 0 33 9 36 16 19 7 50 50 34 49 27 26 12 37 31 
1 8 33 13 37 45 33 23 15 34 0 44 27 31 21 17 18 29 4 50 33 48 13 4 4 
20 19 15 5 8 13 48 8 6 8 9 0 30 12 37 14 48 1 36 21 33 25 31 19 29 
18 31 49 23 13 4 33 38 4 30 44 19 0 31 28 15 3 37 37 21 24 12 38 7 43 
40 2 33 13 42 22 29 39 50 36 38 28 14 0 25 46 2 25 22 26 33 43 46 18 23 
22 19 47 39 10 46 18 31 25 6 34 11 22 21 0 46 32 1 5 19 45 41 37 39 12 
42 19 49 41 12 24 50 44 35 11 41 24 26 41 30 0 4 19 8 4 9 41 35 31 4 
26 44 33 39 27 24 32 35 30 35 47 41 47 27 19 1 0 6 41 27 11 30 23 7 11 
25 16 26 34 34 31 21 7 39 46 16 18 42 12 17 11 30 0 7 45 42 44 39 7 43 
39 4 3 1 9 21 24 3 38 23 14 12 49 48 1 49 14 40 0 3 2 11 1 10 45 
24 16 32 24 29 16 17 37 9 33 46 31 29 21 49 19 22 13 31 0 20 48 5 13 32 
6 46 28 5 36 6 32 38 44 8 27 43 39 1 25 23 6 28 4 17 0 3 21 21 44 
42 35 31 49 21 41 48 20 4 1 18 33 38 13 1 4 1 8 37 22 44 0 6 30 21 
38 9 14 21 2 46 30 36 25 35 13 2 25 34 18 3 10 8 40 39 34 43 0 35 43 
27 1 16 46 34 50 50 36 5 10 11 12 28 28 19 8 21 32 9 4 50 50 29 0 18 
40 35 12 36 17 42 38 46 25 21 44 2 31 34 2 26 35 28 47 16 23 7 26 33 0 
40 0 32 18 2 34 31 44 28 22 48 6 50 39 15 19 14 22 15 38 7 34 18 27 37 
31 34 0 20 23 3 14 45 34 9 29 47 36 24 37 12 44 28 16 30 34 29 2 37 21 
9 33 44 0 8 19 20 49 23 5 31 22 1 12 21 26 9 3 23 42 10 18 34 41 36 
3 45 30 18 0 38 44 9 29 47 49 14 20 20 37 15 40 31 25 31 43 15 12 32 7 
41 22 31 6 11 0 28 3 25 43 8 5 25 40 31 35 11 22 43 5 13 8 6 39 16 
9 2 30 43 3 48 0 21 42 13 24 27 17 14 4 18 20 46 40 28 12 33 40 50 50 
41 21 22 22 7 19 50 0 36 33 15 48 10 49 11 23 46 38 13 12 17 4 19 48 19 
26 36 17 19 28 28 34 19 0 3 30 3 33 27 50 36 45 24 42 35 49 7 9 22 36 
17 33 25 20 29 33 47 22 24 0 3 47 22 2 32 8 6 31 29 7 19 8 41 19 38 
28 18 43 13 35 49 13 17 15 32 0 2 46 3 15 40 20 34 31 10 24 3 14 43 43 
34 30 19 28 2 3 29 27 14 37 42 0 11 40 34 38 25 41 30 8 21 30 12 3 17 
39 38 36 27 31 46 35 15 25 1 29 6 0 31 36 16 12 3 25 33 17 24 30 30 50 
44 35 34 24 6 23 13 22 27 3 39 14 17 0 2 46 19 2 27 37 40 5 33 45 6 
14 46 18 6 30 36 43 10 9 36 34 46 12 12 0 10 3 38 7 29 29 47 2 46 1 
29 15 15 48 43 40 45 11 41 29 10 10 5 8 43 0 41 10 29 5 31 19 50 7 41 
18 34 2 48 5 17 9 13 1 18 27 15 22 46 18 20 0 42 24 6 34 2 50 49 31 
15 38 19 19 48 15 33 29 9 25 30 9 38 47 7 25 20 0 48 9 38 31 29 20 15 
12 36 40 46 45 23 39 19 36 22 34 18 48 41 15 37 35 48 0 7 48 16 9 32 45 
17 32 15 5 41 12 50 37 18 5 8 12 25 38 35 36 37 12 24 0 17 14 40 27 30 
33 22 3 34 22 23 49 3 5 46 29 14 9 34 28 25 22 48 50 44 0 33 4 13 48 
14 22 12 5 36 15 32 28 5 35 22 19 9 17 15 46 6 5 8 30 9 0 22 27 3 
34 50 46 16 40 34 47 30 10 6 20 1 12 44 18 40 14 1 9 25 12 10 0 16 5 
33 4 38 28 46 34 39 43 45 9 21 37 20 16 39 22 38 43 9 4 47 15 34 0 12 
38 18 16 9 13 3 41 25 34 41 34 36 46 19 34 27 17 28 6 3 24 32 21 49 0 
13 0 38 37 20 1 13 8 19 20 26 41 29 19 30 30 43 19 47 3 29 33 3 26 20 
10 33 0 37 20 10 32 39 6 48 17 47 25 16 22 25 21 33 15 16 20 29 6 9 37 
48 13 34 0 27 29 43 16 10 12 17 10 18 26 39 10 39 38 35 31 2 34 6 27 48 
23 32 46 18 0 37 6 42 5 25 1 23 47 48 13 27 5 1 37 13 50 12 7 46 45 
6 28 33 44 25 0 8 4 43 36 37 5 47 47 49 24 7 26 6 44 26 16 13 42 26 
9 27 1 48 43 28 0 36 17 37 1 13 10 24 48 31 18 47 31 11 11 8 31 8 3 
14 7 24 7 13 20 30 0 43 37 8 36 48 7 7 50 8 1 39 11 47 37 15 33 28 
26 27 29 36 2 31 18 29 0 19 49 34 36 5 30 4 17 22 20 23 17 13 33 11 41 
31 3 11 20 20 12 17 49 25 0 46 31 37 42 44 41 7 40 8 30 9 23 15 4 21 
35 44 25 17 42 17 16 44 16 38 0 6 50 20 48 9 8 32 35 12 10 49 17 26 29 
29 17 27 6 3 3 19 16 50 40 36 0 27 37 50 8 9 31 38 22 4 38 42 37 43 
49 23 27 38 4 44 22 18 19 47 39 25 0 40 10 41 14 20 41 50 31 13 33 21 33 
28 3 30 12 46 23 41 37 31 34 7 31 26 0 31 12 6 18 18 9 41 11 34 19 21 
48 9 35 48 43 6 31 17 2 45 11 1 15 11 0 23 46 6 2 44 6 3 11 38 39 
29 45 13 46 25 31 22 44 35 9 15 38 39 44 45 0 25 4 41 29 32 21 12 42 8 
45 13 35 10 40 13 19 37 21 46 19 48 44 35 43 22 0 23 17 17 6 47 35 8 13 
8 19 2 13 33 6 18 18 3 5 1 12 47 13 4 22 41 0 28 17 43 25 47 32 20 
48 7 10 4 45 36 12 11 5 22 2 22 11 7 5 16 28 2 0 46 39 35 31 26 11 
13 45 16 20 18 16 39 11 38 33 15 26 47 15 23 18 44 41 8 0 25 11 33 12 35 
23 2 15 23 2 43 36 18 32 49 41 1 21 43 43 39 34 42 34 28 0 42 30 20 14 
30 28 45 44 24 1 50 30 34 32 47 17 2 16 10 45 48 48 44 48 24 0 23 48 2 
48 19 42 20 50 34 43 43 33 1 44 25 49 42 44 32 49 12 18 40 46 27 0 38 19 
33 39 31 45 37 22 41 7 31 43 47 5 10 31 31 50 39 4 35 1 22 36 47 0 7 
4 13 49 13 6 9 7 21 31 23 37 11 4 48 7 11 10 38 44 6 45 39 23 19 0 
31 0 18 1 42 43 38 47 48 43 24 42 25 24 29 2 23 37 26 25 37 44 21 47 42 
48 25 0 41 35 42 42 12 15 41 31 32 38 9 15 29 44 27 40 18 30 6 33 37 32 
36 22 19 0 20 15 36 25 11 21 9 45 19 47 12 6 2 13 28 34 43 48 14 15 23 
47 31 10 5 0 3 18 36 15 38 10 50 20 23 43 50 5 7 22 17 50 20 11 48 15 
34 17 17 29 49 0 45 35 22 8 47 23 35 26 21 8 4 23 31 31 38 13 37 29 20 
28 30 37 26 47 15 0 3 36 34 46 21 36 1 8 16 43 26 28 13 27 21 16 29 37 
14 14 27 40 31 10 2 0 48 39 48 1 19 8 9 26 43 44 37 1 31 50 23 3 16 
15 39 13 36 25 2 49 13 0 2 1 13 33 38 14 6 24 44 23 47 4 7 47 35 17 
2 20 34 34 15 48 37 41 12 0 12 26 43 48 17 24 38 49 39 18 8 46 43 6 31 
31 28 38 27 26 50 10 18 4 46 0 34 5 18 16 49 4 14 22 22 27 38 14 26 27 
50 10 5 19 30 28 21 10 15 4 4 0 38 10 10 16 12 3 9 39 3 33 19 21 34 
41 15 45 25 21 29 43 17 2 11 28 17 0 45 42 38 27 25 25 41 15 12 12 44 4 
7 11 25 29 25 24 45 31 40 22 29 16 33 0 47 40 36 11 37 36 50 33 50 18 12 
21 13 28 9 28 6 22 29 21 41 19 11 5 14 0 43 28 17 47 27 24 13 23 44 29 
36 6 4 26 26 45 21 7 43 14 9 13 46 37 4 0 34 50 50 45 42 29 29 32 47 
45 9 33 37 23 44 49 48 20 50 23 23 3 47 4 26 0 20 12 18 41 6 30 33 30 
44 44 24 14 28 2 50 7 24 7 32 18 12 35 35 49 16 0 11 43 46 14 31 31 4 
46 20 22 17 12 41 42 15 26 4 43 29 21 35 21 18 50 17 0 49 46 15 37 14 36 
27 19 26 46 37 37 17 13 13 20 19 9 30 34 46 33 16 17 42 0 9 42 7 29 32 
41 26 46 48 32 35 39 9 6 37 40 43 16 47 28 39 37 31 16 1 0 16 12 38 17 
21 17 31 49 46 6 44 21 40 45 5 12 42 20 32 28 32 10 4 44 44 0 3 18 20 
40 3 23 12 41 28 16 29 38 29 27 16 5 41 14 1 43 19 4 22 42 17 0 48 18 
49 38 20 7 9 44 24 19 49 12 9 43 33 33 31 13 29 27 24 13 43 16 24 0 41 
46 3 2 25 50 46 28 24 5 5 13 3 9 9 21 44 6 8 17 43 33 22 18 11 0 
39 0 41 43 16 43 36 25 33 15 30 11 6 43 49 20 4 35 36 39 29 20 29 4 21 
6 30 0 7 35 50 32 9 25 36 41 37 9 3 13 31 19 30 30 39 29 48 15 1 8 
39 14 9 0 47 33 40 41 11 38 23 10 13 30 40 34 34 22 37 21 3 13 11 1 22 
5 20 49 40 0 40 25 23 42 29 49 47 36 23 12 42 47 1 27 22 31 4 19 40 41 
47 6 8 12 45 0 49 46 28 13 38 43 14 41 2 21 13 50 19 35 31 44 48 11 10 
45 24 3 36 40 21 0 19 37 30 9 44 35 18 11 47 30 4 19 24 36 20 28 6 49 
6 9 31 35 34 10 47 0 49 45 49 18 22 47 10 39 43 19 6 35 33 8 37 46 40 
22 5 27 26 25 26 41 17 0 18 4 31 31 40 34 3 21 12 46 40 19 44 26 34 45 
30 31 17 14 44 24 42 20 14 0 42 14 30 33 22 24 20 9 1 4 44 30 8 4 35 
3 15 21 13 47 27 46 47 22 33 0 46 45 9 27 23 45 13 11 17 48 21 24 38 41 
23 21 11 43 22 40 15 23 28 32 11 0 30 4 29 24 38 46 17 9 50 26 29 11 33 
29 10 32 19 42 6 15 30 27 30 41 26 0 17 3 25 32 18 24 18 27 16 44 41 34 
38 30 2 5 15 38 15 44 10 28 15 13 9 0 47 31 22 18 31 4 24 39 48 21 44 
42 28 33 3 12 35 17 36 19 49 32 12 4 11 0 16 39 15 47 16 39 39 13 24 22 
43 46 10 35 40 18 45 40 10 9 13 38 6 13 32 0 26 11 30 44 10 16 20 19 8 
16 15 9 43 33 33 6 29 4 11 10 16 25 33 46 2 0 4 42 2 45 48 29 33 2 
15 40 28 9 20 14 6 23 28 2 19 26 9 3 8 28 4 0 35 34 45 3 17 1 29 
35 43 7 24 18 24 11 38 32 7 28 43 5 47 10 41 5 38 0 39 24 14 21 43 2 
34 25 41 13 45 38 50 49 39 50 25 28 8 33 5 5 41 32 44 0 2 26 16 23 8 
26 44 41 16 28 28 15 15 50 5 40 44 33 48 44 44 8 29 4 6 0 23 33 34 23 
33 35 33 33 27 42 27 19 2 34 38 2 48 34 21 12 36 10 28 3 43 0 12 22 44 
39 50 44 47 13 18 35 43 10 18 34 44 45 32 38 9 29 22 42 49 11 42 0 47 25 
8 42 20 13 5 31 31 22 13 40 45 28 48 30 7 34 50 46 42 31 1 27 17 0 4 
23 20 25 21 20 24 34 47 4 20 39 21 48 22 39 29 37 12 32 6 38 10 11 49 0 
15 0 8 49 16 1 16 25 31 25 17 41 35 7 10 2 40 7 49 24 28 42 37 37 28 
7 13 0 44 39 46 12 17 13 10 26 7 13 25 19 46 38 46 8 46 32 32 4 23 28 
11 43 50 0 39 37 33 8 29 22 21 9 38 23 36 36 14 50 28 26 31 4 40 16 38 
3 37 33 34 0 41 5 47 4 41 17 28 4 12 28 27 27 19 28 41 4 10 9 15 10 
23 32 32 5 29 0 42 24 22 28 12 37 50 1 25 38 17 25 6 48 7 8 33 2 23 
1 50 13 27 49 12 0 29 45 22 23 11 9 24 43 26 49 43 7 26 1 42 27 27 45 
40 25 29 5 11 9 3 0 40 31 10 4 30 30 48 23 16 34 43 29 28 14 30 44 33 
30 50 14 2 7 2 32 24 0 23 18 37 25 33 24 34 13 21 22 29 14 39 47 19 46 
35 11 17 49 49 49 32 11 31 0 47 25 12 45 1 34 29 29 30 7 12 11 49 33 11 
9 16 8 42 1 30 44 34 31 19 0 17 47 35 33 26 25 37 27 44 37 49 23 18 20 
39 50 36 10 40 8 35 37 28 7 40 0 33 42 40 10 2 3 42 32 27 34 37 45 46 
5 32 26 35 5 47 12 37 48 38 4 1 0 44 35 44 24 35 31 19 28 44 43 34 47 
17 43 34 8 42 42 36 2 6 41 5 9 32 0 50 32 32 45 4 36 4 37 10 8 19 
48 8 43 4 19 17 3 12 49 29 19 13 13 5 0 45 7 3 2 46 4 30 36 42 35 
50 37 33 40 8 31 11 8 35 16 11 34 50 33 34 0 39 38 44 11 3 32 20 20 41 
9 29 2 35 14 5 39 12 17 8 5 32 34 13 5 18 0 18 12 28 47 45 12 7 20 
19 7 16 37 26 39 4 30 18 43 32 29 29 27 44 30 28 0 49 18 42 29 2 6 26 
40 43 35 20 43 23 46 47 23 32 16 8 40 3 37 28 5 25 0 15 41 31 26 39 42 
19 48 20 47 45 16 42 18 1 40 48 33 5 34 38 45 48 36 7 0 48 12 36 41 25 
12 40 37 4 37 15 45 14 4 44 2 45 4 50 3 7 41 48 7 50 0 6 4 24 21 
38 21 44 46 19 42 30 33 8 45 35 5 29 38 31 37 45 34 30 11 33 0 43 42 49 
33 50 8 14 30 41 20 8 17 16 16 17 21 50 45 12 14 20 37 9 15 49 0 29 3 
18 21 5 22 25 13 39 46 30 46 13 20 35 17 3 17 25 27 38 13 23 15 16 0 46 
39 18 47 13 6 33 34 35 22 5 46 10 36 48 34 5 28 21 38 26 37 26 28 48 0 
17 0 21 34 38 11 16 31 4 5 10 34 7 16 26 40 47 12 29 48 30 21 44 31 27 
44 34 0 36 2 28 40 9 13 41 50 47 36 49 47 24 7 25 43 5 27 15 27 39 2 
32 41 15 0 8 29 48 28 24 40 7 45 28 30 29 27 15 1 22 17 17 30 4 48 16 
6 42 6 28 0 39 5 13 17 45 35 21 37 26 1 35 43 23 24 47 42 3 46 27 46 
17 40 26 43 10 0 23 22 28 43 49 3 37 43 50 35 36 45 28 33 46 9 40 40 1 
38 25 44 7 8 6 0 14 11 16 11 11 49 29 21 8 23 13 43 45 27 49 48 1 24 
39 12 48 25 13 31 37 0 28 1 26 6 36 29 16 21 37 36 43 22 32 39 36 7 24 
20 10 33 17 45 13 2 41 0 24 21 18 46 9 39 48 35 24 34 49 4 15 23 45 48 
22 9 42 7 26 19 35 4 5 0 24 6 4 48 20 33 39 24 16 12 8 48 26 29 48 
46 38 9 5 38 4 9 48 16 36 0 46 37 22 46 15 6 37 15 42 35 34 44 37 4 
1 10 30 50 11 38 1 47 31 44 12 0 38 11 30 17 2 15 8 39 13 25 47 17 29 
1 7 22 34 34 45 15 2 1 5 5 28 0 24 10 37 28 36 50 7 28 35 27 45 7 
49 40 20 26 6 25 30 4 44 2 50 5 17 0 17 13 37 30 10 38 7 26 39 29 6 
21 11 27 26 41 39 45 24 12 15 36 45 25 39 0 46 27 25 1 35 23 10 33 12 19 
37 21 49 25 40 39 32 10 12 14 6 46 48 5 14 0 5 8 27 43 2 32 18 12 41 
15 12 32 25 5 6 47 38 49 9 39 21 41 20 34 24 0 34 26 34 12 34 50 29 21 
38 30 16 34 40 11 38 20 9 9 10 29 7 8 5 6 17 0 18 48 40 17 43 15 38 
43 20 19 6 34 50 7 16 33 12 37 26 41 14 49 39 21 19 0 12 32 10 5 17 26 
21 29 45 17 3 39 4 46 16 28 41 20 42 32 36 9 2 45 47 0 45 21 30 15 4 
19 10 19 48 31 33 28 38 3 43 36 6 6 41 13 45 9 42 10 14 0 24 29 47 40 
34 3 30 16 9 23 6 41 14 42 48 44 20 7 15 33 1 3 18 50 46 0 30 4 12 
33 3 37 30 20 2 31 41 13 29 15 29 3 13 30 31 38 45 42 15 43 20 0 25 2 
28 28 13 21 12 47 44 4 50 19 34 7 36 27 22 13 11 8 31 41 43 36 30 0 38 
24 38 12 2 39 40 20 13 28 35 2 43 39 10 30 17 36 11 30 35 30 23 45 12 0 
24 0 30 4 35 40 34 10 42 49 25 48 24 35 43 16 10 50 21 29 2 25 29 25 2 
29 15 0 6 32 7 46 9 2 44 1 29 10 37 35 24 45 26 10 44 14 13 6 32 43 
46 20 36 0 9 44 43 37 45 5 2 7 26 28 29 35 4 17 47 31 35 14 6 24 15 
47 35 27 15 0 35 11 39 24 33 14 36 38 10 1 8 1 15 35 5 35 29 49 18 47 
26 41 48 17 25 0 48 29 40 47 22 12 10 17 23 10 45 13 33 43 15 43 48 44 17 
39 31 21 30 2 39 0 36 49 17 30 40 45 14 23 49 36 35 46 42 39 39 48 34 42 
26 11 22 46 7 3 4 0 28 48 32 28 44 28 50 39 8 36 14 43 38 33 15 32 40 
35 7 31 48 7 6 28 41 0 48 29 5 42 17 41 43 15 26 12 48 32 46 6 9 36 
8 34 4 25 6 47 10 11 30 0 32 12 50 23 7 22 43 4 37 47 50 45 47 41 46 
22 29 12 21 18 50 45 30 49 45 0 40 23 3 3 36 2 19 45 13 35 29 43 42 20 
41 6 29 10 9 10 41 11 44 8 4 0 27 35 39 43 30 38 33 1 28 18 50 40 1 
1 46 31 1 35 6 17 29 38 43 31 13 0 21 36 21 40 5 29 29 45 50 10 17 31 
3 33 48 47 42 14 3 42 16 28 9 14 30 0 41 27 38 42 25 40 43 9 30 10 3 
12 12 24 39 21 46 2 42 29 50 48 2 9 20 0 37 25 41 39 48 43 27 8 10 15 
3 42 4 25 20 25 22 24 24 46 36 30 41 14 22 0 20 27 17 36 30 43 25 30 22 
38 16 2 20 32 17 26 5 2 10 36 30 43 27 22 4 0 28 25 29 13 35 8 35 27 
18 29 17 10 23 31 22 28 12 32 37 5 24 3 42 7 20 0 31 28 31 29 42 28 50 
45 32 2 19 47 17 37 31 32 26 3 4 50 16 33 22 38 9 0 18 11 40 18 31 26 
33 22 43 5 30 4 49 26 1 17 16 41 29 3 32 45 46 6 24 0 48 1 39 7 5 
49 7 43 21 25 17 10 28 2 27 36 25 24 33 2 29 28 27 3 34 0 1 42 44 36 
27 23 16 35 45 33 26 45 15 39 6 24 11 29 2 35 7 38 40 2 17 0 8 22 14 
5 46 21 24 36 24 5 7 13 8 44 2 2 26 34 19 2 42 10 36 27 29 0 18 49 
26 19 28 13 3 42 19 20 2 2 30 50 13 2 9 42 35 49 11 3 35 50 33 0 31 
5 22 1 26 48 36 37 27 28 22 49 18 47 42 5 22 40 25 1 50 47 34 7 1 0 
34 0 19 2 29 18 16 15 26 36 47 9 32 42 43 22 16 16 4 23 41 3 41 46 43 
44 40 0 13 11 50 33 35 21 15 1 43 30 35 8 9 12 8 23 32 50 34 24 31 47 
3 35 35 0 44 12 16 48 43 24 9 35 29 4 5 27 4 13 38 17 41 1 43 32 8 
46 11 34 30 0 10 46 10 21 9 16 8 15 49 42 10 50 3 1 7 26 24 30 9 4 
47 29 37 46 8 0 40 47 11 4 27 48 1 33 18 33 28 50 15 20 38 47 13 5 22 
29 18 38 1 37 6 0 35 16 3 30 34 31 9 14 14 20 20 48 11 23 44 9 17 35 
18 29 27 10 10 21 7 0 35 25 16 17 40 2 46 25 49 43 33 49 3 35 3 19 36 
1 1 18 50 2 33 29 21 0 1 3 34 8 30 25 7 32 24 50 7 44 47 24 18 25 
24 13 30 11 11 15 1 16 11 0 41 9 9 3 8 33 43 37 47 40 49 13 18 19 18 
27 17 30 36 47 25 39 28 33 44 0 27 39 3 18 11 37 3 19 47 39 16 48 30 16 
17 15 8 1 35 20 12 6 44 13 35 0 45 36 16 19 37 2 32 27 10 32 44 40 20 
37 4 47 44 21 31 2 29 38 14 19 33 0 18 39 44 14 32 21 46 41 33 17 2 38 
50 11 37 35 22 20 34 23 25 39 15 31 24 0 19 36 14 11 7 7 22 47 37 19 14 
39 13 28 12 49 50 37 21 3 9 45 11 44 18 0 8 18 31 47 8 30 25 13 41 14 
35 32 30 27 10 30 41 13 42 23 47 9 43 23 25 0 25 2 44 29 15 24 26 21 44 
49 40 41 1 30 40 40 26 23 14 27 18 20 10 12 23 0 18 33 19 21 21 49 26 9 
22 34 28 31 34 27 40 10 12 37 29 20 40 41 34 3 34 0 22 37 29 46 7 5 43 
33 7 47 42 8 50 23 1 15 33 29 46 12 10 42 47 25 18 0 6 34 32 42 34 28 
49 16 38 50 12 47 14 15 29 36 48 28 30 49 3 12 14 28 6 0 7 13 38 42 25 
30 41 5 28 2 22 12 42 23 20 43 42 13 24 39 18 20 14 17 27 0 12 15 17 26 
16 45 21 4 36 27 16 11 25 13 21 22 43 36 14 8 25 7 5 11 6 0 11 49 40 
40 38 38 49 22 15 13 15 25 29 13 7 1 8 6 46 4 33 18 1 4 17 0 25 34 
50 9 3 5 10 6 21 5 47 31 14 48 40 17 40 10 50 6 48 14 24 8 7 0 17 
2 9 7 24 44 49 37 23 13 4 50 13 13 9 6 19 9 9 11 21 44 8 7 38 0 
43 0 8 1 49 20 12 11 42 2 36 4 1 49 47 11 48 45 42 35 37 17 28 47 42 
50 29 0 6 16 48 37 23 44 3 20 32 37 49 38 4 2 43 8 11 27 6 5 20 13 
48 13 27 0 3 23 20 21 15 11 9 49 42 6 46 45 16 13 10 49 30 16 25 50 7 
39 34 45 10 0 18 21 37 46 9 44 18 35 10 21 22 34 49 17 26 40 40 12 46 47 
13 45 15 47 7 0 40 47 23 13 20 15 40 25 12 48 41 23 4 33 13 29 10 6 43 
38 15 32 49 49 10 0 18 27 38 48 47 23 6 40 39 20 47 45 22 40 7 32 9 37 
19 36 18 36 30 33 19 0 3 39 22 9 42 9 48 25 3 3 39 3 28 15 26 35 33 
15 13 17 34 38 17 37 7 0 7 46 31 14 43 32 47 5 30 44 34 34 32 47 11 49 
21 20 38 18 30 32 22 44 1 0 35 21 17 17 36 16 23 36 2 36 14 18 11 11 21 
42 49 49 22 42 1 2 18 3 19 0 13 19 29 19 28 25 24 38 14 9 11 30 39 45 
29 12 48 30 12 48 32 11 9 17 27 0 32 34 1 2 50 34 4 15 48 23 47 44 18 
25 11 40 30 47 2 10 13 11 4 43 31 0 3 22 7 5 38 3 10 13 43 47 42 24 
36 15 26 8 15 41 23 33 18 31 6 1 9 0 2 14 8 7 14 22 30 8 22 47 12 
47 11 11 20 37 32 26 29 19 17 45 33 27 3 0 48 20 32 11 13 23 17 6 47 36 
40 3 6 29 26 13 16 15 18 14 11 5 30 3 46 0 37 5 27 32 42 8 31 32 5 
17 2 48 47 9 24 46 42 15 25 30 34 26 48 4 6 0 1 30 16 13 42 44 41 30 
16 27 18 40 24 5 29 9 22 2 12 25 16 20 7 44 19 0 20 40 5 23 12 11 8 
24 27 41 28 16 19 13 24 11 19 32 33 6 7 18 11 46 22 0 13 24 37 30 41 32 
24 22 45 23 4 37 7 4 17 11 17 48 14 2 44 3 40 39 14 0 48 38 24 38 12 
2 30 9 2 50 37 22 45 36 10 5 44 25 40 20 25 13 29 17 46 0 40 21 47 45 
28 11 35 48 16 44 44 50 34 33 22 25 28 5 4 30 40 23 12 5 48 0 50 28 1 
20 40 36 10 8 43 23 31 33 14 25 40 3 24 29 43 17 5 11 43 18 45 0 47 8 
25 37 7 18 9 43 48 28 33 34 29 27 8 34 42 41 11 41 42 14 30 15 27 0 16 
44 20 39 43 40 36 33 25 43 28 36 22 37 5 23 41 17 47 8 19 45 3 35 33 0 
13 0 20 32 27 4 33 28 11 10 41 24 39 5 5 39 47 1 5 34 31 49 21 5 6 
19 1 0 48 34 8 8 21 42 35 6 30 21 4 7 21 10 50 25 12 47 31 34 37 13 
9 11 19 0 41 19 5 34 43 15 27 9 3 36 45 3 3 20 32 5 49 25 19 43 45 
34 24 31 24 0 9 9 25 35 15 35 25 47 40 31 24 31 23 38 6 28 48 19 24 6 
23 10 27 49 30 0 39 38 41 18 24 7 45 24 10 34 7 2 25 38 1 20 6 13 40 
9 25 26 38 13 16 0 47 16 50 26 2 50 32 26 6 27 48 35 30 16 24 29 7 13 
4 49 27 24 31 24 36 0 17 48 38 41 6 13 50 28 3 27 42 46 49 9 35 25 26 
20 12 4 35 27 47 16 31 0 18 13 35 15 39 24 35 27 41 35 3 45 36 50 15 48 
8 27 40 33 34 8 5 19 25 0 1 5 20 20 1 41 1 22 10 38 50 16 14 14 4 
7 19 9 24 32 30 40 20 48 6 0 28 1 8 34 47 10 8 16 40 39 19 16 7 40 
45 2 23 26 12 15 33 45 13 36 26 0 15 50 32 38 45 11 36 23 15 24 40 44 39 
14 28 42 1 24 26 35 42 12 19 29 31 0 8 15 8 33 24 33 38 22 8 33 11 26 
29 46 28 34 44 43 17 5 9 35 13 35 23 0 32 22 38 2 35 4 31 4 7 38 47 
28 40 41 42 3 22 32 32 18 17 23 29 49 1 0 48 19 3 24 22 23 2 24 11 42 
12 1 21 23 29 30 23 22 8 31 7 5 3 26 3 0 37 3 32 17 7 10 43 40 1 
37 35 29 31 35 15 46 5 29 49 30 3 2 9 3 39 0 44 1 21 18 45 44 17 28 
21 36 21 21 7 5 32 19 12 20 37 45 1 43 37 43 36 0 2 26 4 46 1 35 45 
30 29 13 10 22 22 7 44 18 2 10 50 45 26 48 25 17 12 0 42 33 23 8 38 2 
15 29 32 43 18 14 32 21 2 26 41 29 42 23 47 40 14 43 28 0 50 33 38 49 11 
5 2 37 34 10 3 23 23 42 12 45 44 41 15 26 4 20 39 49 19 0 35 20 34 44 
16 2 19 30 30 38 19 28 30 21 39 17 27 49 12 49 4 19 37 31 29 0 3 49 50 
18 24 31 45 39 30 27 35 19 43 19 8 34 43 43 4 43 18 14 20 26 10 0 28 22 
28 50 16 16 33 3 16 13 4 20 13 7 8 25 39 1 45 4 49 35 30 5 16 0 12 
27 34 39 12 39 30 24 9 47 9 17 40 15 11 2 16 27 7 4 14 31 36 46 18 0 
