15
6
49 0 1 46 1 24 19 
31 11 0 20 37 32 34 
8 6 44 0 28 44 7 
45 28 4 6 0 12 50 
46 50 9 27 44 0 35 
49 11 35 36 24 7 0 
41 0 24 14 6 49 13 
26 41 0 38 32 25 8 
7 48 10 0 20 26 34 
39 44 39 46 0 5 25 
10 4 17 36 39 0 21 
49 23 32 37 38 21 0 
44 0 40 30 42 31 22 
13 14 0 26 1 21 47 
25 29 36 0 1 48 31 
19 45 19 40 0 47 46 
47 41 2 18 33 0 3 
27 20 11 40 27 36 0 
5 0 48 14 17 34 41 
50 9 0 33 20 12 10 
36 49 25 0 1 18 43 
2 5 44 34 0 45 40 
20 46 32 24 25 0 1 
36 36 3 50 47 1 0 
18 0 3 11 28 41 39 
13 27 0 30 43 33 35 
28 27 3 0 19 38 23 
43 21 3 24 0 47 39 
10 26 35 33 35 0 26 
8 36 3 25 33 16 0 
32 0 25 14 6 22 19 
11 28 0 14 47 46 48 
49 18 48 0 31 8 26 
48 45 6 22 0 19 15 
4 30 43 4 35 0 47 
33 3 45 38 37 14 0 
9 0 37 49 35 13 20 
26 13 0 31 37 35 17 
29 28 28 0 27 27 38 
11 11 6 50 0 2 42 
26 8 43 17 15 0 43 
4 12 32 35 22 21 0 
27 0 14 33 36 47 6 
35 18 0 46 27 26 7 
19 6 27 0 7 27 27 
8 10 36 8 0 9 5 
27 10 49 38 34 0 24 
35 44 7 8 50 14 0 
6 0 25 14 1 16 35 
47 50 0 33 37 48 9 
17 48 35 0 6 27 13 
35 20 5 28 0 10 37 
7 47 34 23 42 0 32 
1 12 6 13 1 3 0 
13 0 8 44 2 12 10 
23 41 0 13 41 21 37 
40 30 17 0 44 23 31 
10 29 15 28 0 44 19 
1 24 9 1 36 0 37 
3 5 47 32 44 20 0 
19 0 34 9 45 6 20 
25 17 0 26 48 34 12 
15 7 39 0 26 3 23 
39 35 14 26 0 1 38 
2 22 6 26 38 0 17 
40 8 37 48 26 39 0 
23 0 16 24 46 3 28 
44 4 0 41 47 37 29 
48 28 2 0 25 44 9 
6 44 34 21 0 44 34 
14 49 29 9 8 0 26 
26 18 32 50 4 38 0 
49 0 43 33 37 32 47 
48 5 0 36 27 29 11 
15 16 15 0 28 43 33 
6 2 22 40 0 32 4 
49 35 47 15 21 0 20 
47 48 24 15 26 1 0 
27 0 19 12 37 24 40 
49 37 0 21 19 44 42 
12 49 26 0 49 45 3 
16 10 11 29 0 39 48 
50 33 34 17 31 0 32 
37 1 40 14 2 24 0 
22 0 19 28 33 42 45 
34 30 0 41 5 4 23 
44 48 4 0 22 49 16 
41 49 30 14 0 37 42 
6 33 7 39 32 0 44 
3 48 47 2 28 26 0 
