16
5
29 0 19 9 23 30 
10 28 0 40 23 40 
37 46 43 0 30 8 
8 24 26 12 0 27 
30 7 26 6 36 0 
25 0 16 45 21 8 
3 7 0 20 48 30 
14 20 43 0 33 47 
30 44 28 18 0 30 
40 8 47 46 22 0 
45 0 24 6 33 29 
23 43 0 3 38 5 
44 34 19 0 16 38 
31 27 45 1 0 45 
38 31 43 15 47 0 
36 0 30 9 27 47 
18 19 0 50 50 13 
29 1 37 0 19 8 
21 18 6 29 0 3 
47 25 12 31 50 0 
13 0 13 47 1 34 
14 32 0 42 36 43 
43 35 27 0 41 38 
25 34 20 3 0 9 
30 40 27 43 25 0 
21 0 26 15 13 1 
12 18 0 29 28 34 
5 23 49 0 16 50 
48 10 1 26 0 15 
36 42 15 42 28 0 
13 0 6 10 22 20 
24 37 0 4 26 14 
39 17 29 0 36 32 
26 7 50 8 0 33 
2 36 4 4 11 0 
21 0 39 2 28 40 
30 11 0 23 35 39 
6 9 7 0 8 11 
19 20 24 2 0 11 
31 31 16 44 40 0 
30 0 42 8 9 27 
28 2 0 7 11 49 
35 35 26 0 37 35 
28 45 45 48 0 26 
18 50 42 47 15 0 
33 0 13 2 43 30 
41 24 0 8 39 11 
38 4 14 0 9 12 
5 2 46 10 0 27 
34 45 37 18 34 0 
37 0 36 19 18 23 
30 1 0 11 45 44 
15 50 14 0 32 9 
11 28 38 27 0 47 
24 31 37 37 22 0 
16 0 5 32 21 31 
39 26 0 35 10 44 
6 5 40 0 16 32 
37 44 19 15 0 47 
5 39 15 2 16 0 
7 0 8 11 22 10 
7 49 0 33 47 8 
25 19 41 0 15 6 
40 16 5 39 0 3 
7 38 22 45 10 0 
31 0 12 23 40 17 
27 41 0 31 5 25 
32 15 13 0 1 37 
7 23 44 9 0 7 
19 3 5 10 7 0 
40 0 35 27 49 10 
19 36 0 16 12 29 
46 27 43 0 30 31 
35 38 36 41 0 24 
25 3 4 2 47 0 
34 0 45 13 39 42 
28 8 0 13 34 28 
43 14 33 0 46 6 
46 49 2 22 0 42 
30 30 14 29 22 0 
