16
21
47 0 4 18 44 41 9 37 41 22 35 26 21 43 46 18 8 10 22 33 37 36 
4 12 0 36 15 40 4 41 42 2 48 17 42 18 9 48 33 38 20 1 44 16 
36 9 2 0 44 30 9 24 28 38 35 38 46 40 44 43 33 30 2 6 46 49 
21 38 9 30 0 25 38 21 25 22 2 33 43 20 18 4 34 21 10 45 17 15 
15 14 30 46 29 0 16 6 1 9 19 46 48 17 15 22 43 15 5 22 4 3 
16 33 6 4 20 26 0 40 49 10 42 11 30 35 6 24 30 34 47 22 16 25 
14 33 37 45 4 3 32 0 42 6 5 23 14 12 49 31 25 43 10 40 16 2 
49 28 35 19 33 10 48 14 0 31 9 50 39 29 3 50 19 9 16 23 8 7 
4 37 39 16 23 8 43 5 42 0 38 33 50 23 15 6 2 27 22 44 35 29 
26 47 23 26 34 47 32 7 34 44 0 17 9 46 46 41 47 3 10 2 6 9 
39 21 18 40 6 38 45 17 33 45 29 0 24 28 29 41 16 41 39 11 12 49 
8 45 17 41 28 20 15 6 24 12 42 29 0 21 37 26 6 36 28 10 37 40 
2 49 38 36 18 18 1 31 12 21 42 45 10 0 31 27 2 49 29 19 30 12 
9 33 38 45 8 42 15 11 5 12 2 25 10 7 0 46 29 6 10 3 14 25 
12 42 1 35 11 6 49 5 38 49 42 7 28 43 17 0 1 41 10 26 36 21 
8 10 41 20 1 25 32 23 43 20 17 17 38 48 42 37 0 10 47 37 16 7 
18 13 11 18 32 14 29 28 15 50 27 29 5 5 33 11 16 0 11 31 18 32 
46 30 26 41 41 46 26 15 32 13 40 20 14 41 47 31 2 19 0 11 3 46 
28 20 40 38 33 43 10 27 45 37 6 49 26 22 34 36 27 42 19 0 4 14 
34 38 37 9 41 15 36 31 14 43 20 15 37 19 11 36 3 8 3 17 0 38 
38 27 35 22 39 19 14 46 25 28 43 50 32 44 33 3 30 43 29 24 46 0 
31 0 45 36 35 39 4 23 50 25 34 16 38 26 47 11 3 38 2 46 23 36 
39 15 0 28 16 5 25 29 33 24 16 24 43 42 7 32 50 37 50 15 41 46 
1 44 27 0 12 7 48 22 1 42 41 33 2 11 43 30 8 19 35 30 45 18 
1 18 43 45 0 34 40 30 4 1 2 31 32 40 38 21 1 4 49 27 8 33 
32 26 41 42 32 0 15 3 42 19 16 36 46 29 1 27 35 18 23 9 43 47 
42 39 3 20 21 5 0 9 8 16 37 4 38 35 19 43 2 3 3 26 27 13 
33 37 46 36 12 38 45 0 16 37 26 18 15 37 41 37 39 23 11 10 44 34 
4 30 33 8 44 32 34 34 0 15 21 34 16 35 9 2 7 34 10 18 15 42 
29 11 36 23 49 29 7 13 31 0 42 16 33 29 30 8 14 29 18 6 11 33 
23 6 35 50 3 32 35 32 39 2 0 43 30 42 25 19 47 35 46 4 28 21 
34 29 19 33 6 30 45 44 6 42 12 0 4 10 7 5 2 24 47 47 22 31 
43 41 24 4 38 5 39 17 44 23 3 34 0 12 39 28 16 18 47 2 41 39 
34 10 31 27 32 18 15 45 12 50 7 6 41 0 41 38 46 30 18 26 6 27 
13 20 10 20 49 18 28 36 7 50 46 32 43 10 0 31 43 28 6 37 25 23 
32 24 46 28 22 49 40 21 38 29 27 35 12 21 41 0 21 7 34 1 38 9 
6 50 12 25 49 32 8 3 2 13 39 32 5 31 46 15 0 43 28 20 38 15 
19 21 19 47 31 39 41 23 21 22 37 38 14 27 24 34 4 0 23 17 33 19 
36 17 38 4 8 41 45 6 14 7 31 50 45 38 29 43 29 19 0 43 17 31 
32 41 2 44 41 5 23 32 40 5 3 5 47 33 5 31 43 23 49 0 46 17 
8 16 7 38 20 40 45 41 25 5 25 16 38 5 26 37 10 18 36 23 0 25 
25 2 28 45 48 5 25 13 36 46 44 22 15 25 26 46 7 22 16 28 41 0 
15 0 50 29 40 9 28 29 45 33 6 14 23 42 33 14 29 43 22 35 21 29 
40 10 0 31 44 24 31 1 41 4 46 21 46 35 10 3 50 6 39 28 47 18 
3 41 31 0 50 24 42 12 18 14 50 32 8 12 26 41 48 46 36 47 29 5 
30 10 44 28 0 7 23 12 29 37 34 8 24 12 37 19 1 45 1 40 40 24 
40 47 40 39 23 0 35 12 3 11 4 31 19 13 24 32 38 22 17 19 50 39 
28 17 24 34 1 39 0 23 47 1 35 8 39 31 40 14 5 40 35 38 1 26 
27 30 27 6 49 14 38 0 14 24 34 21 40 35 13 30 16 5 23 47 40 7 
11 19 23 30 32 34 18 34 0 33 33 31 50 13 2 38 48 28 3 26 35 34 
27 2 38 50 47 28 34 39 35 0 12 42 11 20 16 11 4 27 17 30 20 31 
41 2 40 40 22 12 43 19 27 21 0 22 5 24 34 18 36 30 36 7 35 45 
48 21 40 39 44 36 27 44 2 36 47 0 15 3 36 1 48 10 25 17 41 21 
8 42 21 6 47 33 44 18 47 31 23 36 0 36 44 31 50 1 29 26 17 25 
26 35 25 40 21 48 17 39 20 12 41 45 24 0 40 29 20 33 48 3 33 26 
5 5 24 30 18 43 21 48 9 46 41 24 46 33 0 8 46 16 26 35 27 30 
27 19 33 41 13 4 2 31 19 32 23 35 50 21 30 0 2 11 4 6 47 41 
12 17 50 21 28 8 22 24 17 22 19 6 47 28 37 41 0 39 6 39 19 17 
41 15 18 40 47 12 28 44 6 23 30 30 39 16 3 34 21 0 35 47 31 7 
2 10 5 29 3 43 44 12 22 49 17 29 24 21 3 32 31 31 0 46 44 30 
11 50 39 27 8 13 34 8 19 21 43 39 11 40 5 13 12 45 19 0 35 33 
35 25 14 2 16 46 1 2 41 4 1 37 28 41 11 17 3 46 31 11 0 4 
4 28 25 40 14 31 48 19 19 37 28 10 47 27 25 25 25 43 17 34 6 0 
28 0 18 42 3 33 50 44 47 10 50 38 25 30 32 47 40 12 2 15 3 33 
22 17 0 24 27 31 14 36 42 28 3 15 28 49 26 11 33 38 31 31 4 23 
10 38 40 0 36 18 45 29 36 13 42 2 31 24 7 1 18 26 3 36 8 6 
33 47 24 47 0 32 7 37 7 25 21 34 49 11 13 30 35 41 13 20 8 7 
15 12 13 47 25 0 20 11 16 12 29 46 47 18 27 42 16 39 37 39 43 29 
39 21 18 32 14 44 0 21 34 35 41 17 1 50 18 36 12 1 7 38 26 42 
13 43 39 3 43 36 39 0 19 3 26 32 16 28 27 41 45 16 12 26 40 32 
28 38 30 46 19 10 7 5 0 39 31 1 17 37 26 29 30 29 21 8 33 15 
33 16 35 35 22 41 45 17 36 0 45 12 37 10 36 5 10 7 25 27 33 15 
14 45 31 50 41 1 13 16 37 41 0 19 8 18 45 23 45 11 47 19 12 38 
4 36 40 30 27 41 24 20 23 46 32 0 1 50 19 21 5 36 32 41 32 2 
49 5 43 30 43 41 33 15 46 29 8 21 0 28 11 10 41 20 14 11 40 46 
15 45 38 7 19 27 2 41 26 16 29 31 37 0 5 32 47 1 35 1 41 5 
27 18 24 30 23 8 12 14 17 18 31 43 6 35 0 10 6 23 25 14 31 25 
21 13 30 41 41 7 28 44 19 29 10 49 41 38 27 0 14 28 46 19 41 27 
9 48 49 38 31 20 23 42 28 11 37 10 30 6 5 45 0 40 32 2 35 20 
48 40 21 44 16 48 33 43 46 29 45 41 49 12 16 31 3 0 11 37 5 3 
42 19 24 39 11 33 22 19 38 14 18 7 8 12 9 29 45 16 0 23 41 49 
33 32 42 20 32 44 40 14 38 22 15 30 18 7 21 47 5 5 15 0 11 24 
8 16 28 34 42 1 8 3 8 45 15 15 4 9 37 33 20 29 39 33 0 5 
1 43 3 28 40 6 38 32 40 12 8 31 26 25 17 14 36 41 44 33 12 0 
30 0 27 1 15 14 48 35 15 36 26 27 28 19 8 24 25 7 2 46 20 21 
18 34 0 7 35 29 34 20 19 34 39 45 1 44 21 16 3 13 27 8 3 18 
5 36 31 0 3 7 18 44 40 29 40 49 13 41 12 44 44 31 35 14 16 46 
3 38 32 28 0 26 37 8 22 45 25 39 17 4 14 49 26 33 22 17 26 29 
5 49 47 38 3 0 10 22 10 33 42 44 38 22 3 49 49 25 32 31 36 18 
35 15 11 46 38 48 0 46 18 49 14 48 40 18 48 39 36 40 23 28 36 13 
13 34 46 29 32 12 50 0 27 8 40 37 40 11 21 34 37 43 16 12 27 42 
35 29 47 49 5 5 10 14 0 36 10 4 1 6 22 32 16 17 7 37 46 41 
41 24 11 50 7 28 6 50 48 0 8 16 10 21 29 5 49 31 27 8 41 14 
22 31 34 40 6 49 2 22 26 9 0 26 32 2 44 5 36 49 49 28 5 15 
39 2 38 41 36 44 28 17 37 30 30 0 6 28 19 43 27 11 1 29 4 28 
22 49 41 28 20 36 50 14 32 29 31 37 0 49 34 29 47 49 21 6 25 6 
40 30 47 27 24 25 13 9 39 48 49 1 37 0 17 4 48 14 16 9 28 3 
5 1 49 20 29 36 14 31 12 31 24 29 23 33 0 19 44 2 46 11 38 5 
43 32 32 36 13 17 26 49 36 5 47 48 3 35 29 0 48 8 46 39 49 28 
28 17 25 23 15 35 35 4 12 21 48 40 49 12 20 18 0 34 17 19 39 32 
27 26 27 32 21 48 41 47 45 50 22 40 27 16 15 8 14 0 49 32 41 46 
24 35 50 9 5 23 10 31 24 30 21 10 47 1 41 49 41 44 0 38 45 8 
18 21 26 50 22 47 5 11 21 18 37 49 37 3 42 28 23 17 25 0 31 17 
21 21 2 30 31 15 24 9 23 5 45 47 39 6 15 24 9 33 27 5 0 21 
3 12 34 12 10 48 50 21 19 28 13 14 42 47 1 25 21 41 32 32 2 0 
49 0 14 43 3 49 48 28 4 15 34 49 27 46 18 9 18 19 21 17 25 39 
5 27 0 33 33 48 9 15 50 39 42 46 24 20 5 49 42 10 12 1 23 18 
4 45 15 0 38 46 30 42 7 2 21 15 8 14 44 37 10 20 1 39 13 5 
26 42 3 3 0 27 13 11 27 9 10 17 2 21 1 33 18 45 2 30 23 43 
37 22 32 17 7 0 12 12 32 40 11 13 10 13 29 3 12 35 19 17 32 31 
44 11 49 6 43 44 0 5 42 26 50 9 41 13 40 20 22 37 21 2 49 45 
19 49 4 43 8 23 30 0 7 10 34 14 41 13 44 11 34 11 14 18 7 40 
15 12 5 20 1 39 33 40 0 49 48 15 34 36 25 13 45 14 35 22 26 36 
16 16 45 50 50 47 10 39 26 0 8 35 42 6 5 38 49 23 7 34 47 17 
12 36 50 8 27 19 49 39 48 29 0 47 32 5 49 46 11 20 2 43 24 2 
23 41 30 42 31 20 26 47 41 28 38 0 29 19 5 31 45 42 23 28 11 1 
29 29 39 11 1 7 42 38 4 6 41 23 0 16 39 45 20 17 47 49 24 42 
8 2 9 3 36 44 15 16 29 29 16 14 1 0 45 13 42 31 30 14 34 9 
37 22 48 7 4 16 37 26 25 27 29 37 9 21 0 27 31 9 15 13 27 23 
25 28 26 10 15 45 32 29 36 17 36 41 34 21 30 0 12 47 33 28 29 41 
4 2 38 27 43 24 37 12 23 15 1 7 37 13 44 22 0 48 39 22 5 48 
39 10 43 47 26 50 48 20 13 33 36 48 32 22 27 39 33 0 23 21 46 17 
14 2 35 34 47 9 36 40 50 45 7 24 44 15 42 45 31 17 0 24 39 43 
11 33 16 9 5 41 18 34 15 16 1 10 31 26 9 9 14 29 42 0 12 30 
14 39 29 25 39 7 35 45 3 7 47 7 25 3 20 19 25 43 18 18 0 7 
35 29 6 15 13 40 34 37 17 38 33 27 13 48 45 37 35 17 35 33 39 0 
12 0 10 5 4 6 23 39 40 39 37 24 45 24 29 10 24 11 26 18 2 9 
36 19 0 15 30 13 6 26 32 40 27 34 35 18 23 20 2 12 7 17 45 47 
28 1 9 0 33 40 20 35 14 25 41 17 32 31 27 41 40 24 44 18 14 8 
50 11 41 10 0 6 6 41 22 49 19 1 7 12 8 19 7 48 24 37 41 19 
15 36 17 4 37 0 47 30 12 38 13 50 32 40 29 41 18 24 34 14 45 42 
26 22 16 25 20 19 0 22 34 27 21 32 23 40 35 25 24 7 19 9 11 10 
12 6 2 26 23 30 29 0 39 25 40 23 47 27 39 15 1 29 18 29 8 29 
12 43 19 9 1 44 16 45 0 17 15 5 34 32 15 16 15 49 48 39 44 46 
2 32 9 27 13 46 11 23 28 0 2 31 4 32 50 14 34 18 22 37 13 44 
8 26 19 13 45 25 50 37 30 21 0 41 14 34 10 12 10 32 38 48 6 22 
40 14 25 31 1 16 2 31 32 26 3 0 32 2 45 7 41 14 19 22 12 37 
48 31 41 40 49 40 3 24 36 35 39 8 0 23 18 12 44 33 45 9 48 6 
49 46 38 33 32 15 5 20 19 20 26 44 36 0 42 33 35 41 3 26 49 8 
46 41 14 24 29 28 45 47 32 24 13 14 31 49 0 36 3 8 17 25 48 4 
18 16 13 14 38 26 29 10 42 43 33 49 49 4 5 0 24 10 3 38 11 24 
37 46 13 31 5 44 48 32 34 36 2 2 4 28 26 2 0 10 42 2 16 37 
41 32 30 15 33 46 31 29 48 14 38 38 31 31 20 50 34 0 34 33 32 29 
8 7 32 48 45 26 29 23 50 12 36 45 38 47 14 33 16 22 0 48 17 3 
36 22 15 14 24 47 7 2 27 9 20 35 8 33 26 49 18 38 20 0 3 7 
49 3 2 43 43 35 7 17 18 12 35 15 27 22 35 18 34 21 29 23 0 22 
23 3 17 11 30 14 38 35 49 34 29 15 46 37 20 14 22 31 13 1 35 0 
9 0 48 35 21 32 11 42 31 34 18 42 31 36 27 1 35 32 14 22 19 33 
20 28 0 7 50 31 35 16 5 13 40 17 22 37 14 6 33 40 49 3 47 4 
15 17 37 0 34 11 11 20 29 40 18 41 32 3 40 21 29 21 1 27 27 27 
21 28 26 9 0 50 13 45 3 42 15 19 22 29 5 11 20 17 21 25 46 26 
23 22 26 41 34 0 25 35 4 20 48 27 21 27 44 40 12 26 12 48 25 27 
48 4 22 11 25 35 0 10 9 5 31 2 31 2 49 6 50 19 16 39 11 49 
23 18 43 1 2 11 21 0 9 41 9 27 22 50 26 19 4 30 10 40 25 46 
15 17 25 41 26 46 35 12 0 7 46 10 15 28 26 36 30 10 23 24 39 50 
14 22 26 10 3 24 37 46 39 0 6 49 36 3 8 2 19 11 26 15 37 47 
35 14 17 8 22 50 34 25 21 38 0 16 37 46 2 45 49 32 24 23 48 16 
18 41 11 30 25 18 35 12 50 47 10 0 3 4 29 9 9 3 31 24 3 22 
19 19 34 50 8 7 7 20 29 3 43 40 0 31 17 23 7 28 47 33 50 14 
21 41 7 34 43 23 36 41 30 43 50 45 45 0 49 22 28 30 18 12 28 43 
21 45 17 13 23 13 36 3 25 35 41 4 9 49 0 29 27 16 15 34 22 29 
50 10 43 45 37 19 2 29 49 29 21 23 22 1 46 0 40 21 21 11 50 38 
6 8 9 42 37 1 44 2 15 4 28 6 14 21 36 25 0 19 37 45 35 25 
26 7 20 32 38 48 33 37 45 45 24 22 42 45 2 34 4 0 50 18 8 28 
34 25 44 17 8 30 11 16 3 34 17 16 14 30 2 40 10 50 0 3 11 15 
21 10 5 35 23 27 34 41 16 37 27 27 48 43 32 27 15 30 19 0 23 22 
43 11 7 7 29 15 50 45 44 1 15 48 13 14 16 39 33 36 3 28 0 25 
38 48 40 39 16 38 21 13 46 20 35 39 43 29 50 48 29 45 12 34 47 0 
22 0 36 13 30 35 29 16 39 33 45 16 46 48 5 14 18 19 13 28 30 32 
49 32 0 31 9 21 36 17 41 5 42 41 44 28 16 12 28 9 32 9 5 25 
13 26 19 0 44 45 24 36 31 10 33 35 4 15 24 5 33 22 15 44 50 48 
29 3 26 2 0 21 40 2 41 11 31 20 26 8 37 6 12 16 26 13 31 11 
45 10 7 40 13 0 42 7 46 37 18 16 6 27 34 23 44 42 25 34 35 41 
50 2 16 29 7 38 0 49 21 6 39 32 19 38 35 44 19 13 8 48 46 45 
24 13 5 20 32 3 34 0 19 25 1 29 47 20 45 8 42 11 7 5 8 26 
32 30 34 37 40 50 29 25 0 30 18 37 40 46 27 39 12 10 26 35 16 2 
32 38 3 23 18 40 37 28 2 0 1 43 38 20 43 34 21 33 43 4 6 45 
46 34 43 8 25 19 19 31 2 31 0 20 43 24 1 42 31 15 22 10 42 47 
29 17 44 2 27 35 6 41 27 34 32 0 11 7 36 5 11 15 44 21 19 48 
50 20 23 45 46 42 43 40 19 21 44 14 0 48 18 17 49 6 49 35 14 40 
26 48 39 33 17 15 38 21 50 29 39 24 50 0 29 47 21 7 31 43 14 2 
8 13 38 47 10 19 38 13 10 46 37 6 8 24 0 23 35 13 29 28 5 20 
19 43 6 41 48 39 21 29 49 18 43 1 38 18 36 0 2 36 8 46 1 8 
41 34 3 19 42 6 25 37 45 2 15 9 33 40 21 33 0 7 12 31 17 34 
11 28 45 5 21 6 37 34 28 22 33 5 12 28 9 4 22 0 6 34 46 42 
5 16 28 42 6 29 16 19 29 46 15 34 25 31 6 8 14 22 0 50 38 4 
17 31 33 5 22 13 12 29 35 7 48 22 43 6 12 18 14 15 28 0 22 15 
49 26 18 21 38 47 3 46 9 34 34 9 39 39 35 45 38 35 17 4 0 40 
44 40 18 13 32 26 45 41 1 8 23 16 39 18 6 16 34 34 16 9 34 0 
27 0 23 14 14 4 18 27 23 26 31 12 19 25 6 36 50 9 6 22 9 6 
9 27 0 12 43 1 21 30 30 4 1 1 45 7 18 18 4 50 29 9 18 19 
25 27 12 0 48 15 13 21 16 26 29 45 1 29 19 46 3 21 4 47 48 43 
22 30 11 24 0 18 39 19 47 10 27 14 42 37 35 50 1 45 36 9 10 14 
29 23 7 45 29 0 49 22 2 29 26 12 20 26 3 48 1 25 47 25 3 20 
16 2 32 9 42 34 0 46 3 27 18 39 39 30 44 8 4 29 40 40 47 46 
31 1 2 22 12 32 3 0 50 20 40 35 8 45 14 21 26 37 37 16 27 49 
2 9 24 32 47 10 40 48 0 47 7 35 6 25 35 1 30 37 31 2 44 3 
7 28 5 32 36 30 38 28 43 0 3 25 21 47 30 43 29 41 15 23 14 2 
24 33 50 2 20 29 20 46 50 7 0 14 33 46 45 31 19 50 12 30 3 20 
5 5 11 36 29 6 9 2 46 16 29 0 30 2 34 46 6 31 16 2 18 33 
43 47 11 38 1 35 12 10 42 4 44 11 0 33 20 29 39 16 42 23 12 45 
4 41 35 3 45 12 36 14 20 46 28 35 38 0 12 9 50 49 28 22 47 42 
5 13 36 20 20 15 18 18 15 24 29 7 38 39 0 6 27 35 6 23 27 47 
22 8 17 27 45 8 20 39 18 15 2 15 3 50 29 0 50 34 26 47 19 47 
6 23 49 28 50 24 4 24 15 23 49 21 46 34 5 19 0 43 25 8 48 29 
48 10 28 43 36 40 27 28 1 30 27 9 1 17 36 18 49 0 45 35 17 16 
3 42 4 45 8 16 25 31 42 2 40 21 18 8 13 22 36 15 0 34 27 46 
14 43 23 12 46 17 20 2 44 30 24 32 13 45 18 25 48 28 24 0 3 48 
10 29 37 39 33 9 23 47 14 31 1 41 21 39 50 32 33 12 49 5 0 30 
48 22 17 40 5 14 45 47 38 37 10 24 48 5 14 36 24 13 9 47 5 0 
31 0 50 23 41 43 6 19 44 15 16 25 48 19 12 7 21 49 28 46 28 50 
26 44 0 42 17 23 35 36 46 10 50 41 9 25 17 23 45 49 13 8 27 4 
23 21 35 0 26 30 44 8 16 25 36 14 19 5 6 7 31 25 21 22 33 48 
6 17 35 40 0 44 46 35 26 1 16 38 2 47 3 23 7 41 43 41 29 31 
36 14 28 40 21 0 11 17 14 24 42 36 45 6 18 4 1 37 37 48 23 40 
24 21 26 18 9 4 0 34 24 35 28 31 5 18 20 4 7 1 24 35 19 13 
27 24 3 7 41 35 19 0 7 5 7 44 6 42 12 43 3 22 12 8 33 40 
40 15 6 41 39 49 1 44 0 36 14 14 5 27 47 48 23 11 19 19 15 18 
30 22 38 49 26 8 11 5 29 0 12 27 36 23 38 9 48 17 2 37 19 13 
19 43 30 2 15 15 46 30 12 43 0 40 19 23 10 43 18 42 14 41 40 40 
8 2 38 19 5 10 39 26 44 18 33 0 46 5 12 29 9 47 12 44 16 25 
18 20 38 18 50 28 16 30 25 38 47 30 0 24 12 42 43 34 10 6 7 4 
18 26 8 23 19 49 15 10 46 3 48 24 15 0 40 33 50 1 5 33 23 47 
20 30 37 17 32 50 38 16 13 2 38 10 22 1 0 44 31 46 32 29 2 21 
30 36 50 6 10 22 10 43 34 5 24 34 8 49 46 0 21 6 37 49 28 44 
33 1 10 15 44 40 39 20 6 24 4 21 26 40 44 38 0 12 23 29 28 23 
30 47 15 26 14 3 48 10 40 45 31 25 27 47 35 40 41 0 16 33 21 23 
29 32 21 13 33 9 3 34 45 15 21 50 22 3 5 46 40 30 0 38 42 11 
16 29 23 47 50 43 9 48 22 7 46 8 50 2 15 45 13 32 44 0 46 26 
46 30 10 26 6 45 31 45 1 36 46 30 13 13 4 48 17 33 17 44 0 37 
24 9 25 42 22 2 40 2 28 49 44 46 36 20 49 14 21 44 49 29 3 0 
21 0 21 1 29 38 39 12 47 46 49 28 3 39 23 22 35 34 35 43 41 44 
24 38 0 2 34 28 43 5 35 46 40 18 15 34 3 38 25 14 34 13 29 5 
32 50 16 0 44 47 48 28 29 38 10 6 38 10 48 34 49 45 11 46 7 13 
1 10 11 38 0 6 20 34 11 20 1 30 13 39 43 38 36 41 31 46 28 6 
9 30 12 27 24 0 6 5 27 20 24 17 22 42 32 41 6 6 41 28 44 19 
18 9 26 26 21 5 0 47 13 4 30 1 30 8 42 30 49 11 32 15 30 34 
1 28 13 42 47 12 47 0 31 35 40 18 35 37 42 21 36 2 4 1 8 14 
16 44 17 43 35 41 11 8 0 46 10 14 14 35 17 32 14 35 24 44 50 33 
19 40 34 45 21 50 9 13 9 0 29 14 23 21 35 34 47 49 13 22 37 23 
40 31 4 21 2 26 40 23 18 30 0 8 8 31 48 5 33 48 15 41 2 46 
37 31 50 42 15 33 49 17 36 12 23 0 14 11 29 9 30 24 19 25 20 40 
42 50 7 15 40 37 29 14 2 49 31 35 0 28 4 50 4 30 38 43 41 7 
32 19 35 45 21 19 46 4 24 46 17 32 6 0 45 32 44 28 25 46 20 3 
35 14 43 30 33 25 9 26 45 32 32 30 34 10 0 31 22 20 20 19 34 11 
28 3 14 3 22 10 19 11 3 14 48 21 4 48 5 0 43 16 38 45 37 28 
30 15 36 3 22 35 1 22 8 6 28 36 43 7 11 29 0 27 12 16 41 15 
43 19 35 9 31 12 27 30 5 32 25 48 33 49 39 29 1 0 1 25 18 40 
45 8 20 35 12 41 45 15 39 27 29 46 13 37 47 1 44 42 0 24 25 43 
3 25 4 39 10 9 22 50 27 11 41 23 26 48 11 15 24 20 21 0 32 16 
17 5 46 2 21 12 43 28 7 9 2 44 47 42 34 17 47 2 33 24 0 15 
12 16 39 23 37 40 36 37 21 23 3 43 28 37 20 8 37 40 48 29 22 0 
21 0 3 40 30 30 7 27 48 28 18 39 9 1 5 40 8 30 34 23 8 42 
36 37 0 50 1 20 5 15 9 10 13 35 45 43 42 14 50 44 8 33 9 39 
43 6 14 0 35 27 32 31 1 8 7 26 22 31 35 17 40 30 10 2 13 39 
18 6 5 15 0 9 14 26 9 37 26 40 49 3 44 31 37 17 43 24 34 8 
2 7 10 23 13 0 7 47 10 14 48 32 46 50 25 50 10 20 19 19 5 43 
22 31 37 24 28 42 0 36 4 13 18 29 30 32 17 50 46 42 46 8 30 49 
23 28 8 3 3 19 32 0 27 47 24 5 30 15 31 26 23 50 35 16 12 6 
1 31 4 17 19 9 1 15 0 28 23 11 26 45 50 3 29 22 25 24 5 27 
17 44 24 50 17 37 24 23 43 0 12 43 18 44 22 48 5 36 34 10 31 13 
19 2 44 4 21 31 24 45 28 10 0 42 8 29 35 38 30 18 3 23 28 42 
36 12 19 8 1 29 6 24 36 41 14 0 24 14 48 43 30 46 46 6 1 29 
15 2 1 11 15 37 10 26 18 32 37 4 0 22 34 40 26 47 20 3 18 21 
42 20 28 34 16 38 46 50 22 8 18 27 14 0 21 11 19 48 37 42 46 49 
19 10 28 21 43 15 3 5 50 26 4 33 8 24 0 33 23 27 49 50 15 26 
47 24 20 27 8 14 29 7 49 34 11 23 23 24 10 0 1 14 23 24 43 46 
23 32 14 44 7 48 29 46 21 38 43 31 23 22 36 8 0 44 35 1 25 48 
2 43 44 11 36 50 23 22 14 26 27 23 31 25 42 7 34 0 2 17 1 12 
28 46 18 42 50 3 24 44 21 39 23 18 48 22 40 21 34 22 0 48 6 25 
8 13 17 8 43 48 45 2 10 34 35 25 37 24 48 26 19 36 48 0 50 29 
44 38 5 5 33 4 3 36 1 31 19 45 38 21 33 2 35 8 5 30 0 43 
11 6 38 44 12 48 43 46 15 36 1 7 47 15 25 13 3 10 45 42 16 0 
10 0 3 17 30 50 4 15 24 35 28 43 21 36 34 33 17 12 22 6 11 41 
36 45 0 18 38 41 7 9 40 32 49 11 38 27 1 3 21 14 12 45 28 22 
31 8 9 0 37 11 31 42 46 42 38 39 32 25 25 8 50 43 9 48 7 35 
3 30 33 33 0 9 33 31 46 48 11 12 33 19 5 38 9 2 31 26 17 45 
40 11 22 6 2 0 26 45 22 22 4 48 22 38 28 29 26 4 2 49 12 50 
45 28 28 50 7 20 0 21 41 41 28 22 40 40 14 19 12 28 7 8 36 25 
26 7 15 12 32 28 9 0 34 48 30 28 5 45 46 34 44 7 46 6 24 31 
31 26 26 32 48 15 10 15 0 27 45 42 26 25 19 21 14 38 25 43 13 8 
44 49 45 36 46 19 35 18 21 0 12 2 13 45 45 32 39 30 34 13 50 19 
22 35 37 29 20 27 14 31 19 22 0 14 12 24 38 27 31 47 3 47 25 48 
6 34 40 14 31 24 40 25 8 41 30 0 13 39 22 15 9 7 26 42 22 38 
2 40 39 2 21 7 5 9 34 32 17 25 0 22 16 2 47 16 39 4 25 6 
11 31 34 49 35 16 13 22 41 27 5 4 11 0 4 44 2 13 11 17 35 17 
25 10 13 39 18 7 13 13 41 37 39 48 32 42 0 10 5 3 36 42 42 38 
43 6 12 22 12 12 8 45 4 29 37 40 40 37 22 0 21 10 18 10 50 9 
1 40 17 6 29 13 34 47 10 25 26 44 29 33 4 2 0 18 6 45 6 19 
37 8 2 9 42 6 39 35 43 18 32 42 29 43 16 46 16 0 33 50 24 48 
45 5 11 46 11 5 18 20 43 13 15 45 41 14 32 15 48 37 0 8 46 13 
17 7 45 2 1 40 39 6 3 23 46 32 21 43 4 42 13 32 2 0 21 16 
1 6 17 47 39 30 34 31 18 47 42 29 36 28 49 17 45 11 15 30 0 14 
41 40 20 14 21 21 29 24 36 6 7 25 48 16 1 28 6 13 10 5 26 0 
35 0 27 4 3 35 15 6 25 19 21 37 42 2 11 17 48 33 18 9 6 7 
33 42 0 36 4 39 13 48 40 39 49 5 25 38 6 14 16 12 36 7 23 49 
17 35 21 0 33 46 6 35 30 23 45 2 49 20 2 36 19 49 47 3 9 36 
30 23 32 17 0 14 5 3 33 22 33 3 33 8 16 7 16 22 43 8 13 10 
17 5 4 26 19 0 4 29 48 13 39 5 15 14 38 13 39 16 32 1 32 48 
1 12 50 17 12 37 0 29 4 28 4 46 46 26 13 18 29 42 46 2 25 36 
9 44 48 18 45 29 44 0 27 6 12 7 32 13 16 43 4 10 8 18 50 44 
36 36 10 20 38 25 46 10 0 25 37 50 8 13 42 19 2 49 17 8 36 27 
22 43 39 14 14 47 26 25 32 0 38 34 26 42 24 9 39 48 8 4 49 17 
31 25 8 25 1 24 25 2 11 42 0 11 14 18 14 44 21 7 25 29 20 35 
44 50 17 32 21 19 11 14 2 10 5 0 38 10 42 18 31 40 13 23 2 24 
21 47 24 12 25 11 15 18 42 33 26 29 0 32 38 26 42 43 30 6 14 39 
10 33 6 27 8 23 27 41 17 12 6 19 12 0 23 4 43 21 47 9 46 46 
10 27 30 9 28 4 42 40 48 33 18 38 35 12 0 14 18 35 17 38 39 28 
26 21 20 11 20 16 23 49 22 34 47 19 43 1 6 0 26 19 30 20 35 1 
20 30 38 31 28 11 40 26 37 30 21 7 19 35 6 10 0 48 8 38 19 41 
26 50 21 20 43 12 8 42 16 38 19 5 27 6 42 33 31 0 43 5 34 24 
36 4 27 12 24 16 1 17 21 22 32 17 10 45 30 18 12 36 0 50 32 34 
21 43 3 3 43 29 14 28 18 16 33 35 18 40 47 45 8 19 46 0 8 26 
45 16 38 38 17 12 13 15 19 8 6 3 40 15 12 24 10 32 38 37 0 39 
4 7 49 32 43 5 34 23 5 17 5 24 8 26 27 15 15 26 18 2 13 0 
49 0 8 28 33 29 25 35 21 48 37 8 21 38 42 10 39 7 25 7 29 43 
15 41 0 2 29 32 40 35 9 45 6 21 36 26 5 49 22 50 14 30 49 2 
7 31 47 0 4 21 35 18 27 9 2 11 24 21 35 18 27 5 47 36 1 12 
3 31 38 36 0 12 37 11 18 8 11 28 30 41 8 11 5 26 11 5 17 33 
36 5 11 13 5 0 21 32 45 45 18 45 49 41 4 50 10 18 10 48 8 9 
2 41 34 44 31 27 0 7 23 30 36 31 34 30 17 27 28 24 7 17 29 24 
13 44 33 32 1 5 12 0 46 8 2 7 10 25 35 15 28 19 25 44 26 23 
16 32 14 16 11 37 24 33 0 45 4 32 29 36 40 48 1 13 31 23 46 27 
23 35 25 24 5 33 12 1 5 0 33 23 4 1 47 12 20 16 40 18 39 13 
13 49 26 32 39 45 18 27 7 44 0 21 30 46 44 48 40 42 7 5 12 33 
41 21 9 25 35 44 36 31 47 42 6 0 7 15 10 37 49 43 16 38 44 24 
48 39 3 24 5 3 14 31 24 33 14 27 0 31 23 28 18 7 5 2 32 46 
11 3 16 24 32 35 12 41 50 41 17 18 9 0 43 33 7 2 30 41 23 1 
23 9 43 30 34 38 9 32 37 12 37 13 28 38 0 37 37 1 24 19 2 40 
25 43 48 10 23 30 46 11 5 25 11 10 45 38 44 0 24 44 49 47 3 10 
13 29 31 6 31 6 46 20 2 7 23 21 12 49 16 46 0 21 11 9 14 21 
32 38 26 4 34 1 43 14 7 25 22 49 31 12 15 17 5 0 42 25 50 42 
4 18 39 39 34 40 28 29 24 38 39 40 39 32 41 5 3 48 0 6 4 7 
45 32 1 22 32 37 2 29 17 20 34 15 30 28 21 37 15 1 12 0 15 36 
33 38 33 10 42 30 25 13 3 45 20 47 36 10 36 38 17 2 3 27 0 1 
8 19 5 26 9 4 21 18 38 48 45 39 21 12 45 18 13 40 7 27 17 0 
