16
38
41 0 4 12 26 25 2 18 17 27 49 3 34 27 39 13 38 18 49 6 16 49 12 5 33 48 37 34 18 27 37 12 41 33 39 6 35 37 18 
16 34 0 47 2 22 5 50 43 20 23 7 40 37 18 6 19 10 30 49 30 28 39 18 1 41 41 37 12 2 38 33 29 2 50 34 23 20 47 
41 1 33 0 6 18 12 11 37 1 45 36 15 30 27 37 8 40 28 17 47 12 31 18 39 42 32 40 29 39 37 35 33 50 13 40 48 47 23 
21 6 40 4 0 41 43 26 38 9 7 43 45 11 6 7 23 36 10 33 45 14 37 23 33 49 14 11 4 15 17 38 39 11 17 7 11 7 8 
41 26 13 5 23 0 34 37 45 26 29 27 27 27 30 15 3 9 35 34 8 5 27 33 23 23 42 19 4 34 44 50 46 17 29 20 8 32 10 
14 39 46 5 38 32 0 28 38 40 8 24 9 8 22 28 49 3 14 44 41 32 31 15 33 11 33 30 31 11 49 11 8 21 50 22 45 12 1 
40 1 45 36 2 12 30 0 26 36 28 18 18 26 7 15 42 29 33 24 14 45 6 3 47 28 42 48 17 39 9 1 33 37 3 25 43 46 46 
30 4 3 36 47 2 13 43 0 23 4 43 29 21 39 22 49 6 34 49 49 9 11 14 14 37 28 28 36 31 24 33 23 46 33 4 20 11 10 
10 1 34 35 19 44 24 10 39 0 12 12 39 47 41 44 48 38 19 41 40 49 20 25 28 12 49 22 21 34 39 36 2 39 47 24 48 15 24 
42 20 40 28 39 17 24 43 28 42 0 29 49 45 35 30 21 12 41 27 6 24 21 22 4 27 1 26 10 1 50 18 46 33 15 28 21 1 21 
31 9 5 20 22 31 42 35 44 1 23 0 18 36 34 22 10 50 22 48 37 1 39 41 14 43 29 25 33 17 30 8 10 21 41 11 19 2 5 
50 42 12 42 7 26 38 33 15 34 25 23 0 16 7 23 14 20 42 18 41 27 43 7 10 19 14 44 13 47 45 24 3 9 46 23 7 26 9 
33 16 27 10 15 41 8 44 15 2 37 8 21 0 19 1 11 28 7 35 2 24 43 32 25 37 20 11 23 15 21 34 16 39 11 10 3 15 18 
29 17 2 26 50 43 27 40 24 5 3 48 18 17 0 22 24 36 40 34 2 24 45 30 36 29 45 18 21 19 11 10 48 47 11 28 19 1 49 
43 39 49 47 46 7 21 18 3 18 45 16 26 20 19 0 13 45 35 37 16 47 6 26 6 22 14 46 5 1 8 40 3 24 38 47 46 3 28 
50 24 16 12 42 50 27 4 35 41 30 34 16 43 33 35 0 2 38 14 44 25 32 12 17 17 46 29 42 42 39 23 24 11 18 35 14 1 36 
15 26 30 18 30 5 25 18 42 47 21 39 36 10 32 10 3 0 18 13 50 45 46 22 36 12 47 18 6 24 49 8 19 35 17 23 38 15 8 
3 7 42 50 4 33 21 3 3 13 42 2 16 17 1 1 41 19 0 5 45 6 33 38 20 45 44 39 2 5 20 38 45 46 45 16 7 9 46 
43 40 15 9 45 5 15 23 34 42 19 34 26 5 33 21 2 20 19 0 23 6 11 44 19 49 33 26 48 6 21 2 45 43 46 27 16 30 48 
39 33 5 23 10 48 34 22 45 33 12 26 44 47 38 36 41 32 46 47 0 11 12 30 18 17 14 40 24 41 31 28 18 41 5 32 37 18 34 
1 47 35 27 39 43 36 31 28 5 7 7 5 45 21 34 37 27 4 38 6 0 47 8 10 32 14 6 44 35 39 15 2 19 8 32 49 12 35 
24 37 32 36 36 35 18 34 26 34 48 8 18 5 33 30 28 4 40 26 46 25 0 38 42 47 39 41 6 39 47 13 22 22 3 4 17 7 21 
11 23 43 48 38 22 47 28 22 11 19 40 31 28 10 37 39 49 50 40 40 48 45 0 12 46 30 21 26 36 16 2 16 23 8 43 17 33 48 
37 16 46 19 18 30 37 50 17 36 13 36 14 5 18 17 31 13 28 32 3 9 2 21 0 42 6 10 4 17 24 35 43 4 42 12 34 45 21 
31 16 26 47 13 36 14 50 3 47 48 7 27 30 40 2 46 29 15 25 28 12 21 33 34 0 44 1 20 32 23 44 35 23 10 33 13 6 7 
47 16 7 42 4 13 6 10 47 5 4 3 47 34 19 20 44 20 45 43 13 20 36 45 18 31 0 4 13 34 18 48 27 46 40 32 49 18 36 
9 8 28 24 48 46 17 30 27 10 16 3 17 14 18 14 44 28 31 13 24 24 10 43 27 30 8 0 27 7 7 2 21 3 8 11 37 16 40 
22 40 28 39 5 44 48 32 1 35 10 33 46 5 18 6 12 36 48 35 47 18 39 41 23 20 8 46 0 1 9 3 32 49 4 6 42 35 36 
20 16 46 46 29 23 18 25 11 48 3 47 46 26 39 31 43 4 2 38 17 35 37 2 31 42 33 28 35 0 43 50 27 21 27 16 33 39 2 
40 16 24 48 9 11 44 4 13 27 43 18 11 2 40 48 19 35 30 45 15 38 41 40 41 19 48 26 27 20 0 10 7 42 41 15 37 15 19 
27 27 9 28 29 7 36 17 33 48 38 24 8 32 4 45 38 3 25 35 8 41 13 19 28 44 17 36 26 20 37 0 4 34 1 8 3 37 38 
9 35 4 24 37 1 39 3 12 29 4 47 4 13 12 30 11 37 15 40 50 36 40 1 42 13 11 34 41 8 25 1 0 9 1 44 41 31 35 
4 12 30 25 33 39 32 29 17 25 43 4 40 22 39 47 38 24 45 4 33 24 40 5 13 5 5 4 39 3 19 21 50 0 27 33 3 11 26 
4 2 19 13 47 37 42 38 18 3 13 13 14 21 47 28 2 31 23 26 13 28 35 29 41 14 6 22 5 14 39 36 36 13 0 21 44 35 21 
28 4 13 26 37 2 41 26 40 49 25 22 25 3 30 35 14 26 18 40 22 33 31 21 33 5 15 27 27 1 1 4 43 32 3 0 20 14 37 
42 34 39 16 24 8 48 33 39 37 6 2 50 46 26 46 49 46 23 43 43 32 37 14 49 40 49 22 29 43 1 11 22 27 34 35 0 2 6 
9 24 23 1 17 29 22 26 2 6 28 48 33 8 48 21 44 11 47 25 18 35 10 27 4 46 37 46 31 23 12 42 45 44 37 49 20 0 43 
15 9 43 23 38 43 44 32 10 44 14 1 33 23 38 27 39 24 15 47 47 21 43 27 46 29 44 36 4 40 21 49 2 2 47 38 33 45 0 
48 0 17 33 23 36 43 33 30 41 40 4 19 5 14 35 23 47 44 17 17 28 9 50 8 29 21 23 15 50 32 26 50 44 45 27 48 15 24 
36 50 0 44 16 39 4 33 35 36 8 14 29 6 3 22 17 17 39 17 25 45 16 21 18 31 9 14 4 25 11 37 37 9 23 9 18 23 12 
21 46 26 0 44 36 16 2 21 27 24 29 27 28 39 32 40 30 20 29 27 36 30 41 29 10 25 21 28 20 33 45 5 45 6 18 22 49 1 
31 5 16 10 0 33 41 26 49 34 49 6 20 44 39 39 46 27 41 6 48 34 11 45 25 1 45 30 24 33 23 21 11 41 29 40 25 11 26 
48 1 3 12 41 0 23 22 1 39 6 17 49 29 28 16 2 18 20 10 42 9 39 11 2 17 12 29 46 29 15 50 15 35 1 43 6 45 23 
21 23 3 1 6 25 0 8 34 44 43 45 40 12 20 15 19 17 10 40 2 46 30 44 27 22 24 6 3 15 28 35 11 7 46 50 38 40 9 
34 37 44 33 19 36 1 0 40 4 30 50 16 35 34 17 44 27 41 30 27 29 32 20 6 20 16 9 35 33 16 21 28 30 8 27 3 8 13 
12 9 26 33 21 26 3 49 0 44 2 44 14 19 9 8 13 31 2 18 39 14 3 28 17 8 38 10 23 37 27 7 14 37 15 30 21 1 46 
12 44 4 22 22 7 41 20 48 0 12 20 18 28 25 36 20 49 9 31 10 26 33 17 31 12 18 45 31 27 4 29 38 12 35 41 24 35 43 
31 22 26 38 41 48 3 19 49 33 0 28 18 17 21 41 42 21 29 28 24 10 5 12 11 43 44 34 33 6 44 34 12 35 7 29 10 35 38 
42 19 28 44 19 13 3 10 38 8 47 0 21 14 12 47 12 34 26 10 16 46 47 15 21 14 6 49 17 33 11 43 31 8 34 37 9 46 17 
37 49 8 33 7 26 36 35 30 22 16 23 0 23 3 1 19 43 46 5 7 30 13 15 37 27 28 16 17 14 31 26 38 16 18 40 11 8 13 
41 40 36 29 27 27 2 11 38 41 31 39 42 0 42 4 40 37 24 35 22 7 29 10 19 22 50 47 28 7 6 13 40 12 30 5 16 21 1 
37 39 35 17 41 25 36 26 40 34 34 27 31 17 0 27 36 7 13 30 17 8 27 30 24 4 32 28 41 27 12 37 39 19 37 37 46 37 40 
38 36 33 46 11 14 44 31 25 47 14 26 24 43 36 0 5 43 11 10 11 13 9 47 46 49 28 48 46 8 45 30 31 50 17 25 44 34 13 
17 17 31 24 8 32 27 1 38 44 3 15 44 27 37 26 0 28 30 40 38 47 33 16 49 23 31 18 34 27 8 19 43 21 31 44 44 31 39 
2 16 20 49 41 4 43 44 1 4 44 24 40 45 5 47 16 0 35 1 33 2 27 15 43 24 31 26 11 44 13 33 44 46 39 29 25 19 49 
43 13 6 30 30 15 40 4 18 24 38 25 16 10 43 48 38 25 0 1 27 25 10 29 32 50 39 21 1 28 2 17 31 29 17 43 39 27 23 
47 1 3 21 13 2 23 20 48 24 1 48 1 4 24 42 25 33 34 0 24 30 42 44 40 26 17 7 8 47 50 17 5 21 16 28 1 24 5 
47 27 9 31 41 47 50 30 1 14 8 37 42 10 5 4 43 6 7 14 0 45 47 45 16 24 48 8 46 27 35 26 23 19 21 37 7 15 49 
1 48 41 46 16 44 50 10 8 8 1 18 23 23 45 11 10 1 33 44 8 0 43 40 4 3 17 38 35 18 22 24 48 39 45 5 9 24 49 
31 2 16 14 41 1 46 10 12 4 28 9 11 36 25 22 42 8 9 37 44 50 0 6 16 43 36 34 3 30 29 18 37 38 12 20 31 28 44 
3 40 9 44 5 35 7 10 12 38 24 17 3 47 50 37 6 32 47 1 22 5 17 0 43 30 33 36 42 21 50 17 44 45 48 6 20 28 50 
46 21 9 33 25 46 30 14 27 22 37 1 6 39 35 27 23 48 23 16 14 22 50 16 0 39 13 22 30 22 5 41 31 10 7 36 26 43 39 
31 22 13 17 7 14 5 21 44 29 10 18 26 8 47 12 36 24 22 43 44 13 25 1 42 0 23 31 7 41 50 3 10 35 34 18 2 4 48 
16 36 11 19 19 44 20 5 30 34 34 48 21 13 4 50 46 18 47 12 26 35 34 49 30 44 0 26 1 34 42 41 46 9 39 9 36 32 26 
44 32 32 38 44 48 23 44 30 41 6 35 39 50 5 42 23 31 2 12 39 26 18 20 21 38 43 0 39 40 33 4 18 18 20 24 16 31 38 
42 37 27 37 15 36 45 49 3 41 41 17 17 28 34 20 37 19 14 12 17 6 5 35 5 47 37 38 0 18 20 27 40 12 35 40 16 36 3 
12 33 25 23 36 3 48 23 17 26 34 48 33 6 2 19 22 37 32 43 32 18 49 8 32 34 15 2 6 0 32 39 19 35 35 7 32 37 45 
20 3 37 32 31 12 4 20 37 21 38 43 13 4 35 44 21 45 34 18 41 2 38 47 17 35 38 16 14 49 0 49 21 32 27 17 30 7 1 
37 38 4 12 47 44 15 14 19 36 34 42 15 13 49 20 5 19 15 40 15 47 25 38 7 39 23 17 11 37 38 0 6 38 21 8 47 14 29 
6 45 33 4 16 2 33 23 35 37 23 13 23 48 15 17 36 41 14 17 6 9 22 48 3 33 48 29 4 44 5 3 0 6 26 14 21 8 12 
31 23 6 35 4 36 45 49 14 40 41 21 36 18 33 48 24 47 23 35 1 33 5 4 19 41 32 21 7 48 35 45 9 0 24 10 41 11 22 
5 36 4 5 19 9 38 33 8 38 20 9 2 17 48 23 11 48 18 2 16 14 5 25 42 17 5 47 13 12 8 42 37 2 0 42 38 32 46 
14 47 16 36 33 45 1 49 46 19 48 37 13 12 24 9 6 42 31 29 14 3 4 42 21 47 30 28 22 50 26 10 41 16 34 0 22 37 30 
31 11 24 44 21 37 50 26 50 47 19 29 47 1 7 3 33 12 43 25 15 37 15 24 27 46 44 38 46 48 28 2 23 26 11 21 0 6 20 
32 18 43 45 47 34 9 44 4 25 4 39 34 23 30 12 16 44 46 50 18 26 43 13 31 3 19 18 6 21 40 36 48 13 30 25 33 0 20 
40 32 16 33 42 19 34 7 15 6 23 11 11 18 26 7 3 7 25 30 15 45 15 41 39 34 36 18 41 21 43 5 30 46 4 14 35 35 0 
34 0 25 29 24 39 13 46 46 10 23 11 42 10 24 1 3 6 46 17 25 45 9 33 16 17 44 14 18 31 16 14 13 22 19 24 1 2 41 
7 2 0 46 43 25 14 8 50 12 19 4 28 40 9 47 10 40 26 42 13 8 45 50 28 15 44 9 48 20 42 1 1 1 16 39 16 30 2 
34 20 8 0 17 33 45 14 4 26 5 16 12 29 49 9 39 33 12 2 18 29 31 5 10 31 20 19 4 27 25 20 32 31 38 42 23 5 42 
13 6 15 12 0 18 5 33 8 13 3 42 13 33 28 14 13 24 3 16 48 36 13 26 11 27 2 36 35 32 42 7 37 34 42 49 47 4 18 
13 1 28 24 8 0 17 13 15 42 42 19 19 15 39 7 7 7 1 31 4 35 17 19 49 27 22 46 5 29 42 29 17 9 7 40 15 21 13 
5 9 48 13 11 44 0 16 13 27 18 30 28 35 48 16 50 33 47 32 30 47 37 22 8 37 1 14 2 10 9 49 43 37 44 47 22 6 23 
6 26 33 14 45 28 26 0 2 7 31 2 10 24 44 34 41 16 19 38 41 26 11 31 15 3 19 19 38 41 41 2 44 44 11 41 7 48 34 
42 44 33 36 44 33 1 1 0 35 6 10 47 29 28 35 16 47 46 46 18 11 26 10 38 11 16 30 8 17 14 3 27 43 32 27 45 8 41 
17 49 15 3 35 13 29 45 13 0 24 10 28 14 45 12 30 23 17 34 45 25 28 3 43 35 22 4 33 4 47 2 41 8 6 30 48 4 8 
42 47 10 17 4 6 49 39 50 8 0 16 14 9 11 11 14 17 40 46 22 19 14 10 47 42 16 23 19 21 9 16 15 26 16 25 38 36 9 
24 48 45 46 23 47 17 40 39 41 30 0 45 40 40 2 33 39 29 38 13 25 39 33 30 19 42 42 2 38 44 36 23 28 8 17 48 27 24 
42 13 31 2 28 33 39 26 19 27 13 44 0 27 47 1 24 34 35 15 15 28 31 6 15 3 45 5 7 18 32 24 5 6 16 38 25 33 24 
12 1 41 43 23 15 40 45 18 39 23 4 24 0 32 33 13 46 11 8 16 50 33 28 32 9 37 4 9 38 11 10 26 41 11 24 15 25 35 
9 41 26 8 27 17 35 14 8 42 22 44 20 28 0 17 18 25 29 24 9 35 36 12 32 8 7 30 47 14 14 9 19 39 12 2 18 40 42 
6 12 48 45 29 12 37 44 41 33 9 24 36 45 42 0 16 1 24 29 45 1 20 37 38 1 45 34 4 6 9 26 50 28 33 24 12 12 41 
7 1 45 14 17 48 38 41 28 15 27 23 12 29 39 46 0 41 36 25 10 45 35 28 33 38 32 7 10 46 3 22 30 5 10 17 29 50 37 
4 40 1 11 17 20 28 34 48 48 12 32 43 38 38 2 47 0 22 23 13 26 35 41 29 45 25 43 48 19 2 12 11 47 4 33 35 10 34 
19 9 6 5 34 10 48 15 11 35 43 3 14 45 6 37 12 20 0 50 22 16 42 27 30 15 47 36 1 35 39 5 3 42 13 4 15 7 21 
1 32 31 31 15 9 6 16 38 17 6 10 43 14 36 39 18 28 33 0 26 41 38 24 48 30 23 30 40 11 2 42 41 31 41 19 18 41 36 
28 18 25 49 9 20 46 25 46 42 17 4 45 27 33 31 31 14 9 34 0 1 42 30 16 6 37 26 15 30 2 45 18 48 33 1 15 1 42 
29 5 2 5 27 38 24 7 7 16 9 50 11 5 10 8 36 36 38 10 44 0 23 44 31 46 45 47 49 7 13 27 18 30 39 36 5 32 47 
15 43 43 49 31 11 6 30 42 41 9 40 47 15 27 42 48 7 11 22 10 33 0 41 25 1 44 39 41 20 22 20 6 27 40 21 46 18 46 
42 33 26 16 3 7 41 17 16 12 41 39 42 29 44 11 38 33 2 18 48 37 22 0 15 10 20 21 3 14 8 44 32 25 3 15 28 46 44 
31 35 35 34 29 28 1 32 31 41 13 16 2 39 45 50 48 6 11 11 7 33 37 38 0 3 8 18 10 15 40 15 16 15 44 3 18 34 15 
9 45 15 29 40 30 41 49 7 6 37 25 5 10 18 36 38 48 48 47 31 21 10 41 17 0 42 27 47 2 9 37 28 16 34 47 17 46 28 
44 7 47 5 2 13 24 40 35 5 49 30 7 5 20 38 34 38 35 25 12 48 3 44 47 49 0 19 10 10 21 13 1 40 10 4 42 50 27 
19 47 18 28 7 22 49 23 2 32 8 29 1 10 32 22 16 46 5 3 8 4 45 14 31 15 43 0 48 40 48 2 29 38 8 19 39 8 35 
42 31 46 25 47 37 3 31 20 4 20 19 45 8 38 47 19 16 3 4 47 43 30 1 33 5 31 30 0 42 44 41 44 14 31 5 24 8 33 
7 8 12 50 45 40 29 22 4 44 41 41 39 4 36 4 39 50 2 46 43 43 7 23 40 27 13 26 5 0 14 4 14 40 36 9 45 43 47 
48 40 22 12 2 37 39 2 5 38 8 11 43 6 22 13 41 15 2 39 11 18 28 4 17 40 41 27 1 3 0 45 41 11 42 2 12 24 31 
42 20 34 39 22 26 18 45 21 49 43 28 46 45 44 4 37 30 13 19 46 12 47 13 1 3 43 18 50 2 4 0 11 39 10 24 32 6 23 
47 2 36 22 20 42 35 24 8 1 47 8 6 23 49 5 36 31 23 22 38 20 33 1 46 19 46 32 39 37 22 13 0 49 14 34 12 34 24 
42 6 28 27 46 42 21 43 47 32 12 35 24 43 9 34 35 27 19 35 27 1 47 3 36 21 30 35 9 42 39 38 21 0 13 39 18 45 12 
25 42 31 4 23 14 21 4 13 29 4 15 30 7 43 50 48 41 9 25 42 25 13 36 34 5 43 25 14 11 5 41 40 24 0 3 28 5 23 
29 33 33 32 9 2 31 44 13 32 46 22 16 49 10 20 20 1 29 45 20 19 22 47 40 2 24 14 25 7 5 15 45 25 13 0 27 42 11 
17 11 6 40 43 11 29 43 46 7 32 21 4 3 49 11 3 10 12 37 42 7 28 18 20 7 28 32 27 41 36 33 29 9 35 19 0 39 31 
27 11 18 48 6 18 32 5 3 3 16 35 22 3 15 5 20 10 34 38 21 36 34 48 16 6 21 49 42 46 18 31 22 23 34 2 20 0 44 
1 10 37 15 5 26 17 43 19 34 19 24 40 25 35 2 10 41 27 21 33 1 48 33 13 7 35 35 14 50 20 14 36 26 10 24 2 6 0 
32 0 9 32 24 38 38 31 18 6 44 46 20 13 44 25 50 12 50 13 4 2 48 41 32 29 20 15 6 39 14 15 12 50 5 9 19 39 10 
14 11 0 3 46 1 41 39 44 37 26 39 36 15 10 12 49 5 35 18 50 45 19 23 25 30 43 30 35 21 9 36 6 11 2 37 2 1 7 
47 1 44 0 35 33 39 17 3 50 5 50 1 1 24 1 40 15 46 38 28 16 9 12 4 24 28 41 33 26 13 24 11 48 48 39 18 7 10 
36 35 9 27 0 44 25 35 20 9 12 6 22 37 42 14 23 41 38 39 40 12 5 48 34 28 37 32 40 3 3 36 33 33 6 10 4 20 40 
16 37 19 4 20 0 30 28 4 26 32 47 26 7 1 29 18 48 31 37 25 49 7 44 46 18 7 27 23 39 32 32 11 4 2 23 3 21 9 
36 19 7 25 11 50 0 44 28 46 35 4 16 8 30 18 45 41 9 44 24 37 13 3 6 15 45 1 37 22 6 29 27 47 40 45 18 19 25 
47 44 3 40 11 42 19 0 24 24 3 44 9 12 14 9 47 23 23 16 1 10 16 50 8 7 41 7 28 19 19 35 50 27 16 13 1 22 47 
3 12 37 42 21 49 43 13 0 44 15 18 50 17 22 2 18 16 31 44 45 34 20 36 42 5 6 18 44 33 47 2 9 26 26 21 5 15 18 
46 2 15 44 48 42 10 19 2 0 13 48 9 50 33 8 27 14 34 26 46 38 16 31 50 31 48 14 10 25 42 2 47 4 49 36 42 31 40 
23 45 32 36 4 5 46 25 47 20 0 2 49 12 37 30 19 30 30 22 15 14 50 28 1 45 10 12 2 6 2 47 16 46 24 11 32 14 3 
13 27 5 7 2 45 9 26 31 15 18 0 35 20 6 21 16 27 23 17 32 41 44 43 45 19 46 23 36 3 38 27 49 5 27 18 45 11 7 
49 33 42 19 30 47 34 21 32 42 46 30 0 48 39 15 33 12 19 34 10 38 6 23 23 23 43 39 20 31 43 39 26 6 20 25 34 40 23 
14 47 11 49 14 32 41 23 41 39 34 23 15 0 49 12 1 20 43 11 20 46 37 9 15 41 40 3 20 25 28 14 31 43 40 5 38 49 39 
43 41 33 50 3 1 36 8 28 40 15 5 1 33 0 24 21 28 27 39 47 9 25 29 21 49 13 25 4 31 26 45 25 2 31 50 20 37 46 
35 8 30 33 12 14 6 21 28 32 8 22 13 28 49 0 3 31 19 13 13 2 40 26 33 28 2 46 41 3 20 33 4 35 32 43 31 18 26 
13 16 15 28 36 44 46 9 14 17 26 50 1 32 8 25 0 44 45 32 47 5 10 18 16 19 9 50 5 38 31 36 19 36 5 6 47 48 24 
5 33 37 20 39 29 15 4 20 1 46 11 38 48 49 21 22 0 3 48 50 10 28 44 42 21 34 31 8 14 46 27 11 27 20 41 50 11 36 
22 39 1 15 39 49 9 28 43 38 20 16 34 3 50 49 14 27 0 39 45 50 5 49 8 40 25 25 36 34 18 7 50 10 37 31 9 49 46 
39 46 34 43 41 43 38 49 12 24 11 28 6 14 11 17 36 18 41 0 43 26 15 25 24 44 25 31 21 6 48 23 42 1 19 39 44 12 7 
14 6 21 41 13 2 25 7 12 44 39 44 1 14 18 6 20 24 22 11 0 49 17 13 17 43 15 1 20 28 38 26 18 5 30 4 36 23 35 
3 23 49 38 13 38 33 13 48 9 24 45 50 15 23 2 8 48 44 4 49 0 48 1 5 30 25 19 21 39 21 11 32 33 35 22 49 12 12 
4 25 35 31 18 43 47 33 38 11 46 4 22 6 43 20 37 5 23 45 8 38 0 20 12 25 27 48 42 12 15 43 24 41 46 45 19 19 18 
31 9 9 48 38 8 26 35 49 6 40 14 48 18 27 17 5 16 5 24 6 41 45 0 5 21 23 19 22 14 26 12 25 1 19 24 14 37 11 
1 13 36 40 28 43 3 48 17 26 48 24 42 29 14 46 12 41 14 4 27 15 40 5 0 22 24 44 15 14 30 44 13 31 44 16 43 39 17 
14 2 2 24 7 43 24 40 35 33 11 6 7 34 1 33 35 37 24 31 19 5 49 38 35 0 38 33 36 44 49 13 21 7 46 27 13 2 4 
9 47 32 32 40 12 5 9 23 10 13 48 10 30 20 8 48 9 3 15 39 19 10 38 47 37 0 21 40 49 12 7 38 31 31 28 27 50 38 
16 38 34 27 16 24 24 46 39 34 2 50 49 19 10 38 15 40 38 44 35 4 42 15 10 11 3 0 25 18 29 2 43 8 11 44 15 31 13 
3 37 15 1 48 37 39 49 13 39 29 43 17 39 40 7 3 13 47 19 17 5 21 50 29 10 33 9 0 43 39 25 45 7 2 38 1 29 34 
6 5 27 12 49 14 46 25 13 14 4 1 8 32 19 13 47 48 16 16 23 38 4 30 7 25 15 35 37 0 15 2 39 29 19 7 43 42 6 
7 8 4 5 48 20 5 42 31 44 27 45 6 40 36 14 12 18 1 48 5 24 50 12 39 48 12 16 23 40 0 25 27 21 41 42 9 12 19 
41 35 25 16 45 22 8 42 9 12 4 15 8 40 42 45 1 34 9 42 16 50 8 40 19 42 19 1 25 15 49 0 27 2 43 28 17 24 40 
29 28 4 47 39 50 12 9 32 36 35 26 41 8 1 21 3 41 28 35 47 4 3 8 18 44 14 27 14 15 12 26 0 22 11 5 31 39 20 
12 8 28 11 10 34 16 49 25 41 27 32 41 38 40 39 44 26 26 46 30 46 37 36 45 17 24 10 5 30 3 20 33 0 34 30 20 7 36 
44 20 43 20 20 24 50 33 25 25 37 34 18 30 5 43 40 16 22 43 16 43 10 6 44 46 38 7 50 8 9 20 32 8 0 32 7 4 11 
26 13 36 13 43 50 24 22 12 24 15 40 44 14 48 15 21 1 11 37 26 25 36 44 33 18 17 17 2 11 48 49 39 30 41 0 9 8 3 
1 10 33 23 34 15 42 10 14 45 22 18 38 32 46 17 35 2 27 43 30 26 34 7 21 1 26 17 1 15 24 40 8 18 50 1 0 4 4 
41 22 2 24 4 22 45 35 24 17 3 23 45 39 32 15 23 26 27 26 3 33 39 26 9 50 22 33 11 20 32 46 13 32 11 6 42 0 7 
22 12 13 36 28 10 14 29 21 35 8 43 45 25 25 29 2 9 33 26 15 5 1 13 24 4 35 8 10 13 29 27 24 17 5 15 14 17 0 
6 0 30 13 31 29 38 26 18 26 8 21 35 31 2 24 16 42 17 12 1 13 24 25 6 20 8 7 32 20 28 21 10 15 36 4 3 14 35 
26 14 0 37 7 29 28 37 25 33 27 3 8 25 38 4 14 5 32 6 7 11 22 31 45 49 48 37 11 20 46 49 22 3 8 41 49 14 7 
46 47 20 0 45 26 30 29 12 4 33 7 2 32 22 47 8 25 5 33 42 8 31 41 26 5 38 28 32 6 17 47 5 50 49 37 10 37 16 
47 1 16 38 0 44 5 5 19 15 28 25 45 34 37 17 22 49 15 6 44 41 38 3 48 7 37 36 3 3 34 36 38 21 9 8 32 26 20 
37 37 22 37 24 0 1 7 11 34 11 39 28 50 23 4 44 26 9 49 19 32 8 19 3 17 32 42 37 25 25 29 35 46 29 28 20 23 5 
15 2 41 46 4 26 0 14 25 34 13 34 28 33 50 33 8 39 30 18 20 20 42 9 20 37 9 32 4 32 21 45 35 22 22 44 47 29 36 
4 43 39 42 48 30 3 0 48 43 30 2 39 41 48 2 3 35 23 44 21 10 45 45 11 43 14 19 50 6 12 6 37 30 3 26 25 31 29 
45 30 17 39 17 2 2 44 0 30 48 34 19 38 21 4 8 27 10 49 29 50 34 11 4 42 31 25 16 10 38 22 27 22 6 29 14 4 21 
28 44 9 49 34 22 16 38 25 0 35 33 22 27 17 27 3 29 11 19 14 48 37 27 36 35 43 26 7 47 32 43 41 4 6 32 5 21 1 
1 40 38 5 7 41 34 38 11 6 0 1 20 28 18 45 41 24 42 17 23 15 41 46 10 41 43 42 43 19 22 36 22 33 29 11 30 26 43 
30 37 3 48 32 21 7 27 5 26 46 0 13 33 40 39 48 36 10 44 29 14 14 49 42 19 40 20 29 38 49 7 16 16 31 13 30 21 18 
10 26 3 14 39 17 48 6 39 46 34 35 0 43 2 36 47 30 17 39 12 29 43 1 29 40 6 19 30 47 2 28 9 28 19 1 19 27 1 
26 32 44 13 1 25 46 4 7 6 31 20 2 0 46 42 10 40 17 25 25 25 33 48 18 9 38 18 26 7 25 2 17 20 29 42 7 18 16 
43 26 33 37 50 14 50 28 1 32 17 19 29 34 0 44 3 27 43 35 27 4 14 7 20 47 32 4 14 50 23 5 35 42 24 25 49 42 39 
34 35 19 32 37 37 9 39 46 18 23 18 3 50 23 0 42 12 29 20 14 40 19 10 36 28 29 28 32 27 6 10 45 11 38 9 1 8 23 
28 21 12 8 36 37 41 33 20 6 13 1 13 46 30 29 0 49 16 25 34 5 8 9 27 12 41 9 28 7 16 41 23 35 40 2 49 2 32 
33 24 45 45 9 22 20 27 44 14 16 33 40 44 26 24 19 0 20 12 35 47 46 28 13 26 5 16 41 17 23 45 32 27 17 34 1 40 10 
49 38 8 36 48 46 13 25 26 47 47 11 21 32 37 17 36 37 0 47 32 19 5 7 29 11 21 19 35 6 23 11 26 35 10 21 25 28 11 
49 33 1 2 29 19 45 7 3 13 45 10 31 47 5 8 41 45 32 0 30 26 28 27 29 19 4 37 21 26 12 12 13 40 26 39 14 32 18 
26 38 35 5 18 6 41 47 42 14 21 28 19 27 44 49 36 22 6 23 0 33 26 32 24 31 41 2 32 20 6 9 41 27 23 19 44 45 22 
10 21 39 23 12 24 1 49 43 35 20 42 40 18 9 9 35 1 7 11 24 0 28 5 9 27 36 6 31 1 47 8 1 4 15 12 35 34 11 
14 9 24 33 49 17 12 29 16 42 33 18 39 18 37 35 48 33 17 30 47 26 0 18 20 49 47 27 20 39 26 6 24 26 25 37 48 38 42 
29 38 47 48 21 14 49 33 8 41 14 20 17 30 19 5 14 39 41 4 34 2 40 0 43 41 41 37 9 43 15 32 40 47 7 4 30 33 49 
6 5 22 16 39 37 7 20 9 26 6 21 11 49 7 34 8 27 48 5 8 30 28 40 0 40 44 9 25 23 11 27 40 22 16 33 37 33 19 
14 4 37 22 32 12 4 23 4 33 33 14 49 27 32 29 41 26 27 32 26 45 28 32 48 0 49 49 16 49 46 17 21 2 39 14 45 18 37 
49 17 36 18 41 27 42 9 12 1 8 44 25 7 10 1 44 19 26 5 24 34 13 38 24 9 0 17 12 13 10 13 38 11 5 28 11 46 8 
5 2 41 39 37 48 9 6 21 10 11 1 46 45 20 14 13 16 4 49 45 32 10 30 47 3 38 0 21 33 20 29 50 5 36 15 24 15 36 
47 15 30 18 38 8 2 12 15 18 18 48 42 13 7 48 13 23 42 11 42 35 11 38 24 2 31 11 0 46 10 31 46 49 28 19 40 19 28 
44 3 29 35 39 20 3 35 29 17 44 7 23 42 32 5 44 13 5 42 44 37 27 42 16 5 38 22 50 0 15 45 17 30 36 29 40 32 7 
47 41 36 40 23 15 17 39 38 40 15 45 34 7 36 28 34 8 27 38 19 35 33 31 36 14 22 27 28 38 0 13 43 23 37 16 15 7 5 
14 13 25 28 18 48 8 6 32 38 32 2 3 22 14 45 39 13 8 5 4 10 43 40 11 50 28 22 22 47 41 0 21 22 29 44 15 13 42 
17 35 23 30 33 35 46 27 35 41 30 28 49 4 7 2 1 5 20 35 17 18 21 37 34 35 48 11 31 25 29 50 0 33 47 46 23 32 25 
27 9 45 35 16 37 43 44 48 37 15 20 28 39 45 28 26 50 15 37 47 48 38 35 46 11 13 30 46 3 9 34 21 0 27 28 12 41 32 
3 35 44 40 37 11 47 11 47 40 5 5 21 46 9 45 29 29 22 11 39 5 24 13 49 46 29 32 50 1 12 34 38 45 0 48 30 44 7 
12 27 39 35 14 24 26 42 32 13 25 26 49 49 40 31 43 48 11 31 42 42 33 16 12 46 28 21 17 27 48 30 2 22 18 0 45 22 5 
41 1 38 8 14 16 7 25 2 13 44 8 2 1 20 14 15 20 45 24 24 18 46 5 25 6 15 46 25 27 31 46 9 39 7 11 0 43 35 
28 17 9 38 45 16 28 10 25 48 10 38 8 49 1 49 31 23 5 34 33 9 1 12 1 26 32 49 49 14 44 10 21 31 43 28 15 0 36 
24 31 28 15 31 17 36 37 20 33 46 10 8 35 6 9 2 20 17 47 38 20 35 29 12 12 5 1 18 28 6 23 34 46 49 25 7 19 0 
28 0 34 27 14 6 49 4 39 6 9 4 12 29 23 12 18 49 5 46 49 4 19 13 35 19 43 27 24 27 13 36 32 3 34 42 33 21 24 
14 36 0 25 23 7 47 48 6 49 34 11 17 47 44 29 8 15 10 22 42 46 13 22 31 13 44 24 22 10 46 32 29 47 26 42 11 24 32 
13 17 37 0 14 44 44 13 11 16 43 3 45 19 33 12 30 29 1 14 45 10 14 24 26 46 4 2 32 20 22 3 19 35 34 47 6 5 32 
20 28 18 3 0 28 32 20 16 27 50 18 18 47 41 47 30 22 50 44 12 18 40 42 32 41 45 40 35 11 35 36 7 25 48 32 36 27 8 
37 42 7 31 27 0 3 15 2 25 13 22 5 13 48 12 44 14 30 36 37 12 33 42 35 5 43 14 12 44 50 10 11 3 15 14 2 5 38 
14 40 18 40 20 28 0 14 6 22 39 45 31 34 3 50 40 46 4 1 23 27 35 40 3 8 25 3 12 3 49 34 11 40 27 17 47 20 23 
13 14 21 50 21 25 17 0 14 17 7 11 14 19 11 1 33 12 29 50 15 32 45 25 3 4 24 6 34 42 8 36 4 20 24 41 37 2 27 
14 16 36 45 9 47 1 39 0 30 24 11 8 16 38 48 6 41 19 40 19 47 48 19 34 23 10 21 8 44 46 20 15 31 35 16 35 29 38 
37 29 2 15 45 32 24 34 42 0 49 7 15 34 23 48 33 31 17 47 3 23 50 26 44 46 34 4 47 27 31 23 13 28 3 32 11 17 33 
4 38 10 39 18 23 2 30 13 48 0 17 48 5 49 39 26 16 37 4 9 19 11 28 28 8 11 27 44 37 31 41 37 17 48 14 10 43 34 
33 3 43 17 21 7 30 29 27 24 25 0 2 38 46 8 9 14 43 10 33 31 7 46 8 43 33 7 31 32 7 36 29 33 32 5 1 17 3 
40 22 49 29 35 3 20 36 43 45 29 9 0 35 21 50 11 3 26 7 35 24 39 50 49 48 20 39 46 19 7 41 8 42 11 3 39 35 3 
23 44 39 8 40 12 2 24 23 15 30 23 29 0 30 44 33 30 2 22 50 32 15 15 24 17 37 5 22 17 24 18 12 27 1 4 14 47 17 
49 39 47 24 48 25 17 47 29 12 14 10 32 2 0 18 35 22 8 30 15 41 4 8 31 7 50 47 18 47 28 27 31 37 14 3 34 3 8 
18 40 8 21 9 43 8 8 42 17 45 42 30 46 35 0 32 26 45 31 17 17 48 29 49 1 1 36 34 24 19 50 35 33 14 40 40 8 21 
46 16 23 50 8 30 24 6 49 31 46 5 39 8 3 37 0 41 20 12 9 21 8 7 25 34 24 17 11 9 16 6 45 24 5 50 16 44 18 
41 49 26 45 2 5 38 19 31 42 32 46 24 21 29 50 1 0 38 9 49 16 35 13 14 47 33 25 2 32 34 9 38 44 24 30 13 34 26 
7 3 37 16 43 26 29 14 43 36 17 24 4 13 8 45 2 6 0 36 13 49 20 30 37 37 47 34 45 3 1 41 16 17 26 32 7 12 1 
42 38 35 34 41 40 35 9 31 46 31 49 22 24 28 22 27 37 23 0 1 29 47 42 35 11 42 45 1 8 28 31 1 33 2 15 48 28 16 
29 41 2 29 17 38 15 5 30 17 39 46 50 45 34 12 22 45 46 1 0 23 50 45 35 1 3 16 30 16 20 10 30 44 11 9 32 49 1 
31 5 21 6 13 28 12 12 29 37 18 21 31 20 3 27 44 29 46 17 28 0 14 23 35 40 10 8 10 2 40 36 3 14 22 15 42 31 17 
37 17 24 40 25 30 13 45 40 41 28 18 18 30 37 32 23 17 33 36 17 4 0 21 3 11 40 1 15 8 10 5 12 46 27 42 29 44 39 
40 44 23 45 20 18 33 35 22 6 17 32 49 49 9 46 1 34 47 21 30 35 29 0 48 37 31 36 16 22 42 38 8 38 34 28 40 13 22 
34 3 21 26 18 46 49 26 11 7 3 1 27 9 33 24 10 5 15 26 8 39 33 17 0 13 31 18 9 45 15 21 20 34 29 50 44 1 4 
18 34 49 12 20 29 14 22 16 30 25 15 25 23 25 37 14 46 21 4 13 37 28 40 32 0 46 36 33 17 48 9 39 23 7 38 32 28 47 
19 4 3 42 16 39 34 30 41 49 46 47 15 5 23 47 41 31 6 9 31 25 43 32 5 18 0 21 36 42 19 36 43 10 18 27 18 2 22 
21 40 7 2 6 38 37 21 34 5 16 26 16 7 26 19 17 45 11 21 38 49 18 48 38 23 14 0 4 38 48 29 6 46 20 10 17 3 30 
19 6 46 35 35 17 21 17 3 30 18 41 1 32 7 31 34 23 22 9 14 33 25 34 34 36 27 11 0 30 47 47 9 17 38 26 6 26 4 
15 2 28 22 20 34 36 47 47 47 50 16 36 38 45 45 16 37 32 12 2 49 40 10 37 7 33 9 25 0 14 7 2 6 31 9 21 31 42 
13 41 48 37 40 31 11 15 11 9 14 22 22 40 24 14 2 17 12 19 36 14 1 28 22 34 41 49 10 5 0 30 25 15 25 24 42 15 15 
9 10 50 22 46 25 45 4 42 17 28 42 29 43 10 13 7 50 40 20 16 7 41 13 5 6 30 40 8 48 17 0 33 49 38 8 2 19 14 
18 27 34 19 42 24 21 19 26 38 16 3 18 24 2 45 49 3 20 38 18 40 45 6 46 45 1 46 43 42 35 8 0 44 44 33 13 37 48 
16 17 42 37 31 43 25 5 30 43 31 5 40 5 33 32 46 28 33 29 23 47 24 25 26 35 3 9 10 24 42 40 8 0 2 38 4 46 31 
10 2 31 42 15 8 15 39 3 30 25 12 48 5 31 9 26 19 43 17 12 46 41 16 46 6 2 42 47 38 18 30 37 16 0 19 32 48 32 
33 17 11 37 33 23 34 48 27 38 10 50 26 20 11 29 20 15 11 16 46 9 6 24 42 15 13 46 26 33 37 49 12 45 36 0 27 7 25 
14 19 33 49 30 15 33 48 12 49 20 9 46 4 21 33 37 25 11 37 46 19 10 38 23 44 1 11 38 32 34 34 22 46 2 43 0 33 47 
29 41 41 45 3 15 27 17 37 33 29 30 9 12 16 21 30 45 9 46 27 37 14 23 10 30 15 36 38 1 3 28 50 40 46 20 46 0 1 
16 46 11 6 7 19 32 9 24 22 18 2 17 7 34 37 21 43 28 19 36 23 50 42 30 37 30 2 30 19 17 46 25 29 30 14 35 22 0 
30 0 46 42 1 6 43 18 37 35 47 44 14 20 3 43 28 16 44 46 20 26 21 39 30 30 6 6 23 27 38 27 21 2 49 13 32 28 35 
17 8 0 24 44 3 33 8 17 50 14 3 48 14 37 19 16 47 10 7 12 22 1 38 46 10 47 20 24 12 21 41 12 1 32 27 38 46 32 
18 6 22 0 13 6 43 20 30 25 41 2 37 3 4 25 16 13 17 21 29 35 6 13 35 5 29 24 42 48 32 10 31 21 15 42 2 40 9 
45 45 27 31 0 23 30 22 25 19 37 37 35 20 11 18 18 48 13 43 37 9 28 20 28 33 43 32 22 17 38 12 24 27 4 22 26 3 5 
33 34 14 31 11 0 37 5 13 13 50 14 4 18 29 9 3 1 18 26 49 48 31 48 1 9 32 26 14 9 16 40 43 15 44 31 10 24 28 
18 33 23 20 31 33 0 8 14 20 33 16 24 3 5 50 4 7 3 36 14 22 29 11 42 5 47 11 22 39 25 49 50 30 23 1 43 26 29 
1 16 43 46 12 43 49 0 35 14 35 43 12 37 29 24 10 7 39 22 32 15 34 22 37 26 45 35 16 45 30 5 8 28 29 3 21 21 27 
18 19 43 21 34 26 29 27 0 38 21 27 20 17 12 21 44 14 18 44 7 21 17 8 33 41 34 31 36 34 9 27 4 40 30 21 4 40 45 
50 47 8 49 8 15 40 25 14 0 43 37 34 15 36 27 15 7 1 11 10 31 1 45 44 43 30 45 24 31 37 41 18 5 19 18 48 49 22 
10 44 43 16 21 39 49 50 44 41 0 27 25 24 20 43 30 15 49 3 14 6 28 21 17 45 27 2 20 30 47 18 29 17 35 42 18 17 15 
31 6 45 44 36 4 47 7 14 22 25 0 26 5 19 45 35 16 32 24 27 21 45 37 30 21 48 24 49 8 39 29 26 13 50 19 47 20 13 
42 18 21 39 14 31 45 5 42 49 35 32 0 20 10 45 41 45 37 19 16 23 39 30 49 49 25 43 50 13 5 1 48 16 4 41 7 6 33 
31 7 36 17 7 26 14 26 20 19 31 22 6 0 33 28 4 41 4 38 23 41 39 38 45 42 37 49 37 17 16 20 39 35 12 6 13 30 6 
33 5 35 23 5 24 19 42 50 18 20 12 13 37 0 19 34 43 42 19 42 26 20 27 27 10 4 50 43 38 44 28 16 25 35 22 33 38 18 
35 15 26 1 38 31 17 5 4 33 20 1 20 14 44 0 39 31 13 28 8 14 1 25 26 4 6 41 5 38 29 16 36 47 25 8 5 16 26 
33 46 11 5 1 17 24 37 25 15 22 36 4 9 5 31 0 5 35 40 50 47 32 41 13 18 25 18 34 5 45 6 40 24 6 31 33 48 9 
50 8 3 18 32 27 33 2 25 7 31 16 21 24 15 16 29 0 1 6 48 38 27 49 40 32 30 9 32 13 49 29 23 33 47 35 33 48 29 
1 15 30 16 50 12 3 40 25 33 26 8 27 30 27 1 22 24 0 9 13 37 2 18 1 40 27 29 9 34 25 40 33 19 1 1 42 18 22 
27 38 38 43 6 27 7 5 23 49 47 33 25 11 24 35 43 49 47 0 29 26 24 34 45 6 1 44 44 40 27 29 36 33 50 47 22 26 45 
46 42 45 36 4 30 12 2 50 29 9 34 8 3 45 39 46 3 5 43 0 37 6 34 14 16 47 21 11 50 26 14 3 10 49 4 6 35 41 
20 4 33 5 2 15 35 6 19 27 42 44 4 44 18 33 8 41 9 32 20 0 8 10 1 2 24 15 7 25 10 50 39 5 5 34 1 10 33 
5 19 29 11 28 44 20 6 22 20 35 27 42 13 48 3 22 12 45 33 3 28 0 1 29 31 9 28 3 40 50 11 17 23 25 37 40 3 10 
30 16 32 46 3 45 22 48 19 37 42 2 34 22 6 28 30 27 19 1 30 20 17 0 18 17 23 10 19 5 17 27 8 1 12 33 30 2 8 
26 6 7 33 41 42 12 38 16 40 12 45 46 10 22 3 30 11 49 14 30 30 36 4 0 44 3 10 35 2 22 40 27 27 23 2 13 45 47 
29 26 7 29 7 20 7 10 22 18 36 48 33 22 31 38 29 46 21 3 40 39 32 27 37 0 45 1 36 19 23 8 10 9 34 33 24 8 1 
23 16 48 35 32 43 49 4 40 18 46 40 45 6 42 42 8 41 44 30 43 13 20 22 42 49 0 10 26 40 49 39 8 30 28 24 6 6 5 
8 40 29 33 5 33 40 29 29 3 19 17 26 43 30 29 8 10 46 26 44 33 33 24 15 41 30 0 39 10 17 33 37 37 3 33 5 2 11 
9 38 32 13 20 8 8 23 24 47 28 1 21 14 10 31 12 25 8 6 18 15 4 2 19 13 20 32 0 31 23 10 26 28 48 2 9 44 31 
14 25 16 42 18 33 11 9 47 20 27 7 41 9 48 47 43 44 35 30 44 7 39 26 43 1 38 2 24 0 23 12 2 37 31 11 33 40 26 
48 21 42 11 17 1 6 24 32 2 29 32 6 8 24 15 38 8 37 40 50 17 46 9 36 24 8 25 21 10 0 48 15 7 17 47 14 39 34 
40 38 21 19 19 36 24 43 17 4 28 23 44 4 46 50 27 31 26 33 25 43 43 31 4 22 4 14 25 40 12 0 11 26 5 18 49 20 31 
48 10 35 43 7 4 48 48 17 44 20 7 40 16 39 6 9 47 45 40 15 47 32 11 18 28 43 18 47 40 37 47 0 30 46 34 16 48 32 
37 40 34 6 6 11 45 18 50 46 23 20 46 21 4 31 17 1 28 25 26 30 11 30 2 28 8 23 28 44 33 23 8 0 27 11 6 6 9 
42 22 17 1 29 48 46 27 44 17 44 50 30 33 39 24 7 7 29 5 5 28 4 22 41 6 13 1 13 20 10 49 25 8 0 9 7 9 25 
1 14 35 25 35 41 30 28 15 50 34 35 20 5 27 2 5 14 19 45 10 24 35 46 15 25 8 45 26 23 24 32 16 32 6 0 16 20 30 
44 13 43 14 42 14 17 28 50 6 22 23 4 46 39 14 16 28 29 40 11 10 34 35 2 42 26 3 20 38 49 12 33 25 21 6 0 2 47 
32 22 29 37 25 3 24 4 20 29 44 2 17 29 38 31 20 34 29 9 12 50 38 15 9 12 7 11 41 29 25 33 13 20 46 8 11 0 24 
36 32 11 49 23 47 9 19 22 21 25 2 6 37 27 44 35 33 34 15 29 14 46 13 14 42 4 12 39 48 33 30 21 46 49 48 48 14 0 
27 0 41 6 41 40 37 37 39 23 39 6 20 36 14 24 46 45 22 37 49 36 32 44 48 30 25 38 45 32 10 38 30 46 21 7 43 9 39 
24 9 0 27 25 19 16 6 20 12 20 6 25 1 27 12 50 29 45 48 9 12 16 50 42 7 13 1 27 24 15 7 31 37 7 48 28 22 11 
14 28 43 0 10 13 19 39 8 10 12 19 46 42 12 46 1 27 9 10 35 19 6 16 29 46 48 13 26 38 45 30 34 29 19 32 21 17 3 
4 31 4 50 0 4 40 9 29 23 45 36 37 30 40 19 37 42 8 13 14 14 16 6 14 20 15 32 35 18 24 31 26 35 25 6 29 32 20 
3 27 21 18 25 0 18 40 2 15 40 15 42 27 24 8 4 39 39 25 41 30 39 8 24 11 50 15 10 2 6 35 40 6 23 6 37 43 46 
41 39 24 18 1 43 0 21 27 47 7 18 31 37 18 5 42 40 14 19 48 8 26 4 30 50 9 5 26 36 4 19 22 11 44 48 37 17 13 
38 15 4 35 3 8 43 0 22 20 18 36 15 34 43 18 45 39 15 35 44 18 43 39 45 41 43 39 46 20 44 20 18 25 27 26 5 45 24 
24 46 38 29 40 38 40 22 0 21 27 5 17 6 34 2 23 45 46 27 9 44 10 20 47 2 27 49 18 40 7 17 14 1 15 41 39 7 40 
3 2 6 20 23 13 42 4 38 0 37 16 2 32 30 28 37 30 15 27 41 28 14 39 22 32 14 10 42 16 41 43 14 17 6 44 26 4 25 
37 7 6 48 39 13 3 39 25 37 0 36 15 35 27 13 16 12 39 13 34 39 9 4 50 39 48 44 3 36 27 37 3 34 6 28 20 35 30 
26 27 20 44 39 23 6 2 6 16 1 0 1 44 5 14 20 36 28 4 6 10 41 19 50 3 49 50 34 32 30 49 43 31 33 14 36 14 45 
21 31 44 37 42 29 2 35 33 33 40 14 0 21 50 16 29 21 35 9 21 41 41 23 23 21 27 17 9 20 12 42 28 6 41 8 24 12 24 
49 41 48 19 17 18 44 18 10 49 27 3 12 0 29 28 44 5 31 8 22 17 16 12 44 15 21 41 12 8 30 43 43 17 48 37 19 23 22 
25 6 29 4 18 19 32 18 50 14 1 13 37 28 0 16 41 8 34 29 4 5 46 27 33 10 30 7 35 36 15 43 10 22 33 7 3 43 13 
49 44 13 47 21 28 12 46 43 15 27 27 41 3 40 0 19 18 29 29 47 44 38 12 48 33 36 21 41 41 4 22 14 49 45 36 36 42 8 
26 49 21 14 38 42 8 9 25 40 21 3 15 28 25 46 0 20 11 32 16 14 36 8 21 6 40 44 14 29 47 18 4 28 11 4 30 27 30 
1 20 40 24 11 32 21 38 40 44 40 3 25 25 5 27 44 0 40 42 50 9 49 49 45 31 29 23 17 26 5 25 45 20 41 11 12 27 40 
25 27 1 18 1 50 24 27 22 43 50 2 17 14 38 27 21 3 0 22 45 44 32 9 4 13 35 20 45 33 35 15 43 50 4 15 16 50 42 
48 49 21 5 8 30 18 25 38 11 7 44 20 8 41 32 47 43 18 0 47 5 16 30 29 44 38 28 7 2 13 49 23 28 29 5 23 24 39 
25 29 37 39 47 9 38 39 16 7 3 19 8 22 49 4 38 33 19 43 0 11 20 2 11 24 26 12 35 17 41 4 18 8 9 19 39 10 17 
19 22 41 5 23 22 5 33 6 28 24 24 42 22 4 32 28 5 28 26 16 0 22 47 4 23 25 4 35 11 49 4 10 44 21 14 48 2 7 
48 31 7 41 20 35 11 43 49 32 14 27 31 14 12 35 2 48 25 38 33 48 0 18 20 23 7 24 15 31 22 8 6 31 22 7 47 20 26 
2 13 43 31 27 23 21 35 19 41 49 10 20 17 24 14 24 1 14 37 18 14 12 0 47 12 28 24 9 47 9 7 16 15 27 46 12 46 2 
22 46 49 39 39 34 17 22 2 42 33 17 48 7 33 34 8 39 2 46 19 49 49 13 0 38 10 34 33 45 44 22 12 18 22 30 18 38 30 
25 29 31 41 26 33 26 30 12 1 33 32 19 7 11 1 34 23 47 37 1 29 50 34 27 0 9 21 21 50 26 28 16 46 29 14 24 16 28 
23 17 37 9 49 34 1 14 25 15 2 18 39 7 21 2 29 47 29 47 15 18 12 6 31 36 0 24 18 36 41 44 38 36 6 50 31 50 42 
31 16 34 13 35 7 20 32 38 21 45 45 50 18 45 19 14 6 5 32 29 14 11 33 28 34 21 0 14 33 33 7 41 3 37 16 14 14 2 
34 6 37 49 48 3 24 42 41 26 44 17 42 44 26 19 14 18 5 1 35 1 36 6 50 5 14 4 0 42 13 2 31 5 13 23 50 45 31 
16 9 10 37 44 46 20 16 42 13 15 35 24 49 10 14 17 34 21 32 49 44 39 20 50 28 25 14 13 0 30 22 27 24 34 2 47 41 49 
7 40 36 35 14 1 40 8 40 3 22 42 46 40 29 14 32 22 20 41 37 16 22 7 4 12 42 38 11 41 0 47 14 23 18 27 31 46 15 
30 38 31 43 39 22 42 21 35 32 49 10 2 31 27 1 13 42 19 29 31 2 10 2 47 50 7 9 20 28 14 0 49 19 17 42 33 11 45 
27 50 16 33 28 11 40 1 39 17 37 22 6 35 12 17 34 29 29 29 46 39 16 34 2 7 18 50 42 36 39 45 0 41 19 16 19 14 49 
25 49 13 47 12 40 22 48 23 30 38 2 33 14 4 32 49 39 35 32 31 21 43 40 10 3 29 43 31 38 20 43 3 0 36 4 30 16 50 
28 26 13 5 35 39 13 41 4 25 41 9 20 28 35 33 19 5 7 23 38 10 11 29 17 36 11 45 49 48 11 25 17 50 0 11 10 20 27 
37 5 28 19 50 5 3 23 18 43 9 21 18 50 23 44 13 19 15 34 38 49 28 18 42 7 14 16 43 20 17 25 13 42 18 0 3 46 19 
10 7 27 45 18 19 37 29 30 12 2 23 38 43 45 37 39 38 27 10 28 44 42 37 30 49 27 34 8 26 32 21 48 45 9 9 0 8 44 
32 10 32 13 27 3 15 20 32 24 30 27 3 31 26 37 41 17 16 40 16 19 43 3 21 5 30 31 26 44 35 37 29 46 6 17 28 0 15 
17 39 23 10 17 3 4 32 23 2 46 12 4 42 43 18 28 14 18 29 43 23 23 34 45 39 39 44 48 8 25 9 9 26 50 27 17 6 0 
2 0 40 49 40 32 29 36 14 40 43 44 12 18 43 50 49 23 45 17 40 15 29 15 11 34 16 28 37 4 29 43 17 2 22 12 28 30 4 
41 45 0 49 32 49 46 50 37 40 32 10 10 3 6 10 28 42 24 26 39 6 16 1 49 11 12 1 28 11 47 32 22 19 20 4 23 42 34 
30 19 12 0 48 27 46 28 44 26 38 7 24 31 38 3 42 48 26 44 50 21 38 46 23 27 44 1 38 41 34 2 38 37 8 45 7 28 9 
40 5 22 17 0 36 14 21 37 16 44 19 28 22 29 29 42 13 42 24 39 21 34 46 40 4 43 36 20 37 24 44 46 15 40 36 40 28 5 
2 32 3 40 28 0 7 19 14 12 24 10 45 45 3 34 39 39 7 10 32 14 44 28 2 50 43 1 23 13 33 43 40 14 9 41 42 37 31 
6 40 21 40 31 13 0 10 42 29 41 13 26 2 30 30 46 42 8 5 2 41 35 6 46 1 29 31 21 32 37 13 43 3 8 1 20 12 24 
14 16 42 8 15 11 11 0 38 32 14 10 18 17 33 37 36 41 22 35 25 39 2 33 40 11 42 28 20 24 44 29 11 35 18 45 39 10 33 
21 45 36 14 48 17 11 14 0 20 31 6 18 18 30 36 37 35 12 33 2 48 23 34 42 15 39 36 50 34 50 38 49 26 8 1 40 40 26 
5 17 29 48 22 48 14 6 27 0 50 26 48 33 33 6 9 36 48 12 44 49 10 32 12 30 21 44 8 43 10 29 46 48 10 8 17 23 50 
1 36 28 9 12 36 24 36 17 5 0 43 18 23 3 29 46 27 45 35 18 18 2 5 7 14 17 21 31 1 24 26 40 36 36 48 26 17 41 
48 46 38 45 4 39 16 26 38 27 17 0 2 33 13 33 6 32 50 32 22 46 45 16 44 36 44 30 4 32 37 6 3 30 37 48 40 30 24 
48 16 42 39 30 45 14 50 41 13 7 30 0 5 48 44 45 45 3 30 45 9 11 9 12 44 1 21 14 22 47 16 43 27 9 2 17 31 7 
16 22 31 37 4 18 47 2 33 8 10 35 42 0 45 10 36 15 38 8 30 45 30 24 50 28 45 48 15 4 47 47 28 15 38 38 9 14 23 
7 41 16 42 19 14 5 38 5 21 33 41 44 15 0 9 2 13 37 48 32 9 9 21 32 49 36 12 32 20 4 8 2 22 42 31 17 14 4 
11 11 45 41 40 27 32 13 3 33 20 14 26 2 11 0 33 15 48 21 34 44 33 2 23 18 2 13 32 20 2 34 42 38 9 26 38 37 19 
20 44 1 36 34 30 13 7 28 6 41 40 28 33 47 30 0 10 28 9 23 23 39 15 50 44 2 49 28 27 18 26 24 46 46 29 28 34 9 
50 23 10 12 24 8 42 31 25 1 46 8 49 48 30 15 46 0 32 30 1 42 32 31 36 30 11 30 17 44 32 5 20 47 2 29 36 13 12 
15 7 9 14 28 48 33 19 19 29 45 32 1 47 49 34 17 18 0 42 25 32 14 28 25 37 43 47 26 12 48 20 44 2 34 18 23 42 29 
5 33 3 12 42 2 23 12 32 8 22 13 35 11 44 38 31 2 30 0 34 27 35 2 7 7 22 9 2 31 17 30 26 42 39 14 10 23 20 
22 26 3 26 12 39 5 50 13 10 50 15 4 17 43 9 2 21 32 46 0 5 20 44 22 32 15 29 46 22 47 48 35 16 11 30 5 32 1 
24 13 2 8 10 49 3 16 13 14 34 34 37 44 28 27 15 2 32 32 45 0 47 11 10 29 16 13 15 49 44 37 39 27 1 47 19 45 48 
11 46 19 16 3 16 13 38 10 4 7 39 46 28 23 50 7 28 3 42 30 44 0 37 38 17 20 27 45 7 36 47 10 33 18 42 37 13 29 
44 45 48 41 7 9 8 11 49 10 16 28 45 20 17 3 19 17 9 32 49 34 40 0 18 32 24 8 48 7 28 36 37 38 28 34 8 45 39 
38 28 31 7 21 17 30 30 42 28 44 31 49 26 28 32 31 11 6 30 10 33 2 11 0 5 21 24 30 40 17 37 9 8 30 30 32 2 42 
13 23 39 2 33 31 5 27 30 11 9 7 47 23 3 15 30 5 27 20 3 1 43 50 40 0 25 42 35 23 20 47 47 30 39 49 34 42 8 
1 22 6 28 42 14 21 34 20 14 7 44 50 25 5 32 40 12 30 39 13 8 39 20 4 10 0 14 13 27 9 24 19 23 23 5 6 14 25 
10 30 30 6 5 28 29 30 20 23 42 49 50 38 4 4 45 43 33 37 25 32 50 9 8 12 41 0 38 21 28 20 50 18 15 3 1 10 7 
4 12 41 25 41 42 22 28 9 37 16 20 28 13 23 28 1 28 30 22 49 43 38 42 9 43 3 42 0 32 36 35 4 44 39 39 22 46 50 
42 9 37 30 4 4 23 1 50 7 28 41 14 25 22 38 8 11 24 50 16 48 39 30 47 23 2 13 26 0 40 24 2 32 2 36 22 35 20 
39 34 20 9 43 47 15 42 22 10 33 6 31 29 48 47 34 44 20 8 33 32 2 11 25 11 34 26 9 13 0 40 1 4 39 22 40 31 8 
6 43 16 6 1 43 30 21 9 46 4 36 18 43 2 28 37 8 33 10 34 32 14 39 33 10 21 33 3 42 7 0 8 16 26 38 27 42 28 
31 10 31 5 3 38 23 23 45 48 49 26 3 14 8 22 25 25 30 27 23 42 22 48 18 18 40 46 20 43 5 25 0 36 10 28 23 30 29 
30 26 17 11 15 24 34 27 39 43 50 45 2 14 48 16 5 39 39 33 37 35 48 27 3 3 43 24 41 44 37 36 42 0 46 46 4 10 13 
28 48 14 42 29 48 47 25 41 41 28 21 6 40 35 47 42 45 28 41 8 12 31 10 37 46 6 15 3 6 18 44 6 42 0 12 41 19 46 
7 1 31 28 12 2 47 20 39 48 2 46 4 2 27 20 6 16 18 5 5 33 42 32 23 36 24 34 16 15 28 44 28 47 38 0 28 11 30 
50 30 14 17 8 9 13 8 2 17 18 37 36 46 24 15 41 25 10 49 6 27 29 13 5 25 20 8 18 8 14 49 9 27 17 39 0 41 39 
26 33 19 15 34 7 17 30 29 32 21 14 6 14 18 13 24 24 1 1 13 34 40 6 40 45 3 19 28 10 30 35 24 3 50 27 30 0 41 
43 23 47 26 46 38 37 5 3 1 31 47 3 44 38 41 26 42 44 14 25 40 4 48 2 20 3 36 40 3 15 42 33 33 31 29 5 38 0 
39 0 2 19 36 42 3 38 32 7 37 48 34 27 8 34 16 17 4 19 49 24 27 35 1 15 50 37 40 14 20 13 10 37 39 4 42 46 40 
48 2 0 11 21 13 17 39 7 26 7 8 17 17 28 10 6 14 12 17 18 22 43 17 48 19 37 24 38 48 38 5 43 21 28 6 17 39 4 
14 19 12 0 9 24 30 33 47 4 36 50 31 26 42 25 28 18 6 36 13 3 26 43 2 9 39 3 16 47 40 22 44 18 10 48 49 6 13 
19 37 16 22 0 34 39 38 17 13 13 19 44 10 50 32 26 2 39 27 11 50 36 28 18 1 14 14 7 14 16 44 27 22 6 38 50 47 31 
42 4 14 43 26 0 40 47 3 31 23 12 42 9 10 22 46 14 33 10 49 22 20 26 32 4 47 19 43 22 5 13 33 30 21 47 23 47 8 
11 38 21 48 34 42 0 45 22 8 35 5 27 42 5 40 48 10 23 29 33 39 29 22 5 31 27 10 30 13 38 14 49 49 6 23 22 29 24 
37 35 37 32 40 35 38 0 46 13 8 43 32 12 25 45 15 19 32 17 16 17 8 32 16 10 20 21 6 28 37 33 19 20 36 36 44 46 8 
40 37 18 36 14 2 37 31 0 27 40 4 34 37 41 6 13 7 30 3 21 22 21 14 32 19 26 26 25 12 26 39 1 19 12 43 30 49 32 
44 30 29 29 44 32 3 44 1 0 42 13 8 30 7 42 26 36 19 23 36 18 39 27 13 20 1 1 4 16 25 49 26 15 26 36 23 43 44 
28 33 30 25 26 34 12 5 47 33 0 10 44 27 24 8 13 15 6 4 16 10 43 32 50 29 26 44 38 44 4 21 19 34 43 42 41 7 43 
13 43 2 15 5 19 44 22 48 25 18 0 2 12 31 20 27 34 35 2 31 46 50 41 25 12 43 13 42 11 35 32 18 7 22 43 12 15 46 
38 13 6 8 28 19 20 42 43 40 50 7 0 9 8 39 26 47 13 2 28 3 12 7 3 11 14 43 1 45 40 39 9 12 38 47 39 25 39 
23 23 6 20 1 23 43 4 26 25 29 31 26 0 30 10 38 43 27 7 4 47 15 26 19 48 4 1 42 46 21 11 1 1 8 41 29 23 34 
12 34 10 8 38 19 22 14 14 10 49 25 46 21 0 32 22 43 8 48 37 23 47 22 2 9 5 15 29 30 18 39 32 16 10 15 24 44 40 
27 7 47 34 40 42 43 21 26 41 20 30 16 34 32 0 36 11 16 12 9 49 33 5 44 34 47 21 18 10 37 6 9 28 4 31 41 40 39 
8 31 9 38 30 24 9 1 3 6 50 30 49 50 12 35 0 41 45 3 3 50 44 21 26 12 39 35 11 2 13 3 41 47 23 9 32 1 12 
3 31 35 34 45 16 18 30 39 7 47 43 13 37 38 37 40 0 15 10 33 26 42 40 49 49 40 4 10 34 27 42 31 35 30 42 23 18 17 
49 6 9 33 1 28 15 9 50 16 3 10 33 45 22 18 36 12 0 41 37 36 5 13 9 47 13 16 17 9 34 45 15 19 24 16 5 25 44 
41 13 34 40 41 38 7 24 44 48 9 18 44 31 33 32 31 45 44 0 50 36 39 12 49 1 17 22 39 41 10 29 18 43 43 21 29 4 46 
14 26 3 24 19 19 8 42 41 15 33 38 43 21 12 25 9 3 1 36 0 39 25 16 19 34 34 19 42 25 1 10 4 28 36 31 18 48 13 
20 44 41 10 26 7 6 3 18 8 7 18 35 19 29 18 7 40 10 34 41 0 36 1 17 17 40 6 29 10 7 41 44 28 46 34 7 45 29 
49 10 13 31 17 11 36 7 17 42 26 11 29 41 9 14 23 35 44 25 44 37 0 2 27 43 11 18 13 41 39 35 22 23 28 42 50 22 10 
19 40 32 11 24 15 4 50 29 50 35 14 24 50 14 21 36 12 9 37 38 7 44 0 23 16 28 7 4 38 1 50 9 43 13 16 4 44 33 
14 37 23 44 32 19 28 28 16 36 9 3 43 30 42 35 23 13 47 10 45 46 8 50 0 13 28 50 27 21 11 34 10 27 3 49 22 14 44 
25 25 45 39 13 21 46 35 9 20 18 9 40 4 7 35 39 18 30 24 32 5 19 2 7 0 5 3 49 26 40 32 21 21 29 38 22 15 6 
34 37 5 28 20 31 9 13 21 30 4 43 15 31 43 41 13 21 7 43 33 8 19 48 9 19 0 39 47 38 12 16 36 20 33 35 43 19 4 
35 38 44 44 34 23 46 34 25 2 29 31 17 18 15 23 24 26 19 7 20 1 42 12 26 10 14 0 18 24 32 46 50 22 9 36 19 50 40 
25 47 3 26 45 38 19 8 45 49 21 48 10 9 25 13 35 35 47 32 18 24 9 28 11 44 6 29 0 9 9 33 47 24 34 2 22 5 44 
7 5 44 19 16 16 48 26 22 38 26 10 24 2 23 18 22 1 38 25 15 1 32 41 49 37 16 25 24 0 27 7 3 8 42 28 42 39 50 
8 43 30 35 22 18 3 49 35 31 24 6 13 2 35 31 29 6 23 3 20 30 1 24 3 46 31 24 3 33 0 24 32 30 22 43 45 46 31 
30 14 39 50 2 35 1 19 15 6 18 28 13 22 19 36 31 29 43 6 33 26 38 29 47 2 8 43 26 41 9 0 40 35 49 27 9 15 20 
28 16 24 34 32 26 7 26 21 2 13 44 42 14 2 40 49 4 27 10 4 50 28 9 43 24 47 28 43 15 46 10 0 22 11 2 28 33 49 
45 13 23 22 32 6 30 32 49 45 38 46 50 23 33 5 17 28 38 15 41 8 29 29 34 7 7 4 23 32 13 25 8 0 50 10 15 37 32 
19 23 30 11 26 2 41 48 15 23 28 17 45 24 41 19 8 37 35 45 39 26 49 27 10 18 33 14 39 1 14 19 18 35 0 10 15 36 31 
33 27 38 37 42 34 26 6 38 39 34 40 42 24 31 43 44 44 24 3 2 8 20 27 9 15 10 9 49 10 15 27 33 28 5 0 8 7 2 
34 16 1 4 31 44 31 50 9 40 39 26 41 16 41 33 30 25 8 12 28 28 24 17 8 28 25 8 7 15 20 23 36 43 10 9 0 3 48 
28 26 47 10 6 20 21 24 19 49 36 1 49 30 1 46 25 6 42 34 47 3 20 24 43 45 21 16 41 49 6 32 31 32 48 32 16 0 18 
22 5 47 34 9 26 22 7 16 40 23 41 18 5 18 19 1 25 7 24 18 12 49 6 33 21 43 4 20 18 33 19 30 8 34 38 38 13 0 
45 0 45 2 37 29 32 44 50 32 2 15 12 32 23 26 43 50 11 6 41 2 39 33 18 37 49 8 4 11 10 21 30 32 38 31 13 22 32 
34 18 0 12 34 39 42 40 9 36 10 44 38 8 24 33 47 12 6 12 35 50 31 24 40 40 23 31 36 31 44 43 14 21 19 28 38 30 18 
50 42 29 0 29 13 48 10 23 2 48 48 35 26 25 1 38 32 3 45 22 45 17 11 4 29 43 18 31 17 40 47 46 18 45 7 21 6 22 
18 26 31 17 0 21 34 38 46 18 18 13 34 38 25 43 8 24 33 31 25 1 21 31 29 7 13 2 3 18 32 19 30 32 11 36 19 42 29 
47 28 17 33 25 0 50 19 34 3 22 3 11 21 24 41 32 21 48 46 2 11 9 33 36 29 36 50 34 2 27 40 25 16 46 37 4 9 18 
46 31 11 23 10 30 0 50 7 12 45 40 1 40 38 24 41 18 39 45 31 5 40 1 35 32 26 33 29 45 25 38 37 24 3 3 15 41 38 
49 4 36 22 25 6 44 0 2 37 2 1 26 28 49 9 28 14 6 31 26 42 35 47 22 13 37 7 3 28 37 35 9 50 31 40 42 45 34 
15 46 42 30 39 31 28 20 0 48 40 29 46 40 47 35 15 47 14 7 14 9 39 49 42 25 1 17 43 27 48 9 17 34 31 41 36 35 12 
46 16 45 44 40 18 24 32 48 0 39 25 35 35 26 36 31 25 27 47 50 5 39 15 35 43 1 31 12 13 10 6 49 30 35 19 41 20 16 
50 31 18 43 4 29 18 42 13 33 0 32 3 7 15 39 36 7 8 2 11 1 39 37 12 20 38 33 26 5 1 8 45 12 9 28 16 32 12 
36 36 17 1 38 48 31 10 4 42 11 0 45 28 11 40 10 16 11 45 6 24 16 47 43 38 13 26 37 41 48 37 23 4 46 23 17 44 50 
2 39 32 11 35 41 16 10 23 48 6 3 0 43 18 22 27 39 21 40 25 14 25 23 44 19 6 6 38 41 33 39 23 16 17 9 6 25 14 
31 6 27 28 40 28 31 39 5 20 2 28 7 0 3 28 19 36 27 16 38 42 30 36 29 19 41 10 33 37 27 9 17 2 26 40 34 49 36 
35 45 13 31 1 36 36 14 26 37 46 48 31 33 0 40 37 22 2 21 49 9 50 19 49 2 28 11 36 26 31 13 44 21 50 42 22 25 11 
29 50 43 6 15 24 37 40 47 27 27 15 4 39 14 0 1 28 36 26 15 30 23 25 1 38 46 24 3 27 31 41 19 13 12 23 21 6 3 
35 46 12 12 32 35 9 11 27 24 31 21 23 7 46 10 0 31 6 26 42 19 20 50 35 13 17 36 9 3 43 17 44 45 25 1 31 4 19 
42 40 42 27 19 1 22 7 8 35 24 3 32 18 46 14 35 0 16 47 27 49 16 50 1 9 35 8 38 26 49 6 16 7 13 15 36 1 43 
2 49 13 7 9 1 35 1 12 49 49 32 40 35 34 28 20 26 0 41 42 19 34 44 35 32 9 29 8 47 19 4 10 14 43 15 48 14 43 
7 49 16 8 24 9 40 45 10 21 32 29 43 39 45 9 24 18 6 0 29 26 50 23 27 5 43 46 39 18 48 21 36 14 28 19 42 26 11 
11 35 46 37 50 8 27 18 27 15 16 5 19 48 43 36 18 8 27 39 0 4 32 13 1 27 13 1 47 16 16 20 4 34 14 8 22 33 39 
50 15 1 37 16 31 23 13 29 24 44 29 11 12 16 38 7 29 22 45 10 0 38 8 30 3 12 46 13 22 5 40 22 4 29 8 13 38 17 
16 32 28 15 34 28 4 37 6 8 38 46 7 29 50 38 29 13 7 22 35 5 0 36 11 42 24 34 23 26 32 5 3 50 40 14 41 17 46 
4 31 27 16 6 38 25 26 49 12 22 16 1 45 6 17 32 11 47 18 23 11 44 0 32 12 24 4 36 47 17 16 10 21 34 9 27 45 20 
49 49 37 16 26 23 1 10 32 10 48 33 9 3 44 50 23 44 37 46 4 32 35 39 0 30 32 46 13 46 17 37 29 23 12 12 49 31 8 
35 22 31 3 43 44 39 14 9 14 16 21 11 15 41 50 17 17 14 48 37 45 27 38 14 0 15 24 19 11 47 41 46 20 15 9 15 15 1 
40 41 1 16 23 33 48 25 7 22 39 23 46 46 35 33 22 41 46 44 40 29 21 20 4 13 0 23 20 2 46 6 27 35 17 28 24 47 21 
22 44 40 39 8 2 31 38 2 46 12 37 44 19 19 21 12 11 20 32 13 11 10 29 24 12 17 0 12 39 30 18 11 36 2 19 2 5 1 
21 20 40 16 12 28 9 15 3 38 8 14 5 18 4 16 9 12 35 12 16 47 35 19 50 23 28 1 0 1 43 50 17 17 12 40 1 42 48 
49 32 21 9 9 30 5 26 25 1 8 20 44 7 18 44 35 25 35 22 16 39 50 8 14 10 38 42 47 0 44 28 4 24 11 13 3 41 8 
38 6 15 25 48 28 44 31 50 44 50 24 27 16 16 21 32 10 32 13 45 49 42 14 29 31 23 4 47 33 0 44 15 3 28 37 30 7 42 
42 22 15 34 11 45 42 24 18 12 39 4 30 4 21 29 13 39 14 2 46 18 6 40 35 17 50 35 22 49 30 0 36 14 40 19 11 49 12 
39 48 22 6 14 11 15 43 3 41 45 25 16 48 16 6 46 24 17 25 49 44 46 8 2 19 33 3 40 40 35 11 0 30 2 1 16 30 41 
4 45 25 43 15 9 41 47 34 32 21 9 45 45 44 24 14 45 3 15 4 46 29 13 4 14 7 34 45 14 47 50 26 0 6 21 23 50 6 
30 37 17 6 35 1 33 32 46 40 18 7 38 7 14 16 38 9 16 13 39 1 2 8 3 20 36 21 33 39 25 22 24 8 0 15 16 48 49 
11 29 30 23 18 18 17 39 27 41 37 11 18 13 7 37 18 29 35 10 3 16 16 13 50 7 15 46 33 31 42 48 19 40 48 0 38 34 17 
33 35 41 15 44 45 34 22 21 13 16 37 41 36 32 39 46 46 13 17 23 12 3 21 6 46 49 40 43 29 15 19 4 1 46 1 0 19 39 
22 21 29 28 36 3 31 46 41 6 17 30 44 3 26 17 44 22 33 21 9 48 46 45 30 42 49 47 34 40 40 32 20 8 24 42 39 0 46 
26 50 41 11 6 44 23 13 36 12 44 37 8 25 18 49 30 24 26 34 48 44 5 34 12 1 16 36 11 37 29 34 29 49 46 33 30 49 0 
42 0 3 23 18 7 37 4 47 33 16 14 22 28 50 17 5 48 32 46 7 49 6 28 38 2 50 33 10 9 9 29 36 19 32 32 23 12 31 
38 18 0 31 16 19 1 23 40 9 29 18 24 1 15 37 24 50 37 26 35 16 8 4 45 39 24 38 28 3 47 18 44 43 18 45 29 27 34 
37 27 16 0 13 41 4 43 35 9 15 50 45 32 46 48 28 15 30 14 36 27 45 14 45 37 13 12 25 32 33 20 8 47 17 1 49 19 3 
17 50 2 4 0 16 23 29 8 15 23 46 16 3 15 16 41 7 43 14 22 27 29 43 19 4 26 45 42 48 16 46 50 9 13 14 14 35 24 
30 41 17 29 48 0 39 29 16 31 5 43 7 10 8 35 48 26 38 8 34 1 40 28 37 11 49 28 46 7 41 2 2 7 34 13 23 5 49 
31 5 40 38 46 41 0 49 42 6 38 15 11 37 26 7 1 23 40 13 30 19 49 11 33 10 41 4 41 1 27 46 13 44 28 8 3 45 14 
45 38 38 19 44 41 32 0 47 4 26 46 7 11 23 10 25 31 32 45 7 29 6 37 9 42 30 42 3 18 10 19 5 6 10 46 26 43 50 
6 20 2 13 37 28 46 44 0 16 23 3 19 47 26 9 39 36 40 2 30 28 14 50 29 29 45 8 42 1 2 28 35 33 31 26 25 5 16 
19 10 13 48 15 19 1 50 13 0 43 47 18 25 6 25 13 23 43 21 23 35 43 21 5 43 14 46 18 36 17 50 34 34 20 22 42 18 30 
50 31 29 30 32 15 45 34 28 22 0 11 21 8 34 4 32 31 27 39 8 5 1 24 33 15 47 43 13 34 5 35 33 46 44 43 41 45 6 
11 6 10 10 37 25 7 15 9 17 30 0 2 40 45 4 10 25 50 8 47 16 36 23 33 1 24 37 29 26 15 41 14 38 26 16 34 48 46 
15 50 26 50 38 27 33 32 16 40 29 36 0 20 44 34 49 40 26 34 28 10 13 38 28 40 44 27 17 15 14 30 20 12 29 36 9 21 16 
48 47 1 19 9 47 50 40 46 47 31 40 37 0 40 1 21 37 2 12 49 10 44 50 17 18 2 11 10 25 41 9 26 28 24 28 37 28 41 
5 41 28 1 49 30 36 26 28 40 19 41 43 34 0 47 22 7 5 47 34 2 7 37 41 16 6 39 6 12 13 13 14 44 47 47 21 21 10 
46 21 31 42 25 21 41 34 49 25 29 7 18 24 41 0 44 39 49 5 38 36 44 42 31 14 15 28 6 48 46 38 26 2 47 9 26 4 10 
32 17 50 32 7 14 27 6 45 40 23 1 8 49 17 34 0 25 3 30 1 29 11 44 36 37 3 38 4 5 21 15 16 41 30 17 38 38 4 
37 28 4 9 20 39 33 48 39 39 9 19 23 7 47 3 32 0 22 23 15 45 5 27 24 1 25 25 8 10 29 33 29 46 21 16 2 47 20 
41 6 4 40 14 49 45 37 49 9 20 38 48 46 15 24 9 32 0 2 30 8 46 14 25 38 11 7 30 23 3 41 45 6 12 32 18 12 6 
41 28 30 15 26 17 39 23 31 38 15 23 12 35 1 18 12 45 42 0 29 3 4 43 15 14 47 18 25 32 36 14 48 12 4 41 24 1 44 
21 48 36 15 30 20 16 1 41 7 44 39 50 37 27 33 4 38 36 15 0 2 30 49 14 42 46 24 17 11 9 44 28 17 19 25 45 43 38 
24 24 50 14 6 12 32 43 36 28 22 30 1 4 38 36 43 41 49 23 24 0 35 46 49 40 33 13 16 22 32 13 32 40 16 14 12 16 38 
24 38 32 49 10 46 46 32 9 41 40 32 27 34 47 21 14 40 28 1 24 24 0 49 16 22 5 15 40 41 35 40 26 21 5 18 11 41 26 
25 50 3 9 25 23 27 41 5 29 35 19 3 24 35 16 14 1 40 17 28 5 32 0 7 41 25 1 14 11 22 17 37 31 39 15 28 48 16 
50 27 40 31 50 37 5 22 32 16 42 6 41 18 21 25 49 20 19 47 18 50 22 13 0 30 33 13 49 39 15 9 8 18 49 1 14 27 47 
6 45 2 20 43 35 23 6 32 50 16 6 40 45 9 1 48 50 5 28 1 17 24 6 33 0 18 7 35 38 43 17 8 49 2 15 25 45 48 
8 37 41 25 2 13 34 34 25 15 49 17 1 1 9 49 47 39 22 46 38 25 28 38 19 39 0 33 9 8 39 30 35 7 50 43 18 38 27 
16 12 23 50 44 43 36 21 42 16 49 50 6 27 3 50 11 33 9 3 6 14 30 25 26 36 35 0 15 11 1 9 41 12 20 23 10 23 38 
32 35 3 48 47 18 10 9 34 4 32 8 40 10 9 35 21 3 32 48 25 8 9 22 11 42 7 8 0 38 36 4 44 27 23 2 24 50 9 
17 13 16 17 3 31 33 4 12 50 33 27 50 21 29 26 14 24 27 32 38 6 11 3 21 48 50 39 31 0 17 8 35 36 13 36 19 33 8 
6 28 39 7 30 8 26 12 37 34 15 2 9 29 48 19 21 11 3 14 46 5 32 45 23 45 43 48 42 38 0 36 10 43 7 19 49 43 31 
26 4 27 10 12 17 24 30 8 30 38 17 42 26 17 20 12 1 47 44 34 36 15 29 20 50 48 6 9 3 11 0 50 26 41 36 50 37 37 
43 16 21 44 37 14 10 26 46 11 44 24 46 18 3 50 48 41 39 49 41 13 19 19 22 6 19 38 41 2 40 18 0 33 26 9 31 23 41 
49 2 19 45 4 38 12 36 7 44 48 27 44 45 11 39 46 31 48 3 23 32 45 23 35 45 21 26 42 21 9 22 27 0 7 43 37 30 47 
10 31 7 36 49 26 41 14 8 46 7 44 30 28 34 21 19 18 8 47 10 9 18 37 44 37 35 26 1 37 3 25 10 50 0 22 17 46 37 
33 19 33 22 37 26 20 48 42 32 38 6 39 26 29 34 38 1 13 21 42 13 42 15 14 22 43 32 35 30 7 17 25 33 35 0 40 15 38 
22 43 17 47 46 3 38 45 49 28 46 26 13 21 5 26 45 20 27 18 9 16 33 38 14 12 25 22 32 6 41 40 20 50 29 21 0 4 46 
18 39 27 19 23 16 37 9 18 36 13 50 38 15 13 47 30 6 11 29 34 34 29 17 14 43 37 7 7 13 42 35 22 49 3 39 42 0 40 
44 17 2 5 45 40 9 32 19 26 28 24 21 24 11 26 13 34 11 10 6 30 29 31 2 5 44 29 29 40 13 25 5 40 13 44 28 29 0 
40 0 39 8 32 25 12 29 34 43 19 25 47 37 20 28 32 34 14 39 22 4 40 46 31 4 30 14 4 19 31 11 17 48 34 44 22 2 25 
6 18 0 2 19 13 26 5 33 3 43 47 23 7 50 6 6 26 50 44 28 29 46 48 26 16 13 8 8 49 3 26 6 31 10 8 21 21 36 
28 21 26 0 21 27 21 7 46 25 12 12 43 9 45 29 24 46 11 21 26 3 50 18 48 35 50 18 41 43 47 42 35 36 41 23 23 2 8 
19 27 20 20 0 39 47 46 6 45 32 28 7 15 48 1 46 33 28 4 29 37 27 4 16 4 29 21 28 8 19 23 7 23 39 42 44 6 34 
12 22 2 29 6 0 36 14 36 33 44 35 40 8 45 20 24 21 43 24 4 17 10 26 19 49 26 10 21 35 26 7 7 40 50 16 32 27 9 
21 18 3 18 46 28 0 43 18 11 28 37 49 18 49 21 3 17 3 46 34 31 31 27 43 2 7 37 28 1 9 29 38 47 13 22 6 2 50 
14 49 26 31 16 32 35 0 36 8 8 37 37 33 14 37 44 28 41 42 10 16 40 41 15 17 2 49 50 3 6 28 15 2 18 39 48 8 50 
15 46 9 17 50 30 42 14 0 26 16 2 4 35 31 15 42 34 25 9 12 14 14 33 36 33 2 31 23 36 16 26 39 36 29 26 46 2 50 
40 12 24 4 27 34 48 50 21 0 47 1 10 34 14 40 47 36 2 13 24 34 48 50 19 28 11 40 13 19 7 6 19 41 35 35 47 38 11 
38 50 38 34 32 34 22 27 33 13 0 50 39 44 25 34 28 16 43 13 5 26 16 44 36 31 15 42 32 19 50 29 43 9 25 14 14 36 50 
17 16 48 2 29 28 13 30 14 31 35 0 13 19 43 35 34 36 22 6 2 3 17 42 40 8 33 34 8 30 19 11 21 43 16 27 47 8 24 
38 17 23 2 2 12 47 7 31 37 8 26 0 40 43 8 34 47 50 24 8 45 46 45 5 50 45 20 15 21 4 17 39 26 12 34 40 30 2 
15 31 44 1 3 48 1 5 29 19 13 9 19 0 27 23 1 30 43 22 18 2 7 42 33 37 28 21 20 50 29 9 19 5 46 36 44 15 44 
43 47 5 46 17 2 3 13 35 40 16 26 32 42 0 18 12 1 8 40 11 15 26 28 32 5 50 10 45 4 24 41 30 37 37 1 25 14 7 
41 40 30 24 43 31 4 25 48 18 1 44 46 28 4 0 4 29 17 20 24 41 17 43 9 9 11 50 36 39 45 42 43 48 44 18 1 31 41 
33 47 28 30 3 43 44 10 29 14 27 34 9 34 6 41 0 16 24 48 22 16 33 32 18 36 3 27 9 46 2 10 4 23 38 35 23 46 12 
15 50 15 49 33 36 10 6 37 8 38 8 29 45 4 10 26 0 1 16 10 44 1 17 35 15 28 4 24 11 21 50 33 45 5 10 48 7 17 
1 46 9 31 16 19 21 39 23 16 50 14 12 34 8 36 18 14 0 34 30 35 5 32 37 45 17 9 6 14 25 35 6 3 10 1 21 2 14 
35 48 14 26 5 39 24 48 9 16 26 9 37 46 14 27 32 46 14 0 22 36 50 10 16 25 49 31 45 11 3 34 37 35 4 29 36 16 10 
1 44 14 47 8 43 30 5 38 40 43 26 29 5 7 31 29 36 38 49 0 1 6 8 30 38 7 32 39 25 34 17 29 12 23 45 21 8 39 
42 17 36 20 12 42 2 36 24 30 31 4 26 44 48 18 9 45 36 35 10 0 2 12 42 31 5 23 15 15 7 10 37 23 40 45 21 13 31 
45 16 28 2 33 3 9 21 8 24 31 44 15 50 35 24 30 41 6 45 40 7 0 20 38 21 18 20 45 32 37 49 27 6 28 1 21 8 8 
19 9 34 11 47 49 35 22 42 10 2 50 10 4 16 18 42 38 47 40 31 15 34 0 15 40 22 25 4 38 37 50 15 17 23 23 48 12 29 
11 22 4 50 26 10 43 33 27 46 12 38 36 13 25 18 27 4 26 19 22 26 24 31 0 34 6 11 38 34 38 32 18 7 13 28 26 36 32 
40 25 22 8 45 30 42 1 2 38 41 49 46 19 23 43 8 36 48 23 17 21 49 6 49 0 40 14 44 31 23 36 49 32 46 15 1 48 14 
32 44 40 33 4 24 48 35 42 13 46 15 5 43 28 14 15 19 26 17 9 5 17 48 20 30 0 2 42 17 1 5 22 45 45 4 5 34 34 
18 26 8 15 48 1 48 17 18 44 22 19 31 47 26 31 6 27 28 42 14 25 22 7 18 42 9 0 25 20 11 39 24 30 31 2 50 9 44 
8 16 50 3 12 9 20 49 20 8 46 15 39 28 27 43 21 43 5 2 48 7 42 24 48 7 5 49 0 40 1 46 27 23 12 20 13 42 11 
13 13 37 20 23 2 30 6 23 11 47 38 10 9 45 8 47 2 24 27 6 5 4 22 10 19 13 20 42 0 27 9 15 1 11 30 43 16 28 
34 41 45 43 35 45 2 2 41 38 32 16 15 18 39 16 6 9 9 15 11 4 39 10 14 46 2 33 37 50 0 29 3 42 19 18 34 33 13 
21 10 21 8 29 26 38 27 12 41 27 36 6 22 34 1 18 31 2 35 30 40 43 19 16 42 9 29 24 47 1 0 6 34 43 39 50 45 3 
26 14 23 37 34 11 7 2 45 7 20 42 2 37 32 48 34 31 17 2 42 37 17 10 4 16 41 21 2 13 34 34 0 7 16 6 39 13 43 
7 32 13 14 47 2 10 33 46 14 24 36 9 8 33 44 11 39 47 14 33 18 21 36 50 32 24 36 35 37 32 44 36 0 42 24 36 39 29 
41 16 50 22 21 27 48 17 5 26 2 14 5 18 42 50 10 40 11 28 14 16 29 24 48 10 33 31 50 17 34 47 5 33 0 48 32 14 12 
47 44 39 34 27 48 34 22 32 14 2 37 32 35 25 12 15 25 37 27 24 12 45 17 18 38 42 5 9 22 20 11 36 48 43 0 18 39 31 
39 31 40 26 28 19 29 14 36 50 23 43 18 24 45 38 38 35 50 22 16 40 6 30 14 10 45 42 1 34 42 8 23 35 37 7 0 37 49 
35 26 39 4 3 43 33 16 5 47 16 49 11 9 19 18 15 50 25 11 13 18 25 38 13 2 8 16 21 34 37 39 1 40 50 24 34 0 13 
37 14 47 48 6 48 27 3 24 34 39 6 20 37 32 26 37 18 2 1 42 1 36 18 46 22 10 27 48 21 9 46 35 3 13 12 15 15 0 
12 0 27 12 11 28 24 27 16 14 1 8 25 4 33 23 33 21 36 28 30 3 35 39 50 5 4 25 44 22 18 25 20 12 22 6 25 40 32 
24 12 0 41 31 8 10 19 23 18 27 23 2 33 27 35 35 13 28 39 12 7 25 49 33 44 47 26 38 14 32 27 48 44 40 13 16 39 22 
27 30 32 0 32 36 49 21 21 35 48 36 27 10 29 36 29 25 49 13 9 37 12 34 31 10 36 50 26 8 43 15 19 47 41 1 10 30 26 
39 1 13 24 0 12 29 3 37 23 48 13 16 15 14 4 31 36 15 46 1 22 50 49 46 13 43 34 18 31 19 28 26 49 50 11 13 46 13 
1 6 29 24 14 0 3 13 43 29 1 16 17 6 37 15 30 4 39 2 17 12 20 45 36 6 4 21 37 18 15 4 41 35 23 15 41 23 49 
37 47 33 20 15 34 0 3 15 14 42 12 19 47 22 12 30 2 31 11 44 18 11 32 27 26 14 47 26 32 33 22 24 8 6 3 5 34 42 
6 12 34 42 40 29 25 0 49 19 33 29 6 22 35 31 30 31 27 15 7 45 1 37 28 33 32 21 39 12 41 19 8 46 10 26 49 10 26 
21 4 2 28 45 15 47 27 0 11 38 44 28 26 27 40 27 48 5 26 7 10 9 9 37 37 28 14 22 10 13 9 32 20 5 7 12 6 17 
6 23 31 6 21 34 45 34 16 0 43 19 19 12 22 24 4 17 12 46 15 41 17 1 26 17 49 29 13 9 21 21 28 22 31 49 3 26 4 
38 25 43 3 13 22 4 42 1 38 0 9 16 39 45 17 41 27 40 23 6 39 23 5 33 26 45 23 41 48 32 23 21 29 13 24 21 23 38 
5 29 23 26 48 41 5 44 33 26 12 0 32 5 10 31 21 16 16 21 10 28 18 50 13 45 20 16 38 38 26 21 47 18 39 35 44 34 14 
25 14 29 33 13 47 29 17 27 13 40 9 0 48 9 1 14 11 37 30 10 32 29 26 17 6 8 6 16 14 17 25 38 38 2 41 7 32 46 
6 3 35 28 44 3 49 30 29 13 46 5 28 0 48 14 24 32 47 39 12 27 5 42 14 3 11 38 2 22 46 18 45 32 15 32 27 26 4 
36 24 19 27 29 43 20 10 39 28 24 14 21 45 0 18 20 20 1 12 21 26 33 15 47 9 33 46 2 23 14 17 38 49 29 12 15 44 50 
27 49 45 44 23 11 29 8 26 24 27 12 46 31 15 0 5 29 3 10 22 19 47 48 18 37 26 11 37 15 43 33 4 27 21 25 14 27 32 
11 4 19 1 8 22 26 12 18 36 23 44 50 10 6 22 0 31 30 1 27 7 48 1 42 44 34 41 24 36 26 7 2 29 47 43 6 4 19 
39 26 43 26 8 25 15 21 43 24 48 5 41 45 13 1 26 0 14 4 27 8 25 32 3 26 43 30 21 16 4 17 1 18 12 42 26 35 32 
40 26 27 23 41 17 26 31 36 12 40 29 22 29 3 28 12 15 0 44 40 50 15 46 45 6 40 7 48 37 29 4 37 16 44 24 29 50 35 
34 16 27 46 8 19 31 38 32 39 48 41 1 27 32 45 33 26 30 0 33 17 2 10 29 44 7 9 3 13 28 6 25 28 27 32 29 14 4 
8 28 14 19 8 19 50 46 29 27 6 22 12 49 49 18 19 32 6 48 0 2 2 11 28 25 5 33 24 14 24 46 3 32 29 18 3 20 49 
45 41 30 49 28 32 48 41 17 8 26 11 9 50 24 16 3 6 18 36 44 0 4 36 26 33 6 32 3 41 34 31 46 49 20 38 15 19 4 
24 29 31 34 38 26 49 4 16 46 30 16 27 12 36 34 6 42 6 5 17 23 0 50 45 1 34 27 31 13 40 13 9 47 49 33 39 5 10 
16 11 28 29 41 36 24 25 8 19 10 15 15 46 10 15 38 1 30 37 34 5 50 0 18 42 27 34 22 19 28 30 48 29 46 27 45 28 38 
33 14 21 26 26 9 21 48 25 17 49 33 12 32 9 19 27 11 11 10 37 15 3 3 0 6 30 40 13 37 19 20 15 38 50 19 16 16 8 
30 41 48 45 2 17 23 37 17 48 39 11 20 16 34 18 1 19 12 19 20 46 20 8 11 0 7 47 34 46 12 14 44 3 19 32 20 12 43 
14 36 30 20 14 42 24 27 49 4 31 20 50 50 5 48 38 34 22 40 34 45 20 40 41 6 0 34 46 8 2 35 15 6 8 6 26 40 1 
33 28 35 35 9 44 3 26 12 15 39 6 31 49 49 23 10 19 17 41 29 9 9 29 19 48 20 0 17 14 42 44 30 8 38 1 45 6 49 
36 27 37 15 44 20 7 3 21 37 16 34 49 37 10 50 22 24 20 6 16 12 24 36 13 21 21 10 0 48 43 48 4 17 12 33 40 4 15 
16 39 22 17 27 33 1 31 44 8 20 9 17 28 25 50 33 25 3 1 3 23 49 47 5 28 40 12 17 0 38 4 20 46 8 9 31 34 50 
36 42 36 32 27 14 41 40 27 20 30 18 29 9 37 4 12 43 41 26 12 49 44 40 14 7 4 50 13 10 0 20 44 17 34 40 12 16 22 
47 36 7 16 2 20 33 50 9 46 34 43 46 16 41 9 38 37 49 46 18 21 10 41 28 17 1 36 1 46 20 0 26 39 40 47 5 19 47 
47 24 7 15 48 9 17 21 14 4 4 8 46 3 14 20 4 26 26 17 39 36 20 48 49 14 27 9 5 6 20 37 0 40 42 40 25 40 4 
23 2 24 8 3 47 33 43 1 17 12 19 37 21 29 3 9 12 5 10 16 35 32 9 16 9 35 18 19 4 13 39 30 0 1 3 24 43 32 
33 23 16 6 14 10 47 36 20 49 8 38 33 29 21 31 38 39 21 16 42 45 13 15 25 47 4 24 39 37 18 6 10 28 0 29 32 45 10 
21 23 12 31 39 37 11 31 21 35 19 50 14 15 4 28 40 39 11 1 32 18 7 24 47 34 31 2 29 6 50 39 36 28 18 0 48 4 11 
6 26 5 45 26 20 5 40 24 4 2 33 38 41 22 44 29 4 17 39 35 6 6 9 3 16 35 31 14 36 47 6 24 30 33 35 0 46 38 
43 37 19 8 11 28 1 46 19 9 17 43 49 14 32 15 27 1 21 47 42 10 35 25 26 38 7 46 9 8 9 38 49 42 12 30 20 0 27 
46 29 9 7 48 26 14 22 37 34 25 10 4 32 14 50 46 33 2 45 32 23 21 5 38 11 1 30 44 8 3 3 46 50 6 43 39 35 0 
13 0 9 11 4 1 24 22 50 5 28 24 50 46 30 28 25 45 23 8 4 20 38 26 35 29 30 32 22 15 5 27 22 11 12 21 43 35 29 
22 48 0 33 39 6 23 7 45 13 23 25 21 5 33 36 35 16 25 34 26 26 22 43 50 35 1 1 2 39 35 10 35 40 17 2 10 22 31 
32 3 29 0 34 17 9 48 44 50 44 37 27 46 46 10 10 3 50 6 33 4 5 22 5 7 29 14 40 31 38 32 26 13 35 43 31 48 42 
6 35 3 42 0 1 8 16 12 39 14 26 31 14 2 5 40 28 28 32 25 28 39 45 8 14 12 13 11 14 11 3 30 13 11 45 22 30 13 
4 15 39 45 40 0 50 15 50 25 31 22 24 8 16 50 24 15 17 40 45 29 40 45 6 48 28 12 46 19 3 7 34 10 15 24 17 36 34 
50 45 44 14 38 33 0 39 41 4 37 31 39 47 29 32 36 35 15 21 34 47 12 39 19 32 22 24 39 15 43 43 33 38 31 18 45 2 15 
2 13 17 8 25 25 16 0 30 7 29 2 25 31 9 47 3 38 38 7 25 33 17 9 1 27 11 45 48 2 16 11 38 34 20 14 8 18 39 
38 15 4 2 15 46 38 41 0 12 35 37 36 44 30 39 27 33 36 4 16 32 15 31 18 29 42 18 15 41 12 46 39 35 49 1 42 21 32 
2 14 14 37 49 11 12 16 22 0 31 49 7 38 28 5 2 8 23 35 37 23 24 28 23 50 1 39 48 1 46 30 47 7 2 34 40 3 46 
16 21 6 13 20 37 16 34 25 18 0 34 34 42 28 8 35 9 28 37 41 37 49 22 15 16 27 2 2 1 37 45 16 49 13 8 15 31 11 
5 41 8 17 27 22 14 17 4 3 40 0 22 43 7 4 12 9 17 49 42 48 43 36 15 33 39 24 19 36 30 20 44 4 48 24 46 34 21 
23 50 1 49 23 50 13 29 44 39 12 37 0 4 41 16 40 13 12 6 44 34 38 49 45 32 25 33 46 19 45 33 8 29 39 45 50 41 50 
20 37 2 5 46 35 8 49 27 30 29 15 36 0 12 40 41 37 35 2 6 17 49 18 17 11 49 6 4 9 15 47 16 49 14 42 20 42 30 
43 14 38 34 49 4 18 4 10 22 19 39 3 10 0 49 36 33 22 19 35 44 47 30 4 41 12 34 13 17 22 20 21 49 8 42 38 19 34 
1 15 50 7 39 34 36 20 13 37 18 14 32 21 1 0 7 36 46 34 34 43 38 20 5 37 39 2 48 40 46 19 11 17 49 21 5 36 37 
9 46 18 21 49 47 46 4 41 49 20 42 22 47 4 35 0 41 14 45 45 21 50 32 39 30 18 19 7 47 33 1 46 22 49 38 39 16 22 
39 24 10 34 49 4 28 49 24 22 7 32 9 8 11 41 17 0 9 14 30 42 32 29 39 8 8 49 25 21 23 10 16 19 19 25 22 36 37 
2 29 11 32 44 47 1 15 25 43 35 31 33 29 25 37 31 8 0 45 21 27 41 5 4 28 2 13 41 14 40 33 40 6 30 8 36 20 10 
38 33 39 43 34 6 40 41 40 31 42 33 39 18 27 15 11 11 24 0 8 5 43 34 10 2 36 11 46 26 3 21 39 17 21 20 12 33 34 
8 50 14 37 12 32 50 31 1 15 13 41 20 47 12 12 6 46 50 30 0 41 48 46 45 16 38 10 4 16 18 48 16 33 27 3 25 44 18 
31 2 11 22 35 46 33 35 33 25 28 6 16 25 13 4 43 11 4 20 22 0 24 22 47 15 34 17 48 9 43 44 37 19 38 15 48 19 20 
14 50 12 31 5 36 26 11 2 24 3 29 35 43 21 25 46 7 30 14 7 2 0 30 35 27 41 31 41 37 28 10 15 35 23 47 5 8 42 
20 37 21 5 32 44 45 30 9 1 17 45 43 9 18 6 14 12 21 28 4 15 5 0 36 24 25 14 39 45 12 46 17 17 4 38 44 44 2 
20 36 41 48 32 31 24 43 36 2 47 30 9 36 35 31 39 5 32 35 31 8 30 7 0 36 48 5 1 28 39 21 25 12 13 42 35 37 7 
33 25 12 31 39 13 42 15 3 11 32 36 16 33 13 10 21 13 7 34 12 35 26 24 16 0 47 31 23 18 47 44 1 44 33 23 7 23 1 
19 18 15 21 45 45 19 42 24 39 13 3 42 30 28 3 45 48 50 38 16 42 32 20 47 6 0 17 32 42 34 11 6 37 21 44 40 20 42 
41 32 6 24 24 43 10 16 6 15 23 41 38 25 8 36 35 28 36 45 24 39 28 38 50 41 29 0 8 17 21 36 39 34 3 8 19 33 43 
18 39 11 32 1 3 9 1 46 36 48 1 37 17 4 25 18 2 4 19 24 34 15 3 50 36 30 34 0 8 36 18 40 3 43 10 47 35 43 
39 25 29 50 45 44 10 16 35 19 36 9 35 7 15 14 20 35 25 8 33 16 24 25 44 11 18 8 48 0 45 8 7 41 26 13 29 41 25 
39 22 43 34 1 11 49 50 1 12 26 40 23 26 23 27 11 24 2 4 6 35 26 2 18 41 12 29 19 10 0 44 36 24 45 46 4 16 49 
15 13 27 45 10 7 33 9 22 33 35 14 16 39 28 38 19 4 46 41 17 11 50 21 32 42 18 40 16 29 30 0 19 12 12 10 40 28 12 
26 20 20 9 19 29 44 5 44 6 9 37 27 42 8 26 33 4 13 6 14 19 39 43 44 44 3 16 3 4 29 38 0 10 8 29 27 22 8 
42 21 28 27 48 13 32 30 2 38 12 37 30 7 27 22 49 7 32 27 16 26 27 28 3 41 27 21 27 20 13 32 4 0 26 12 43 29 37 
22 27 11 15 42 16 5 17 24 23 11 38 9 23 46 45 42 17 45 50 25 8 36 11 3 33 25 30 33 5 45 35 44 12 0 36 5 16 2 
35 11 23 37 17 5 11 39 11 41 36 10 34 46 48 29 13 14 41 1 12 9 41 25 34 20 28 26 45 48 38 41 29 41 32 0 34 27 38 
42 32 1 14 23 35 44 23 21 50 38 15 50 22 15 16 40 27 21 48 3 47 27 35 45 14 4 46 32 44 14 15 2 25 23 10 0 50 49 
37 6 32 12 49 29 39 30 49 16 26 13 1 6 14 30 36 45 5 16 20 9 32 49 42 28 36 23 13 25 49 6 17 42 40 15 17 0 42 
48 48 47 15 16 38 20 19 44 9 2 23 40 29 5 34 30 28 25 33 20 22 44 16 17 24 17 21 47 10 16 49 13 44 47 8 20 5 0 
44 0 44 29 24 35 28 22 41 36 21 1 33 12 13 41 34 23 27 5 31 49 42 21 50 22 34 43 3 11 46 32 48 14 25 34 32 5 46 
38 17 0 44 27 39 47 20 14 48 4 9 29 22 21 3 40 7 2 23 29 2 1 35 20 30 40 39 4 19 37 29 9 29 27 39 39 37 22 
3 25 30 0 8 36 40 45 32 24 12 45 25 19 33 9 26 45 37 32 25 47 49 8 16 46 11 25 50 50 46 32 15 3 35 49 49 50 44 
15 46 25 49 0 17 28 10 45 18 47 1 4 32 2 7 13 25 4 17 15 13 25 15 45 32 28 30 30 22 35 34 11 27 1 22 37 50 49 
33 31 6 2 44 0 29 50 47 14 30 8 41 10 46 33 35 32 41 31 31 17 39 48 30 23 34 14 41 27 32 31 21 13 26 22 36 9 12 
32 37 46 35 14 50 0 23 31 25 39 28 42 20 32 7 20 33 44 34 26 29 10 15 10 21 33 50 38 29 35 24 47 27 20 9 44 35 32 
25 48 8 42 10 26 13 0 35 12 49 14 44 44 28 3 33 33 23 22 37 14 32 50 35 3 41 15 32 16 50 24 13 35 1 20 36 19 38 
1 40 47 37 22 2 24 36 0 41 47 45 45 38 37 22 49 19 44 48 23 40 20 11 32 20 12 26 2 9 44 9 18 15 46 23 33 40 28 
10 49 12 18 50 19 37 21 13 0 38 42 37 33 26 38 46 49 31 29 16 18 10 27 23 27 48 39 27 31 43 14 40 9 41 34 50 12 22 
20 43 45 49 50 38 11 23 11 33 0 30 20 47 42 4 25 11 1 22 40 41 2 30 11 41 20 24 2 28 42 42 39 34 27 12 36 22 20 
10 39 13 5 37 6 48 11 46 23 36 0 35 31 34 28 23 32 18 13 35 8 30 15 9 46 19 42 42 36 21 31 18 3 41 42 34 28 37 
15 25 14 31 25 1 17 43 12 9 11 12 0 45 44 23 38 13 30 24 4 10 19 14 6 26 26 43 18 32 40 43 44 45 46 4 39 22 27 
6 15 43 3 8 34 32 24 26 38 46 16 29 0 12 10 24 27 47 12 8 5 50 9 49 11 22 16 17 17 50 41 35 16 36 25 10 12 7 
11 30 24 2 50 6 23 17 12 31 35 22 19 7 0 28 14 23 7 7 44 43 37 18 15 8 27 48 11 50 44 38 1 12 21 37 32 34 4 
1 3 26 45 11 36 33 46 31 34 8 3 13 18 4 0 19 15 25 13 10 45 23 9 13 17 18 44 34 10 49 20 46 30 20 7 4 18 48 
27 33 32 12 47 14 3 48 31 20 48 44 6 13 20 25 0 9 28 45 14 28 43 42 50 36 32 14 12 24 44 12 50 1 17 49 30 28 33 
26 45 10 20 38 25 37 17 44 8 27 6 11 29 9 5 21 0 34 42 33 27 16 50 41 24 37 8 48 43 39 15 41 47 26 2 50 4 9 
5 18 13 19 39 7 36 19 33 33 42 46 47 15 38 45 7 11 0 46 19 46 1 17 40 24 5 44 37 9 35 27 9 1 13 30 24 21 8 
28 44 6 6 5 26 6 48 43 50 3 3 20 42 5 36 13 5 2 0 24 46 34 13 50 10 48 7 33 46 35 36 15 25 50 34 2 14 40 
47 42 34 27 13 44 35 6 16 36 4 16 50 25 23 47 12 44 31 7 0 46 7 20 24 2 8 15 39 29 21 8 3 23 23 8 10 41 20 
21 20 15 5 33 21 29 31 35 11 42 28 38 40 22 7 44 41 23 11 25 0 5 30 47 28 46 29 2 43 27 17 13 7 43 24 12 42 42 
24 49 45 22 23 5 47 1 34 18 32 16 29 18 38 31 45 16 40 19 27 38 0 43 28 38 8 44 29 22 45 17 10 16 3 17 24 16 3 
33 26 50 27 12 11 20 28 49 50 26 26 49 8 22 23 15 37 6 17 35 15 11 0 19 30 39 2 22 1 27 2 15 15 42 34 15 20 50 
26 33 8 10 10 45 4 46 47 10 39 43 38 30 18 50 19 18 15 31 48 24 10 49 0 28 22 48 11 12 7 24 7 3 15 12 24 9 26 
6 17 16 34 43 42 34 8 40 23 47 16 24 17 1 39 3 3 24 10 33 39 47 43 35 0 40 36 32 40 23 19 44 41 44 12 48 16 14 
31 18 16 21 33 26 15 46 34 8 7 14 13 9 1 50 43 18 20 24 50 3 7 2 18 18 0 5 3 26 31 5 3 24 39 22 6 44 12 
7 22 29 39 7 29 26 26 10 10 44 41 1 45 29 43 15 28 12 15 4 15 21 12 21 4 3 0 4 41 24 38 45 6 32 12 48 45 11 
47 28 26 42 8 46 10 35 31 11 25 32 25 45 45 30 9 42 2 17 19 4 27 22 36 36 22 49 0 36 20 34 31 48 5 31 34 39 12 
8 26 2 37 23 42 30 9 50 43 1 26 23 20 47 28 43 44 2 5 6 22 24 12 49 11 27 44 35 0 20 14 12 42 48 35 26 16 32 
31 35 42 28 37 29 48 10 48 14 34 20 13 38 32 35 7 36 3 41 38 13 16 37 24 30 30 39 34 25 0 36 22 13 11 14 18 13 28 
36 45 14 39 14 13 10 16 8 26 30 8 41 50 24 26 44 19 20 6 5 7 50 10 27 23 29 13 7 2 25 0 15 22 29 1 9 27 50 
49 3 27 9 23 4 10 27 35 37 49 38 17 45 49 7 24 29 45 5 13 42 35 47 9 6 2 16 36 13 50 16 0 49 45 20 17 29 47 
35 46 50 50 38 43 15 20 36 30 17 16 6 22 14 23 37 7 19 31 50 17 3 44 41 22 37 33 40 22 26 32 28 0 28 45 50 5 13 
4 42 33 39 21 23 50 21 8 28 2 26 8 14 49 49 47 18 44 7 9 17 6 32 31 14 5 35 38 28 27 14 19 24 0 3 27 49 11 
46 31 45 21 15 10 31 14 14 13 33 30 31 27 6 49 4 38 36 1 9 8 19 15 33 30 2 39 8 35 11 22 1 36 23 0 14 12 39 
2 47 1 17 50 42 2 9 47 50 8 20 21 16 42 48 2 39 12 30 38 36 8 43 6 30 3 12 29 46 5 43 37 16 37 39 0 50 43 
8 27 13 25 33 2 31 38 15 45 31 3 34 34 2 32 1 16 40 9 12 20 40 41 30 2 45 16 33 5 29 3 49 10 31 36 18 0 14 
4 6 13 18 16 8 31 26 12 22 41 6 16 21 50 42 31 39 37 23 45 31 7 15 6 10 17 28 5 24 4 16 15 37 13 34 46 44 0 
