16
23
50 0 34 38 16 36 46 32 41 35 22 50 49 11 48 38 20 2 34 36 25 49 28 29 
21 24 0 4 40 3 20 33 35 44 32 20 44 3 16 7 38 8 21 44 43 20 4 32 
14 11 34 0 41 50 30 11 17 10 22 5 18 42 32 7 29 22 2 37 7 18 42 5 
36 5 46 47 0 29 5 6 36 9 17 43 40 29 19 29 34 6 34 16 11 23 48 49 
15 6 2 42 22 0 41 33 48 15 23 7 48 37 4 33 32 12 4 37 47 2 50 42 
28 10 43 19 32 23 0 2 31 32 39 7 31 42 28 13 34 45 27 19 28 18 23 22 
43 30 23 2 4 8 37 0 1 48 16 14 24 32 30 22 1 25 13 43 25 9 31 23 
42 5 49 20 42 21 33 22 0 25 6 39 50 39 9 22 49 24 46 39 9 16 29 4 
31 5 24 26 44 15 25 48 13 0 13 8 32 47 5 38 45 31 15 44 39 18 44 30 
33 43 4 15 20 29 21 22 8 14 0 1 18 16 18 45 39 8 50 8 26 38 32 28 
25 44 37 1 8 45 22 40 37 38 26 0 41 34 41 1 6 20 43 42 1 18 46 37 
22 28 36 26 37 39 11 18 42 2 15 29 0 21 33 28 14 27 37 24 15 31 41 28 
12 49 7 45 39 34 46 32 10 29 7 15 24 0 22 19 35 1 26 20 34 40 19 12 
30 23 42 29 15 14 45 32 7 32 50 25 28 31 0 45 23 35 46 20 5 50 15 19 
5 43 8 2 23 39 11 7 38 44 37 28 22 47 5 0 32 18 16 48 1 34 24 48 
42 5 7 4 36 38 20 14 13 15 5 37 37 7 13 22 0 43 46 25 13 32 41 3 
24 26 30 15 3 40 3 15 36 31 45 17 48 17 36 26 20 0 18 30 25 13 17 11 
19 25 6 44 6 5 9 12 17 1 2 33 29 6 23 18 25 10 0 1 20 7 42 41 
15 5 8 21 6 45 2 17 40 7 16 12 41 47 46 48 11 27 19 0 29 16 46 34 
7 20 47 1 5 15 13 47 4 27 35 41 40 48 34 4 18 15 35 13 0 27 14 45 
33 22 29 13 41 44 38 14 25 20 21 1 1 10 45 48 2 28 10 12 36 0 6 6 
7 50 27 24 2 15 32 34 8 44 26 14 30 26 3 22 4 16 14 11 22 19 0 48 
34 45 24 17 33 35 17 2 10 28 16 23 13 15 20 37 49 43 36 14 7 26 46 0 
16 0 22 49 7 6 46 23 46 35 38 2 43 30 28 48 49 50 42 42 16 36 14 4 
40 8 0 34 30 15 18 36 6 41 8 49 9 46 34 29 11 7 38 32 31 35 12 22 
41 9 2 0 44 37 22 16 10 10 2 19 10 49 23 17 8 29 49 33 12 35 31 20 
3 16 21 32 0 36 29 5 34 19 29 36 44 22 14 24 50 34 26 49 39 8 27 25 
30 39 41 30 4 0 32 2 1 37 11 39 50 29 16 41 31 31 6 19 1 31 13 29 
45 45 5 50 50 36 0 37 42 13 26 41 42 44 46 49 1 2 17 29 49 33 33 14 
46 34 44 45 18 34 39 0 27 44 17 10 46 35 49 33 3 15 1 19 26 24 38 25 
48 36 32 5 17 34 3 14 0 47 13 31 10 17 6 42 20 9 24 49 48 25 34 50 
15 3 20 14 15 49 15 7 40 0 8 10 47 10 36 29 23 44 41 3 14 34 5 40 
17 48 24 32 10 3 26 41 50 14 0 36 18 3 48 20 39 16 32 6 41 3 7 10 
32 34 31 2 6 7 22 21 17 10 13 0 4 17 41 18 5 5 15 17 10 33 25 18 
27 25 24 3 38 32 29 14 37 10 38 42 0 48 30 1 21 35 28 43 20 9 40 45 
4 48 48 27 1 27 37 47 27 8 17 4 27 0 33 4 35 39 39 47 27 44 29 50 
21 26 4 45 32 33 40 5 10 37 31 20 5 40 0 6 28 38 1 13 11 35 32 26 
24 38 31 44 5 32 12 14 1 25 49 28 2 47 32 0 5 15 37 3 8 17 47 13 
50 45 34 11 10 26 32 18 15 40 50 30 7 2 40 36 0 24 48 24 30 46 7 13 
4 31 6 47 48 25 32 24 9 28 26 32 49 21 21 3 38 0 20 7 34 39 2 17 
26 3 26 2 30 10 44 17 18 43 33 30 31 4 30 34 44 34 0 16 41 3 31 20 
41 16 4 45 37 11 39 23 24 3 14 30 44 22 23 3 15 16 11 0 9 39 17 41 
40 49 8 36 13 1 24 11 15 45 34 36 36 26 16 7 7 29 21 9 0 28 17 25 
37 13 21 31 2 26 42 23 32 25 25 14 46 30 25 27 22 1 42 50 35 0 10 37 
38 27 49 9 4 31 19 8 14 24 25 21 24 42 20 22 36 23 23 2 11 12 0 13 
20 28 33 2 49 8 36 18 40 27 26 34 4 3 17 39 42 13 17 12 41 21 9 0 
2 0 35 2 30 7 27 12 9 26 26 15 29 32 22 29 20 1 28 7 35 45 48 9 
17 20 0 20 35 32 39 45 50 23 50 19 32 18 47 29 29 41 28 19 50 9 40 24 
35 17 14 0 44 17 34 34 36 15 4 27 36 10 38 43 31 20 32 26 43 30 13 41 
12 24 22 49 0 17 8 26 48 50 27 46 35 18 19 46 28 17 39 14 5 29 41 11 
19 42 48 48 50 0 19 33 48 45 23 27 2 20 46 35 18 29 39 6 27 10 15 4 
25 13 24 5 10 4 0 17 9 12 21 13 3 8 19 10 27 30 18 30 2 13 41 17 
26 33 32 22 35 16 23 0 15 2 5 39 23 35 27 14 24 44 28 14 15 32 8 43 
28 49 20 13 26 9 30 14 0 41 34 47 48 23 28 33 33 43 39 6 11 49 19 46 
26 50 16 45 36 25 49 27 35 0 19 40 5 23 16 3 48 6 22 42 48 39 39 29 
42 46 12 45 22 26 26 47 44 9 0 3 44 14 10 15 45 40 43 8 12 30 33 23 
10 18 40 42 50 39 8 22 7 38 22 0 25 49 24 30 27 1 9 22 46 47 20 22 
40 39 42 28 2 6 32 27 50 10 24 3 0 28 32 35 26 8 37 37 47 7 42 36 
16 21 11 16 7 3 8 37 26 40 46 50 4 0 9 12 6 17 26 11 22 16 26 22 
2 45 17 34 14 10 10 24 15 48 3 27 7 42 0 40 25 24 42 23 48 13 33 33 
32 18 47 31 21 21 46 21 20 40 50 9 21 41 20 0 45 28 17 17 31 2 1 32 
5 14 27 2 38 30 44 28 10 20 13 35 16 18 29 39 0 4 20 28 33 37 8 34 
20 34 4 48 45 32 47 2 31 31 36 42 18 45 20 8 41 0 27 12 40 40 8 6 
5 27 50 28 13 12 25 18 45 48 31 8 18 35 32 49 47 13 0 18 33 5 30 27 
11 45 34 12 37 7 26 18 44 12 28 50 22 46 4 34 40 7 14 0 42 45 37 38 
2 24 9 29 15 27 22 26 2 25 1 39 34 30 1 38 12 20 30 37 0 47 40 35 
11 4 44 30 29 27 41 39 32 24 7 32 38 29 28 11 42 23 36 27 25 0 21 7 
21 5 40 19 3 22 16 1 42 13 39 48 26 22 48 44 50 12 37 19 15 27 0 48 
13 10 34 10 38 15 11 14 11 41 47 24 26 39 8 38 17 17 24 16 20 49 31 0 
3 0 39 44 29 37 15 39 2 43 44 7 28 10 19 13 28 36 31 49 29 8 30 49 
22 6 0 43 24 20 3 41 11 28 15 29 32 21 45 37 25 49 23 39 4 30 19 12 
48 19 5 0 39 39 35 22 21 23 24 40 23 24 44 42 20 50 2 33 30 14 32 38 
42 34 50 7 0 50 7 20 26 20 4 45 46 5 15 14 3 27 7 45 6 9 31 23 
13 31 8 4 40 0 2 47 39 49 16 32 14 6 39 29 22 14 4 48 21 20 30 49 
37 5 36 50 7 24 0 19 26 30 11 12 37 26 42 4 31 24 23 15 46 30 24 2 
8 14 48 35 31 3 11 0 11 3 34 33 22 49 4 3 41 16 30 41 3 3 45 3 
3 30 11 23 25 49 5 34 0 19 14 3 28 37 9 39 39 23 19 1 9 3 44 21 
5 27 22 32 49 17 40 21 50 0 14 11 45 6 20 30 37 12 49 1 15 9 46 26 
16 32 28 41 18 34 2 37 50 10 0 9 7 47 3 17 7 17 29 43 4 15 26 15 
33 20 44 33 40 11 3 30 13 9 2 0 6 1 22 27 23 38 49 28 12 36 47 13 
34 34 45 42 34 36 16 43 12 41 18 45 0 21 25 1 12 27 47 31 47 49 45 47 
17 35 41 7 6 6 38 14 30 37 7 10 49 0 45 19 20 44 48 16 40 16 34 28 
6 48 37 37 1 16 5 1 15 39 37 28 8 43 0 29 11 38 25 27 39 9 15 15 
2 17 9 27 37 50 33 6 32 34 8 36 9 19 19 0 37 49 25 36 42 21 13 18 
11 28 16 37 29 16 39 45 20 41 34 35 20 43 39 18 0 2 33 34 6 45 50 8 
20 42 19 38 29 14 23 23 44 40 50 48 50 22 13 4 40 0 44 39 39 45 26 35 
50 44 11 7 35 9 38 8 23 11 20 47 46 11 28 11 32 47 0 18 40 45 20 46 
39 47 40 30 44 12 6 12 13 44 7 19 45 18 7 39 15 7 33 0 28 37 30 25 
17 44 13 34 8 42 27 37 40 30 49 22 11 46 30 44 46 18 50 8 0 3 39 42 
34 43 26 9 4 33 12 43 10 9 23 23 36 32 29 49 21 36 8 17 40 0 47 47 
47 44 35 13 38 10 38 23 22 29 3 30 41 33 34 24 4 29 38 39 14 39 0 23 
45 13 17 19 29 22 46 22 3 38 47 29 16 20 21 25 33 23 36 1 45 34 2 0 
38 0 17 38 13 4 39 2 8 33 9 21 41 50 21 42 9 2 27 7 1 43 45 4 
18 5 0 34 4 6 17 28 38 29 11 11 30 3 42 10 42 33 1 30 14 21 45 29 
21 4 42 0 14 35 25 38 34 10 43 13 20 9 21 36 47 41 6 21 42 30 40 42 
39 18 43 35 0 24 50 13 32 33 24 26 13 50 14 4 43 14 42 28 2 37 41 22 
1 22 48 5 40 0 8 1 4 50 32 13 3 47 43 40 15 34 48 12 30 47 34 8 
36 33 38 14 8 1 0 3 39 6 49 46 42 14 27 45 24 25 33 20 26 32 38 12 
8 1 24 27 44 4 26 0 11 26 18 14 12 23 3 45 43 4 48 44 7 5 2 2 
27 38 40 25 38 47 27 8 0 27 48 22 30 14 34 24 9 35 31 39 20 25 1 15 
23 21 30 40 17 29 39 31 7 0 6 49 48 39 5 30 38 14 49 11 37 14 2 23 
32 10 30 39 9 27 17 32 28 27 0 24 17 4 8 8 11 29 39 17 15 25 15 37 
35 5 6 43 25 22 14 14 1 22 49 0 49 31 38 41 30 5 41 25 22 21 16 39 
26 31 7 39 32 49 48 37 49 18 23 45 0 35 4 35 42 11 14 14 24 45 6 10 
27 24 39 9 13 24 50 43 16 20 17 30 13 0 19 33 33 15 4 35 1 32 8 43 
7 26 21 49 15 9 8 43 44 21 22 30 16 44 0 41 35 14 49 25 7 26 19 25 
22 24 28 31 50 20 11 6 28 20 32 32 34 43 26 0 36 34 9 28 23 10 42 40 
18 39 25 19 22 2 7 1 17 39 1 49 26 37 28 9 0 23 33 16 44 11 35 12 
7 43 38 14 42 49 48 46 16 31 35 10 43 25 2 39 5 0 22 19 15 44 33 44 
50 49 6 1 6 40 44 48 29 34 28 18 27 34 38 16 3 19 0 43 36 18 42 27 
36 34 22 45 12 23 43 20 18 25 49 39 16 36 49 43 6 22 33 0 6 27 15 8 
25 6 17 6 17 46 1 47 26 9 22 20 17 35 46 33 26 37 14 10 0 44 28 46 
22 30 4 27 38 15 35 36 1 22 27 47 39 45 17 27 25 17 28 23 31 0 45 16 
32 9 10 39 8 20 13 5 14 47 11 46 27 13 19 14 33 41 23 22 49 41 0 38 
8 39 10 11 39 44 17 6 16 28 14 23 19 29 26 28 17 38 17 13 1 29 50 0 
40 0 14 7 4 45 33 8 24 18 41 21 3 1 48 9 24 12 48 42 46 18 13 41 
1 36 0 8 14 6 34 33 29 38 30 40 20 47 33 41 22 23 8 5 47 32 48 27 
26 30 8 0 14 6 15 9 33 32 28 24 6 19 37 19 2 40 36 13 34 23 11 29 
13 41 22 26 0 19 38 13 16 9 4 9 33 34 49 20 27 15 29 47 8 43 24 28 
22 36 4 7 15 0 12 19 15 4 15 2 46 23 34 39 41 46 20 12 15 2 10 5 
36 4 21 9 48 5 0 27 4 37 40 14 50 41 15 32 48 5 41 40 6 19 33 3 
47 44 26 39 1 38 31 0 9 26 13 31 19 3 45 3 21 11 27 11 16 7 10 35 
48 26 14 22 7 25 13 4 0 37 4 2 25 16 23 16 27 16 6 31 38 38 10 47 
29 4 2 20 29 30 8 17 46 0 37 10 28 14 37 16 24 34 13 9 45 15 2 21 
38 49 45 1 45 10 27 22 48 39 0 30 36 19 6 6 35 25 29 37 6 38 7 45 
3 40 50 32 47 26 29 15 32 28 34 0 14 21 35 29 13 8 20 16 13 40 35 2 
48 19 29 29 34 17 29 47 33 32 5 43 0 12 45 29 30 47 19 24 48 9 36 42 
36 50 47 16 30 36 23 45 5 18 38 3 14 0 19 47 45 49 3 31 1 33 16 42 
18 19 30 41 19 44 17 37 44 12 27 44 29 38 0 1 50 11 11 38 50 25 24 43 
15 11 50 25 26 46 28 36 10 20 9 29 48 50 46 0 4 1 39 32 44 42 37 25 
19 7 48 4 20 40 45 16 17 44 27 15 30 20 20 42 0 42 17 27 18 25 21 9 
4 50 16 7 37 12 44 30 1 28 36 32 18 28 42 8 46 0 16 4 42 36 21 36 
16 35 32 48 41 28 15 20 1 48 48 44 4 5 33 8 5 24 0 14 26 37 44 38 
2 14 50 9 31 2 22 29 24 33 15 1 23 6 14 4 3 36 9 0 36 34 20 34 
38 4 13 8 49 19 22 46 49 22 47 31 35 41 19 35 18 30 20 25 0 12 40 5 
11 3 42 21 12 40 29 9 4 32 30 12 6 19 45 23 10 2 38 16 29 0 26 25 
30 13 34 2 41 6 14 46 23 48 49 3 5 8 49 11 7 20 13 43 49 5 0 30 
14 17 24 8 11 23 24 25 26 35 28 12 8 28 38 39 4 41 37 8 14 8 16 0 
40 0 16 11 41 32 46 16 33 27 26 34 21 36 18 49 4 23 49 24 24 18 28 46 
41 33 0 19 32 10 3 13 47 16 7 1 34 42 50 32 43 29 11 2 2 37 25 8 
2 22 6 0 37 14 9 41 34 48 13 20 20 9 13 14 7 31 14 29 18 15 36 34 
7 4 41 6 0 45 14 17 26 10 17 26 17 11 5 16 49 39 26 23 3 22 23 30 
24 31 16 4 22 0 38 8 7 44 17 38 49 34 24 3 46 21 32 38 10 4 34 47 
3 2 15 16 41 43 0 43 34 12 34 24 18 26 30 10 46 38 3 10 32 1 23 6 
33 26 36 30 2 22 35 0 13 27 41 34 13 2 7 23 18 15 1 34 26 15 10 7 
27 17 12 36 50 8 44 2 0 47 31 47 32 40 5 14 42 13 28 21 48 27 43 17 
8 39 15 35 46 31 17 47 41 0 24 20 9 13 40 36 35 6 33 39 38 33 6 26 
34 13 2 10 22 49 45 12 30 35 0 50 5 48 35 23 49 21 30 34 6 8 21 47 
1 2 28 43 16 16 38 5 35 2 14 0 32 23 45 22 46 49 47 13 40 24 13 35 
38 50 33 34 19 8 50 1 18 13 16 1 0 9 45 6 29 47 42 31 16 4 34 4 
1 5 50 34 35 9 46 31 23 38 17 40 43 0 33 32 20 47 36 2 46 19 7 44 
13 2 43 18 17 49 44 48 32 5 47 33 30 19 0 25 15 42 23 32 44 14 42 5 
14 47 15 22 34 31 3 39 35 45 11 37 32 43 41 0 29 33 30 41 36 35 47 1 
3 1 23 21 10 24 38 14 31 22 47 30 22 3 27 11 0 18 30 17 13 39 19 33 
43 23 1 44 50 14 23 6 21 18 46 12 22 11 10 43 15 0 48 31 31 15 36 13 
20 27 7 20 23 6 19 34 13 35 19 31 49 10 31 38 50 8 0 16 27 13 26 41 
6 50 8 38 2 15 8 39 18 8 10 32 17 44 45 50 1 2 34 0 34 28 4 31 
12 34 35 10 32 23 49 9 1 44 37 1 20 16 19 18 20 6 47 1 0 24 40 28 
14 45 5 8 16 26 29 43 14 2 20 47 4 18 6 26 16 19 49 9 38 0 30 43 
26 35 32 34 15 29 32 3 7 23 6 21 16 27 16 34 33 22 1 24 49 1 0 19 
15 1 14 30 31 32 25 31 40 35 2 30 24 35 42 15 14 32 50 13 25 49 47 0 
40 0 50 1 36 17 37 38 7 44 25 16 18 34 1 50 1 22 33 42 16 37 14 47 
43 49 0 41 8 38 42 50 38 45 16 4 25 30 31 46 9 44 3 28 9 6 8 18 
9 15 15 0 32 29 30 33 34 11 26 3 9 38 26 30 50 15 44 38 22 2 31 27 
20 20 26 25 0 48 13 9 6 42 35 32 33 43 23 10 22 8 12 33 43 49 28 23 
9 33 15 4 14 0 15 19 37 16 29 39 45 13 3 6 36 21 3 20 12 24 6 44 
37 27 5 23 30 10 0 19 38 28 43 48 17 42 34 10 46 42 24 49 16 4 5 28 
48 19 3 27 13 41 29 0 17 49 4 40 28 27 9 42 39 27 48 42 11 3 15 36 
15 2 11 7 28 38 26 40 0 40 33 49 7 4 27 34 7 47 49 27 49 14 3 6 
34 37 50 35 22 19 13 44 26 0 34 34 39 25 2 35 1 29 24 15 1 46 28 2 
39 13 44 42 45 12 27 16 23 13 0 46 28 20 29 3 4 21 27 39 24 24 21 39 
9 5 13 48 48 26 50 2 11 7 36 0 12 23 29 28 19 32 49 18 12 27 29 25 
15 23 26 20 44 24 7 4 29 19 24 35 0 37 33 14 30 41 23 11 36 22 35 17 
31 26 44 9 7 25 6 9 13 31 31 49 26 0 22 7 7 29 4 3 7 44 49 44 
41 37 19 20 28 39 17 44 3 30 7 46 45 50 0 16 1 29 23 10 12 5 7 34 
39 8 34 17 32 32 19 28 24 32 32 4 22 39 6 0 29 20 47 38 28 19 19 27 
13 7 13 4 24 35 34 38 40 35 3 30 12 44 23 35 0 12 34 2 33 14 13 47 
44 12 23 45 40 16 18 29 15 20 32 22 10 20 28 45 44 0 40 45 43 20 20 10 
45 35 48 12 26 44 18 37 13 50 11 19 42 1 41 44 22 23 0 6 38 10 30 22 
13 16 35 40 9 43 20 21 27 25 3 29 10 43 4 43 35 48 34 0 20 23 50 1 
36 45 3 47 23 20 14 32 50 15 13 35 47 41 5 10 44 43 30 34 0 45 40 23 
31 1 19 31 21 41 26 10 50 13 16 49 46 6 47 48 1 14 43 4 14 0 48 8 
8 2 30 39 41 28 44 17 6 47 22 23 46 5 40 43 42 24 6 13 23 31 0 43 
10 4 47 46 29 21 2 37 9 34 44 11 29 41 3 36 33 7 47 10 3 24 34 0 
1 0 44 11 21 2 30 9 35 36 28 10 21 35 44 32 15 46 5 11 14 39 3 44 
12 2 0 40 39 23 7 26 22 41 37 21 46 3 18 50 1 7 50 50 8 34 20 21 
18 42 2 0 42 1 6 42 11 46 49 50 50 19 12 42 37 28 10 7 20 34 14 49 
30 47 46 4 0 4 14 39 45 11 43 32 22 47 22 15 25 16 49 27 26 47 3 19 
32 39 16 14 22 0 48 28 50 37 5 44 22 46 5 2 39 48 7 5 39 8 38 40 
45 16 14 36 41 21 0 8 39 2 27 29 15 15 39 50 18 47 34 43 45 18 4 50 
20 21 15 10 29 20 43 0 15 12 45 49 21 49 8 13 37 29 29 17 42 45 17 41 
37 1 48 39 8 6 16 43 0 23 41 16 45 15 27 12 29 19 9 13 18 21 17 18 
2 10 34 47 14 16 2 13 5 0 3 30 28 10 32 31 35 9 46 2 27 31 33 14 
48 11 18 50 48 33 33 50 21 21 0 34 47 30 25 9 3 28 21 29 11 42 35 49 
2 48 39 25 4 22 19 40 38 19 46 0 36 36 46 16 4 30 23 4 10 7 27 36 
1 11 50 44 25 6 2 23 22 14 12 17 0 3 10 9 29 28 2 32 47 29 34 39 
24 7 12 18 50 39 39 26 43 26 13 38 14 0 4 29 45 34 36 46 24 23 25 29 
14 45 21 44 26 9 26 31 8 17 22 27 37 13 0 39 2 34 34 39 20 41 41 23 
45 25 50 8 48 11 33 10 17 49 28 49 23 30 45 0 13 17 17 46 6 21 43 28 
42 32 46 35 13 41 35 5 39 24 23 26 20 27 1 29 0 20 26 7 6 28 9 15 
16 23 40 22 22 4 46 36 2 3 48 8 27 2 27 20 20 0 32 45 40 26 1 4 
26 36 17 39 26 31 14 38 50 33 17 30 13 23 19 14 2 43 0 38 21 24 22 19 
25 27 44 6 38 24 34 19 40 16 19 14 36 5 16 21 5 39 16 0 49 25 11 22 
14 48 1 19 44 48 38 30 31 4 17 43 12 32 25 27 15 17 15 27 0 15 44 9 
34 9 36 22 33 33 9 24 45 14 6 30 9 37 5 40 21 3 37 38 11 0 20 13 
5 40 31 13 1 33 11 34 8 21 39 18 11 8 27 5 47 23 31 23 29 6 0 2 
17 40 10 27 44 25 29 6 49 14 47 32 33 3 21 8 42 34 31 48 10 20 19 0 
45 0 33 45 48 40 16 30 47 34 49 38 14 23 42 6 18 9 30 15 40 4 14 26 
45 2 0 27 15 39 40 48 9 43 48 22 16 45 49 27 39 40 19 18 13 34 45 40 
49 16 36 0 16 22 19 45 31 15 31 7 1 47 14 1 42 8 36 40 46 17 1 27 
12 20 33 41 0 25 21 37 2 42 50 12 28 50 4 24 27 40 48 17 7 35 38 48 
31 26 40 28 11 0 27 45 49 24 48 40 24 47 40 28 20 10 28 29 16 2 35 36 
2 39 34 10 1 49 0 50 44 42 25 22 2 16 36 44 27 25 48 1 38 31 10 30 
28 37 13 28 7 30 6 0 23 47 46 40 38 40 27 17 45 1 25 4 49 50 25 38 
13 34 17 2 5 18 1 47 0 5 43 9 6 24 38 21 43 15 36 3 26 7 26 49 
4 1 8 4 1 14 27 12 31 0 3 49 50 44 41 29 2 5 47 49 35 45 31 21 
44 7 30 33 39 13 47 50 32 37 0 36 14 2 47 15 50 34 29 32 29 4 26 38 
28 3 37 34 48 29 9 41 5 23 30 0 15 48 22 32 38 49 34 4 18 14 9 28 
28 6 41 47 16 7 14 3 18 19 19 2 0 30 3 29 49 21 23 47 32 41 22 32 
18 29 2 41 33 46 1 9 25 20 25 10 29 0 8 33 44 34 41 21 13 47 29 20 
2 36 20 35 33 45 17 27 38 6 25 23 18 14 0 17 31 7 18 10 44 33 6 43 
1 42 39 30 13 41 20 10 35 39 10 1 5 14 11 0 18 15 8 43 38 5 5 36 
16 31 18 11 14 45 37 35 37 47 43 20 44 45 15 5 0 37 18 46 40 34 8 13 
12 18 47 50 46 36 40 18 39 47 6 23 50 46 31 6 15 0 49 4 23 4 13 45 
18 24 50 4 7 20 9 15 2 8 18 7 44 18 46 42 50 48 0 29 4 23 38 22 
15 10 6 13 32 42 31 36 9 50 24 29 26 47 33 34 48 31 32 0 5 16 33 39 
38 38 19 8 5 26 25 9 22 31 3 35 45 1 8 27 24 22 22 9 0 7 21 40 
21 46 18 14 32 24 41 34 7 33 21 19 25 13 35 26 11 34 42 2 49 0 24 12 
38 33 41 4 9 33 44 24 33 18 49 49 13 38 12 44 35 31 47 47 3 25 0 32 
33 15 40 46 12 25 16 19 41 48 34 30 32 41 20 33 1 13 10 39 2 27 14 0 
23 0 39 49 41 7 21 2 28 9 14 1 9 39 19 37 33 49 17 49 8 2 29 9 
31 4 0 15 48 47 34 44 36 31 6 2 18 8 13 35 10 48 40 21 26 16 31 33 
32 15 14 0 31 11 22 3 19 12 44 30 19 38 42 23 5 44 16 28 21 3 38 2 
30 20 15 7 0 1 19 32 3 43 1 21 34 34 34 4 34 15 28 37 40 24 28 44 
48 19 25 35 27 0 10 39 10 31 44 13 35 11 47 15 3 1 31 42 38 19 17 8 
40 22 40 33 14 43 0 16 49 28 2 26 17 39 26 34 5 44 5 41 41 41 21 50 
43 37 50 26 37 9 33 0 41 26 32 11 36 13 37 28 25 17 15 46 36 34 35 30 
27 27 17 26 48 34 28 26 0 18 19 23 48 46 15 18 30 40 46 11 1 36 29 41 
22 18 16 30 24 26 45 36 17 0 9 8 23 50 20 34 35 7 48 6 44 17 41 40 
32 11 50 36 7 40 23 35 45 49 0 36 46 8 33 5 4 50 23 34 7 39 39 42 
18 10 6 12 5 3 30 35 24 31 28 0 34 19 25 41 39 46 44 24 13 25 14 25 
26 3 3 44 6 21 34 35 2 44 20 32 0 27 1 29 19 32 15 14 13 16 31 49 
36 30 10 34 38 13 16 26 17 5 36 31 9 0 2 9 25 15 40 47 27 41 50 43 
15 39 18 26 43 49 12 2 9 46 4 18 15 46 0 37 47 22 36 19 3 28 41 20 
20 18 23 40 50 23 19 4 9 36 37 46 46 20 38 0 23 27 6 3 27 36 5 34 
45 29 28 44 25 42 22 47 16 24 19 48 9 20 9 13 0 30 41 43 46 33 29 1 
42 27 35 13 43 48 25 15 35 15 34 29 12 22 29 45 13 0 37 39 21 22 27 23 
30 4 18 43 24 37 44 10 2 17 29 36 18 41 29 30 50 41 0 10 35 34 25 42 
48 41 1 46 31 9 44 8 29 15 5 5 10 25 5 2 29 42 6 0 33 13 33 36 
12 4 34 8 40 30 13 42 39 5 12 21 3 23 41 14 1 8 9 50 0 22 13 36 
19 5 45 40 32 44 28 43 30 15 5 40 43 47 2 5 28 17 23 16 1 0 48 5 
3 30 38 29 5 25 4 34 15 50 19 16 3 46 41 32 49 12 13 33 6 48 0 34 
49 18 50 4 31 33 49 48 36 22 1 42 10 44 16 23 18 26 32 40 41 24 31 0 
49 0 10 37 36 25 5 38 15 50 5 47 40 11 6 22 24 1 17 2 34 45 3 4 
32 38 0 33 39 46 8 25 9 43 25 37 1 44 44 48 24 43 48 7 2 38 14 5 
5 18 46 0 3 31 23 39 41 37 47 6 6 48 42 17 43 7 25 47 4 16 25 6 
28 30 4 44 0 10 36 38 1 17 19 34 29 22 50 6 44 36 5 34 1 5 39 39 
50 32 27 5 50 0 27 42 10 39 30 13 19 23 27 30 30 6 49 46 40 38 15 14 
46 44 2 31 11 50 0 32 25 1 40 42 4 12 33 31 39 24 25 9 45 49 9 32 
34 18 7 26 29 2 9 0 49 1 36 19 32 12 49 46 31 11 8 6 12 29 32 24 
18 48 25 11 22 15 30 20 0 15 37 13 19 14 4 25 4 23 43 42 41 19 43 1 
20 41 29 45 49 38 44 48 3 0 2 45 39 29 4 42 37 34 22 16 5 46 50 31 
33 28 37 4 33 19 38 41 5 26 0 47 6 21 44 21 31 33 21 39 10 17 20 15 
46 1 32 6 8 20 3 39 5 20 10 0 46 17 13 35 11 29 15 11 40 14 32 48 
22 44 13 41 34 34 8 40 14 13 13 41 0 3 2 14 31 22 3 38 42 36 11 48 
4 19 48 11 10 46 6 31 2 15 4 10 13 0 45 30 19 5 48 31 47 34 5 23 
32 10 16 35 40 38 27 40 12 12 46 10 22 37 0 24 49 45 8 33 11 26 50 42 
1 36 42 34 33 45 6 14 15 50 47 17 1 44 11 0 16 43 25 25 43 49 18 36 
8 33 31 50 37 39 1 44 47 33 18 15 50 48 5 45 0 46 7 48 31 11 25 20 
23 5 34 43 40 37 2 7 44 34 1 35 1 2 46 19 26 0 15 6 1 34 33 29 
12 18 39 31 30 37 1 37 26 33 13 9 45 3 47 11 8 46 0 26 25 32 49 14 
4 43 50 38 23 16 5 25 37 41 26 23 25 2 6 22 21 44 47 0 26 3 38 44 
1 17 29 4 48 6 8 9 48 13 5 36 39 30 49 28 22 21 8 27 0 18 20 31 
23 10 2 24 5 32 35 24 12 16 49 50 22 45 13 8 20 29 32 28 11 0 21 17 
18 42 22 16 26 5 45 12 26 32 37 7 45 46 32 3 28 14 39 43 20 40 0 31 
28 34 9 14 39 49 36 42 20 2 44 35 32 34 16 10 20 18 5 23 18 36 38 0 
18 0 12 38 26 5 15 22 28 47 29 12 45 33 17 42 6 14 40 40 17 5 1 12 
50 20 0 13 5 20 26 15 17 13 43 46 42 3 1 23 32 28 49 25 47 7 21 39 
33 43 28 0 12 42 33 29 20 34 18 50 39 6 43 11 2 2 33 12 49 2 38 26 
39 5 41 9 0 13 18 30 5 6 29 31 30 12 42 14 23 34 35 24 12 24 3 13 
17 39 18 48 23 0 14 45 23 38 45 17 39 8 2 25 17 2 4 13 44 10 25 13 
49 10 39 11 28 14 0 29 26 2 36 43 24 21 45 20 7 41 12 7 44 36 46 3 
7 22 10 19 22 9 12 0 10 3 43 26 20 39 35 4 17 9 9 20 16 4 15 28 
5 22 33 47 23 33 4 32 0 28 4 7 32 39 19 46 8 18 41 27 41 32 45 26 
32 23 37 45 48 36 16 30 50 0 43 44 6 47 40 12 39 27 49 11 49 17 32 3 
16 49 14 1 2 25 27 24 47 10 0 47 1 25 37 39 6 46 12 24 7 40 45 13 
49 19 6 3 50 42 21 46 9 1 20 0 22 46 34 35 14 6 24 19 48 46 1 39 
37 3 39 43 16 37 44 25 13 21 37 16 0 33 47 23 27 32 26 14 38 1 6 15 
44 23 12 48 18 34 22 48 17 48 30 19 50 0 12 50 6 10 16 26 7 1 9 19 
3 18 34 47 37 23 32 14 39 32 38 46 21 4 0 39 26 42 42 24 20 19 3 28 
23 16 33 21 5 22 25 49 15 35 4 10 31 35 37 0 35 25 36 35 42 37 13 16 
29 2 21 40 34 15 28 40 1 50 41 11 31 5 3 28 0 42 14 34 24 11 17 45 
9 42 6 7 49 35 34 12 41 11 50 4 19 34 32 42 34 0 37 45 4 10 41 24 
6 31 23 8 43 28 4 39 6 12 8 13 49 29 9 29 6 17 0 39 50 1 32 1 
35 44 10 23 50 37 16 14 35 19 19 50 27 27 27 41 34 38 22 0 45 42 11 21 
34 14 26 8 40 37 21 42 23 25 30 39 15 34 5 4 2 40 49 24 0 45 30 29 
32 3 29 26 6 12 30 37 9 24 24 26 10 25 30 27 27 14 28 46 26 0 47 38 
13 8 29 34 20 6 44 38 27 4 35 44 6 11 12 16 30 44 38 22 15 42 0 8 
46 30 23 14 22 10 18 35 3 35 16 17 19 27 29 10 32 16 37 47 22 25 31 0 
24 0 16 16 48 48 3 39 26 23 22 50 34 4 47 42 22 28 9 20 33 9 41 45 
44 40 0 1 35 6 7 29 45 37 21 50 49 49 7 12 20 32 15 10 43 46 19 43 
25 13 41 0 44 10 39 2 43 22 34 21 23 9 47 19 33 20 45 28 14 13 5 49 
44 16 16 39 0 39 18 50 48 49 25 47 27 22 16 13 20 6 35 29 28 15 28 35 
4 23 14 33 41 0 48 19 6 30 20 15 47 29 44 50 14 25 22 37 22 48 12 21 
47 17 7 26 22 30 0 35 27 34 16 31 12 16 25 36 10 1 31 20 18 7 8 19 
35 26 7 21 4 6 29 0 6 37 43 3 17 16 34 23 48 27 46 44 31 32 48 32 
34 39 40 13 36 42 29 45 0 14 40 49 23 50 15 9 32 21 5 10 44 19 14 9 
21 26 29 34 44 22 14 27 38 0 37 44 23 33 15 44 43 15 9 49 40 28 17 12 
23 33 18 14 23 26 22 5 14 21 0 31 19 37 8 8 36 23 1 14 11 37 7 42 
27 17 28 13 46 35 21 25 32 4 15 0 7 1 26 8 42 1 16 32 31 3 2 46 
7 36 7 24 27 39 14 7 25 17 42 42 0 48 46 14 27 20 43 47 49 16 23 2 
8 10 15 10 13 45 5 26 39 25 22 22 28 0 39 12 44 36 18 48 40 40 9 34 
11 46 37 40 13 38 7 3 31 35 34 50 14 12 0 30 2 12 21 41 3 18 26 25 
37 38 9 49 11 32 19 33 12 49 26 4 14 26 5 0 42 38 33 22 42 37 44 40 
48 33 6 16 37 20 50 7 17 36 22 50 3 5 39 46 0 22 12 2 22 1 39 9 
17 26 7 30 4 20 46 35 38 44 48 12 17 6 16 33 14 0 13 43 10 19 42 27 
3 38 49 38 1 30 35 22 40 10 25 40 41 30 40 46 37 22 0 1 35 7 6 43 
23 41 6 30 39 9 9 29 40 26 50 5 42 5 33 45 5 3 22 0 9 3 43 17 
26 3 24 17 6 38 18 7 21 47 45 27 48 46 50 47 13 32 31 35 0 14 42 26 
49 41 4 27 46 33 35 48 41 30 24 31 28 16 43 3 42 22 19 30 8 0 47 29 
36 50 6 6 9 28 23 9 3 34 27 25 26 2 12 23 25 36 50 5 48 24 0 15 
22 31 21 29 39 14 46 13 19 2 13 19 27 41 27 27 21 19 22 22 47 1 41 0 
17 0 1 31 50 45 44 8 43 32 13 36 34 25 38 49 34 46 8 22 9 23 14 34 
35 32 0 48 9 30 36 26 3 19 22 41 5 28 9 14 1 19 11 10 32 6 42 7 
2 39 22 0 36 26 14 26 43 18 3 18 46 18 48 36 29 7 6 10 17 13 35 33 
22 25 32 7 0 3 49 14 33 28 43 25 46 21 8 1 50 39 43 29 23 3 11 13 
46 4 34 32 4 0 26 47 25 45 18 6 50 11 45 8 23 44 5 21 40 4 44 2 
15 21 7 6 22 25 0 34 12 31 12 12 37 4 20 17 11 7 32 19 30 29 15 8 
40 6 31 21 35 18 32 0 21 10 3 2 19 12 47 21 25 1 12 6 25 39 49 8 
5 3 28 45 15 8 35 14 0 24 1 13 17 50 41 4 49 44 50 41 2 35 2 1 
6 14 37 7 18 19 23 40 20 0 41 48 27 18 8 24 18 13 25 39 28 19 49 31 
21 34 48 14 12 26 48 47 24 3 0 3 23 32 29 1 18 46 2 12 44 26 3 15 
36 41 21 33 29 28 46 25 33 7 33 0 16 24 21 6 12 15 22 44 25 25 16 36 
42 39 12 8 44 27 8 6 5 19 20 12 0 23 41 44 20 20 28 29 20 16 49 13 
28 47 40 40 48 22 32 29 40 20 6 29 44 0 17 20 3 48 26 2 28 48 4 9 
34 21 21 2 25 47 46 47 20 44 27 34 11 4 0 38 11 34 23 41 31 42 17 13 
50 3 1 26 31 44 14 21 15 25 39 7 19 27 21 0 8 33 44 24 36 36 17 34 
9 49 11 16 19 5 8 24 17 17 9 22 49 24 21 15 0 3 7 23 12 9 23 48 
19 34 13 16 9 37 19 31 27 33 20 42 28 21 29 45 16 0 8 2 22 40 11 6 
22 34 12 29 22 30 14 6 25 37 2 43 32 6 40 50 37 49 0 36 33 39 30 33 
44 45 25 12 7 5 8 1 8 8 29 42 32 47 8 47 2 14 28 0 46 5 26 29 
47 39 27 9 15 23 5 29 17 43 2 19 35 48 18 8 2 17 36 45 0 35 3 14 
8 3 30 3 35 20 11 34 28 18 17 28 24 31 46 43 29 4 30 13 50 0 31 29 
23 50 35 7 27 30 20 32 44 44 25 19 6 35 21 20 10 7 9 25 1 19 0 20 
45 27 6 24 8 42 5 41 15 28 25 7 3 1 13 34 4 8 37 23 35 49 12 0 
41 0 8 9 34 21 6 41 6 28 5 31 40 30 22 6 13 40 39 3 11 41 31 29 
18 20 0 47 23 5 17 15 46 36 47 16 16 16 49 9 35 36 24 23 48 3 23 11 
34 13 49 0 46 47 34 32 38 22 10 30 41 14 25 33 36 40 13 9 45 44 14 7 
40 14 32 5 0 18 38 19 34 26 46 10 13 11 7 21 19 13 5 9 44 6 36 9 
45 10 3 38 33 0 35 44 28 17 21 7 9 32 15 29 14 50 4 26 5 45 4 13 
23 30 19 45 47 41 0 36 20 1 4 6 38 45 15 1 36 49 33 19 44 43 5 49 
39 4 34 41 9 41 30 0 32 14 42 48 31 8 15 40 48 37 32 1 6 5 27 28 
35 49 50 18 28 23 26 11 0 20 18 32 30 42 13 1 27 30 21 23 42 46 47 35 
43 22 10 35 33 13 43 50 44 0 12 26 50 42 9 24 3 10 38 32 29 13 27 35 
49 35 36 5 22 35 33 36 32 38 0 15 8 46 19 38 44 48 28 19 38 18 16 14 
9 18 6 19 13 4 15 19 23 16 38 0 11 50 47 9 22 15 11 27 45 13 28 2 
28 35 22 45 34 1 44 39 17 33 22 27 0 37 16 17 20 33 17 19 42 42 9 8 
38 48 40 7 5 27 42 22 2 32 16 28 34 0 42 9 32 19 29 28 21 28 29 20 
22 6 49 42 44 28 44 36 11 20 28 35 48 44 0 44 40 12 25 12 21 46 21 38 
33 29 24 36 1 13 15 38 30 10 28 19 1 7 36 0 49 44 8 46 6 9 7 8 
12 39 25 40 16 47 16 8 25 1 19 16 14 20 43 43 0 24 47 32 48 25 20 26 
44 33 27 27 19 13 50 16 29 26 22 13 48 27 23 50 42 0 14 2 4 18 33 41 
23 30 2 16 23 10 27 10 33 42 13 32 7 39 21 48 46 25 0 36 40 40 43 7 
46 17 1 47 41 34 23 17 8 11 43 5 47 17 48 28 6 2 17 0 39 21 35 45 
16 11 22 17 7 29 32 44 1 30 23 7 49 22 13 37 27 10 26 6 0 22 15 35 
24 32 49 47 31 38 24 4 37 11 22 35 37 20 18 17 39 26 18 42 25 0 25 11 
49 6 43 16 41 29 46 30 24 2 27 48 35 9 32 2 6 28 27 36 46 28 0 38 
27 18 9 44 37 30 5 24 10 50 21 50 41 38 23 33 26 42 32 49 34 11 22 0 
