17
6
12 0 18 41 18 31 38 
21 19 0 39 31 16 37 
46 7 43 0 50 46 7 
31 14 18 33 0 7 47 
36 16 8 25 25 0 12 
45 28 45 12 20 24 0 
33 0 31 20 45 38 2 
37 7 0 24 35 26 37 
45 9 41 0 24 10 3 
40 29 11 45 0 32 16 
30 46 44 28 37 0 38 
42 35 37 20 18 15 0 
38 0 36 27 17 47 1 
23 1 0 40 22 31 17 
21 21 19 0 43 22 42 
14 38 49 5 0 15 42 
9 10 20 37 44 0 42 
50 26 41 26 37 24 0 
26 0 24 33 10 22 31 
26 9 0 16 27 7 16 
19 50 13 0 46 7 30 
16 33 22 36 0 9 37 
31 37 8 49 22 0 5 
26 45 35 46 18 49 0 
9 0 4 17 18 29 7 
26 32 0 3 5 19 44 
29 5 20 0 11 10 4 
2 41 16 46 0 29 36 
24 28 37 11 2 0 13 
31 23 33 14 37 3 0 
14 0 49 5 16 10 27 
35 27 0 18 14 20 17 
36 16 35 0 32 44 27 
34 14 26 32 0 45 2 
20 16 31 40 25 0 46 
12 16 19 18 48 12 0 
49 0 37 31 39 11 3 
18 10 0 8 20 26 36 
28 49 30 0 6 31 24 
27 33 4 4 0 46 45 
47 46 3 23 3 0 5 
49 19 18 23 34 8 0 
46 0 46 3 24 14 36 
45 50 0 40 45 12 26 
17 7 35 0 45 41 16 
9 46 41 37 0 42 16 
1 46 8 3 22 0 7 
18 6 16 23 10 36 0 
22 0 4 19 19 10 47 
5 3 0 34 27 7 47 
21 5 29 0 3 15 39 
17 10 4 37 0 24 19 
29 42 29 34 27 0 7 
11 45 47 50 24 37 0 
47 0 40 36 45 33 40 
33 24 0 39 11 33 18 
29 16 42 0 27 6 1 
32 36 31 1 0 41 18 
18 21 26 27 17 0 13 
1 21 31 42 7 25 0 
3 0 22 27 15 4 50 
30 18 0 9 12 6 12 
16 34 39 0 46 19 39 
7 46 50 18 0 28 12 
14 6 8 27 11 0 13 
37 37 9 17 24 35 0 
24 0 17 32 31 22 24 
10 7 0 16 15 12 33 
24 5 3 0 43 36 12 
25 36 45 16 0 2 48 
43 3 7 47 25 0 19 
4 49 10 4 22 2 0 
7 0 26 25 27 9 21 
46 50 0 45 26 3 7 
10 45 2 0 48 43 39 
41 9 16 34 0 39 19 
17 13 32 48 12 0 14 
23 21 33 1 36 10 0 
37 0 49 27 24 20 3 
4 18 0 50 1 38 31 
18 6 7 0 22 14 14 
37 24 38 6 0 11 47 
40 49 38 31 3 0 33 
24 10 9 42 11 45 0 
13 0 18 39 13 30 22 
19 17 0 26 1 31 6 
7 2 8 0 20 15 12 
23 31 38 30 0 35 22 
15 23 15 18 27 0 28 
23 26 45 13 9 46 0 
25 0 24 44 17 38 44 
22 39 0 19 33 24 2 
26 4 46 0 47 20 30 
7 33 34 17 0 49 7 
7 2 40 48 29 0 5 
11 45 43 12 45 41 0 
19 0 7 44 45 9 46 
4 33 0 50 14 43 24 
33 26 6 0 16 6 27 
13 8 26 38 0 10 36 
5 25 11 14 22 0 29 
9 14 9 5 29 14 0 
