17
16
23 0 14 41 24 7 25 45 20 1 15 34 27 39 17 43 13 
6 17 0 44 8 35 6 42 22 35 37 38 35 14 14 29 10 
46 24 45 0 46 47 22 6 29 22 41 23 13 38 26 46 45 
44 25 49 49 0 23 5 40 18 23 19 40 20 37 10 7 37 
37 24 32 16 22 0 48 16 35 12 16 37 44 33 29 34 10 
42 44 42 39 15 31 0 38 42 35 28 23 28 32 36 42 12 
35 37 27 14 45 31 23 0 46 9 15 38 7 18 46 35 44 
36 31 29 44 19 18 22 6 0 37 40 32 45 25 39 3 26 
25 26 10 47 3 21 16 12 22 0 46 30 1 44 31 25 39 
43 30 43 2 8 49 43 17 15 21 0 27 5 50 28 21 20 
13 12 33 43 37 38 42 16 15 18 23 0 24 38 22 13 7 
16 43 2 46 47 1 19 27 34 43 33 32 0 44 11 13 44 
25 10 39 33 48 32 3 5 38 27 38 40 27 0 19 29 44 
9 21 40 7 26 26 24 12 43 7 10 44 6 11 0 22 5 
5 29 50 28 33 31 10 34 41 48 9 20 14 29 1 0 15 
14 39 24 24 22 6 19 50 37 27 40 41 23 9 50 27 0 
6 0 34 35 48 20 2 11 28 11 7 16 29 17 4 49 14 
7 45 0 30 17 38 49 33 50 10 50 42 7 42 19 11 33 
48 32 15 0 31 44 3 46 13 29 46 13 16 41 40 33 33 
29 27 35 29 0 29 33 40 7 1 36 38 20 11 4 37 43 
46 34 31 36 40 0 19 20 5 50 18 39 42 37 18 9 21 
18 9 29 15 35 33 0 4 16 42 8 30 8 15 26 3 25 
10 20 20 8 10 48 43 0 10 7 31 29 12 44 48 20 33 
28 18 3 2 26 22 9 13 0 30 15 44 32 39 12 40 24 
15 15 33 17 49 2 12 20 16 0 19 9 5 5 42 23 45 
39 48 31 47 24 2 50 38 12 8 0 28 45 5 12 22 45 
41 5 48 30 16 4 35 26 7 33 36 0 7 13 4 9 39 
43 49 44 41 32 44 1 14 15 45 6 41 0 25 17 16 5 
48 15 14 50 45 43 30 36 14 5 40 41 16 0 43 25 8 
49 40 2 6 18 31 13 48 5 34 15 21 48 44 0 2 40 
18 32 10 49 40 10 44 50 20 9 28 27 4 11 49 0 23 
20 48 42 36 16 10 37 17 2 17 45 11 29 9 38 20 0 
4 0 1 23 34 34 27 18 40 46 2 36 10 4 37 44 45 
36 43 0 1 1 2 17 25 8 45 44 47 23 15 33 22 12 
22 8 23 0 4 38 15 40 44 30 3 40 14 25 28 13 16 
24 50 26 37 0 9 38 19 38 26 15 40 41 30 45 25 13 
31 25 38 47 14 0 41 8 22 3 8 21 49 27 11 34 18 
31 32 50 15 8 36 0 3 35 39 36 28 23 26 49 14 36 
29 27 34 50 40 16 2 0 33 43 4 34 2 17 20 11 16 
31 22 10 49 45 10 6 46 0 22 4 8 28 14 35 47 5 
44 36 21 1 27 35 28 15 31 0 18 23 4 2 2 18 20 
26 13 42 4 40 16 41 19 22 39 0 28 37 8 24 20 9 
8 30 8 32 49 11 39 47 45 45 19 0 28 38 2 44 21 
37 39 3 1 43 43 15 29 45 3 29 39 0 7 42 7 7 
48 14 46 23 45 36 21 16 24 46 10 45 47 0 13 32 21 
45 8 50 20 22 19 16 16 15 29 38 47 32 1 0 40 3 
38 12 30 24 6 22 27 1 18 38 27 48 34 20 33 0 32 
22 9 44 50 42 38 36 30 49 31 8 16 49 25 34 24 0 
7 0 7 8 36 34 8 16 24 31 50 2 35 42 19 32 46 
47 6 0 25 24 7 40 12 1 27 1 26 25 15 11 3 44 
4 3 42 0 27 13 47 49 14 43 21 19 43 36 2 38 31 
49 12 20 44 0 50 11 18 17 46 7 10 33 33 41 9 21 
48 9 31 39 28 0 6 33 50 7 12 31 37 21 19 15 25 
13 45 26 3 41 9 0 44 43 36 25 31 6 38 17 31 3 
12 49 46 27 21 49 3 0 44 30 20 38 39 30 31 46 27 
43 35 21 38 16 7 30 39 0 16 39 4 3 25 28 12 40 
31 29 26 23 24 38 5 14 43 0 33 24 21 22 6 13 5 
30 4 14 4 47 44 37 5 19 7 0 12 33 46 1 20 3 
9 48 8 2 6 23 4 5 30 7 46 0 34 34 10 17 11 
26 49 23 21 14 9 44 38 42 21 5 17 0 26 23 19 42 
14 21 13 25 48 12 50 7 1 9 24 41 48 0 4 22 10 
41 2 7 48 28 49 39 50 4 21 10 35 19 37 0 29 8 
39 5 21 13 47 42 14 15 49 16 21 6 35 4 41 0 38 
50 46 26 25 17 21 14 15 33 13 22 27 2 15 39 14 0 
30 0 17 2 43 34 9 13 50 39 42 49 13 29 33 16 50 
31 23 0 36 23 11 5 42 18 41 6 30 34 21 37 14 35 
28 7 27 0 19 2 48 4 41 33 27 36 25 23 2 37 1 
48 22 47 29 0 30 16 3 26 25 35 3 29 30 29 30 3 
29 15 35 22 7 0 47 48 34 19 45 41 35 19 18 46 40 
19 30 37 49 41 35 0 5 12 5 1 45 18 46 26 12 5 
48 34 47 8 17 16 44 0 2 25 13 11 36 26 19 7 8 
39 13 10 1 43 31 13 44 0 11 23 18 6 3 31 39 43 
34 37 37 35 22 38 23 4 36 0 35 25 28 25 20 37 36 
45 37 29 33 16 12 12 18 22 3 0 48 44 48 39 50 45 
25 18 2 40 32 23 37 2 40 7 15 0 8 7 35 20 41 
37 32 12 16 2 6 27 23 25 20 13 19 0 41 30 6 48 
36 31 4 7 18 48 5 23 1 28 43 10 47 0 4 11 38 
34 7 8 17 27 35 43 19 41 30 15 13 10 18 0 12 11 
1 17 22 27 32 13 24 40 28 40 15 24 14 18 26 0 21 
10 26 36 34 22 40 21 2 38 35 16 39 33 42 13 33 0 
17 0 33 10 30 32 35 6 21 34 19 40 38 20 20 6 24 
4 44 0 4 34 33 28 39 12 46 21 39 47 48 36 7 36 
27 32 7 0 31 8 46 39 25 21 16 50 4 50 34 32 19 
30 43 35 40 0 39 30 1 40 44 48 34 12 46 9 24 49 
12 4 11 38 13 0 25 16 9 5 29 14 18 28 35 12 13 
39 21 18 5 1 17 0 47 48 32 18 38 10 12 28 30 12 
43 2 43 46 23 45 6 0 6 27 27 35 11 16 33 12 9 
37 22 23 25 42 19 48 46 0 8 14 7 45 38 6 47 28 
49 2 26 26 43 17 40 45 16 0 12 29 25 33 37 32 50 
7 29 24 41 5 6 21 24 5 48 0 39 10 38 12 19 21 
30 8 12 14 8 36 17 21 32 29 10 0 30 40 23 13 21 
32 8 39 9 33 6 24 44 32 2 22 46 0 28 31 7 5 
44 8 45 26 26 19 43 21 13 4 9 26 47 0 41 34 33 
35 19 29 31 23 10 39 25 34 19 32 6 15 21 0 43 2 
22 6 36 33 28 38 46 14 16 18 47 30 48 48 47 0 42 
18 40 12 10 3 26 32 35 20 21 42 7 37 37 7 42 0 
11 0 8 4 42 6 2 5 47 23 16 16 6 14 10 27 37 
22 41 0 38 26 9 34 49 46 24 2 13 8 47 39 27 29 
12 5 19 0 40 44 6 37 17 35 15 37 38 11 26 22 11 
44 5 36 46 0 50 31 33 28 9 8 18 4 39 48 1 35 
39 38 45 9 41 0 37 44 16 5 22 41 45 47 12 36 49 
30 3 14 42 4 31 0 30 31 22 41 32 36 39 33 28 38 
15 3 49 24 32 13 20 0 8 12 20 42 28 40 39 31 47 
23 20 24 37 34 9 32 8 0 8 14 38 1 6 8 28 23 
44 4 31 45 13 13 17 18 33 0 7 31 34 40 2 41 33 
11 35 14 20 9 41 4 6 21 42 0 16 19 26 20 2 4 
43 19 35 37 9 36 35 11 3 7 4 0 28 29 48 18 7 
23 5 40 22 45 8 15 3 50 26 24 22 0 47 49 43 14 
5 27 42 22 18 4 25 25 1 3 17 2 38 0 27 27 24 
24 10 46 21 30 31 10 35 5 32 38 33 12 13 0 14 5 
15 41 24 3 7 47 40 19 31 16 22 42 41 13 16 0 24 
50 1 48 38 3 22 34 25 18 7 17 36 17 42 13 38 0 
40 0 13 37 47 3 24 17 28 20 28 41 15 9 18 44 43 
16 15 0 34 12 16 26 2 44 8 49 36 50 30 4 3 39 
3 34 3 0 29 26 20 21 26 34 20 19 26 31 19 16 50 
13 25 21 2 0 8 2 23 14 11 44 40 5 39 17 49 16 
25 3 12 25 16 0 16 17 47 45 9 28 46 8 27 13 39 
33 36 38 6 34 1 0 31 2 12 39 18 32 31 16 38 17 
22 3 1 29 8 41 35 0 48 8 25 8 50 24 27 6 35 
32 1 22 3 30 43 33 25 0 22 11 13 27 49 35 16 29 
22 11 24 6 27 34 32 42 2 0 41 48 10 44 32 29 35 
34 33 1 30 45 35 38 29 21 27 0 8 47 29 8 49 24 
9 30 28 13 4 50 9 48 19 30 2 0 40 46 23 32 40 
32 28 44 16 34 36 35 38 24 45 36 50 0 27 35 14 44 
42 24 1 14 4 17 32 34 25 4 12 15 33 0 48 34 48 
46 18 15 1 15 33 40 24 46 41 39 10 15 9 0 21 35 
17 8 49 23 22 18 36 16 47 10 42 31 25 20 5 0 27 
12 38 5 9 20 14 29 9 35 28 19 14 28 23 19 16 0 
33 0 27 48 25 50 12 26 28 33 50 4 5 42 9 49 26 
37 12 0 49 27 4 13 15 3 29 40 38 44 49 23 39 25 
41 26 49 0 48 23 30 28 1 13 28 27 21 11 25 18 26 
30 44 28 16 0 24 43 13 20 13 46 46 10 24 32 29 11 
11 29 14 16 11 0 1 4 7 35 48 15 27 37 44 43 5 
22 12 15 6 45 23 0 1 49 14 29 36 27 34 18 27 31 
49 16 10 32 11 3 16 0 29 41 21 32 27 28 36 34 19 
3 42 39 12 18 24 16 39 0 29 15 3 33 16 27 24 17 
22 35 29 21 35 12 45 20 47 0 36 16 25 41 25 22 28 
45 17 25 43 30 15 14 26 1 22 0 3 46 1 33 14 15 
48 15 5 44 8 13 35 42 47 20 16 0 32 9 41 48 4 
44 25 39 49 2 32 38 7 21 3 21 14 0 9 49 19 14 
23 2 28 27 20 28 20 32 33 34 46 11 50 0 33 17 10 
24 50 2 26 45 15 13 17 28 49 23 5 43 22 0 33 49 
1 2 9 8 14 22 34 17 5 7 17 19 36 27 8 0 39 
37 11 40 10 48 43 20 9 39 11 49 22 5 15 40 11 0 
2 0 48 10 48 24 10 46 2 16 36 22 39 48 45 31 1 
41 35 0 19 33 32 23 1 8 32 1 19 3 24 13 12 40 
18 6 18 0 39 18 10 15 27 15 39 45 12 22 32 11 45 
31 49 31 21 0 47 7 30 29 47 2 16 24 42 44 29 3 
25 32 21 43 27 0 43 34 32 20 43 18 44 29 40 37 1 
40 24 23 26 32 41 0 44 11 27 39 42 16 44 41 36 22 
11 42 37 40 11 19 18 0 39 15 50 2 4 39 37 1 7 
16 16 35 18 21 4 21 35 0 38 11 16 38 1 19 38 29 
8 47 34 37 3 47 41 22 6 0 35 11 33 39 41 22 41 
39 36 50 29 7 18 1 7 22 3 0 3 50 3 30 38 47 
12 24 47 43 3 14 4 19 25 13 12 0 37 43 39 46 48 
39 25 50 16 19 9 22 40 46 27 16 1 0 45 41 19 26 
47 15 21 16 45 30 38 25 32 32 5 45 6 0 15 15 34 
7 5 12 28 31 22 29 4 2 7 48 27 49 4 0 24 35 
45 36 40 29 18 31 4 10 38 25 35 37 5 28 35 0 31 
13 32 45 41 29 41 46 25 37 18 15 39 33 12 27 29 0 
8 0 20 50 21 26 36 16 27 1 3 41 7 38 42 50 25 
23 17 0 15 17 10 34 6 4 41 15 43 1 16 16 28 27 
49 7 30 0 35 28 14 6 27 16 18 40 27 1 39 38 46 
18 41 16 16 0 47 10 20 24 15 47 30 12 44 16 11 36 
25 14 9 32 12 0 15 47 9 12 38 1 42 45 29 3 2 
27 48 33 26 50 12 0 30 39 38 6 21 31 34 44 34 1 
7 5 3 37 31 6 34 0 4 44 8 5 10 9 28 30 36 
44 29 35 46 34 36 36 14 0 35 20 45 6 44 16 25 18 
4 1 35 41 27 17 22 22 14 0 29 32 43 8 21 31 10 
27 36 37 6 10 38 17 22 19 39 0 3 11 12 28 10 28 
33 37 6 8 44 40 9 28 7 14 32 0 5 4 44 6 15 
39 35 30 9 30 20 9 16 35 14 22 38 0 15 11 10 37 
19 5 10 22 15 24 17 38 27 9 50 47 6 0 12 19 25 
34 38 23 27 49 2 49 14 29 40 24 31 18 21 0 14 46 
4 46 37 50 35 35 50 16 19 42 32 21 21 13 10 0 23 
45 47 5 27 39 34 39 17 6 46 44 25 50 37 20 6 0 
46 0 4 43 11 26 20 41 50 38 7 8 7 21 29 44 16 
30 2 0 36 21 17 38 8 21 8 20 44 40 41 26 16 33 
23 26 25 0 17 20 50 47 26 7 6 39 32 26 32 47 27 
2 28 45 49 0 2 50 40 8 46 23 4 7 26 2 9 13 
42 26 35 45 4 0 27 47 31 5 11 15 12 50 26 46 26 
23 18 38 14 32 18 0 32 23 37 18 21 48 47 41 50 6 
47 27 41 50 48 2 23 0 25 32 15 44 42 36 29 9 21 
28 28 34 9 15 45 32 24 0 45 12 9 37 7 49 34 15 
11 9 15 24 35 46 29 21 45 0 13 33 18 24 40 38 9 
9 1 21 19 7 42 41 3 45 17 0 5 36 44 37 19 33 
31 29 31 27 14 36 36 32 50 13 15 0 2 13 14 1 5 
25 50 29 6 29 15 9 19 18 13 29 18 0 42 43 28 9 
44 50 38 46 10 12 45 23 15 40 20 44 28 0 40 40 32 
17 50 12 44 8 14 5 16 21 13 9 2 8 19 0 40 8 
36 6 9 14 27 6 46 13 6 6 42 39 46 15 42 0 29 
23 48 1 42 31 34 1 31 45 22 25 47 4 44 16 47 0 
50 0 13 9 22 31 27 5 12 4 49 39 3 22 16 20 6 
22 30 0 30 11 18 49 27 2 6 29 19 5 31 50 10 13 
40 46 40 0 34 7 20 48 47 43 40 39 32 46 49 9 30 
2 20 26 24 0 14 6 29 2 36 8 17 3 9 50 32 5 
39 27 13 27 27 0 37 50 2 32 34 18 29 11 46 7 7 
20 40 4 11 24 37 0 49 35 17 39 48 49 4 46 38 44 
8 34 43 20 37 32 4 0 15 20 25 43 31 38 1 41 41 
1 10 34 20 47 21 31 3 0 28 29 10 38 40 1 48 37 
46 25 22 27 3 37 21 38 36 0 39 42 50 45 18 47 17 
48 7 49 45 13 19 47 37 3 40 0 42 9 22 16 26 20 
27 6 36 14 29 15 39 15 39 46 34 0 9 30 32 9 11 
32 44 40 33 3 3 25 27 28 35 24 13 0 46 13 17 21 
13 22 23 39 32 33 38 34 19 34 7 17 36 0 39 8 22 
32 32 27 29 26 43 17 25 32 9 37 45 41 26 0 19 26 
30 14 46 8 10 21 29 50 6 7 14 19 47 8 42 0 39 
27 3 31 15 37 38 45 20 6 49 7 24 46 43 43 44 0 
16 0 31 38 22 44 50 13 12 3 27 23 20 30 49 28 25 
18 49 0 18 39 45 5 40 42 19 27 3 12 14 6 4 13 
14 21 4 0 17 20 20 46 28 41 20 12 10 15 26 41 8 
21 33 6 48 0 26 5 49 11 42 47 4 18 48 1 48 47 
24 11 6 9 45 0 12 5 48 3 41 48 25 43 30 27 44 
36 46 41 31 50 6 0 38 10 23 44 26 24 17 29 30 40 
23 15 37 5 20 32 13 0 9 29 9 45 35 7 24 18 12 
20 10 32 3 11 18 48 18 0 24 46 37 2 37 32 32 25 
11 9 3 29 44 23 24 5 33 0 32 3 42 11 3 3 49 
26 15 4 7 48 28 30 5 18 19 0 32 24 46 12 23 47 
28 21 24 49 21 40 18 47 36 28 21 0 29 15 6 8 21 
43 38 26 23 28 25 28 34 29 48 11 26 0 42 50 9 21 
10 7 15 41 29 5 29 37 47 7 22 20 7 0 1 41 13 
12 11 32 9 37 1 19 3 43 41 20 23 29 42 0 6 36 
19 50 20 9 42 17 42 39 9 39 26 21 4 8 27 0 28 
8 49 15 31 19 1 34 10 38 12 48 39 35 7 8 6 0 
2 0 36 2 8 32 33 22 45 20 43 50 48 25 49 50 36 
14 42 0 15 31 28 25 18 19 16 11 22 30 20 3 4 3 
31 21 20 0 19 7 20 47 26 28 21 12 27 1 37 35 40 
13 13 26 43 0 42 27 29 28 19 33 42 22 11 42 25 17 
39 47 18 5 29 0 32 29 45 46 40 4 7 14 41 18 30 
26 33 18 8 28 11 0 12 4 43 43 50 25 29 25 15 36 
46 45 39 4 20 31 11 0 31 34 31 48 2 24 22 14 28 
15 12 46 29 25 18 40 28 0 36 14 13 37 32 5 16 22 
26 19 12 20 3 14 11 46 23 0 37 24 47 14 11 31 21 
29 23 10 17 29 36 12 28 5 11 0 19 6 18 24 49 30 
16 27 27 6 10 45 26 2 1 1 7 0 38 44 43 14 26 
33 42 9 10 46 50 43 40 8 35 15 43 0 46 5 28 50 
38 45 32 38 34 26 12 35 48 9 17 29 30 0 24 34 12 
47 44 24 27 15 40 35 16 34 38 48 26 30 34 0 7 46 
23 8 50 50 12 27 42 8 31 25 13 37 33 14 10 0 34 
1 3 46 2 32 2 35 49 11 16 4 47 28 36 5 15 0 
3 0 21 6 23 24 35 1 21 2 17 47 41 28 48 33 20 
28 15 0 26 28 38 5 15 22 24 2 40 46 24 46 30 45 
21 49 35 0 13 9 38 11 17 3 26 50 16 5 44 22 13 
33 34 20 14 0 11 27 27 48 7 35 49 23 45 5 48 7 
37 2 21 30 13 0 21 12 40 4 9 26 13 5 49 17 30 
31 27 14 40 27 16 0 35 44 22 37 7 24 39 38 22 48 
28 44 29 4 24 42 1 0 13 22 30 10 2 2 14 44 8 
19 20 43 19 42 8 31 21 0 18 28 8 26 15 39 2 16 
38 28 35 12 21 14 7 39 27 0 2 19 47 7 33 42 8 
44 49 5 20 46 4 7 21 13 8 0 36 46 35 25 48 33 
29 44 15 24 29 33 38 6 14 4 42 0 40 40 34 15 36 
36 50 32 16 34 32 21 34 22 15 49 13 0 28 11 5 2 
4 36 19 13 19 19 29 12 12 50 7 43 12 0 17 32 29 
44 1 11 35 43 32 50 47 24 31 2 15 34 26 0 28 3 
50 41 37 4 16 2 18 18 22 21 5 35 26 28 23 0 6 
33 20 19 28 1 20 9 22 37 23 39 38 17 15 28 37 0 
23 0 4 43 21 30 28 14 42 33 43 14 23 28 16 21 46 
9 47 0 33 15 7 50 3 31 33 15 18 43 14 30 1 8 
44 19 13 0 22 36 2 26 5 7 28 45 8 7 37 45 21 
2 43 30 21 0 32 14 31 23 2 13 39 16 11 22 29 4 
43 7 29 9 4 0 50 11 7 21 28 9 29 5 45 24 46 
20 47 41 21 50 31 0 26 31 39 40 20 24 13 11 45 35 
50 42 16 1 9 37 18 0 3 33 23 50 5 6 2 18 8 
39 43 46 14 31 8 5 12 0 32 48 20 14 30 38 45 11 
33 24 30 14 30 24 38 34 29 0 39 39 27 31 21 26 38 
23 13 35 20 15 31 5 42 37 4 0 19 11 17 5 24 46 
29 39 22 32 22 4 28 16 5 12 35 0 42 20 28 31 11 
23 33 41 17 3 25 46 2 19 38 27 27 0 5 28 18 24 
15 43 49 43 49 44 16 19 36 20 15 3 46 0 13 23 10 
23 9 39 34 15 7 43 4 44 21 14 35 27 2 0 11 28 
45 11 27 28 29 39 13 29 18 22 32 34 10 43 6 0 6 
16 18 4 47 40 35 10 9 50 45 49 29 31 31 43 34 0 
