18
6
18 0 1 39 1 10 23 
41 23 0 48 3 7 39 
14 7 43 0 12 47 7 
48 32 1 46 0 30 20 
31 24 8 24 16 0 25 
17 37 1 24 43 32 0 
3 0 35 48 14 7 47 
17 40 0 42 37 26 26 
39 39 32 0 50 27 12 
41 22 22 19 0 21 37 
16 17 8 24 36 0 21 
39 40 15 11 9 12 0 
9 0 35 26 4 30 41 
28 45 0 48 32 35 27 
44 18 11 0 39 34 22 
11 35 15 12 0 49 40 
40 44 4 22 49 0 36 
12 28 31 20 41 42 0 
37 0 37 43 31 41 27 
40 34 0 32 31 30 19 
11 50 7 0 43 1 24 
48 48 36 36 0 15 36 
37 7 46 12 21 0 7 
47 25 27 19 3 48 0 
30 0 30 45 38 23 16 
8 9 0 14 36 12 49 
30 19 28 0 8 22 44 
7 1 22 7 0 45 34 
31 28 14 25 35 0 6 
42 42 48 9 14 21 0 
30 0 11 26 21 29 7 
22 1 0 46 48 32 2 
30 40 3 0 33 12 3 
27 23 36 11 0 8 45 
3 33 25 8 44 0 20 
2 22 6 8 28 12 0 
19 0 37 22 15 36 44 
39 33 0 46 12 46 46 
3 10 30 0 46 33 42 
36 19 3 31 0 18 46 
33 14 7 26 47 0 11 
47 23 12 42 15 26 0 
31 0 12 38 42 23 25 
49 41 0 38 29 6 35 
40 7 39 0 14 22 10 
9 38 19 27 0 33 22 
37 13 37 36 15 0 24 
35 12 45 5 15 21 0 
5 0 44 47 28 32 28 
9 4 0 9 22 36 41 
22 33 1 0 2 33 27 
7 4 29 16 0 5 10 
39 14 26 14 45 0 44 
41 36 42 19 10 29 0 
14 0 32 7 42 18 29 
13 16 0 28 47 14 33 
23 33 29 0 19 48 11 
43 39 39 38 0 39 18 
2 45 10 15 32 0 1 
49 4 23 22 39 2 0 
21 0 16 37 50 3 40 
32 43 0 1 44 42 12 
16 23 38 0 31 27 22 
41 26 43 40 0 41 24 
20 48 34 28 48 0 10 
10 2 45 27 49 33 0 
25 0 43 36 49 6 47 
17 8 0 4 49 50 10 
13 19 28 0 2 32 13 
10 32 25 13 0 31 6 
7 5 46 41 34 0 41 
17 40 25 6 6 34 0 
36 0 43 21 47 23 33 
20 22 0 49 25 15 30 
33 9 20 0 33 18 18 
8 12 12 31 0 42 1 
1 27 24 14 32 0 11 
36 7 13 44 16 39 0 
42 0 13 9 42 44 10 
7 33 0 40 17 9 26 
21 35 22 0 8 48 44 
22 6 1 20 0 46 47 
9 7 40 39 39 0 9 
17 39 43 32 41 5 0 
9 0 17 19 3 24 10 
12 35 0 18 49 44 47 
39 29 10 0 19 22 10 
39 23 18 13 0 33 37 
20 19 44 32 50 0 21 
33 40 45 18 50 32 0 
26 0 19 32 42 9 12 
29 11 0 14 43 50 11 
49 49 17 0 33 43 19 
38 46 34 33 0 34 6 
16 30 35 48 16 0 5 
3 22 29 29 44 3 0 
29 0 48 14 7 35 23 
24 27 0 19 33 33 2 
4 50 47 0 26 31 4 
48 43 36 26 0 26 29 
27 32 45 9 41 0 29 
32 21 5 14 5 45 0 
5 0 32 12 12 9 8 
38 34 0 48 34 44 17 
8 28 42 0 26 31 1 
18 3 23 35 0 30 3 
28 15 37 40 1 0 13 
47 40 46 2 22 49 0 
