18
19
7 0 42 43 40 3 41 32 49 28 42 36 46 11 46 48 18 20 10 16 
34 37 0 6 40 47 45 42 17 27 46 48 7 8 12 41 20 11 42 28 
10 33 6 0 27 39 13 35 9 47 36 3 25 7 43 49 44 21 2 3 
46 46 12 25 0 6 4 31 35 29 35 21 26 38 26 43 1 33 29 10 
17 27 13 36 45 0 31 25 21 42 15 10 18 20 19 8 46 32 48 9 
1 24 9 28 7 25 0 27 11 15 49 15 43 16 16 11 35 26 34 10 
18 44 32 34 39 21 19 0 17 1 8 30 30 11 4 25 29 37 9 49 
6 11 18 21 10 22 27 22 0 44 2 10 34 33 13 23 30 15 19 40 
20 7 38 8 26 4 35 20 5 0 39 42 38 24 27 27 28 49 50 24 
22 13 13 49 26 16 42 24 48 18 0 39 24 10 10 47 39 43 19 4 
42 17 25 3 23 34 2 14 36 7 7 0 36 24 31 41 48 28 8 9 
12 43 35 30 38 2 16 16 33 29 27 39 0 35 10 46 8 8 47 10 
40 16 24 2 6 17 42 32 16 44 19 12 20 0 31 34 7 11 8 37 
38 1 7 18 20 36 9 19 22 27 28 23 34 1 0 18 19 43 39 42 
30 13 47 21 1 23 14 17 8 8 1 3 35 1 21 0 10 10 33 49 
5 17 48 49 20 6 38 22 36 12 3 13 42 19 20 29 0 24 42 31 
6 46 6 19 2 11 22 24 43 22 14 41 8 36 45 34 26 0 32 15 
27 15 13 1 29 6 6 46 9 35 16 23 47 19 30 27 3 50 0 48 
46 39 49 32 46 50 22 21 45 27 48 36 45 47 10 15 16 43 45 0 
27 0 14 46 15 13 40 28 50 17 23 29 9 42 34 28 37 26 29 33 
18 2 0 8 35 12 19 12 50 21 27 37 4 14 35 9 23 35 50 24 
36 43 19 0 50 5 49 16 19 7 2 17 11 34 37 33 26 43 20 30 
35 46 2 41 0 7 24 31 19 15 25 33 11 44 37 3 43 41 50 2 
3 37 46 1 5 0 49 5 16 4 18 32 9 16 4 5 16 28 35 3 
12 27 25 30 2 44 0 24 41 24 24 32 44 43 26 42 18 44 40 46 
47 43 3 8 28 1 33 0 16 18 8 39 22 25 8 39 38 25 28 7 
44 8 32 8 31 43 22 25 0 40 34 24 37 12 26 33 39 11 10 20 
48 29 19 28 6 33 35 3 7 0 36 4 38 17 41 37 47 39 16 35 
22 16 6 27 44 33 44 22 28 46 0 43 20 29 29 6 30 28 25 30 
26 25 47 40 16 39 36 46 8 46 26 0 30 45 24 27 38 5 43 2 
25 45 13 12 8 8 15 17 26 10 11 12 0 9 22 9 40 10 25 27 
40 39 9 38 37 26 3 17 49 47 2 42 2 0 37 26 50 35 13 14 
40 33 2 23 10 37 47 35 17 8 36 34 17 13 0 29 3 14 17 8 
27 37 6 41 17 20 24 19 10 25 34 22 24 27 46 0 36 44 39 17 
50 2 40 41 36 10 13 14 36 29 24 34 13 34 28 37 0 28 35 42 
36 3 36 19 38 11 33 36 12 7 21 28 35 15 48 18 7 0 38 46 
20 32 4 7 39 40 36 41 21 39 47 41 19 1 3 4 14 14 0 33 
2 31 3 24 1 7 15 1 40 20 15 16 21 50 32 16 11 32 46 0 
47 0 29 2 20 13 48 16 17 3 27 32 12 35 5 24 36 15 17 9 
4 1 0 25 39 47 22 7 23 27 42 37 36 42 22 18 17 5 1 12 
41 26 36 0 41 13 25 8 8 31 12 48 15 18 50 3 28 46 23 40 
6 48 6 25 0 40 25 16 41 40 40 17 38 20 36 3 26 33 19 10 
13 15 39 15 27 0 11 29 28 20 37 40 44 23 44 15 45 15 36 1 
47 16 47 34 18 19 0 15 25 28 29 15 24 21 10 36 11 26 17 34 
30 15 11 48 47 5 1 0 46 44 44 5 41 39 40 32 23 45 16 31 
22 46 12 37 1 49 5 13 0 20 35 37 34 40 29 32 6 37 37 18 
1 30 18 23 21 31 24 39 27 0 34 39 37 42 45 45 46 38 18 28 
10 50 42 42 31 11 8 10 15 13 0 7 35 45 37 27 16 2 5 24 
42 6 28 11 28 30 31 48 46 40 46 0 33 45 39 9 27 19 9 39 
37 12 14 21 9 26 20 50 45 1 16 29 0 43 42 15 27 22 32 40 
15 13 1 14 12 20 20 30 13 47 36 10 9 0 8 14 18 12 29 35 
20 35 9 30 37 48 31 12 3 42 30 13 38 46 0 29 45 27 37 49 
2 2 40 46 7 4 9 42 7 21 30 24 4 48 38 0 13 5 6 33 
14 16 32 9 17 38 33 34 49 15 30 14 38 32 13 27 0 34 30 39 
2 27 28 7 24 42 24 19 27 15 50 33 25 39 44 23 33 0 20 43 
23 9 24 20 11 28 28 7 42 42 41 22 4 33 16 5 7 37 0 10 
9 18 43 20 7 20 49 32 5 26 44 10 30 7 41 8 31 28 7 0 
17 0 30 46 35 32 27 37 43 47 1 9 34 38 36 24 12 26 30 39 
18 50 0 12 47 23 32 49 33 12 15 13 25 35 27 50 21 31 14 34 
11 43 20 0 28 3 31 47 42 7 24 7 46 16 28 42 10 7 5 34 
23 3 34 45 0 25 29 35 26 24 8 38 16 43 49 43 19 47 49 23 
10 16 27 40 42 0 9 6 20 48 48 43 17 44 16 48 41 31 27 48 
46 50 19 6 23 35 0 20 9 14 48 23 10 46 12 35 45 18 46 13 
43 36 20 10 37 29 32 0 41 45 1 45 8 13 42 49 3 24 42 11 
5 6 23 1 42 22 25 38 0 48 6 9 21 30 45 18 35 13 26 41 
32 27 42 44 26 9 19 40 11 0 18 47 9 12 3 8 42 8 21 35 
28 38 12 41 34 36 36 30 16 14 0 46 8 37 28 34 11 34 14 12 
47 43 24 33 15 21 2 47 48 18 23 0 4 11 14 28 48 3 20 37 
8 9 40 29 4 26 15 11 11 32 29 43 0 24 28 46 24 43 5 5 
48 21 33 39 39 13 43 11 36 44 9 30 31 0 42 48 6 3 8 15 
20 7 50 10 41 16 19 26 49 26 15 41 36 44 0 49 22 16 26 21 
2 17 11 16 30 18 2 2 49 2 27 22 43 17 29 0 35 49 48 11 
42 24 20 37 44 35 21 4 23 37 33 20 32 31 33 7 0 48 9 41 
20 43 39 14 21 25 23 4 23 24 8 9 50 25 5 35 48 0 32 30 
18 32 10 14 30 15 16 32 45 42 10 11 31 26 8 29 18 3 0 10 
50 13 22 31 49 30 15 28 33 46 27 47 36 25 18 42 10 11 29 0 
10 0 50 5 43 28 12 13 14 28 34 43 47 37 32 38 32 17 46 1 
11 35 0 15 38 34 37 18 46 25 36 13 34 49 18 40 43 11 45 21 
45 20 37 0 17 38 45 41 50 40 15 48 43 1 47 10 1 45 45 13 
22 6 10 17 0 38 28 15 50 45 29 48 39 28 38 47 1 32 24 19 
28 43 44 38 28 0 32 27 43 12 38 40 18 45 49 49 24 16 35 3 
50 39 23 46 47 21 0 43 26 20 6 5 46 28 27 27 18 20 29 19 
33 35 11 35 3 13 6 0 11 3 41 30 14 32 17 29 25 30 5 48 
47 17 36 6 8 37 8 42 0 12 42 19 31 29 46 48 3 19 39 4 
21 33 42 10 40 35 41 42 24 0 30 50 2 47 13 23 32 2 47 29 
4 49 46 22 45 20 34 10 2 19 0 35 15 11 37 26 35 15 6 8 
47 21 17 45 35 12 12 41 23 18 6 0 15 46 6 40 36 6 26 12 
48 41 6 26 39 24 39 16 40 15 21 29 0 8 26 45 1 9 37 4 
11 10 33 30 12 42 46 4 39 9 21 2 20 0 9 4 9 17 41 46 
29 22 46 47 22 26 2 40 49 40 2 5 32 49 0 3 15 2 15 11 
44 34 44 20 1 7 20 14 2 20 5 17 28 11 13 0 9 32 15 13 
12 4 11 3 47 15 37 5 40 3 18 45 2 45 7 47 0 12 35 2 
46 41 3 12 1 20 45 24 25 45 19 41 21 50 40 4 8 0 34 32 
47 6 14 3 30 12 34 26 3 22 22 14 1 24 31 20 23 9 0 42 
10 34 3 42 12 10 21 12 47 45 13 42 49 14 31 39 47 33 38 0 
24 0 1 17 45 43 2 4 32 18 17 40 31 17 45 16 24 49 45 14 
2 43 0 9 50 38 31 40 31 23 50 21 36 35 38 35 36 42 44 40 
11 41 9 0 28 4 46 7 15 47 48 34 40 33 44 33 31 45 15 1 
30 14 3 22 0 32 32 48 31 6 44 32 9 24 30 10 34 24 44 16 
6 5 31 16 44 0 34 39 11 39 42 3 7 40 22 42 15 26 8 19 
27 47 6 15 2 22 0 15 39 10 10 23 11 9 37 30 10 47 49 48 
9 39 43 22 9 40 3 0 37 43 38 33 16 34 26 5 18 19 50 41 
29 45 30 45 30 1 16 32 0 44 20 10 12 46 16 28 50 31 34 25 
47 26 49 36 22 1 28 45 40 0 35 4 20 12 10 7 21 4 30 44 
14 22 44 8 9 17 33 26 38 1 0 7 27 24 34 45 3 15 31 10 
8 45 2 7 27 47 41 1 49 3 39 0 46 24 20 38 21 4 4 18 
40 19 40 25 41 44 33 9 30 37 18 7 0 42 40 45 22 49 13 16 
18 11 19 17 34 24 49 6 33 7 37 13 42 0 50 47 41 41 19 20 
11 13 44 39 11 14 32 46 48 6 29 49 40 9 0 38 36 8 22 2 
6 2 43 39 50 2 44 24 26 8 45 50 4 3 29 0 2 4 24 23 
9 3 3 28 1 50 5 9 48 5 4 14 40 20 39 14 0 19 19 24 
44 38 17 41 6 39 3 6 25 46 11 7 35 13 35 13 50 0 3 24 
42 39 46 44 47 19 23 44 5 31 16 40 11 33 30 31 35 42 0 13 
47 40 48 45 30 13 37 48 19 2 5 7 40 11 45 28 35 48 44 0 
21 0 22 33 45 49 25 10 7 50 25 5 32 50 22 37 6 35 44 45 
17 32 0 10 21 4 43 50 25 26 29 16 5 45 33 42 21 41 14 45 
50 20 20 0 6 38 24 14 20 5 35 3 5 11 35 41 32 13 12 1 
30 3 49 1 0 34 29 35 21 11 50 9 1 46 43 41 44 25 48 26 
23 48 40 23 45 0 41 24 24 6 21 5 2 30 10 41 35 43 2 20 
36 28 3 4 4 20 0 47 34 7 13 21 41 16 35 37 39 4 40 30 
4 10 11 5 29 50 7 0 49 30 41 6 8 48 43 6 12 49 20 45 
37 3 49 7 17 12 36 30 0 39 17 43 22 38 46 13 48 10 26 24 
25 4 48 22 17 44 1 6 23 0 49 11 23 39 20 9 4 27 6 4 
44 44 44 21 19 32 38 20 19 13 0 36 45 46 36 25 45 42 39 32 
32 14 17 7 14 31 28 45 4 2 29 0 42 36 43 7 32 30 32 34 
30 40 30 24 33 43 38 4 16 38 14 25 0 18 15 45 24 41 28 38 
31 40 41 38 34 19 41 21 50 3 40 5 45 0 14 8 10 43 3 40 
34 14 27 28 13 7 40 28 12 27 42 19 16 5 0 43 2 44 39 2 
47 6 43 22 38 1 26 34 19 11 10 6 3 22 1 0 44 24 4 13 
29 31 44 41 30 44 9 35 24 50 3 13 15 21 41 7 0 35 42 42 
39 27 37 24 22 17 2 22 39 48 16 11 19 48 32 10 22 0 3 15 
14 29 30 17 3 34 17 49 46 35 13 16 16 3 33 16 36 43 0 8 
23 25 28 23 21 38 9 40 34 16 33 12 20 4 21 29 14 9 10 0 
34 0 41 5 18 7 38 26 32 50 9 37 32 46 18 15 31 40 36 6 
10 30 0 44 44 34 34 13 24 44 12 46 24 19 7 27 9 17 18 7 
22 36 45 0 6 10 32 47 34 38 44 5 24 31 44 8 50 31 41 47 
22 35 44 14 0 32 20 4 35 18 25 20 9 48 13 33 14 21 15 24 
35 13 37 50 26 0 30 39 39 16 31 12 8 47 19 20 47 23 28 22 
13 36 6 47 29 9 0 18 36 8 12 49 30 37 35 7 6 35 35 36 
19 35 44 32 39 5 7 0 18 24 41 29 16 11 37 50 3 39 30 17 
8 41 8 45 32 27 17 1 0 25 24 40 13 36 13 38 9 37 20 5 
17 42 23 42 45 45 30 46 38 0 44 38 33 19 27 19 27 45 12 41 
13 5 22 5 32 45 34 28 43 3 0 23 28 13 33 34 13 25 36 50 
14 50 2 32 30 8 37 41 22 37 17 0 37 44 48 47 8 1 46 38 
41 48 11 17 37 43 16 16 25 50 35 15 0 44 41 46 48 42 11 24 
43 47 45 4 12 42 27 17 30 30 17 26 34 0 18 38 45 2 4 33 
16 39 14 43 13 42 38 23 23 46 48 50 6 48 0 27 3 41 46 45 
49 26 11 27 36 37 8 24 1 47 7 47 44 45 9 0 45 35 29 5 
33 12 25 20 4 22 33 30 12 29 7 15 47 49 7 5 0 7 6 13 
29 7 5 18 37 26 17 49 5 6 47 3 42 24 37 14 33 0 25 7 
7 5 4 7 47 46 45 33 10 48 37 41 2 40 23 50 49 28 0 44 
38 44 37 23 28 25 16 27 15 41 11 35 25 31 1 49 8 26 50 0 
9 0 23 43 44 8 1 18 16 45 13 20 24 39 36 40 37 13 21 32 
26 32 0 31 20 30 42 49 14 13 10 2 42 16 25 49 20 22 46 1 
29 22 11 0 10 21 14 46 18 23 50 35 45 39 29 26 1 18 28 3 
13 2 9 38 0 5 6 44 22 4 50 40 17 18 41 12 42 10 15 23 
11 7 34 25 27 0 14 28 16 13 13 40 24 31 42 20 33 50 21 35 
7 4 27 42 42 18 0 33 33 18 4 28 37 16 36 45 18 47 29 28 
33 24 27 41 32 9 15 0 26 9 25 48 8 13 22 26 9 20 34 15 
43 7 44 32 10 13 36 27 0 24 39 36 25 24 5 22 38 11 30 14 
46 33 27 43 24 9 21 46 16 0 15 41 28 26 34 32 37 22 39 43 
18 29 46 33 42 38 23 50 25 4 0 41 34 16 30 7 39 33 16 15 
20 24 40 17 21 12 34 11 11 42 43 0 18 1 50 18 13 36 50 1 
36 5 2 9 47 43 25 32 25 49 20 45 0 49 22 8 19 20 28 12 
26 21 8 27 13 9 32 36 41 35 49 18 21 0 39 32 30 10 19 16 
44 25 46 31 9 13 41 48 44 47 44 32 49 35 0 24 25 30 28 29 
39 50 15 7 35 48 27 31 49 6 18 42 48 50 5 0 34 38 30 41 
50 15 22 12 39 40 47 3 1 33 48 15 3 2 32 30 0 16 30 19 
12 34 33 32 43 42 27 5 46 32 44 1 36 45 39 29 14 0 18 39 
26 17 39 45 27 49 2 41 15 40 17 20 40 5 20 19 8 17 0 33 
30 20 13 35 1 21 7 32 12 21 14 24 18 13 27 5 2 24 39 0 
7 0 34 41 1 12 16 30 13 5 47 17 26 32 13 32 38 20 13 33 
38 24 0 20 18 40 21 2 17 50 7 13 1 18 46 19 11 50 39 19 
2 20 22 0 9 2 35 45 45 33 12 36 26 8 42 20 37 16 37 17 
2 30 10 50 0 30 6 42 47 49 31 13 3 33 49 1 12 14 16 16 
18 33 45 27 20 0 6 14 32 6 9 49 10 4 24 34 38 40 42 21 
43 3 11 39 47 14 0 20 9 4 27 7 31 6 21 50 19 34 7 4 
41 44 17 25 37 38 1 0 21 9 29 50 12 12 20 44 24 13 8 44 
49 13 50 47 11 5 49 29 0 43 39 4 5 50 31 36 1 27 26 29 
25 2 47 44 12 31 5 16 46 0 11 13 48 38 12 41 9 41 42 48 
7 20 38 10 8 33 5 25 1 31 0 26 20 17 48 34 34 43 3 20 
39 16 6 40 4 19 31 41 17 44 9 0 23 45 9 29 20 9 37 43 
39 11 7 7 5 36 20 42 46 1 4 28 0 49 7 22 4 32 1 31 
34 41 28 42 39 31 42 9 31 11 39 28 25 0 47 1 14 9 32 10 
2 4 34 28 35 41 13 16 11 16 24 5 47 20 0 29 4 2 12 20 
18 26 13 27 39 31 8 24 30 31 48 43 13 22 22 0 49 27 1 14 
43 2 27 15 31 43 8 6 42 8 47 44 50 2 40 15 0 35 40 28 
45 47 27 18 33 35 13 24 11 34 26 22 2 3 38 19 18 0 41 11 
32 35 32 25 17 16 33 38 49 41 23 8 37 9 50 6 17 17 0 35 
44 31 19 20 48 23 17 37 45 41 12 34 23 25 25 8 43 14 23 0 
11 0 2 1 48 15 33 38 26 39 13 3 48 21 3 34 47 31 14 16 
34 2 0 1 29 39 48 37 8 1 34 13 2 7 43 45 7 33 44 33 
4 37 10 0 47 28 24 43 44 42 31 39 28 45 45 28 30 21 10 24 
13 1 28 25 0 37 43 26 12 46 5 26 47 2 3 48 10 29 25 6 
23 6 46 4 46 0 27 13 6 19 8 30 13 25 47 10 32 33 27 13 
24 4 2 13 47 39 0 16 35 38 25 47 35 49 6 16 38 19 17 47 
32 48 25 38 8 4 17 0 42 2 50 42 22 15 34 17 2 2 21 43 
50 16 31 43 25 31 22 24 0 31 8 9 9 42 16 37 45 15 49 17 
45 10 30 47 14 35 46 4 33 0 2 33 5 15 17 26 18 31 2 6 
1 7 37 31 37 35 43 41 1 6 0 29 39 2 3 35 27 34 20 20 
17 8 29 28 39 22 48 4 45 43 16 0 49 6 43 10 49 10 8 29 
44 12 22 44 46 48 4 13 31 2 30 41 0 43 49 12 36 48 22 30 
48 9 39 31 48 49 36 8 23 46 43 5 25 0 19 5 26 8 46 14 
34 30 36 10 17 2 16 2 23 1 45 8 12 27 0 31 11 20 5 32 
24 46 10 41 31 17 39 48 5 22 38 23 5 40 35 0 39 1 13 50 
23 29 33 47 13 8 29 38 31 28 45 9 36 21 27 23 0 19 24 39 
5 43 28 5 11 31 36 28 41 19 27 39 30 48 21 33 3 0 41 49 
48 34 3 29 8 20 10 14 3 2 28 18 17 15 12 9 7 45 0 25 
23 17 28 30 39 20 5 40 16 11 15 39 25 32 20 27 6 2 14 0 
20 0 36 1 18 33 27 13 1 11 24 18 40 15 39 28 18 32 20 4 
14 10 0 4 30 45 3 38 13 4 36 47 39 7 7 43 25 39 23 50 
45 3 27 0 20 44 17 48 22 1 1 47 15 39 7 2 39 5 17 6 
6 15 45 14 0 9 16 14 36 11 33 22 15 39 46 32 26 1 38 41 
11 14 47 31 38 0 13 8 22 9 32 5 19 38 9 34 17 35 50 40 
18 4 31 31 37 40 0 30 36 8 19 7 32 1 1 15 6 43 10 35 
8 1 2 45 5 5 6 0 15 34 7 6 30 47 26 12 20 37 30 33 
10 42 9 28 1 3 2 50 0 5 18 23 3 42 8 1 43 40 17 10 
26 27 31 25 46 30 2 40 10 0 7 40 32 29 27 10 50 44 50 24 
1 42 4 5 2 47 12 4 15 22 0 47 34 23 4 27 4 7 29 17 
14 48 49 13 42 43 16 37 45 26 32 0 8 8 43 16 16 18 23 22 
30 29 34 26 38 18 14 24 17 29 2 23 0 4 21 27 36 27 3 30 
12 12 37 11 18 29 33 14 39 41 7 38 10 0 32 35 50 39 30 22 
12 45 29 20 49 9 43 4 29 38 31 7 40 14 0 39 12 11 44 18 
17 48 5 5 26 34 10 41 43 42 20 22 39 7 5 0 42 35 33 43 
38 3 26 26 5 27 8 34 18 25 21 21 25 7 21 14 0 24 7 41 
3 37 39 18 50 13 10 17 43 1 35 23 4 29 18 6 16 0 42 23 
1 28 18 50 43 17 23 21 46 15 19 44 31 35 45 31 6 50 0 35 
26 13 45 11 16 33 33 3 17 42 7 2 5 22 2 6 13 35 37 0 
47 0 2 28 42 15 2 25 8 4 38 10 49 13 7 31 16 10 6 18 
3 18 0 10 15 6 30 39 14 14 22 30 30 32 46 20 3 34 48 22 
31 9 41 0 26 30 15 7 44 44 45 25 7 42 50 45 32 20 37 37 
23 12 26 39 0 12 37 24 8 29 3 44 4 48 18 38 26 10 13 42 
31 50 49 36 45 0 19 40 16 38 30 37 14 50 17 47 26 10 6 20 
30 40 6 8 29 41 0 1 42 27 39 4 25 36 20 28 7 38 24 26 
31 21 23 21 36 28 43 0 39 44 37 1 42 29 20 40 33 3 26 43 
21 46 45 27 13 27 35 6 0 2 45 22 11 10 3 34 25 50 8 19 
20 30 36 2 8 5 27 47 26 0 5 46 37 26 31 45 3 31 37 44 
10 44 2 23 42 45 22 27 41 40 0 45 46 41 26 35 7 14 35 44 
38 22 36 31 9 1 6 8 47 30 15 0 1 4 39 7 48 25 18 7 
45 8 36 29 36 8 32 10 6 12 42 25 0 32 18 38 50 22 24 14 
44 22 36 38 25 47 26 39 41 8 35 28 10 0 39 7 41 36 2 44 
50 24 27 42 1 46 6 6 34 33 16 39 35 24 0 12 24 35 10 21 
11 32 11 19 41 2 21 35 32 36 26 28 3 48 28 0 25 41 17 30 
35 42 20 42 43 6 26 19 50 4 49 15 22 31 16 42 0 13 40 5 
36 40 30 12 25 20 8 6 14 41 8 50 22 8 5 25 29 0 42 40 
18 13 16 34 22 32 34 21 4 47 37 7 16 35 36 32 41 6 0 31 
46 23 35 1 13 28 43 4 28 8 17 7 37 1 24 22 43 21 7 0 
9 0 30 41 49 5 9 27 35 43 16 36 27 15 20 49 46 18 34 12 
3 6 0 30 28 6 14 38 41 1 6 43 13 44 11 34 48 1 5 25 
31 43 36 0 44 50 39 42 32 2 38 39 5 6 39 31 18 2 29 3 
36 36 18 19 0 27 29 1 3 43 16 32 23 49 42 44 4 20 17 13 
30 40 15 32 36 0 4 12 2 37 25 13 43 33 19 49 20 39 14 24 
10 15 50 36 50 17 0 21 15 41 13 13 36 11 2 39 49 13 22 4 
33 16 15 28 15 28 30 0 24 50 4 50 23 5 40 47 8 49 31 5 
15 16 15 39 22 39 24 40 0 3 42 44 20 37 49 35 32 9 46 37 
36 8 20 43 22 12 41 41 9 0 46 15 44 41 19 9 7 39 18 27 
43 40 41 39 28 33 6 35 14 25 0 20 9 38 13 12 45 47 46 23 
44 28 32 49 15 45 38 48 3 2 28 0 42 47 14 32 3 48 45 20 
43 11 16 27 27 16 39 37 28 32 29 25 0 13 12 17 25 50 12 41 
27 44 40 35 3 34 36 33 24 45 6 10 15 0 50 27 3 12 28 1 
5 34 26 8 11 16 25 27 16 31 30 40 33 42 0 7 19 27 3 26 
14 44 41 33 16 42 22 22 14 25 36 9 5 47 50 0 7 8 1 36 
30 20 29 7 20 3 44 6 23 19 9 32 50 1 36 15 0 7 14 1 
11 16 39 44 11 3 31 23 26 44 34 35 49 19 41 24 7 0 35 38 
22 31 22 37 49 4 6 44 36 8 19 33 43 43 7 40 21 41 0 26 
19 4 40 30 19 13 40 34 11 13 10 28 30 30 19 43 21 39 30 0 
40 0 41 6 10 45 15 8 11 41 42 42 29 21 33 32 17 35 32 1 
4 25 0 10 20 46 31 27 31 40 3 25 1 37 2 41 1 35 14 45 
46 15 12 0 2 50 42 19 35 40 45 48 14 35 12 20 36 5 31 21 
10 29 18 35 0 18 9 17 42 6 28 30 32 47 4 40 36 37 43 24 
11 28 27 47 38 0 37 42 39 40 39 17 16 37 21 15 4 16 29 31 
44 43 33 50 14 8 0 10 13 1 11 45 27 34 44 32 21 43 34 33 
31 48 27 21 27 4 39 0 12 44 12 33 1 25 7 6 49 31 28 28 
14 40 28 25 41 29 46 13 0 33 23 5 1 22 21 33 48 33 18 23 
7 47 25 46 17 2 19 11 20 0 20 29 45 1 43 15 20 44 4 24 
36 42 31 42 7 40 39 11 12 30 0 42 10 23 32 9 21 32 40 44 
11 24 23 19 26 43 5 28 5 8 7 0 1 40 45 10 33 31 26 6 
19 7 28 41 7 31 29 11 6 14 42 22 0 34 31 50 43 1 13 24 
6 49 2 12 35 3 6 30 2 15 14 50 28 0 45 26 21 38 33 33 
17 39 48 33 49 15 13 36 23 21 40 2 9 20 0 8 21 8 17 45 
44 38 2 1 27 46 43 15 15 28 9 10 13 11 18 0 47 35 8 17 
3 48 23 18 33 9 13 14 5 30 20 24 19 4 43 40 0 46 15 38 
21 37 7 1 48 9 15 12 27 41 42 24 23 14 41 15 48 0 22 21 
20 43 15 33 38 35 45 4 40 6 21 22 23 32 48 38 31 47 0 48 
25 9 18 48 36 23 14 7 47 11 28 40 45 18 26 46 46 7 5 0 
19 0 16 4 6 25 7 6 20 19 42 26 26 11 18 1 47 12 2 46 
29 10 0 25 29 48 43 13 16 27 4 48 37 3 32 26 28 32 22 4 
44 42 30 0 4 45 15 22 36 17 22 45 21 14 44 1 28 46 44 38 
6 13 13 41 0 30 17 22 6 24 45 35 41 19 26 9 9 4 50 7 
31 14 27 8 46 0 44 32 33 34 43 2 4 31 34 45 16 41 31 1 
50 38 24 10 48 41 0 33 32 26 45 6 36 47 29 40 14 24 30 6 
17 47 49 34 38 13 22 0 42 5 7 25 11 18 28 4 50 19 7 4 
29 17 14 13 6 38 29 8 0 6 25 42 20 21 37 36 15 4 2 4 
36 48 26 50 28 25 2 35 38 0 9 44 30 21 7 21 1 39 4 35 
43 46 10 5 17 17 13 37 4 25 0 33 14 50 48 16 22 7 3 18 
36 38 5 4 41 50 13 46 22 13 1 0 36 47 11 19 10 9 26 43 
10 34 15 38 48 11 6 45 44 32 5 36 0 14 48 22 18 48 38 43 
20 6 4 21 42 24 4 39 36 3 31 39 8 0 47 14 44 34 21 50 
7 44 35 5 19 15 17 28 37 39 25 43 22 22 0 16 6 37 6 14 
24 14 45 22 20 43 14 44 48 39 1 5 39 48 49 0 32 49 35 2 
36 7 25 47 17 1 12 11 10 17 42 41 28 38 21 48 0 36 12 22 
16 13 6 21 20 40 37 34 37 46 24 41 17 22 36 21 7 0 49 18 
28 22 9 33 4 27 6 48 23 18 18 50 13 20 28 20 40 30 0 36 
6 7 31 17 25 15 36 27 25 20 43 17 14 49 18 34 1 7 30 0 
2 0 45 14 42 14 17 19 46 11 21 40 2 46 42 22 44 11 48 5 
34 18 0 19 50 32 29 31 1 4 2 46 36 28 13 10 28 42 43 16 
17 1 7 0 20 26 7 36 18 47 26 43 6 7 37 46 24 13 34 45 
33 13 34 17 0 15 44 15 35 13 40 37 14 30 2 46 32 5 27 48 
43 44 46 11 35 0 25 12 47 39 50 32 39 47 45 47 10 3 34 35 
42 26 11 22 24 29 0 11 13 14 4 12 6 41 47 16 42 2 37 2 
49 42 4 48 26 36 31 0 1 40 19 34 42 43 48 21 36 22 32 23 
23 33 25 13 49 43 28 45 0 41 43 32 4 46 24 1 35 44 39 29 
35 37 44 29 21 44 30 13 19 0 8 21 12 44 10 30 15 20 25 29 
6 6 48 41 40 8 9 16 38 19 0 42 13 28 48 44 47 36 30 4 
4 20 19 30 10 37 21 31 39 44 17 0 9 31 11 15 33 23 37 46 
4 21 13 28 43 45 28 45 43 15 50 13 0 44 35 17 22 10 38 26 
39 4 19 28 20 22 22 10 11 3 13 15 22 0 10 40 26 34 42 42 
26 36 33 42 28 17 39 32 23 25 15 40 6 46 0 48 49 43 35 44 
43 6 22 36 17 43 31 1 29 3 4 10 34 31 18 0 12 41 7 12 
42 11 31 41 49 36 47 14 8 19 25 12 48 41 40 49 0 36 5 1 
16 50 48 17 11 29 20 15 32 9 38 35 7 42 31 44 34 0 12 16 
24 50 21 29 23 32 4 42 7 19 44 32 33 7 40 41 13 44 0 44 
21 12 29 21 15 5 21 34 18 21 18 47 7 37 21 32 1 46 21 0 
26 0 36 7 38 13 47 38 28 6 28 18 1 19 1 40 42 4 45 30 
6 25 0 2 48 37 21 39 22 38 46 12 26 39 46 42 19 9 14 25 
16 24 28 0 28 16 6 50 20 50 47 18 45 17 37 21 40 47 24 38 
21 17 25 25 0 1 33 44 3 29 6 27 32 31 29 30 29 6 29 48 
37 43 37 2 40 0 25 21 1 46 40 18 6 46 46 22 43 8 42 49 
28 46 22 4 22 14 0 23 15 37 17 38 8 16 12 50 37 45 34 15 
35 1 30 32 49 14 11 0 50 32 37 10 36 22 37 7 1 3 15 39 
15 39 17 10 35 34 8 32 0 3 44 47 9 27 9 43 8 49 48 14 
24 41 12 14 42 29 28 31 16 0 22 9 12 48 22 6 19 27 18 41 
46 49 41 33 8 7 36 29 33 28 0 30 30 8 3 39 42 49 4 25 
26 32 7 4 43 11 45 33 50 37 21 0 40 17 40 9 3 15 34 8 
4 8 7 50 45 4 37 42 1 9 9 31 0 8 16 3 42 9 39 45 
49 23 14 24 37 42 12 38 14 40 50 1 25 0 9 42 50 17 20 32 
13 1 6 19 44 25 42 7 14 25 14 48 1 14 0 21 35 36 41 35 
20 9 34 16 24 2 2 8 34 23 16 16 37 23 27 0 27 45 43 4 
20 49 46 36 48 14 50 42 49 38 5 24 6 9 32 50 0 24 29 35 
33 17 43 17 8 34 48 9 28 26 24 38 26 42 33 22 36 0 25 24 
36 3 24 10 3 21 30 50 11 7 5 23 4 48 11 11 37 27 0 32 
38 2 50 5 22 17 26 50 29 32 24 38 47 25 1 43 32 9 7 0 
