18
39
30 0 35 42 4 5 15 30 1 2 11 23 27 49 16 48 42 40 30 43 21 20 1 9 47 43 35 26 47 22 4 27 22 14 16 19 4 20 9 31 
1 24 0 5 11 26 12 40 38 2 1 7 23 44 26 48 21 29 27 46 11 21 39 34 30 49 35 2 13 33 47 45 22 32 50 42 48 15 40 33 
35 3 48 0 25 47 15 31 33 46 16 45 41 27 25 49 11 13 40 26 13 42 11 27 5 5 6 35 42 45 34 1 6 39 44 11 8 23 14 38 
15 18 2 6 0 48 39 6 18 48 34 40 30 9 40 28 42 25 27 43 20 41 30 39 39 13 16 40 2 33 14 41 38 49 2 11 45 40 5 30 
17 49 39 38 9 0 6 4 42 17 12 3 37 32 30 45 48 36 30 14 44 32 50 5 35 34 44 2 32 7 29 34 2 20 47 27 21 3 42 30 
34 9 25 23 41 31 0 28 9 8 4 5 25 16 27 12 49 18 45 4 5 16 4 23 36 38 29 1 18 35 4 24 46 44 50 31 35 8 27 14 
5 7 35 45 28 3 4 0 19 26 8 49 10 27 49 38 15 30 37 40 36 13 30 10 24 5 31 10 32 16 47 28 42 41 31 49 48 31 10 45 
33 34 11 26 10 37 44 48 0 47 7 36 1 48 19 42 2 26 47 12 40 48 44 23 3 30 31 8 19 46 1 40 34 21 42 7 2 3 4 1 
37 11 33 14 25 31 46 30 24 0 50 29 24 2 20 20 48 40 12 8 46 30 30 25 3 47 17 2 30 7 12 41 50 22 47 25 30 16 31 48 
22 34 1 34 20 17 27 39 14 2 0 44 18 40 45 9 21 8 37 30 17 9 29 17 24 12 10 30 3 6 45 41 33 10 14 36 12 30 46 6 
37 20 29 38 28 13 45 1 6 13 27 0 18 44 36 14 40 44 18 27 23 11 38 25 34 20 12 12 9 27 9 47 41 12 31 44 48 30 41 39 
12 18 10 25 40 29 28 47 47 46 25 43 0 45 3 24 45 49 46 46 19 17 1 37 24 47 17 36 6 13 42 17 10 3 29 15 5 2 14 36 
5 42 15 15 13 3 17 3 38 39 36 45 3 0 35 23 22 12 32 36 28 24 44 23 35 5 30 15 41 16 39 19 44 36 10 42 28 3 36 24 
22 31 14 48 17 27 48 14 26 31 7 4 24 16 0 36 13 11 20 30 10 33 39 27 37 50 21 43 10 43 44 45 20 26 8 14 48 10 47 6 
9 8 16 40 10 10 35 45 28 50 48 31 8 23 26 0 42 34 4 27 48 46 35 38 22 32 36 37 29 17 3 39 3 14 14 22 2 18 49 17 
28 16 27 15 10 45 13 38 48 50 17 31 44 33 50 10 0 25 21 44 8 25 23 7 28 26 12 46 17 45 2 25 24 35 38 50 32 20 20 29 
27 20 49 40 30 1 22 45 20 15 4 47 32 24 42 42 6 0 10 49 39 48 50 46 44 46 26 43 47 6 34 18 41 5 42 17 39 27 33 27 
28 4 18 26 3 41 5 43 1 43 46 44 23 22 31 31 28 24 0 6 45 4 9 26 39 37 48 14 42 41 7 4 16 24 33 22 35 31 25 44 
4 41 33 42 4 10 40 45 19 24 11 40 15 22 39 24 19 29 29 0 39 6 27 14 3 45 39 31 21 41 1 47 1 3 31 3 4 21 18 23 
29 48 3 46 18 30 17 40 45 36 10 3 7 3 37 39 27 28 31 47 0 15 30 19 5 19 28 11 37 35 19 35 3 2 6 50 42 3 32 46 
23 29 50 36 36 31 48 40 49 17 42 26 27 41 21 8 50 29 48 27 41 0 20 30 5 26 1 7 1 1 4 45 36 46 32 8 19 15 44 33 
25 21 39 13 20 43 44 8 12 31 49 1 14 6 5 6 4 49 45 11 35 24 0 47 39 46 23 7 30 45 33 3 43 6 46 24 6 3 8 10 
13 33 43 46 21 3 4 32 30 41 27 5 21 21 34 49 1 25 50 17 48 36 14 0 14 29 29 6 45 18 33 50 4 47 39 33 28 43 29 27 
37 43 41 28 40 19 29 33 23 22 48 24 32 3 41 13 27 19 30 17 42 48 9 14 0 48 42 23 8 32 38 7 6 22 48 13 25 7 9 25 
45 1 47 33 24 21 10 18 1 7 27 7 9 13 13 35 40 34 27 30 49 46 22 1 36 0 16 42 2 34 41 16 6 18 45 36 17 46 15 36 
44 39 24 23 2 6 31 48 44 10 14 24 41 31 30 26 49 29 46 48 8 29 8 35 11 41 0 22 39 15 28 47 40 25 49 34 42 25 24 20 
46 5 19 48 42 21 17 25 25 39 19 37 38 50 18 28 15 31 39 12 12 34 43 34 17 14 25 0 49 43 47 38 1 26 10 1 43 40 32 16 
14 44 16 47 1 46 41 9 40 8 21 19 11 37 12 9 12 13 36 32 29 47 18 33 29 1 18 11 0 28 50 25 39 34 15 26 18 46 38 42 
38 26 5 35 42 22 29 28 15 15 1 39 31 5 50 38 18 27 34 19 50 28 31 32 40 34 33 35 47 0 11 44 14 25 21 48 6 25 12 27 
11 50 24 3 47 28 12 45 35 35 28 9 42 12 19 43 11 46 24 46 8 40 45 31 5 21 38 14 10 7 0 45 13 6 50 24 20 27 25 34 
5 29 39 49 1 20 3 2 2 6 29 38 11 2 17 19 21 6 43 49 26 40 48 35 28 40 15 4 43 38 50 0 17 36 12 20 18 20 42 45 
12 2 19 37 8 32 20 35 12 39 31 3 15 34 26 8 15 31 4 21 11 5 50 10 14 7 13 2 49 33 50 50 0 30 11 32 48 8 4 41 
4 8 6 3 15 12 36 36 33 11 4 5 37 16 21 34 7 3 10 23 2 19 19 36 30 40 31 24 4 3 29 1 12 0 41 50 14 6 2 36 
48 29 21 30 42 45 28 13 35 9 28 25 45 49 31 39 36 40 20 24 26 31 12 33 31 32 4 43 47 16 8 28 6 18 0 12 44 31 39 28 
42 2 27 47 15 26 29 34 3 31 2 15 24 37 29 10 18 17 39 50 10 42 35 17 19 2 1 20 28 37 37 8 47 12 28 0 22 50 34 48 
8 2 48 1 13 45 1 34 42 27 8 45 28 43 40 18 50 18 10 29 13 26 10 6 16 45 44 19 12 9 8 11 34 20 31 48 0 13 41 23 
23 18 19 10 43 21 43 10 16 7 45 29 5 41 6 35 33 43 42 35 18 1 33 22 33 20 48 12 8 12 42 6 9 45 37 11 45 0 16 17 
36 24 35 29 12 18 31 3 21 28 36 49 5 21 7 5 22 36 47 27 23 24 32 3 4 15 40 20 10 4 46 40 17 26 7 12 34 22 0 21 
5 3 17 27 35 22 14 38 36 3 40 16 25 48 40 45 13 43 32 26 48 29 11 44 17 32 46 33 29 14 45 22 50 16 43 25 6 47 47 0 
31 0 41 28 5 18 20 39 22 43 27 32 45 19 2 47 24 26 43 24 10 3 27 31 9 22 8 19 16 10 5 16 39 16 46 2 36 20 25 43 
24 29 0 11 4 6 47 20 27 20 4 43 18 32 33 37 45 4 10 19 33 10 2 23 13 38 12 44 29 24 1 12 4 2 50 1 32 43 24 26 
12 2 32 0 50 13 18 38 34 7 30 2 48 26 1 42 34 23 6 49 16 45 4 41 4 20 42 39 16 33 32 6 2 31 34 8 31 29 2 11 
45 50 29 38 0 50 22 3 36 3 11 17 29 26 45 8 32 9 12 29 30 21 29 23 1 25 25 50 17 43 44 11 5 21 46 4 17 16 16 42 
32 17 7 36 5 0 17 4 30 8 24 3 49 20 1 23 41 17 27 28 14 26 23 36 44 9 1 12 8 31 42 42 16 44 20 47 13 15 43 18 
35 21 45 43 44 40 0 46 41 5 49 5 38 40 39 2 17 10 32 13 28 5 5 46 50 17 33 38 6 50 4 10 27 24 10 43 43 31 30 43 
5 14 10 8 10 26 4 0 2 27 42 4 38 32 2 16 14 31 25 45 27 12 2 41 41 2 39 29 14 31 47 10 36 30 39 9 14 46 47 37 
24 13 31 11 14 47 16 28 0 25 8 47 12 18 36 4 31 3 24 19 7 22 48 40 22 31 33 18 9 43 44 3 19 34 39 21 14 31 42 27 
45 36 11 5 7 35 35 42 50 0 26 9 7 40 27 41 15 27 23 9 30 32 30 8 36 32 6 28 29 29 16 41 50 11 48 25 21 11 44 34 
38 47 42 18 33 35 38 13 42 43 0 25 44 42 23 12 46 15 29 26 23 1 7 6 13 35 36 9 46 43 2 21 4 34 39 22 33 41 12 25 
1 45 44 37 36 5 22 49 28 50 2 0 10 43 36 21 33 32 42 29 34 48 27 42 20 40 23 21 11 3 1 30 6 4 5 25 29 8 20 21 
8 14 37 31 47 42 42 28 19 14 7 41 0 42 12 29 27 24 3 24 47 13 35 12 47 28 20 47 7 39 11 42 25 12 21 21 20 12 47 46 
29 49 45 2 47 47 11 38 44 26 28 2 26 0 35 24 8 24 3 40 3 27 45 36 40 9 22 32 29 21 42 9 16 28 7 46 49 18 33 15 
1 18 33 3 32 11 10 16 41 38 14 48 18 22 0 44 20 34 13 6 44 26 15 32 17 3 17 13 24 20 40 26 40 41 38 40 36 44 42 5 
30 49 6 41 42 7 45 41 44 34 38 12 36 13 40 0 40 36 36 16 1 15 49 36 47 2 13 25 7 30 33 8 26 43 8 27 45 20 25 41 
10 9 26 19 41 32 28 40 27 2 49 4 50 29 41 40 0 31 14 9 40 29 33 38 12 12 26 13 20 29 37 45 20 12 46 6 43 40 30 45 
16 24 24 48 6 31 29 9 47 2 19 46 32 11 36 12 28 0 21 15 8 15 20 9 12 41 7 30 43 4 24 49 1 2 19 44 16 5 36 32 
31 33 18 16 19 10 41 14 9 27 34 29 22 25 22 31 46 16 0 13 7 50 2 37 5 24 3 18 44 13 18 20 8 42 40 35 25 47 5 41 
2 50 43 21 16 21 45 27 26 31 39 49 50 43 30 33 29 47 14 0 42 16 43 48 2 42 7 27 37 33 41 47 34 42 25 12 7 7 31 21 
35 30 27 42 14 25 20 20 15 13 7 6 28 34 14 26 9 3 42 30 0 10 44 9 45 36 34 5 7 25 32 23 26 48 27 29 13 40 2 35 
28 23 37 13 25 26 36 20 50 28 50 3 4 16 2 12 41 22 32 7 30 0 20 13 45 34 40 32 8 2 5 2 37 8 19 14 7 23 32 34 
19 50 15 5 30 26 29 19 10 47 16 39 41 8 45 5 8 11 43 29 35 44 0 28 18 46 27 14 46 36 2 45 40 10 38 14 7 16 16 34 
20 5 21 23 12 37 17 11 29 13 14 7 47 30 3 50 26 22 47 10 3 12 34 0 34 8 2 26 29 4 45 38 40 43 28 23 25 14 22 17 
32 29 17 35 33 22 46 48 10 7 39 39 36 19 6 31 8 22 38 15 11 11 38 7 0 35 26 25 15 20 8 29 36 4 6 16 31 37 28 2 
12 13 4 17 22 16 7 3 22 37 47 15 3 26 7 7 22 41 10 50 7 48 31 29 2 0 29 3 35 31 4 26 45 31 20 27 3 7 44 16 
42 29 23 4 29 24 43 26 10 47 49 44 40 27 28 45 14 32 26 15 44 13 22 23 19 12 0 3 35 34 50 5 50 28 25 19 22 35 45 3 
6 10 3 43 38 32 10 36 18 4 26 13 21 32 29 23 29 8 1 35 18 21 9 43 11 43 49 0 17 16 9 6 11 20 30 21 6 41 20 34 
41 10 26 36 31 8 38 34 19 50 3 40 15 35 10 36 35 2 10 33 46 33 43 21 9 48 15 44 0 42 12 24 32 9 24 10 26 42 36 28 
35 24 10 31 17 13 19 42 27 10 44 36 4 32 38 39 9 17 6 27 33 43 45 42 8 26 22 31 41 0 26 34 45 49 24 26 10 36 3 27 
8 40 7 39 34 49 26 20 1 22 35 1 10 36 10 45 42 30 18 24 42 42 39 1 1 26 50 38 30 6 0 28 3 6 41 49 37 27 5 11 
44 32 7 21 9 7 25 25 10 40 30 34 31 19 30 35 17 2 6 38 8 49 39 40 45 45 32 46 20 38 24 0 18 38 19 24 42 36 21 30 
45 27 2 41 48 1 23 47 35 26 6 33 35 22 17 3 45 44 17 26 15 25 29 5 22 16 12 46 13 45 39 50 0 46 22 12 12 7 9 41 
40 22 48 48 20 15 6 39 47 22 16 29 48 19 46 16 20 49 47 19 33 40 28 35 40 38 6 37 13 11 6 47 37 0 4 27 5 17 28 10 
41 17 28 15 24 47 16 42 31 1 7 42 13 11 41 9 1 45 14 8 33 9 19 27 37 17 20 43 44 43 41 49 43 39 0 6 2 6 25 4 
39 25 47 25 37 7 19 43 37 47 46 27 10 4 20 28 33 49 1 29 8 28 24 48 39 10 8 50 25 5 39 4 26 42 26 0 34 36 35 32 
20 19 24 34 47 49 16 32 46 23 12 24 3 5 47 46 11 1 49 36 28 49 19 19 32 8 42 1 19 29 36 42 48 18 32 10 0 34 44 27 
50 24 29 12 27 13 32 36 50 30 46 15 33 38 49 5 21 50 6 2 39 7 15 13 18 37 21 26 36 23 37 12 17 25 50 13 50 0 37 43 
6 1 22 43 22 24 14 4 4 50 14 11 11 28 43 39 43 9 16 45 40 43 6 1 27 43 34 48 9 39 36 5 35 8 1 1 17 14 0 44 
40 4 34 17 26 23 13 27 34 25 36 7 5 34 43 3 14 46 22 17 29 40 17 45 16 14 9 27 4 28 42 22 30 16 26 42 7 26 30 0 
28 0 14 17 50 23 24 32 32 21 42 5 38 6 46 48 15 1 37 40 2 13 15 37 24 7 33 15 28 39 8 2 47 38 16 45 3 13 40 44 
22 34 0 32 38 35 49 41 37 27 33 2 26 5 17 25 18 14 28 44 44 41 9 5 44 13 41 9 50 41 1 45 2 11 44 19 18 31 27 3 
25 17 47 0 38 46 38 32 47 30 14 49 32 26 20 47 4 13 29 39 25 44 40 41 46 26 38 50 16 12 49 7 38 37 25 19 27 44 22 10 
6 31 45 30 0 37 43 20 19 33 14 40 7 40 42 2 9 36 26 1 12 8 38 17 36 32 7 12 45 1 2 20 11 42 19 34 44 50 10 5 
4 7 20 18 3 0 22 42 18 46 35 17 33 2 43 10 3 19 15 9 49 30 31 25 18 31 44 30 16 21 9 8 10 26 22 47 6 38 20 14 
15 40 40 16 11 35 0 19 19 18 32 17 15 30 42 12 25 23 32 2 37 9 42 27 47 38 27 7 8 30 46 4 15 49 1 44 9 41 16 15 
33 13 26 13 34 4 44 0 29 19 14 48 24 24 37 33 6 23 13 43 29 34 29 12 39 22 29 3 17 29 48 4 35 8 18 19 25 34 30 44 
44 44 49 39 44 33 22 30 0 29 16 46 22 47 48 38 31 5 2 37 41 6 2 28 50 22 11 14 17 7 18 9 23 43 20 50 35 36 41 18 
7 50 49 24 1 34 26 8 37 0 21 37 15 23 47 40 38 42 17 49 17 34 20 6 24 11 8 23 29 27 49 4 46 15 34 30 41 8 28 27 
17 46 4 27 47 20 4 36 26 4 0 32 9 18 38 24 35 38 45 25 14 44 11 47 31 39 17 42 50 40 18 49 31 14 41 32 21 31 43 10 
5 8 22 48 26 46 41 36 9 42 50 0 43 47 33 15 34 6 50 23 39 30 28 5 47 9 5 1 45 27 6 3 5 45 36 21 6 22 14 21 
36 49 31 34 8 40 25 2 49 49 8 26 0 22 8 5 30 27 4 26 40 21 45 46 10 3 40 46 48 12 12 9 13 43 29 38 41 49 44 47 
7 34 4 2 46 20 30 31 47 41 6 45 3 0 46 25 50 41 3 22 32 19 45 27 41 38 40 45 34 44 21 14 32 33 7 19 6 18 44 50 
40 24 9 49 8 7 18 7 17 19 29 47 38 27 0 13 28 13 7 13 15 7 25 46 38 27 27 24 12 46 28 19 33 48 4 33 8 11 46 20 
34 20 34 29 16 15 24 27 5 20 30 6 50 6 29 0 44 15 28 21 22 32 33 7 11 40 1 47 50 35 45 5 18 17 37 29 45 23 47 31 
23 3 1 19 42 17 22 19 27 19 10 18 31 40 25 39 0 2 14 24 40 16 19 25 42 11 16 13 40 13 27 35 21 19 47 49 19 32 14 15 
45 18 32 20 31 25 27 25 28 43 49 28 31 50 7 16 5 0 29 9 8 27 4 33 6 1 35 39 50 35 42 6 7 38 50 29 22 34 49 45 
18 35 41 35 47 14 50 4 22 12 32 44 41 23 6 39 41 36 0 26 19 46 36 27 41 37 38 43 40 32 21 35 32 6 35 41 24 36 20 36 
43 2 32 18 38 3 48 15 34 33 11 39 37 9 30 49 32 9 1 0 49 10 22 10 22 2 28 50 38 7 33 33 3 22 50 34 18 15 19 40 
38 39 23 9 8 21 32 48 24 27 36 9 16 36 21 27 21 43 10 17 0 11 4 11 9 2 50 9 18 38 26 13 35 14 20 13 11 37 14 3 
2 20 30 27 12 21 24 18 18 1 23 13 26 6 2 29 34 29 15 7 9 0 13 15 11 49 14 2 46 46 23 11 41 8 40 8 48 32 28 49 
39 29 32 41 17 15 13 37 29 13 41 30 32 23 7 44 39 5 19 28 48 19 0 29 22 45 41 33 6 36 48 5 47 7 30 26 29 27 22 48 
46 36 27 23 33 6 44 29 18 1 46 20 43 14 50 2 20 1 10 47 27 33 7 0 2 32 8 44 23 3 47 29 18 17 8 23 42 21 46 46 
17 1 12 16 6 40 28 12 34 7 29 6 28 17 26 21 14 30 26 42 26 12 21 27 0 21 22 29 3 36 41 9 31 25 6 44 46 16 18 2 
13 4 46 10 17 24 42 2 1 42 37 9 13 46 5 21 5 31 35 45 35 11 26 27 44 0 49 48 32 23 23 30 6 47 28 14 38 30 2 5 
3 30 20 28 11 50 32 46 36 20 36 40 16 32 23 18 2 29 20 17 19 27 10 29 28 13 0 31 13 35 32 18 41 3 26 32 15 15 34 15 
28 12 3 13 12 38 34 15 25 24 11 13 9 10 35 37 27 20 42 50 49 19 20 11 4 3 45 0 37 40 50 8 3 18 14 43 6 16 15 49 
42 44 48 7 39 25 20 9 32 18 40 6 46 24 34 17 10 42 43 9 9 44 48 25 26 17 8 45 0 46 18 30 21 13 22 1 6 1 12 32 
37 34 45 14 19 50 44 13 30 35 47 33 14 23 6 40 49 47 24 32 22 17 26 13 14 39 19 44 24 0 24 28 16 48 10 7 25 15 31 30 
25 32 4 29 10 49 35 17 49 7 33 3 10 28 30 10 20 9 32 50 30 32 1 40 7 8 32 36 4 17 0 31 25 18 17 49 1 19 39 16 
14 30 23 21 37 41 22 18 39 18 1 37 17 33 31 1 44 31 14 22 3 18 50 13 32 27 8 35 44 30 30 0 42 32 43 18 21 8 11 14 
49 36 40 44 18 4 30 15 43 37 17 5 20 6 17 14 47 30 10 40 11 33 37 25 9 39 10 6 25 15 11 43 0 34 17 15 37 14 25 33 
9 2 13 16 48 28 25 11 36 16 30 22 41 48 22 4 16 49 15 35 30 45 25 40 28 27 24 22 3 41 31 50 23 0 48 2 38 49 18 40 
48 35 28 24 41 46 44 21 46 13 14 49 38 49 40 3 15 27 23 38 21 4 4 9 46 35 30 49 44 47 34 6 49 10 0 18 1 2 22 35 
45 35 6 29 9 40 42 44 2 33 45 37 11 26 30 19 44 31 20 28 6 16 45 28 49 29 9 1 29 31 40 2 43 43 28 0 3 15 26 45 
20 4 42 29 16 49 10 24 30 19 41 25 20 33 44 30 29 41 29 31 31 31 42 15 21 44 44 44 19 49 27 4 19 36 1 24 0 15 38 29 
29 39 6 29 32 39 7 21 20 50 13 49 13 37 46 15 39 13 27 8 23 5 16 5 32 42 37 7 34 32 20 16 42 12 50 42 25 0 3 10 
27 15 24 25 45 6 50 15 18 23 22 13 12 38 31 7 24 23 2 48 41 2 50 37 38 30 48 8 2 37 4 41 36 3 50 44 50 31 0 22 
49 32 28 20 34 13 20 9 28 11 6 27 19 24 5 20 26 15 37 38 15 9 42 13 32 19 31 27 9 38 37 8 44 2 3 17 13 33 17 0 
25 0 19 22 20 47 47 11 36 17 32 34 25 30 13 44 7 41 40 16 38 15 32 43 50 40 24 48 33 18 21 39 7 43 48 13 19 44 39 45 
17 21 0 34 14 46 26 14 8 45 50 45 13 27 48 45 3 43 26 23 31 24 49 28 19 47 43 27 32 32 1 25 14 2 45 49 18 32 18 48 
24 27 17 0 4 33 23 9 13 10 49 46 20 44 21 9 22 18 44 15 18 3 50 32 27 45 26 31 11 32 49 28 22 26 28 49 5 7 46 45 
47 38 31 17 0 34 37 31 31 44 44 24 32 25 17 50 45 25 45 40 9 8 42 49 31 12 21 25 45 16 23 4 15 22 49 19 31 22 33 49 
41 15 45 38 17 0 9 18 4 5 27 33 24 11 18 38 37 5 39 1 6 13 12 37 16 21 41 9 10 26 48 19 24 43 46 50 45 14 5 33 
23 44 18 20 18 33 0 49 44 48 35 12 15 43 22 27 36 29 28 30 17 26 50 8 28 7 8 10 32 15 18 44 24 50 6 28 12 46 42 19 
33 23 47 11 25 15 34 0 27 2 16 10 22 17 35 38 7 23 37 40 13 11 24 17 29 31 42 39 15 37 44 16 41 37 10 47 45 29 40 33 
14 24 31 9 17 5 47 27 0 39 13 50 6 26 6 30 8 10 7 19 31 33 27 20 41 8 1 20 35 7 38 44 28 34 4 27 40 31 16 50 
24 35 16 50 2 38 39 40 35 0 8 2 38 39 11 9 1 38 5 41 1 17 36 12 20 2 20 22 23 22 30 40 28 45 7 45 46 18 28 18 
4 20 11 35 27 6 1 5 17 25 0 4 39 35 40 15 34 39 23 46 48 33 16 16 18 6 18 24 44 32 17 13 33 11 38 38 31 7 1 35 
15 1 15 5 49 19 42 5 39 30 24 0 6 24 23 30 35 38 4 43 30 9 32 8 24 1 12 21 28 48 3 34 28 38 38 31 48 18 11 18 
50 15 14 36 14 9 11 40 11 32 3 50 0 28 14 22 26 33 44 42 5 37 49 14 8 36 46 46 18 36 42 32 18 28 37 44 16 46 46 44 
15 40 22 10 47 46 3 7 14 17 12 48 4 0 27 7 31 1 1 7 50 19 13 43 5 20 50 35 23 42 21 6 31 38 50 28 15 16 39 17 
12 33 39 33 2 24 44 29 42 21 6 43 15 40 0 46 26 2 47 18 41 48 11 31 16 43 11 32 11 4 49 42 16 13 35 45 18 30 31 42 
31 27 22 44 2 36 29 42 41 42 25 26 18 48 49 0 20 1 3 24 40 41 43 33 25 43 29 40 31 31 45 29 47 22 6 38 14 26 18 30 
31 15 20 41 20 30 24 24 18 14 15 45 15 6 41 2 0 39 44 48 2 23 46 49 11 46 13 28 5 13 11 35 44 34 23 44 26 21 2 14 
45 19 6 23 17 16 1 14 41 31 4 50 20 29 16 7 35 0 16 9 46 7 2 19 11 8 29 22 11 43 13 15 31 38 31 3 33 18 24 32 
46 46 49 38 24 10 12 15 15 18 17 9 10 13 6 7 43 1 0 45 15 38 45 40 22 28 16 24 13 40 27 33 40 12 34 14 50 8 15 45 
2 47 14 7 43 27 5 5 19 32 24 10 33 23 9 45 1 6 28 0 10 8 36 50 26 39 36 27 48 27 49 7 50 28 6 43 19 25 39 47 
46 24 12 6 32 16 17 1 17 3 40 13 45 31 6 37 16 48 39 18 0 8 50 7 29 20 26 25 33 27 31 41 21 13 9 32 37 47 31 19 
11 23 35 11 46 37 37 12 19 23 19 27 22 36 21 40 47 17 33 36 7 0 41 35 24 37 13 20 50 36 49 19 41 36 30 29 45 23 40 12 
43 34 14 6 10 9 4 19 35 42 20 36 21 15 46 13 20 39 12 24 34 17 0 37 26 21 5 29 42 43 8 26 17 8 5 41 3 43 36 26 
15 34 44 36 9 17 13 49 26 41 17 9 7 12 16 29 26 48 38 36 5 30 12 0 27 27 16 4 29 16 24 43 20 35 14 47 41 40 32 29 
10 8 7 3 2 26 49 20 6 42 26 15 6 5 50 21 35 22 17 10 43 14 35 33 0 3 48 48 25 44 15 25 39 45 19 29 28 49 28 11 
2 28 47 49 37 40 10 38 15 35 43 12 19 23 23 37 47 23 24 1 4 28 25 26 41 0 18 38 21 37 27 23 22 8 12 16 32 46 16 49 
43 44 10 33 41 1 3 6 16 23 33 32 5 25 28 7 24 4 22 8 20 3 39 2 38 12 0 22 5 8 8 41 41 32 25 32 8 45 45 34 
25 38 12 22 49 4 45 18 47 31 6 43 29 25 8 30 40 5 9 46 29 30 49 49 9 32 42 0 1 31 44 21 12 29 20 47 20 8 32 41 
48 44 45 25 25 3 15 13 17 24 46 42 3 37 50 6 46 40 14 13 18 13 45 38 4 11 44 15 0 9 28 38 22 9 15 11 2 35 6 25 
46 45 19 25 27 35 3 18 26 29 15 1 31 45 20 24 36 49 7 22 15 9 1 5 39 37 25 33 38 0 26 48 21 41 15 18 19 49 38 18 
3 1 43 18 36 44 27 8 27 39 42 26 4 28 34 11 37 44 15 36 41 11 20 30 1 31 45 11 16 27 0 2 25 48 32 4 21 22 42 16 
11 13 30 48 45 47 1 45 43 7 5 31 25 34 2 28 43 31 13 18 6 50 17 42 50 38 17 28 22 24 13 0 39 46 29 4 24 12 13 26 
34 50 36 2 5 11 47 27 41 46 4 12 41 10 24 11 12 46 38 48 7 30 23 23 20 44 17 35 47 31 29 16 0 30 5 29 18 20 49 12 
31 4 12 27 32 19 13 23 29 23 18 43 28 24 16 20 5 27 13 33 12 45 12 30 11 18 39 32 36 32 6 41 14 0 35 8 45 45 4 42 
5 7 21 38 13 29 38 1 43 15 36 25 42 7 16 1 37 42 33 16 14 30 31 37 48 17 28 30 44 17 21 25 2 36 0 8 26 41 7 49 
1 23 18 47 17 1 7 15 34 48 34 22 3 13 38 28 26 26 35 41 47 2 9 7 26 44 11 24 6 50 41 11 30 44 32 0 43 46 34 14 
37 41 3 44 33 11 46 19 12 14 8 33 50 7 17 3 49 15 12 21 24 40 34 10 35 7 24 42 10 31 46 32 42 12 48 50 0 45 9 27 
47 31 26 50 10 48 17 41 4 14 41 33 29 35 14 41 47 8 44 9 26 37 5 10 31 19 27 42 38 9 17 9 41 39 15 41 48 0 41 24 
12 19 17 20 28 19 48 17 48 28 21 2 43 2 1 1 10 26 17 19 42 22 26 3 46 47 32 43 40 20 23 44 7 34 32 40 10 18 0 27 
41 34 2 30 14 18 8 25 8 41 38 6 15 32 23 32 40 44 14 24 32 38 6 27 28 6 28 46 9 20 11 41 43 50 26 35 41 43 12 0 
36 0 39 23 25 3 3 15 9 12 34 2 42 47 46 44 46 3 28 25 2 9 40 13 16 39 31 47 13 15 7 38 42 48 32 29 36 9 14 4 
25 13 0 47 17 12 8 28 14 46 49 5 23 8 17 41 4 47 27 8 37 22 6 2 44 6 47 11 45 15 18 9 37 40 25 50 39 12 23 1 
8 11 17 0 2 15 11 34 31 26 7 28 32 9 2 27 32 20 12 4 12 16 47 34 49 28 41 19 33 34 17 2 43 24 26 50 26 6 4 38 
33 22 16 36 0 38 38 36 50 35 13 43 31 28 8 12 36 11 27 18 25 24 43 1 48 9 6 36 9 34 3 2 27 17 24 21 40 50 12 47 
12 42 41 34 20 0 41 37 25 36 12 41 39 50 38 29 14 41 22 19 27 33 2 28 17 33 12 17 14 4 37 23 37 50 31 7 34 33 9 31 
7 23 31 1 48 44 0 15 3 39 38 11 30 18 31 35 14 10 15 25 1 9 24 23 21 49 40 4 39 19 32 46 32 33 42 13 5 2 2 31 
24 19 10 28 27 44 7 0 5 6 15 17 47 20 8 8 23 33 1 11 2 8 40 26 34 8 42 29 48 27 19 31 13 9 34 2 33 49 46 46 
28 42 35 49 25 2 36 27 0 24 25 19 30 4 42 50 23 35 44 27 21 35 15 10 29 38 34 5 38 36 7 25 25 37 5 34 11 24 41 2 
33 23 16 6 23 8 40 27 21 0 10 12 18 40 23 26 12 13 33 7 11 41 47 48 42 17 50 45 43 50 9 39 50 44 42 45 49 19 9 37 
21 49 8 34 29 24 40 36 3 12 0 44 21 29 18 31 12 36 25 25 40 23 14 47 28 13 21 13 25 48 29 28 43 4 46 36 13 34 14 20 
18 28 15 43 31 7 38 11 32 13 31 0 9 24 45 20 14 8 2 30 22 8 11 16 38 25 35 1 18 33 32 18 28 22 6 7 13 9 21 16 
22 25 10 31 12 18 20 4 48 35 32 29 0 11 4 42 12 8 12 27 19 47 6 21 28 1 46 3 37 19 39 8 6 37 37 9 47 48 31 5 
21 6 31 4 33 2 4 8 25 31 44 49 1 0 32 3 19 16 5 33 31 17 15 33 36 9 27 26 42 25 45 46 14 28 8 7 14 17 3 38 
27 47 38 29 7 25 40 8 25 35 18 43 42 16 0 50 39 7 23 45 45 7 26 13 34 30 35 30 22 43 26 40 2 14 17 6 34 29 37 26 
12 19 20 2 8 7 3 5 49 28 20 1 41 23 8 0 32 1 35 5 49 23 45 19 16 49 45 16 29 25 10 16 10 21 48 34 26 38 24 6 
27 28 31 32 44 23 26 49 30 7 36 5 50 25 39 3 0 17 1 4 4 13 42 24 30 39 13 10 30 44 39 32 44 28 30 29 21 43 14 25 
43 24 46 36 23 39 5 17 36 33 45 18 25 34 21 43 35 0 5 2 43 32 13 46 6 41 25 43 28 21 47 18 11 3 27 12 30 17 6 1 
41 35 47 25 48 49 22 8 10 8 37 44 17 42 22 43 30 29 0 41 46 49 47 28 46 40 15 34 15 49 23 42 27 30 4 11 9 36 39 48 
7 20 18 33 21 34 3 2 20 32 35 32 1 27 11 3 45 7 1 0 35 34 16 7 9 38 17 10 14 13 31 13 7 42 32 34 26 31 14 7 
12 37 13 15 34 14 41 41 1 20 1 17 2 36 4 14 42 14 9 45 0 5 24 40 39 39 19 28 41 20 44 35 23 31 1 39 49 21 1 24 
46 47 26 10 45 13 15 12 22 38 18 42 13 23 20 3 38 48 25 26 15 0 37 1 22 8 35 29 37 2 47 6 43 42 40 14 48 29 15 46 
27 25 8 6 4 2 2 23 50 11 48 1 1 47 26 9 9 47 5 3 10 34 0 28 10 26 32 25 1 23 10 22 25 24 2 48 2 7 31 48 
20 6 13 29 26 4 46 5 47 17 32 5 2 24 12 36 43 47 49 31 22 27 2 0 50 41 40 24 27 49 50 24 2 29 50 36 48 48 6 3 
6 30 27 29 35 42 5 20 1 13 17 6 5 9 50 26 43 4 13 39 36 31 20 6 0 48 43 30 27 2 39 14 39 38 45 43 2 45 48 18 
9 37 21 23 14 33 44 20 44 29 25 43 44 35 17 17 26 11 22 32 42 12 28 19 13 0 50 29 18 10 17 49 32 45 37 5 3 16 8 6 
24 4 23 37 49 28 46 21 4 21 29 18 42 24 17 26 47 9 2 11 15 5 26 10 28 30 0 43 48 7 31 15 2 18 5 49 29 20 26 30 
41 17 30 25 48 32 49 8 8 29 12 8 45 14 48 41 19 28 14 10 19 35 48 14 24 7 28 0 1 37 26 39 7 22 29 12 45 36 30 29 
29 29 23 35 20 46 24 20 38 20 15 30 1 7 17 12 7 19 16 2 41 5 49 22 33 41 6 36 0 16 3 4 6 39 50 35 31 47 50 29 
19 50 37 40 31 22 46 38 1 6 18 5 26 20 29 38 24 30 1 3 30 40 38 5 35 17 10 41 2 0 22 36 15 7 40 48 2 5 15 18 
50 37 3 6 31 49 48 28 36 11 12 12 2 46 48 50 29 13 33 5 15 13 6 37 29 21 3 49 37 23 0 27 34 9 13 2 16 27 34 8 
6 37 40 25 30 40 11 35 19 10 41 19 40 23 10 4 37 32 17 27 11 47 50 42 13 34 29 3 40 45 33 0 23 45 6 27 18 26 39 27 
47 19 37 34 39 46 4 38 11 49 9 15 35 11 8 48 10 38 48 12 46 12 8 45 25 28 18 25 34 46 43 29 0 49 5 20 8 24 13 11 
46 10 47 18 4 31 31 48 12 38 9 18 31 28 28 31 36 11 42 10 12 28 30 4 16 7 30 16 30 42 50 24 47 0 27 2 2 50 44 5 
15 44 30 6 37 26 28 12 2 21 25 35 48 33 4 49 18 31 43 2 47 1 15 19 21 39 35 21 5 26 26 31 42 7 0 28 16 33 23 43 
29 39 46 29 45 5 7 3 41 44 28 35 22 8 43 9 14 30 11 35 49 41 7 8 27 46 45 44 41 6 38 16 46 38 14 0 14 1 23 20 
14 15 36 44 28 27 42 5 23 49 48 14 36 23 38 45 38 32 39 3 50 11 14 12 36 7 13 39 35 44 29 8 42 11 47 21 0 13 47 30 
32 35 42 22 45 43 42 2 44 9 44 27 32 13 20 20 4 2 25 9 22 15 4 20 29 21 41 23 26 26 17 32 41 3 7 18 9 0 39 19 
19 45 5 19 30 42 18 48 45 22 41 43 20 39 39 9 18 32 22 44 25 3 20 26 19 43 12 36 29 6 3 12 16 33 7 15 17 46 0 25 
29 12 23 46 2 36 33 48 44 3 45 40 37 38 45 45 16 25 29 1 37 30 32 19 39 19 30 27 37 32 25 42 22 8 43 33 2 8 18 0 
41 0 36 46 18 34 35 17 17 24 22 39 41 40 38 46 38 49 30 4 7 33 7 7 11 12 28 3 19 29 45 13 43 9 8 39 16 42 12 49 
35 23 0 3 6 6 49 42 36 4 27 21 45 4 49 1 36 34 29 35 7 6 32 48 38 30 9 46 32 32 50 31 46 38 31 20 34 30 2 1 
12 20 43 0 49 43 9 1 10 45 9 23 5 37 8 6 43 3 25 16 26 47 4 10 4 5 47 26 7 23 29 17 6 33 29 24 37 14 33 6 
29 30 50 2 0 24 10 45 44 39 32 38 18 10 15 26 4 9 11 40 45 47 34 44 38 17 42 18 23 9 34 19 30 20 19 37 46 48 2 37 
44 11 3 37 26 0 35 12 8 42 8 25 15 27 25 39 10 46 37 13 36 32 43 23 36 5 13 9 48 41 28 30 6 7 24 46 34 44 47 19 
3 5 35 26 15 34 0 20 43 6 31 10 42 10 36 17 6 2 38 17 33 13 26 14 17 14 28 19 8 3 30 5 17 49 19 10 31 47 17 8 
3 35 21 4 17 32 36 0 21 21 41 19 44 47 28 14 6 27 42 18 13 38 15 12 40 27 27 44 43 41 27 37 9 35 31 15 48 43 23 47 
36 29 7 49 18 35 36 9 0 39 35 13 33 39 29 5 20 38 23 31 28 41 39 43 30 44 5 11 10 16 13 17 14 5 45 33 34 32 17 45 
6 42 18 5 9 29 44 48 30 0 31 11 28 25 12 45 7 48 36 27 5 13 25 26 43 27 19 49 29 45 47 21 39 21 29 25 37 23 35 35 
2 1 8 31 30 6 36 42 3 10 0 39 36 49 5 13 33 32 16 25 28 40 30 16 3 34 10 22 7 47 37 9 34 14 1 26 5 6 44 47 
38 42 28 47 19 6 11 22 35 9 47 0 44 22 49 7 46 22 35 5 48 20 34 29 45 16 1 6 23 49 29 9 27 38 19 37 37 13 33 47 
48 23 38 38 48 1 43 38 36 7 5 4 0 20 1 46 28 5 13 33 32 18 1 39 24 6 1 20 7 3 12 20 34 39 39 8 26 32 47 32 
45 23 14 21 16 45 26 39 26 43 42 33 25 0 30 2 29 47 34 15 32 48 32 37 35 24 37 21 15 31 44 20 46 9 32 39 9 5 31 23 
30 31 12 44 14 12 29 46 5 38 10 11 42 17 0 15 34 14 36 29 47 29 24 11 9 33 23 46 25 44 41 43 25 17 12 36 1 36 38 24 
23 45 42 17 28 21 34 28 29 44 48 26 24 26 34 0 44 7 20 4 12 42 17 5 2 14 45 36 44 31 32 14 49 26 13 6 2 37 7 34 
38 49 45 17 31 47 16 20 49 34 18 30 32 33 27 32 0 7 41 41 4 33 36 40 48 48 30 49 50 11 20 32 7 50 37 17 13 47 1 24 
6 48 25 37 11 14 2 33 17 50 31 50 12 47 4 1 2 0 9 48 19 2 48 16 9 30 2 11 30 45 17 15 36 7 17 35 6 9 49 30 
34 46 47 33 1 31 21 21 11 47 37 15 4 50 32 23 9 32 0 17 8 10 4 22 39 1 35 46 44 45 13 48 43 4 30 14 23 5 15 16 
29 9 31 1 34 8 3 11 37 25 45 27 24 43 41 21 31 24 9 0 33 16 36 27 27 48 50 45 11 24 36 10 18 45 17 38 49 29 4 39 
31 49 24 10 20 50 37 25 1 13 10 34 49 46 32 50 44 33 5 3 0 35 14 42 38 1 16 27 33 7 5 42 42 28 36 28 35 42 27 8 
27 12 25 45 48 15 2 11 23 13 17 45 17 25 1 5 18 7 37 9 4 0 24 4 18 46 22 18 7 14 18 48 8 18 25 28 41 10 19 44 
23 50 5 5 20 40 11 25 17 27 31 11 29 5 18 4 4 8 8 49 27 47 0 46 47 5 16 10 28 43 47 11 46 49 13 15 10 49 19 35 
28 36 47 1 30 33 8 20 3 50 21 25 33 2 21 18 26 4 8 1 5 31 34 0 33 21 17 36 13 16 41 9 6 35 24 31 14 31 47 16 
15 47 47 7 28 22 23 28 44 29 46 39 6 41 19 30 47 3 14 31 14 48 45 4 0 13 41 16 41 9 22 7 37 30 39 44 4 9 25 6 
12 49 39 42 35 20 2 4 15 16 44 34 11 17 16 2 17 3 43 44 38 7 32 19 23 0 22 9 10 17 48 16 22 22 48 3 33 26 7 11 
35 11 38 2 26 16 38 47 21 14 38 28 2 16 31 19 5 17 20 19 14 11 43 37 18 50 0 23 13 14 15 34 26 11 42 8 34 50 6 6 
4 36 25 39 46 30 20 15 6 41 30 48 16 7 39 48 24 18 1 34 26 43 25 33 6 31 12 0 17 10 9 48 19 50 12 16 33 39 23 47 
7 48 36 18 22 35 18 18 20 23 45 35 17 50 22 31 12 12 43 34 16 19 3 5 48 44 11 48 0 5 41 6 10 2 22 45 37 41 26 4 
49 39 13 42 45 16 24 32 20 28 31 5 22 46 40 31 39 45 31 20 28 24 20 14 30 17 35 34 45 0 6 36 40 36 8 45 45 4 28 9 
40 24 13 42 20 24 36 35 14 12 41 6 43 11 6 26 25 19 49 13 29 31 41 37 15 43 42 19 14 2 0 45 28 12 37 41 47 15 33 50 
41 44 32 22 22 5 50 43 30 30 33 20 26 6 15 30 9 34 27 28 27 33 18 22 12 18 14 45 6 20 10 0 11 43 20 9 20 48 10 19 
32 16 1 13 40 31 33 19 23 47 7 32 13 39 6 23 9 27 10 10 5 42 5 37 10 20 22 28 7 47 46 32 0 50 15 46 12 27 20 28 
41 30 49 42 49 49 38 48 23 37 48 1 43 38 50 15 41 11 14 4 20 10 5 13 26 1 26 33 48 44 44 46 39 0 49 19 31 6 1 6 
38 22 23 49 41 10 46 3 44 50 1 5 1 14 17 9 32 25 37 16 49 24 6 50 30 44 2 13 45 20 20 9 41 6 0 26 32 47 12 15 
4 30 48 32 33 48 39 43 33 22 40 38 6 20 35 8 15 17 24 19 48 8 34 9 25 31 43 15 46 39 36 13 21 11 33 0 36 1 43 23 
2 42 1 20 41 6 32 14 39 6 49 12 16 23 43 17 47 47 40 7 3 6 24 47 44 37 27 18 46 38 49 7 22 45 22 28 0 47 38 44 
4 43 17 4 9 48 27 21 40 28 44 37 40 12 36 20 47 18 5 26 4 29 15 18 1 7 42 40 21 1 15 21 9 3 36 14 37 0 2 15 
50 17 17 37 40 3 1 10 45 36 25 26 10 43 13 40 25 29 49 4 3 6 38 50 39 14 23 29 37 26 23 34 46 3 5 9 38 42 0 26 
16 50 48 48 5 47 26 5 29 47 14 12 36 38 49 13 44 30 18 49 27 30 23 24 19 14 42 30 8 38 4 3 34 4 34 4 6 9 34 0 
3 0 14 9 45 32 24 15 37 47 48 41 12 30 20 44 50 36 28 25 29 41 6 47 48 41 43 11 28 33 4 45 8 35 47 15 36 18 36 41 
50 4 0 28 45 33 17 27 25 33 41 5 49 27 32 31 43 48 17 11 4 39 13 38 5 44 3 33 27 33 6 9 32 1 37 25 25 14 11 14 
31 15 19 0 28 38 28 6 19 27 5 4 18 19 7 32 2 37 17 23 2 30 34 1 42 28 32 23 49 40 7 6 30 37 4 30 40 21 35 50 
27 38 34 7 0 22 29 38 41 25 19 35 38 8 41 10 35 48 15 27 1 6 5 8 30 20 49 25 31 16 27 42 32 3 18 46 14 46 27 29 
14 41 42 48 30 0 6 20 49 40 28 19 33 26 44 35 44 22 31 5 38 24 5 7 26 49 28 3 36 40 45 46 39 21 36 14 11 15 8 28 
25 1 1 36 4 47 0 44 17 39 18 25 24 33 42 40 6 9 34 17 50 3 3 35 9 45 32 31 13 40 30 25 30 15 4 31 38 23 20 4 
29 5 12 15 18 16 22 0 13 47 31 31 5 27 48 8 26 23 16 42 41 22 16 32 27 9 44 45 9 30 11 3 33 40 31 38 46 41 38 17 
43 24 20 34 32 10 25 48 0 32 8 28 9 22 32 29 32 14 23 35 6 25 22 13 34 36 29 49 16 47 10 13 35 35 49 49 18 3 33 50 
18 35 46 13 2 3 3 31 1 0 11 50 25 23 6 32 43 22 11 36 48 4 11 9 2 23 46 43 25 23 33 11 29 31 24 18 22 29 9 11 
31 34 49 48 5 47 35 41 30 3 0 7 27 8 17 35 47 7 26 44 41 7 11 29 8 18 1 21 44 50 39 11 15 14 1 6 15 5 14 5 
5 38 5 14 22 17 7 4 12 47 27 0 12 47 35 18 5 21 5 41 30 5 27 41 42 42 43 43 14 8 12 20 42 44 22 39 4 2 48 8 
42 12 47 10 48 23 27 14 30 47 46 36 0 10 15 34 50 29 47 14 23 30 25 44 47 1 27 35 19 26 47 14 4 24 48 49 18 8 18 44 
19 15 29 13 17 12 27 10 28 11 22 11 8 0 38 25 28 18 19 1 9 21 39 9 39 34 34 43 12 13 17 16 42 12 3 46 8 1 12 27 
36 24 18 8 9 4 36 7 16 49 20 32 50 8 0 9 24 30 7 40 30 34 19 15 48 12 45 30 49 5 42 18 27 7 43 16 35 4 32 1 
35 48 27 27 14 43 35 17 35 4 29 16 2 12 32 0 44 17 10 20 46 14 25 38 2 25 31 43 26 8 43 24 21 49 7 5 33 7 43 2 
6 27 29 45 46 26 26 16 16 25 49 50 26 34 36 37 0 11 10 26 3 33 50 10 9 43 31 9 18 46 7 49 37 24 9 15 20 35 30 43 
26 49 16 28 1 9 43 48 37 14 20 45 23 32 40 19 6 0 18 20 3 16 18 9 21 10 26 13 26 18 20 17 3 32 18 50 5 18 23 10 
1 50 33 22 5 27 13 27 6 35 40 9 3 15 28 28 8 40 0 45 19 25 46 18 30 17 48 18 14 5 32 36 1 33 8 20 3 33 46 5 
45 47 50 8 42 28 11 14 38 4 41 42 15 24 5 35 5 33 3 0 5 7 9 50 22 24 50 39 27 45 46 25 45 13 36 1 22 25 39 27 
3 6 34 31 10 15 41 21 28 28 24 15 20 30 42 48 36 48 29 34 0 42 40 35 20 42 29 47 30 30 24 34 11 17 7 1 49 24 29 40 
8 33 29 12 49 22 32 5 15 21 38 15 24 47 5 35 14 22 14 39 31 0 18 11 42 5 45 14 49 14 30 43 24 8 8 21 2 14 28 37 
49 10 25 32 9 42 9 10 14 12 22 38 28 11 40 10 40 23 38 7 4 8 0 34 42 36 29 14 7 17 26 4 21 36 35 16 29 7 37 2 
50 46 36 50 37 43 42 15 14 18 49 32 29 27 22 33 41 27 33 47 31 29 3 0 44 39 8 1 3 43 45 12 3 4 21 38 11 19 9 47 
50 44 14 50 40 18 45 25 45 14 3 25 3 24 41 22 22 44 42 12 29 42 40 23 0 19 7 46 29 9 39 12 15 33 30 34 3 17 29 13 
26 45 33 6 39 41 21 9 30 14 49 17 17 27 47 18 8 5 42 32 33 22 17 17 7 0 3 39 43 23 40 38 6 44 32 17 18 47 36 1 
33 49 48 17 15 11 22 45 38 36 12 27 49 25 47 30 5 29 17 50 37 2 29 37 40 26 0 44 23 36 11 30 22 23 4 10 33 36 5 2 
7 35 9 1 7 11 14 40 31 47 2 13 40 30 36 15 31 20 12 28 40 17 50 9 28 6 41 0 4 45 16 15 45 50 28 11 15 29 1 22 
26 26 37 13 27 35 49 41 43 37 40 30 13 24 28 12 40 36 50 24 1 21 11 45 15 33 7 13 0 13 20 21 36 30 49 36 3 3 5 23 
25 29 16 49 18 5 37 2 21 22 16 21 30 30 27 21 6 16 43 48 45 28 36 29 23 16 5 50 15 0 39 26 10 35 13 25 45 36 22 44 
40 29 32 36 42 47 49 42 7 3 28 30 37 11 7 29 47 44 38 26 2 1 37 37 33 47 7 36 17 5 0 33 36 34 23 4 20 13 43 45 
32 25 25 48 48 38 9 39 49 29 35 29 2 49 47 42 39 42 45 4 45 41 13 25 3 21 43 46 15 8 38 0 16 5 50 6 2 28 4 40 
50 24 8 8 8 33 26 31 37 38 31 15 28 19 40 50 41 12 50 46 27 46 14 25 42 41 19 25 3 43 46 15 0 35 3 46 30 37 34 5 
43 27 40 6 9 34 43 11 48 15 50 16 40 29 9 14 5 11 34 16 17 15 2 29 45 42 17 30 26 23 10 14 7 0 7 8 19 37 40 5 
41 49 31 21 10 3 28 7 37 27 40 42 20 4 18 39 29 25 12 11 17 18 13 36 26 5 37 9 33 22 40 27 15 6 0 43 17 36 44 43 
26 18 36 31 4 36 31 41 11 40 19 29 45 26 30 38 24 36 46 46 5 17 19 24 15 37 13 28 14 11 1 3 35 33 36 0 44 32 37 10 
50 45 15 27 20 14 43 46 1 35 19 20 31 41 48 38 10 49 12 16 17 24 4 28 1 39 17 44 13 41 36 7 37 27 47 1 0 41 41 50 
11 23 42 13 43 46 41 20 12 37 45 26 46 20 21 43 26 42 37 27 32 48 49 34 11 50 12 33 5 44 48 47 20 50 2 44 26 0 11 11 
33 10 19 5 7 18 15 41 37 17 34 21 10 5 15 19 13 25 8 3 43 34 9 16 19 40 48 7 46 19 28 18 16 31 5 17 13 43 0 42 
16 46 10 26 17 22 23 38 43 6 32 39 20 18 9 18 50 2 4 37 18 20 9 45 18 39 16 6 30 1 48 6 20 33 43 7 34 8 42 0 
45 0 46 3 5 1 15 30 9 1 7 13 5 16 10 7 25 47 38 15 8 29 6 18 8 43 9 26 19 37 26 3 35 42 10 9 41 15 16 8 
30 39 0 30 16 49 18 46 33 46 14 8 47 20 19 1 14 39 29 46 13 43 40 11 23 26 5 28 14 6 1 17 11 31 30 36 20 49 40 19 
40 48 26 0 30 6 29 30 34 16 42 47 21 13 19 3 15 41 28 8 41 45 40 33 27 46 47 48 16 40 34 31 15 49 10 6 16 17 10 6 
44 46 22 13 0 22 10 31 4 42 28 15 46 42 42 50 25 50 15 50 35 9 32 15 44 33 11 32 22 4 13 38 49 31 23 14 45 24 28 12 
18 15 44 7 38 0 26 38 40 23 50 36 7 1 18 25 47 12 32 29 30 11 28 10 1 29 41 17 16 20 28 6 2 22 4 33 21 16 26 28 
18 45 22 10 23 19 0 7 38 31 6 27 2 13 45 48 1 41 6 44 28 48 10 23 20 46 44 34 35 48 36 5 31 37 5 11 36 39 19 37 
33 22 3 36 10 44 26 0 43 7 25 3 42 15 23 48 30 9 23 2 14 29 35 22 41 46 2 46 16 9 35 13 13 22 19 12 6 45 24 14 
27 20 2 28 11 45 44 40 0 9 40 25 2 14 37 5 9 48 1 13 41 9 49 11 35 22 12 41 21 46 12 42 36 36 9 26 45 27 8 12 
46 2 12 37 26 34 33 50 26 0 18 11 14 6 33 34 6 29 9 18 6 49 5 24 45 48 48 40 17 5 12 10 32 41 39 17 39 47 12 35 
1 39 13 15 3 36 48 36 4 2 0 4 47 36 10 2 13 42 29 18 39 29 45 17 45 15 8 29 23 17 16 46 9 17 25 18 17 37 40 21 
9 50 12 36 15 2 15 25 23 39 27 0 25 10 30 23 7 7 23 18 1 45 8 25 19 38 7 45 30 12 43 36 27 3 8 9 40 17 9 2 
44 50 34 7 35 41 42 36 29 45 18 12 0 45 19 40 27 2 25 43 48 9 7 35 14 31 4 1 23 3 21 34 41 48 21 25 1 12 1 41 
29 47 21 16 36 44 32 42 8 13 32 8 15 0 24 11 44 38 15 20 26 31 41 19 34 8 11 27 14 24 44 40 15 1 35 15 2 38 41 50 
20 50 13 43 10 21 14 20 18 37 28 38 36 42 0 26 10 39 28 38 8 25 17 18 18 14 24 17 7 31 9 10 6 47 16 1 27 19 48 9 
13 45 42 10 28 47 7 5 24 26 25 27 24 1 33 0 25 3 33 45 29 37 4 7 39 9 27 22 41 20 42 50 42 41 20 25 14 34 8 40 
22 8 20 44 32 6 33 37 6 15 42 48 44 24 19 23 0 9 38 3 2 2 25 16 35 32 26 34 36 5 26 19 42 46 43 24 22 18 11 26 
33 27 40 17 27 29 44 6 18 23 47 16 27 31 7 39 47 0 42 35 12 6 23 48 33 30 46 1 3 2 1 47 6 49 13 20 25 12 9 40 
6 39 21 16 14 8 11 43 11 39 4 27 30 33 49 20 11 30 0 7 37 32 29 41 4 18 26 42 18 15 11 32 28 39 3 29 23 36 8 34 
26 20 4 40 14 48 24 18 23 50 43 10 46 5 23 8 28 48 17 0 48 38 16 44 29 1 8 27 38 28 4 26 34 3 46 32 18 28 39 28 
6 45 9 20 18 22 2 36 23 17 45 2 26 19 11 47 10 26 25 40 0 6 22 36 40 19 24 10 8 1 24 5 30 39 20 12 4 30 47 26 
7 50 23 5 22 33 3 1 16 43 49 23 42 4 50 22 35 9 19 1 44 0 13 44 35 50 12 15 13 6 8 8 17 13 50 19 41 34 18 15 
8 16 23 45 15 2 1 14 27 40 49 27 45 11 47 32 45 6 38 5 11 18 0 40 46 8 35 33 10 42 35 9 39 17 45 11 35 21 19 30 
33 49 49 38 24 8 31 13 7 17 19 24 36 46 13 5 41 27 28 37 31 20 42 0 23 43 31 11 10 1 1 12 11 27 26 5 6 12 30 17 
38 27 23 26 44 24 12 24 43 5 40 21 9 44 32 50 14 8 27 46 44 48 22 13 0 7 5 8 47 10 42 7 43 11 10 41 10 8 44 49 
49 31 7 18 6 11 30 3 18 45 27 42 49 36 34 24 41 6 11 20 39 17 15 14 2 0 48 48 10 50 4 22 42 20 10 28 16 37 30 16 
2 27 3 40 2 33 50 9 7 28 36 50 5 48 25 10 33 16 44 17 9 13 21 4 15 24 0 36 23 40 9 19 38 12 41 9 44 37 28 14 
32 2 40 42 32 14 4 18 44 46 50 46 50 44 14 8 39 6 49 25 29 48 27 19 48 10 49 0 39 15 40 31 24 6 3 12 15 20 22 39 
41 12 6 43 28 41 14 19 45 49 33 20 38 38 3 35 35 26 21 44 23 15 16 4 4 15 26 41 0 48 32 49 39 18 17 8 14 23 5 50 
29 35 42 5 41 32 20 43 37 3 18 28 40 49 28 17 26 46 3 39 13 16 23 21 14 50 45 2 21 0 30 40 12 30 26 43 9 32 11 26 
23 35 23 39 38 30 4 10 40 41 1 32 18 21 17 37 14 12 21 41 41 37 18 22 7 13 7 49 14 7 0 19 36 16 21 31 5 41 27 35 
41 11 41 6 12 21 48 22 41 14 39 29 47 11 20 35 36 17 1 33 25 24 5 46 33 22 16 17 47 41 12 0 47 38 28 30 31 1 32 6 
2 9 41 16 36 25 28 22 26 46 37 45 39 41 44 10 18 6 46 23 41 6 32 26 1 2 43 42 20 31 40 35 0 5 11 49 24 34 8 20 
21 6 50 41 21 11 47 24 6 44 18 13 25 5 10 16 47 28 16 16 34 32 37 3 45 7 2 41 29 42 20 26 10 0 37 25 18 41 16 11 
15 4 29 37 49 3 19 15 30 45 45 3 47 19 43 36 39 19 48 46 14 9 6 45 15 24 42 3 39 31 42 25 32 17 0 1 12 6 46 39 
50 27 43 22 46 34 39 24 8 18 2 37 49 44 20 48 7 49 34 23 25 12 16 27 50 3 21 22 31 18 32 30 44 31 49 0 19 22 37 11 
12 26 1 34 36 37 44 44 32 12 20 45 14 23 23 14 39 12 17 23 43 14 18 43 41 36 22 43 19 46 2 26 20 38 22 47 0 25 28 31 
40 6 10 40 10 12 23 18 8 21 17 10 8 6 15 18 48 9 8 44 50 15 2 26 36 11 44 26 26 1 27 40 12 31 27 17 34 0 25 8 
31 18 19 15 22 2 36 44 21 5 21 25 39 17 34 31 25 5 35 4 50 19 48 42 7 45 28 49 27 29 49 35 24 1 28 27 32 1 0 30 
24 1 17 24 21 6 27 38 23 28 1 3 12 49 21 8 13 20 27 9 28 24 37 17 42 6 36 1 39 40 7 50 25 26 11 4 34 45 27 0 
37 0 31 8 6 22 27 27 37 36 3 43 15 7 5 42 3 50 14 50 33 15 20 27 50 34 21 2 28 37 38 18 25 19 44 40 29 20 19 16 
41 16 0 20 50 48 46 25 50 45 33 23 12 41 34 13 12 17 4 8 22 1 26 49 1 49 36 18 47 14 15 14 33 31 48 10 17 46 20 29 
5 9 21 0 7 46 15 27 28 42 6 32 24 25 12 48 16 16 18 19 2 12 28 29 37 30 20 40 31 43 24 46 16 47 26 4 14 30 19 4 
37 22 9 27 0 41 32 42 40 21 34 33 44 50 27 19 17 27 30 35 27 27 25 47 35 18 11 17 27 49 8 34 36 47 15 33 31 4 2 38 
5 38 30 19 47 0 11 31 46 39 29 9 28 34 46 42 28 12 26 25 9 31 16 16 41 13 1 48 47 36 45 38 14 26 42 31 40 47 6 50 
24 38 15 28 48 41 0 31 50 40 6 38 22 6 30 43 8 39 23 40 6 47 14 34 11 45 42 46 2 43 16 3 31 7 26 1 21 17 39 18 
1 33 1 8 42 49 23 0 33 35 33 35 42 17 7 50 3 11 5 5 33 7 46 30 8 25 3 7 15 30 29 23 42 1 5 40 24 46 6 42 
12 22 9 11 19 8 24 36 0 24 7 24 40 16 13 6 12 5 3 44 33 40 43 8 3 6 11 43 42 13 18 26 8 5 14 43 11 48 35 11 
50 1 17 33 9 7 40 7 30 0 45 44 35 21 2 24 3 20 14 6 6 9 16 33 24 7 32 17 35 3 20 45 14 21 43 45 33 23 10 50 
47 17 5 14 47 19 34 5 6 32 0 12 23 47 43 30 2 35 18 43 27 27 41 5 4 10 1 30 15 29 8 41 30 10 15 9 40 5 2 37 
5 23 27 11 4 42 47 48 22 41 41 0 11 15 30 34 23 7 12 1 4 47 39 19 27 48 41 32 14 33 34 41 48 33 32 39 4 1 30 1 
12 13 3 9 24 38 48 27 50 26 42 3 0 28 4 49 41 16 4 1 14 13 10 34 16 38 1 44 28 34 42 31 23 28 12 39 41 44 31 46 
40 1 15 33 38 42 31 14 45 35 41 23 50 0 1 16 39 3 29 38 21 24 45 20 43 8 46 19 25 17 15 8 47 36 9 12 14 49 28 47 
24 8 38 49 44 43 20 31 23 12 23 37 12 7 0 10 22 45 31 22 25 42 23 6 48 30 27 45 37 41 39 3 41 25 33 14 14 37 46 26 
1 39 16 47 14 44 28 46 40 27 38 17 33 27 4 0 5 1 2 40 20 17 49 33 40 34 10 33 13 30 44 46 36 50 6 22 36 27 27 43 
4 3 32 5 11 4 23 21 14 21 28 13 13 47 27 9 0 2 6 26 13 5 12 16 16 47 31 2 17 28 6 19 29 25 9 36 18 36 45 23 
37 11 39 19 43 2 31 34 39 24 47 20 30 2 15 39 43 0 37 16 8 30 2 7 43 9 2 50 39 4 11 10 24 8 34 40 2 16 44 23 
15 16 48 13 44 32 36 39 28 10 21 44 31 20 37 44 35 5 0 47 10 41 3 42 30 29 15 23 13 47 12 13 24 49 15 2 42 32 39 14 
12 24 13 22 29 34 18 30 4 21 40 5 48 19 35 32 12 24 18 0 35 29 9 23 43 16 48 47 45 16 19 45 13 46 42 35 36 28 32 14 
47 12 36 19 42 8 8 16 5 15 33 41 19 14 5 35 3 1 21 6 0 32 37 23 14 36 27 27 10 6 35 49 5 30 11 22 24 44 41 31 
35 9 32 42 30 34 28 27 50 42 8 32 36 8 26 32 10 39 23 33 16 0 31 48 10 21 17 29 11 8 42 31 41 13 20 36 48 50 46 43 
30 8 50 28 19 49 4 14 47 5 30 13 36 22 8 15 5 12 22 22 14 6 0 18 20 8 11 18 19 16 22 29 32 15 47 43 25 17 3 30 
12 17 4 32 7 29 30 46 19 6 5 32 37 28 24 30 25 41 31 21 8 32 35 0 48 26 27 48 49 39 30 33 49 2 33 10 5 10 25 12 
41 29 16 49 14 11 41 43 4 42 17 19 35 37 33 22 31 33 6 6 31 32 31 7 0 40 24 7 30 4 19 19 20 1 30 40 43 43 33 22 
38 36 34 44 8 23 11 49 13 20 11 29 23 4 19 31 10 48 10 9 41 4 11 39 36 0 23 48 19 5 47 40 30 49 12 19 21 47 39 24 
35 30 25 45 10 44 40 46 16 32 49 30 45 33 25 32 34 25 46 8 35 25 43 44 16 30 0 32 31 12 35 48 35 22 24 26 30 16 10 2 
46 47 28 32 37 6 18 46 47 24 31 36 46 1 31 40 10 37 31 30 30 12 9 35 32 34 15 0 9 21 8 46 16 24 24 1 11 7 44 6 
39 49 35 35 8 31 50 3 34 41 35 17 43 35 31 22 34 39 43 1 3 42 9 25 40 29 15 13 0 23 1 21 33 16 32 43 31 46 28 2 
4 32 32 31 18 37 42 3 32 44 3 18 23 15 44 3 47 40 10 46 29 17 38 31 34 21 2 1 12 0 43 50 26 6 38 39 19 22 12 42 
39 48 26 34 19 20 34 49 19 23 29 46 42 36 32 23 38 45 2 48 47 35 41 42 40 45 27 12 35 26 0 25 32 36 48 22 48 3 34 19 
11 50 23 34 29 33 47 9 41 24 15 1 24 21 15 45 4 7 35 44 25 44 22 14 43 48 47 10 44 14 34 0 20 5 27 42 48 25 1 13 
9 43 37 36 38 21 26 2 12 22 3 19 42 19 40 45 17 28 9 42 31 37 37 15 27 41 46 47 48 29 17 21 0 3 44 26 2 39 8 35 
44 18 47 36 39 41 46 43 2 16 33 25 20 16 10 33 23 7 22 10 48 26 29 5 33 5 33 16 48 43 38 6 10 0 44 16 25 35 1 49 
24 32 48 44 31 15 5 48 6 44 12 4 45 17 49 38 19 39 43 4 34 9 31 45 9 28 27 16 26 50 35 49 22 8 0 48 28 50 32 49 
40 28 7 28 23 37 39 44 39 11 7 48 37 42 48 15 16 2 3 35 4 38 40 22 6 9 13 32 37 19 21 38 37 40 3 0 26 27 32 9 
9 21 35 39 5 20 3 49 7 25 44 33 27 48 47 46 2 39 36 22 14 24 7 7 20 40 20 11 47 40 22 39 35 43 44 15 0 19 50 35 
3 3 10 7 8 44 37 45 40 41 45 2 37 42 10 45 36 14 29 19 16 1 43 3 18 3 6 49 34 4 32 27 2 5 33 19 5 0 17 50 
13 34 46 30 20 2 38 36 47 25 49 9 2 41 32 19 2 11 7 39 5 39 38 11 37 9 19 50 33 9 41 41 19 14 16 35 20 22 0 23 
2 30 18 9 24 36 46 31 36 21 36 31 9 48 28 46 25 46 36 44 12 34 39 3 38 34 8 40 39 26 47 50 31 39 6 10 37 30 15 0 
25 0 42 29 33 30 47 29 33 44 41 19 42 40 35 28 11 19 42 16 22 41 28 6 43 11 24 37 50 20 42 19 9 45 32 11 3 34 1 9 
6 10 0 2 15 50 20 35 8 15 4 28 38 18 22 9 25 48 36 36 22 7 11 29 14 3 23 10 47 9 24 26 28 18 33 10 12 39 14 6 
23 27 17 0 22 47 42 4 1 38 36 8 14 17 48 30 3 46 31 39 13 28 11 38 50 41 28 1 21 36 13 48 36 34 31 14 46 41 39 33 
22 49 22 23 0 12 1 10 10 30 39 31 14 31 1 1 29 13 39 18 31 20 42 34 16 26 39 23 30 36 35 34 13 8 49 18 15 6 38 27 
49 32 18 22 33 0 5 49 17 35 34 2 1 7 24 8 13 31 15 6 48 23 29 31 24 45 5 19 7 33 34 37 23 25 13 19 50 2 20 2 
12 27 23 38 47 35 0 34 28 40 50 36 37 50 50 41 4 20 1 44 27 29 37 42 34 2 47 30 27 44 5 8 12 11 14 45 21 1 42 34 
40 11 27 30 7 47 47 0 37 23 34 10 49 49 8 44 24 26 36 39 36 50 6 7 35 35 43 25 27 37 6 21 3 29 18 5 16 2 7 35 
38 5 11 7 44 35 6 9 0 4 17 41 20 36 13 6 34 35 4 43 45 15 22 20 1 18 14 7 21 32 4 28 22 19 1 1 31 40 49 14 
50 30 35 22 11 47 36 35 40 0 23 35 20 12 10 13 21 16 36 10 40 31 28 36 28 1 40 19 2 35 12 25 44 36 41 43 16 30 1 10 
5 32 29 17 48 48 34 16 12 6 0 30 36 46 31 10 34 23 44 8 22 22 28 35 50 28 49 41 34 22 17 48 41 15 26 6 8 2 11 39 
30 17 24 8 47 6 27 29 14 27 8 0 21 22 23 30 39 27 48 29 39 49 7 50 45 46 8 39 21 20 25 2 32 12 6 28 5 48 21 39 
45 2 20 28 8 15 47 27 19 36 38 29 0 11 23 22 40 24 17 29 13 39 17 7 10 39 25 26 10 16 46 26 41 7 9 35 38 30 30 42 
31 49 32 21 36 32 47 42 10 40 17 5 38 0 20 9 1 28 45 11 39 34 40 37 11 23 11 48 23 2 39 35 11 44 25 49 14 7 47 22 
28 43 34 17 20 50 42 38 22 49 9 7 43 19 0 41 9 42 12 21 49 25 35 24 40 21 6 7 11 13 21 46 44 32 24 34 47 50 23 18 
12 32 23 27 25 44 32 42 42 4 17 7 2 37 49 0 47 43 19 44 46 15 44 32 25 1 4 16 26 20 36 44 10 19 45 10 18 3 9 50 
47 39 15 15 7 47 15 44 8 33 28 41 29 7 28 3 0 19 50 49 26 22 28 6 22 6 10 8 39 7 27 32 45 35 19 48 7 1 29 25 
28 37 10 9 44 43 45 16 3 41 43 42 18 4 33 29 19 0 34 43 9 47 40 26 38 31 2 33 7 10 9 21 3 41 25 21 40 12 20 13 
30 12 45 5 48 15 36 14 41 2 40 29 24 8 20 29 39 11 0 22 28 42 10 39 7 44 21 40 2 43 34 43 17 50 21 14 48 3 36 28 
24 46 38 43 5 20 31 47 46 21 47 33 30 41 42 22 20 23 38 0 11 28 25 35 22 8 10 24 30 4 45 22 26 3 33 48 33 4 18 34 
38 14 24 45 31 46 2 14 27 8 50 44 26 15 26 1 50 11 17 36 0 46 47 2 44 1 50 21 30 47 43 9 18 3 39 1 47 4 30 5 
26 6 46 47 22 5 2 47 12 28 33 49 23 38 33 39 42 13 30 45 31 0 26 22 18 35 50 32 41 37 15 29 47 20 7 41 30 1 50 31 
40 50 4 10 3 15 44 37 30 21 1 10 35 25 36 24 1 35 29 13 22 23 0 11 10 47 49 36 30 16 47 3 38 42 32 41 45 28 16 19 
4 41 13 2 21 36 6 44 23 34 34 41 45 22 37 9 17 39 44 13 4 29 14 0 22 34 18 13 18 4 34 42 46 35 16 26 22 10 21 41 
25 42 6 14 47 32 7 8 17 5 24 24 6 34 3 15 25 27 42 19 3 23 38 41 0 39 43 38 6 29 47 15 50 47 49 20 22 49 16 18 
40 27 10 47 14 31 11 36 12 33 1 1 46 18 2 38 2 5 15 25 4 45 1 29 20 0 40 24 28 8 15 32 17 10 10 3 43 43 26 25 
11 29 8 27 24 29 46 20 32 45 11 18 17 34 41 14 46 27 31 28 24 7 34 28 48 1 0 35 42 37 16 10 46 26 31 5 46 47 19 28 
1 24 21 43 33 47 47 15 33 19 46 7 16 12 49 1 4 46 30 29 23 44 4 34 16 36 16 0 42 37 30 46 17 28 50 30 4 4 14 1 
32 1 37 2 24 41 10 44 34 28 30 1 1 18 40 5 8 20 37 27 47 32 5 29 4 24 29 30 0 17 32 46 48 40 45 49 28 36 42 31 
43 7 42 33 15 7 29 45 50 38 45 23 34 17 38 4 1 46 9 49 1 13 30 28 2 33 33 11 6 0 20 12 19 16 40 44 21 6 49 41 
22 26 29 30 42 22 10 13 31 3 41 49 33 28 44 30 31 27 14 31 33 25 18 39 30 27 27 8 44 24 0 17 49 2 6 38 24 22 33 39 
6 43 21 2 8 16 22 30 42 22 10 14 44 42 18 9 47 8 41 50 16 46 3 19 8 37 43 47 27 41 21 0 8 48 39 8 39 13 23 10 
24 9 48 35 36 34 10 23 7 34 48 41 16 32 34 23 11 40 2 45 22 23 25 3 1 2 3 16 6 34 30 46 0 25 48 17 42 19 11 18 
35 48 14 36 14 30 1 5 26 15 16 48 50 11 28 39 1 34 45 35 34 32 45 17 24 5 2 16 19 16 43 5 50 0 23 17 48 8 38 12 
23 1 47 27 2 40 37 30 36 47 9 17 8 24 27 34 3 3 47 13 9 29 36 37 11 23 11 48 27 44 31 32 13 22 0 23 35 37 6 44 
28 38 25 17 19 10 49 35 32 24 39 14 45 11 26 4 45 16 11 16 29 30 39 4 42 17 28 4 36 2 42 47 48 10 20 0 26 35 13 17 
27 13 38 30 24 38 30 37 21 38 19 28 20 27 41 15 48 49 22 25 3 33 45 50 30 33 42 17 36 41 1 19 32 49 35 4 0 42 50 16 
16 12 30 8 17 17 24 23 21 8 45 22 27 14 38 14 45 18 39 50 42 46 14 1 30 38 50 46 21 42 38 23 49 34 6 14 23 0 26 28 
33 7 10 22 10 41 19 24 6 45 36 40 36 4 50 24 21 49 30 28 30 17 28 3 29 21 22 24 44 8 25 41 20 40 6 44 32 25 0 5 
11 12 14 44 2 35 2 2 20 50 10 36 15 44 48 49 17 29 8 43 39 19 46 30 49 21 46 21 46 49 6 42 46 45 19 17 16 23 27 0 
18 0 28 19 3 25 34 23 10 47 22 42 40 16 25 33 16 42 16 34 46 31 40 32 7 22 44 19 40 21 25 32 34 44 2 41 16 21 17 22 
47 26 0 12 49 50 5 9 41 18 14 29 28 1 32 27 46 28 46 13 32 31 16 34 39 22 40 9 46 14 34 18 46 25 45 38 21 20 42 32 
3 13 4 0 1 27 42 48 32 2 17 7 14 20 8 36 41 31 42 23 27 10 47 14 27 34 46 34 3 7 45 7 26 36 15 11 20 27 16 8 
48 25 9 7 0 29 8 21 48 38 40 4 7 29 48 15 23 6 50 27 17 31 8 45 25 8 11 31 28 6 48 16 14 16 35 25 3 1 40 35 
20 13 49 47 13 0 3 38 28 29 21 43 5 21 1 49 27 40 30 34 50 19 27 44 43 40 24 40 41 44 23 13 22 17 15 7 4 33 12 32 
23 20 33 3 7 13 0 44 46 14 18 8 36 23 17 41 16 44 20 6 8 39 13 47 34 6 8 21 39 6 44 45 45 29 48 12 30 36 25 37 
31 46 29 27 24 36 38 0 41 5 27 50 14 35 28 5 44 10 23 50 48 49 43 6 41 21 24 14 7 25 6 11 31 20 34 26 12 11 37 24 
48 18 18 17 12 7 30 11 0 18 25 5 2 7 37 27 38 38 41 38 6 50 23 31 17 49 16 19 45 1 3 43 33 23 50 2 30 32 26 44 
35 41 14 46 33 20 4 4 44 0 43 47 38 21 23 31 24 26 37 2 18 47 38 36 10 16 32 23 30 8 36 47 6 12 47 4 16 37 27 49 
47 46 13 26 3 5 15 22 10 42 0 27 26 44 31 9 48 47 6 4 31 2 47 25 47 9 46 41 26 25 19 16 37 49 39 5 23 35 13 34 
6 1 10 13 38 31 10 4 26 4 50 0 8 11 33 47 47 50 21 16 17 7 14 40 48 41 27 40 27 5 26 37 14 35 22 49 31 42 35 38 
16 49 42 16 22 25 12 5 5 3 42 5 0 2 19 46 27 42 11 12 22 11 42 33 50 50 17 37 24 39 35 16 5 16 34 1 19 15 49 18 
24 30 22 36 25 13 22 36 46 39 45 8 20 0 30 13 27 25 16 43 16 6 39 39 17 20 37 37 40 18 18 28 12 43 44 39 43 40 6 9 
37 29 32 42 35 44 27 47 26 4 8 26 3 23 0 34 13 36 41 6 16 38 26 32 19 28 12 33 16 27 42 20 38 19 7 6 38 24 47 4 
23 44 41 12 36 10 42 25 40 10 31 4 2 34 41 0 22 12 47 14 15 24 11 12 21 34 35 21 8 47 17 46 39 39 38 34 22 48 14 46 
9 36 37 44 7 46 39 18 4 29 36 45 42 11 33 30 0 12 33 21 28 2 40 35 29 23 14 42 15 15 1 19 25 48 1 5 29 38 18 5 
25 46 17 18 30 11 23 5 29 6 9 22 40 27 36 45 20 0 1 9 21 43 5 24 3 3 10 12 48 41 6 5 42 44 28 47 33 36 22 6 
18 1 10 13 10 7 29 30 48 12 7 36 28 30 47 13 20 23 0 14 15 20 50 25 14 23 2 17 28 12 31 4 9 48 46 41 21 34 42 15 
47 25 31 14 36 35 21 27 13 48 16 27 10 22 8 36 19 26 46 0 41 8 41 1 18 17 9 48 38 32 39 27 30 29 9 17 41 40 36 39 
30 3 26 4 31 47 5 44 38 41 11 23 45 39 2 7 7 24 14 48 0 28 37 33 45 24 21 37 48 2 5 18 47 33 37 16 39 33 37 21 
21 12 15 11 48 22 17 33 42 28 3 11 18 26 39 12 43 20 31 30 11 0 11 7 43 33 23 15 40 8 23 14 24 21 4 43 36 14 27 36 
24 8 39 45 21 49 45 1 21 45 26 23 19 3 7 10 11 6 22 28 25 7 0 28 26 19 15 29 41 14 34 4 48 17 35 7 23 22 16 37 
44 39 23 44 46 32 50 45 22 14 44 33 31 43 49 11 17 31 13 27 7 21 5 0 37 38 41 29 7 35 46 35 39 45 19 28 40 2 13 32 
44 20 20 7 28 21 1 24 6 18 25 40 43 9 40 30 24 35 37 7 5 4 44 10 0 26 30 6 38 12 15 9 9 4 49 19 8 37 14 27 
16 37 18 24 39 11 6 42 30 6 40 5 6 16 7 27 41 26 10 32 49 16 14 12 41 0 9 16 36 44 40 33 43 10 8 21 20 38 31 6 
50 21 38 26 33 22 11 4 44 48 23 29 32 28 33 29 1 24 6 33 30 45 21 48 40 24 0 47 45 49 45 38 40 11 21 11 12 11 40 31 
41 31 6 23 39 22 12 1 16 27 29 21 46 32 48 26 5 50 40 37 9 25 16 5 49 11 33 0 18 12 18 22 18 12 44 16 3 24 23 32 
26 28 23 32 19 20 25 42 8 14 45 6 12 22 3 22 16 16 2 25 29 39 45 40 48 6 11 10 0 3 17 46 3 33 19 14 9 37 44 48 
35 25 20 26 4 17 13 11 47 9 22 1 38 23 49 4 38 34 34 34 13 10 15 39 42 18 43 23 43 0 8 45 36 22 18 17 50 10 14 41 
23 36 45 14 2 32 17 9 30 35 15 27 26 3 10 35 26 10 31 35 37 24 40 18 40 15 36 29 20 7 0 49 45 24 43 12 48 19 46 14 
7 25 10 14 38 28 31 19 34 13 34 41 41 29 30 5 49 47 27 25 37 46 39 40 24 37 21 3 34 41 12 0 16 30 46 24 10 27 11 3 
41 9 46 2 16 36 16 9 17 45 39 13 2 42 22 27 11 37 21 40 2 8 29 35 44 1 19 11 45 5 20 28 0 38 45 37 16 42 44 23 
4 8 28 5 9 46 28 11 25 9 19 13 23 7 22 1 34 31 12 9 16 18 6 15 13 25 11 26 8 5 7 36 18 0 15 17 33 24 3 20 
40 16 41 44 3 26 42 48 22 17 44 4 35 31 35 7 37 3 14 43 34 36 3 3 20 2 33 46 9 40 39 27 31 12 0 22 44 26 24 3 
39 21 28 39 9 15 2 22 6 33 8 31 31 11 11 36 5 14 38 25 1 44 46 39 33 29 18 24 24 9 42 32 13 50 26 0 22 7 48 44 
39 18 31 27 14 1 10 9 17 20 26 18 31 38 50 2 46 26 39 6 31 48 28 48 48 41 27 18 31 36 40 30 8 20 50 7 0 21 17 32 
38 24 20 1 4 49 42 12 44 14 48 30 47 18 42 13 42 40 33 30 24 25 43 28 32 31 47 11 11 39 43 32 30 44 1 33 11 0 47 25 
50 6 30 33 4 33 6 44 12 16 8 8 17 38 37 9 14 31 43 20 24 3 32 2 5 22 17 1 3 17 10 2 46 16 34 24 44 42 0 39 
46 26 38 35 45 3 31 27 45 44 36 38 2 19 27 1 48 25 29 29 33 17 5 41 45 7 6 13 1 4 13 15 22 43 48 45 37 18 37 0 
49 0 24 45 22 8 17 30 9 33 20 16 36 50 16 14 7 29 22 47 41 39 48 19 26 41 31 21 17 10 22 33 15 31 39 31 5 38 45 47 
24 16 0 49 23 44 36 18 14 50 8 36 19 23 40 27 48 2 6 20 31 27 47 13 49 12 38 1 6 11 36 10 20 34 25 23 26 41 25 25 
41 23 18 0 21 10 24 4 10 25 4 42 29 49 19 15 20 28 3 50 12 7 35 13 3 15 49 17 35 48 17 2 7 27 31 29 8 10 26 4 
25 9 28 26 0 3 19 7 11 1 20 5 46 23 42 13 19 7 11 15 7 11 8 19 12 9 3 36 2 19 40 7 11 2 50 25 4 29 9 11 
35 9 39 16 16 0 44 22 30 15 15 12 23 48 45 20 43 18 40 17 18 50 34 5 42 12 14 45 44 23 18 10 41 48 1 31 49 23 43 4 
19 37 23 21 38 7 0 17 9 17 33 8 8 14 13 41 11 1 4 47 4 3 50 28 7 48 5 22 26 48 14 22 20 25 37 48 31 28 14 17 
36 45 5 28 12 16 10 0 47 28 7 41 30 45 27 39 2 20 10 17 23 34 35 42 12 3 12 38 33 27 15 11 34 38 38 11 9 48 22 17 
42 38 8 44 19 7 34 27 0 43 36 36 29 22 12 41 33 1 4 43 26 50 28 27 21 14 47 8 43 7 17 31 4 48 43 25 35 27 42 24 
6 19 35 45 48 41 36 39 23 0 48 5 10 6 5 46 17 15 11 37 31 22 50 42 20 27 6 33 31 30 37 6 7 10 30 38 8 16 33 30 
31 29 9 36 46 2 7 25 49 3 0 26 10 25 40 12 2 6 27 15 19 42 8 5 10 36 42 49 1 26 18 39 2 32 32 7 2 13 15 47 
18 21 32 35 29 4 27 32 17 49 29 0 33 31 1 15 39 23 24 50 50 4 4 6 49 32 14 24 28 43 34 10 39 42 31 47 48 11 24 26 
6 9 11 32 3 48 36 8 2 18 43 34 0 28 14 15 43 15 15 33 3 15 30 49 39 34 40 40 41 50 4 17 28 49 49 44 42 43 22 4 
1 46 7 23 11 50 50 32 26 27 38 33 33 0 28 21 11 26 10 23 49 14 9 45 9 48 2 16 36 30 20 23 1 44 12 32 7 9 8 39 
39 34 8 14 14 13 22 34 50 28 38 19 32 21 0 23 41 43 2 48 25 10 35 15 2 6 4 38 40 22 47 14 3 18 21 34 15 6 45 31 
47 27 18 16 8 43 2 42 30 21 21 40 6 11 34 0 30 4 20 6 9 10 25 33 12 4 14 35 1 12 37 9 36 48 22 2 48 42 20 7 
10 4 13 8 19 2 7 9 42 35 42 30 45 50 37 21 0 22 45 6 12 44 8 2 31 44 13 36 43 35 9 36 38 35 13 47 6 48 18 14 
11 48 6 44 16 20 7 14 36 12 1 31 4 37 8 14 2 0 2 33 15 7 16 15 25 33 49 4 46 32 3 32 24 5 31 45 15 38 15 37 
11 37 49 50 31 34 29 33 2 27 50 46 4 15 3 7 45 33 0 32 11 17 16 12 32 34 31 28 27 23 42 44 26 37 16 23 29 9 16 34 
41 5 17 3 19 33 7 28 10 2 25 1 32 7 5 20 45 25 18 0 17 1 7 2 10 10 34 25 9 38 43 24 49 30 50 41 6 50 13 43 
50 27 3 18 25 49 42 13 19 33 46 28 5 41 49 34 34 3 8 44 0 36 9 49 41 17 28 26 21 33 16 49 20 33 32 18 41 48 39 28 
11 19 21 6 27 42 15 20 8 31 16 8 3 43 20 8 41 28 13 2 47 0 24 21 30 3 34 27 46 23 23 8 36 46 26 47 25 15 4 22 
49 3 9 18 41 17 9 47 28 13 25 28 14 36 38 31 38 48 42 3 43 16 0 20 48 35 23 31 13 28 47 45 43 38 7 15 49 39 7 31 
14 45 38 49 33 49 46 45 50 8 46 9 28 24 1 30 33 33 11 33 18 36 47 0 19 32 18 33 40 7 22 39 42 32 18 29 9 5 17 37 
50 40 28 31 5 33 38 18 19 37 28 32 17 28 24 13 28 48 19 18 16 16 7 38 0 29 19 4 28 10 46 43 25 16 46 12 44 40 6 42 
37 44 50 14 3 30 41 23 14 8 5 1 11 36 50 22 34 33 41 3 37 29 11 9 24 0 45 3 16 21 17 31 24 22 6 33 24 17 2 5 
9 39 47 40 20 6 45 32 39 17 25 29 11 50 3 6 8 34 42 41 8 27 25 2 48 28 0 32 30 6 4 26 6 32 29 33 15 41 40 41 
3 29 13 15 49 46 38 20 24 19 50 25 41 25 12 47 32 14 45 42 43 24 16 27 35 42 20 0 48 33 18 39 16 19 44 39 13 45 13 27 
7 11 8 8 11 6 30 36 31 20 33 2 1 46 48 49 30 14 37 31 8 27 41 38 7 31 35 7 0 47 37 50 2 19 38 39 32 35 16 6 
21 6 6 40 28 1 17 38 20 21 45 10 49 9 33 19 30 21 20 2 30 22 24 39 45 21 31 33 14 0 8 17 14 14 8 17 25 2 37 13 
38 40 43 15 36 2 28 1 44 37 19 9 12 15 14 26 49 33 18 46 7 20 35 25 12 5 32 46 42 42 0 8 17 43 8 33 13 38 7 38 
37 17 21 38 46 46 50 6 49 50 33 18 43 35 42 7 19 6 19 4 31 21 32 10 2 30 2 16 4 33 2 0 38 42 45 31 29 36 33 39 
29 13 50 33 46 9 25 16 33 2 2 14 7 20 4 7 16 35 12 37 17 44 34 2 16 48 46 26 48 4 14 21 0 37 18 40 41 32 39 37 
1 28 15 20 15 3 20 46 18 38 39 16 44 25 47 22 36 29 48 17 48 14 49 18 29 38 32 28 40 31 14 26 28 0 49 11 9 3 24 20 
50 47 3 28 39 10 39 20 46 40 46 4 13 34 22 39 38 30 47 41 27 21 42 6 38 25 13 38 46 14 38 20 12 9 0 49 21 45 37 10 
8 41 19 36 38 45 27 1 42 7 10 24 30 6 34 43 29 6 47 40 14 47 1 24 32 3 26 43 4 36 1 45 1 20 40 0 50 9 36 4 
12 11 24 22 32 37 41 9 14 29 17 21 16 49 47 47 11 41 45 4 36 19 35 48 7 6 16 23 11 17 34 35 44 3 36 29 0 40 26 20 
38 42 45 13 15 38 16 36 46 4 23 29 10 14 32 18 43 27 27 16 26 21 18 48 47 45 32 27 14 13 19 7 36 21 7 13 42 0 7 21 
10 41 21 20 19 38 39 25 21 13 35 43 2 13 10 45 18 25 47 16 20 6 39 23 34 36 17 43 39 8 20 27 37 7 17 25 5 2 0 49 
11 9 20 11 15 29 21 17 45 27 27 40 38 45 42 1 5 3 48 37 34 21 47 37 14 44 8 6 46 47 35 40 16 27 36 8 1 45 24 0 
44 0 13 19 22 16 12 18 32 33 46 7 13 23 7 16 15 40 12 34 48 22 22 15 22 49 42 38 24 12 10 34 1 10 29 4 24 15 49 31 
25 46 0 12 26 11 39 34 13 33 1 12 46 46 17 48 3 23 49 48 24 25 25 44 21 24 12 7 3 44 4 42 1 41 31 10 2 10 46 5 
33 15 29 0 5 24 50 14 38 34 13 27 32 26 17 26 7 50 3 42 3 49 33 32 19 30 9 12 5 15 7 46 43 28 45 16 10 46 20 21 
21 10 25 23 0 40 18 22 17 34 16 25 10 50 19 44 6 50 34 11 26 16 39 9 23 27 17 34 4 32 2 16 11 30 33 21 43 25 10 42 
2 8 42 29 39 0 41 47 47 24 34 39 16 27 36 45 5 33 1 2 46 24 34 18 36 33 1 14 31 18 48 1 32 40 42 9 18 24 11 21 
33 30 21 10 21 43 0 36 40 26 35 28 39 42 23 15 19 18 40 6 46 39 27 17 30 26 34 8 27 35 27 28 31 22 31 20 16 3 25 48 
44 47 11 39 46 40 10 0 9 9 26 24 42 29 18 15 32 6 14 41 35 37 36 10 5 49 8 47 17 12 4 49 16 44 42 13 50 28 39 22 
41 17 26 49 1 11 36 50 0 13 8 49 14 3 13 40 12 8 38 7 40 38 44 43 48 6 28 9 49 37 6 15 5 18 42 1 18 12 37 9 
45 14 9 34 10 13 41 46 3 0 4 31 5 13 22 49 34 47 24 28 44 24 3 37 13 8 43 45 46 11 13 23 50 22 29 12 26 29 10 34 
35 15 32 6 45 6 1 3 34 20 0 9 4 45 34 43 35 42 27 46 26 17 19 45 36 41 32 31 34 34 10 23 5 38 40 44 29 43 48 43 
8 8 40 11 26 3 9 28 17 30 45 0 21 50 33 34 18 16 21 47 15 14 26 18 20 24 47 4 17 5 40 14 43 45 35 39 19 27 8 19 
33 33 4 15 4 39 40 24 23 4 23 28 0 9 47 33 29 33 40 21 38 30 50 43 24 27 16 2 27 15 45 16 41 9 2 14 33 11 11 14 
31 35 24 32 13 32 12 6 47 12 7 7 29 0 7 21 40 34 41 30 39 39 38 14 10 28 39 33 20 7 34 1 19 22 27 40 3 6 18 30 
43 15 11 6 15 8 38 37 34 38 13 30 42 31 0 23 26 44 22 14 4 25 49 42 49 14 12 39 36 2 18 19 34 16 12 38 24 28 32 49 
2 41 2 50 33 45 4 9 38 49 2 46 31 42 15 0 5 44 23 13 43 4 20 3 35 16 20 29 14 31 43 49 48 12 24 13 14 24 50 10 
4 10 3 1 37 1 22 38 42 2 7 45 2 16 40 46 0 32 39 17 34 14 17 41 28 45 1 5 34 8 30 2 32 44 13 10 34 2 19 16 
35 44 32 37 13 25 49 48 33 23 29 32 25 7 17 47 38 0 20 25 7 37 47 39 31 13 50 26 2 39 7 6 45 13 23 33 40 32 30 29 
4 47 3 22 11 30 49 27 25 27 17 22 15 27 13 29 39 6 0 2 25 13 49 48 9 27 17 34 19 2 25 28 15 9 41 21 11 34 25 28 
1 14 24 2 25 22 35 42 18 50 45 44 34 30 5 16 6 49 44 0 46 45 46 30 26 50 49 2 14 24 6 3 46 15 29 2 12 40 48 23 
38 42 26 17 19 8 31 45 36 4 26 16 12 41 29 34 5 34 48 2 0 27 20 21 19 12 48 49 30 5 29 44 27 8 27 7 4 19 30 12 
18 19 5 17 10 49 40 41 5 36 46 47 28 42 46 46 18 22 7 5 21 0 9 2 40 7 11 49 9 35 34 25 15 26 23 31 34 22 3 11 
21 23 7 45 45 10 33 17 36 13 31 40 33 13 25 41 9 18 16 11 50 50 0 32 7 22 11 32 21 5 11 13 25 15 11 36 33 15 15 8 
30 25 45 14 46 4 45 43 2 2 32 22 16 7 43 12 21 41 1 23 34 29 12 0 12 25 1 7 25 23 27 42 27 44 11 36 36 5 37 37 
3 28 19 30 20 24 39 47 19 23 49 15 43 14 43 24 2 13 34 39 46 48 20 20 0 25 10 5 29 6 21 7 8 35 5 48 45 15 50 43 
38 36 5 39 3 24 12 50 13 2 37 34 24 22 49 41 6 9 49 5 10 19 11 41 48 0 16 42 31 39 17 48 9 3 21 46 3 41 10 17 
47 14 10 42 27 20 37 34 36 37 14 43 37 17 45 33 20 25 14 42 38 33 32 12 47 5 0 28 32 4 26 46 1 47 42 3 42 50 27 35 
22 11 33 6 45 25 24 12 43 8 38 27 28 27 19 30 14 33 49 45 23 42 6 31 10 41 14 0 46 45 14 3 33 43 41 43 31 6 27 37 
37 23 44 35 24 16 50 18 24 29 13 39 10 2 32 13 30 5 3 46 4 12 29 17 29 5 5 34 0 38 35 38 24 38 46 12 23 30 8 32 
15 10 24 41 18 32 26 44 31 11 29 14 27 3 32 33 26 45 27 6 19 12 17 31 39 41 40 2 14 0 41 10 33 23 24 38 36 31 22 11 
35 4 12 24 23 9 21 12 22 7 14 36 28 3 2 14 4 44 43 2 27 43 24 30 41 2 46 42 3 16 0 46 2 5 35 42 3 8 38 45 
22 18 30 18 46 1 5 33 31 22 11 35 43 39 21 34 43 30 32 34 22 14 30 9 6 11 12 32 44 12 49 0 6 16 50 22 34 47 25 29 
30 36 20 16 20 43 31 3 14 35 1 50 23 26 5 23 9 39 22 13 35 39 23 40 19 23 5 20 44 18 37 38 0 18 1 3 48 3 48 10 
16 26 9 49 48 43 13 26 31 11 27 13 46 26 13 45 41 13 30 47 48 39 11 10 47 48 14 32 23 24 8 21 12 0 29 6 37 26 41 26 
47 7 47 25 10 17 5 42 12 6 7 13 35 23 1 13 27 16 50 3 1 30 32 4 7 4 6 2 17 20 27 19 50 38 0 34 41 2 15 2 
43 42 6 2 26 16 12 23 49 11 17 30 22 27 39 25 17 26 43 18 6 12 4 25 43 30 39 13 48 39 11 11 13 14 7 0 11 45 29 6 
39 46 32 7 41 1 41 6 42 12 14 18 15 9 48 47 32 39 32 10 47 27 50 26 11 1 6 17 8 21 29 30 38 21 5 22 0 25 5 14 
25 2 24 48 1 35 21 46 3 16 18 26 22 14 20 9 12 47 7 47 40 46 25 48 21 34 34 30 45 5 26 22 27 26 8 8 23 0 30 49 
42 40 6 3 1 40 46 7 17 19 12 43 25 18 9 24 29 28 26 27 18 1 42 2 48 41 46 49 47 7 12 37 33 49 16 7 35 43 0 24 
9 26 27 17 12 33 13 1 5 19 2 29 31 47 3 32 41 49 5 6 11 45 48 11 11 7 26 10 27 3 2 40 36 5 18 1 41 35 30 0 
19 0 36 40 42 30 45 28 32 40 30 17 25 8 30 38 13 14 29 17 7 5 8 3 25 2 17 13 43 26 29 2 42 7 19 36 20 22 3 18 
16 33 0 25 37 30 10 29 45 10 49 43 5 23 24 28 26 12 33 16 41 13 33 36 7 11 29 26 19 39 45 18 41 11 11 1 25 30 21 24 
15 24 23 0 3 45 34 25 30 18 29 44 25 38 7 13 6 34 48 19 26 2 34 10 6 16 31 2 44 12 23 3 46 41 10 1 18 40 30 41 
23 36 49 9 0 40 46 21 31 35 49 6 18 28 11 45 23 31 14 18 38 14 33 32 18 45 26 48 34 29 6 46 16 5 7 47 41 3 26 20 
10 46 1 18 45 0 7 6 26 35 46 37 21 4 23 42 28 41 5 32 14 14 48 37 3 29 4 41 13 22 15 5 20 6 44 8 43 14 16 37 
12 39 1 13 38 42 0 36 42 43 13 29 7 36 22 12 7 13 9 49 39 42 16 44 5 21 42 18 15 11 15 50 15 26 19 20 26 14 35 50 
11 43 12 48 1 43 9 0 20 49 44 38 46 35 15 27 45 46 46 47 43 47 24 21 31 29 13 15 31 18 2 37 44 28 10 38 47 31 19 43 
12 13 22 20 22 24 19 16 0 50 49 24 25 30 17 43 3 37 22 31 20 38 29 28 2 47 8 45 18 26 28 31 15 28 3 36 30 25 5 50 
8 10 48 15 33 44 28 8 27 0 36 7 1 25 50 50 6 33 36 21 23 14 29 2 41 23 19 10 47 27 32 13 28 33 22 23 11 40 15 46 
8 19 1 18 33 19 28 6 16 29 0 48 3 45 5 32 37 29 9 8 43 14 35 31 31 46 24 29 18 3 27 40 16 19 41 13 4 14 12 19 
23 46 13 45 19 29 29 18 24 1 36 0 45 2 33 22 32 24 39 20 23 10 40 10 4 39 40 32 35 5 42 28 23 18 40 36 48 1 41 12 
3 17 6 6 18 17 33 38 33 47 9 40 0 16 44 39 10 33 36 10 6 30 47 44 14 32 24 13 27 13 48 25 31 34 27 18 6 5 35 42 
37 7 3 50 38 46 3 13 29 29 31 3 12 0 42 35 33 6 24 43 24 44 4 7 25 36 23 28 6 40 27 34 6 49 45 23 50 28 48 6 
18 30 11 35 48 32 46 13 40 49 45 13 33 12 0 11 48 33 1 28 15 16 19 48 24 3 46 26 4 18 19 36 6 8 18 26 45 33 20 9 
44 40 10 39 7 45 15 1 44 39 47 41 49 1 34 0 41 50 32 38 32 2 7 42 46 22 14 40 5 15 37 16 15 13 42 35 25 6 30 41 
29 38 45 32 16 22 29 38 5 25 27 26 13 46 39 8 0 37 49 15 18 44 6 11 37 7 23 32 28 7 17 10 36 20 42 10 44 7 25 26 
24 44 27 35 31 39 11 4 20 25 35 48 26 41 13 48 23 0 28 9 26 44 41 1 31 39 16 42 7 22 36 45 1 12 23 41 24 17 22 30 
49 46 20 12 3 23 19 34 45 7 45 38 17 49 50 33 34 43 0 47 46 16 47 5 32 35 31 35 37 4 50 39 31 1 48 11 30 24 29 48 
9 21 32 48 50 27 49 28 3 12 40 8 32 21 26 15 2 42 38 0 28 23 38 32 30 45 18 15 37 19 38 20 9 5 45 39 26 34 50 5 
6 37 3 33 25 14 43 8 10 25 33 9 39 37 2 26 21 39 3 3 0 32 13 12 9 15 42 31 3 37 33 1 32 3 37 33 41 20 6 8 
17 2 11 5 13 36 29 32 23 3 20 18 38 32 47 23 43 25 44 18 33 0 33 41 21 27 25 2 7 2 4 12 7 15 31 36 1 22 8 50 
24 36 11 9 50 18 15 14 1 6 15 41 17 26 38 25 34 12 40 28 38 35 0 23 31 20 42 14 4 7 46 47 2 35 26 21 33 23 25 42 
4 12 12 1 1 37 14 45 31 28 7 3 40 32 30 12 39 14 30 39 8 5 12 0 7 6 10 14 6 41 5 6 2 10 21 37 17 27 34 22 
44 6 48 33 26 1 43 8 20 5 14 33 19 43 36 34 50 1 5 46 42 24 8 5 0 27 22 5 44 19 45 14 35 5 43 37 33 11 22 36 
7 13 3 44 2 27 23 37 9 24 37 37 16 23 39 30 21 49 44 7 5 46 50 39 26 0 41 29 29 27 7 3 23 28 15 48 34 40 31 7 
28 5 36 46 20 32 8 49 13 16 13 17 35 18 16 32 12 13 14 19 11 49 44 10 3 22 0 14 10 2 25 6 41 41 43 16 3 19 50 31 
7 18 43 17 13 15 41 18 6 13 33 37 21 26 12 46 30 11 26 44 48 18 49 47 39 11 23 0 27 43 2 14 13 12 32 7 2 18 32 32 
46 12 4 9 47 19 38 35 15 29 47 37 42 44 7 33 39 19 46 29 3 42 15 26 4 50 20 26 0 39 19 11 28 48 30 31 33 45 10 2 
28 1 26 9 48 47 15 22 20 5 49 19 33 22 4 30 4 47 28 5 48 49 13 47 46 18 19 40 13 0 14 25 39 30 17 19 28 27 34 18 
30 40 28 50 21 40 1 29 6 44 50 27 36 17 6 5 29 39 29 13 30 28 25 9 7 31 11 39 16 4 0 27 3 21 30 49 16 21 50 42 
7 45 40 13 46 13 37 39 23 25 13 40 39 48 21 38 2 15 19 44 41 30 12 13 3 18 48 6 6 18 41 0 34 30 48 23 19 41 16 29 
46 20 42 38 15 3 15 38 5 1 43 47 1 2 6 1 27 33 27 11 29 16 32 34 5 35 29 10 42 26 3 47 0 37 36 23 24 50 42 48 
10 38 30 43 6 14 21 40 33 25 48 46 36 14 6 1 31 39 9 34 31 24 6 47 29 48 46 11 16 29 33 2 36 0 36 18 24 49 23 26 
21 34 45 47 36 45 31 17 33 32 36 43 35 42 9 17 36 32 34 15 8 18 11 25 4 42 46 11 50 47 32 2 8 13 0 38 1 36 28 21 
3 49 31 13 30 31 37 48 11 27 20 32 42 16 9 19 4 24 21 44 44 49 20 18 37 50 34 35 23 4 9 32 9 11 32 0 16 27 5 31 
45 17 44 36 34 31 16 40 37 50 45 35 27 16 34 28 4 30 14 27 31 47 3 26 7 19 38 23 32 34 44 42 49 43 27 28 0 50 13 37 
37 22 10 48 35 29 19 32 17 26 34 28 36 14 28 50 48 15 19 29 16 43 43 9 3 7 4 36 34 39 7 28 42 44 27 6 21 0 50 18 
48 39 37 22 48 48 6 8 28 21 43 29 13 32 34 21 45 29 2 45 29 25 33 48 28 19 7 37 43 37 23 29 49 47 22 41 29 22 0 45 
11 47 49 26 15 41 11 44 46 8 23 33 27 20 5 39 23 6 40 45 29 42 19 15 41 49 15 30 17 11 43 43 24 34 41 48 31 50 18 0 
7 0 18 26 11 30 21 5 47 10 45 8 50 36 40 28 17 19 29 34 35 17 27 31 28 36 15 31 10 43 30 7 9 24 38 33 28 3 31 40 
45 36 0 3 5 36 9 12 8 3 46 18 23 20 47 15 2 30 37 49 26 15 40 46 4 31 38 50 26 48 8 50 14 39 39 39 49 15 22 46 
19 25 7 0 28 14 25 7 38 13 9 37 3 41 5 6 25 6 41 49 25 49 10 36 11 46 47 5 35 31 8 16 37 9 42 31 2 9 13 33 
29 24 50 37 0 18 11 6 10 10 33 15 34 9 16 47 47 10 40 47 33 18 21 23 7 5 44 50 45 50 25 5 17 43 9 21 2 49 23 18 
50 41 37 46 2 0 17 25 8 22 12 45 21 13 12 30 15 8 1 43 33 25 12 12 10 35 29 48 41 50 46 46 48 37 22 48 43 31 26 22 
41 31 37 29 33 5 0 4 42 5 13 44 13 2 7 41 44 39 30 27 11 23 19 34 8 27 17 48 35 42 15 38 35 33 29 3 3 38 34 29 
6 32 37 44 28 7 34 0 44 42 47 28 10 13 4 16 49 22 48 29 2 17 8 20 1 41 26 10 30 24 4 39 6 6 2 22 29 36 26 6 
1 44 23 7 38 14 5 25 0 31 18 30 32 6 10 32 12 49 13 36 3 3 48 4 21 39 9 22 5 12 33 37 13 46 42 28 9 45 1 32 
37 36 1 29 13 44 23 34 47 0 24 40 24 17 1 24 3 4 41 3 19 30 43 1 14 49 31 17 36 14 32 23 17 48 32 49 17 3 19 41 
27 17 26 25 31 22 9 21 13 23 0 40 25 19 43 33 2 45 36 38 30 32 28 37 20 16 2 24 26 36 2 7 50 35 50 26 3 5 19 21 
42 40 11 4 13 25 8 5 25 15 30 0 5 32 16 40 9 50 30 6 10 30 49 34 35 12 16 40 40 19 17 31 48 27 15 47 40 22 24 25 
46 8 47 49 11 6 47 26 35 46 41 26 0 23 49 9 42 43 7 27 42 47 35 19 36 8 34 32 29 17 20 1 38 27 6 11 2 33 50 23 
29 16 41 5 45 28 41 9 49 18 23 4 33 0 46 32 28 11 40 11 42 27 25 19 9 16 45 4 50 18 39 8 9 43 35 48 27 7 30 24 
8 17 26 34 11 45 16 18 43 45 29 50 12 23 0 9 46 5 48 32 40 50 25 42 41 11 11 14 12 49 48 5 21 31 16 3 25 1 42 8 
15 50 28 11 5 40 39 46 37 34 39 43 30 25 40 0 25 34 26 36 23 1 31 5 19 45 40 8 20 46 20 35 45 14 41 18 41 22 15 38 
2 23 15 28 28 10 6 26 47 41 42 20 50 16 19 7 0 35 45 9 16 15 32 19 1 18 49 45 29 40 8 50 3 19 39 34 1 36 4 28 
9 40 15 12 29 5 50 36 29 46 34 34 47 13 49 23 20 0 4 15 10 29 16 27 37 40 42 39 2 12 32 19 21 32 18 50 27 1 21 41 
46 18 14 16 34 6 24 4 40 21 16 15 47 22 44 49 43 13 0 28 22 38 17 49 25 48 27 13 3 29 13 23 23 49 14 19 42 16 1 44 
31 16 38 49 31 46 18 22 50 38 20 8 14 23 50 3 30 20 39 0 18 8 43 22 25 27 49 44 17 34 3 2 34 43 20 47 7 50 18 18 
30 31 5 14 15 10 6 9 50 50 12 40 23 27 33 37 39 44 14 22 0 33 2 1 39 47 37 36 15 45 27 43 3 12 2 10 38 3 30 7 
16 22 40 45 17 23 14 29 8 10 34 9 14 37 47 35 28 30 17 17 29 0 24 42 15 24 7 9 28 22 17 45 34 9 37 48 1 44 8 35 
17 34 8 29 6 11 18 30 16 16 17 33 9 36 14 29 42 30 26 22 10 14 0 36 8 41 15 50 1 27 39 46 42 20 46 1 33 22 46 37 
4 6 28 43 13 5 35 37 48 46 9 7 21 18 37 25 3 49 1 39 41 11 18 0 4 27 20 26 13 14 36 31 8 47 44 23 16 33 22 24 
3 7 29 3 5 18 33 26 25 34 21 48 35 22 8 46 44 39 25 16 43 30 22 23 0 12 16 2 10 28 46 22 42 32 26 48 32 12 9 13 
36 45 44 2 30 43 39 46 37 40 48 30 28 8 6 31 24 36 6 41 40 17 23 49 29 0 12 29 17 9 24 26 35 35 26 40 22 50 29 42 
31 24 20 15 21 30 17 44 35 27 46 24 47 6 19 24 19 22 46 23 18 14 22 38 13 14 0 14 45 3 19 34 32 46 44 26 17 20 3 3 
19 13 19 45 41 14 1 30 29 17 2 22 1 4 7 25 17 3 33 3 7 17 22 42 16 43 15 0 29 4 31 3 4 16 19 27 11 50 19 32 
24 12 35 35 29 1 48 34 28 40 20 9 14 38 50 46 3 41 27 29 48 50 23 27 48 15 48 6 0 32 27 46 25 48 22 9 41 23 32 44 
41 19 10 37 39 35 22 39 16 16 24 24 20 23 40 34 25 40 9 37 15 4 42 2 1 44 45 11 43 0 30 10 23 22 47 37 11 39 13 34 
43 27 26 32 40 9 4 27 3 8 38 35 1 15 45 30 38 27 9 36 46 40 11 46 37 7 1 3 24 37 0 30 46 12 7 17 11 39 22 3 
44 48 18 42 3 6 45 10 9 28 17 49 34 31 27 38 3 16 31 46 34 8 1 3 16 29 43 23 44 48 34 0 42 16 25 15 39 29 48 8 
41 42 48 42 26 7 38 46 16 36 19 15 46 8 27 20 36 47 15 27 25 13 23 16 11 44 26 34 10 16 39 10 0 5 8 40 4 36 17 26 
46 29 33 28 38 25 34 39 34 40 5 30 42 14 22 34 28 20 32 31 32 32 5 37 50 47 10 10 38 19 24 34 19 0 22 19 48 42 36 36 
41 28 6 42 44 6 36 47 46 33 25 13 34 5 36 45 15 24 47 28 41 16 24 1 16 17 21 11 21 45 25 42 42 34 0 42 4 27 40 11 
32 15 50 14 28 14 6 40 30 34 28 5 24 46 9 46 25 4 5 27 28 35 25 27 1 9 33 21 1 13 33 18 25 14 16 0 14 41 2 47 
38 10 27 42 28 43 41 1 47 34 39 17 1 23 14 34 47 40 24 14 19 31 36 40 18 1 10 30 11 30 45 6 24 7 17 17 0 1 43 47 
34 10 9 37 37 12 46 33 46 12 31 19 25 18 39 28 8 25 38 25 28 34 12 40 17 39 34 44 44 6 48 33 5 43 40 4 11 0 44 49 
28 22 19 15 19 31 12 21 39 36 29 10 42 14 19 20 1 49 19 20 49 29 3 39 41 14 48 15 32 28 35 17 14 27 11 4 9 20 0 44 
10 6 18 46 8 15 46 6 20 36 23 39 6 43 24 1 50 19 30 24 5 33 48 40 11 1 13 46 16 3 16 12 32 5 10 15 31 34 45 0 
25 0 45 9 29 29 10 40 30 25 40 26 12 35 29 46 39 27 9 29 35 8 3 50 40 17 21 12 8 1 34 10 21 17 24 6 30 47 4 19 
30 21 0 21 38 7 41 42 31 33 36 17 33 7 2 49 38 22 45 19 13 8 48 33 30 41 31 6 45 11 24 17 43 23 40 49 14 37 15 44 
50 25 41 0 30 22 35 2 3 19 18 37 34 35 29 42 11 32 39 42 47 26 35 47 20 9 20 24 10 18 3 35 1 7 2 19 39 18 19 11 
46 40 28 37 0 28 25 40 32 14 32 29 17 26 46 19 18 16 28 21 21 2 11 42 36 16 34 37 27 34 11 4 43 14 28 46 7 49 48 20 
46 19 38 11 29 0 39 37 10 5 39 34 4 11 48 49 9 36 49 42 22 44 38 13 49 4 28 36 4 48 50 12 20 18 8 25 2 15 1 14 
48 30 25 32 39 1 0 7 43 46 15 19 11 9 7 27 27 8 6 40 7 1 3 33 12 5 27 15 37 3 23 47 45 36 36 45 42 19 7 25 
49 48 35 41 40 29 40 0 4 13 41 31 18 46 26 44 13 45 48 13 27 12 37 21 40 23 18 25 26 23 12 36 8 2 32 41 10 16 13 44 
34 16 24 2 46 23 6 2 0 20 42 24 50 45 7 30 13 13 27 45 19 22 4 15 31 2 6 24 16 15 35 35 47 33 4 29 12 39 35 25 
18 17 17 5 35 50 12 42 2 0 22 19 29 33 21 44 22 31 2 44 1 41 49 41 37 36 7 27 18 41 28 19 25 28 2 27 2 6 49 30 
31 40 15 22 44 46 6 2 26 39 0 33 49 10 45 35 35 20 27 30 20 28 24 45 1 25 4 44 2 31 45 43 17 32 22 13 12 27 28 47 
41 30 5 1 29 8 29 9 30 43 18 0 8 25 26 30 3 8 45 14 47 41 3 5 22 32 47 16 18 39 33 24 8 42 31 39 41 23 23 16 
43 47 46 14 9 14 37 18 42 3 19 5 0 17 14 32 7 39 26 34 20 33 43 11 20 48 20 11 17 45 37 39 31 36 29 21 1 45 39 46 
9 46 29 25 16 20 28 8 45 11 24 50 16 0 39 3 34 1 36 26 17 40 3 20 24 5 14 39 20 38 44 31 12 1 30 26 24 4 18 46 
50 20 13 17 7 21 37 24 42 33 46 20 16 19 0 22 7 6 26 6 20 3 32 9 20 1 30 13 49 37 14 29 30 33 41 27 48 28 37 14 
3 18 41 48 38 43 24 16 44 30 23 21 49 49 48 0 44 19 11 43 16 27 9 38 37 29 4 16 37 26 43 24 30 20 13 3 3 12 34 22 
28 28 15 19 20 14 43 31 31 36 48 8 38 35 21 37 0 44 30 4 20 34 27 37 41 1 7 44 2 36 46 46 32 35 40 15 38 13 40 19 
24 36 23 36 2 28 36 37 45 49 26 9 23 9 15 38 2 0 42 25 19 13 21 42 45 35 40 16 23 48 21 34 25 5 12 31 34 12 42 35 
13 16 21 49 4 10 37 24 23 21 2 14 47 39 22 7 3 44 0 28 1 12 13 13 39 25 15 2 5 12 29 31 27 11 7 12 3 43 23 39 
36 48 17 43 3 47 7 38 36 33 6 28 40 34 41 23 50 4 32 0 25 39 9 33 13 45 40 26 4 40 27 19 14 31 6 43 3 46 20 10 
43 18 28 16 23 7 1 41 44 20 34 12 50 12 48 1 27 16 5 49 0 13 21 4 48 10 14 42 48 35 41 39 28 31 44 40 8 11 43 11 
6 44 49 33 34 6 15 20 3 33 6 16 37 42 22 47 22 14 31 7 9 0 15 4 7 3 31 7 32 6 23 41 40 35 6 49 5 15 39 21 
42 45 45 40 15 30 26 2 36 9 47 18 44 31 37 2 42 41 43 30 4 50 0 34 14 31 43 16 32 31 43 18 33 33 44 39 12 15 26 40 
28 27 29 21 23 10 5 47 10 49 4 8 15 23 9 18 43 12 31 9 22 14 45 0 22 43 42 14 35 1 42 25 38 16 1 15 3 25 29 11 
5 26 46 6 33 27 36 4 11 25 27 46 1 34 17 18 14 33 8 28 31 46 20 46 0 19 24 17 42 14 8 6 43 15 1 26 34 26 8 12 
45 8 39 4 11 25 46 25 4 50 33 2 21 17 1 30 9 6 50 38 10 11 45 40 3 0 19 34 32 50 8 34 43 7 22 14 21 43 43 10 
22 23 49 13 42 31 7 36 27 15 21 18 28 26 20 2 34 13 49 1 43 42 15 26 46 16 0 41 46 49 3 30 38 17 47 29 16 12 48 4 
9 47 33 7 18 29 41 7 17 37 21 31 9 44 42 17 31 9 24 18 26 41 12 38 24 35 34 0 1 31 48 5 41 36 10 41 4 11 35 47 
47 5 10 25 9 29 23 21 44 25 30 49 7 38 31 28 19 36 46 33 33 46 40 26 19 32 30 45 0 50 4 38 7 47 12 27 13 16 16 3 
9 2 14 40 27 1 50 48 3 6 32 22 19 15 2 14 2 16 35 6 28 49 29 22 40 37 24 3 46 0 12 19 12 3 33 37 32 20 6 14 
25 20 35 27 39 18 33 20 42 45 48 25 48 32 11 26 10 24 42 1 40 28 48 3 41 38 21 19 36 29 0 20 45 47 2 11 37 43 23 40 
5 8 18 32 8 48 38 21 31 43 8 27 9 28 5 25 48 23 33 37 2 47 14 34 14 26 4 29 46 22 24 0 33 38 35 38 43 22 46 40 
5 4 17 41 27 29 2 12 18 42 28 13 14 11 37 38 8 45 35 18 33 44 9 26 9 19 25 40 25 40 13 4 0 2 33 28 33 36 7 38 
5 13 14 37 37 19 9 11 22 2 47 31 49 37 28 8 12 45 41 32 8 4 13 38 28 30 24 12 32 34 4 2 2 0 7 30 6 19 8 23 
7 1 9 4 38 28 9 15 17 24 25 16 38 45 25 31 2 50 27 9 8 45 47 30 39 48 45 30 42 8 23 40 4 23 0 35 32 49 1 25 
10 19 15 8 39 7 18 17 8 27 27 29 7 42 49 15 13 4 30 15 40 33 30 23 10 2 36 12 16 11 43 32 2 25 18 0 41 43 38 9 
24 21 32 38 3 15 29 16 48 6 8 22 28 20 36 36 28 40 43 49 37 21 6 2 47 34 46 27 32 25 9 23 26 45 7 45 0 8 46 27 
9 31 36 39 7 8 39 16 12 16 40 41 1 1 40 22 3 15 31 41 20 20 3 34 23 48 36 47 33 14 42 28 32 14 35 18 2 0 32 50 
44 9 19 34 12 43 35 8 22 37 24 4 30 28 5 8 39 29 2 16 9 22 43 33 49 25 12 9 38 17 22 21 21 16 37 33 1 37 0 41 
42 38 41 14 11 10 11 12 50 28 7 46 39 50 16 41 23 16 37 35 37 31 27 20 6 15 3 33 15 42 22 7 3 38 11 29 19 8 33 0 
23 0 39 14 12 31 32 21 33 21 6 25 15 17 15 2 5 11 12 21 9 46 8 28 47 9 6 50 44 2 40 38 23 15 34 15 47 24 19 46 
39 35 0 33 32 28 40 28 6 43 2 34 50 17 49 50 37 15 11 17 4 26 32 28 32 32 18 3 50 34 1 6 31 42 16 32 24 14 26 1 
7 32 1 0 8 43 18 40 22 24 16 47 50 36 7 16 21 7 8 1 1 11 38 28 22 43 46 3 8 2 17 26 24 40 11 10 22 25 25 36 
14 42 47 29 0 34 37 1 20 25 26 45 26 17 13 26 41 20 5 29 16 47 16 32 20 8 41 24 11 26 48 45 47 33 22 37 9 15 9 44 
36 42 26 29 32 0 7 42 9 11 14 21 40 18 46 10 40 49 11 27 22 44 13 41 45 27 32 48 43 46 27 18 27 12 11 44 24 21 37 50 
13 17 32 14 47 5 0 8 28 1 24 33 39 49 38 38 50 23 1 31 2 1 10 49 14 34 47 44 29 7 3 36 19 12 11 14 5 13 50 45 
40 20 5 48 20 13 39 0 20 39 24 11 21 24 40 36 50 4 19 18 30 1 12 29 21 49 39 14 27 39 24 33 38 24 7 41 33 47 12 29 
1 46 27 6 5 46 32 13 0 29 27 11 11 37 45 20 44 29 41 34 49 32 50 13 32 15 42 24 48 17 49 3 4 42 40 17 34 24 6 25 
26 17 26 35 50 28 14 47 43 0 4 14 13 43 13 14 47 2 34 46 41 14 22 35 46 31 24 8 19 47 28 36 20 24 17 9 32 6 15 13 
4 2 45 32 44 4 37 11 41 29 0 43 16 1 29 16 11 4 33 31 5 26 20 46 1 15 18 44 39 27 5 32 42 38 22 42 40 19 41 41 
43 44 14 18 41 4 13 36 42 8 6 0 5 49 26 10 37 35 6 45 18 26 11 48 35 36 47 2 28 30 37 26 42 14 42 38 12 13 3 6 
47 2 32 2 31 21 50 33 16 28 35 8 0 34 25 23 15 33 46 29 32 44 2 36 7 5 33 15 42 8 38 49 25 32 1 49 16 44 9 18 
15 36 14 37 50 45 30 42 18 41 27 6 16 0 34 21 12 45 17 26 48 49 7 8 26 28 30 11 26 34 27 7 22 25 29 15 47 30 16 36 
13 25 41 48 2 31 33 33 41 12 39 4 50 19 0 11 19 9 28 38 9 20 35 4 9 41 34 6 32 38 20 25 32 30 31 14 23 8 9 7 
46 45 48 21 15 45 24 8 3 14 10 6 19 42 7 0 16 29 22 33 7 18 25 2 45 21 37 7 24 19 6 38 11 50 22 43 14 23 14 40 
14 18 27 4 18 28 14 7 41 23 16 36 2 26 3 39 0 21 44 3 1 28 38 50 39 47 26 50 7 47 50 43 44 15 32 19 39 42 22 35 
18 7 31 17 1 4 21 37 35 47 33 23 21 20 14 12 27 0 18 38 7 42 29 8 10 41 31 22 21 20 8 15 48 50 10 36 44 48 22 50 
35 27 40 15 10 15 28 23 24 1 21 43 21 4 15 43 39 50 0 21 26 21 32 50 18 28 33 36 23 12 35 20 14 5 19 4 30 3 14 48 
45 14 8 49 20 49 16 44 44 35 17 47 45 27 46 29 3 27 23 0 37 28 30 5 11 39 32 8 38 2 1 35 41 25 3 27 12 13 34 31 
19 13 40 43 38 45 38 26 37 10 41 1 4 30 28 20 16 10 47 11 0 39 42 28 42 43 50 27 22 42 1 34 16 20 47 5 25 39 38 17 
17 1 6 21 28 12 50 32 11 48 33 11 3 16 24 42 27 36 48 50 39 0 19 17 35 37 26 25 32 7 26 4 32 29 44 31 10 34 22 50 
31 43 19 16 25 10 41 32 50 47 6 28 40 42 38 29 48 35 21 34 3 37 0 18 26 35 45 1 33 10 36 14 9 5 36 17 7 20 4 43 
25 47 45 25 36 2 49 14 41 41 15 34 25 13 38 48 45 26 44 31 30 9 8 0 22 15 33 48 23 4 26 32 9 45 43 47 38 8 12 33 
24 37 31 11 43 45 2 39 46 18 38 22 32 27 23 13 16 39 23 10 4 5 26 11 0 16 9 7 40 33 17 50 41 33 43 20 44 49 49 16 
28 14 44 2 6 16 4 1 32 22 30 31 50 35 2 30 20 12 21 46 34 39 12 7 30 0 18 48 40 39 8 29 14 18 24 46 47 10 3 21 
45 13 9 25 19 3 36 1 6 32 14 1 33 29 4 32 39 2 37 23 38 19 14 12 25 43 0 17 14 26 39 5 20 17 41 27 33 25 15 44 
5 44 18 42 9 25 8 47 35 14 42 7 46 23 31 34 26 49 48 50 27 37 23 25 17 27 45 0 34 43 3 21 7 25 8 33 29 21 27 6 
37 18 47 32 50 34 33 10 47 37 8 1 35 28 15 18 18 22 43 26 32 31 24 4 33 44 36 32 0 38 40 3 13 50 43 11 32 30 6 23 
41 35 17 48 48 35 3 37 30 11 40 16 7 28 2 24 7 45 43 49 7 49 1 22 7 34 45 1 43 0 17 33 38 13 50 3 41 16 33 26 
20 30 7 7 22 48 25 46 36 48 19 5 38 38 7 16 42 34 45 41 14 41 2 45 13 28 3 3 8 25 0 11 9 24 19 23 19 50 43 30 
25 32 39 9 3 24 13 46 50 7 34 11 8 21 43 13 30 29 13 44 44 46 23 39 12 38 11 32 20 16 38 0 16 50 4 21 10 25 32 49 
21 50 33 3 47 24 14 4 38 32 7 44 41 38 49 37 29 10 1 48 16 14 32 26 35 19 19 12 4 1 33 38 0 48 30 43 45 11 44 26 
15 48 34 23 50 14 22 47 29 1 18 42 50 25 35 34 8 19 7 18 28 6 3 50 38 49 19 46 12 46 5 26 36 0 34 36 1 32 42 32 
13 14 22 40 12 37 9 34 14 14 46 36 26 5 26 48 10 45 34 36 2 45 26 36 34 46 43 6 16 39 35 2 16 37 0 45 5 7 16 42 
14 29 15 6 32 16 11 29 22 11 37 27 6 48 6 31 18 38 37 7 16 44 4 19 25 30 45 20 40 10 21 42 45 4 21 0 7 37 40 44 
20 24 17 22 46 30 12 29 4 10 7 27 18 20 9 26 21 26 47 31 3 22 41 40 12 40 45 32 2 28 50 44 29 44 18 34 0 50 23 8 
40 13 1 41 10 34 34 4 23 36 29 1 32 41 9 42 49 33 28 11 7 35 31 28 26 11 14 48 25 3 26 26 48 18 8 18 2 0 31 32 
7 28 36 22 46 23 28 18 3 20 2 20 2 23 12 2 5 33 23 16 49 21 37 30 21 11 4 3 14 34 42 40 18 1 21 34 21 13 0 35 
6 49 44 11 28 23 33 24 4 36 17 3 35 29 16 34 37 42 7 2 35 20 26 4 20 29 12 2 1 2 29 31 42 49 18 18 5 10 9 0 
8 0 38 37 50 17 48 31 7 12 3 18 35 42 15 12 50 37 23 41 42 50 11 32 24 3 7 37 12 36 12 49 29 27 33 49 15 49 20 10 
7 39 0 22 1 50 34 17 37 17 31 50 31 45 15 19 10 47 7 14 48 10 12 19 22 50 5 39 9 10 16 47 2 18 14 35 3 28 11 32 
41 36 21 0 20 32 37 31 4 14 9 23 3 9 35 22 50 45 21 1 2 45 45 9 28 1 34 49 14 31 31 16 33 37 25 24 13 40 42 38 
36 19 1 25 0 50 37 14 39 17 46 15 40 33 27 9 38 46 28 43 20 48 38 18 23 34 43 41 16 35 12 10 11 4 33 16 33 45 20 9 
41 38 45 33 18 0 17 42 34 6 28 38 28 36 47 22 40 48 2 28 42 7 46 48 5 5 37 4 37 50 12 27 43 26 19 2 33 3 6 50 
7 42 10 36 39 47 0 35 25 14 32 43 19 31 17 29 3 46 40 41 28 32 14 6 34 44 2 45 2 17 45 40 37 43 3 22 50 48 10 10 
8 21 13 40 5 7 44 0 46 27 48 17 7 43 13 29 19 43 37 26 42 38 3 33 8 20 42 7 26 29 45 29 5 36 31 33 7 19 24 1 
28 1 6 18 4 1 38 48 0 25 14 35 29 14 22 19 22 6 38 5 21 13 1 18 18 33 20 12 22 12 30 23 50 20 36 49 42 32 36 30 
8 32 45 32 13 45 16 15 33 0 17 9 28 19 14 3 38 27 34 38 35 34 39 16 36 45 42 35 10 28 24 28 41 20 9 48 40 18 19 5 
24 18 5 29 6 4 3 4 36 18 0 48 22 8 44 1 46 19 16 10 38 21 10 7 37 10 40 19 8 10 16 14 21 8 29 15 18 30 10 11 
32 43 38 50 43 31 3 20 47 20 14 0 30 24 9 32 35 15 12 19 20 16 35 45 44 20 4 28 14 29 30 34 17 9 6 28 46 34 10 14 
7 8 21 23 39 47 37 40 12 27 45 1 0 7 12 41 46 48 48 44 30 39 3 39 41 17 37 47 21 19 31 37 2 5 48 12 13 46 13 7 
48 34 15 16 37 35 30 27 6 19 11 31 48 0 40 31 26 4 19 30 6 3 1 17 22 32 41 44 46 9 50 29 50 35 42 47 47 24 38 2 
7 38 10 42 3 9 50 39 12 24 22 9 44 17 0 7 5 47 17 43 35 47 42 34 19 6 41 11 46 7 43 35 2 17 17 24 19 43 9 14 
14 32 2 32 23 38 42 35 34 29 38 50 30 32 3 0 6 16 5 42 36 13 48 5 33 20 40 20 42 27 43 39 12 39 4 30 3 45 10 12 
32 15 6 28 18 19 43 5 21 14 12 9 15 2 23 2 0 16 28 20 13 33 18 50 8 41 40 27 12 27 3 1 11 6 43 10 22 7 21 37 
14 28 36 50 28 16 35 24 10 16 2 14 26 25 48 29 14 0 15 48 37 28 43 31 29 19 14 1 3 22 42 2 45 46 42 7 35 48 18 23 
43 7 17 17 47 25 39 25 37 9 15 47 8 9 35 9 21 47 0 8 31 15 15 32 3 19 15 8 18 35 19 13 32 47 43 6 30 12 27 35 
4 30 39 15 45 7 46 44 36 12 33 36 39 41 38 8 29 25 14 0 49 33 18 22 41 18 47 33 50 16 4 5 48 45 13 4 2 26 50 38 
46 23 21 22 6 2 33 24 42 10 35 28 5 49 29 2 37 9 49 48 0 48 25 46 29 33 8 36 42 26 37 36 33 29 38 18 26 13 46 16 
39 36 23 42 41 31 27 50 49 16 11 18 43 28 3 40 22 28 42 40 49 0 17 41 48 6 24 3 49 18 31 3 40 42 44 10 12 26 33 5 
48 6 8 37 27 16 20 44 6 27 48 47 49 21 6 17 22 46 25 37 18 29 0 28 32 19 13 22 27 50 18 41 15 40 23 44 35 41 31 15 
33 36 30 48 22 21 35 5 19 36 27 39 17 2 47 37 20 28 26 18 14 44 43 0 44 38 36 34 8 26 28 22 26 42 31 42 1 38 32 7 
12 35 9 3 41 23 30 25 14 44 36 25 7 15 13 1 39 43 36 10 36 38 28 29 0 42 15 1 47 36 10 46 50 38 22 15 34 6 41 3 
22 9 12 21 15 41 4 16 11 29 31 3 8 2 23 21 25 7 30 12 27 22 33 39 4 0 48 37 37 35 1 30 46 48 41 15 1 24 18 14 
39 38 49 40 19 6 7 38 48 16 2 40 28 26 30 26 50 27 24 17 17 4 17 31 11 50 0 35 5 17 38 22 47 8 44 41 24 28 32 14 
33 48 10 40 21 34 11 2 20 19 16 15 25 1 1 47 36 22 18 30 20 22 2 22 10 44 5 0 33 34 36 6 48 18 13 42 20 8 14 47 
48 50 48 16 36 2 23 48 47 7 47 6 3 11 3 45 12 46 39 30 27 29 29 19 35 14 18 48 0 12 9 32 40 22 26 21 31 22 6 16 
20 38 47 9 26 38 31 3 38 16 19 31 24 19 35 20 19 22 30 32 23 35 26 36 38 26 7 34 28 0 40 23 23 6 30 19 43 31 21 3 
31 4 11 30 32 44 29 8 22 38 6 3 9 43 25 44 36 13 12 21 1 31 47 26 49 44 46 25 45 50 0 43 40 48 19 49 28 13 5 45 
42 10 18 36 47 22 37 14 30 31 37 34 30 19 1 3 1 8 35 32 38 48 4 14 22 46 17 5 41 45 48 0 31 32 19 20 12 33 45 1 
4 12 31 17 45 9 17 13 21 47 16 49 20 28 23 7 45 6 5 15 2 5 33 23 36 33 6 3 12 50 40 20 0 6 8 32 21 8 32 10 
5 5 33 47 8 26 47 28 4 9 12 25 6 29 31 49 49 30 9 32 12 3 15 1 21 8 47 43 13 47 3 49 14 0 46 50 10 19 9 25 
48 39 5 3 44 1 25 34 42 25 9 33 42 50 50 48 2 41 33 27 1 29 4 16 7 7 13 12 11 29 21 31 41 6 0 11 43 7 1 21 
1 46 24 6 18 5 14 12 50 14 49 48 20 37 33 24 19 35 40 46 38 38 13 24 13 5 28 43 36 39 8 41 2 20 32 0 31 27 24 37 
11 44 46 14 49 13 32 2 45 9 32 43 8 18 6 34 14 33 1 43 14 27 22 26 12 6 8 47 50 5 3 47 45 49 30 3 0 42 25 15 
12 32 4 34 35 5 47 50 24 47 37 19 48 27 32 24 34 22 20 3 43 6 35 2 40 7 35 49 10 38 4 42 40 19 40 12 10 0 43 38 
22 15 7 34 1 14 36 5 21 14 26 46 31 22 23 22 7 47 3 45 29 20 49 40 37 44 45 30 29 37 20 14 42 34 49 38 37 22 0 35 
38 4 2 14 35 34 43 23 20 17 48 34 16 8 49 10 2 17 17 47 7 20 7 26 35 45 13 5 47 24 36 35 35 12 15 41 27 6 14 0 
