19
26
46 0 28 35 48 40 31 9 29 31 43 36 21 20 28 43 48 18 27 43 38 16 5 21 43 24 25 
17 43 0 33 44 10 9 8 12 15 34 3 20 48 2 44 19 20 36 38 19 17 31 31 2 38 28 
20 25 41 0 42 7 42 25 16 15 17 47 38 34 28 14 9 13 10 45 48 30 42 44 47 36 36 
6 5 8 37 0 12 31 6 32 39 33 21 24 27 11 46 32 37 27 23 32 2 11 6 9 18 22 
7 40 48 29 31 0 45 6 21 37 20 8 29 5 16 32 2 39 31 38 40 33 35 3 48 5 17 
25 4 35 46 50 50 0 19 40 25 16 35 11 3 27 18 7 24 26 24 9 23 7 50 50 22 25 
21 29 40 22 38 50 24 0 15 21 3 37 42 20 9 10 15 42 17 18 28 29 12 22 27 12 27 
24 47 45 18 4 35 24 25 0 29 41 1 3 29 35 38 39 7 16 20 33 6 16 49 8 16 34 
32 44 47 10 7 13 11 11 27 0 27 20 3 50 2 18 46 30 20 15 39 38 34 41 41 5 7 
7 29 21 9 49 38 3 20 4 30 0 29 20 34 38 42 19 8 12 19 4 17 18 15 11 36 29 
44 27 46 48 4 7 5 1 7 32 40 0 18 28 32 1 30 49 38 18 11 37 27 48 20 26 30 
22 1 41 39 15 11 23 21 45 26 25 6 0 27 22 15 33 32 10 30 40 34 37 4 37 20 27 
44 26 43 17 29 27 22 24 35 5 11 18 18 0 30 46 8 38 25 5 44 12 46 47 4 46 38 
41 36 46 36 48 4 20 39 17 47 28 28 47 49 0 34 4 38 10 22 14 43 1 45 27 49 29 
32 27 16 49 29 39 22 42 36 37 28 50 8 8 49 0 29 13 49 30 10 29 7 10 8 9 37 
33 32 46 41 42 20 37 19 22 43 24 19 18 40 7 6 0 13 48 26 38 3 14 16 15 38 46 
48 40 1 26 17 8 40 43 7 41 46 46 45 8 14 39 37 0 6 6 45 31 40 4 23 45 13 
32 22 34 19 16 32 3 47 23 47 18 47 27 17 29 26 34 17 0 10 17 4 18 24 15 28 11 
9 44 15 8 36 29 31 4 26 19 9 38 25 15 44 48 36 17 22 0 41 29 40 16 6 7 38 
13 29 10 15 48 20 42 6 23 9 33 16 12 40 16 23 41 10 17 46 0 42 45 23 6 33 8 
43 38 32 20 29 10 1 49 16 2 45 12 22 40 47 19 43 35 16 21 6 0 33 25 7 49 6 
39 12 46 19 7 5 32 41 27 4 25 3 31 24 15 14 24 15 29 30 39 27 0 49 24 3 38 
40 12 2 11 13 26 22 23 21 40 3 48 46 40 30 32 13 43 44 41 5 43 6 0 42 9 11 
28 20 18 13 13 23 16 19 15 20 39 17 42 50 31 9 3 25 12 27 19 39 50 8 0 15 6 
30 12 34 48 6 10 3 3 48 3 6 9 28 30 32 28 26 10 43 47 2 45 10 46 40 0 32 
31 32 42 39 20 10 48 7 44 5 35 18 15 29 15 39 2 29 3 45 48 32 46 42 14 41 0 
16 0 18 4 35 3 38 8 25 29 21 12 10 33 46 11 21 37 28 43 9 46 14 33 14 43 32 
43 45 0 35 50 37 1 26 30 45 31 3 9 3 47 10 40 1 44 28 43 46 8 35 27 46 18 
49 5 45 0 2 36 41 43 21 46 13 41 30 34 11 34 4 2 30 19 28 26 47 49 6 14 39 
37 50 36 36 0 11 8 5 19 2 21 35 43 46 13 17 32 2 47 49 21 11 17 10 42 6 5 
8 18 43 3 6 0 39 39 47 5 43 36 10 3 33 25 15 9 13 20 9 35 7 12 44 45 3 
7 43 29 20 41 44 0 30 6 50 38 26 50 16 46 5 49 8 24 47 43 45 17 47 46 8 47 
23 48 20 2 6 50 8 0 4 33 46 18 35 3 42 30 48 33 38 40 9 48 25 4 37 49 39 
48 3 8 41 47 34 12 45 0 22 33 36 49 32 27 43 12 14 10 31 24 21 6 13 47 34 9 
6 49 49 48 45 34 4 18 3 0 5 46 42 50 35 23 9 20 48 12 35 6 13 17 37 12 45 
6 25 18 42 41 11 8 38 28 14 0 46 25 39 2 46 15 25 38 16 22 11 47 1 13 37 16 
35 50 3 44 33 13 37 1 29 29 50 0 11 15 35 35 12 7 10 13 46 9 11 40 42 38 30 
21 40 34 9 24 5 6 25 26 9 36 35 0 31 34 38 39 24 17 15 15 24 32 38 50 41 42 
1 42 7 25 10 12 6 4 42 47 17 20 5 0 45 5 40 9 26 27 23 29 29 8 21 37 23 
27 24 7 40 2 35 19 33 5 15 19 2 49 24 0 29 28 43 41 23 5 13 20 11 34 23 12 
23 18 13 23 34 37 39 38 35 33 48 3 46 32 1 0 23 41 40 22 8 28 3 44 2 37 17 
49 33 11 7 14 23 18 40 12 2 20 33 32 32 14 11 0 40 47 31 40 46 41 4 40 30 21 
12 15 35 21 24 12 36 18 38 6 27 28 19 25 35 6 20 0 50 3 9 9 40 45 17 13 48 
21 47 21 8 29 21 28 43 11 3 6 42 28 8 47 14 45 8 0 35 13 28 7 6 40 21 5 
37 22 13 23 21 18 8 27 42 40 47 30 28 7 1 27 14 33 1 0 29 22 45 12 45 46 38 
33 1 20 15 42 32 38 25 34 6 31 39 33 38 34 1 17 7 18 15 0 31 28 13 2 43 23 
40 43 33 42 10 18 27 34 36 7 7 27 49 16 43 4 23 45 47 25 50 0 13 45 21 29 5 
28 32 7 5 39 18 22 19 42 45 42 42 47 13 12 50 3 28 44 40 9 3 0 22 28 6 19 
6 19 24 28 49 12 14 6 41 46 27 31 19 40 6 30 24 48 12 31 48 34 14 0 50 10 18 
28 39 47 25 10 30 50 21 13 4 46 15 47 30 29 42 22 16 24 23 9 5 35 29 0 29 24 
16 25 21 22 5 24 18 31 35 26 9 16 37 47 32 48 27 3 35 10 2 33 3 7 13 0 48 
27 38 9 23 5 18 47 36 14 25 1 41 49 22 47 16 45 4 33 6 30 27 42 11 28 32 0 
44 0 20 23 34 23 14 10 8 47 30 23 13 21 42 20 2 33 7 48 37 4 14 13 36 38 50 
25 7 0 19 1 47 48 45 23 24 28 13 31 3 37 31 41 26 17 44 33 33 41 36 28 44 35 
14 42 29 0 31 7 38 46 23 39 3 40 47 34 25 18 49 18 43 39 3 4 11 6 14 38 46 
43 5 17 34 0 22 41 7 12 35 4 45 44 21 26 35 30 48 29 2 29 34 19 15 35 23 44 
40 42 31 4 36 0 15 43 11 45 42 6 6 32 50 40 23 41 15 4 25 22 14 18 25 13 28 
12 10 13 25 41 33 0 11 28 1 16 31 31 19 30 1 11 31 44 24 43 47 3 40 11 28 1 
31 49 22 26 24 7 41 0 8 3 34 48 21 1 24 45 4 49 25 42 10 47 25 25 12 34 24 
1 20 31 10 20 2 47 41 0 3 13 7 26 42 25 41 11 27 17 14 10 43 1 49 44 4 16 
20 18 4 7 25 11 43 50 6 0 21 27 44 14 46 25 11 22 32 48 24 33 18 20 36 48 8 
49 25 32 1 22 38 6 5 33 30 0 37 47 39 46 33 43 19 20 35 34 4 18 36 33 30 17 
46 31 34 3 48 19 9 17 13 19 19 0 6 50 39 38 10 14 45 25 26 44 3 41 40 50 1 
2 15 5 31 39 49 22 5 43 25 22 31 0 32 18 38 22 33 15 24 13 20 46 47 45 5 41 
8 4 24 44 41 44 4 48 18 45 12 33 30 0 20 35 46 47 13 38 34 14 7 38 22 20 26 
17 37 31 7 18 11 27 49 41 18 32 50 35 29 0 27 35 1 44 10 1 36 4 29 25 50 34 
7 22 27 2 17 2 24 15 27 17 17 12 27 2 6 0 31 30 17 15 47 29 10 7 30 7 44 
12 19 41 13 9 7 8 35 4 6 23 40 1 30 26 20 0 2 11 18 40 18 9 45 5 25 12 
10 3 6 48 15 48 45 24 41 6 25 15 9 10 5 42 48 0 1 9 40 17 35 22 9 8 46 
12 18 26 4 24 36 39 47 48 5 29 7 41 25 45 28 40 21 0 46 38 3 8 36 26 11 45 
47 35 46 25 31 47 40 20 36 28 48 38 32 39 26 12 13 50 14 0 42 11 34 46 39 46 2 
14 21 44 4 32 1 43 30 40 4 2 23 25 32 17 22 40 17 31 2 0 39 7 12 42 46 36 
13 20 34 13 40 7 30 30 34 20 26 32 47 48 46 3 50 23 10 41 26 0 32 25 40 45 29 
9 44 13 7 10 3 9 47 38 23 47 28 15 45 43 45 49 47 46 8 21 34 0 7 37 8 40 
32 6 11 31 45 44 18 11 49 36 17 27 11 24 24 50 10 23 7 23 9 16 48 0 31 34 28 
45 38 8 26 38 27 50 20 21 4 36 8 28 3 10 4 46 8 29 22 37 23 35 21 0 24 35 
30 36 31 16 8 31 48 18 50 31 3 24 49 40 28 41 3 21 15 2 45 4 13 6 20 0 40 
3 13 42 23 3 38 2 3 48 14 40 6 46 6 10 11 3 29 1 23 10 39 44 46 20 15 0 
7 0 23 40 26 23 26 47 19 28 36 26 28 29 16 22 46 43 15 2 48 25 10 43 35 2 35 
6 47 0 31 14 19 46 3 39 32 30 13 22 41 14 9 27 28 25 35 26 1 35 1 14 47 30 
45 23 40 0 47 30 6 25 39 21 50 39 15 17 31 26 40 35 43 33 22 24 38 39 49 33 18 
50 26 35 21 0 47 17 18 39 1 31 49 35 50 8 47 3 44 10 39 13 9 5 1 11 1 9 
32 26 6 8 34 0 42 15 13 7 49 5 50 4 22 48 28 30 46 41 50 44 26 25 22 45 30 
10 20 10 45 26 24 0 21 39 36 42 34 44 47 8 21 37 2 48 48 44 6 17 16 31 25 6 
20 1 15 6 1 35 14 0 5 32 46 4 12 24 31 30 16 37 6 45 36 49 34 30 7 25 28 
24 1 24 43 4 29 20 21 0 5 20 24 30 42 50 31 42 27 26 33 40 25 18 15 41 31 10 
36 40 7 37 22 8 32 23 11 0 13 32 39 42 25 42 3 27 10 43 7 15 46 6 8 7 5 
25 36 4 7 36 34 12 45 44 31 0 15 19 49 16 49 19 39 18 11 38 35 9 48 22 41 6 
49 25 46 41 34 49 30 18 34 47 20 0 4 28 48 27 47 32 12 39 9 11 27 8 46 7 38 
48 20 21 16 38 32 16 31 36 38 49 4 0 48 16 39 32 33 3 50 36 41 13 11 38 27 37 
34 33 46 22 17 1 34 46 2 10 48 18 9 0 38 38 48 13 40 49 29 15 23 20 29 45 6 
46 22 48 35 9 33 40 2 49 33 35 14 21 49 0 20 2 15 30 35 15 44 13 48 44 1 22 
40 49 23 11 14 17 28 12 5 13 49 17 1 15 29 0 8 39 6 13 49 19 50 9 13 9 40 
45 31 12 34 25 4 35 38 44 41 30 38 19 19 37 10 0 45 8 3 48 29 21 36 37 24 43 
32 2 4 40 40 10 3 24 22 48 1 21 38 45 32 14 21 0 39 29 1 37 44 13 9 6 2 
11 11 12 25 45 25 10 33 23 34 35 4 1 21 36 46 48 40 0 10 24 20 8 16 15 50 48 
9 23 6 38 40 45 35 39 49 43 13 48 3 26 12 6 23 49 29 0 17 38 8 16 42 47 23 
50 32 32 3 45 47 25 48 17 37 27 35 44 41 20 13 22 43 34 50 0 38 35 13 14 36 18 
37 34 10 1 8 15 42 17 45 3 7 47 49 16 23 5 9 25 30 38 6 0 39 47 26 37 23 
9 47 36 16 20 19 18 28 11 42 39 16 30 12 44 27 47 17 6 25 45 18 0 27 33 26 38 
35 48 13 48 37 35 14 35 7 45 32 29 33 39 30 21 5 32 17 43 45 18 44 0 29 43 31 
20 12 28 41 20 4 41 32 35 20 15 13 5 5 3 45 6 50 46 18 35 18 46 24 0 13 45 
16 33 43 17 4 35 6 7 15 2 8 17 25 29 39 1 5 10 6 43 28 13 41 1 13 0 45 
33 25 47 3 17 5 29 26 38 8 40 18 16 31 8 49 40 1 38 40 25 18 30 34 14 36 0 
18 0 21 18 4 43 43 5 9 2 31 11 12 36 3 39 50 41 31 12 37 45 26 35 30 23 41 
13 24 0 21 15 46 13 40 31 37 8 8 35 16 47 14 7 30 27 38 29 15 35 1 26 28 49 
22 27 42 0 43 36 39 31 2 30 31 39 38 36 48 23 6 17 31 42 7 15 16 24 38 46 9 
42 45 26 29 0 23 45 38 47 42 13 39 44 22 20 5 14 17 33 18 43 41 41 6 9 18 21 
34 21 34 7 4 0 4 48 28 47 36 27 2 8 44 50 39 7 10 18 24 9 23 2 2 49 41 
21 4 18 2 39 17 0 11 3 12 17 13 35 10 35 47 45 23 19 38 16 26 24 43 2 34 47 
42 45 12 11 19 33 9 0 14 34 44 10 46 47 10 41 6 33 33 27 22 1 33 28 14 1 34 
14 33 16 47 12 16 18 43 0 26 17 41 1 48 31 27 47 2 3 36 27 22 28 25 20 42 10 
26 13 47 10 17 49 11 36 19 0 26 49 38 33 44 28 5 35 25 16 32 36 46 45 4 31 25 
29 24 12 37 8 46 5 2 41 6 0 46 16 50 42 40 12 12 2 49 15 21 42 49 18 44 1 
4 11 25 30 18 43 29 43 20 38 25 0 33 18 3 33 31 4 23 9 19 25 24 42 24 35 44 
6 17 4 37 25 44 44 8 43 45 28 11 0 39 4 38 7 23 3 38 29 34 47 32 40 39 27 
9 25 26 30 19 2 46 24 38 12 39 34 13 0 31 40 11 10 39 4 44 34 6 31 18 2 39 
36 6 10 10 36 14 49 48 35 19 32 13 27 26 0 16 15 17 27 19 39 41 7 40 24 37 44 
37 46 43 4 44 8 29 30 16 40 15 28 27 25 35 0 15 46 21 29 48 13 28 29 20 40 5 
50 13 49 29 16 36 24 42 28 4 6 32 26 25 35 47 0 11 26 1 39 50 44 4 26 12 20 
46 39 32 9 18 24 15 40 8 16 31 37 24 29 5 35 48 0 32 10 15 46 5 14 16 18 3 
19 2 5 7 9 24 18 47 41 35 11 20 36 32 17 36 17 19 0 16 24 2 23 34 16 46 22 
16 47 25 42 26 16 42 15 5 14 35 2 7 8 20 28 38 21 25 0 29 46 29 48 10 39 45 
1 44 1 47 18 40 11 37 9 21 23 50 9 45 28 22 28 4 2 15 0 12 9 5 25 35 13 
41 18 27 38 50 15 4 31 16 48 14 8 46 46 41 21 50 49 5 39 12 0 30 1 25 1 45 
9 24 34 43 40 26 13 6 49 43 11 22 22 8 47 29 30 31 8 20 9 7 0 25 42 10 6 
21 46 1 12 18 2 37 6 7 30 47 24 8 38 46 40 47 48 10 28 28 47 43 0 34 50 20 
17 32 37 2 50 42 33 35 6 17 5 37 26 10 35 16 2 17 32 7 23 20 25 19 0 10 27 
33 32 28 24 4 18 12 48 35 6 20 5 31 5 41 24 32 29 36 10 23 1 44 12 46 0 26 
2 44 47 47 7 18 43 24 10 2 7 33 13 38 26 28 25 30 47 47 37 27 17 50 38 46 0 
34 0 50 5 32 39 16 29 29 17 19 1 39 49 2 13 8 46 39 17 50 16 48 35 45 27 14 
15 49 0 40 25 27 48 9 11 35 43 20 29 14 41 5 35 21 7 28 37 32 46 35 30 32 28 
34 39 31 0 36 15 10 6 25 1 30 39 43 42 4 30 38 17 20 39 17 26 26 46 31 28 29 
18 41 33 20 0 15 10 43 50 15 21 31 50 28 10 23 39 41 25 46 29 15 24 7 44 30 15 
41 15 3 8 44 0 50 8 37 43 16 43 32 16 29 50 43 40 9 8 17 42 29 45 37 36 21 
35 49 14 44 34 40 0 40 50 19 28 47 7 28 32 42 42 17 7 47 9 10 18 29 22 35 49 
37 13 24 13 21 17 22 0 23 15 10 23 50 33 3 42 17 10 22 47 33 32 26 26 1 13 38 
40 28 11 18 20 43 10 35 0 4 28 26 7 8 30 35 5 18 33 20 18 25 45 17 44 8 7 
26 2 18 11 38 24 50 33 28 0 45 12 47 40 31 41 48 50 15 41 3 15 17 49 27 9 43 
32 46 14 46 11 18 11 13 17 8 0 18 43 40 3 8 26 3 40 44 21 44 39 27 27 45 2 
3 5 43 10 4 42 2 46 43 5 19 0 33 34 44 36 27 14 33 31 7 26 39 46 40 14 9 
34 38 50 43 19 38 1 10 16 7 21 8 0 5 27 42 45 11 4 7 21 6 50 36 18 25 45 
47 39 26 15 9 4 46 45 8 14 47 50 36 0 32 32 25 29 29 6 7 29 4 16 32 28 43 
34 44 3 34 3 32 18 25 41 12 34 2 49 18 0 13 11 19 28 49 11 18 25 39 32 22 7 
12 19 16 43 24 45 37 17 20 3 42 25 12 15 33 0 11 42 20 42 27 31 39 45 19 36 38 
34 18 25 10 5 22 13 47 21 50 9 49 39 40 16 33 0 48 10 19 45 17 34 29 7 34 19 
40 45 26 23 25 48 7 36 11 19 42 11 48 21 12 15 44 0 34 3 43 32 3 11 49 42 35 
50 42 22 50 40 18 26 36 32 19 21 48 25 11 42 4 29 48 0 41 37 13 49 34 2 41 45 
5 41 38 38 34 27 32 40 49 16 14 12 30 24 36 13 39 44 44 0 47 9 42 1 28 25 14 
9 5 23 2 9 21 10 45 14 36 48 45 35 44 16 36 13 27 40 18 0 19 18 2 50 10 40 
8 45 37 14 40 10 14 20 19 27 18 47 8 44 2 35 10 50 15 45 9 0 50 31 24 29 25 
38 8 46 41 4 23 42 19 13 15 9 1 46 39 31 15 26 40 18 17 20 47 0 16 34 8 2 
36 16 32 8 15 14 35 16 23 7 24 28 24 45 6 40 31 38 27 10 5 27 14 0 44 25 42 
6 13 6 42 43 13 34 2 38 26 37 6 1 45 16 30 16 25 41 48 16 24 12 31 0 17 28 
8 48 48 10 3 38 33 23 8 23 11 32 15 12 45 22 8 30 3 26 37 32 45 25 11 0 40 
3 28 26 33 1 26 25 15 6 37 5 28 24 50 23 28 37 43 20 35 10 30 4 45 16 32 0 
28 0 41 42 26 4 23 49 14 35 6 48 26 22 36 7 1 7 8 17 30 7 3 3 9 45 2 
6 26 0 30 24 25 31 17 20 48 34 23 30 34 33 30 10 15 18 31 12 22 34 29 10 23 46 
28 36 26 0 25 39 34 31 2 17 23 35 11 32 17 9 3 39 23 29 27 25 35 1 47 39 36 
28 34 31 23 0 48 21 2 29 3 32 44 23 46 39 50 32 16 7 26 4 37 14 4 19 46 6 
31 47 22 44 36 0 30 37 3 6 47 22 45 26 15 10 3 14 28 10 16 27 40 27 43 20 45 
21 35 50 15 31 12 0 27 42 40 5 7 10 47 14 36 44 33 3 11 21 31 12 44 34 50 26 
10 30 30 42 20 29 25 0 41 10 2 4 42 17 10 18 34 25 6 46 5 32 46 30 34 8 25 
32 49 14 9 42 17 15 5 0 3 47 13 48 36 28 36 6 5 34 41 42 37 2 3 48 37 39 
38 45 45 14 50 47 34 46 48 0 26 28 1 11 37 27 13 7 22 22 27 20 18 20 26 42 47 
43 17 39 30 46 17 22 3 29 20 0 10 40 48 17 15 41 31 10 29 5 24 4 15 24 46 32 
27 10 19 20 26 19 23 4 4 18 8 0 18 31 11 29 9 9 8 3 17 24 5 13 30 38 11 
48 37 23 40 3 15 35 14 41 13 34 10 0 45 41 17 44 13 47 34 14 29 18 27 15 46 8 
22 29 8 22 48 40 33 16 22 36 31 15 16 0 43 34 17 21 17 25 49 13 12 50 31 43 17 
47 25 32 30 11 9 44 45 44 6 7 19 15 45 0 27 29 20 32 13 49 31 41 31 13 48 10 
40 47 45 10 29 28 30 31 43 9 35 42 26 23 21 0 21 50 28 11 2 2 31 23 35 43 19 
19 44 36 6 44 20 33 1 19 48 1 35 28 29 40 34 0 2 19 45 29 6 41 29 11 42 3 
2 47 9 10 25 11 17 10 10 36 46 38 15 15 9 26 5 0 23 21 16 50 32 12 18 29 4 
40 15 14 28 15 26 15 41 18 37 42 9 24 41 18 18 20 5 0 39 15 5 30 20 31 37 6 
41 26 4 21 35 42 31 21 21 3 47 32 21 21 23 24 48 23 34 0 46 50 30 49 33 12 8 
29 15 50 10 46 34 42 10 36 39 38 48 2 1 28 3 20 15 22 39 0 34 18 42 31 33 47 
47 41 7 11 28 22 9 28 13 17 22 12 8 14 40 12 36 35 36 50 22 0 33 18 48 11 34 
11 24 24 11 24 20 27 49 37 2 4 25 11 17 40 25 39 12 32 9 8 9 0 50 22 33 8 
45 33 26 15 24 9 50 45 11 36 4 2 44 3 35 9 27 39 9 11 24 20 11 0 48 45 6 
17 3 27 2 24 2 29 16 25 45 24 23 28 45 25 17 6 4 21 37 19 30 24 49 0 32 11 
14 23 35 26 22 29 20 18 43 48 18 9 12 2 24 28 28 41 36 5 11 14 36 7 14 0 7 
27 9 38 37 29 28 21 13 39 7 32 49 23 45 3 11 2 28 49 47 43 19 14 42 2 34 0 
14 0 27 1 50 37 29 13 16 2 11 31 6 20 41 39 49 14 18 47 30 19 41 2 50 12 9 
8 17 0 15 8 45 47 36 46 15 44 13 39 20 4 36 7 44 43 31 47 8 9 9 45 6 47 
45 22 15 0 23 25 1 39 29 21 47 2 45 16 34 21 24 26 46 36 26 48 44 44 12 48 10 
20 16 1 49 0 9 20 3 49 2 14 31 42 19 12 1 41 33 40 6 49 27 47 26 35 33 13 
9 31 49 2 29 0 4 26 16 32 23 29 22 38 32 43 18 33 7 44 35 28 25 25 8 11 4 
6 49 34 23 40 17 0 17 46 12 22 1 50 36 28 17 4 31 28 13 11 2 25 7 9 15 20 
42 49 36 35 6 42 42 0 25 48 27 32 9 33 13 6 43 21 21 18 33 22 16 19 24 44 48 
45 1 2 32 43 25 9 21 0 25 19 10 28 16 10 9 12 30 40 22 22 45 1 5 10 4 36 
42 32 49 26 30 12 41 9 47 0 41 23 17 35 8 1 13 38 38 33 44 5 8 25 10 37 29 
3 23 3 45 46 43 28 7 33 27 0 23 50 39 48 38 8 13 18 39 14 6 15 22 33 14 18 
27 11 31 34 8 39 39 2 10 18 7 0 3 46 30 39 28 25 25 40 38 50 36 7 48 46 7 
21 24 24 39 2 20 31 29 17 18 27 49 0 20 35 11 37 39 20 2 10 23 10 25 28 40 48 
44 26 18 42 5 34 39 1 18 16 29 21 17 0 38 22 17 14 22 2 27 5 6 27 13 47 37 
47 37 35 12 49 46 50 5 26 6 12 26 13 44 0 11 19 18 46 9 18 3 14 38 6 46 4 
27 14 43 39 49 5 45 18 37 3 17 6 18 33 22 0 13 12 17 6 39 9 9 16 37 38 32 
5 30 35 33 49 30 16 45 19 36 12 38 7 7 32 45 0 7 9 2 12 28 26 46 41 3 21 
50 8 45 19 48 6 1 17 1 15 34 5 4 38 41 23 15 0 36 1 25 11 50 8 14 2 8 
35 27 5 29 34 45 31 28 30 9 50 1 39 7 37 40 7 17 0 12 3 5 15 22 5 12 10 
40 29 11 50 1 31 17 40 21 24 13 22 31 40 25 27 8 32 24 0 14 48 44 38 21 44 41 
3 50 4 21 6 50 18 24 5 3 17 30 8 19 34 50 37 13 28 35 0 36 23 29 28 8 40 
32 48 13 46 41 41 7 10 29 17 36 1 19 13 5 8 35 22 10 28 24 0 5 31 49 8 26 
44 9 6 30 22 26 13 17 19 20 12 9 12 27 24 49 41 17 14 36 45 15 0 30 29 39 7 
19 31 16 28 18 15 39 16 48 48 5 49 46 11 39 3 45 36 46 26 11 34 4 0 26 15 14 
36 22 31 30 30 27 42 16 8 32 1 42 3 47 21 47 29 26 44 42 22 3 48 43 0 20 45 
33 13 47 35 27 41 13 4 30 17 35 19 19 29 8 31 3 7 2 4 33 50 5 14 5 0 29 
32 23 43 33 24 39 10 35 44 30 20 23 5 11 29 49 18 5 13 11 8 16 35 41 50 42 0 
41 0 16 12 34 8 33 30 49 9 41 12 48 43 47 9 34 35 28 12 30 2 42 26 35 33 1 
2 44 0 22 16 39 2 33 33 48 45 24 11 22 37 44 7 2 39 37 20 12 16 3 24 32 7 
30 21 40 0 50 41 28 1 7 32 36 28 44 2 11 15 11 50 15 11 24 7 25 37 46 40 38 
48 13 40 36 0 42 48 34 33 22 13 43 48 4 47 10 15 6 8 29 9 37 27 6 2 17 38 
13 8 1 5 34 0 45 11 4 30 39 18 46 45 30 10 20 39 3 18 2 11 15 15 42 20 30 
17 31 1 22 8 39 0 20 4 36 27 32 18 29 49 37 1 17 22 48 11 14 49 50 18 38 3 
34 15 28 49 44 9 36 0 4 28 30 3 8 31 29 26 41 45 34 38 21 24 20 16 11 48 44 
44 10 17 19 32 34 34 5 0 6 5 27 38 33 24 33 26 21 7 48 9 41 20 35 23 5 17 
30 18 30 15 50 17 1 1 16 0 26 38 10 49 20 25 27 24 21 15 8 1 15 39 49 49 9 
13 39 4 25 25 44 15 16 5 17 0 26 41 6 10 37 33 9 7 38 12 9 29 35 14 46 14 
9 47 16 16 29 31 17 41 4 12 48 0 41 2 44 46 33 16 9 1 33 15 5 21 18 7 33 
11 37 50 35 5 40 30 11 36 18 50 39 0 38 46 25 16 6 26 36 18 5 45 17 27 13 27 
14 13 49 4 26 48 9 47 20 30 41 19 7 0 8 12 41 8 28 33 27 21 6 8 50 49 45 
33 39 28 17 21 24 23 29 26 17 13 33 43 2 0 31 42 26 46 25 37 20 28 7 15 37 39 
44 37 7 9 5 50 6 31 16 21 20 4 9 17 47 0 29 33 45 29 26 36 31 47 29 31 13 
26 12 26 5 32 13 30 32 31 36 23 18 12 14 27 12 0 37 10 23 22 37 8 41 41 46 13 
36 11 4 13 41 28 29 43 24 44 5 12 39 7 24 28 37 0 12 7 16 33 16 49 24 45 37 
7 9 26 18 22 35 10 20 27 19 29 18 46 45 40 20 40 34 0 7 25 21 16 48 10 21 30 
35 31 30 21 13 30 19 4 21 20 17 7 22 21 3 20 30 5 49 0 20 16 12 27 14 27 15 
18 20 17 42 11 17 47 43 1 30 41 7 7 50 49 43 25 20 4 33 0 13 37 23 2 36 44 
12 2 14 24 5 17 45 48 12 49 38 30 10 1 10 29 20 23 30 24 49 0 50 21 23 38 7 
11 44 3 32 48 15 6 18 5 46 29 28 26 25 12 10 38 1 6 45 10 3 0 23 34 17 50 
22 13 45 13 31 41 36 48 6 1 45 31 1 23 24 43 46 15 50 43 48 6 12 0 39 12 21 
18 43 47 8 21 20 15 49 43 44 23 43 15 39 42 28 19 11 15 7 50 33 21 18 0 8 9 
34 25 2 17 1 6 1 10 24 44 1 49 31 25 17 3 30 31 20 3 50 12 1 20 38 0 1 
24 5 22 36 22 29 1 13 37 41 47 27 44 17 42 6 16 49 28 20 31 41 41 47 3 41 0 
49 0 5 9 22 24 32 30 50 32 47 39 38 22 22 49 18 39 27 7 4 38 3 12 45 47 3 
43 18 0 21 34 14 25 33 32 31 46 4 15 18 15 47 45 35 46 17 28 28 6 22 14 2 15 
41 50 4 0 47 44 14 25 21 40 13 30 48 33 14 6 40 42 3 14 24 9 42 8 44 18 16 
29 20 26 37 0 46 7 33 50 35 33 29 35 3 41 41 47 26 35 16 38 14 3 22 38 15 20 
50 28 6 49 43 0 11 29 28 36 6 46 3 17 23 16 33 30 23 12 7 50 24 34 13 17 24 
28 31 3 26 48 39 0 23 27 8 6 44 37 41 19 6 26 5 36 2 23 18 43 22 31 24 49 
27 8 21 26 44 44 33 0 19 33 48 25 11 8 8 31 41 15 11 40 44 32 43 2 24 20 49 
11 44 6 36 9 23 3 49 0 13 15 7 32 12 1 4 22 37 8 2 45 28 45 43 28 29 12 
42 31 18 34 7 47 7 45 33 0 39 14 48 40 2 9 9 45 16 34 33 49 39 40 10 7 44 
23 26 21 17 1 29 7 48 32 22 0 32 29 9 10 26 17 19 15 9 40 19 50 37 20 50 28 
44 46 14 3 42 8 27 14 25 32 25 0 16 39 36 41 43 21 37 27 17 8 24 8 32 21 25 
2 17 25 24 39 2 18 24 35 11 34 29 0 31 25 2 45 36 45 43 3 27 24 49 27 30 50 
44 34 20 21 39 32 33 17 7 10 39 2 43 0 24 49 15 2 30 9 42 7 3 15 13 39 13 
40 18 48 29 18 48 45 40 8 34 5 15 23 3 0 47 14 19 42 6 35 3 20 4 13 23 20 
19 38 44 42 20 7 32 26 43 15 20 29 42 42 7 0 3 16 15 11 37 8 7 45 43 34 23 
8 4 11 20 15 35 6 49 30 7 46 17 15 48 33 47 0 10 33 44 41 50 15 28 50 5 39 
2 36 13 12 43 2 8 47 50 29 16 24 1 35 23 44 12 0 1 8 50 1 14 5 11 47 13 
49 44 23 43 26 12 16 26 33 21 37 18 14 45 9 18 48 4 0 32 37 33 10 18 7 4 28 
43 6 39 39 31 2 16 31 3 14 25 8 4 5 9 25 2 2 7 0 44 38 13 41 33 16 2 
30 11 30 40 26 16 40 49 19 10 37 45 41 36 3 33 43 46 44 41 0 1 27 29 8 8 17 
50 10 41 30 16 7 23 30 22 6 1 13 38 9 18 6 36 49 39 8 12 0 22 41 5 21 45 
39 26 2 3 32 23 32 10 17 30 9 40 45 30 22 11 14 48 32 30 8 35 0 23 45 42 31 
19 1 6 28 20 36 9 21 19 48 29 19 24 29 32 29 43 39 48 46 4 10 37 0 1 9 43 
24 42 37 5 4 7 12 2 4 32 5 39 10 23 31 25 12 24 33 45 25 4 48 30 0 43 34 
48 46 28 10 14 6 20 27 13 18 34 14 45 22 8 22 25 50 24 5 29 25 16 29 48 0 13 
18 14 19 20 44 7 13 20 9 17 25 45 18 50 20 34 11 14 41 48 30 11 38 3 29 49 0 
7 0 38 5 24 30 49 12 2 38 6 8 43 24 28 2 26 14 41 48 30 32 25 35 46 15 2 
39 1 0 33 7 26 17 42 45 1 25 15 36 37 26 34 17 12 14 26 18 40 14 46 5 48 48 
5 49 18 0 32 4 10 10 29 10 11 19 32 30 42 2 29 27 28 11 29 5 22 47 16 14 22 
20 47 13 26 0 5 29 9 29 12 43 28 20 22 5 26 9 17 23 48 31 34 34 17 11 37 19 
44 20 43 33 3 0 2 19 32 40 14 16 35 7 41 23 2 31 10 2 8 7 6 3 46 6 24 
19 34 38 37 30 2 0 40 37 35 40 36 29 40 27 2 40 16 13 43 32 17 7 8 33 4 8 
10 29 13 39 17 47 27 0 30 34 35 45 4 34 14 46 21 6 34 16 2 20 26 7 17 41 41 
4 25 8 12 26 6 34 23 0 43 11 24 47 23 39 2 11 43 17 46 12 29 29 37 46 1 25 
18 2 38 35 23 46 48 27 44 0 3 22 22 10 39 21 12 22 35 47 10 11 27 50 10 33 41 
22 30 12 25 38 12 11 1 39 32 0 35 9 38 29 50 46 46 50 39 21 7 7 41 18 8 3 
50 42 14 41 2 29 2 33 24 19 16 0 20 16 10 12 9 1 39 27 13 47 18 11 16 32 1 
21 12 34 16 39 44 17 36 13 20 38 48 0 31 6 8 6 6 31 30 26 34 29 10 49 6 3 
41 46 6 32 32 48 10 1 9 40 50 9 30 0 23 4 31 48 43 21 4 8 22 6 42 13 30 
37 6 18 42 3 35 11 37 3 21 30 31 39 40 0 39 31 48 18 7 48 2 8 23 4 32 18 
28 2 45 20 40 15 20 2 12 5 34 18 38 15 48 0 44 20 33 1 18 4 32 16 28 24 39 
35 16 29 30 33 14 11 36 8 9 42 33 31 16 12 37 0 29 34 47 31 31 42 50 8 38 41 
3 15 14 47 37 17 47 2 30 4 24 33 22 20 7 2 8 0 40 3 38 2 35 6 18 3 32 
31 44 8 44 17 22 42 42 11 47 22 11 22 25 37 30 37 8 0 14 46 13 28 24 29 35 10 
6 50 40 19 9 47 44 5 37 3 45 36 38 3 41 31 10 11 30 0 47 18 28 1 23 49 48 
5 8 20 4 21 30 10 7 17 43 3 43 38 26 18 17 39 34 35 1 0 21 12 6 32 18 13 
49 38 42 28 49 18 20 12 43 37 36 33 33 16 27 31 36 49 29 17 24 0 5 30 1 39 18 
38 49 27 43 3 38 36 8 31 22 15 39 44 35 24 27 34 32 32 7 2 20 0 24 40 26 7 
4 2 40 45 8 41 40 32 31 22 35 50 34 48 48 25 35 6 17 48 6 44 44 0 47 22 49 
20 33 16 18 25 38 18 46 34 35 19 36 14 24 49 12 5 2 43 34 48 35 10 27 0 35 19 
24 28 2 11 8 43 24 10 22 8 17 13 47 47 32 39 14 13 7 49 42 43 49 44 39 0 42 
5 38 2 36 24 40 33 7 14 41 44 24 27 26 13 5 3 42 46 42 5 46 3 9 21 47 0 
20 0 36 28 32 29 9 22 17 39 37 8 37 35 27 30 41 34 42 45 41 37 32 37 37 40 8 
48 47 0 38 9 35 43 15 27 20 47 29 32 12 36 2 11 37 27 48 16 8 19 13 14 12 11 
14 31 10 0 38 50 41 42 22 11 25 30 31 2 15 22 8 8 33 13 2 31 10 39 27 46 10 
40 24 1 30 0 35 24 47 25 30 35 18 32 48 38 41 41 25 28 32 7 25 33 45 50 12 30 
2 11 31 5 42 0 33 43 40 2 18 22 32 41 6 34 28 36 37 41 26 36 25 12 41 35 12 
46 40 35 7 30 1 0 19 6 22 37 44 26 43 35 40 8 36 23 19 44 37 26 23 48 47 8 
10 36 44 28 49 41 20 0 31 38 4 6 45 39 22 13 35 35 47 34 11 44 6 37 29 39 40 
22 41 25 21 17 38 11 22 0 41 33 12 44 39 4 6 13 47 36 3 42 35 48 31 3 41 26 
14 36 15 5 50 16 40 9 19 0 29 6 18 37 18 35 17 31 31 23 42 9 31 6 32 9 1 
26 48 6 24 10 23 30 41 24 25 0 8 37 34 47 5 30 35 27 7 30 49 35 7 18 17 1 
30 50 18 34 31 33 46 49 40 43 4 0 45 20 34 38 46 45 11 9 45 48 26 37 30 46 29 
25 30 2 42 41 38 8 10 43 31 24 40 0 44 25 42 35 8 13 27 41 8 24 43 4 40 47 
9 22 4 4 13 38 39 3 9 16 47 48 2 0 16 38 10 41 8 23 6 17 34 4 13 19 25 
3 6 22 2 38 49 2 45 29 36 7 40 18 36 0 1 42 17 26 39 11 11 11 3 48 33 35 
31 35 30 26 19 41 36 38 36 34 31 7 29 48 47 0 8 38 3 4 2 40 37 5 25 18 29 
24 9 15 43 3 24 19 3 18 17 15 4 17 16 4 31 0 1 18 11 10 47 41 14 4 24 1 
44 32 46 45 31 6 9 41 17 28 24 43 31 8 38 26 30 0 30 44 34 36 39 48 10 36 37 
14 8 32 34 45 12 20 2 30 38 8 24 37 10 46 27 49 27 0 7 9 37 4 22 22 11 35 
11 40 16 6 34 37 10 44 42 1 10 34 34 13 23 29 28 1 19 0 7 43 34 39 9 40 22 
3 28 50 11 36 11 23 10 2 31 37 25 4 22 15 44 18 45 18 15 0 43 45 36 9 27 22 
3 5 43 27 2 8 16 13 34 32 44 32 16 50 11 25 11 43 43 3 47 0 48 43 49 17 44 
41 26 29 8 42 42 34 14 8 19 17 25 29 30 9 42 38 33 1 37 30 19 0 4 19 34 43 
16 24 25 5 12 44 10 8 17 41 35 26 41 2 48 2 42 43 8 37 14 14 45 0 6 10 10 
49 30 15 23 22 10 24 49 26 11 39 3 8 24 15 22 13 18 8 12 43 49 40 28 0 28 12 
12 48 30 3 30 20 45 2 45 31 43 45 20 25 2 42 26 38 14 39 36 34 22 43 1 0 27 
49 49 18 1 41 38 45 10 49 27 20 24 31 20 9 6 30 35 29 19 49 33 11 1 23 2 0 
15 0 39 27 28 27 37 2 3 22 47 34 44 40 6 50 11 27 26 22 3 7 45 31 30 5 37 
14 33 0 29 16 38 18 29 40 24 7 34 21 50 33 22 28 48 12 22 36 45 24 19 39 7 35 
29 20 45 0 20 9 47 24 41 24 19 25 6 9 17 16 1 32 44 28 6 27 39 31 29 47 19 
9 20 42 41 0 15 40 10 4 39 9 45 4 48 37 48 10 10 4 4 43 3 6 20 45 42 26 
12 1 8 40 40 0 17 24 40 39 4 49 33 5 35 47 6 28 7 7 29 46 41 9 18 30 28 
26 4 17 3 50 48 0 49 40 29 9 46 50 19 29 30 9 49 44 11 27 50 19 47 48 28 13 
38 13 30 21 43 41 11 0 13 41 21 24 36 5 2 35 16 7 38 10 29 39 29 49 38 42 15 
7 3 28 8 7 19 26 37 0 10 36 10 8 16 6 39 7 38 10 36 14 39 10 43 35 12 9 
39 50 25 10 14 43 29 28 35 0 9 35 34 14 5 10 19 42 49 6 49 22 5 41 32 41 40 
2 29 26 47 10 44 46 49 30 27 0 12 50 23 17 30 39 21 31 23 5 46 31 4 21 19 45 
29 14 37 35 9 44 20 25 41 50 2 0 38 49 41 38 16 25 34 7 42 26 39 20 34 34 11 
10 36 45 22 26 5 29 15 16 32 12 46 0 18 18 31 49 26 30 37 34 32 32 18 31 6 20 
15 27 19 40 45 3 1 49 35 34 30 20 25 0 47 10 35 26 6 4 30 17 39 12 28 13 40 
48 1 29 29 19 14 16 7 41 3 47 26 38 9 0 45 19 34 47 19 7 5 40 25 48 6 12 
27 27 3 26 15 41 28 5 6 1 20 7 15 17 4 0 18 7 7 39 1 18 46 35 49 5 15 
10 7 36 9 27 32 23 7 37 40 4 15 38 6 48 33 0 4 45 49 28 33 2 3 37 34 18 
9 5 44 32 42 4 22 50 32 21 20 48 25 38 34 9 30 0 15 15 42 19 33 3 35 42 41 
1 28 33 8 4 49 25 9 24 18 13 6 48 50 44 38 25 28 0 14 7 20 11 44 24 23 39 
23 42 49 26 3 9 40 2 4 45 18 24 18 22 23 17 15 17 46 0 25 17 15 48 32 9 26 
22 36 22 40 34 9 36 16 26 34 10 48 16 4 16 46 47 50 21 1 0 10 42 34 4 46 28 
29 49 22 9 44 18 18 27 38 4 31 14 11 9 39 3 47 40 7 18 1 0 42 9 22 18 49 
11 9 17 30 3 18 45 6 31 37 44 17 40 43 31 39 17 12 16 33 39 12 0 13 8 46 45 
47 28 28 38 40 1 41 46 7 9 11 8 2 13 20 6 29 2 9 30 1 14 38 0 12 25 48 
6 36 10 49 46 9 34 8 21 17 29 43 47 44 26 44 36 22 29 10 10 4 14 34 0 34 12 
49 17 45 34 41 16 13 43 45 6 36 9 14 2 24 45 42 3 28 36 5 16 5 7 29 0 17 
34 16 38 3 22 27 16 34 11 18 14 38 26 14 30 4 49 20 8 28 8 27 36 16 12 11 0 
6 0 48 7 34 12 39 5 25 32 48 6 43 35 10 44 30 42 6 31 4 27 15 6 1 17 35 
49 1 0 9 7 31 22 41 12 22 18 28 27 6 26 33 2 32 33 49 6 36 49 35 28 35 30 
35 8 34 0 42 42 7 17 28 40 4 16 25 18 34 2 23 38 26 3 16 50 6 21 26 33 24 
3 12 50 50 0 17 31 23 1 37 34 28 30 26 22 11 29 36 30 37 8 16 15 5 13 11 9 
26 20 30 30 37 0 9 10 19 4 6 29 41 38 35 3 17 47 19 46 9 1 32 6 22 20 42 
40 26 9 38 7 37 0 39 8 6 3 21 8 47 20 21 8 18 5 1 46 42 2 5 49 18 36 
18 3 9 45 15 9 10 0 46 20 35 10 16 49 42 3 30 30 50 47 40 23 26 39 43 14 1 
21 25 1 38 21 11 20 21 0 20 36 50 11 38 12 48 2 1 37 48 2 6 9 43 13 22 5 
2 29 14 42 15 16 31 15 38 0 35 46 32 14 50 47 29 22 17 31 19 13 35 42 22 25 2 
45 13 45 13 32 39 17 16 9 42 0 7 28 22 34 31 24 25 14 6 20 23 49 6 28 38 27 
32 3 43 18 38 43 17 13 21 19 20 0 26 3 8 15 49 41 5 22 44 45 47 39 39 11 29 
16 6 30 47 7 17 25 6 7 14 23 42 0 5 15 11 10 13 13 4 49 11 49 5 24 8 1 
7 44 33 36 15 5 7 9 28 12 33 25 12 0 3 1 48 2 2 26 50 1 8 33 36 34 26 
35 13 18 17 2 6 39 7 11 32 24 21 50 19 0 36 46 37 50 27 39 2 1 48 13 48 4 
48 9 50 50 11 47 3 39 20 45 42 12 11 28 36 0 5 43 20 25 31 3 8 14 6 21 34 
9 45 25 34 15 6 19 48 8 30 7 11 22 27 19 11 0 50 41 5 26 40 50 3 47 9 29 
39 18 2 41 45 45 29 27 39 8 15 36 30 37 43 13 20 0 7 49 33 48 49 13 42 9 23 
2 46 45 9 42 29 26 37 17 2 47 18 35 13 32 45 38 11 0 47 14 12 19 33 28 31 47 
49 26 31 40 5 10 32 22 44 34 33 30 16 37 10 44 20 42 16 0 3 22 37 1 4 11 2 
46 46 12 34 13 18 29 46 31 1 6 28 47 38 36 13 19 48 12 9 0 46 11 5 19 50 41 
12 29 26 12 26 28 29 4 15 37 11 11 21 16 1 21 7 10 39 43 46 0 29 17 9 18 3 
42 3 7 36 41 44 35 23 6 1 20 19 26 28 49 44 23 50 3 9 28 46 0 8 25 5 45 
31 7 46 33 12 17 45 23 37 26 47 30 46 18 27 49 11 1 1 39 35 11 44 0 3 6 18 
7 9 26 46 46 33 32 47 13 28 27 23 39 4 24 3 42 23 47 44 4 36 33 29 0 36 8 
24 17 11 20 14 44 28 45 11 37 47 41 31 15 48 50 5 50 22 38 12 48 15 32 20 0 22 
6 13 14 22 26 48 11 39 9 16 36 44 14 34 46 45 44 37 7 1 42 33 46 4 31 34 0 
7 0 48 46 27 2 30 50 43 38 16 31 39 11 50 31 43 6 33 15 11 36 38 43 17 5 29 
25 19 0 30 24 17 11 41 43 41 13 43 33 14 7 44 22 47 31 15 5 26 8 21 50 27 13 
40 20 49 0 19 6 30 23 24 5 31 13 15 49 21 49 19 9 18 50 24 20 8 17 14 42 13 
3 1 3 18 0 49 30 47 4 21 21 44 22 7 14 11 41 2 13 9 33 32 44 6 8 49 3 
1 4 44 33 3 0 35 28 44 27 22 22 37 33 34 18 46 1 28 25 37 12 37 14 29 7 5 
5 9 31 10 45 45 0 19 46 30 44 10 39 18 10 45 14 37 39 20 15 31 26 15 36 44 29 
33 13 42 14 40 16 26 0 49 30 19 13 18 28 27 19 37 5 25 36 13 10 16 43 49 50 26 
10 42 24 30 45 45 16 17 0 13 7 5 16 4 45 13 20 30 27 1 20 12 44 47 45 22 41 
1 32 19 17 21 44 14 15 7 0 35 26 50 25 18 2 11 14 12 32 39 21 42 50 41 36 17 
48 31 14 16 45 30 8 4 45 35 0 48 46 37 12 2 39 39 28 44 30 2 33 18 1 30 36 
13 34 21 10 32 29 32 4 46 34 1 0 41 41 47 43 22 24 18 14 18 25 21 38 32 3 23 
47 6 15 16 14 14 37 9 17 25 34 36 0 4 20 15 33 16 19 38 49 37 48 38 31 10 1 
37 12 11 42 46 39 7 9 32 26 40 31 21 0 37 4 32 30 18 39 38 15 45 3 43 5 19 
45 5 36 50 18 34 7 13 28 25 49 25 29 45 0 30 45 38 40 43 36 49 1 45 5 18 21 
43 22 37 43 9 19 38 28 44 3 24 33 8 6 24 0 8 10 30 34 6 39 44 9 20 7 14 
50 20 21 44 10 31 33 48 42 35 27 35 16 30 38 2 0 1 28 22 6 32 38 13 41 42 16 
22 13 33 50 14 17 37 46 19 18 7 1 43 43 50 11 15 0 39 31 25 14 4 18 37 43 31 
49 1 33 13 8 31 3 44 10 21 15 42 22 10 49 21 11 20 0 46 1 35 29 6 21 23 24 
11 17 3 18 45 47 7 33 18 36 14 7 11 27 48 49 33 30 47 0 23 18 21 27 44 44 49 
41 42 47 20 45 12 41 34 21 37 42 43 26 19 35 39 42 14 7 5 0 9 20 3 37 47 26 
25 50 6 40 40 9 25 47 6 16 37 49 41 3 17 27 7 12 7 41 5 0 28 38 29 29 14 
37 39 40 22 40 10 24 20 37 41 29 31 47 34 19 30 14 20 3 44 23 5 0 38 33 14 42 
30 6 22 47 12 27 11 27 23 36 7 34 27 27 25 22 16 26 49 26 15 24 23 0 25 15 18 
27 35 41 32 1 8 8 48 31 19 48 40 29 2 21 21 12 33 23 30 44 26 20 2 0 40 13 
34 39 28 7 34 48 33 44 1 26 36 41 35 50 26 29 47 7 25 26 48 48 5 44 13 0 40 
2 35 25 1 16 40 43 39 24 20 21 24 36 1 8 35 1 45 36 21 48 23 4 16 30 14 0 
28 0 14 16 37 34 34 45 44 46 48 20 50 11 46 49 47 27 7 9 23 21 24 19 13 47 10 
9 42 0 43 30 32 9 22 2 13 29 24 37 37 37 30 42 5 10 16 2 35 40 23 2 47 48 
7 8 43 0 4 46 4 41 24 26 3 2 17 17 11 28 9 33 20 23 40 21 22 43 30 19 10 
47 45 25 19 0 19 41 33 35 3 15 10 10 34 21 47 13 12 27 41 39 43 5 24 27 7 3 
29 7 27 36 15 0 14 35 37 7 46 49 7 35 11 34 33 9 14 49 24 37 3 43 9 10 16 
39 31 17 42 22 49 0 12 16 13 26 8 17 1 46 25 47 14 2 14 6 43 31 6 10 47 11 
29 34 17 27 15 19 27 0 49 26 5 20 15 24 1 45 19 49 8 26 43 14 3 49 40 39 42 
45 5 24 9 25 8 46 12 0 20 29 50 36 12 39 41 2 21 21 28 50 28 13 11 25 32 48 
35 4 47 26 35 27 38 23 25 0 22 26 18 30 12 19 13 32 17 19 13 47 38 3 12 33 28 
13 40 14 33 45 50 27 28 24 43 0 15 45 44 24 49 39 15 19 27 4 42 16 32 16 32 44 
6 20 1 47 2 35 44 7 15 49 10 0 42 28 26 41 3 39 27 48 37 24 46 15 8 23 34 
36 29 37 47 8 49 1 1 44 8 27 27 0 41 30 1 37 9 50 30 23 41 1 14 39 27 5 
18 45 21 11 6 44 25 18 50 16 21 19 41 0 12 41 27 33 34 26 13 36 19 36 37 37 15 
29 1 44 36 16 48 20 4 31 7 31 34 2 34 0 2 24 31 36 17 41 10 18 32 14 19 30 
14 15 20 50 9 34 24 42 15 25 25 15 50 23 49 0 38 31 35 47 49 32 43 11 13 39 1 
21 46 5 11 19 30 17 36 35 5 34 32 48 48 11 11 0 19 28 49 16 37 45 42 22 37 47 
18 21 49 21 4 8 11 9 13 28 37 4 6 45 48 15 38 0 44 4 50 38 49 39 21 24 33 
14 23 15 27 4 33 24 22 13 47 38 14 2 27 21 39 36 33 0 25 15 23 5 19 22 7 48 
19 38 10 19 32 28 48 21 44 39 45 36 24 4 31 35 33 1 27 0 24 43 28 29 49 14 6 
47 9 11 10 4 43 20 7 15 37 12 44 15 10 17 31 33 32 44 50 0 9 21 35 39 22 19 
45 34 6 42 9 11 6 27 32 39 11 35 35 3 16 18 39 44 23 40 36 0 18 7 13 45 47 
5 15 48 26 25 23 38 36 48 37 2 24 28 1 38 39 29 29 20 49 48 42 0 34 41 33 41 
16 32 33 28 27 43 48 12 7 42 29 6 15 39 47 50 6 29 17 16 17 22 2 0 47 39 29 
43 46 50 14 31 7 44 34 7 7 3 20 11 9 27 16 45 47 10 24 15 32 3 48 0 37 5 
25 18 25 45 31 37 40 49 1 2 12 43 11 23 13 31 33 41 47 36 19 9 39 1 27 0 5 
37 15 15 11 44 3 28 26 32 27 9 12 27 17 31 13 8 25 5 3 37 38 11 34 50 12 0 
1 0 1 37 16 29 25 18 26 50 25 34 40 9 10 16 36 41 37 23 21 15 31 6 7 1 14 
47 25 0 19 50 4 31 12 32 2 27 40 17 48 35 45 1 18 6 29 18 17 45 37 2 47 25 
12 29 48 0 21 46 31 15 15 29 43 7 50 21 4 29 27 9 40 46 25 39 39 27 14 13 50 
28 34 47 2 0 39 18 4 30 20 33 34 31 31 10 2 34 6 2 45 19 36 26 39 41 37 48 
6 22 37 23 3 0 35 9 47 3 32 18 27 5 40 46 42 34 46 43 28 9 37 24 6 33 26 
20 45 15 3 45 7 0 15 41 12 32 43 47 31 50 23 35 7 20 16 29 47 5 23 44 42 44 
49 9 40 20 49 32 41 0 27 16 15 32 1 38 12 12 14 28 14 49 37 16 43 6 25 30 5 
40 4 29 15 22 21 11 2 0 9 7 2 43 34 12 7 4 35 8 3 7 32 5 17 33 28 10 
45 6 28 6 4 16 40 44 42 0 38 49 1 44 11 40 37 3 6 13 35 30 38 31 12 9 48 
22 24 23 36 37 46 38 13 26 6 0 24 3 3 37 4 41 20 19 6 34 15 43 17 46 2 12 
21 44 30 8 25 16 47 6 44 17 22 0 7 1 3 14 31 35 35 13 50 3 26 32 40 18 12 
7 25 34 29 7 27 34 26 26 45 33 19 0 31 9 7 48 43 38 19 14 18 4 21 34 8 33 
34 2 9 45 12 40 41 13 10 22 23 15 10 0 46 24 26 28 20 48 17 5 5 44 6 34 44 
22 5 45 4 5 50 22 25 43 32 17 31 33 44 0 28 18 49 35 26 28 28 24 40 43 26 1 
36 41 29 30 8 3 12 18 19 37 19 6 18 24 44 0 36 3 42 9 47 38 5 40 37 6 9 
31 6 17 49 15 3 28 4 14 31 46 14 25 15 20 15 0 26 41 50 43 18 2 35 42 21 49 
34 30 14 32 2 42 24 49 23 6 2 21 23 17 29 14 10 0 13 40 39 18 45 28 24 30 49 
38 13 42 29 22 26 28 16 19 49 41 32 30 5 41 26 42 14 0 14 6 19 33 15 5 43 22 
2 33 32 39 3 41 3 3 5 11 8 45 35 26 43 8 48 31 24 0 28 33 36 49 43 4 14 
10 25 30 5 49 38 36 50 25 45 34 30 47 50 30 27 1 30 18 48 0 30 38 13 12 35 35 
32 15 39 16 35 40 36 39 31 29 23 50 13 21 9 35 2 49 24 19 35 0 24 49 7 36 20 
25 6 35 23 12 19 21 15 7 22 11 9 11 45 44 8 19 2 4 1 17 48 0 39 45 37 14 
39 17 1 8 17 33 31 16 15 30 4 9 17 5 30 49 15 38 24 43 38 30 25 0 27 5 47 
3 35 3 28 18 41 36 48 31 5 14 49 5 29 29 46 30 14 5 11 35 50 22 18 0 34 2 
21 45 26 10 42 24 3 20 30 46 13 38 13 14 23 19 25 25 35 16 33 46 14 43 50 0 11 
23 45 12 4 14 35 45 16 20 42 23 22 13 41 46 35 49 34 33 42 2 41 38 17 25 47 0 
33 0 18 20 26 31 34 10 32 2 9 8 27 33 28 44 48 45 32 47 4 13 45 20 48 47 31 
11 9 0 10 32 7 46 29 17 2 27 47 44 12 40 12 32 39 38 27 23 2 5 49 5 47 7 
21 22 35 0 39 49 22 29 50 23 2 22 21 3 13 48 16 27 18 2 1 21 8 42 32 6 33 
21 25 30 7 0 10 6 35 1 26 8 33 14 28 25 16 12 17 11 10 19 35 15 25 36 29 32 
3 47 36 13 30 0 3 33 17 2 4 21 17 42 17 36 2 38 41 34 13 40 28 35 10 41 31 
23 38 48 6 1 44 0 28 29 3 39 15 13 28 30 31 11 23 12 42 1 20 43 33 34 28 35 
3 16 42 26 12 27 23 0 50 31 45 20 46 4 27 39 14 15 47 38 25 13 4 32 29 5 24 
18 41 12 30 5 15 29 16 0 42 13 37 27 28 39 41 29 49 37 42 28 9 15 13 6 29 37 
46 3 22 49 34 14 21 39 9 0 32 38 2 41 6 18 38 36 26 27 38 20 49 34 35 5 46 
38 28 16 4 29 6 1 19 19 26 0 45 43 29 24 6 39 30 9 41 48 47 37 11 21 30 37 
29 42 17 48 20 38 44 39 26 44 24 0 6 4 33 1 22 38 42 44 43 48 4 32 31 20 26 
45 8 50 2 18 45 24 43 27 9 3 22 0 7 7 49 41 48 13 16 25 6 8 47 25 50 19 
27 38 39 26 11 36 28 44 43 37 39 25 27 0 29 33 12 6 43 20 16 36 37 44 7 7 19 
16 45 20 37 12 25 2 49 18 37 4 2 49 17 0 44 13 15 13 2 23 37 37 43 44 3 5 
6 34 34 41 44 32 19 43 21 34 24 7 26 14 24 0 28 12 47 9 4 44 4 23 23 23 32 
6 35 33 29 3 27 35 7 20 19 16 28 43 22 33 7 0 46 11 39 9 38 38 50 9 26 46 
36 49 11 3 11 12 18 12 27 35 10 43 31 48 22 19 45 0 5 13 34 4 37 22 38 8 13 
34 15 45 18 35 24 3 7 41 37 47 18 9 5 10 31 45 49 0 47 3 30 41 37 19 44 46 
47 43 43 49 28 23 45 48 28 4 18 10 50 37 41 24 8 36 22 0 28 46 8 25 23 43 23 
42 5 34 43 29 26 24 40 27 11 15 42 9 25 23 12 27 6 14 35 0 49 11 13 7 34 1 
48 17 50 40 18 20 7 5 32 40 15 35 26 42 37 10 10 31 9 16 27 0 48 5 35 31 19 
9 8 24 32 43 27 9 28 29 8 41 38 43 45 36 5 43 33 47 42 31 23 0 49 39 1 33 
48 19 24 50 12 16 9 50 12 50 31 50 48 38 26 48 13 29 20 23 39 14 31 0 23 5 22 
38 40 38 36 9 36 31 10 29 41 5 30 46 25 30 43 34 37 24 43 36 9 17 34 0 11 20 
19 29 45 35 38 1 45 40 28 20 12 26 41 46 20 38 10 36 43 33 34 46 43 46 30 0 45 
49 12 37 30 23 5 26 40 17 3 16 45 4 4 36 6 48 11 31 9 46 29 24 48 50 32 0 
41 0 28 37 24 36 49 5 44 3 33 4 49 47 7 1 1 30 17 23 15 32 40 48 28 49 33 
15 22 0 49 21 39 39 30 42 15 48 3 43 18 17 41 11 2 3 3 49 15 25 9 45 50 8 
26 35 50 0 1 31 10 26 3 35 33 45 32 45 16 19 5 42 4 49 37 50 6 25 22 38 45 
26 50 19 41 0 14 4 21 32 13 45 43 14 17 44 17 15 33 8 16 20 9 37 30 10 33 5 
47 13 8 21 11 0 28 14 36 35 26 35 45 20 42 11 14 3 25 12 29 37 5 20 36 24 17 
7 18 37 39 20 9 0 9 9 7 9 24 43 34 16 1 31 10 41 30 38 39 25 9 46 35 6 
48 5 19 42 43 22 47 0 45 21 46 50 46 6 26 37 11 35 3 40 11 41 47 28 6 46 29 
6 36 29 33 9 41 5 15 0 11 4 40 16 16 2 46 40 45 6 32 14 35 5 2 28 41 7 
6 24 15 2 27 14 47 14 17 0 12 16 39 37 9 42 42 15 33 21 20 38 38 16 2 2 23 
24 33 44 2 34 1 43 3 35 31 0 50 10 28 27 19 2 36 35 24 6 19 24 22 44 40 20 
7 21 20 19 8 14 50 5 40 15 20 0 15 28 16 47 34 24 11 42 6 6 45 1 36 2 32 
28 46 4 1 11 1 12 15 45 22 34 17 0 24 36 10 23 38 5 33 22 7 9 10 35 50 11 
3 35 15 13 21 35 17 27 37 4 1 39 4 0 20 3 13 21 26 50 7 38 6 46 33 7 46 
3 31 25 20 37 19 2 50 49 28 50 33 1 50 0 1 47 50 6 22 50 1 13 19 45 38 35 
36 43 23 47 39 32 6 25 32 36 3 18 18 33 37 0 4 21 25 13 39 25 1 7 42 6 41 
11 8 45 41 13 31 32 3 34 9 28 2 40 19 27 27 0 19 15 45 33 39 40 13 48 42 44 
32 50 11 35 36 32 41 49 22 49 30 42 24 22 36 16 49 0 29 27 20 36 45 12 49 32 43 
47 24 2 22 46 48 49 19 49 32 43 49 24 46 12 42 48 29 0 47 28 41 23 48 24 41 35 
21 23 9 37 38 12 4 43 36 18 47 50 4 33 44 5 24 4 24 0 1 6 32 8 45 48 34 
3 5 2 24 27 29 32 11 27 26 11 12 45 31 46 31 11 44 45 48 0 26 14 35 37 50 44 
1 41 29 40 16 14 40 5 10 50 42 12 42 19 18 43 6 18 44 12 10 0 43 5 25 21 14 
50 50 8 39 20 15 25 33 28 42 33 38 11 48 23 40 21 47 39 49 3 26 0 30 34 9 17 
44 39 34 8 36 4 19 2 14 40 47 22 30 27 38 9 41 27 11 19 8 47 39 0 21 23 9 
37 23 12 25 21 25 31 4 22 37 50 21 7 29 19 9 34 34 43 50 18 13 12 44 0 35 4 
24 40 9 48 50 13 36 27 18 47 40 40 20 23 42 26 5 2 9 21 21 33 1 50 13 0 6 
28 23 42 24 12 18 40 17 2 41 45 25 37 37 35 30 11 22 19 44 15 21 9 42 8 11 0 
