19
13
6 0 37 31 10 47 13 18 3 1 4 7 14 24 
40 38 0 42 45 24 26 36 29 45 12 16 10 7 
8 40 3 0 20 20 38 47 46 38 6 14 27 36 
33 45 38 48 0 12 45 47 46 21 18 16 13 35 
48 43 11 12 26 0 15 50 41 6 28 50 31 34 
20 18 28 2 33 28 0 18 38 44 42 41 48 50 
21 14 11 38 23 38 8 0 35 40 4 35 27 30 
50 28 46 27 17 39 17 28 0 26 29 18 19 35 
39 45 47 5 2 20 14 27 44 0 36 30 19 6 
13 24 50 30 14 44 25 3 29 41 0 43 17 25 
3 31 22 46 35 44 19 38 49 13 39 0 36 3 
15 14 4 6 42 17 9 11 26 44 29 46 0 16 
25 44 33 10 5 5 38 27 18 33 5 48 2 0 
37 0 50 19 14 11 11 45 11 29 12 50 23 49 
26 8 0 14 27 37 44 1 19 19 26 6 40 9 
34 48 27 0 48 31 49 8 41 31 10 43 13 34 
18 2 6 47 0 33 33 37 6 29 31 13 41 46 
11 48 33 18 24 0 13 25 2 28 47 35 32 31 
1 16 9 46 49 22 0 15 4 26 50 14 23 43 
23 3 4 5 18 14 7 0 35 39 10 9 13 36 
30 38 33 41 5 22 15 2 0 33 22 48 34 33 
42 26 43 35 49 19 46 31 41 0 23 48 23 30 
21 25 46 13 6 50 33 13 42 28 0 21 36 45 
43 8 42 41 32 7 21 36 22 32 43 0 4 12 
40 18 5 40 16 35 19 26 1 41 7 20 0 16 
48 2 21 1 49 23 50 5 27 38 40 50 42 0 
42 0 2 45 49 44 4 10 45 10 16 8 2 12 
37 18 0 19 42 18 35 21 16 10 20 15 22 33 
21 4 8 0 14 31 16 41 25 43 18 32 3 48 
4 11 22 38 0 37 13 49 37 36 33 36 35 21 
6 29 26 33 32 0 30 27 11 34 6 37 47 35 
43 12 38 44 1 37 0 39 21 32 11 44 22 34 
3 23 47 35 22 22 29 0 11 10 12 49 11 36 
3 26 37 20 6 36 41 2 0 21 38 49 43 32 
49 47 50 24 19 33 11 49 27 0 4 15 49 34 
15 18 25 33 50 40 33 15 35 14 0 34 12 6 
9 31 33 32 36 48 42 40 24 33 11 0 37 44 
17 50 38 26 22 23 21 22 21 24 27 39 0 38 
10 10 18 15 34 16 13 13 24 31 17 46 19 0 
17 0 8 44 42 36 15 47 7 24 34 28 9 42 
12 41 0 34 39 8 6 44 49 39 32 23 9 50 
45 25 31 0 43 20 22 31 4 6 14 28 29 39 
13 43 32 37 0 27 40 6 42 5 22 29 36 23 
11 3 21 29 26 0 22 33 36 20 22 26 31 14 
7 29 39 7 28 7 0 10 20 44 1 17 2 6 
33 3 8 41 3 3 8 0 47 11 28 33 27 39 
7 46 3 43 21 6 7 13 0 34 28 4 48 45 
23 26 4 18 2 4 27 20 39 0 31 28 30 20 
24 23 18 46 1 6 30 40 1 14 0 18 2 31 
12 46 44 50 26 4 43 9 30 32 44 0 44 27 
30 1 19 18 16 25 13 2 33 34 46 38 0 27 
49 19 6 23 13 37 16 22 43 31 27 39 5 0 
25 0 38 11 44 41 24 3 25 26 30 21 33 48 
43 39 0 30 29 13 49 13 49 6 24 4 8 20 
8 28 6 0 38 20 42 30 12 1 26 41 40 44 
22 35 3 23 0 40 35 40 16 44 28 43 14 19 
29 27 6 19 14 0 8 36 22 17 26 19 39 10 
30 4 36 43 14 39 0 39 20 27 28 47 33 35 
19 18 5 14 50 14 24 0 2 14 3 7 32 12 
34 5 22 5 9 34 35 31 0 6 37 30 2 14 
4 26 50 2 49 10 37 30 39 0 18 18 3 26 
6 16 9 17 1 30 11 2 6 35 0 48 22 20 
13 49 4 14 32 25 13 37 10 49 2 0 12 4 
48 46 33 45 37 5 2 33 29 20 22 39 0 36 
1 41 13 49 41 2 30 30 47 38 26 25 37 0 
43 0 41 40 47 18 7 5 47 33 15 19 11 48 
44 20 0 37 35 30 33 25 46 25 22 25 12 8 
50 32 25 0 1 8 8 20 1 12 12 44 32 3 
16 34 39 18 0 26 44 38 44 9 11 44 13 9 
44 50 42 18 19 0 16 36 10 7 24 23 32 8 
12 42 47 32 9 44 0 3 28 17 42 7 7 47 
31 24 14 42 22 32 39 0 50 15 21 10 45 43 
28 47 43 9 11 17 37 19 0 32 47 47 28 2 
50 11 32 27 9 35 12 23 35 0 12 47 16 3 
42 44 9 47 21 38 38 16 16 6 0 35 9 32 
40 21 28 49 28 17 14 20 32 28 18 0 39 12 
25 33 21 43 36 47 44 8 25 43 11 36 0 26 
10 41 37 35 5 47 18 28 45 41 45 37 34 0 
30 0 3 34 10 16 41 9 10 13 5 46 23 21 
39 16 0 24 16 28 18 14 3 8 23 34 48 24 
21 21 35 0 30 42 26 7 2 17 42 25 16 27 
20 27 16 47 0 37 41 12 35 9 3 4 30 14 
28 23 32 23 30 0 1 13 43 21 39 26 34 13 
21 17 19 22 24 50 0 1 1 48 38 37 11 37 
43 37 39 12 18 31 50 0 29 48 35 21 45 12 
25 3 35 50 39 41 14 25 0 21 45 17 38 29 
5 30 13 31 36 46 12 43 8 0 27 5 9 21 
46 34 34 23 32 48 27 13 26 48 0 17 48 49 
46 48 13 23 42 23 25 39 26 20 17 0 17 50 
26 34 19 17 26 31 42 19 46 30 41 48 0 13 
19 11 17 29 33 46 34 37 50 15 31 36 36 0 
32 0 34 32 20 15 17 7 33 23 44 44 10 22 
37 6 0 31 1 19 22 25 29 4 15 23 47 38 
21 34 13 0 26 20 39 32 41 49 9 37 27 15 
24 42 31 47 0 17 24 20 11 10 28 6 50 46 
10 11 8 28 19 0 10 23 28 47 23 21 47 25 
6 28 32 38 48 45 0 24 4 48 34 49 8 48 
49 27 28 12 7 7 27 0 24 29 21 33 21 40 
28 4 38 28 19 10 50 43 0 19 42 29 23 31 
12 26 43 13 28 10 21 22 12 0 46 50 36 17 
14 21 1 27 8 49 17 8 18 21 0 16 20 15 
39 9 6 30 36 49 40 26 46 1 32 0 17 44 
24 1 19 17 8 38 43 3 47 30 42 43 0 35 
30 6 23 45 6 27 43 13 21 12 16 32 11 0 
2 0 47 41 19 20 20 11 15 26 17 39 2 13 
29 27 0 13 42 29 14 38 1 19 34 3 1 46 
6 24 31 0 3 39 4 35 48 37 47 12 29 11 
22 32 20 5 0 39 35 44 43 49 16 1 30 34 
2 44 10 33 13 0 39 18 24 15 37 35 23 28 
36 17 15 42 31 1 0 14 19 43 6 31 15 45 
19 8 3 8 9 30 24 0 6 2 41 38 4 35 
24 11 37 8 46 36 32 12 0 49 28 28 7 36 
1 16 15 10 39 29 19 18 20 0 11 21 8 29 
6 49 22 35 26 28 38 47 28 4 0 32 35 11 
46 33 34 20 31 25 1 24 30 9 41 0 42 3 
9 36 17 4 1 16 1 18 31 34 40 15 0 2 
1 19 40 23 13 34 25 28 34 36 35 1 31 0 
47 0 7 6 26 41 32 43 23 19 3 30 24 4 
16 35 0 44 16 50 44 6 29 25 33 34 7 47 
8 17 26 0 26 1 33 4 20 20 44 12 5 43 
9 22 30 33 0 17 10 50 10 18 41 35 18 37 
41 45 3 22 24 0 22 20 45 24 27 48 43 3 
47 21 34 47 41 32 0 12 7 35 34 50 43 17 
25 8 38 40 27 41 9 0 14 42 9 18 48 20 
41 35 48 35 46 32 40 15 0 14 29 26 22 50 
4 7 30 7 11 3 30 8 48 0 13 8 34 50 
8 35 39 5 12 17 49 21 41 27 0 9 50 39 
18 3 3 11 29 12 19 27 37 2 35 0 36 49 
15 18 13 44 22 41 2 46 25 5 26 9 0 18 
10 23 29 13 31 21 7 22 36 27 6 37 35 0 
46 0 16 24 21 34 5 20 14 2 31 9 48 5 
19 49 0 44 44 49 27 3 11 3 46 48 24 22 
14 30 27 0 30 42 7 8 38 45 36 22 5 22 
22 40 4 8 0 43 21 16 26 2 8 29 43 29 
29 35 24 44 20 0 26 47 12 41 40 38 23 40 
2 41 18 24 13 22 0 39 27 6 13 7 46 4 
28 9 47 12 22 48 37 0 13 29 23 14 2 17 
46 8 10 31 50 17 35 3 0 19 26 8 29 46 
7 4 2 24 22 17 48 16 49 0 39 16 29 19 
40 36 28 24 18 4 23 47 26 32 0 18 25 13 
41 11 2 9 33 39 34 27 42 34 11 0 5 2 
48 4 1 48 20 44 3 31 28 50 26 46 0 9 
5 6 49 31 22 35 49 9 27 38 15 41 6 0 
28 0 45 43 49 2 17 19 16 7 19 47 29 13 
24 23 0 33 13 12 27 14 25 34 28 28 11 12 
27 7 44 0 21 17 36 8 14 16 8 39 29 48 
9 27 43 49 0 38 2 3 10 11 27 27 14 26 
39 28 31 44 18 0 15 39 40 41 13 23 36 3 
12 22 49 8 16 44 0 35 15 18 37 33 36 41 
27 8 3 16 31 17 8 0 41 48 30 34 22 40 
24 41 8 18 15 20 13 35 0 41 32 12 3 11 
33 30 12 21 41 49 9 27 39 0 31 38 26 33 
6 29 12 14 42 15 36 26 21 44 0 8 1 22 
13 23 6 36 27 41 13 20 34 28 30 0 27 39 
36 14 14 35 11 20 43 33 14 35 24 27 0 40 
47 17 36 13 37 5 21 20 36 36 22 3 4 0 
48 0 13 13 22 1 33 38 3 30 23 13 36 33 
38 8 0 40 49 38 33 10 38 44 47 34 22 42 
26 7 20 0 50 28 42 33 8 23 31 20 42 35 
41 40 37 18 0 45 24 27 4 17 13 31 37 48 
39 44 17 4 16 0 30 1 9 8 32 34 31 46 
21 4 26 16 28 20 0 7 4 42 21 1 27 3 
10 46 38 10 45 40 13 0 30 4 39 41 19 15 
41 42 27 34 9 4 37 49 0 4 23 29 1 35 
11 30 45 48 23 16 27 14 20 0 5 21 48 38 
44 18 16 17 15 35 48 14 29 16 0 28 9 13 
47 40 4 7 23 10 10 10 29 33 35 0 7 16 
25 42 1 21 37 6 36 22 11 20 34 37 0 8 
44 3 22 32 15 18 40 11 20 38 11 14 33 0 
11 0 39 28 16 35 31 11 50 10 7 13 9 29 
22 23 0 42 37 21 20 20 15 17 7 39 47 19 
18 18 6 0 6 5 41 8 5 45 48 44 45 35 
3 27 9 34 0 47 9 24 37 46 17 20 33 17 
41 45 18 45 32 0 40 19 17 14 44 44 5 2 
23 1 24 28 26 48 0 42 36 17 44 7 33 11 
31 23 32 22 1 36 23 0 38 1 14 38 50 16 
5 27 19 40 33 15 30 45 0 37 24 13 19 42 
22 42 32 24 1 11 13 22 10 0 46 35 42 44 
8 33 15 22 38 36 28 10 44 16 0 18 28 11 
42 4 16 45 50 20 3 9 15 31 7 0 28 13 
27 38 44 46 31 34 49 40 7 47 31 15 0 37 
27 42 33 29 27 14 47 41 20 9 7 15 47 0 
16 0 40 35 44 2 9 45 25 10 40 16 49 35 
35 30 0 22 35 7 36 30 14 43 11 27 37 5 
43 32 23 0 8 29 38 31 35 18 9 5 14 46 
23 20 12 18 0 2 17 31 42 30 17 19 35 3 
22 36 34 24 29 0 9 8 47 16 14 3 2 12 
29 18 1 17 21 18 0 22 12 13 11 2 25 10 
10 7 13 14 15 4 24 0 27 17 46 1 45 31 
46 7 50 7 6 9 17 41 0 39 13 42 13 47 
1 14 41 9 25 32 49 20 49 0 2 34 2 50 
50 29 35 12 23 50 22 40 23 16 0 13 6 6 
43 9 19 22 44 22 1 18 3 11 36 0 9 21 
19 47 12 47 5 16 6 6 10 38 7 28 0 41 
42 41 7 29 48 29 3 20 39 40 1 28 8 0 
12 0 2 32 47 19 49 3 2 31 26 29 26 11 
47 1 0 50 34 21 13 45 4 31 10 12 25 13 
7 6 2 0 31 7 11 19 48 4 4 25 14 20 
8 25 39 11 0 16 29 3 38 33 3 21 6 19 
39 34 5 32 42 0 21 23 6 42 48 50 1 19 
18 7 14 43 47 26 0 21 2 5 21 15 21 45 
33 22 25 25 4 32 25 0 39 22 36 44 23 13 
4 41 15 16 27 40 10 48 0 11 46 25 40 6 
46 36 18 34 13 40 11 47 38 0 1 31 18 44 
19 26 30 47 22 21 21 35 22 30 0 37 40 44 
26 11 48 23 27 1 36 49 37 40 21 0 39 24 
4 12 16 16 41 34 49 34 21 34 18 15 0 25 
5 19 22 24 7 31 45 20 15 1 50 15 25 0 
31 0 32 46 32 36 10 8 48 17 10 19 6 39 
4 41 0 11 5 27 31 9 2 47 17 28 13 34 
41 44 5 0 39 12 17 2 16 4 17 38 39 48 
8 7 27 38 0 10 4 18 18 28 4 9 11 24 
20 7 24 35 16 0 19 20 3 20 15 44 29 49 
2 5 24 1 24 23 0 16 29 23 3 25 9 8 
25 45 17 14 40 46 29 0 38 48 45 43 20 2 
20 20 46 39 43 34 10 12 0 2 14 44 27 31 
37 46 45 48 4 49 26 8 44 0 25 36 7 25 
49 1 11 5 10 31 32 23 3 46 0 33 34 11 
42 50 46 23 32 23 37 10 10 33 43 0 1 42 
45 44 44 26 46 11 33 18 36 9 1 48 0 4 
14 45 8 34 50 13 14 44 7 26 13 22 44 0 
13 0 20 15 39 18 19 5 19 37 38 29 28 1 
23 1 0 43 7 42 45 26 28 10 42 2 27 34 
31 37 48 0 38 19 32 5 3 48 14 3 47 42 
33 44 36 27 0 8 30 7 50 40 14 2 1 35 
18 47 16 4 28 0 14 13 35 38 18 22 50 20 
47 23 48 26 38 40 0 11 50 13 32 43 33 35 
23 21 34 42 24 47 37 0 34 15 8 37 44 36 
40 34 8 46 26 15 28 39 0 34 34 2 14 26 
12 41 35 6 15 24 21 44 42 0 43 1 47 45 
25 13 36 32 15 12 32 2 1 27 0 43 17 7 
29 6 47 40 37 33 28 48 36 47 50 0 10 44 
14 23 42 49 42 8 49 32 40 15 3 2 0 19 
41 32 24 11 14 43 39 9 45 16 48 2 6 0 
18 0 20 48 40 16 37 23 22 48 10 11 3 36 
36 19 0 26 39 41 44 38 19 42 46 24 25 33 
7 22 35 0 19 8 45 47 36 40 30 34 50 49 
17 30 47 43 0 23 14 9 29 8 21 34 7 25 
5 15 38 26 24 0 24 16 34 30 1 38 29 3 
17 6 50 47 39 42 0 40 43 27 9 22 50 23 
10 16 5 50 2 2 13 0 33 40 33 48 14 6 
11 35 16 38 29 10 14 21 0 48 3 30 11 32 
42 18 33 28 6 17 27 2 14 0 50 29 30 50 
37 17 20 27 24 2 33 34 32 5 0 27 39 31 
13 36 3 13 14 26 40 21 10 46 50 0 12 28 
32 37 5 47 36 37 9 29 24 48 1 22 0 30 
28 28 48 11 13 7 40 25 4 42 49 2 36 0 
