20
8
32 0 48 3 40 13 30 26 32 
29 33 0 15 21 20 11 13 47 
41 19 37 0 7 28 47 42 2 
31 4 42 34 0 25 32 50 30 
1 2 24 3 28 0 10 22 10 
22 14 35 17 31 28 0 11 6 
38 13 24 49 33 1 12 0 35 
6 2 9 9 38 42 8 47 0 
34 0 35 20 19 37 10 19 31 
48 27 0 35 15 13 26 21 3 
43 37 47 0 12 9 2 48 1 
41 40 48 27 0 1 13 23 30 
7 38 34 47 9 0 43 19 28 
45 44 1 7 16 47 0 23 31 
31 7 17 1 46 46 39 0 32 
38 19 28 48 13 43 30 36 0 
4 0 6 9 25 42 25 45 50 
18 20 0 18 15 1 42 35 44 
17 17 46 0 45 47 22 35 11 
50 2 10 40 0 16 22 15 2 
15 16 3 11 38 0 48 39 7 
13 17 33 26 29 25 0 32 46 
34 34 31 47 48 35 39 0 33 
21 49 26 41 16 5 35 47 0 
5 0 16 1 35 39 25 6 20 
29 40 0 33 30 40 9 32 26 
21 14 6 0 32 41 19 5 30 
27 21 40 40 0 23 49 42 9 
33 37 22 14 24 0 47 8 10 
28 12 19 9 3 10 0 43 13 
17 50 21 2 49 3 6 0 37 
12 21 8 19 35 17 47 30 0 
48 0 25 48 3 38 19 2 24 
7 47 0 4 30 1 47 28 18 
28 28 23 0 23 29 40 10 30 
31 36 3 4 0 39 39 25 12 
16 39 11 28 13 0 41 25 49 
49 47 46 2 50 27 0 36 15 
44 41 42 8 44 24 2 0 9 
15 18 23 3 17 49 36 18 0 
22 0 43 15 13 36 50 6 38 
3 25 0 25 32 44 9 31 4 
50 38 11 0 49 47 18 19 42 
37 2 14 45 0 18 23 33 1 
12 28 31 8 13 0 24 29 44 
36 5 5 20 50 21 0 15 7 
38 20 3 30 39 37 22 0 5 
25 23 27 34 36 11 20 30 0 
42 0 24 21 17 28 23 42 27 
9 17 0 14 43 13 49 42 17 
38 8 8 0 49 21 4 13 25 
7 27 34 40 0 47 45 8 25 
35 26 28 26 50 0 49 29 15 
28 26 21 22 24 30 0 42 26 
31 11 47 29 4 22 10 0 39 
12 47 10 2 40 2 30 14 0 
9 0 39 8 38 22 17 17 39 
29 43 0 21 45 33 41 2 28 
35 8 9 0 37 49 30 22 14 
17 39 15 4 0 39 27 25 27 
47 8 14 35 22 0 5 4 15 
44 8 1 12 2 15 0 7 22 
45 33 18 33 43 43 16 0 30 
18 45 21 33 3 14 50 2 0 
18 0 45 49 26 27 17 6 31 
4 44 0 44 41 29 11 12 2 
33 43 9 0 7 10 43 34 4 
43 35 18 27 0 34 22 13 31 
9 49 44 7 17 0 31 45 29 
27 37 29 50 50 25 0 1 8 
33 20 1 10 5 44 42 0 25 
11 45 34 43 50 29 47 33 0 
32 0 14 33 30 17 5 36 2 
49 31 0 30 24 15 35 5 18 
34 11 45 0 15 21 3 26 15 
8 19 47 22 0 48 3 30 49 
40 46 18 37 43 0 21 41 28 
34 50 12 25 14 19 0 11 27 
41 17 9 39 35 33 13 0 29 
38 18 23 48 9 14 4 46 0 
2 0 32 34 19 17 19 25 13 
20 17 0 31 21 42 2 1 39 
9 20 32 0 32 44 41 14 8 
34 40 49 26 0 48 43 19 20 
47 16 24 33 36 0 43 11 23 
42 47 19 19 2 42 0 38 37 
17 35 40 40 33 22 3 0 11 
18 26 35 28 21 50 16 27 0 
48 0 11 25 26 29 19 4 16 
10 9 0 41 48 22 46 6 43 
3 12 9 0 14 4 30 38 25 
13 13 16 10 0 9 34 3 43 
31 43 21 41 17 0 12 9 49 
32 25 31 24 32 6 0 40 22 
21 43 26 9 41 2 24 0 18 
24 1 14 16 3 44 8 26 0 
7 0 48 17 30 25 15 26 41 
3 11 0 33 30 49 14 43 7 
23 44 40 0 16 8 44 3 30 
19 4 18 16 0 48 43 46 38 
17 5 18 35 40 0 11 48 6 
17 35 6 30 20 45 0 19 11 
9 7 43 10 5 42 18 0 13 
46 37 11 22 48 10 43 10 0 
15 0 46 13 45 46 9 18 13 
46 34 0 50 24 38 23 11 24 
35 8 8 0 42 50 37 33 26 
37 6 39 3 0 50 27 9 7 
42 46 16 25 33 0 25 15 50 
39 30 14 21 42 45 0 25 24 
27 37 38 41 3 2 11 0 29 
13 37 8 41 21 15 14 20 0 
26 0 44 33 43 8 37 42 10 
43 8 0 3 20 23 12 34 43 
31 15 27 0 13 39 19 5 41 
36 37 12 46 0 17 24 30 25 
17 44 46 49 12 0 33 17 41 
46 28 48 45 49 41 0 6 1 
4 16 11 6 39 2 32 0 8 
40 43 7 21 25 46 43 19 0 
28 0 29 4 30 17 35 31 48 
49 37 0 17 11 21 10 42 46 
31 11 43 0 2 14 25 36 15 
13 39 10 19 0 27 46 16 50 
36 29 17 20 37 0 27 35 19 
35 13 7 3 35 21 0 37 30 
1 11 41 14 4 42 6 0 4 
43 40 17 28 25 12 22 3 0 
21 0 17 26 42 43 23 9 4 
27 24 0 17 2 18 34 30 42 
2 30 19 0 16 6 2 47 45 
24 14 27 48 0 10 7 44 23 
41 5 32 19 46 0 45 38 29 
2 37 38 31 25 4 0 36 10 
10 25 27 45 44 7 47 0 19 
21 32 19 30 46 12 44 20 0 
30 0 45 11 14 2 12 47 7 
43 40 0 14 20 15 16 20 20 
28 18 39 0 36 31 49 29 35 
8 14 48 14 0 27 9 34 41 
43 18 1 30 44 0 23 8 48 
29 20 3 5 43 28 0 5 5 
12 50 2 29 24 9 40 0 31 
16 27 6 39 15 34 31 35 0 
7 0 24 28 47 16 40 27 6 
10 41 0 7 11 47 25 42 31 
10 43 2 0 27 7 6 18 34 
29 21 15 17 0 17 20 34 46 
40 18 49 20 50 0 8 40 22 
24 46 19 33 3 30 0 34 42 
35 25 29 22 32 4 28 0 1 
7 44 19 45 26 10 39 40 0 
8 0 12 21 29 27 23 32 2 
4 30 0 4 12 37 35 32 49 
37 23 33 0 42 41 12 14 36 
41 48 14 6 0 39 45 47 14 
8 29 26 41 9 0 6 16 13 
44 27 19 2 50 17 0 15 22 
13 20 9 3 28 47 50 0 46 
49 35 39 29 10 26 13 9 0 
