20
14
39 0 36 13 4 48 42 11 32 16 44 36 5 27 17 
23 34 0 17 5 45 23 18 21 43 7 10 47 50 20 
8 24 11 0 9 22 10 29 16 27 15 23 30 2 47 
7 1 39 42 0 13 11 17 3 9 34 1 12 22 18 
44 7 44 2 42 0 41 25 43 33 27 33 17 38 7 
8 2 33 15 21 22 0 15 42 18 18 34 40 4 5 
15 27 9 10 38 11 23 0 20 21 22 39 12 22 15 
18 13 10 47 23 10 45 7 0 2 37 41 1 4 2 
39 26 18 2 38 21 28 6 19 0 23 29 28 34 38 
32 11 26 10 50 1 25 5 9 38 0 18 44 10 9 
26 22 20 38 8 22 31 45 4 37 25 0 2 37 12 
45 37 18 45 26 8 26 41 11 32 1 4 0 27 35 
18 31 34 44 11 20 31 47 4 42 20 13 8 0 37 
8 39 36 48 14 14 11 23 20 23 18 3 33 35 0 
12 0 38 38 5 46 47 28 23 4 31 41 18 31 49 
33 27 0 26 14 1 40 34 23 47 3 40 14 24 45 
11 12 26 0 9 37 46 36 17 5 16 18 11 9 35 
36 5 8 47 0 33 13 40 44 48 5 3 43 2 40 
41 35 15 33 23 0 34 12 42 5 33 31 35 14 17 
23 10 47 40 32 49 0 37 43 46 44 31 12 6 18 
14 22 7 44 45 47 26 0 20 1 35 38 26 24 44 
50 25 16 48 50 24 22 39 0 9 13 12 3 3 49 
39 22 2 12 28 45 29 34 27 0 37 41 17 42 3 
9 12 2 7 26 43 43 22 28 33 0 13 33 46 26 
13 44 33 42 44 27 32 30 34 27 48 0 29 16 16 
49 29 8 33 33 20 30 47 11 6 28 10 0 7 18 
44 19 49 46 49 3 21 34 5 50 24 15 22 0 29 
29 26 10 48 28 27 23 49 26 31 1 27 46 17 0 
33 0 28 15 34 21 14 37 15 28 2 30 13 45 16 
25 8 0 9 18 49 1 19 36 47 31 33 30 45 45 
44 19 46 0 22 7 5 1 27 36 40 44 8 43 15 
49 8 18 16 0 32 8 25 18 22 33 29 46 48 48 
32 34 2 42 20 0 42 22 9 7 8 6 41 15 48 
23 20 25 41 9 5 0 37 39 14 18 48 38 21 26 
48 13 44 12 7 3 46 0 2 38 2 39 1 43 40 
1 10 10 42 43 27 46 2 0 9 38 38 44 11 43 
21 35 45 32 22 46 11 44 15 0 44 34 13 3 22 
32 23 3 8 12 48 39 5 8 6 0 45 45 31 47 
5 6 25 14 42 3 31 4 8 7 30 0 48 29 7 
45 16 8 31 24 24 20 37 36 30 33 14 0 5 17 
27 39 37 28 16 15 40 9 20 21 21 50 42 0 29 
15 47 29 15 19 32 10 43 48 15 21 7 27 19 0 
21 0 46 32 29 49 14 27 19 20 2 32 14 18 36 
47 38 0 10 25 32 42 22 39 1 18 45 24 8 35 
42 23 8 0 10 39 21 39 25 40 42 2 28 3 47 
27 28 33 5 0 14 24 47 11 5 47 25 36 48 32 
45 14 34 26 7 0 42 28 47 45 23 26 48 48 22 
48 19 23 5 39 26 0 13 24 35 41 10 34 39 31 
19 11 35 4 24 7 31 0 27 9 26 22 11 19 30 
33 11 30 17 27 25 14 37 0 24 21 47 22 20 21 
29 44 17 24 3 48 29 34 38 0 23 24 41 42 22 
10 48 34 28 7 33 42 25 12 43 0 7 15 18 32 
38 14 7 2 38 10 49 16 10 48 8 0 22 1 49 
23 7 43 36 33 42 27 27 38 19 16 37 0 30 5 
32 24 17 39 31 48 47 25 16 23 4 32 24 0 45 
38 36 20 36 32 43 2 5 50 22 32 26 5 11 0 
27 0 38 37 1 31 44 34 37 31 20 41 4 3 49 
42 21 0 33 2 19 33 39 3 49 30 5 37 3 28 
24 46 7 0 6 43 36 49 28 36 3 2 30 12 2 
5 1 45 29 0 41 4 14 30 39 31 7 23 23 25 
40 7 47 44 42 0 7 13 36 13 36 12 17 1 14 
36 30 50 40 22 38 0 48 49 36 27 47 50 14 45 
7 27 49 20 14 25 39 0 30 7 8 38 6 39 20 
39 9 18 24 3 1 44 10 0 31 17 2 36 27 41 
21 20 48 43 43 19 29 37 38 0 42 4 27 25 6 
24 43 2 16 49 29 11 27 9 24 0 47 14 1 48 
46 32 19 28 48 48 9 37 11 46 13 0 20 42 3 
22 27 21 27 26 39 37 38 16 36 37 49 0 31 45 
11 24 46 29 19 31 41 6 23 26 29 28 48 0 37 
33 6 4 29 37 9 6 33 4 20 39 12 12 8 0 
17 0 33 42 50 17 15 26 37 50 35 2 11 12 17 
4 45 0 49 48 42 50 6 10 33 8 12 23 39 29 
21 27 40 0 7 20 33 39 41 35 30 11 33 11 46 
7 19 28 27 0 47 40 30 9 22 41 21 12 3 8 
1 34 38 45 26 0 48 16 24 45 46 42 30 28 14 
11 19 38 9 40 11 0 4 14 31 36 27 50 49 12 
5 50 36 8 31 32 40 0 1 43 16 8 13 30 33 
25 32 35 17 12 17 49 3 0 3 13 22 43 5 37 
3 2 18 26 50 4 19 46 11 0 34 50 46 24 10 
27 22 1 28 31 21 39 50 1 10 0 39 33 14 2 
47 23 37 38 28 3 48 41 49 32 14 0 26 14 30 
22 2 17 16 44 39 27 32 12 45 12 34 0 49 4 
1 8 38 18 41 18 49 38 48 12 19 21 13 0 36 
24 20 14 5 7 10 28 50 43 23 39 26 26 16 0 
11 0 42 27 44 5 45 40 41 44 47 36 47 31 35 
4 6 0 48 23 27 41 8 43 31 7 27 39 27 2 
16 16 29 0 15 42 34 27 6 36 25 16 18 47 34 
26 18 20 10 0 29 44 47 38 26 17 50 35 8 19 
11 20 17 17 19 0 39 26 29 18 21 5 47 8 48 
20 23 8 9 45 24 0 17 14 38 17 11 33 5 28 
41 13 16 8 27 9 46 0 17 8 50 50 8 9 48 
50 49 6 32 36 49 18 3 0 9 41 40 34 2 48 
32 1 7 36 34 48 39 6 5 0 48 21 50 3 4 
15 9 10 38 16 20 14 39 12 29 0 48 7 10 38 
4 26 19 43 7 49 35 8 44 15 24 0 11 10 45 
45 9 11 36 47 15 39 1 32 3 19 33 0 35 44 
39 28 39 27 39 1 2 30 30 29 44 5 20 0 8 
16 46 14 5 10 19 45 4 18 12 11 46 50 4 0 
44 0 16 25 24 14 42 20 16 26 47 23 9 43 15 
30 33 0 43 42 45 32 36 37 40 14 23 16 49 35 
11 27 17 0 44 2 49 36 14 5 20 41 29 38 50 
20 17 33 2 0 27 31 25 36 20 19 1 18 18 8 
26 11 1 49 43 0 35 6 50 31 29 7 44 30 16 
28 23 2 17 44 36 0 18 24 31 22 40 19 11 25 
8 48 43 34 31 28 38 0 44 19 42 36 3 45 21 
36 4 45 33 1 9 8 47 0 18 34 25 33 41 3 
31 30 9 25 25 31 42 34 37 0 23 14 2 28 35 
5 10 32 41 41 48 38 27 28 8 0 18 2 18 12 
31 10 10 49 38 36 14 40 34 11 29 0 15 29 3 
18 22 19 50 32 24 43 8 3 34 42 44 0 15 4 
3 2 7 24 13 31 3 27 14 15 14 43 22 0 15 
27 21 13 27 19 36 9 6 39 19 21 44 19 23 0 
7 0 26 7 45 21 10 38 32 4 6 2 49 50 41 
9 5 0 36 39 3 28 32 32 22 16 25 30 45 47 
14 39 4 0 20 12 31 21 38 9 20 22 12 28 46 
17 8 25 21 0 36 19 48 35 33 32 42 42 42 26 
5 42 20 42 15 0 42 18 16 2 33 37 20 21 21 
46 16 17 41 1 36 0 15 15 41 5 44 27 49 30 
6 22 29 21 39 45 34 0 17 1 31 48 37 28 2 
6 43 34 17 48 27 39 18 0 15 1 42 6 11 40 
2 15 49 38 43 39 10 30 5 0 16 31 26 38 30 
16 37 44 14 9 14 10 48 21 27 0 30 22 42 39 
8 28 30 34 35 44 15 36 32 10 44 0 39 42 26 
39 18 37 22 40 9 2 29 8 28 48 47 0 31 4 
45 23 9 21 48 22 23 27 37 47 41 44 15 0 31 
5 34 20 20 22 34 10 3 40 8 33 33 37 29 0 
21 0 3 37 39 13 12 42 10 1 24 42 21 3 12 
32 40 0 31 46 45 22 24 24 8 28 26 48 45 42 
33 2 39 0 16 35 45 7 35 11 3 32 4 40 46 
34 47 29 2 0 31 48 22 1 27 37 39 16 6 47 
45 10 14 16 17 0 50 28 49 35 27 36 9 5 48 
30 29 15 41 33 29 0 40 11 50 25 17 47 21 32 
26 3 27 20 39 11 40 0 2 40 16 37 40 18 35 
13 2 16 23 43 24 21 49 0 23 48 33 27 7 35 
10 40 50 20 30 46 24 33 50 0 17 20 45 9 29 
39 49 5 43 11 6 49 48 9 44 0 4 48 12 28 
30 30 38 13 4 6 42 1 16 17 11 0 23 12 31 
3 50 3 49 16 43 10 24 44 40 17 2 0 36 13 
31 6 16 33 35 46 3 21 29 8 41 4 37 0 39 
33 38 33 39 44 19 46 10 42 6 33 19 19 7 0 
36 0 48 46 3 20 30 21 11 1 29 38 16 28 32 
21 46 0 8 12 6 22 41 6 8 28 8 18 18 22 
15 11 1 0 16 28 47 35 32 12 39 35 8 18 23 
37 5 1 28 0 41 14 39 46 49 21 14 47 16 30 
41 18 45 2 12 0 50 46 41 29 23 39 31 47 40 
34 19 28 48 4 19 0 19 3 28 31 27 5 33 19 
12 30 3 31 32 6 41 0 44 45 33 47 19 27 47 
27 29 40 11 17 50 13 30 0 43 16 44 48 11 38 
41 14 25 8 17 28 29 49 20 0 8 50 42 49 41 
24 46 2 35 42 23 27 49 42 17 0 38 33 7 33 
38 37 38 35 45 4 4 31 8 39 3 0 50 19 28 
10 32 12 25 2 23 6 48 15 9 6 39 0 12 42 
23 9 20 35 21 47 12 33 21 15 48 46 37 0 44 
38 13 33 42 5 49 40 10 6 14 31 35 27 41 0 
23 0 29 29 6 42 12 8 50 20 18 29 22 17 27 
12 47 0 28 7 36 13 10 2 27 14 35 14 2 14 
3 7 4 0 37 20 22 11 42 37 42 4 26 36 38 
44 15 14 33 0 32 14 49 9 36 25 50 14 31 21 
3 15 22 29 10 0 45 47 13 15 43 3 46 16 20 
11 37 3 10 27 22 0 9 12 1 3 32 39 15 44 
21 30 38 7 41 40 39 0 22 20 26 17 41 42 32 
1 21 31 37 48 29 49 50 0 22 40 37 9 13 42 
15 20 48 22 31 4 42 35 6 0 46 6 27 32 40 
17 28 44 37 31 27 11 31 23 46 0 41 37 46 22 
8 48 20 33 27 48 8 1 29 46 11 0 39 40 16 
16 35 31 22 48 10 34 45 47 1 28 36 0 32 34 
48 2 31 44 8 21 28 8 27 24 50 35 32 0 17 
50 49 26 43 38 45 15 38 15 20 39 36 38 14 0 
2 0 19 5 41 17 24 3 27 15 17 31 19 39 8 
8 8 0 22 14 28 18 46 49 26 36 49 37 20 10 
38 11 5 0 22 33 15 7 9 19 10 18 9 14 23 
34 9 13 19 0 7 8 31 7 49 26 9 21 18 4 
43 20 43 30 5 0 44 39 5 13 9 37 24 1 49 
40 13 46 19 4 23 0 15 18 23 30 31 13 29 32 
13 30 14 12 47 4 17 0 50 17 39 5 21 34 30 
47 4 33 33 7 33 18 36 0 31 40 18 46 39 25 
47 13 50 42 15 8 42 33 46 0 25 28 48 33 40 
46 8 14 34 39 36 22 19 48 48 0 6 47 14 27 
49 24 45 1 16 42 4 5 39 13 7 0 26 38 14 
9 8 6 9 1 29 41 24 26 35 8 4 0 4 28 
15 3 37 18 45 16 35 22 31 27 33 41 36 0 42 
19 2 27 13 48 8 11 41 42 48 47 36 37 26 0 
48 0 10 44 12 38 26 40 37 27 39 32 23 30 37 
28 30 0 27 10 43 50 5 25 8 45 6 47 18 25 
11 39 21 0 9 30 9 25 21 33 21 4 11 2 32 
25 39 31 26 0 29 24 13 13 21 38 44 37 21 24 
3 49 7 42 9 0 16 27 38 18 23 44 21 13 7 
47 7 7 32 49 23 0 50 20 14 31 18 45 12 48 
19 34 16 43 38 2 18 0 34 14 12 3 37 6 37 
21 9 32 8 11 7 16 15 0 31 12 39 48 24 34 
35 26 24 15 4 29 20 35 8 0 1 34 12 39 13 
43 45 30 12 18 14 50 6 49 11 0 34 6 32 5 
4 5 5 40 28 35 49 38 39 39 34 0 27 18 36 
1 31 24 49 18 4 22 36 32 27 31 11 0 35 30 
28 13 31 48 47 15 32 4 47 44 34 5 14 0 5 
7 42 29 41 46 14 6 19 37 35 39 29 33 18 0 
23 0 28 10 18 1 20 11 26 8 36 30 3 5 48 
34 31 0 16 14 40 17 30 40 48 40 15 22 25 9 
26 46 10 0 19 33 14 31 19 35 16 4 45 45 31 
35 44 12 43 0 9 8 35 7 20 26 40 17 38 34 
31 20 4 30 46 0 3 50 12 26 12 21 42 18 16 
46 50 10 45 23 50 0 6 5 29 22 13 17 25 20 
27 35 29 17 27 48 39 0 16 13 25 49 42 31 23 
18 50 23 18 41 20 12 21 0 17 45 44 39 28 27 
42 32 17 29 29 31 36 42 34 0 5 15 21 27 31 
37 35 47 31 19 33 37 29 50 46 0 27 5 9 6 
19 34 23 39 20 13 24 32 8 20 14 0 1 38 26 
17 18 3 21 43 31 35 32 49 13 21 45 0 40 13 
33 21 2 24 22 30 24 50 32 27 1 15 7 0 6 
28 27 18 18 46 11 12 32 44 7 12 28 22 37 0 
35 0 11 19 25 23 11 50 37 19 41 29 8 3 18 
36 26 0 20 29 24 29 4 23 46 3 49 30 2 1 
28 46 12 0 44 8 37 15 22 9 26 42 46 7 41 
9 27 40 39 0 9 45 46 18 38 33 5 43 34 13 
15 16 26 44 10 0 49 10 23 29 35 50 16 3 15 
18 44 38 28 23 14 0 15 19 14 11 21 8 5 11 
8 30 40 16 4 3 7 0 43 50 48 37 8 32 36 
49 5 40 43 42 32 1 44 0 46 27 21 20 49 47 
3 16 23 3 45 49 15 50 45 0 35 12 1 8 25 
44 40 42 15 33 30 20 9 22 28 0 16 24 11 15 
35 14 45 34 4 11 41 35 26 35 14 0 33 21 50 
10 5 32 41 24 26 50 6 35 6 38 20 0 27 44 
44 45 37 22 39 1 15 31 40 29 47 48 35 0 10 
15 7 2 50 9 21 50 17 47 25 50 35 15 29 0 
30 0 40 47 35 34 47 41 31 48 43 45 20 35 29 
16 4 0 44 26 42 41 42 28 4 39 11 6 45 27 
48 12 22 0 4 36 37 2 1 32 13 14 38 19 34 
10 10 6 39 0 36 21 2 44 31 25 44 25 38 2 
36 9 25 28 3 0 14 34 37 21 41 35 49 28 15 
22 32 12 5 23 8 0 19 44 33 22 20 24 26 4 
31 47 11 12 49 1 15 0 24 38 37 36 5 1 23 
39 16 5 38 44 37 23 50 0 13 39 2 30 33 43 
26 3 9 29 39 30 6 24 30 0 23 50 28 1 48 
44 26 19 19 8 47 5 18 17 33 0 31 39 32 32 
35 22 10 20 18 23 49 36 29 7 16 0 21 17 16 
37 32 38 17 37 25 6 38 21 34 22 37 0 38 9 
36 26 49 1 49 25 40 8 14 31 11 29 50 0 9 
48 13 3 37 30 40 31 36 45 15 3 7 26 47 0 
2 0 26 48 31 36 40 50 3 9 16 23 43 26 30 
19 8 0 7 8 26 47 40 9 31 36 8 48 28 1 
32 34 48 0 43 49 44 6 38 34 30 44 11 9 46 
4 38 15 38 0 15 2 17 38 8 45 31 29 7 44 
45 13 23 38 12 0 49 21 25 19 31 44 33 24 31 
25 27 15 16 39 45 0 5 44 22 21 33 27 34 45 
27 3 12 20 37 12 43 0 22 8 6 49 11 25 29 
20 34 44 33 28 37 14 32 0 30 16 41 12 39 2 
41 3 5 36 15 27 49 16 20 0 24 46 13 38 3 
20 10 17 29 21 27 25 38 27 1 0 49 48 32 45 
24 46 29 25 23 42 31 5 1 13 46 0 48 30 5 
15 21 37 16 49 11 13 21 49 13 42 13 0 28 4 
27 5 38 18 46 5 43 24 45 21 40 46 23 0 15 
10 5 33 24 48 21 24 6 14 33 49 21 33 3 0 
47 0 17 34 11 15 28 29 47 26 28 2 26 12 41 
26 16 0 27 3 38 48 12 45 31 18 16 7 30 21 
41 5 19 0 26 22 40 27 29 38 29 32 46 36 13 
29 5 22 22 0 9 34 31 48 7 46 33 35 42 3 
37 16 46 8 48 0 9 7 22 10 27 4 23 14 48 
29 48 22 43 12 49 0 17 26 47 44 49 46 41 43 
48 23 43 38 48 25 43 0 22 34 24 48 28 7 8 
46 46 19 36 20 33 20 10 0 25 40 23 44 37 11 
20 3 10 3 18 14 24 37 35 0 16 26 39 5 8 
15 49 46 34 42 10 30 2 25 13 0 26 8 24 39 
49 3 15 4 39 32 3 31 15 46 11 0 44 34 9 
11 3 11 31 28 13 45 27 45 39 3 27 0 32 19 
29 47 27 10 41 36 39 33 2 22 1 24 6 0 34 
35 1 24 49 26 22 41 22 2 45 30 12 44 23 0 
8 0 27 2 12 1 34 3 18 20 1 3 49 21 29 
2 40 0 31 5 7 12 43 44 15 5 2 10 29 7 
45 32 31 0 30 42 16 25 26 20 39 23 22 32 17 
32 24 46 28 0 2 12 20 13 15 25 5 33 31 15 
12 48 11 41 6 0 46 23 39 20 24 7 5 5 27 
21 42 33 36 30 26 0 13 42 9 25 9 17 38 33 
17 6 26 10 36 11 15 0 23 29 32 16 36 45 44 
4 22 21 47 8 43 43 23 0 43 19 3 5 2 20 
39 37 32 40 9 41 22 15 49 0 48 19 45 13 49 
13 1 20 45 32 20 38 37 4 12 0 9 45 41 44 
13 7 7 31 9 45 34 43 50 27 28 0 5 22 40 
24 24 29 14 30 45 11 43 50 9 24 33 0 32 2 
33 20 31 14 50 28 2 42 42 39 36 19 15 0 21 
1 43 18 28 48 49 14 30 34 46 15 47 34 21 0 
