21
21
28 0 22 5 12 35 32 38 12 19 45 35 30 36 50 18 14 15 22 22 27 47 
20 24 0 2 40 30 1 36 45 19 13 10 18 31 24 40 37 7 11 49 40 39 
37 23 42 0 2 33 5 45 30 40 19 22 43 42 8 48 3 23 5 32 2 18 
50 32 26 12 0 5 26 29 27 8 12 24 37 9 33 2 11 38 47 46 41 15 
30 45 38 26 39 0 17 42 35 35 6 17 39 21 38 42 17 41 29 30 17 3 
33 8 49 6 34 25 0 47 43 36 9 37 11 3 21 38 38 37 16 10 37 43 
24 6 7 49 38 46 11 0 45 48 19 17 25 13 47 38 40 20 5 42 46 42 
49 48 31 28 19 17 4 29 0 4 13 20 31 10 9 2 43 8 47 29 37 49 
38 40 20 37 40 24 50 49 17 0 12 18 42 1 25 8 27 21 19 29 7 16 
44 7 47 44 3 39 36 47 12 8 0 13 9 44 11 9 11 41 29 44 5 30 
37 2 3 39 9 34 45 16 38 29 1 0 31 33 45 33 24 44 38 36 14 2 
6 4 5 33 8 14 50 16 30 40 36 2 0 36 7 6 45 5 44 5 42 31 
25 30 13 29 11 17 26 37 48 42 8 41 29 0 32 49 48 7 2 20 45 1 
8 39 15 29 47 38 28 30 39 44 31 22 21 32 0 24 43 5 47 48 25 29 
33 49 28 12 8 26 8 47 49 43 35 48 31 17 41 0 48 50 14 29 49 8 
10 48 28 19 8 1 25 6 3 5 23 21 22 26 41 38 0 18 40 13 20 33 
40 2 46 25 41 15 33 45 5 34 19 27 22 23 1 1 43 0 1 25 33 42 
47 38 13 27 10 42 1 11 33 25 17 29 25 20 46 32 44 18 0 37 43 11 
49 22 4 45 50 3 40 37 25 39 38 37 42 44 14 34 48 31 23 0 33 35 
22 9 3 48 47 3 5 19 49 34 39 41 31 48 17 9 33 10 40 11 0 24 
9 37 29 42 34 27 32 49 47 37 14 10 27 27 13 2 47 3 50 35 19 0 
26 0 5 50 47 11 46 48 25 16 21 34 22 11 13 23 24 7 14 27 23 21 
3 48 0 25 31 5 21 4 7 37 8 40 26 6 33 32 30 46 23 31 35 24 
32 16 30 0 39 17 15 41 29 40 39 23 13 48 24 8 25 16 7 26 44 19 
29 14 45 46 0 6 31 42 45 12 42 47 39 48 22 32 45 43 39 7 14 29 
47 19 17 14 8 0 10 24 5 30 17 6 41 5 3 3 36 43 11 34 50 34 
28 48 26 24 1 3 0 27 30 23 18 19 31 40 33 46 28 32 48 22 18 41 
32 26 42 48 43 19 29 0 10 50 28 24 15 45 19 21 42 41 8 7 47 25 
8 49 37 11 16 21 7 9 0 12 14 13 32 44 47 22 34 27 8 34 48 21 
24 41 46 17 46 14 25 36 42 0 40 15 22 16 25 28 6 38 28 49 23 1 
39 14 11 33 1 23 49 8 15 50 0 24 49 5 35 8 42 45 21 8 33 23 
20 24 48 10 29 22 45 29 39 31 35 0 26 20 35 27 35 34 45 41 26 29 
28 40 41 23 12 41 20 14 43 8 42 41 0 29 19 40 13 24 23 1 5 29 
26 20 39 24 35 50 31 8 12 27 17 7 44 0 43 34 7 38 18 32 25 16 
46 24 44 36 42 17 38 22 10 22 40 22 1 3 0 21 3 50 27 41 39 7 
32 32 26 34 35 27 6 7 37 6 20 30 14 30 47 0 46 38 44 34 44 36 
2 5 27 35 44 41 14 5 38 41 42 37 9 15 42 19 0 2 8 40 32 16 
24 17 21 43 37 23 25 7 12 34 8 46 21 31 27 49 50 0 41 37 43 2 
49 15 29 44 5 16 5 28 37 36 44 13 21 28 39 7 43 8 0 18 40 48 
27 8 34 41 39 34 16 21 3 17 4 39 14 26 2 43 49 33 8 0 20 30 
25 48 14 33 1 4 38 42 7 34 19 4 4 22 8 45 3 17 32 39 0 8 
35 19 41 24 7 2 38 15 44 25 10 20 18 2 10 21 9 39 30 28 29 0 
46 0 34 35 36 10 4 44 48 47 17 26 31 23 41 29 24 9 44 2 1 28 
14 9 0 10 34 37 21 49 25 45 28 3 12 29 40 36 6 39 48 49 44 17 
47 9 34 0 39 46 12 31 47 50 46 28 27 1 32 25 26 2 24 34 46 24 
3 39 24 20 0 44 1 44 18 21 47 4 8 12 17 1 26 46 41 9 18 28 
45 33 25 35 28 0 8 11 31 37 24 15 48 44 45 20 11 19 2 11 38 30 
30 49 25 20 40 15 0 24 50 7 33 25 29 47 8 7 50 36 16 43 33 37 
34 23 39 11 19 22 32 0 16 27 40 49 31 48 16 34 1 16 39 44 37 31 
31 41 41 20 47 38 14 11 0 34 36 18 5 44 46 26 36 10 22 44 43 35 
31 44 27 49 49 42 23 50 20 0 28 50 46 6 4 33 49 41 22 35 19 5 
43 5 31 26 5 20 9 15 7 17 0 50 45 47 50 48 15 22 49 46 41 12 
15 8 19 10 38 43 44 37 19 1 9 0 24 31 39 39 47 23 44 22 15 35 
14 11 50 1 10 4 36 35 20 23 39 28 0 44 29 48 13 17 17 28 15 29 
38 17 42 21 17 12 10 19 49 5 24 27 27 0 1 47 19 9 29 39 9 3 
49 28 20 47 37 11 42 34 7 27 45 50 7 26 0 44 9 31 44 43 26 17 
22 18 15 1 18 28 1 44 9 39 39 7 26 40 39 0 22 25 30 2 18 35 
43 29 30 28 20 25 4 10 29 36 47 33 37 28 11 5 0 46 20 33 42 41 
48 38 6 43 32 37 6 38 6 14 41 9 32 29 40 36 24 0 48 4 48 34 
31 4 42 25 40 12 29 17 30 11 20 27 44 45 41 24 35 39 0 38 48 23 
23 22 7 25 5 49 22 20 23 23 30 45 7 18 35 15 19 43 25 0 27 21 
27 4 22 32 38 35 50 13 39 9 16 50 12 8 32 36 50 35 14 8 0 48 
7 38 41 33 38 27 6 10 16 47 14 22 2 47 19 36 43 17 15 22 7 0 
35 0 15 14 45 46 11 3 29 20 8 12 20 24 20 16 32 49 1 8 44 3 
23 12 0 2 28 10 11 14 1 7 18 50 36 41 23 24 27 38 43 16 4 31 
47 40 3 0 3 29 27 4 4 44 17 7 29 5 12 3 13 17 36 1 40 29 
13 40 13 34 0 34 48 43 6 12 8 43 41 23 26 22 50 26 31 35 10 47 
13 2 43 7 37 0 11 21 14 21 7 16 14 3 35 50 40 19 45 30 12 49 
33 9 14 39 32 37 0 31 13 42 6 16 30 32 50 38 20 27 48 37 22 42 
41 2 27 27 20 41 23 0 10 7 36 6 49 48 31 44 30 19 5 25 40 2 
30 2 50 34 21 36 12 21 0 42 48 43 40 8 43 7 38 12 13 46 9 3 
35 20 11 31 35 20 45 41 9 0 43 13 33 40 11 1 28 43 49 6 11 40 
16 39 13 10 40 38 37 43 7 42 0 30 31 50 46 33 39 4 37 17 18 31 
34 5 30 8 19 32 7 10 20 15 40 0 49 14 20 32 48 22 45 32 9 49 
3 2 33 2 41 16 19 39 40 12 39 44 0 9 32 34 34 3 21 7 30 33 
38 28 40 33 36 26 1 41 33 42 36 9 33 0 32 4 48 7 29 16 39 22 
30 3 1 6 6 38 49 15 20 24 26 29 16 15 0 24 43 20 5 41 18 48 
8 21 4 35 26 1 30 36 47 43 41 42 11 9 26 0 40 28 31 39 3 27 
13 19 10 31 17 17 31 5 37 25 26 22 25 22 33 47 0 21 30 38 19 29 
24 32 35 37 6 7 48 4 42 24 2 15 22 45 2 45 4 0 9 34 49 32 
10 19 16 21 37 37 44 43 7 1 2 35 48 40 37 26 44 12 0 11 33 1 
46 1 24 8 4 28 31 3 18 22 4 20 48 14 13 20 17 20 21 0 5 12 
36 23 1 30 24 5 16 19 10 48 24 17 31 14 19 42 13 33 10 14 0 40 
40 30 48 15 50 26 25 7 28 42 40 28 40 10 28 23 28 30 23 16 35 0 
8 0 24 30 4 18 50 45 28 4 37 12 42 22 46 43 4 16 25 29 41 13 
33 6 0 35 39 41 5 41 19 36 4 38 49 6 32 7 19 12 33 27 30 29 
24 6 29 0 37 19 14 35 20 12 5 44 25 22 26 18 46 15 27 46 4 9 
19 33 24 44 0 16 15 37 35 4 43 3 12 34 9 1 6 3 22 41 6 50 
24 50 44 24 35 0 7 39 23 48 6 31 27 20 6 23 5 44 3 50 49 35 
9 13 41 13 38 17 0 17 41 13 6 6 48 10 45 34 30 20 32 8 48 13 
7 37 23 35 15 4 29 0 1 10 19 41 8 15 16 37 4 11 47 40 23 33 
35 1 25 29 11 11 39 25 0 24 22 42 2 23 2 27 18 29 24 13 38 40 
4 37 16 41 46 30 48 27 9 0 35 19 26 30 22 37 49 7 5 43 40 26 
36 48 49 7 42 14 11 36 33 24 0 27 35 43 32 15 10 39 15 32 42 49 
16 37 24 26 43 30 40 20 22 20 21 0 49 14 18 39 17 34 4 16 37 41 
26 12 42 41 37 41 22 39 18 40 11 49 0 28 21 11 26 31 50 35 21 17 
12 4 7 37 30 14 26 43 5 12 17 5 9 0 40 25 33 36 6 40 18 31 
4 30 10 50 37 48 29 42 4 5 32 17 24 15 0 8 35 5 8 27 47 47 
14 29 45 44 19 31 37 43 46 44 46 3 37 8 25 0 48 37 43 16 48 2 
2 7 36 39 35 26 17 48 31 48 13 22 35 41 2 16 0 7 19 18 42 49 
8 11 37 14 38 7 34 38 19 16 11 50 45 12 22 9 5 0 35 6 20 46 
15 46 33 32 2 17 23 32 30 25 49 6 3 45 47 50 26 47 0 19 33 11 
13 33 2 23 40 30 31 7 2 34 13 23 4 43 16 4 33 36 40 0 12 6 
39 42 13 44 43 18 26 10 30 39 37 37 36 3 14 32 10 13 38 43 0 25 
28 41 37 33 50 2 32 47 43 11 29 22 5 24 41 40 29 47 13 5 48 0 
23 0 46 26 37 19 41 2 22 24 24 3 19 31 11 2 26 12 43 16 45 13 
37 28 0 8 15 31 29 24 43 31 16 25 38 28 6 46 12 47 32 12 30 26 
20 38 27 0 3 24 14 40 14 18 5 47 11 35 36 18 19 22 38 12 29 29 
43 8 28 32 0 4 6 7 14 16 12 5 15 38 17 41 32 13 8 16 34 29 
14 12 28 27 43 0 20 28 43 25 44 50 1 47 28 31 49 21 20 8 33 50 
2 43 43 47 48 20 0 28 37 10 30 47 45 50 29 46 50 6 12 36 30 22 
41 18 5 14 42 40 10 0 33 42 39 8 1 29 12 20 36 31 46 1 50 6 
15 15 4 7 47 50 35 49 0 16 9 23 4 29 12 25 38 33 6 31 19 5 
19 42 39 44 21 17 27 15 25 0 16 36 30 16 26 4 2 8 45 40 26 35 
26 30 36 48 1 1 45 48 48 40 0 20 32 2 47 24 15 13 27 33 9 35 
41 43 37 25 14 36 21 37 25 12 41 0 44 20 43 12 4 47 21 17 32 17 
28 27 16 49 14 30 31 37 46 19 8 17 0 50 35 37 49 24 37 16 25 12 
23 29 30 38 32 5 12 12 16 6 17 28 18 0 14 17 21 26 1 7 41 50 
30 44 34 27 21 9 25 5 24 35 1 7 5 5 0 49 37 11 32 26 20 25 
30 13 41 39 33 21 21 29 48 36 10 34 12 43 35 0 47 12 12 46 37 8 
43 22 16 21 13 9 19 35 15 20 31 22 26 1 31 43 0 39 39 38 5 26 
26 49 42 24 44 12 14 41 50 20 30 33 18 38 42 26 19 0 20 13 2 44 
34 17 29 13 37 43 5 4 24 24 9 32 32 17 23 24 48 20 0 47 6 45 
15 50 2 39 9 14 40 18 21 19 26 4 33 43 33 14 11 7 20 0 10 37 
27 46 21 2 36 21 20 2 21 50 16 46 50 20 17 27 24 29 30 16 0 37 
4 5 34 29 50 25 40 11 37 13 28 47 9 38 4 32 38 23 43 20 16 0 
50 0 20 11 8 33 24 17 37 38 29 40 44 50 24 42 38 23 36 47 30 41 
35 38 0 38 50 42 32 14 46 37 6 38 46 21 4 36 24 21 17 2 24 25 
50 35 38 0 3 9 15 13 44 15 37 46 40 26 16 33 23 9 42 42 4 41 
2 23 3 49 0 29 20 6 14 3 20 46 7 17 36 3 1 47 33 17 1 2 
22 20 42 6 46 0 39 4 1 13 26 10 21 34 49 12 35 4 31 45 7 31 
13 18 1 34 9 31 0 30 23 12 10 26 3 39 30 4 11 44 33 32 2 13 
40 44 36 37 34 37 42 0 16 43 3 23 44 22 9 2 42 23 37 9 25 29 
2 16 35 18 45 19 9 25 0 11 48 14 5 18 23 24 15 48 26 44 39 8 
19 7 3 9 18 21 2 20 22 0 46 23 28 35 39 28 2 19 39 19 33 42 
33 6 9 39 5 37 29 27 25 12 0 16 36 22 34 10 32 10 28 48 7 5 
40 2 42 28 33 35 46 14 30 38 25 0 6 16 37 2 45 21 13 35 24 43 
47 35 7 42 13 6 19 20 10 12 22 27 0 37 43 4 18 12 22 2 33 14 
46 25 42 31 6 48 8 38 39 15 13 34 12 0 44 17 35 36 20 30 27 44 
21 27 4 30 30 44 48 27 9 41 33 42 29 2 0 11 16 12 8 9 12 33 
21 47 9 44 25 50 38 34 27 2 23 6 21 26 48 0 38 2 27 4 10 12 
30 24 30 43 33 42 6 19 24 13 22 16 11 50 30 46 0 37 5 44 11 43 
33 40 11 36 9 26 13 29 10 32 5 3 22 41 23 29 2 0 42 8 32 16 
3 40 2 41 10 26 18 43 16 22 11 49 19 48 35 20 7 25 0 17 44 41 
14 31 17 13 40 10 8 17 36 13 36 30 28 31 1 9 46 50 1 0 45 36 
45 10 45 4 3 44 38 9 45 18 42 39 26 39 9 35 28 20 17 11 0 26 
31 9 25 20 42 18 35 11 12 26 16 49 5 20 21 23 10 38 17 20 9 0 
41 0 46 45 41 3 42 42 25 18 30 34 35 11 15 2 21 34 12 27 4 49 
34 42 0 26 40 21 20 38 13 19 33 1 41 18 40 14 30 29 39 26 43 37 
44 46 33 0 15 45 5 20 3 26 26 41 17 11 8 4 19 2 32 23 5 12 
50 48 34 44 0 44 25 38 41 5 23 1 11 12 40 46 44 26 27 15 18 11 
43 7 11 24 7 0 33 11 11 28 8 3 39 25 44 49 49 21 1 30 33 12 
21 4 40 6 49 18 0 8 26 26 5 9 37 2 8 41 24 21 37 43 28 30 
28 16 49 23 38 46 48 0 46 6 26 35 36 49 22 4 21 19 9 15 3 36 
2 3 44 2 23 37 9 25 0 1 15 38 5 32 44 38 41 33 11 22 11 31 
21 30 24 2 4 36 38 3 2 0 28 28 25 45 26 14 6 22 15 10 40 21 
5 12 48 31 17 29 16 31 36 48 0 44 43 6 32 24 20 50 20 2 21 22 
49 38 10 31 38 18 25 36 12 47 13 0 22 10 16 19 27 22 37 7 22 23 
17 31 35 33 40 45 41 36 22 46 9 19 0 49 7 25 38 1 30 11 41 46 
24 2 32 22 46 16 5 44 29 33 45 49 50 0 32 7 26 49 49 24 35 50 
40 1 4 3 12 10 44 39 21 8 47 32 27 43 0 29 3 11 44 30 36 43 
44 14 14 20 49 25 18 13 3 31 38 7 46 35 2 0 28 19 34 6 11 5 
8 25 48 18 23 40 29 23 38 5 45 50 8 47 37 40 0 33 14 35 27 27 
19 28 9 25 32 9 28 26 42 11 24 25 39 36 39 16 3 0 26 36 39 41 
15 26 44 8 38 38 15 38 36 21 22 35 28 40 48 39 44 42 0 31 2 47 
46 45 21 26 20 11 48 24 31 38 50 39 37 5 2 16 18 44 21 0 13 38 
6 40 3 41 11 47 42 28 9 35 5 38 44 19 32 23 33 19 27 18 0 14 
5 34 22 46 42 36 47 24 27 48 10 40 10 40 5 19 36 10 15 7 47 0 
22 0 3 45 2 44 36 20 44 35 26 45 45 25 2 7 31 45 19 12 46 4 
33 38 0 46 48 35 29 27 5 48 9 13 12 17 33 31 27 45 49 50 27 30 
42 22 16 0 45 35 39 49 38 42 41 4 11 44 40 16 50 4 10 7 44 40 
38 18 32 34 0 8 19 26 5 50 21 12 20 24 42 16 30 4 50 41 29 17 
7 18 10 1 24 0 44 15 27 42 40 44 34 41 4 5 34 11 27 21 23 34 
42 21 42 42 20 48 0 50 21 50 10 17 15 23 32 50 23 34 35 25 12 28 
8 32 19 36 33 38 12 0 46 43 23 20 7 34 15 48 18 9 5 46 16 7 
42 30 27 19 19 22 6 12 0 28 43 47 12 7 35 40 24 6 37 10 39 26 
8 38 48 9 40 18 2 6 25 0 30 29 46 21 16 2 42 18 15 17 6 35 
15 30 23 46 27 31 9 44 4 18 0 36 27 32 35 43 30 11 30 5 4 6 
4 13 19 16 36 19 38 33 39 23 44 0 33 41 43 8 25 14 13 38 44 12 
22 13 43 20 40 32 9 12 7 36 12 3 0 29 12 18 5 30 42 12 21 12 
15 46 43 44 41 42 36 6 48 17 17 10 44 0 32 1 26 46 47 37 30 21 
32 38 33 31 13 32 40 20 34 22 26 24 1 7 0 17 1 27 49 41 24 7 
10 19 45 43 35 30 17 29 35 45 26 42 42 33 9 0 10 13 28 11 46 36 
14 46 42 37 44 26 35 26 20 49 46 6 14 23 20 38 0 39 29 2 24 41 
50 27 1 33 10 25 8 41 14 21 31 28 22 46 23 4 7 0 41 5 33 4 
16 47 30 36 28 10 40 23 25 50 9 23 45 15 19 42 4 35 0 1 27 36 
6 28 16 28 43 28 47 35 32 38 47 42 38 34 31 21 48 32 15 0 18 19 
40 22 22 6 27 31 4 12 3 7 4 6 19 11 19 15 8 36 33 44 0 38 
43 12 13 31 7 31 39 22 7 3 37 10 17 16 7 44 22 16 48 44 23 0 
29 0 31 43 37 20 24 13 6 40 47 33 25 31 47 10 10 26 20 50 16 41 
47 5 0 18 47 2 45 13 22 37 20 36 50 16 14 32 20 45 38 8 26 16 
18 6 4 0 35 37 20 47 34 47 47 48 28 32 33 27 25 41 19 30 50 35 
4 28 47 25 0 15 34 29 41 31 32 43 40 26 29 49 14 12 15 26 16 38 
40 23 38 23 34 0 32 5 45 5 20 28 27 32 15 29 7 10 23 36 19 44 
16 15 6 39 7 4 0 29 11 29 4 5 35 47 14 6 10 3 31 3 24 46 
27 13 15 14 44 15 21 0 8 2 43 40 47 44 25 9 33 35 28 28 27 34 
26 16 24 43 35 1 24 48 0 8 42 34 46 49 40 3 41 25 13 39 9 4 
27 12 16 38 4 40 47 27 19 0 4 25 47 12 1 47 42 22 9 15 47 10 
45 1 6 2 46 35 7 43 10 15 0 39 19 30 50 5 8 5 32 12 27 21 
39 39 10 49 37 39 6 49 4 5 25 0 12 45 33 11 10 37 9 5 41 35 
10 39 37 29 32 2 43 34 17 28 4 21 0 39 6 13 47 3 9 47 1 44 
6 11 14 8 36 18 44 49 19 24 7 36 37 0 30 50 24 21 6 38 13 15 
38 27 22 41 6 27 49 14 34 50 9 40 41 4 0 28 23 21 47 34 49 36 
48 5 47 36 3 26 13 23 32 4 9 38 30 19 34 0 43 17 30 41 46 35 
36 24 49 46 46 27 23 1 50 9 4 15 29 41 23 26 0 6 4 1 36 41 
2 47 50 2 12 36 45 31 5 17 44 4 2 13 31 49 40 0 8 50 41 23 
33 45 6 24 1 28 12 17 12 27 41 10 44 34 27 49 44 34 0 41 28 21 
46 43 11 12 28 28 42 28 17 47 1 46 19 20 3 45 29 11 8 0 33 14 
44 40 3 44 8 30 5 50 46 24 9 13 2 37 2 45 13 24 1 20 0 40 
46 31 40 15 25 14 25 5 16 24 34 45 8 3 3 8 18 20 49 38 28 0 
21 0 23 43 33 18 33 1 50 16 37 8 14 24 49 10 14 29 34 16 31 46 
31 1 0 26 18 44 35 50 38 45 5 2 33 13 25 8 48 33 8 31 24 5 
50 37 27 0 32 35 5 43 44 40 37 34 7 33 41 23 17 15 24 49 2 13 
22 33 6 32 0 11 24 3 17 46 26 36 7 41 31 14 50 37 10 31 7 44 
5 19 19 26 31 0 35 35 31 18 35 33 23 43 29 4 21 1 24 31 41 28 
44 11 48 1 42 10 0 10 18 29 14 19 45 19 17 15 38 6 31 40 18 37 
29 42 4 34 49 3 11 0 29 36 37 50 16 17 12 8 21 25 39 25 26 13 
40 21 15 29 24 12 40 33 0 45 43 42 23 41 16 20 45 18 43 8 50 39 
44 28 19 29 3 6 7 18 31 0 42 15 43 25 40 21 39 6 25 41 21 47 
41 44 9 44 26 46 39 26 8 47 0 18 27 24 46 43 46 50 22 7 33 16 
14 1 27 31 17 27 49 6 12 18 17 0 29 43 3 34 10 36 28 10 19 42 
24 46 48 17 1 44 28 44 6 4 35 39 0 31 27 43 33 13 9 20 41 20 
47 29 1 48 31 44 9 36 14 44 47 14 25 0 41 6 29 14 17 34 21 13 
6 15 32 40 13 26 42 28 23 19 41 29 22 28 0 18 47 19 20 50 19 8 
43 10 39 25 7 37 38 4 50 43 37 20 8 41 15 0 20 8 19 19 18 9 
42 25 6 36 3 14 38 32 46 47 34 2 6 14 5 44 0 16 6 39 5 24 
24 27 5 9 15 37 4 28 11 2 32 2 49 1 36 34 40 0 4 23 50 22 
5 46 3 19 2 27 10 27 43 13 30 14 35 18 48 1 27 38 0 27 35 5 
35 45 3 50 7 13 20 11 26 3 17 5 2 20 32 3 41 14 10 0 44 2 
19 39 2 39 15 33 38 33 14 16 46 16 18 21 1 1 19 46 15 41 0 16 
17 11 14 9 34 49 17 49 36 25 18 41 4 16 7 1 12 43 30 32 28 0 
13 0 37 21 40 35 49 31 2 23 19 46 3 36 2 29 39 30 31 35 21 34 
28 42 0 29 25 15 5 45 50 7 3 35 9 39 5 25 44 20 49 50 37 47 
14 7 22 0 38 18 14 29 13 33 12 46 12 44 35 46 42 15 20 45 37 3 
16 16 12 45 0 48 47 4 45 11 33 35 35 38 15 35 8 38 47 41 17 38 
25 41 39 48 45 0 21 30 2 5 30 6 1 45 49 42 10 44 21 18 25 18 
23 30 12 27 7 20 0 11 34 28 24 4 20 16 41 25 24 47 3 26 25 44 
6 3 29 35 43 17 44 0 48 44 27 24 43 20 3 12 28 22 38 2 19 18 
28 6 2 31 30 8 17 37 0 48 18 42 50 25 17 27 33 43 14 4 18 37 
34 48 31 28 46 39 14 46 26 0 16 25 6 26 29 47 27 5 14 9 27 11 
47 9 33 43 45 36 35 45 29 25 0 48 2 32 44 9 22 3 34 19 4 41 
22 3 17 44 50 39 30 6 38 1 45 0 41 26 38 39 49 36 1 4 29 2 
47 41 28 5 44 36 39 6 2 31 41 23 0 21 25 6 16 49 46 48 6 39 
42 24 4 11 7 6 21 24 17 33 16 26 40 0 26 12 40 40 6 3 42 1 
36 21 4 18 6 14 33 33 38 6 6 24 14 6 0 18 24 45 38 31 18 32 
35 48 26 48 31 49 45 27 9 40 45 14 38 6 4 0 50 43 2 43 38 41 
30 28 10 3 26 21 45 16 46 19 23 25 19 2 23 29 0 21 25 15 39 7 
29 16 11 10 26 1 14 25 2 36 38 30 42 6 20 17 46 0 6 29 50 11 
14 21 23 40 19 5 31 21 22 27 28 50 35 2 12 49 43 50 0 21 32 42 
44 33 35 45 28 46 3 13 26 20 37 39 46 15 45 39 20 8 47 0 33 4 
30 10 11 31 7 5 9 18 3 6 9 19 20 21 38 39 46 41 9 28 0 9 
47 8 42 11 40 37 17 11 23 43 25 49 38 14 24 25 14 22 42 45 45 0 
24 0 14 28 21 26 45 7 1 25 17 38 5 46 34 2 19 20 18 18 42 8 
30 13 0 34 20 33 7 15 14 32 20 17 33 14 23 45 14 41 14 43 11 11 
49 27 37 0 44 43 30 23 7 45 4 25 4 38 45 2 45 1 44 38 43 37 
44 47 21 22 0 32 11 7 5 30 5 26 32 47 31 36 48 27 40 27 42 8 
38 17 43 30 26 0 29 43 20 41 20 5 18 24 6 31 16 22 12 20 16 2 
15 50 49 23 41 14 0 16 47 25 4 11 2 29 6 30 29 43 6 33 15 35 
40 35 21 14 24 26 6 0 32 5 29 8 26 6 23 18 44 7 36 16 28 24 
17 16 45 16 45 50 1 38 0 29 6 38 2 17 26 15 29 10 18 38 10 15 
20 26 3 26 24 33 13 35 37 0 21 17 37 12 24 20 27 49 29 26 6 45 
26 24 21 24 40 48 3 16 48 18 0 28 18 9 47 41 42 40 22 17 38 4 
43 36 21 16 6 3 46 2 11 40 12 0 5 21 45 3 33 3 35 36 10 19 
40 3 40 19 4 27 29 36 9 7 10 18 0 41 34 39 1 9 34 45 8 15 
37 29 16 14 38 3 39 9 38 38 32 28 35 0 3 33 31 47 2 26 17 17 
3 34 3 37 31 11 15 32 44 1 42 3 5 4 0 25 25 5 17 25 41 27 
21 19 29 41 7 31 6 21 12 33 19 41 48 34 45 0 13 28 8 42 25 28 
45 38 40 26 31 50 8 6 43 36 2 27 40 32 15 25 0 47 24 31 9 12 
32 19 23 12 7 20 30 13 28 9 34 16 50 27 31 39 16 0 26 32 49 15 
20 47 18 15 8 2 31 38 31 34 12 17 16 13 20 18 14 24 0 30 28 44 
15 27 19 11 41 6 34 37 32 48 49 11 48 13 22 6 48 49 18 0 50 25 
48 26 22 50 35 14 12 21 2 3 2 21 21 6 21 49 4 18 47 47 0 2 
50 36 13 7 18 1 49 12 16 25 12 28 20 18 1 47 11 7 42 23 16 0 
30 0 46 48 40 28 7 2 7 44 32 22 4 24 48 41 10 44 17 14 14 10 
36 29 0 40 43 1 39 20 3 43 12 5 24 36 21 41 16 17 41 44 47 5 
22 44 41 0 25 47 20 11 38 18 40 28 10 7 44 18 8 47 27 19 33 5 
2 20 18 30 0 38 28 1 44 28 26 21 17 5 14 36 50 19 5 19 9 16 
26 22 27 15 30 0 27 24 8 21 15 25 15 1 21 24 23 45 9 43 11 44 
41 14 7 43 2 30 0 32 9 28 22 1 24 40 27 48 41 16 9 1 28 37 
7 12 47 3 5 44 12 0 27 24 46 27 49 22 36 8 20 22 28 47 42 50 
43 43 25 41 11 45 26 33 0 30 1 42 34 8 34 3 11 41 47 37 21 32 
5 26 24 26 18 42 41 21 44 0 31 5 37 37 14 19 23 12 45 49 37 45 
44 46 35 15 15 2 6 10 32 31 0 10 21 19 39 18 1 16 43 4 36 12 
37 20 37 48 21 20 35 38 29 3 38 0 35 37 11 31 40 11 3 40 35 12 
12 1 45 16 18 26 2 23 46 2 46 1 0 34 8 27 49 18 44 32 22 22 
3 28 23 37 32 29 37 12 6 41 14 1 50 0 26 20 43 32 4 45 33 16 
33 2 42 34 4 4 5 41 43 9 9 14 41 9 0 23 23 30 37 48 15 12 
41 11 33 1 34 32 7 7 37 41 38 39 7 20 26 0 31 3 28 25 33 21 
13 32 5 37 10 17 47 20 3 18 48 18 4 42 41 9 0 34 20 22 48 35 
7 19 22 26 34 39 47 43 27 9 23 32 42 29 30 29 14 0 25 16 10 37 
34 24 41 21 3 28 36 22 20 9 4 36 36 6 14 34 12 26 0 28 1 28 
27 10 25 36 13 14 12 31 20 46 6 38 49 24 45 32 5 32 11 0 12 21 
7 50 20 47 7 23 17 45 3 49 39 10 10 8 15 16 35 40 15 24 0 41 
50 13 48 48 38 33 19 3 8 44 17 39 7 20 10 6 40 7 41 45 37 0 
18 0 47 18 29 39 16 31 16 20 42 47 38 31 8 38 22 49 19 41 49 42 
45 5 0 23 21 4 39 5 11 46 34 24 29 5 33 16 31 20 49 18 38 38 
38 3 20 0 2 26 13 22 34 41 38 1 47 45 23 42 46 8 36 28 26 6 
25 9 23 10 0 27 25 22 41 30 21 23 11 5 8 3 3 20 28 27 34 27 
5 46 24 33 10 0 10 24 36 12 13 41 12 32 14 44 48 43 50 38 50 43 
12 17 28 36 40 16 0 40 44 39 9 1 43 29 20 13 50 27 17 15 49 6 
18 9 33 49 23 44 9 0 5 28 28 39 34 34 43 30 46 47 20 45 35 43 
23 4 40 20 3 44 32 49 0 16 33 23 2 38 44 9 45 37 17 22 31 39 
12 31 12 9 46 28 34 4 31 0 48 21 14 14 45 5 44 30 21 1 28 7 
12 46 17 33 46 49 22 1 10 3 0 23 5 5 12 23 28 11 8 17 49 46 
35 36 3 38 24 50 4 2 8 47 22 0 3 32 50 36 46 27 50 29 12 3 
21 45 48 10 10 34 32 16 19 13 34 30 0 12 28 10 14 45 23 50 18 50 
3 6 2 2 23 12 38 33 34 8 39 37 43 0 14 42 6 29 15 16 22 37 
39 35 38 24 21 23 27 33 33 28 29 44 4 19 0 39 46 8 38 22 45 34 
36 6 46 43 19 14 19 8 17 8 35 47 13 14 22 0 14 29 2 40 12 50 
2 30 10 43 40 45 3 11 21 28 44 27 4 4 29 43 0 31 3 9 8 25 
16 20 45 48 41 6 17 32 30 36 33 34 34 34 26 36 1 0 29 19 16 48 
47 31 41 20 10 11 44 22 48 50 31 4 26 36 11 16 46 50 0 40 37 29 
41 43 12 44 21 21 4 7 31 24 41 42 27 20 40 4 28 32 45 0 24 11 
32 36 2 30 8 48 16 20 6 30 29 30 20 6 39 30 27 40 41 40 0 15 
18 26 41 12 49 17 21 13 18 18 46 13 18 10 7 10 14 13 23 38 38 0 
25 0 45 12 13 8 15 2 25 1 43 5 34 47 15 10 12 18 10 32 45 8 
38 12 0 34 17 2 47 32 20 14 27 18 3 28 43 32 29 50 42 2 20 39 
18 26 41 0 30 22 45 47 49 46 3 42 43 30 38 34 29 46 6 19 20 5 
38 16 38 32 0 19 22 29 33 19 19 30 26 19 21 36 44 38 31 2 36 21 
19 25 26 10 48 0 6 49 1 5 36 34 50 34 30 11 3 48 3 23 19 16 
28 35 12 17 12 17 0 48 36 8 26 18 35 34 20 42 12 23 22 17 31 33 
15 33 47 27 36 41 26 0 41 40 28 29 18 6 41 40 14 43 37 39 1 16 
47 11 16 16 1 11 20 42 0 26 32 7 38 33 13 3 16 41 26 26 22 45 
18 49 39 18 29 29 2 49 30 0 36 28 30 18 18 23 31 12 35 30 7 50 
15 46 23 30 23 29 38 49 2 11 0 14 29 21 29 12 28 49 22 33 18 44 
47 46 29 9 15 46 30 35 30 42 46 0 16 46 4 3 17 38 6 1 15 50 
28 26 15 1 48 39 11 4 13 13 48 39 0 7 19 1 44 21 8 33 8 14 
23 20 18 14 26 26 10 12 11 17 33 3 44 0 19 21 15 9 18 7 20 32 
17 29 49 28 39 36 3 23 17 48 18 8 36 6 0 6 47 38 22 14 2 42 
3 47 15 36 13 50 30 30 13 41 26 38 33 6 42 0 19 36 37 41 8 40 
44 19 16 46 8 13 15 18 21 46 44 19 41 15 32 35 0 42 26 36 23 44 
4 8 42 20 4 50 15 29 2 36 23 45 3 9 28 49 41 0 6 38 15 13 
42 45 32 20 43 42 10 35 45 11 5 35 46 40 12 24 27 4 0 13 50 40 
20 11 21 24 38 6 4 36 2 21 49 9 32 12 13 10 50 12 9 0 6 44 
8 25 19 10 7 19 17 26 14 2 25 15 23 23 34 12 46 5 37 7 0 49 
43 41 7 27 15 28 49 14 27 43 5 45 46 13 37 3 15 32 37 38 10 0 
38 0 20 25 44 9 40 30 49 4 8 22 50 46 15 34 13 34 42 42 19 12 
38 10 0 20 21 28 11 48 9 32 24 1 19 39 6 22 32 33 7 39 20 16 
23 35 34 0 46 1 49 3 41 31 40 46 19 49 50 10 6 24 31 30 33 40 
22 35 22 31 0 7 9 13 31 1 35 3 50 47 15 25 36 25 28 13 45 19 
2 34 5 1 41 0 6 12 27 10 27 10 37 26 2 1 13 16 44 40 41 11 
30 5 43 20 2 36 0 36 20 49 3 18 39 22 20 1 17 31 16 4 2 4 
42 9 44 13 22 14 24 0 24 10 34 23 4 9 23 30 13 31 40 20 26 8 
12 24 42 49 5 32 1 46 0 35 29 37 39 7 39 47 50 8 31 23 12 46 
39 19 45 35 13 48 21 5 50 0 27 34 26 47 30 35 2 14 18 32 24 29 
25 6 37 16 3 35 34 13 23 9 0 48 14 12 23 6 48 15 42 34 30 42 
35 2 4 14 10 9 12 48 44 14 41 0 39 18 14 13 9 20 11 14 38 42 
28 18 36 12 35 7 30 5 50 26 49 44 0 37 40 4 33 2 43 26 22 16 
30 46 7 26 45 9 43 39 46 31 21 42 1 0 8 35 18 2 26 2 33 44 
45 38 43 45 31 25 10 27 18 19 38 17 27 48 0 23 29 37 41 48 38 17 
4 45 28 3 37 32 20 15 1 18 24 40 22 35 8 0 15 31 14 35 34 13 
29 13 33 26 24 11 12 39 16 35 4 46 28 41 44 16 0 43 45 43 40 12 
17 2 14 27 5 14 15 15 6 28 14 4 4 26 32 46 27 0 13 22 8 27 
36 33 21 45 45 44 15 49 39 20 43 44 2 12 12 19 50 20 0 48 47 24 
10 7 41 42 24 16 12 21 17 32 21 32 35 32 19 44 32 11 20 0 1 16 
18 9 21 11 3 15 21 27 28 44 25 12 3 26 27 30 4 21 29 4 0 29 
23 38 23 12 17 30 44 26 18 10 28 47 8 43 49 21 31 22 2 41 44 0 
39 0 39 46 21 33 7 43 15 28 40 41 48 38 45 22 48 49 37 35 27 2 
10 34 0 47 15 45 33 28 9 24 50 28 13 36 34 49 27 42 34 24 2 11 
40 20 37 0 50 21 48 28 23 33 35 17 15 43 30 6 49 6 38 24 15 7 
5 40 14 35 0 3 12 23 21 7 3 12 26 41 20 14 11 15 24 35 1 36 
41 15 11 49 43 0 5 44 29 36 47 50 37 5 35 31 23 15 19 37 5 3 
26 33 6 39 3 10 0 42 39 42 15 40 15 21 15 25 4 37 10 8 30 43 
22 7 12 39 37 36 34 0 38 1 6 48 46 34 16 33 5 10 41 45 3 41 
45 33 11 23 34 21 6 20 0 29 9 30 26 10 4 27 45 1 16 25 8 2 
41 9 42 19 38 49 43 50 27 0 20 13 27 3 27 25 2 16 3 15 29 19 
22 47 19 21 24 12 7 10 10 25 0 21 46 40 4 24 19 4 47 23 13 20 
2 40 18 49 8 27 3 44 35 14 10 0 29 33 20 13 24 49 14 37 37 40 
18 46 42 32 14 24 2 33 12 6 43 16 0 49 20 7 1 22 16 35 4 17 
25 11 11 17 7 35 11 46 5 33 37 27 31 0 35 45 26 17 45 4 2 11 
23 8 18 14 35 50 7 23 28 49 2 33 23 44 0 35 31 16 8 39 41 37 
8 24 6 40 18 36 13 25 5 22 32 3 6 2 3 0 44 4 22 36 5 24 
28 35 35 45 8 41 10 46 2 38 16 11 25 16 35 12 0 24 17 14 44 48 
23 28 21 30 18 42 32 38 13 36 4 37 14 30 39 22 46 0 11 45 4 30 
4 34 17 43 32 37 19 32 30 5 22 11 26 5 7 15 15 41 0 50 28 8 
39 2 12 24 11 37 47 41 29 7 19 41 18 19 44 5 37 36 6 0 14 7 
33 32 32 26 39 25 32 8 31 20 46 26 23 15 32 5 20 22 50 23 0 41 
1 48 4 21 8 36 14 11 29 5 45 15 2 7 21 30 48 23 12 15 34 0 
49 0 38 24 15 46 5 13 50 18 15 6 42 16 33 34 29 6 31 39 19 48 
3 15 0 1 12 22 9 12 25 22 50 39 8 8 3 11 30 6 13 32 1 11 
11 41 40 0 23 36 24 38 2 43 42 23 46 37 47 23 23 4 24 46 2 25 
46 16 17 34 0 8 30 23 49 1 19 7 18 37 42 25 12 39 36 35 24 24 
30 8 16 13 22 0 6 39 8 2 39 37 50 36 16 26 23 39 29 45 15 3 
42 24 17 28 50 6 0 49 12 16 39 11 28 1 17 8 2 22 36 25 35 42 
49 30 21 19 2 27 49 0 39 50 8 41 10 22 38 34 50 36 23 1 41 46 
37 1 26 23 35 49 18 22 0 18 43 20 31 11 44 45 46 10 49 30 50 24 
16 32 21 18 30 29 24 2 36 0 14 24 45 47 12 30 46 46 17 28 32 18 
32 15 21 30 11 45 40 5 26 25 0 22 41 23 22 19 6 6 6 21 44 20 
33 30 47 36 15 32 15 1 15 33 2 0 19 6 34 17 50 38 19 34 35 48 
10 40 3 4 24 41 11 40 40 11 7 38 0 48 50 36 25 44 47 14 26 5 
12 43 20 23 17 38 3 7 18 37 37 10 23 0 23 40 45 32 41 41 5 11 
25 22 46 31 9 35 32 25 45 23 21 9 44 48 0 48 33 32 8 4 8 34 
23 24 21 29 26 27 46 31 12 6 23 21 44 38 21 0 25 42 9 3 22 32 
24 15 16 1 29 25 43 12 1 34 37 47 27 2 48 26 0 3 33 8 36 45 
33 17 49 39 50 10 27 9 41 49 1 37 3 50 10 5 28 0 48 3 3 20 
12 22 36 25 18 37 24 50 40 26 46 36 37 42 48 18 13 29 0 15 17 3 
11 35 37 11 25 3 39 21 25 36 6 33 26 21 45 13 14 33 24 0 4 10 
1 24 6 1 16 9 12 37 16 19 38 37 17 2 38 50 15 44 35 36 0 29 
15 40 41 3 12 21 4 6 49 46 42 14 44 10 12 31 10 9 44 27 35 0 
9 0 18 18 47 9 20 8 13 50 40 40 19 31 37 34 15 48 5 38 9 32 
18 23 0 47 24 23 42 27 19 5 35 41 9 45 6 23 23 7 3 1 46 43 
49 7 3 0 45 14 24 28 16 12 5 7 19 3 42 45 22 24 37 28 32 44 
45 5 49 11 0 36 31 12 43 42 2 37 13 39 19 17 44 29 10 19 49 3 
43 31 35 40 42 0 15 28 1 34 17 24 15 49 4 2 4 35 28 43 16 24 
21 3 20 7 15 23 0 29 28 45 28 10 33 42 2 25 15 22 45 16 35 42 
8 36 14 48 40 15 15 0 40 44 32 26 34 30 23 28 15 33 28 42 49 23 
39 40 14 32 8 3 28 40 0 14 34 27 32 33 14 18 6 9 26 9 15 38 
2 46 34 49 13 30 47 50 39 0 17 25 36 19 20 46 50 17 32 13 37 1 
30 49 49 3 47 10 10 10 24 2 0 34 35 35 38 44 31 34 46 23 32 40 
26 17 3 46 14 44 22 6 43 44 46 0 29 38 22 47 35 47 16 21 37 40 
15 15 42 2 34 32 3 20 34 36 40 6 0 12 5 32 47 7 33 16 39 5 
32 9 38 6 48 17 47 46 37 31 3 45 50 0 11 2 12 45 31 13 20 36 
10 9 6 24 26 17 16 39 40 33 6 49 36 34 0 7 5 46 36 16 6 24 
47 6 38 11 12 45 31 36 13 3 3 19 19 22 50 0 32 33 22 50 32 8 
47 49 47 47 15 27 45 8 50 46 48 15 12 14 3 18 0 13 15 23 36 4 
28 31 3 30 18 13 7 23 13 14 16 24 17 50 8 42 15 0 48 18 36 29 
13 8 6 4 7 9 47 14 21 8 28 47 4 19 19 44 17 47 0 15 38 35 
37 32 33 42 45 14 46 27 49 18 5 1 26 15 23 48 27 11 4 0 10 10 
43 7 38 27 14 32 39 48 48 1 4 48 44 27 26 23 13 12 45 1 0 37 
22 41 24 47 29 4 46 47 41 37 11 28 26 45 26 46 15 32 33 8 30 0 
1 0 17 1 3 32 39 47 25 14 49 9 9 23 21 16 14 31 35 28 44 1 
8 15 0 43 20 19 33 1 28 49 31 13 44 8 21 24 24 44 47 16 49 22 
27 38 2 0 19 3 24 10 32 34 47 6 14 29 44 3 9 34 14 7 47 48 
16 19 47 16 0 16 50 43 41 37 39 13 46 30 31 27 41 1 16 9 42 46 
15 34 8 31 29 0 28 22 15 11 33 9 3 25 12 20 6 4 38 25 18 42 
47 9 43 18 50 14 0 27 18 33 49 49 5 2 1 36 39 35 37 23 21 26 
27 6 4 44 5 19 8 0 36 47 28 35 25 4 18 25 15 14 30 14 45 48 
28 35 11 48 23 12 34 18 0 20 2 2 47 17 21 4 40 25 46 46 19 33 
37 21 14 31 48 33 12 24 22 0 8 10 27 28 50 21 44 47 32 7 24 18 
27 27 33 29 38 48 21 26 39 35 0 19 27 16 42 14 47 17 26 30 23 44 
49 45 43 21 39 22 33 47 28 14 39 0 45 15 10 45 32 3 11 35 41 49 
33 24 41 50 13 8 7 47 30 7 28 2 0 24 29 33 41 8 50 27 39 30 
12 21 30 32 1 32 20 16 15 16 45 32 46 0 17 21 2 21 27 14 27 50 
49 8 12 43 41 31 13 41 45 11 9 3 19 22 0 3 12 19 12 27 38 31 
16 41 33 21 29 13 12 39 38 23 14 13 30 14 14 0 19 39 11 1 8 26 
20 5 36 30 27 46 19 41 2 15 37 39 19 33 17 29 0 23 13 19 1 2 
7 38 46 41 40 8 40 43 31 2 26 31 6 46 37 47 41 0 2 18 44 49 
37 9 27 24 11 31 47 40 16 48 33 7 24 13 17 41 40 38 0 38 29 48 
22 13 12 9 14 37 30 32 32 12 2 8 4 21 30 20 17 29 28 0 43 4 
15 5 44 24 33 33 21 7 2 14 31 15 1 15 46 16 15 48 45 18 0 8 
34 37 31 49 20 43 37 22 23 9 10 36 45 7 9 18 35 31 4 10 26 0 
