21
20
1 0 7 20 2 12 39 15 37 13 26 49 41 1 24 33 33 44 41 20 7 
40 8 0 16 35 35 48 8 5 31 29 45 47 48 30 7 38 46 23 3 20 
2 25 9 0 18 16 8 16 4 40 23 34 46 36 33 32 44 42 36 17 15 
31 11 7 34 0 32 2 43 22 17 46 37 21 39 1 6 16 50 49 20 27 
32 4 15 8 45 0 49 11 16 48 13 46 11 6 38 39 42 19 25 36 14 
15 45 37 45 36 14 0 7 36 27 17 45 44 17 41 33 28 46 49 40 34 
41 28 24 5 50 27 15 0 2 12 15 47 25 13 6 12 38 17 20 23 32 
42 26 39 31 19 3 45 16 0 5 12 46 21 36 3 23 38 21 33 46 10 
49 6 25 13 20 20 31 11 29 0 46 12 26 27 8 42 16 39 44 37 47 
33 50 47 1 19 27 39 11 34 24 0 18 34 25 14 34 36 2 27 12 49 
23 34 37 10 50 21 44 28 11 8 50 0 27 47 49 27 49 10 24 45 43 
31 20 28 5 29 28 1 14 25 6 14 13 0 33 38 25 49 13 37 1 48 
33 12 50 26 25 41 38 27 37 35 27 28 32 0 19 18 4 7 32 32 23 
20 31 4 6 44 37 45 10 24 28 36 23 24 47 0 10 20 20 2 31 38 
41 24 27 41 30 37 31 14 20 22 43 32 6 29 29 0 3 9 45 33 39 
46 28 3 10 49 4 4 35 9 49 34 5 2 44 32 46 0 5 13 27 8 
6 32 40 3 36 5 17 46 19 8 12 26 20 42 43 13 21 0 18 43 26 
33 47 6 22 38 38 30 13 47 33 49 46 19 25 33 15 39 1 0 25 44 
37 9 17 1 37 9 36 10 2 19 26 37 21 1 26 10 26 18 15 0 48 
26 5 49 37 10 17 7 45 10 29 25 21 44 49 40 24 30 5 35 30 0 
2 0 20 11 28 8 12 25 19 50 24 39 21 36 27 19 32 11 31 42 21 
2 42 0 1 24 45 5 44 23 11 2 30 22 33 35 46 6 45 21 30 49 
42 39 45 0 37 40 4 35 17 30 8 14 50 14 15 29 11 19 38 34 3 
18 3 8 49 0 44 18 38 2 31 14 38 40 2 43 30 13 47 15 34 42 
21 27 43 4 39 0 31 8 19 6 36 37 7 38 27 31 39 32 47 43 23 
16 34 37 17 20 24 0 49 21 36 17 15 5 4 42 33 41 10 4 11 13 
10 20 46 46 27 32 3 0 25 12 41 31 50 22 12 26 37 41 27 34 15 
32 38 34 40 21 33 3 46 0 44 41 29 29 37 30 14 47 38 41 40 39 
22 24 10 45 37 15 33 43 16 0 46 50 33 21 46 32 23 37 7 25 45 
29 7 31 22 13 3 14 43 48 30 0 49 1 38 45 44 8 29 39 3 7 
1 11 31 49 41 46 8 41 49 41 11 0 32 16 45 11 16 44 38 33 34 
1 41 45 37 47 50 46 26 3 24 45 48 0 4 19 45 19 27 33 31 17 
45 24 44 7 20 18 35 44 35 28 15 41 7 0 20 6 11 16 45 2 42 
1 33 39 26 47 13 29 48 1 43 40 11 8 16 0 40 28 47 38 17 30 
16 3 42 25 9 4 41 34 13 34 4 32 32 40 17 0 13 36 19 11 7 
40 38 43 43 39 5 34 41 31 29 14 28 28 22 27 49 0 42 14 17 43 
23 45 35 17 40 8 29 18 50 28 43 28 28 10 41 29 10 0 50 37 5 
21 50 4 35 21 26 4 11 14 18 21 22 3 18 35 45 3 27 0 3 32 
27 16 42 4 36 36 1 19 32 48 39 43 28 13 22 23 41 50 47 0 14 
4 19 5 32 7 21 26 10 25 46 26 34 47 5 29 6 9 1 50 35 0 
26 0 36 30 16 30 29 45 41 46 13 5 3 30 40 28 8 12 10 47 16 
11 41 0 44 36 23 5 47 23 35 17 15 40 1 13 38 18 40 39 3 28 
26 36 15 0 13 42 23 5 7 28 21 44 50 4 35 24 36 42 44 44 25 
33 23 7 29 0 48 15 2 18 2 10 19 24 8 19 40 25 27 31 45 50 
1 40 45 14 24 0 16 36 17 39 3 27 46 46 28 46 4 30 36 15 27 
22 38 5 18 2 21 0 42 36 45 50 10 11 50 44 25 43 28 43 6 33 
29 36 29 50 34 24 28 0 30 24 36 46 41 17 18 29 14 35 28 13 4 
24 1 22 40 43 16 47 3 0 4 3 26 38 31 32 48 36 9 6 34 29 
43 13 12 10 4 19 45 32 16 0 11 8 1 30 2 10 28 14 39 7 19 
28 26 27 21 10 8 11 35 20 43 0 5 30 44 35 11 11 40 13 36 25 
21 15 37 43 45 26 8 29 22 21 23 0 20 49 16 2 18 36 42 50 47 
9 10 12 23 6 29 7 46 42 50 39 1 0 4 33 49 13 39 34 26 35 
1 32 13 50 21 36 31 29 34 44 25 48 14 0 40 16 11 4 15 37 17 
20 12 38 23 33 22 17 17 17 39 29 3 16 16 0 46 27 48 13 2 21 
48 28 13 49 25 41 38 14 17 38 9 24 48 10 15 0 40 45 40 18 50 
20 15 13 45 15 23 33 49 45 40 14 42 13 17 19 43 0 49 39 49 42 
34 3 50 30 31 6 5 7 1 7 32 8 45 3 2 34 16 0 19 35 2 
9 40 20 28 25 18 12 32 41 23 41 7 42 27 16 17 15 33 0 15 10 
18 26 48 38 8 7 47 11 15 35 27 31 5 47 33 45 33 23 5 0 13 
44 24 16 28 16 26 16 19 38 35 20 33 4 26 34 34 42 32 21 19 0 
21 0 1 17 7 46 10 2 45 44 22 35 42 29 2 16 45 10 20 23 32 
41 29 0 24 30 15 45 27 30 14 50 3 1 2 37 43 44 7 10 32 7 
24 22 26 0 16 1 28 5 3 11 40 24 22 10 39 29 43 28 38 42 2 
33 23 32 44 0 19 34 40 42 10 23 38 1 38 16 8 20 3 8 30 37 
40 25 20 25 27 0 31 41 14 9 1 16 20 18 31 24 2 41 33 47 17 
39 13 44 39 2 24 0 34 44 32 10 40 21 8 6 12 9 4 7 17 39 
43 27 34 10 7 18 34 0 8 43 7 29 21 12 13 49 28 31 32 23 4 
48 47 32 50 11 45 13 13 0 19 15 49 34 16 9 24 12 29 35 32 35 
40 26 2 26 31 19 10 46 7 0 34 28 23 35 14 41 46 46 35 49 12 
6 22 40 28 9 46 6 3 39 38 0 50 47 50 39 14 22 46 7 20 42 
36 17 6 35 38 26 49 2 18 28 17 0 44 36 20 29 19 37 25 18 35 
14 7 7 20 35 32 23 47 1 20 1 39 0 16 8 27 39 16 5 41 33 
47 4 36 12 22 6 11 31 10 45 35 22 40 0 35 29 30 11 36 1 6 
4 3 2 48 28 28 29 29 44 41 4 33 34 35 0 39 10 22 45 49 30 
21 42 38 6 36 30 50 32 29 47 28 30 5 35 30 0 45 3 38 35 44 
27 33 38 19 42 3 38 5 47 19 8 16 38 21 35 12 0 15 46 13 49 
28 48 50 47 13 24 28 50 6 44 8 34 11 5 3 39 5 0 19 15 33 
42 46 35 11 39 12 43 34 50 19 30 8 26 37 16 30 33 42 0 6 18 
25 39 50 3 12 25 5 33 19 47 7 46 32 30 7 33 13 40 8 0 1 
31 44 50 37 15 1 9 25 40 23 7 14 14 47 8 3 46 33 49 15 0 
8 0 11 16 4 12 34 26 46 30 33 18 43 35 5 38 32 40 13 38 12 
16 31 0 44 46 40 44 33 35 22 4 38 30 41 43 44 21 29 46 25 32 
25 14 46 0 7 6 14 30 9 10 27 14 34 45 38 50 27 18 20 15 19 
1 42 24 26 0 46 38 3 42 11 18 3 45 38 7 38 2 35 37 41 27 
15 24 26 45 41 0 4 35 3 43 18 4 10 32 7 31 33 40 20 11 19 
11 38 49 43 25 20 0 46 39 1 49 43 31 29 38 5 28 16 29 35 42 
3 50 50 44 14 43 13 0 32 27 5 13 15 26 23 16 27 26 34 21 22 
9 47 3 45 25 24 31 44 0 3 4 17 11 36 20 16 11 38 5 29 32 
7 15 12 46 36 28 5 7 23 0 28 2 33 9 14 34 6 48 5 19 41 
13 20 30 24 39 2 30 7 7 5 0 40 22 6 40 16 44 35 8 9 48 
19 25 21 25 2 35 3 22 36 10 14 0 33 36 38 20 37 36 39 8 35 
48 48 50 18 39 30 28 19 49 40 22 41 0 47 22 22 38 49 5 22 5 
49 9 22 48 42 7 37 18 21 29 9 46 1 0 24 50 22 25 3 37 23 
7 34 24 47 39 24 37 14 17 32 39 31 18 4 0 36 40 27 3 27 33 
44 11 49 21 32 26 41 23 23 1 13 46 18 50 48 0 15 36 26 10 18 
20 23 2 39 40 28 29 47 39 10 45 23 27 5 29 47 0 36 3 15 13 
34 14 42 16 20 43 13 19 6 21 5 2 44 10 13 22 10 0 11 31 4 
48 44 35 13 6 40 20 14 21 2 30 33 11 47 35 6 31 36 0 20 48 
15 10 42 18 6 44 30 17 42 7 37 26 23 12 16 41 30 30 11 0 30 
24 50 48 5 42 23 42 47 26 7 41 24 41 34 39 38 3 17 8 12 0 
11 0 3 23 15 15 5 11 49 32 44 27 2 25 40 24 16 12 37 27 33 
3 33 0 42 35 16 14 35 39 23 28 39 13 22 49 20 21 27 34 41 38 
12 43 16 0 32 31 40 49 2 10 23 27 16 41 25 10 28 12 38 49 2 
20 22 26 4 0 6 14 30 27 21 4 40 29 47 40 22 10 17 11 5 27 
15 34 30 1 2 0 23 23 48 40 42 10 40 36 40 18 41 17 13 26 17 
10 23 31 7 34 48 0 20 1 4 50 11 1 34 23 37 37 43 26 3 34 
41 33 38 29 45 50 44 0 8 22 32 44 5 35 38 17 42 3 24 17 4 
4 23 45 40 31 9 7 14 0 3 32 48 42 10 43 26 28 36 2 13 34 
5 13 29 23 7 7 17 46 6 0 46 34 20 9 49 31 19 38 48 49 36 
44 30 5 41 34 3 46 43 13 39 0 7 1 12 34 49 41 44 23 34 25 
43 11 8 7 48 29 33 11 13 7 41 0 38 4 27 40 25 8 39 39 5 
11 25 34 17 40 34 9 26 1 40 26 16 0 15 24 44 34 23 48 43 6 
21 35 31 6 49 19 48 35 44 24 34 6 34 0 30 14 19 28 41 18 15 
21 7 11 23 32 25 24 30 33 7 3 10 46 34 0 35 27 44 29 19 21 
36 24 33 27 6 21 32 35 11 26 6 32 31 29 35 0 14 24 8 25 24 
45 18 2 37 21 24 10 1 46 38 25 50 23 47 29 48 0 24 34 18 11 
44 40 20 8 1 21 30 17 49 21 3 37 5 45 27 19 22 0 46 6 32 
11 31 40 24 2 7 10 34 50 38 41 41 41 14 31 6 49 45 0 36 1 
45 43 3 26 35 38 46 28 21 11 26 28 28 36 50 13 50 47 7 0 45 
12 46 18 11 30 13 47 41 14 22 21 27 10 6 38 18 29 15 39 14 0 
12 0 33 14 40 12 13 13 5 14 19 6 2 39 42 39 50 26 42 46 22 
41 5 0 14 49 41 49 18 22 49 32 34 36 8 43 33 30 33 28 50 18 
50 42 27 0 46 17 19 39 19 18 38 43 38 19 17 24 7 19 15 50 13 
45 41 7 32 0 36 20 45 46 9 10 17 48 43 28 23 49 28 19 32 22 
11 50 5 11 40 0 46 18 41 20 27 11 18 29 37 23 9 36 45 11 48 
25 43 10 8 22 45 0 46 42 45 25 29 1 34 28 3 45 37 47 43 40 
3 4 27 33 50 50 19 0 7 5 14 14 34 8 35 48 18 41 48 40 46 
1 26 47 46 48 10 35 2 0 34 28 23 40 3 21 46 22 17 27 9 22 
26 40 37 32 11 46 43 49 31 0 36 5 39 7 47 40 27 8 32 36 40 
16 18 24 27 41 24 31 38 40 26 0 1 15 40 18 20 11 40 15 35 2 
18 36 21 48 24 34 33 7 32 20 15 0 36 41 19 7 8 17 10 41 37 
16 6 10 5 36 41 50 40 28 29 37 43 0 47 34 23 30 48 26 4 7 
42 24 6 21 12 16 24 21 11 12 45 31 24 0 48 37 12 26 16 13 34 
35 44 30 4 33 22 39 8 47 28 11 41 6 35 0 46 42 1 40 44 20 
17 29 30 16 34 6 19 50 48 11 4 32 14 20 23 0 49 45 3 38 40 
27 17 25 34 2 5 25 40 2 45 12 37 23 43 17 6 0 14 14 20 27 
4 40 10 36 24 30 28 36 12 48 47 48 3 4 44 1 5 0 46 14 30 
31 29 48 3 50 18 9 22 4 18 35 32 34 11 36 38 7 40 0 10 23 
27 39 29 5 49 14 35 20 50 17 1 19 50 40 46 26 42 7 36 0 7 
21 7 33 44 14 16 15 42 18 6 44 16 37 42 3 43 50 44 5 36 0 
33 0 39 22 38 18 17 32 44 15 11 46 1 4 3 2 21 7 35 41 33 
50 43 0 3 44 23 36 32 9 37 4 26 49 3 50 24 32 35 46 27 48 
35 21 27 0 7 10 44 12 34 41 33 36 15 3 22 37 40 37 29 16 32 
35 23 7 12 0 36 48 49 4 30 20 37 12 9 44 49 29 17 46 35 29 
25 48 18 5 19 0 11 47 31 13 34 45 7 30 45 13 12 15 16 22 13 
46 8 5 22 46 25 0 7 9 24 9 24 42 44 37 8 37 6 3 43 26 
1 18 41 46 25 31 32 0 14 31 38 15 1 25 22 33 17 44 47 10 44 
4 38 7 5 10 4 13 44 0 38 26 6 12 23 47 12 28 17 9 48 15 
43 43 28 37 45 24 18 23 4 0 41 44 10 44 50 22 14 12 37 36 21 
19 39 27 5 32 3 28 28 10 6 0 50 36 50 45 2 12 10 21 10 37 
36 40 40 47 33 47 19 24 26 49 17 0 30 23 27 47 5 17 23 6 43 
46 40 13 49 42 9 11 49 49 11 4 42 0 28 50 36 29 49 30 23 35 
34 5 3 12 39 21 13 23 48 47 45 38 15 0 17 42 47 27 42 6 25 
37 20 26 16 46 26 3 24 42 18 6 38 1 22 0 9 42 38 2 10 21 
46 38 2 2 16 17 27 11 9 39 2 8 25 48 48 0 15 29 38 16 14 
18 39 32 30 41 7 37 44 9 50 10 26 32 35 30 50 0 19 25 50 30 
50 42 16 3 17 49 14 4 24 45 13 50 36 47 4 7 6 0 22 11 10 
30 33 3 9 30 27 26 40 19 49 46 5 39 37 15 27 24 30 0 14 43 
44 33 21 14 38 10 40 36 32 23 45 48 14 40 50 17 40 8 23 0 40 
23 24 36 26 50 9 12 50 33 28 34 26 8 19 17 48 13 40 21 21 0 
38 0 41 9 46 5 49 41 49 38 48 37 17 8 25 20 20 48 46 15 29 
49 41 0 3 5 40 19 40 46 24 2 4 50 37 2 3 33 16 40 22 1 
19 13 12 0 35 41 17 18 34 49 47 1 18 26 43 22 48 38 4 7 36 
10 45 25 36 0 45 38 31 6 22 37 4 8 25 14 11 36 29 19 15 23 
1 6 47 28 2 0 37 25 44 30 6 45 13 33 36 42 24 39 27 41 3 
37 13 13 12 44 43 0 44 12 32 37 19 20 40 35 35 4 48 48 34 8 
13 37 26 17 43 42 25 0 39 23 38 48 2 29 12 37 39 44 35 34 10 
43 13 13 44 37 25 23 49 0 2 38 26 41 43 33 41 50 37 46 20 2 
18 6 40 44 40 17 42 29 49 0 46 11 14 14 25 15 1 24 33 30 18 
20 27 38 35 13 7 10 46 21 37 0 3 48 16 33 42 38 23 19 4 20 
34 45 1 6 28 13 28 19 18 41 26 0 5 16 2 33 42 18 6 32 34 
8 46 8 12 44 13 48 32 33 28 28 5 0 29 11 35 25 27 32 8 50 
29 42 29 31 11 49 33 14 50 1 20 18 38 0 21 12 38 37 39 12 15 
15 47 36 41 14 22 26 6 17 8 15 37 48 32 0 5 17 18 27 2 46 
31 34 32 32 8 10 18 8 49 48 39 38 20 43 36 0 33 6 38 18 40 
23 27 48 42 36 34 21 6 16 46 20 11 38 17 35 32 0 15 4 34 4 
4 18 7 20 20 27 17 5 47 23 12 31 10 12 23 4 37 0 40 46 24 
40 13 42 4 28 29 1 4 9 4 18 2 5 14 36 5 20 28 0 23 10 
18 16 9 44 34 40 1 26 45 31 45 25 8 10 15 42 26 4 42 0 42 
27 13 47 43 5 10 26 46 26 18 35 9 18 37 6 24 4 49 20 39 0 
28 0 25 10 28 10 43 44 45 49 45 29 17 37 31 33 5 19 16 40 25 
14 5 0 1 27 47 37 7 22 4 42 38 28 35 3 15 3 4 19 34 12 
17 32 48 0 32 40 18 22 38 5 2 6 39 10 46 26 23 24 34 32 24 
37 23 41 8 0 8 2 33 34 16 31 2 50 32 28 9 32 8 20 37 29 
15 20 17 3 36 0 49 19 39 28 42 29 21 38 11 26 44 42 40 24 39 
36 38 22 25 1 6 0 7 32 37 44 16 5 47 3 10 17 7 38 22 9 
33 44 7 25 2 31 13 0 22 3 15 41 18 46 49 43 27 48 43 3 31 
43 38 2 34 27 24 25 35 0 2 9 38 4 19 16 6 43 32 48 23 20 
43 36 30 23 3 48 10 48 10 0 33 19 14 36 41 17 46 42 23 48 29 
7 28 21 44 28 37 50 30 44 1 0 45 1 20 33 38 7 8 30 31 29 
14 27 26 19 40 24 19 28 50 11 2 0 9 1 45 14 16 15 37 45 17 
49 31 4 10 39 19 45 3 3 10 38 12 0 42 19 15 30 3 3 4 5 
19 22 30 34 50 37 50 26 20 23 42 22 36 0 15 31 34 23 16 30 22 
29 16 25 41 23 40 17 32 31 34 14 13 33 41 0 48 27 1 21 11 2 
20 20 34 31 18 17 27 27 38 31 7 37 23 33 26 0 4 48 40 12 10 
20 19 45 37 10 30 39 46 18 4 34 3 6 29 2 10 0 33 45 23 6 
14 40 44 1 27 27 40 1 15 44 30 11 10 1 33 1 25 0 48 22 38 
29 31 10 34 47 5 31 45 31 16 22 3 18 6 46 30 25 45 0 10 33 
40 38 31 25 25 24 43 6 46 2 35 35 23 35 28 33 31 10 4 0 23 
47 46 21 49 22 27 43 4 5 4 27 30 38 40 49 41 1 35 10 23 0 
12 0 26 49 30 32 37 31 33 29 13 49 15 42 37 37 45 18 32 3 48 
31 39 0 1 43 25 6 48 34 37 38 33 47 1 31 12 21 47 42 18 36 
47 11 26 0 42 5 12 39 2 3 5 23 19 33 12 43 23 25 7 5 27 
40 47 47 41 0 31 3 15 11 26 16 48 27 14 18 2 21 14 9 38 14 
17 47 31 33 15 0 15 14 39 39 39 46 41 37 42 46 50 15 35 12 3 
48 29 26 37 7 47 0 5 16 11 22 10 17 19 42 10 44 16 14 27 16 
39 27 22 37 21 7 40 0 23 22 2 7 29 48 36 17 38 21 44 26 18 
11 49 29 18 30 30 23 46 0 33 3 34 1 9 47 14 22 7 39 17 1 
8 33 44 9 16 31 20 33 25 0 22 24 22 39 10 6 40 49 5 8 41 
35 44 41 19 18 6 21 1 22 46 0 31 32 28 26 10 28 6 20 2 49 
11 41 21 11 30 12 13 49 41 25 23 0 3 32 26 17 15 43 25 41 10 
11 19 11 30 42 42 45 14 1 28 35 29 0 3 9 31 44 23 31 40 7 
44 22 11 48 23 29 50 2 9 46 36 31 29 0 43 38 43 30 41 20 38 
18 50 49 14 40 45 1 24 46 23 42 12 36 35 0 17 40 9 13 8 13 
43 44 5 5 42 5 1 11 21 39 15 32 12 2 39 0 45 24 48 8 28 
28 26 6 37 4 24 45 44 26 49 35 17 34 7 46 25 0 45 44 22 36 
45 41 4 8 9 11 1 34 46 22 16 11 5 31 36 17 38 0 18 2 18 
10 7 35 22 4 48 49 6 7 15 50 30 26 23 34 38 23 49 0 29 43 
24 12 48 5 33 24 13 4 21 30 37 28 42 4 27 39 6 32 4 0 11 
13 46 28 32 23 37 36 33 47 48 44 40 40 9 45 48 9 31 39 31 0 
36 0 46 35 27 28 23 38 23 47 46 32 42 45 18 31 28 34 17 32 47 
39 30 0 7 23 36 48 38 34 9 29 31 26 43 24 26 17 12 1 4 1 
49 13 37 0 2 17 3 45 22 29 18 15 42 49 43 43 6 39 12 42 31 
35 5 14 18 0 16 6 50 22 43 14 16 34 14 32 49 26 44 6 7 34 
3 17 5 41 15 0 39 27 1 31 20 29 1 10 23 16 44 49 19 36 11 
4 24 29 15 2 31 0 29 18 45 17 13 34 5 8 28 19 50 23 4 27 
30 49 41 24 36 16 24 0 41 16 5 27 25 21 47 31 30 38 41 40 34 
11 10 7 14 7 46 46 2 0 46 48 45 27 16 9 32 5 33 6 30 37 
8 39 3 40 41 39 14 9 28 0 49 31 10 34 20 17 21 43 27 18 41 
21 22 46 18 11 1 9 12 16 26 0 47 33 12 3 27 22 7 17 24 18 
33 38 25 47 18 35 43 46 42 11 12 0 6 38 39 17 36 43 36 30 41 
30 2 43 2 2 48 49 32 44 45 14 27 0 4 50 9 33 48 49 50 26 
8 13 20 5 15 42 46 23 37 41 30 22 37 0 33 38 31 45 23 46 20 
36 12 3 47 48 35 3 38 31 34 38 45 36 4 0 33 17 32 39 38 11 
3 27 46 3 16 43 41 21 12 28 39 25 4 31 41 0 47 11 24 8 30 
39 8 43 3 3 35 36 33 1 22 49 7 36 35 17 10 0 17 50 31 5 
45 32 27 3 46 14 42 5 14 37 7 9 31 8 22 46 34 0 43 50 32 
8 8 21 41 30 33 39 19 14 31 31 12 43 4 36 8 31 40 0 8 40 
44 31 19 15 16 41 26 29 14 21 26 24 50 50 48 37 12 36 24 0 13 
25 24 42 34 6 45 17 28 23 15 15 44 36 11 38 27 40 7 26 40 0 
7 0 11 5 43 5 7 12 43 7 49 46 46 17 45 15 21 40 36 9 21 
24 49 0 6 49 7 32 39 40 12 21 48 6 10 35 7 15 19 49 29 50 
34 25 22 0 24 19 20 28 41 46 18 37 4 48 6 16 9 5 7 37 23 
18 23 31 36 0 1 41 36 33 39 1 3 42 8 10 38 49 28 32 31 37 
5 48 44 45 35 0 44 8 5 19 48 10 12 12 6 32 11 45 37 24 28 
34 45 3 46 16 46 0 47 39 19 17 32 23 27 1 19 21 30 37 1 8 
34 31 14 41 41 41 30 0 2 28 27 5 41 9 3 3 10 46 49 29 39 
48 19 37 2 17 38 36 12 0 38 12 31 8 36 17 45 3 31 13 5 26 
17 45 11 42 12 41 14 25 48 0 9 25 32 8 13 10 15 45 13 24 4 
5 19 15 17 47 47 6 43 8 1 0 30 34 44 4 23 3 9 46 40 26 
24 12 15 29 37 50 1 23 7 31 9 0 19 39 1 21 48 31 45 46 15 
36 21 17 48 30 42 38 4 40 8 7 49 0 23 48 31 43 4 36 31 47 
47 33 37 28 42 11 45 44 33 25 23 14 1 0 25 41 3 46 18 50 45 
13 48 34 50 24 10 46 41 21 28 44 45 14 49 0 19 3 35 39 6 19 
47 45 21 16 35 43 49 48 8 28 48 37 37 36 34 0 49 50 38 5 33 
15 5 23 6 31 28 50 2 7 38 19 7 12 31 48 19 0 27 18 15 31 
11 49 34 44 31 8 9 29 16 20 4 48 35 23 4 43 22 0 16 35 7 
43 47 42 20 10 42 25 6 38 15 23 32 23 24 22 17 21 30 0 25 24 
20 22 37 37 35 21 22 39 28 6 48 11 34 8 39 15 7 15 34 0 39 
33 3 42 1 48 23 25 12 2 37 23 43 41 11 37 22 11 6 35 39 0 
20 0 36 29 33 18 12 48 16 35 8 11 7 46 37 42 18 31 36 39 13 
47 10 0 38 41 33 6 21 23 21 17 4 1 30 46 19 47 25 9 33 36 
25 10 27 0 45 27 16 47 5 20 20 42 25 17 23 43 11 49 38 50 13 
42 25 45 18 0 4 10 28 1 18 45 43 22 4 3 38 38 33 43 14 18 
9 16 4 2 26 0 30 35 7 3 9 49 37 10 20 45 50 15 10 42 18 
38 46 38 25 27 20 0 22 14 35 6 28 6 24 32 5 27 22 44 43 25 
26 22 49 9 47 6 13 0 34 9 39 23 24 2 47 30 13 28 29 25 6 
8 21 22 48 31 43 13 28 0 16 19 29 22 17 17 43 17 48 30 29 21 
8 38 6 47 34 5 4 28 3 0 42 49 43 20 37 17 5 50 1 28 4 
44 35 18 41 10 2 7 36 5 13 0 16 49 1 4 49 20 16 25 15 27 
40 36 26 25 20 36 2 30 50 38 18 0 47 2 25 28 23 21 15 38 32 
48 19 23 40 26 1 43 17 39 47 39 25 0 37 1 15 8 10 43 21 24 
50 28 36 17 46 19 47 26 26 26 50 1 38 0 33 30 21 14 36 49 20 
44 36 42 4 49 43 11 1 11 21 13 28 45 14 0 33 21 33 6 44 8 
4 18 41 14 48 38 38 5 22 44 45 25 44 2 31 0 14 36 33 18 4 
9 47 15 5 13 23 7 24 1 10 38 8 42 42 17 27 0 46 28 6 12 
5 6 30 17 27 39 34 44 34 19 35 1 38 41 50 8 3 0 36 2 26 
32 14 5 12 7 37 33 3 35 4 19 9 27 7 49 3 17 49 0 29 24 
39 14 41 32 26 38 21 2 42 10 25 10 27 31 30 41 2 18 11 0 41 
7 31 9 30 50 26 24 31 42 47 41 4 8 28 37 18 23 23 37 19 0 
16 0 31 11 26 30 10 32 46 28 8 2 49 39 39 18 8 5 12 33 50 
14 40 0 11 46 19 21 2 50 45 12 18 29 32 42 25 26 21 34 50 40 
45 28 4 0 34 46 43 16 20 11 30 13 12 41 37 5 26 21 16 7 10 
8 33 2 16 0 41 23 17 47 14 42 38 22 13 43 6 37 37 27 1 27 
6 33 40 16 49 0 7 39 46 37 49 6 5 27 41 32 12 26 38 44 23 
26 20 6 19 42 42 0 50 48 32 19 40 44 16 31 5 26 44 37 17 34 
35 22 10 15 37 33 46 0 22 11 44 11 49 34 29 1 37 27 21 24 8 
8 41 14 18 10 12 40 47 0 37 7 19 40 22 11 38 4 10 41 32 9 
47 28 38 38 9 41 11 38 30 0 19 49 23 14 10 26 44 9 42 6 25 
44 50 36 4 26 21 28 24 41 47 0 27 37 39 15 12 31 4 26 9 20 
2 3 17 19 9 46 27 13 35 45 46 0 18 36 8 16 48 43 34 12 39 
13 37 47 33 42 13 34 49 48 46 40 33 0 33 36 23 41 33 18 46 31 
45 16 40 47 1 10 1 32 50 15 39 21 15 0 21 7 16 6 34 28 46 
12 28 15 39 5 14 35 50 35 25 15 26 38 32 0 44 48 48 1 32 33 
12 3 50 34 8 19 19 12 30 8 36 50 40 1 19 0 17 2 1 42 38 
25 2 48 25 50 14 34 33 28 10 18 6 2 45 34 10 0 29 31 32 37 
46 23 21 27 40 15 36 38 13 27 47 48 10 45 8 11 5 0 25 34 45 
36 36 35 20 41 30 49 46 17 10 39 21 20 6 42 2 31 21 0 35 36 
29 47 20 1 14 20 47 7 38 24 5 4 48 37 1 11 39 1 36 0 10 
17 40 21 4 39 26 29 4 4 7 30 35 40 49 17 39 16 34 7 21 0 
34 0 42 9 44 5 35 24 33 5 32 14 31 35 26 19 39 26 17 13 38 
42 43 0 4 32 44 21 15 49 21 13 45 6 45 16 26 26 32 28 49 5 
3 47 50 0 23 43 50 50 15 30 29 13 49 21 19 30 42 39 28 50 35 
21 25 12 43 0 37 9 37 20 50 44 7 49 19 9 36 46 43 32 39 44 
21 50 19 43 50 0 46 35 26 37 35 38 5 28 14 34 29 35 8 36 35 
14 31 16 37 22 15 0 31 13 34 34 49 8 39 7 14 22 6 20 43 41 
25 12 34 15 6 2 22 0 5 25 7 12 36 46 4 31 41 34 33 21 35 
16 22 42 3 36 31 16 22 0 1 13 23 15 15 45 11 3 47 1 31 21 
44 26 38 27 23 14 12 35 26 0 23 38 24 49 8 26 3 20 31 30 26 
36 50 5 12 35 47 22 1 44 29 0 45 33 2 1 42 40 34 15 31 23 
19 31 46 28 26 49 16 7 19 8 33 0 17 22 6 35 44 22 27 43 27 
43 11 42 48 29 5 23 49 17 37 19 6 0 1 8 7 5 5 28 37 36 
31 16 32 36 46 28 12 46 17 49 19 8 23 0 4 30 9 40 49 49 22 
27 18 40 33 39 28 16 15 49 30 39 44 40 7 0 46 28 29 6 2 1 
43 27 33 18 18 12 33 47 28 49 16 7 30 16 10 0 13 26 50 47 19 
13 48 48 37 10 25 18 16 8 3 30 34 47 48 29 50 0 36 23 15 28 
45 20 37 50 15 33 15 25 47 34 2 30 10 34 39 46 29 0 46 9 43 
44 17 39 25 20 32 10 32 37 11 28 4 35 20 24 44 11 49 0 23 27 
11 44 20 25 2 50 25 14 9 33 21 41 14 22 35 28 31 13 30 0 33 
24 33 38 37 6 49 46 40 10 46 36 31 23 32 33 50 48 15 24 20 0 
8 0 47 24 5 40 38 40 13 36 46 13 49 19 41 4 28 6 33 19 3 
5 35 0 4 13 48 41 18 32 40 35 31 17 39 11 25 27 10 34 48 19 
10 33 5 0 14 34 38 13 32 29 6 45 15 46 22 15 23 43 11 7 49 
20 8 24 1 0 16 47 10 8 16 27 18 23 36 50 44 22 30 40 30 11 
29 36 3 35 41 0 16 21 18 46 3 34 50 28 49 50 2 10 4 49 37 
28 5 17 3 38 22 0 30 46 28 43 43 4 31 46 21 34 5 39 11 1 
26 42 13 14 43 18 46 0 37 1 42 13 27 42 43 33 25 20 1 47 19 
36 26 40 3 10 31 19 32 0 29 16 47 21 43 48 12 37 42 3 10 20 
27 44 46 37 31 17 13 39 13 0 47 15 5 43 43 16 1 2 10 5 13 
50 14 9 36 46 42 34 44 32 46 0 33 17 42 27 42 43 31 4 22 44 
18 31 19 33 1 43 29 1 33 11 36 0 32 49 48 21 14 35 10 41 40 
34 19 7 17 14 48 14 16 2 23 21 48 0 39 11 45 20 46 27 35 4 
13 33 12 21 11 1 19 44 7 29 8 21 14 0 33 10 50 24 2 19 4 
30 13 50 10 41 39 44 38 4 2 19 9 26 38 0 27 1 8 37 7 14 
30 20 10 24 16 50 35 6 2 46 46 44 9 32 25 0 50 34 2 30 23 
7 31 41 5 11 49 46 26 6 10 42 38 46 5 25 10 0 4 26 44 42 
4 38 37 9 6 25 1 45 14 27 17 6 7 35 7 49 29 0 5 14 17 
5 9 1 42 4 9 49 4 8 15 47 8 8 39 19 20 44 33 0 49 36 
48 2 13 30 43 37 31 11 48 26 31 49 13 28 38 45 38 46 5 0 48 
27 48 38 49 31 9 48 18 16 38 5 47 6 28 19 4 47 21 49 17 0 
28 0 38 6 32 34 48 46 31 2 25 32 49 28 2 10 1 15 14 50 35 
40 13 0 46 11 21 35 43 36 9 34 49 17 47 39 21 39 42 6 15 33 
14 17 17 0 42 7 6 19 5 19 19 40 33 22 15 28 15 43 46 11 50 
6 11 23 18 0 26 15 3 40 32 21 9 9 50 17 22 23 47 4 5 16 
16 38 17 40 45 0 16 45 33 12 6 47 47 45 16 28 4 44 50 16 42 
4 30 24 49 10 31 0 34 6 44 5 19 39 42 46 34 18 44 33 23 11 
20 21 29 26 25 13 15 0 34 40 18 30 48 39 13 12 37 15 18 31 15 
33 40 40 7 38 8 6 49 0 32 11 10 11 27 6 22 34 2 48 25 47 
17 50 16 26 26 22 1 29 34 0 48 3 26 3 9 28 30 31 22 39 17 
8 16 3 30 9 19 21 33 42 29 0 35 17 44 34 49 34 25 14 32 16 
8 27 15 35 8 34 9 19 29 42 3 0 31 10 8 40 1 47 37 18 8 
1 18 38 5 13 37 33 20 10 44 6 18 0 40 23 9 31 1 18 22 25 
11 3 5 50 27 5 8 36 45 48 37 38 47 0 25 16 41 40 11 23 21 
2 39 9 35 36 35 41 37 50 9 1 30 15 43 0 47 49 13 38 29 8 
30 47 26 13 8 18 21 16 8 18 42 41 46 2 24 0 22 44 21 14 42 
15 21 37 36 48 8 24 5 28 17 29 2 32 15 42 5 0 14 47 27 19 
15 25 29 32 17 10 35 14 19 26 5 42 24 37 43 9 10 0 40 16 1 
45 16 39 41 40 40 9 31 10 19 9 48 44 46 28 41 42 5 0 20 38 
23 11 36 2 13 37 29 46 23 33 45 24 31 27 25 49 36 38 42 0 28 
2 4 4 1 17 8 49 29 9 3 17 6 21 28 28 34 31 37 29 4 0 
12 0 14 8 28 24 35 17 18 21 29 5 4 13 42 37 20 8 36 35 6 
39 50 0 37 21 16 40 4 3 49 41 19 50 10 39 16 39 46 26 27 33 
41 31 8 0 31 48 14 43 29 42 9 27 45 2 24 16 12 27 38 13 34 
31 14 19 31 0 11 6 45 25 27 48 24 32 10 3 16 8 42 7 23 3 
48 26 11 41 15 0 25 48 37 23 5 12 8 14 43 2 27 12 28 20 42 
19 18 3 44 35 46 0 35 50 9 8 20 21 16 10 37 6 3 28 16 36 
9 9 2 23 37 16 19 0 18 2 39 46 15 37 32 34 31 24 17 6 20 
40 49 29 15 35 42 43 4 0 6 46 24 35 12 35 34 11 16 31 8 20 
27 18 49 20 13 6 35 35 27 0 7 33 37 22 47 46 11 30 38 38 46 
23 15 12 6 16 12 3 3 48 24 0 15 44 10 37 43 23 1 9 3 29 
8 9 28 50 14 38 13 15 39 24 31 0 29 43 13 48 13 7 43 4 2 
3 32 37 4 42 40 27 36 5 24 10 22 0 35 9 39 14 38 12 42 29 
50 38 14 25 43 37 1 48 40 30 17 8 5 0 2 27 26 23 24 9 25 
11 27 11 15 14 10 44 34 24 34 25 45 2 26 0 2 15 18 13 11 6 
39 30 47 25 8 3 17 34 33 14 42 14 4 18 18 0 23 28 50 11 34 
43 18 24 6 6 22 7 29 50 12 8 11 14 3 37 32 0 31 37 8 12 
43 10 1 11 43 12 42 35 9 29 38 19 2 28 13 21 6 0 41 20 36 
47 38 35 22 6 32 1 1 31 36 43 42 42 50 41 34 17 14 0 14 44 
31 22 21 21 24 39 9 37 41 16 27 40 17 23 15 6 26 30 5 0 12 
12 41 4 23 37 47 28 2 37 30 4 42 27 26 5 25 17 14 48 18 0 
23 0 14 11 16 10 3 25 20 36 36 8 38 9 3 33 40 19 49 35 28 
12 8 0 50 12 12 35 14 41 18 40 39 13 33 38 39 48 31 39 14 34 
23 9 17 0 2 23 17 33 25 44 15 7 19 30 20 6 16 15 50 4 25 
40 34 2 46 0 47 45 5 22 15 35 10 30 36 1 6 4 41 48 39 45 
2 40 48 3 34 0 20 33 13 32 24 34 32 35 39 44 39 7 21 5 28 
13 12 10 9 6 27 0 34 29 15 3 25 17 11 10 23 1 37 49 13 28 
13 42 40 41 2 29 46 0 47 7 17 47 20 44 12 33 41 30 39 48 7 
37 4 49 30 49 17 21 26 0 16 44 3 8 9 28 16 21 23 20 8 27 
32 37 23 48 6 6 24 49 27 0 33 22 48 2 7 41 9 44 11 43 36 
8 20 32 14 14 40 12 16 47 13 0 19 10 32 21 25 50 32 1 24 44 
44 23 50 33 22 6 7 3 37 7 27 0 12 28 22 19 12 6 10 35 17 
44 8 2 15 15 12 16 31 32 41 27 44 0 37 49 43 36 21 49 42 9 
34 10 29 41 36 7 33 10 2 14 45 22 17 0 8 50 36 21 36 19 11 
40 26 21 46 30 34 26 29 30 34 41 7 19 26 0 34 35 29 12 29 9 
29 6 29 19 47 6 28 29 49 7 16 36 31 31 19 0 8 39 34 11 3 
31 5 31 19 23 38 4 41 25 16 8 9 7 10 32 34 0 47 2 50 25 
7 48 30 24 19 6 27 38 8 26 46 46 2 26 28 25 26 0 11 47 9 
2 37 4 34 50 7 29 21 49 35 11 37 34 36 47 34 26 7 0 1 18 
12 16 34 50 21 12 8 32 33 8 8 37 6 42 23 20 44 47 25 0 12 
27 6 39 23 15 9 12 16 30 44 50 20 11 30 48 37 4 5 14 38 0 
50 0 48 39 42 27 25 32 43 14 27 41 29 33 39 41 6 27 12 35 12 
50 42 0 2 39 9 39 27 27 44 37 17 39 33 38 13 29 18 48 46 41 
28 20 3 0 3 4 21 38 22 39 42 11 42 21 2 38 8 46 50 34 39 
49 6 49 28 0 11 2 47 45 26 13 38 30 17 45 35 31 39 50 35 39 
2 5 38 3 27 0 25 19 31 1 5 33 19 15 7 43 22 21 26 43 3 
24 43 46 27 5 31 0 26 26 18 7 19 47 15 45 37 44 18 47 1 37 
33 16 45 21 30 20 15 0 10 3 13 10 14 8 33 15 10 9 12 49 46 
49 43 14 44 37 36 4 20 0 21 49 4 25 25 7 20 9 48 26 47 35 
17 17 24 5 48 6 40 33 31 0 28 35 7 49 6 38 41 2 2 35 45 
17 46 40 4 10 35 39 2 14 6 0 12 34 16 14 30 33 19 10 47 31 
47 21 40 43 14 48 27 19 19 29 8 0 47 41 2 19 21 28 21 46 13 
17 39 20 25 17 2 41 35 27 6 22 43 0 6 4 48 46 7 47 40 12 
9 20 33 35 49 15 43 14 45 9 5 49 15 0 34 15 9 2 15 27 13 
7 42 43 13 8 15 42 38 5 24 15 31 31 34 0 5 47 6 35 26 2 
9 28 41 19 1 23 29 22 40 39 44 42 21 28 6 0 17 28 20 27 35 
24 6 9 22 45 25 19 31 30 18 4 17 39 26 4 30 0 2 25 13 35 
37 20 48 16 31 23 11 3 28 38 19 36 9 42 28 4 19 0 19 24 27 
5 48 43 22 36 27 4 45 25 27 15 4 8 43 48 5 8 44 0 42 22 
14 16 3 43 49 18 9 47 48 50 11 33 1 36 31 39 28 26 31 0 4 
20 16 29 2 23 16 29 17 45 24 46 26 28 3 14 40 45 1 24 19 0 
