21
26
8 0 45 30 16 48 1 50 37 50 37 20 25 8 30 43 20 20 27 29 24 30 32 17 40 14 41 
16 41 0 14 20 5 26 19 37 11 1 44 28 4 41 32 8 30 1 24 22 18 9 20 13 19 31 
4 44 42 0 27 29 41 2 7 36 9 24 30 32 44 7 21 19 43 26 43 24 38 42 22 2 16 
16 42 23 7 0 22 2 2 25 22 25 45 35 22 4 26 47 5 24 35 1 20 30 16 48 41 27 
37 27 8 16 2 0 21 26 14 25 10 35 29 38 23 28 8 22 32 26 35 21 22 17 27 33 19 
38 1 46 37 27 25 0 17 45 15 25 17 7 23 25 9 8 30 16 13 27 36 12 23 13 8 35 
23 7 7 15 10 31 33 0 34 33 26 19 39 34 10 13 44 9 3 41 16 9 1 26 14 43 1 
15 7 33 27 28 34 29 42 0 3 10 39 50 16 36 24 40 43 34 40 42 33 3 14 43 4 20 
22 43 26 22 32 43 23 9 16 0 26 2 7 48 35 10 42 7 3 6 9 38 5 42 20 9 42 
24 2 19 13 44 40 24 8 13 37 0 17 32 29 46 28 7 20 48 38 37 36 6 32 41 46 12 
38 45 33 17 1 7 14 40 20 21 40 0 4 33 12 33 41 23 24 26 26 24 10 31 32 35 45 
32 23 6 19 20 29 17 33 3 29 26 46 0 36 10 18 40 26 8 17 17 15 27 4 46 34 8 
15 21 38 28 15 2 32 7 26 42 34 2 2 0 12 38 1 9 5 16 27 38 16 8 35 35 24 
15 19 30 6 19 10 35 12 14 47 45 26 15 25 0 15 30 35 27 6 25 6 6 29 14 18 49 
31 7 20 49 13 3 44 41 37 13 28 20 23 24 17 0 40 49 42 7 34 41 42 13 9 32 32 
29 11 18 10 41 16 38 20 30 29 42 15 34 43 32 24 0 38 2 3 15 4 32 8 17 7 38 
8 34 9 40 45 12 18 31 24 34 24 28 23 12 32 4 45 0 39 48 34 8 15 2 18 4 11 
7 17 29 48 3 1 3 3 8 5 12 41 34 31 47 4 19 49 0 50 11 29 41 33 1 38 19 
20 24 30 44 32 42 36 35 6 1 3 27 31 23 25 20 5 28 43 0 5 6 17 37 5 46 4 
18 44 33 16 35 29 10 35 32 30 24 14 23 20 5 50 26 47 1 42 0 19 28 36 9 37 5 
9 34 14 3 37 26 49 29 25 43 2 40 17 25 18 47 41 46 47 41 6 0 23 50 7 42 41 
4 5 36 40 8 24 30 30 20 27 21 30 43 49 16 44 46 13 48 36 30 27 0 25 22 37 41 
13 46 50 36 34 8 12 46 22 44 44 35 35 29 11 38 5 41 26 12 3 49 26 0 12 28 38 
9 6 11 27 31 14 3 18 11 34 31 34 44 14 19 47 27 23 1 11 28 19 26 43 0 23 34 
46 26 38 15 21 38 9 46 49 6 35 45 14 30 32 17 19 28 8 21 48 13 44 6 22 0 4 
12 17 10 41 31 19 5 47 18 28 31 47 13 43 26 48 16 13 12 33 9 21 30 11 1 49 0 
35 0 2 37 34 32 32 44 18 26 43 37 8 26 17 40 17 13 5 37 22 15 15 46 1 48 32 
44 39 0 45 42 38 49 41 33 35 3 11 35 46 49 3 46 18 34 12 8 38 46 43 43 9 25 
25 29 34 0 21 7 37 37 1 39 5 24 35 6 38 18 44 32 38 7 29 9 39 19 19 48 13 
39 41 44 48 0 47 2 33 13 25 12 49 15 47 25 49 45 10 49 23 33 29 25 40 44 14 6 
37 30 17 36 10 0 16 23 45 48 46 7 41 9 22 2 43 13 7 45 18 42 33 31 14 29 21 
47 15 34 15 2 1 0 34 41 16 3 46 39 2 34 42 2 27 3 38 20 40 2 32 36 12 34 
50 47 15 5 50 3 8 0 40 20 9 11 33 45 7 7 18 6 49 47 24 5 12 27 40 6 28 
26 10 31 45 34 49 4 18 0 1 38 27 12 4 44 32 13 15 34 41 45 8 32 13 23 46 33 
39 38 29 39 21 25 49 22 28 0 49 9 25 26 13 30 27 7 20 42 45 46 4 43 42 48 44 
50 12 21 45 47 9 50 2 11 17 0 40 13 18 2 13 32 16 34 5 40 9 29 16 31 25 44 
31 2 37 35 45 38 41 28 26 38 2 0 33 2 50 26 24 3 13 38 44 3 41 32 15 38 10 
37 8 36 21 46 40 20 4 29 48 15 26 0 22 2 22 41 26 26 30 34 32 5 15 35 27 3 
44 32 41 41 21 22 47 36 1 34 43 6 42 0 12 13 48 22 28 10 27 42 36 23 13 15 7 
35 5 28 32 43 2 44 44 46 39 13 38 27 43 0 29 36 1 38 48 21 34 19 22 34 34 37 
25 50 11 8 9 29 26 15 38 43 9 19 42 42 12 0 49 16 24 36 34 1 17 49 7 35 35 
15 45 23 17 34 44 49 7 27 45 34 39 30 34 12 13 0 6 36 28 33 47 7 9 36 3 48 
49 50 36 9 2 5 23 25 15 32 42 21 10 16 21 36 15 0 18 16 28 44 2 22 39 11 13 
30 3 38 8 36 38 15 36 45 50 21 18 43 29 16 6 20 31 0 21 35 27 12 12 12 43 42 
21 25 4 47 28 48 48 39 26 20 38 8 47 5 7 24 21 21 15 0 48 25 37 12 39 33 42 
18 27 37 18 41 26 16 44 17 40 33 49 23 23 20 4 3 46 19 12 0 35 16 28 3 42 42 
48 46 18 34 13 15 14 36 30 22 3 9 29 12 43 3 39 17 42 23 49 0 42 28 21 34 16 
21 22 8 3 49 35 26 50 29 21 27 33 28 18 35 37 44 49 2 45 17 7 0 20 32 28 12 
11 20 43 6 18 47 1 47 45 43 28 28 24 19 33 30 33 23 27 6 40 25 38 0 13 49 29 
20 40 49 14 2 27 25 38 24 7 8 24 3 30 33 31 24 42 9 16 26 34 12 38 0 25 48 
5 23 22 36 32 31 8 40 28 12 48 31 42 2 4 36 45 27 23 10 21 48 23 10 2 0 47 
4 33 4 36 28 12 40 5 22 3 16 38 25 27 17 13 2 22 33 44 1 7 13 40 39 36 0 
16 0 16 27 7 50 13 35 35 27 25 37 43 35 37 41 37 30 1 21 7 2 46 43 8 47 2 
27 8 0 47 47 20 14 48 42 46 25 28 16 4 4 4 40 50 42 27 10 38 46 3 15 28 13 
20 33 35 0 20 23 20 10 48 36 27 39 30 6 23 45 43 41 16 9 15 48 17 4 12 46 2 
31 38 15 31 0 6 32 20 8 44 16 8 26 3 9 6 6 18 27 2 20 37 4 15 45 6 37 
6 14 16 3 29 0 23 25 22 39 23 34 5 22 8 11 48 30 30 35 16 14 1 9 42 49 27 
11 26 15 28 24 20 0 26 19 27 7 43 42 37 35 2 31 20 33 23 14 5 44 10 40 25 35 
10 40 23 6 5 24 4 0 2 13 49 8 12 49 14 29 4 31 5 6 38 44 1 14 34 31 26 
19 36 22 17 17 26 3 39 0 10 36 46 21 3 19 38 35 23 4 24 8 35 10 35 2 14 6 
34 37 42 10 27 40 25 29 6 0 18 30 47 33 32 9 10 5 43 8 11 2 37 50 9 29 11 
10 23 42 10 2 21 4 11 42 16 0 48 50 10 6 46 25 13 20 6 26 22 42 50 25 5 42 
44 3 4 47 37 34 32 17 31 3 37 0 47 17 10 43 22 41 43 13 5 34 3 15 28 25 31 
3 3 40 18 24 18 5 10 27 1 8 45 0 30 15 19 43 26 44 38 17 4 46 34 50 2 7 
12 1 8 42 39 26 23 7 31 29 28 13 29 0 19 42 7 34 43 15 46 14 49 36 41 27 21 
40 8 28 8 20 40 16 18 6 5 3 35 12 32 0 22 23 34 41 16 13 15 20 25 47 13 41 
36 6 43 14 15 17 15 18 37 15 30 23 10 38 47 0 12 13 38 5 50 31 33 24 42 15 46 
26 15 6 21 34 31 46 29 4 11 25 43 40 36 20 44 0 45 8 43 11 31 28 17 4 7 37 
42 13 10 3 33 2 49 19 42 1 13 16 32 49 28 31 35 0 37 38 21 48 20 30 38 38 17 
49 5 16 48 48 3 15 47 40 33 20 1 28 23 44 22 44 19 0 32 30 26 45 34 1 44 30 
17 36 40 22 34 23 16 16 4 45 4 44 3 10 2 35 10 46 12 0 34 9 15 27 27 26 11 
6 9 42 5 21 15 5 19 37 29 8 18 49 47 36 13 19 49 18 1 0 17 22 29 41 35 38 
40 10 21 2 9 13 46 23 17 7 25 50 24 40 39 35 24 23 28 42 47 0 15 48 47 47 29 
10 26 45 34 31 1 20 33 26 46 48 36 21 45 22 27 31 30 39 20 26 29 0 12 32 49 6 
14 43 42 26 12 25 5 31 4 21 29 33 27 25 30 41 14 44 38 39 2 33 20 0 21 34 19 
9 27 3 31 14 14 36 25 38 27 42 1 34 23 31 40 42 2 48 48 3 14 40 35 0 15 19 
45 10 4 31 24 22 42 44 17 28 28 23 7 16 48 2 37 4 50 14 11 15 9 13 42 0 19 
23 37 16 45 38 19 16 46 19 27 21 7 4 20 9 41 7 3 13 19 45 33 1 2 28 37 0 
35 0 2 9 31 2 42 39 5 49 5 28 22 41 10 7 12 47 21 31 31 50 30 5 20 8 6 
1 24 0 24 41 37 15 18 2 34 15 38 39 25 30 18 49 21 4 13 36 12 4 12 34 36 30 
21 47 37 0 5 47 39 23 46 42 16 31 9 19 14 5 39 26 43 25 8 47 2 13 2 10 1 
7 23 44 48 0 12 41 5 8 44 21 16 30 19 49 17 29 38 3 18 12 36 50 31 23 28 20 
10 28 34 20 35 0 35 46 46 32 1 3 45 4 41 5 12 20 34 24 46 24 26 42 18 14 10 
34 48 16 8 42 21 0 20 43 32 27 25 25 37 31 34 24 18 17 27 44 49 28 8 25 31 48 
50 33 46 35 37 16 6 0 25 2 49 31 25 9 32 26 12 10 29 38 46 48 43 13 1 9 26 
42 21 11 7 40 41 27 45 0 22 38 47 48 41 9 19 12 30 36 43 43 8 46 19 38 18 30 
38 35 50 7 20 46 26 11 25 0 36 15 46 9 40 48 14 10 39 16 13 38 29 28 37 14 27 
8 16 18 47 2 24 39 11 4 43 0 46 16 18 1 22 30 35 33 48 35 28 4 45 44 36 31 
23 6 42 9 8 14 43 44 39 11 43 0 29 34 42 7 48 37 6 19 45 21 15 42 8 45 45 
40 30 50 4 22 25 11 22 1 34 20 45 0 35 32 23 24 13 12 38 6 50 6 28 30 18 39 
26 41 10 9 15 34 15 14 25 13 45 35 39 0 19 18 12 41 24 29 42 22 37 23 48 2 30 
21 39 45 34 3 21 37 33 49 21 13 43 20 36 0 30 21 8 10 30 29 23 19 39 38 16 4 
1 26 18 39 19 12 7 35 13 27 19 41 11 25 48 0 7 20 47 50 49 5 44 12 1 29 13 
18 24 8 2 1 8 19 49 20 12 15 11 3 1 36 35 0 23 4 3 18 50 6 31 16 50 42 
39 17 50 8 14 18 10 6 45 33 27 12 26 11 23 12 5 0 37 43 10 45 49 14 20 21 9 
48 12 14 13 44 42 3 9 20 2 49 13 48 47 1 47 7 3 0 9 12 28 42 45 38 1 44 
24 40 47 40 4 31 37 6 20 48 43 33 40 35 9 18 42 21 13 0 43 40 46 9 48 42 11 
12 10 31 7 18 26 12 50 19 13 12 31 49 19 26 43 28 3 5 25 0 13 24 3 11 1 24 
25 9 5 29 32 49 48 43 20 27 26 13 31 17 22 41 17 46 6 12 23 0 45 17 48 18 6 
44 18 48 38 7 20 7 44 2 3 45 41 32 14 33 6 50 50 17 15 23 39 0 4 23 8 7 
6 40 1 31 42 8 11 26 6 31 46 32 21 6 7 37 15 19 46 26 15 43 29 0 18 45 18 
31 4 34 6 15 26 31 50 15 18 43 22 11 38 30 6 8 3 11 19 30 12 9 36 0 24 36 
27 32 43 14 11 34 37 25 27 8 43 1 17 20 2 21 42 40 44 44 8 8 47 10 35 0 27 
7 26 39 19 45 48 33 30 50 49 8 1 8 9 36 37 12 23 14 8 37 42 18 9 20 20 0 
42 0 30 28 19 36 34 29 34 28 11 37 8 13 45 19 38 21 3 13 41 32 35 9 22 47 24 
46 27 0 41 16 9 30 49 26 7 3 2 31 14 25 23 24 32 26 1 4 10 20 40 50 21 15 
47 30 38 0 7 21 6 23 12 38 2 44 12 2 7 9 37 39 16 36 41 40 39 19 9 4 34 
22 44 14 27 0 38 42 45 45 34 20 39 50 32 46 9 2 37 21 30 20 24 44 45 23 31 24 
14 31 26 9 12 0 29 4 38 35 29 49 12 15 3 18 7 24 40 49 40 35 40 33 38 2 49 
30 34 10 28 50 41 0 46 14 28 15 20 26 9 11 46 45 11 30 4 26 6 28 3 17 21 6 
25 42 40 24 49 38 7 0 13 50 20 28 8 30 8 16 1 25 3 38 49 31 39 44 41 29 3 
35 26 43 2 32 43 8 45 0 17 4 25 4 17 32 19 46 11 26 17 4 1 46 10 5 3 1 
30 23 25 37 49 50 45 46 3 0 32 21 48 39 35 50 36 42 13 27 21 37 7 31 36 28 18 
24 25 3 39 17 38 50 32 14 36 0 20 30 6 25 9 21 29 37 26 14 38 32 4 15 5 48 
29 32 14 24 43 39 9 31 26 21 44 0 15 16 33 48 8 22 15 16 12 8 2 13 16 28 44 
11 14 31 43 21 38 35 19 10 19 18 41 0 44 32 21 25 50 39 28 15 22 43 16 30 10 40 
50 43 41 27 20 49 46 49 29 46 50 33 50 0 6 30 47 24 30 41 31 22 35 41 33 3 24 
38 13 22 18 49 2 33 32 39 42 29 34 49 19 0 45 45 3 26 26 17 40 23 36 26 20 36 
40 29 18 16 3 9 24 47 11 34 28 11 47 49 1 0 18 18 39 18 41 32 22 37 28 32 15 
8 37 34 16 28 46 49 13 12 4 15 24 40 21 10 3 0 8 12 17 42 29 27 17 23 5 47 
8 30 5 18 43 40 34 38 1 38 13 46 6 32 13 35 37 0 47 4 45 50 48 31 30 14 25 
12 40 37 31 21 12 11 31 39 20 8 45 12 25 40 2 20 23 0 40 13 6 35 30 44 40 20 
20 11 48 11 49 26 4 18 29 44 2 21 17 2 35 26 44 44 28 0 43 36 29 5 48 28 9 
40 1 20 27 11 43 41 1 43 1 34 28 21 32 41 44 47 46 1 50 0 6 39 29 31 42 36 
17 48 35 41 7 1 33 41 37 4 49 2 34 10 30 17 9 34 43 17 23 0 46 2 42 32 9 
48 29 3 1 22 39 36 25 26 44 16 2 44 34 46 31 46 38 45 45 13 41 0 20 40 31 45 
39 26 13 21 46 44 10 48 3 4 38 36 32 10 17 9 35 36 1 8 41 10 21 0 43 1 15 
47 38 46 7 9 14 21 28 1 11 12 5 48 23 43 47 31 42 43 10 6 36 28 5 0 7 34 
39 24 5 30 5 21 21 31 47 22 2 46 45 25 16 5 10 7 47 30 39 29 15 44 29 0 30 
1 41 10 12 10 42 1 26 25 48 23 22 7 42 34 18 27 21 45 35 47 18 45 2 27 22 0 
9 0 28 46 11 9 11 1 25 21 31 22 35 13 11 46 20 1 18 32 38 1 5 46 21 2 45 
50 44 0 34 33 47 8 36 39 33 23 30 15 40 12 21 32 22 4 46 42 9 34 39 27 18 27 
20 39 22 0 4 32 25 9 15 12 7 42 38 35 14 50 25 29 23 40 36 29 21 18 19 34 43 
26 10 36 17 0 6 7 16 20 39 48 17 29 42 5 6 26 1 14 41 35 20 32 43 35 6 16 
37 32 49 50 22 0 3 21 39 50 49 29 46 2 35 22 15 26 3 8 50 32 36 31 4 20 4 
29 50 24 44 18 2 0 11 40 20 35 22 39 26 15 8 3 6 7 47 6 13 6 13 5 6 41 
27 6 35 2 1 45 30 0 19 25 22 16 6 32 27 35 13 16 38 44 37 27 43 43 29 30 24 
7 15 41 23 37 19 38 28 0 25 6 5 18 34 27 10 8 40 36 37 50 26 21 21 1 40 25 
11 19 14 34 14 6 23 28 39 0 15 28 2 36 48 18 5 2 29 8 49 4 18 28 19 4 7 
43 30 48 36 45 41 33 12 8 19 0 14 41 43 49 46 6 38 46 31 38 1 40 32 22 20 42 
43 42 22 44 42 46 31 8 14 43 30 0 3 21 37 20 24 40 50 41 11 37 9 3 49 31 33 
39 16 6 3 48 27 17 3 49 41 41 15 0 28 19 11 35 36 3 27 35 25 44 19 28 50 33 
31 9 6 34 40 24 14 9 7 15 3 12 45 0 4 37 19 39 29 33 25 22 23 1 2 24 1 
22 46 8 45 48 28 3 16 46 9 47 15 2 18 0 2 19 12 46 33 24 8 23 49 7 5 40 
45 25 11 8 9 4 10 39 2 18 2 12 18 25 9 0 30 8 28 22 24 27 16 24 4 12 6 
20 50 43 50 47 2 40 8 34 28 5 38 1 44 5 13 0 17 34 18 50 28 9 16 28 15 21 
36 32 14 30 2 8 47 4 35 10 47 3 21 50 22 11 42 0 31 26 21 28 28 19 14 49 40 
37 12 28 11 35 15 35 26 16 9 45 4 27 47 42 48 10 46 0 17 15 14 18 28 18 18 36 
3 45 44 8 13 50 31 13 22 35 26 24 26 32 18 46 34 13 17 0 38 5 29 29 31 19 24 
48 35 27 19 34 11 44 49 13 40 33 9 47 45 24 14 26 7 22 36 0 20 35 47 18 34 16 
1 31 32 24 16 13 39 39 2 47 36 3 2 16 31 28 20 28 13 26 17 0 22 14 41 4 23 
10 34 5 13 38 9 36 19 10 13 18 39 25 20 20 9 44 28 29 23 5 6 0 5 43 16 19 
6 9 49 30 17 42 21 44 4 6 35 40 9 28 18 33 7 19 10 32 4 43 7 0 8 29 37 
13 31 18 4 29 12 48 19 3 28 20 30 47 26 18 32 17 14 25 5 19 1 5 23 0 50 37 
33 34 16 13 3 42 2 31 30 40 26 1 28 23 42 40 25 41 14 27 22 35 14 23 27 0 43 
34 24 18 12 26 46 4 42 30 14 4 41 25 29 28 16 47 29 6 16 37 2 13 29 26 15 0 
9 0 24 15 49 21 43 37 10 8 28 13 18 15 30 47 36 44 28 37 35 16 35 49 7 38 36 
17 11 0 6 32 12 39 36 12 37 31 28 31 44 11 4 16 22 1 4 29 15 27 20 2 9 36 
43 41 49 0 25 25 9 11 36 27 26 5 26 17 24 32 3 43 17 8 13 34 27 32 1 14 49 
3 10 21 41 0 42 5 24 26 47 46 13 13 7 19 21 8 34 28 12 46 34 31 47 12 34 4 
44 47 2 17 10 0 49 11 26 6 2 15 37 35 50 3 41 27 37 40 30 11 40 43 26 43 4 
40 18 15 23 13 10 0 7 38 11 28 25 31 36 15 3 31 13 20 44 48 43 12 44 43 4 10 
22 5 44 5 5 26 24 0 7 9 43 11 34 39 6 31 47 39 25 17 47 2 26 28 30 27 24 
33 45 11 28 25 23 20 3 0 38 2 45 7 24 49 7 29 6 10 20 30 31 38 18 47 23 19 
27 7 9 47 28 14 28 32 44 0 29 47 31 19 39 15 36 18 29 3 33 2 19 40 24 20 18 
11 48 43 45 28 15 6 6 46 13 0 45 41 25 32 30 43 6 29 33 25 42 31 16 46 21 39 
45 41 18 8 18 36 28 10 4 31 39 0 49 2 33 26 14 43 2 41 27 5 21 4 10 13 12 
41 45 27 30 33 47 25 40 21 15 39 39 0 45 10 14 15 29 49 4 7 27 50 50 29 38 14 
5 44 35 24 38 8 46 7 45 34 34 24 49 0 42 24 13 13 11 26 5 8 31 14 40 43 5 
7 6 35 41 45 48 43 19 43 32 5 47 28 31 0 44 39 16 31 31 6 1 12 34 15 38 39 
3 33 7 24 30 45 31 34 2 40 23 4 39 36 31 0 30 50 43 8 16 34 45 12 20 16 34 
10 38 4 45 23 20 4 7 45 10 13 19 2 11 16 45 0 30 4 16 13 43 45 25 22 12 41 
8 23 5 9 21 38 9 47 36 44 30 7 17 3 1 32 42 0 22 17 32 41 47 50 40 16 9 
4 4 41 15 13 33 34 33 13 31 2 37 39 26 11 5 26 23 0 15 24 38 13 12 11 4 4 
5 31 50 11 24 16 44 13 34 5 6 21 32 48 24 35 41 20 30 0 5 33 42 21 37 22 28 
25 42 21 41 42 31 11 9 28 3 33 2 7 37 44 26 42 6 50 5 0 41 17 1 4 23 42 
31 50 22 13 10 14 40 47 41 2 43 44 13 26 11 23 21 21 2 40 13 0 44 11 7 1 16 
37 18 37 9 42 18 19 50 50 12 38 15 43 20 13 11 46 43 34 48 43 24 0 45 19 47 30 
2 33 30 38 39 16 13 45 27 22 11 33 10 25 26 13 27 49 35 6 29 32 28 0 3 49 19 
23 3 23 14 24 18 12 13 16 36 21 13 23 23 3 48 44 41 1 13 33 10 23 31 0 47 46 
35 42 2 21 6 27 39 20 43 10 23 13 49 43 22 48 9 40 43 15 26 12 3 32 39 0 37 
3 37 37 13 30 43 17 28 34 21 12 46 30 45 24 4 30 44 25 31 43 8 42 35 2 33 0 
39 0 33 20 23 39 21 33 20 25 3 34 31 30 31 47 21 10 1 37 14 11 48 41 23 33 9 
7 8 0 45 45 45 2 12 48 4 34 8 12 32 41 14 10 20 22 20 50 14 45 35 22 48 41 
49 38 23 0 41 43 48 40 30 14 25 26 30 8 33 19 33 27 13 13 49 20 46 1 1 28 19 
3 33 46 13 0 24 23 48 4 4 24 25 14 42 11 22 2 28 40 35 41 14 38 32 32 18 22 
10 50 22 3 38 0 22 13 24 45 8 35 2 1 3 33 4 29 45 8 14 22 2 27 18 19 12 
16 38 6 16 2 15 0 45 2 14 48 33 2 37 4 2 18 17 14 17 26 39 32 9 10 10 37 
24 5 1 8 23 5 34 0 27 6 26 19 30 7 21 7 49 40 35 22 28 9 5 12 4 36 14 
1 43 23 35 30 46 7 15 0 41 41 2 6 26 28 18 10 49 26 50 38 8 47 20 41 43 24 
39 32 29 20 43 48 22 10 4 0 42 4 22 47 24 23 42 30 16 48 34 10 44 10 49 7 37 
4 49 6 4 24 33 43 6 8 25 0 37 22 49 4 35 16 25 27 7 27 30 27 15 17 18 4 
43 9 15 45 22 31 14 7 44 23 5 0 50 18 22 30 41 16 49 6 8 18 44 50 44 20 34 
43 30 7 28 35 40 37 21 40 34 41 14 0 3 7 9 43 11 12 12 25 9 35 48 40 11 16 
11 10 36 50 10 21 25 39 38 34 1 17 39 0 15 13 48 32 46 1 3 46 50 50 26 33 38 
32 45 26 8 32 18 17 19 29 27 35 40 25 20 0 39 15 19 25 43 45 23 47 12 11 3 2 
40 8 20 12 11 11 17 22 39 30 13 31 3 33 50 0 20 37 37 14 42 22 31 15 32 31 25 
34 39 16 36 34 15 5 30 29 9 50 17 17 24 23 4 0 31 9 2 39 23 10 45 4 11 26 
48 12 31 9 44 39 32 36 28 29 7 4 47 48 26 23 5 0 42 21 20 20 40 19 19 50 6 
30 43 3 24 45 12 26 8 18 44 50 20 16 12 36 31 47 45 0 47 28 13 4 14 1 5 4 
33 41 6 8 43 13 10 39 9 40 34 4 34 45 29 40 31 32 23 0 36 26 10 35 40 43 25 
22 23 44 27 30 3 20 42 30 35 2 10 2 37 11 27 4 47 47 43 0 11 3 49 24 24 32 
28 19 28 23 7 17 16 19 42 37 46 32 11 32 35 43 15 44 38 22 31 0 36 26 50 7 38 
43 1 14 19 24 20 4 48 25 1 14 7 29 36 45 33 46 24 32 22 37 16 0 9 19 38 5 
36 3 1 42 44 29 17 19 24 15 6 23 14 26 29 13 7 34 30 9 16 3 27 0 48 41 3 
18 36 2 28 42 46 32 19 34 1 48 34 7 36 41 10 12 30 28 24 10 7 43 25 0 9 25 
40 30 40 34 26 3 2 42 11 31 18 46 24 11 42 45 42 29 15 24 28 44 19 7 41 0 48 
20 17 43 12 44 27 20 17 6 2 30 50 26 45 32 16 25 10 42 17 6 18 32 16 15 15 0 
10 0 35 48 46 11 33 44 29 33 35 49 50 38 42 27 7 5 40 15 42 3 20 42 12 20 10 
15 25 0 42 2 36 28 47 29 17 35 20 11 42 47 7 47 13 48 18 25 22 1 40 50 14 42 
1 23 12 0 41 44 36 27 2 19 20 38 31 50 22 4 9 25 43 38 44 49 18 36 7 8 45 
45 45 39 14 0 35 42 39 44 27 24 18 27 42 34 34 40 29 37 10 32 49 47 22 13 27 48 
12 20 43 34 38 0 6 34 49 42 33 14 6 35 46 43 6 45 30 42 49 1 4 11 10 40 49 
47 26 47 49 24 26 0 38 38 31 19 1 44 37 13 44 43 43 2 27 24 2 14 39 44 2 42 
21 29 47 9 10 34 44 0 39 9 8 3 43 9 38 18 48 16 25 5 1 44 30 6 9 12 9 
34 17 48 34 37 4 47 33 0 6 9 41 22 9 17 50 49 4 36 40 50 43 39 6 5 49 15 
39 1 48 42 24 39 48 2 1 0 28 41 26 21 50 47 27 33 9 8 44 17 38 2 46 26 20 
19 12 16 45 11 44 36 23 15 47 0 35 15 36 3 25 7 17 23 8 29 16 41 4 17 7 47 
47 5 49 1 50 2 16 4 20 36 36 0 7 18 48 40 49 36 1 43 19 24 5 20 10 22 30 
39 48 5 29 9 50 39 15 47 32 25 14 0 47 33 49 32 33 40 22 10 6 10 39 18 6 3 
24 39 24 43 35 40 30 21 14 19 50 42 27 0 36 19 3 2 9 25 22 4 10 20 42 23 30 
38 12 25 30 9 38 24 6 26 50 42 5 47 35 0 35 27 20 31 33 42 13 36 42 3 8 31 
44 34 50 15 19 32 21 6 2 18 46 34 10 13 18 0 21 11 19 12 48 13 40 37 28 40 39 
10 31 18 3 20 22 22 29 45 40 7 11 32 10 34 42 0 34 17 31 36 21 20 24 42 26 24 
41 11 18 4 48 23 26 31 23 40 38 50 49 25 13 32 19 0 29 15 50 38 3 14 22 6 21 
47 4 18 40 7 26 27 46 32 12 11 41 43 35 36 1 37 45 0 4 35 19 7 24 40 2 46 
28 27 37 39 47 47 48 28 26 22 13 34 33 13 23 3 43 1 22 0 29 37 31 14 37 16 20 
19 22 3 41 30 29 39 12 49 1 10 44 15 15 43 16 9 14 38 3 0 12 41 12 16 14 23 
19 23 9 47 13 50 23 28 28 27 25 36 43 35 46 22 15 22 43 50 37 0 7 37 22 23 50 
49 13 9 28 10 37 27 7 11 16 3 2 38 10 21 37 37 16 41 23 22 4 0 8 40 27 41 
23 14 37 12 37 38 25 13 2 10 20 1 17 39 10 36 25 31 19 13 34 34 30 0 50 21 21 
32 50 29 46 6 19 1 20 14 13 21 50 29 16 27 25 9 12 18 37 49 2 14 37 0 29 28 
22 14 7 40 35 37 41 17 7 26 35 6 5 2 50 48 25 48 15 26 3 4 37 9 25 0 19 
33 35 22 30 37 43 17 29 47 38 14 25 28 35 9 12 9 2 41 4 7 17 37 2 28 16 0 
22 0 4 26 19 28 48 16 17 4 7 46 28 39 43 40 27 5 13 35 1 20 30 17 41 45 35 
19 22 0 12 17 48 20 2 21 21 13 4 29 10 16 9 11 31 3 17 32 14 49 15 31 13 25 
18 27 47 0 42 37 35 24 43 29 45 6 38 9 26 26 18 23 27 23 26 3 19 42 9 50 15 
24 14 22 21 0 8 31 4 24 3 26 25 29 27 19 6 17 38 15 6 44 44 42 6 46 26 38 
8 37 22 49 35 0 38 43 23 12 10 22 9 37 26 34 36 24 1 43 44 50 5 20 36 32 28 
4 6 22 33 8 26 0 45 20 23 18 2 4 41 38 37 4 8 46 46 29 28 31 10 9 19 6 
3 33 38 4 18 37 18 0 8 34 37 2 29 2 47 14 18 3 17 35 20 10 6 8 47 48 25 
41 3 50 24 47 13 15 3 0 23 12 32 20 50 15 36 34 5 50 3 29 44 49 15 10 28 44 
24 49 46 48 26 42 6 44 46 0 15 8 10 41 39 15 50 24 3 37 34 17 20 35 27 2 8 
44 20 31 42 39 41 47 4 39 17 0 8 26 37 40 14 7 19 21 26 45 9 15 15 45 26 13 
24 44 27 5 15 19 47 18 49 37 13 0 5 27 18 14 38 50 49 43 49 16 48 21 10 1 14 
1 7 50 29 6 36 17 26 17 3 27 35 0 2 39 29 20 41 27 44 15 45 9 32 22 16 16 
3 27 48 26 24 17 5 2 18 40 19 21 32 0 28 39 2 1 11 11 15 47 4 21 47 7 44 
17 36 20 43 25 28 13 40 34 40 29 42 30 11 0 30 1 21 39 1 20 46 17 27 43 9 22 
12 1 20 49 7 1 20 30 1 19 33 26 15 41 9 0 43 44 49 23 10 32 1 35 46 34 32 
46 37 49 50 10 27 34 4 17 12 20 36 33 28 22 50 0 10 12 19 46 24 11 12 4 24 29 
21 50 40 12 17 25 16 26 6 33 32 2 10 6 42 12 25 0 47 23 9 16 46 38 32 41 24 
27 39 8 36 26 46 26 32 7 35 15 5 46 46 21 8 23 40 0 18 9 2 13 4 13 36 16 
31 16 13 25 12 8 22 43 48 27 18 20 7 37 26 29 50 7 47 0 20 2 28 39 8 23 48 
15 32 22 15 35 46 1 11 15 11 19 32 24 7 34 3 48 44 41 3 0 33 32 34 24 13 47 
16 16 14 3 28 5 3 14 44 40 21 34 43 23 20 47 22 15 11 19 34 0 41 36 49 30 45 
18 21 16 33 49 49 2 38 30 35 47 13 34 14 29 10 13 45 33 15 2 18 0 33 36 10 19 
14 45 14 26 30 16 23 33 37 33 49 12 42 23 33 5 44 36 1 10 31 47 40 0 24 29 42 
17 16 44 1 38 30 23 30 36 7 25 5 5 31 40 2 27 47 11 2 4 11 33 47 0 25 48 
36 1 38 17 5 40 47 39 50 8 39 37 45 20 39 12 37 26 31 40 31 21 20 30 20 0 44 
14 28 39 6 34 48 27 41 45 22 43 19 3 35 8 17 31 33 14 41 3 41 13 42 24 7 0 
17 0 35 18 15 32 9 47 12 27 20 1 44 24 41 11 5 26 17 20 18 23 46 32 14 40 38 
16 30 0 41 23 15 47 33 27 31 42 23 30 41 35 22 42 9 39 17 37 9 23 30 48 16 46 
23 6 35 0 21 4 4 26 44 43 18 21 4 5 5 12 48 11 20 32 46 26 36 47 32 38 44 
48 3 30 44 0 1 44 7 20 24 27 43 10 39 20 5 48 42 5 21 5 34 13 26 12 13 10 
17 20 21 38 10 0 3 34 10 7 23 14 49 17 28 47 36 31 35 5 1 32 13 42 29 44 42 
11 33 10 36 28 19 0 32 41 28 38 50 36 18 41 27 29 14 33 34 44 38 44 9 49 32 42 
7 12 29 4 29 42 45 0 19 42 2 50 22 46 46 18 27 1 10 37 45 18 15 25 3 50 10 
45 1 4 18 24 12 5 37 0 12 20 12 24 9 8 42 50 49 25 30 43 38 38 26 12 44 49 
13 37 25 43 38 26 5 20 48 0 44 15 25 28 39 17 10 35 49 15 27 1 30 4 18 16 50 
24 8 22 7 25 43 24 26 49 18 0 12 20 32 36 19 40 10 49 36 25 47 41 26 28 4 28 
47 17 49 34 34 7 27 38 3 48 48 0 41 20 22 1 3 40 50 48 15 17 29 9 12 20 6 
33 42 4 33 33 45 3 47 47 7 27 16 0 35 6 43 44 34 21 42 20 29 14 24 44 2 26 
31 39 12 18 9 37 15 29 24 36 35 21 16 0 4 38 23 26 44 26 25 15 42 23 23 46 39 
20 50 27 20 19 10 32 7 14 15 36 29 49 41 0 1 7 33 8 10 14 5 39 33 7 39 30 
19 27 12 40 17 39 22 21 18 15 2 5 17 26 39 0 10 41 24 37 47 46 36 25 9 10 16 
14 33 34 32 18 20 32 40 42 6 46 24 48 47 7 29 0 23 36 5 29 41 35 25 46 49 9 
20 42 35 33 3 3 31 1 26 40 37 36 48 32 23 28 34 0 34 15 17 26 40 40 17 13 39 
4 31 25 29 9 38 34 9 1 40 5 9 3 43 44 47 22 18 0 42 38 39 23 6 13 1 41 
32 32 34 30 3 18 20 14 50 50 27 48 31 50 3 39 32 34 23 0 25 31 22 23 29 19 22 
25 26 1 31 26 12 29 18 6 2 26 21 38 38 40 40 43 45 21 24 0 38 43 35 50 42 22 
41 26 11 10 9 5 11 31 43 44 14 20 24 15 20 14 44 1 14 12 47 0 36 36 42 30 29 
8 45 35 33 42 2 40 4 22 3 8 47 43 21 10 7 45 46 27 24 21 7 0 5 24 49 35 
37 30 26 5 41 19 31 31 47 16 46 11 3 12 30 21 43 17 6 48 8 43 2 0 40 41 40 
16 6 9 2 40 11 34 8 15 10 28 18 13 39 17 13 25 44 12 35 44 15 44 1 0 14 39 
19 2 27 45 28 37 15 1 4 25 22 46 26 35 28 46 48 21 43 26 5 17 32 46 18 0 9 
28 7 46 1 13 9 38 2 43 32 31 21 32 42 4 12 36 42 42 29 18 27 8 49 18 24 0 
8 0 39 34 2 21 32 27 20 9 8 5 3 12 14 9 25 43 46 15 27 39 2 23 43 32 40 
4 40 0 41 2 50 48 34 40 1 49 18 42 11 50 45 13 33 46 7 34 30 29 21 44 34 12 
34 41 35 0 7 17 42 21 32 28 37 29 7 9 8 19 23 13 10 7 1 35 15 32 27 19 27 
37 49 10 26 0 19 48 19 38 14 43 5 45 33 27 22 30 23 8 34 26 38 50 15 7 16 12 
37 33 27 20 9 0 9 38 40 5 23 22 2 19 32 39 21 44 26 19 19 27 31 30 6 43 25 
43 44 40 37 34 3 0 11 8 11 36 11 45 35 46 7 43 22 50 8 22 40 3 37 17 7 39 
39 48 35 7 4 22 27 0 35 17 45 50 19 39 19 42 11 21 4 10 49 42 23 12 35 9 31 
48 22 36 41 7 24 30 46 0 15 13 24 5 32 40 19 50 30 13 43 3 11 40 31 29 32 33 
7 9 47 16 36 50 49 23 24 0 6 50 26 38 27 40 44 5 29 38 17 22 21 31 42 44 50 
42 6 21 9 42 7 9 24 17 22 0 49 49 28 24 7 10 16 13 1 4 25 16 14 18 36 2 
42 16 12 37 28 5 23 37 9 43 3 0 16 15 43 18 14 11 18 46 6 2 15 10 13 5 18 
42 40 26 26 42 3 24 40 16 43 13 31 0 44 44 27 42 15 14 8 1 49 8 37 11 6 47 
23 30 1 28 6 50 32 11 14 34 11 33 2 0 50 42 25 28 26 1 31 24 2 29 11 50 47 
5 5 19 35 4 15 20 45 31 44 39 39 37 14 0 49 33 30 43 31 33 12 8 9 24 30 12 
10 26 23 21 1 41 28 10 45 28 43 30 31 47 13 0 7 20 49 37 40 39 38 32 42 22 37 
31 18 35 48 46 45 5 43 5 45 23 10 43 49 11 28 0 20 22 41 1 13 34 20 6 39 11 
38 41 23 23 45 32 49 15 11 11 25 48 32 48 25 39 43 0 19 35 10 6 38 29 12 19 11 
1 22 24 47 49 30 9 36 7 15 20 32 50 41 12 28 39 50 0 3 22 40 43 26 25 41 1 
21 30 5 1 12 12 4 35 32 28 42 14 13 45 39 47 42 11 19 0 11 19 44 48 29 50 30 
9 47 21 8 46 49 6 48 9 30 31 7 3 9 28 16 10 34 37 25 0 38 8 34 43 2 16 
7 31 32 28 32 27 1 33 3 8 14 24 33 44 8 15 36 10 17 35 9 0 10 33 4 35 15 
42 26 42 2 14 28 6 30 43 26 17 32 49 5 7 21 7 21 3 36 2 43 0 17 23 22 25 
27 18 8 47 48 29 43 18 35 26 41 2 45 36 19 3 1 33 49 5 11 13 29 0 38 4 13 
1 49 13 49 9 19 30 39 2 39 23 46 29 38 39 32 20 31 30 6 27 17 18 49 0 42 35 
24 18 14 15 40 20 44 35 28 45 5 36 18 23 22 6 35 30 30 6 4 12 16 30 43 0 48 
9 48 37 34 31 14 8 24 45 12 26 37 50 4 3 44 10 45 27 34 14 8 34 22 33 38 0 
20 0 37 31 13 3 35 23 42 12 46 49 44 14 41 29 44 28 10 30 49 31 27 3 10 2 21 
3 9 0 34 1 15 16 2 44 45 21 43 33 10 42 15 8 42 8 46 17 32 37 6 21 31 24 
42 35 8 0 43 34 21 12 32 32 14 8 11 31 34 43 21 46 9 1 45 1 39 35 23 35 46 
15 36 40 16 0 4 14 21 41 25 18 37 2 37 22 22 28 10 1 1 32 27 12 25 12 41 47 
20 36 24 3 1 0 35 9 39 7 26 43 16 10 45 41 41 10 25 35 45 22 29 24 24 30 34 
23 4 19 3 12 29 0 26 7 44 36 18 22 18 3 44 48 16 46 35 44 41 7 42 36 3 50 
27 47 26 41 12 50 23 0 17 12 5 20 4 15 15 41 4 1 5 24 38 8 33 1 24 14 29 
39 36 43 17 13 33 1 13 0 2 29 32 3 24 18 50 1 41 39 29 13 31 21 4 38 6 37 
13 16 42 45 47 2 28 34 12 0 38 25 46 43 37 4 3 13 12 22 48 32 6 39 8 42 12 
46 2 48 18 33 6 11 26 21 35 0 21 7 33 31 26 41 6 12 26 45 46 42 10 29 9 42 
16 9 6 7 28 35 4 35 6 27 36 0 45 5 19 35 18 17 19 32 7 29 42 23 41 50 27 
32 47 16 5 42 20 10 41 40 3 21 14 0 8 37 4 49 25 49 5 12 8 7 11 29 25 41 
47 3 13 24 36 15 8 2 3 7 19 2 35 0 17 36 15 30 33 47 4 11 46 3 31 17 25 
36 39 19 25 37 38 30 1 23 8 28 17 17 6 0 7 7 35 47 30 24 14 39 27 43 28 28 
32 22 31 2 50 33 7 12 30 19 33 28 20 32 23 0 34 45 29 37 14 17 42 48 5 12 7 
1 44 11 48 12 27 47 10 6 8 21 22 8 46 10 6 0 26 38 24 7 27 49 2 31 45 49 
7 15 12 41 25 26 40 44 32 14 2 33 7 7 32 11 26 0 15 13 23 21 42 4 11 16 10 
32 5 30 2 43 30 3 14 20 32 49 16 34 46 32 15 14 46 0 4 44 31 18 26 17 24 37 
18 22 28 15 12 1 25 15 45 35 14 31 21 22 30 44 37 50 13 0 11 32 18 41 6 29 9 
8 23 30 14 30 13 29 6 13 32 36 5 21 48 42 19 2 48 1 33 0 25 33 15 38 32 27 
5 14 6 50 31 23 37 3 44 2 35 31 6 2 2 16 9 48 8 32 29 0 15 19 13 16 44 
5 46 34 25 9 43 33 4 9 16 1 13 1 14 19 18 5 40 34 21 43 50 0 32 10 24 17 
31 50 48 41 45 43 35 38 18 42 20 19 44 43 49 2 44 37 15 46 48 44 14 0 11 10 30 
29 45 2 6 15 24 1 42 12 34 7 19 22 9 29 14 47 28 49 36 46 41 23 41 0 7 45 
46 28 19 37 37 37 31 15 14 40 36 12 27 46 18 2 31 16 46 25 16 7 18 34 48 0 36 
13 24 35 38 23 11 50 20 29 24 24 26 47 20 38 7 45 40 29 35 1 3 19 44 11 8 0 
46 0 32 30 40 11 36 40 1 25 7 31 26 17 25 13 8 18 45 29 6 19 27 37 9 12 28 
6 13 0 36 10 6 41 28 15 16 18 40 40 13 38 37 46 45 32 27 19 23 4 23 44 35 24 
15 5 40 0 20 45 22 28 34 30 28 16 15 1 41 49 3 10 45 18 29 33 42 20 23 32 6 
32 43 5 3 0 40 43 26 33 26 24 25 47 24 19 12 29 9 10 31 30 31 37 21 21 45 28 
26 7 42 24 36 0 17 38 39 40 35 29 28 38 23 40 19 15 25 28 13 22 49 17 4 33 11 
42 3 25 46 23 35 0 8 13 17 19 42 2 39 9 10 35 29 27 50 31 22 9 41 13 22 46 
43 32 7 27 40 38 42 0 25 26 36 15 44 13 45 20 26 6 21 28 13 37 20 4 38 20 40 
4 2 39 34 12 13 25 27 0 43 26 6 40 29 4 11 14 33 25 20 35 15 6 12 47 3 20 
36 9 9 23 29 20 8 50 34 0 40 37 43 24 3 20 36 3 45 20 16 43 24 3 24 37 30 
18 36 26 49 41 42 31 43 27 16 0 18 20 48 37 33 30 21 22 28 41 2 18 15 29 4 18 
28 38 28 12 7 36 36 50 3 22 25 0 36 49 45 12 31 26 5 18 33 47 34 33 13 4 31 
47 46 29 50 21 48 46 24 15 44 16 15 0 9 33 34 49 35 11 5 35 23 34 30 21 43 11 
11 21 21 44 5 15 9 27 40 41 22 3 2 0 28 41 25 30 19 16 11 47 36 49 49 49 22 
9 19 8 13 17 8 7 10 37 25 4 22 39 2 0 7 33 44 44 28 32 10 28 45 49 4 11 
6 33 15 26 23 22 45 33 7 41 19 27 24 14 47 0 42 41 16 22 9 30 15 5 14 42 5 
22 18 13 31 24 10 9 6 3 25 46 11 2 32 27 7 0 45 16 15 18 21 14 36 18 38 30 
27 46 31 42 28 1 35 18 1 28 20 26 17 9 18 18 12 0 22 47 31 14 40 33 24 20 39 
50 25 35 8 33 46 44 45 33 14 26 11 47 46 27 35 32 49 0 38 20 50 6 1 3 3 14 
22 8 16 37 14 8 23 40 1 10 34 43 46 24 33 23 27 5 43 0 1 26 1 4 30 9 34 
37 1 40 45 25 32 6 19 25 37 30 46 50 18 39 7 45 17 2 40 0 3 14 37 28 30 47 
11 3 39 21 4 36 29 30 22 22 1 7 36 2 37 28 50 47 44 31 5 0 25 12 19 7 37 
29 19 31 24 14 13 16 29 22 4 31 5 33 44 18 20 47 18 7 39 32 50 0 3 26 15 41 
34 50 42 36 41 21 15 17 8 11 49 49 9 39 42 8 30 34 48 45 14 1 14 0 35 29 45 
12 18 6 29 16 6 9 24 29 16 37 37 13 11 40 17 36 7 21 48 9 19 47 24 0 20 20 
29 20 27 34 37 7 7 47 9 47 12 29 45 44 40 35 11 26 22 44 22 38 6 48 15 0 7 
14 31 36 44 21 33 10 47 28 40 48 45 30 30 30 16 2 44 5 8 12 28 9 25 8 22 0 
3 0 26 49 42 14 29 20 30 43 27 12 15 26 29 20 49 17 50 38 17 46 42 15 6 36 12 
43 8 0 45 37 22 11 37 50 30 34 48 36 26 19 25 50 37 3 5 38 18 26 38 14 11 10 
38 42 26 0 12 12 43 6 3 37 13 36 7 5 1 29 27 50 36 1 31 24 20 42 46 5 12 
2 49 45 17 0 20 32 26 13 24 45 24 19 22 6 30 24 32 13 15 31 49 5 9 42 27 2 
13 31 36 19 1 0 31 7 50 42 8 9 20 43 5 31 42 27 35 3 31 15 46 1 50 38 29 
32 24 14 48 40 3 0 41 18 19 46 27 6 45 44 13 22 15 23 16 13 20 10 1 7 28 25 
39 46 38 18 30 37 31 0 22 49 33 37 44 19 6 30 26 37 35 16 21 40 10 19 43 31 29 
35 25 9 22 24 7 20 15 0 15 45 30 2 17 41 25 23 45 30 35 21 4 11 34 45 24 16 
42 7 35 29 27 46 37 1 2 0 7 13 28 10 31 25 4 41 35 46 35 19 25 46 17 16 40 
8 11 25 24 42 15 48 8 15 13 0 30 36 18 35 15 16 39 19 11 17 21 5 47 1 20 49 
50 39 48 18 11 18 14 38 38 27 27 0 28 15 49 30 2 16 12 24 6 18 11 21 4 36 28 
7 49 20 4 14 25 5 44 15 10 11 48 0 2 13 23 31 47 39 39 11 4 13 38 19 39 36 
27 15 32 39 19 45 32 34 12 16 19 35 13 0 3 24 22 34 21 41 18 10 12 33 38 15 32 
15 25 25 45 11 1 15 29 48 40 13 27 41 17 0 17 19 1 8 12 12 27 37 38 32 30 18 
28 22 26 16 32 44 25 38 30 8 10 18 5 18 21 0 34 6 34 10 7 30 25 2 41 11 26 
26 3 5 29 38 43 15 44 23 43 4 33 9 19 3 4 0 37 10 10 34 3 45 41 44 31 4 
23 23 38 4 21 35 5 7 19 22 33 2 20 18 3 11 45 0 29 31 24 26 42 5 27 38 42 
32 28 23 31 13 12 48 34 21 43 7 20 23 19 28 3 50 32 0 22 36 40 43 32 43 50 13 
14 8 29 31 19 12 16 29 4 28 34 38 10 22 5 37 47 10 5 0 26 6 12 46 24 42 23 
5 3 3 40 46 31 32 50 48 40 6 40 24 46 5 45 16 1 19 12 0 23 1 32 3 46 22 
39 25 8 2 13 5 39 46 7 13 26 14 32 4 7 10 24 15 32 8 37 0 10 21 12 47 45 
5 30 1 5 22 50 45 25 42 7 43 46 28 1 1 28 39 42 19 2 19 16 0 6 13 27 17 
22 38 36 30 4 46 6 18 1 9 46 2 42 26 20 8 12 50 18 28 38 32 7 0 9 21 30 
43 46 27 40 25 39 28 5 29 7 40 13 4 47 41 10 1 42 33 38 1 44 32 12 0 5 6 
46 50 30 41 31 27 10 25 4 10 42 11 35 8 24 37 48 14 19 49 47 21 37 28 32 0 16 
27 33 29 50 14 15 36 19 43 29 26 39 26 13 4 30 43 31 19 40 8 26 14 14 46 19 0 
43 0 6 10 25 13 2 10 16 1 27 46 5 47 27 26 16 15 46 11 10 38 6 46 17 29 6 
10 42 0 9 1 20 15 4 46 22 30 9 19 16 25 29 11 13 28 35 39 35 42 14 42 11 19 
4 37 32 0 37 11 44 47 8 42 18 8 50 7 31 1 1 5 47 8 47 31 36 31 28 44 18 
33 40 21 19 0 29 17 40 2 12 18 14 36 20 16 22 9 34 12 3 14 21 5 38 34 37 18 
35 15 39 18 6 0 4 44 43 11 7 37 24 39 41 10 6 19 34 37 20 27 42 25 23 3 20 
25 30 48 29 3 37 0 32 12 33 26 14 45 13 11 42 28 5 15 22 11 23 12 5 15 36 5 
47 18 41 43 40 17 15 0 37 29 14 45 33 5 50 42 28 9 34 43 25 21 27 29 50 37 10 
1 43 47 14 26 33 43 48 0 41 14 21 40 36 48 30 26 32 28 33 23 11 23 19 46 4 21 
23 12 34 21 40 42 7 31 16 0 23 40 16 39 12 40 7 10 29 7 19 49 46 45 45 46 1 
17 14 50 29 25 1 10 6 11 32 0 15 20 25 30 34 6 32 8 37 16 40 21 34 5 13 41 
39 36 23 27 17 39 25 39 25 43 32 0 38 49 39 7 34 2 8 42 40 4 28 35 44 14 38 
9 30 12 47 31 45 16 35 12 25 34 34 0 15 27 46 37 5 42 24 45 10 48 10 7 20 26 
13 23 37 12 1 29 13 30 30 45 27 29 12 0 37 22 15 27 32 50 18 44 16 45 18 24 44 
20 20 29 12 21 6 27 6 33 43 48 1 24 5 0 21 36 47 1 10 26 30 38 23 46 21 28 
7 2 33 47 29 20 39 8 10 44 1 19 25 22 2 0 7 4 29 17 27 9 46 47 8 20 44 
8 48 15 33 47 34 41 43 50 26 24 37 15 28 13 16 0 45 28 36 28 27 38 24 24 34 45 
29 45 19 11 6 25 27 35 13 41 44 28 47 18 28 32 23 0 27 33 18 15 39 15 44 1 19 
22 42 18 20 25 42 49 3 5 47 24 39 21 49 10 30 16 22 0 23 18 32 18 50 45 16 47 
41 16 30 40 31 26 11 37 4 35 18 43 17 3 29 44 13 32 8 0 35 7 35 9 35 24 43 
22 33 38 5 43 23 5 28 1 34 23 16 16 49 29 34 46 25 13 24 0 6 20 39 38 6 18 
38 32 41 7 8 45 17 39 5 28 49 49 43 45 39 40 2 46 22 48 16 0 10 6 23 39 34 
23 50 38 2 44 50 49 25 36 23 37 44 27 28 49 28 44 2 35 47 32 19 0 35 16 18 44 
17 9 3 28 26 18 19 24 23 17 1 4 34 49 1 19 9 16 3 8 20 44 49 0 39 16 5 
38 42 3 5 16 22 34 1 34 41 23 8 47 20 26 3 6 33 27 41 19 37 47 14 0 10 19 
14 10 25 24 10 14 13 21 30 27 21 19 2 30 20 33 16 10 47 1 20 34 33 17 38 0 17 
12 25 37 2 46 39 45 47 8 24 27 11 32 9 46 26 40 50 33 37 31 48 22 36 21 38 0 
17 0 10 50 31 28 8 36 43 3 39 35 28 31 33 25 5 23 46 7 6 28 39 6 44 44 33 
35 1 0 36 15 4 2 32 9 23 35 48 28 47 19 25 39 6 8 42 12 20 1 13 27 25 26 
30 16 10 0 29 5 7 38 46 24 35 8 39 35 34 47 23 11 40 8 45 50 38 31 40 33 49 
2 32 14 35 0 39 10 40 28 22 16 49 44 31 41 41 1 46 41 31 17 23 9 16 47 40 23 
19 31 27 43 35 0 20 47 7 5 6 33 39 46 48 50 8 12 31 24 17 10 17 5 49 42 41 
9 16 26 44 17 17 0 45 17 41 10 2 30 32 30 48 25 36 35 19 7 45 34 18 15 48 35 
23 24 13 2 26 28 2 0 45 12 31 31 12 40 16 45 30 8 41 7 32 50 45 20 36 31 21 
31 35 47 26 48 11 46 33 0 45 22 4 40 34 24 29 37 19 17 44 25 46 4 13 15 27 28 
9 16 35 29 4 28 21 6 48 0 17 48 36 33 20 16 8 22 24 27 18 7 34 4 13 27 4 
42 7 25 27 22 32 50 21 3 31 0 48 16 18 27 19 29 26 12 39 33 34 25 9 39 32 40 
39 9 22 26 13 22 3 50 36 15 31 0 21 45 17 37 13 17 36 10 6 6 1 50 28 8 42 
24 44 20 17 48 37 46 33 44 42 50 28 0 18 27 14 18 41 5 49 6 17 23 47 22 8 24 
29 27 34 39 10 44 18 21 48 9 31 19 17 0 44 26 13 23 46 14 40 18 34 43 38 10 45 
29 3 25 2 48 49 10 25 9 19 49 6 32 6 0 10 48 29 6 38 22 39 6 30 5 1 2 
9 19 7 46 34 47 29 15 16 16 47 47 11 32 10 0 42 36 7 15 18 14 8 30 21 5 38 
50 39 7 24 23 21 1 47 41 41 19 14 36 2 28 17 0 41 44 1 33 45 7 12 47 20 24 
41 34 38 1 40 36 41 47 48 40 9 42 44 27 46 15 42 0 20 24 22 22 13 41 47 18 36 
20 23 43 44 28 10 4 50 30 18 9 40 1 33 24 39 5 38 0 9 49 1 25 37 31 16 42 
23 48 2 29 44 42 33 5 17 18 5 5 13 50 38 45 47 29 6 0 2 19 42 49 34 8 3 
39 19 36 45 37 13 28 36 38 6 48 2 24 17 8 47 16 6 35 1 0 26 9 12 6 29 8 
25 14 23 31 50 19 21 41 4 15 19 22 32 42 27 27 13 32 48 45 5 0 39 45 23 27 44 
49 8 28 30 8 30 17 29 39 15 13 7 7 29 32 33 14 43 28 45 25 43 0 25 49 47 30 
9 35 4 36 20 1 5 6 20 14 14 24 7 40 5 3 4 13 14 6 25 20 14 0 22 26 2 
45 32 20 7 33 29 33 28 21 33 26 3 45 13 2 2 9 18 20 41 36 39 40 22 0 39 13 
35 42 5 40 21 32 11 18 7 23 37 14 31 36 42 30 19 23 28 1 18 2 5 24 11 0 46 
3 36 16 7 43 49 18 21 44 42 24 32 12 45 43 27 7 29 16 46 38 34 50 7 20 17 0 
44 0 38 45 34 37 32 29 26 29 26 3 1 31 38 46 11 43 50 7 37 12 34 9 41 46 26 
9 16 0 9 20 36 10 37 26 5 31 26 10 5 42 3 36 16 18 25 6 49 28 50 28 42 50 
1 33 6 0 11 30 5 38 11 23 14 18 10 40 44 14 5 33 16 35 33 45 15 35 26 18 41 
17 40 28 31 0 16 32 28 37 9 4 21 45 1 22 23 44 20 40 19 7 29 32 43 44 45 35 
43 10 5 37 49 0 31 43 40 39 49 34 42 48 37 32 3 35 10 35 39 15 13 11 2 46 45 
7 12 13 35 48 35 0 37 31 39 19 32 23 6 40 3 11 34 25 11 28 43 32 25 26 47 33 
9 7 20 30 50 4 41 0 5 24 31 28 4 1 49 6 17 48 13 21 12 5 46 37 5 30 36 
41 19 3 25 38 37 39 16 0 26 31 12 9 20 29 32 1 17 22 34 31 24 12 22 26 35 12 
5 35 28 14 21 16 1 14 14 0 23 2 49 44 42 16 36 23 26 6 40 44 43 31 4 30 15 
21 50 13 29 47 28 41 26 32 4 0 38 13 11 46 8 7 16 9 50 18 29 43 15 39 39 47 
20 45 19 13 5 24 35 6 45 2 1 0 35 27 25 8 18 10 13 48 11 16 10 32 37 28 22 
5 12 36 29 35 25 40 1 8 47 8 20 0 49 15 29 5 2 7 6 31 33 25 10 12 33 3 
41 29 31 11 14 32 35 34 20 23 20 17 17 0 27 45 26 18 12 10 41 14 34 33 11 9 25 
31 47 39 30 2 25 46 33 34 12 20 47 33 26 0 35 16 46 6 35 35 41 30 37 7 8 49 
2 43 39 8 46 21 2 39 1 39 45 40 21 46 21 0 35 44 33 7 21 29 35 6 49 39 27 
27 24 34 2 11 32 23 4 24 3 44 26 16 50 45 45 0 25 47 21 7 36 40 14 7 36 4 
1 37 20 17 37 41 20 20 45 29 5 49 29 13 17 17 22 0 18 41 18 17 8 27 35 10 10 
28 32 42 37 11 28 17 7 32 37 35 7 17 3 7 47 6 17 0 40 27 19 8 40 19 18 46 
16 19 38 43 11 35 8 28 14 38 28 8 19 28 33 22 32 30 33 0 15 2 39 12 21 3 10 
46 34 42 20 43 24 19 15 12 49 20 39 27 50 50 40 40 19 20 48 0 49 12 44 47 27 10 
36 4 45 28 7 17 41 1 40 25 37 44 46 4 39 4 16 35 3 43 4 0 34 16 13 49 43 
1 5 12 34 40 45 44 33 39 16 20 34 42 3 48 26 10 25 3 47 24 16 0 9 45 46 9 
44 34 7 2 38 32 30 15 17 37 40 6 35 42 1 14 16 24 34 33 44 1 45 0 28 25 42 
10 3 20 36 46 17 38 32 2 10 26 37 29 39 5 27 36 12 36 4 41 12 47 11 0 50 36 
11 14 16 43 40 29 28 47 23 28 46 31 41 24 19 4 41 41 38 30 45 46 28 17 15 0 33 
43 21 1 49 6 9 36 10 6 25 16 9 21 48 10 33 17 28 32 6 22 13 36 37 22 6 0 
23 0 21 42 15 37 49 28 7 37 7 46 25 22 37 45 31 18 44 38 32 21 41 21 13 30 50 
36 10 0 12 30 36 14 27 1 37 15 19 42 39 18 31 14 11 3 38 43 7 45 11 41 46 42 
50 40 35 0 33 1 29 36 37 13 19 45 8 22 32 48 22 1 31 12 27 6 20 1 7 30 18 
26 38 44 42 0 50 21 34 44 15 38 16 5 15 40 6 3 6 13 20 4 31 6 45 36 45 31 
29 20 37 30 39 0 28 3 33 4 49 43 22 19 24 24 29 17 10 6 47 17 23 21 4 15 38 
38 27 38 20 43 9 0 47 20 43 15 8 35 49 38 2 32 36 8 10 34 45 46 30 3 40 36 
30 49 14 7 49 33 16 0 1 41 27 46 35 6 34 25 50 32 10 21 33 12 19 45 36 37 14 
44 32 44 43 47 36 31 8 0 30 49 6 36 16 25 20 48 48 26 36 2 2 26 9 45 15 21 
32 7 24 11 4 29 21 36 39 0 35 7 48 30 10 5 49 5 27 45 46 45 47 13 14 22 20 
50 35 12 19 23 50 29 26 5 24 0 34 19 45 27 16 30 36 36 41 50 46 27 48 3 21 32 
1 19 27 35 45 11 40 35 30 36 24 0 21 12 8 20 4 6 32 16 37 33 19 31 15 11 28 
23 22 24 24 38 9 48 41 49 11 50 20 0 29 24 29 10 47 31 6 16 24 34 31 42 21 16 
38 35 50 33 38 12 25 18 39 19 11 7 48 0 15 24 22 9 10 5 36 3 43 8 23 22 1 
10 46 4 40 42 32 3 23 22 14 42 17 23 38 0 46 12 35 11 50 40 34 41 42 3 25 21 
38 36 14 46 27 27 11 38 3 29 15 50 28 30 5 0 26 44 11 30 42 38 17 41 42 8 48 
24 32 18 19 4 1 15 21 44 18 9 26 37 15 7 35 0 35 17 48 36 33 20 36 8 47 32 
24 33 34 21 45 23 39 29 4 29 21 35 26 14 35 7 36 0 38 17 19 24 16 36 3 33 25 
44 22 15 4 47 10 22 22 28 33 37 24 23 37 37 9 12 29 0 14 1 41 34 2 26 35 48 
42 29 9 8 48 32 39 21 29 18 14 50 32 12 13 4 37 3 21 0 13 16 30 32 16 4 8 
39 33 34 11 21 40 20 50 18 44 14 20 35 6 35 2 9 20 45 13 0 47 3 38 38 48 50 
6 23 33 12 48 43 5 41 43 7 38 18 48 25 30 33 45 20 41 17 18 0 16 28 14 22 12 
21 42 11 37 45 46 14 21 34 48 17 6 46 21 16 45 13 29 15 41 23 20 0 33 15 9 18 
47 31 32 41 45 20 41 36 23 13 30 7 12 42 5 27 42 33 16 39 24 20 2 0 23 3 49 
49 31 39 1 9 47 28 28 50 33 40 43 3 48 15 10 49 3 16 6 18 24 37 47 0 29 1 
49 20 44 28 30 10 38 47 21 11 48 22 4 33 29 35 43 23 38 49 30 18 24 15 22 0 49 
8 47 32 26 45 42 23 9 48 9 34 23 3 31 6 7 28 5 13 28 49 33 27 33 31 14 0 
10 0 31 22 32 46 30 6 32 2 41 15 46 16 6 49 46 36 21 2 21 20 8 44 23 41 20 
3 44 0 50 26 20 49 45 31 33 42 38 17 13 4 17 22 29 15 43 32 40 7 29 3 48 7 
32 11 45 0 3 38 49 41 27 28 12 32 27 21 16 1 36 24 7 9 19 9 48 4 49 29 30 
31 9 31 46 0 16 47 29 14 17 34 37 30 5 39 27 36 27 5 41 3 44 27 32 4 33 22 
45 29 49 35 7 0 47 25 8 19 33 47 32 47 35 49 8 50 18 49 45 3 21 43 23 21 50 
9 27 37 4 28 27 0 13 44 3 50 16 33 27 40 6 47 20 45 40 45 9 6 4 36 28 14 
6 39 20 24 37 27 15 0 8 39 48 22 15 5 21 20 3 33 49 43 18 41 10 39 6 1 49 
33 27 41 3 23 1 27 14 0 22 24 24 29 14 40 18 20 2 8 26 5 40 20 26 6 24 5 
44 11 24 46 1 15 24 38 44 0 39 17 36 25 22 39 42 49 46 29 4 36 4 50 22 8 31 
31 46 10 13 1 36 30 18 7 17 0 41 26 24 10 6 26 46 30 3 16 34 4 17 49 21 31 
27 20 20 41 11 3 39 20 34 28 29 0 32 38 32 7 7 15 22 1 24 22 20 49 10 8 20 
19 42 48 27 29 11 42 21 9 11 49 17 0 6 38 37 5 26 29 48 15 43 22 10 27 40 46 
48 48 9 8 22 11 33 42 34 47 22 8 49 0 18 40 18 23 47 9 48 16 14 37 18 44 20 
12 44 27 48 32 22 38 34 14 45 12 2 39 38 0 35 15 5 41 33 19 30 30 25 26 49 14 
18 42 30 35 11 41 15 2 49 39 15 37 15 1 21 0 16 5 45 6 22 8 21 14 2 9 47 
36 25 41 33 20 2 49 19 4 46 4 29 34 21 38 38 0 40 46 50 18 26 32 49 15 25 31 
20 28 7 47 28 29 26 15 6 40 12 17 20 14 38 47 47 0 25 12 26 11 35 35 21 32 19 
3 42 21 4 27 26 8 39 32 21 12 7 18 26 4 20 16 48 0 26 24 27 36 30 29 36 25 
3 49 20 36 44 37 16 10 26 35 44 3 14 36 9 31 32 18 35 0 40 7 37 23 42 20 37 
45 8 43 17 12 43 19 3 23 10 20 47 28 26 42 9 50 20 26 13 0 35 41 16 46 5 13 
44 46 18 17 27 29 17 7 42 8 18 10 23 2 35 11 14 50 12 36 40 0 10 49 49 37 4 
16 7 3 5 43 47 13 49 49 23 35 6 33 42 31 21 34 34 41 41 47 25 0 29 24 27 16 
34 19 24 35 48 20 31 23 13 10 5 38 15 22 47 25 4 12 27 8 17 21 6 0 19 26 15 
8 46 8 42 29 29 28 28 13 44 26 14 26 16 26 11 29 21 17 47 19 20 44 23 0 22 17 
48 20 50 14 14 5 10 33 12 36 16 21 32 26 10 38 9 4 49 40 37 11 33 6 42 0 35 
2 29 46 39 2 36 21 12 31 8 28 50 31 21 5 43 4 40 46 9 40 41 37 31 12 41 0 
24 0 32 31 37 38 44 22 29 3 31 37 24 34 31 1 20 46 3 11 9 24 28 35 44 7 43 
11 34 0 46 12 43 16 27 12 12 39 31 45 21 35 29 2 19 25 7 31 7 16 8 20 46 35 
21 3 17 0 46 48 38 30 45 33 38 34 42 38 22 47 22 19 12 40 2 32 27 31 22 10 10 
37 27 37 46 0 26 26 16 9 45 25 45 17 42 44 15 26 2 41 19 27 37 36 35 35 48 47 
31 45 3 45 23 0 45 36 38 1 4 9 38 13 8 26 30 27 23 27 2 21 46 37 7 26 40 
4 33 24 2 43 2 0 49 30 46 22 6 1 2 1 31 4 44 11 17 14 29 11 2 8 9 13 
8 46 26 35 8 47 20 0 34 42 3 15 49 12 8 39 33 13 4 25 27 21 27 21 18 3 26 
40 12 12 43 32 16 44 30 0 44 4 5 11 14 10 31 19 9 28 39 46 50 10 26 47 49 48 
34 32 42 31 25 9 33 32 7 0 9 22 49 22 49 5 32 14 36 29 2 40 15 47 3 18 44 
29 8 27 30 36 16 44 34 33 13 0 39 13 29 47 28 33 3 23 47 11 7 40 41 18 47 41 
18 48 9 19 35 39 14 32 30 26 6 0 27 23 7 6 39 16 42 43 1 7 33 24 8 12 24 
7 8 37 39 17 9 34 46 48 47 26 15 0 29 1 50 48 17 3 28 27 50 40 6 19 25 50 
26 47 34 36 24 1 7 11 32 6 45 41 9 0 47 44 28 10 10 13 2 14 43 1 9 16 22 
31 36 25 18 3 19 15 18 34 38 12 12 23 25 0 8 18 20 44 4 26 44 31 34 23 30 46 
6 23 36 33 46 26 21 3 21 22 37 14 4 26 27 0 42 13 6 16 48 38 38 45 47 24 7 
6 40 28 50 3 2 38 7 14 43 32 1 42 37 42 20 0 5 36 31 6 41 28 50 2 18 28 
8 32 9 18 29 40 10 40 21 31 26 22 20 36 27 47 13 0 35 11 13 14 30 7 19 34 9 
17 18 16 28 41 26 32 25 45 6 48 46 15 43 42 3 17 11 0 44 34 17 45 30 44 16 16 
42 6 14 29 26 41 35 20 24 42 24 44 40 50 40 45 42 21 50 0 18 20 18 21 12 13 46 
25 1 43 22 39 22 12 26 34 26 12 16 31 7 11 45 19 50 30 23 0 22 44 44 22 4 9 
45 49 46 24 36 3 16 30 17 34 28 3 3 2 32 15 16 14 34 26 40 0 43 7 26 50 21 
33 40 25 31 7 21 18 30 28 14 30 11 41 9 1 1 41 28 17 17 48 28 0 42 7 29 30 
38 29 19 3 42 20 25 15 20 26 6 36 27 8 35 24 25 18 35 6 24 25 25 0 40 2 30 
9 33 24 5 49 18 3 28 33 40 11 25 22 10 36 26 40 26 46 5 1 10 33 24 0 4 24 
23 23 7 13 4 30 1 13 12 43 42 16 27 38 34 50 25 45 13 50 46 25 20 49 36 0 50 
44 47 29 50 1 50 2 25 46 31 22 21 37 31 24 10 49 44 35 25 49 8 22 1 36 38 0 
