21
24
6 0 16 10 44 2 14 5 37 37 50 46 47 39 28 23 8 28 15 26 35 17 7 50 5 
4 26 0 30 29 36 40 19 50 28 35 26 46 12 9 37 34 6 30 23 40 21 34 34 8 
10 50 8 0 36 31 23 22 49 17 6 40 27 34 26 2 48 32 47 19 4 2 27 47 19 
29 42 30 37 0 34 10 34 20 43 23 19 37 33 33 19 6 13 28 30 6 19 11 50 30 
29 26 9 25 16 0 30 6 33 3 39 8 39 44 36 16 7 22 20 34 12 7 15 15 50 
29 14 42 25 48 41 0 50 19 43 1 8 9 2 10 5 13 17 37 34 44 26 30 12 27 
12 23 35 49 27 38 23 0 15 11 9 47 3 39 32 36 13 40 40 47 44 29 7 6 13 
16 22 46 21 31 22 25 49 0 2 15 13 25 6 1 42 5 28 44 48 43 14 3 25 35 
1 21 5 36 33 19 49 6 18 0 23 34 5 43 2 34 40 35 48 1 24 20 12 7 39 
48 42 16 35 9 13 49 13 48 12 0 21 10 17 39 16 34 17 7 8 34 17 38 13 26 
10 9 9 16 3 1 15 40 15 16 39 0 42 3 14 47 5 24 21 8 32 32 24 23 47 
32 17 8 13 5 24 22 11 30 40 26 1 0 5 33 11 47 47 32 46 1 50 25 32 3 
11 3 11 46 30 31 45 37 37 13 35 36 44 0 3 35 42 44 29 12 13 39 47 50 41 
11 12 36 1 28 22 47 7 36 5 3 2 13 26 0 31 50 46 39 14 43 49 25 3 44 
47 5 8 22 14 19 15 14 3 21 36 19 46 45 9 0 15 16 28 1 39 50 33 29 19 
48 13 18 50 33 8 42 36 9 42 4 23 15 26 44 17 0 41 39 50 43 41 13 4 2 
31 50 28 21 25 14 44 14 27 40 24 2 2 15 32 46 29 0 50 10 5 41 36 50 41 
35 35 49 12 34 37 28 36 9 16 20 34 31 22 12 45 48 41 0 47 26 3 42 15 26 
8 4 14 41 4 50 11 45 50 37 36 40 16 33 31 40 12 38 43 0 36 46 49 16 8 
38 15 7 50 40 25 39 44 20 23 5 30 24 37 33 10 5 26 34 44 0 36 23 30 16 
11 8 15 15 49 29 31 9 39 7 4 39 44 12 6 26 49 43 21 43 29 0 1 17 25 
6 34 31 20 15 22 22 16 36 42 40 32 11 24 45 41 42 46 41 17 34 44 0 17 44 
21 9 45 44 2 37 37 10 41 40 9 16 48 11 45 18 35 38 4 2 22 24 15 0 25 
49 30 1 34 10 50 42 12 18 38 50 7 27 29 14 49 5 30 42 22 16 29 44 32 0 
1 0 24 33 46 41 15 23 47 44 21 45 23 36 4 1 42 48 47 48 11 11 38 41 6 
25 5 0 47 42 33 44 10 20 37 20 33 37 18 47 22 4 15 4 13 7 34 42 14 2 
30 1 24 0 19 32 33 21 13 34 27 22 36 18 31 15 1 11 26 37 16 22 15 24 2 
26 45 46 8 0 26 34 23 33 42 46 13 33 21 42 38 4 50 20 3 41 25 36 36 34 
39 13 47 8 6 0 48 30 16 27 23 43 37 37 13 38 50 5 39 45 22 19 33 30 19 
38 33 17 3 12 34 0 27 40 10 13 20 13 37 15 28 45 17 47 6 49 50 2 18 37 
32 3 37 37 42 15 15 0 6 33 29 21 23 31 28 5 44 46 3 28 25 44 25 14 41 
12 50 6 23 27 32 20 37 0 16 31 21 9 47 41 49 45 48 14 31 9 45 5 15 39 
43 13 3 47 25 43 43 7 40 0 46 25 42 9 43 30 2 9 34 8 50 7 46 47 5 
5 33 28 31 45 5 47 7 36 17 0 30 15 29 24 13 23 38 14 19 1 16 7 37 5 
35 29 1 11 48 15 33 47 17 48 42 0 42 16 13 13 36 50 19 6 43 13 15 23 36 
22 35 12 43 27 46 40 48 47 23 46 16 0 5 36 9 22 35 34 49 32 32 21 8 26 
2 34 2 48 2 45 42 20 7 15 40 14 3 0 40 20 21 9 45 46 43 17 47 32 15 
10 34 8 30 17 42 5 1 27 37 41 44 45 42 0 46 2 32 26 10 40 47 46 20 45 
14 28 23 37 26 15 9 6 3 37 38 18 37 13 4 0 16 11 39 38 16 49 27 27 17 
49 44 12 41 38 42 18 15 15 14 17 39 19 18 26 12 0 29 36 42 8 5 29 16 20 
23 44 29 8 9 4 46 37 2 6 39 32 4 18 18 11 19 0 24 3 24 46 15 47 44 
14 26 38 14 36 19 13 21 29 43 19 45 14 11 7 12 18 30 0 38 13 30 44 9 11 
19 31 39 32 26 43 24 9 47 36 45 33 16 33 2 34 44 19 4 0 11 50 24 47 9 
17 41 6 17 27 34 14 20 17 28 45 5 30 31 45 36 20 10 48 29 0 16 24 47 36 
29 5 20 12 41 49 12 45 34 30 15 36 38 8 32 13 22 26 16 39 38 0 47 4 13 
24 18 42 40 27 19 44 43 45 20 38 23 15 3 29 19 16 50 21 50 17 10 0 49 13 
28 35 8 40 8 8 48 33 1 7 38 23 7 22 19 16 37 23 41 18 20 9 49 0 19 
48 48 23 39 26 5 47 15 19 30 13 42 11 5 35 38 22 6 23 9 16 6 12 45 0 
31 0 6 14 44 19 31 43 19 37 39 43 11 36 10 7 46 10 23 5 28 10 28 5 32 
38 4 0 46 15 37 41 4 42 36 28 8 21 42 3 46 38 37 44 6 22 12 24 2 13 
49 27 49 0 43 2 35 36 4 1 32 7 16 35 29 33 47 36 2 26 8 3 37 5 8 
27 17 42 16 0 22 34 21 14 2 34 16 10 42 11 40 2 43 4 20 10 47 31 4 9 
11 10 37 11 49 0 45 10 12 22 41 16 36 43 20 33 18 12 43 15 1 13 24 5 25 
12 25 16 50 17 46 0 11 47 14 33 6 13 47 10 16 8 25 4 38 1 45 4 9 23 
22 3 49 4 16 3 46 0 37 5 12 50 25 30 11 46 27 30 20 23 11 15 20 21 3 
28 8 27 10 37 4 31 8 0 17 43 28 15 47 8 31 11 38 19 8 36 10 41 28 14 
9 11 21 26 32 49 9 2 33 0 47 26 9 26 37 1 2 32 42 9 37 33 31 30 23 
39 12 23 46 13 35 43 37 30 13 0 1 26 33 5 27 19 35 27 33 1 32 23 36 2 
19 7 5 19 33 42 32 28 31 49 37 0 20 26 14 40 48 5 39 29 13 36 25 19 27 
16 41 3 7 49 30 42 17 27 22 27 7 0 31 24 5 39 32 23 46 35 19 7 43 21 
38 36 47 43 44 23 16 45 38 29 3 43 40 0 25 30 2 8 21 44 4 37 33 17 31 
35 41 32 13 29 35 9 10 48 32 20 14 34 49 0 23 4 7 32 20 3 22 12 49 7 
44 45 27 48 14 40 35 5 19 17 8 4 41 3 16 0 3 21 44 46 8 6 17 18 9 
49 40 48 5 14 15 9 24 42 25 20 35 9 11 47 9 0 48 15 45 17 41 19 13 4 
17 18 33 28 16 41 2 28 27 18 50 24 42 30 42 5 8 0 34 12 16 34 32 44 10 
48 38 11 41 22 2 19 30 27 44 39 47 32 32 9 1 24 42 0 8 41 12 23 17 18 
24 41 10 7 8 48 20 35 24 23 31 29 31 11 6 26 50 20 47 0 48 41 46 23 27 
26 11 43 42 25 4 49 25 22 44 17 32 42 12 22 30 25 5 23 10 0 1 30 21 13 
36 33 41 42 26 19 27 29 18 33 31 48 5 28 11 20 25 6 8 38 45 0 25 34 39 
48 18 24 37 23 14 26 47 40 30 7 42 13 7 50 3 17 39 15 9 31 25 0 25 47 
44 3 35 46 23 34 19 12 49 3 45 9 46 41 7 4 8 35 8 26 22 19 8 0 19 
6 5 22 7 11 25 8 23 43 27 43 20 30 31 24 7 11 45 43 10 13 41 8 26 0 
32 0 11 2 46 18 50 26 26 46 17 40 18 13 13 2 25 46 22 16 19 48 38 25 27 
12 2 0 16 28 26 48 7 16 48 46 25 1 23 12 6 44 2 18 24 13 41 6 44 48 
44 19 15 0 41 25 40 29 45 36 25 35 17 35 48 50 49 11 25 21 18 39 2 2 34 
16 23 17 30 0 14 12 37 6 8 18 34 7 33 16 41 9 18 30 15 48 27 40 10 4 
19 25 3 17 36 0 27 10 43 18 31 25 3 23 49 32 24 39 30 9 17 15 43 16 45 
35 13 1 9 37 4 0 8 27 14 13 12 39 10 20 21 32 8 42 40 3 41 38 36 19 
49 41 10 48 32 43 40 0 27 10 8 33 24 27 2 6 14 24 49 40 10 37 43 15 20 
10 28 10 23 3 14 4 47 0 27 32 10 46 45 11 46 21 24 36 30 2 38 48 6 7 
36 26 30 43 49 27 33 7 27 0 40 39 5 34 17 24 46 4 37 47 46 42 11 20 14 
4 19 37 2 13 13 33 13 22 3 0 38 28 35 12 48 1 50 4 20 5 22 42 38 7 
13 34 48 2 1 10 15 26 7 17 40 0 31 40 31 44 14 8 27 33 31 30 46 12 43 
39 47 46 39 41 16 42 13 32 30 40 30 0 16 31 12 12 38 12 22 18 23 18 11 19 
10 6 47 46 9 7 27 17 23 6 13 4 15 0 27 35 41 26 28 49 10 42 15 49 27 
15 21 44 18 25 44 21 21 37 28 29 36 19 46 0 4 25 3 23 8 10 19 9 48 12 
27 31 43 45 19 1 27 46 8 20 32 39 14 9 43 0 29 36 43 18 37 48 50 23 30 
25 25 8 19 8 39 9 7 23 33 42 45 1 26 2 37 0 1 34 28 49 14 15 12 44 
31 29 25 26 42 12 14 27 8 14 21 45 44 8 39 19 12 0 26 17 32 18 48 28 11 
41 31 36 15 23 25 17 10 13 14 39 29 14 33 15 11 19 15 0 37 38 5 8 43 43 
46 9 38 38 49 31 27 33 2 15 36 11 26 49 5 34 47 12 33 0 31 20 10 6 29 
11 6 13 4 12 40 6 34 39 44 20 14 37 29 12 33 38 6 28 50 0 48 5 36 21 
10 3 41 43 25 13 24 36 4 10 28 43 18 23 22 12 9 2 23 33 29 0 42 48 19 
1 50 43 14 33 6 31 6 21 42 44 9 50 14 9 26 21 35 10 28 2 19 0 15 15 
35 16 41 46 33 4 42 19 6 23 43 26 20 10 4 48 29 22 23 27 29 13 13 0 46 
44 48 13 45 32 20 18 32 36 29 30 17 16 35 24 17 1 26 4 27 21 34 6 11 0 
32 0 12 50 31 46 39 36 22 4 46 3 36 41 48 37 37 5 11 41 42 30 37 33 44 
48 6 0 26 4 10 36 26 11 43 2 14 20 21 38 36 47 44 8 13 21 33 38 27 3 
40 17 22 0 10 44 14 32 45 30 6 33 40 13 33 13 19 21 43 44 40 34 17 16 18 
26 44 49 22 0 24 13 11 11 30 23 14 43 14 16 17 29 21 19 41 15 6 46 34 11 
46 45 1 41 45 0 37 20 23 1 5 35 50 16 10 21 17 45 23 11 40 19 20 5 5 
26 16 19 15 26 1 0 13 30 10 38 26 29 13 21 16 43 4 42 42 10 31 18 13 11 
49 25 21 33 36 45 43 0 27 41 46 15 29 18 5 47 1 42 6 41 29 34 43 5 24 
7 18 37 28 28 46 24 9 0 3 9 17 2 31 30 44 16 46 50 39 17 6 37 25 49 
45 42 18 26 28 35 28 7 21 0 47 27 19 9 15 49 45 22 7 27 10 39 46 20 12 
13 25 33 34 4 38 18 20 43 38 0 34 37 28 49 32 19 31 11 32 34 4 25 8 31 
2 44 45 50 11 15 11 49 22 7 14 0 3 2 44 3 33 29 8 27 21 32 13 18 24 
26 8 30 28 15 37 9 38 18 3 33 10 0 43 19 9 28 27 35 15 22 35 29 17 38 
8 49 5 46 49 37 50 39 26 22 25 3 36 0 33 35 36 48 27 35 50 11 44 40 11 
49 49 45 47 49 47 40 47 42 42 21 16 32 13 0 39 32 3 45 34 22 45 7 42 45 
1 29 24 9 45 18 28 15 9 45 48 1 43 4 41 0 30 33 28 12 45 13 20 5 35 
39 4 48 16 10 19 17 43 8 50 46 20 24 31 3 24 0 15 6 7 37 16 38 39 49 
5 5 40 17 45 48 32 32 24 40 20 41 21 12 5 41 29 0 5 44 43 8 21 7 2 
26 38 30 7 14 18 19 1 15 49 12 6 30 50 49 10 19 15 0 46 34 11 12 4 4 
1 16 9 12 45 47 42 34 48 38 41 8 18 25 18 7 21 20 26 0 23 50 50 12 29 
7 34 25 43 25 23 41 15 34 27 7 48 9 7 6 19 7 28 8 42 0 10 42 42 44 
47 40 14 42 36 32 4 2 5 31 6 12 23 49 10 26 48 27 24 42 19 0 21 48 14 
14 8 16 23 42 20 20 16 42 31 46 36 10 50 29 3 23 5 43 29 2 45 0 47 9 
19 33 44 34 18 1 25 27 42 50 28 29 16 32 10 35 11 41 20 42 3 25 17 0 49 
48 21 19 14 28 19 13 20 11 8 4 10 26 37 48 42 6 20 44 10 22 1 37 42 0 
46 0 9 19 12 26 6 6 44 17 46 36 48 32 12 49 23 38 8 18 9 28 50 9 25 
43 28 0 36 34 31 7 27 48 35 27 19 20 1 1 45 6 3 11 44 31 1 1 11 45 
22 21 23 0 15 33 28 15 46 50 44 19 48 20 22 13 10 20 39 14 5 43 29 23 38 
14 13 7 18 0 6 29 24 43 17 41 13 11 34 13 16 7 13 23 21 7 32 47 36 31 
48 35 11 13 38 0 6 3 43 49 36 1 20 22 48 41 21 21 27 31 29 10 3 27 8 
24 7 42 20 9 16 0 6 18 27 27 21 22 19 12 6 11 39 20 12 49 12 46 35 16 
33 50 37 5 16 8 21 0 45 8 3 39 31 15 33 35 33 30 34 43 46 28 19 3 9 
22 21 41 40 41 28 47 28 0 23 27 37 9 29 1 2 20 6 26 14 16 24 26 47 6 
36 30 19 28 3 40 39 15 47 0 29 34 46 17 31 4 31 7 11 9 38 46 26 4 29 
32 23 41 2 5 38 36 46 24 35 0 5 12 10 19 26 33 39 23 13 1 17 7 3 25 
22 34 9 13 18 10 11 10 26 40 46 0 30 50 37 10 9 43 39 23 33 27 43 22 39 
36 26 50 24 14 4 13 26 21 16 31 22 0 30 23 29 14 25 46 37 20 23 46 34 2 
14 4 8 29 35 21 49 30 13 20 27 42 10 0 38 47 22 28 21 10 34 7 38 30 21 
10 9 9 31 7 2 17 41 42 48 10 10 46 34 0 42 50 18 2 10 11 47 37 5 38 
50 15 42 3 36 1 45 26 25 38 20 26 13 18 23 0 11 3 37 50 13 28 37 27 45 
29 11 16 6 29 20 24 23 5 22 32 42 11 15 6 42 0 3 35 36 8 14 16 38 1 
29 50 8 10 38 42 10 14 38 48 24 26 35 40 47 5 14 0 48 22 41 36 32 1 39 
31 9 10 43 1 20 31 13 23 15 28 30 13 14 36 13 12 19 0 4 13 41 31 7 14 
38 32 44 17 45 47 15 47 50 19 30 29 33 17 13 19 17 12 3 0 21 13 18 43 1 
12 10 30 18 28 38 48 1 2 46 5 20 26 15 19 27 50 31 31 44 0 35 7 30 45 
6 36 47 30 29 37 2 21 39 44 5 35 18 48 20 12 21 29 28 37 13 0 44 43 2 
43 26 21 32 38 50 16 6 30 35 12 43 42 19 23 16 45 35 31 33 11 34 0 9 3 
12 19 23 7 29 43 33 13 43 45 37 3 17 20 34 40 29 49 5 33 37 27 21 0 3 
6 13 43 28 13 11 42 10 18 19 21 19 27 9 27 38 3 49 50 47 32 21 49 25 0 
2 0 42 5 12 29 27 16 35 49 20 1 17 1 5 50 32 3 28 36 49 50 15 14 20 
22 18 0 31 38 27 24 22 36 14 18 27 22 7 31 31 41 3 36 21 7 9 11 38 48 
50 18 44 0 4 36 1 26 37 28 35 40 12 46 28 8 25 49 16 3 33 29 28 26 23 
47 45 46 14 0 45 7 12 12 31 34 39 10 31 18 1 14 43 41 45 22 41 19 46 26 
29 47 8 43 8 0 5 19 23 43 21 8 42 6 12 42 22 24 29 32 12 40 49 44 32 
15 40 41 38 34 5 0 33 29 49 20 36 49 50 19 4 26 15 17 17 10 11 10 9 31 
50 23 49 13 38 34 37 0 31 3 27 28 18 15 31 39 38 39 29 43 36 27 43 22 5 
25 6 48 23 32 35 21 6 0 32 10 39 11 6 21 41 16 34 6 47 23 41 37 12 35 
28 29 22 32 17 23 5 7 2 0 44 38 32 37 14 49 18 6 23 37 6 43 29 33 18 
39 28 2 22 47 50 14 39 45 14 0 46 3 13 40 40 9 5 33 10 12 33 10 29 21 
7 29 17 19 50 6 42 49 47 5 43 0 40 22 34 11 2 30 50 37 24 18 47 6 17 
33 28 1 10 20 21 35 30 49 32 15 18 0 33 46 39 39 22 47 6 9 47 1 38 22 
22 8 32 34 23 6 3 11 24 1 36 22 6 0 33 30 27 20 14 41 40 19 43 19 35 
11 48 3 22 41 47 20 33 41 30 38 12 39 1 0 7 44 30 5 45 33 10 17 34 40 
18 30 40 33 10 48 3 30 40 48 23 25 3 31 21 0 28 31 4 32 27 45 19 39 19 
7 48 11 15 49 37 26 45 15 14 5 11 8 38 24 44 0 27 9 23 42 29 33 41 49 
34 17 3 7 36 7 45 49 42 21 27 13 37 38 31 3 22 0 29 11 40 27 10 20 44 
30 39 50 36 47 47 41 25 7 13 31 32 35 20 10 8 19 6 0 20 37 11 12 7 39 
29 20 20 50 22 1 22 25 47 9 27 47 8 10 3 45 31 2 6 0 25 8 49 19 3 
20 4 22 22 41 34 33 19 32 11 8 27 28 41 3 6 42 7 35 26 0 44 13 1 9 
3 25 7 10 6 33 32 30 1 17 31 19 30 1 34 14 27 8 15 47 3 0 26 17 40 
49 50 33 1 14 43 10 7 3 13 19 16 27 24 14 50 30 28 26 12 11 35 0 26 41 
23 22 50 36 48 5 7 28 8 18 11 6 50 31 16 8 8 24 17 18 33 19 38 0 3 
45 16 18 26 1 6 29 15 24 43 29 43 44 24 10 49 7 42 8 10 14 8 1 49 0 
12 0 19 5 38 19 9 9 5 35 47 42 33 37 32 28 3 39 46 33 8 3 24 15 34 
15 18 0 12 41 11 28 40 37 15 20 14 32 2 42 47 16 34 24 9 47 32 27 12 26 
14 6 22 0 18 26 43 46 39 4 21 24 1 48 18 45 7 8 6 19 18 19 46 2 47 
49 17 24 29 0 15 18 3 39 6 37 27 5 7 22 12 23 24 25 29 31 19 47 19 16 
30 2 40 27 9 0 45 8 19 5 25 20 9 19 17 24 36 19 36 45 12 41 40 1 36 
44 46 44 44 17 21 0 29 3 49 9 49 14 29 26 31 12 29 9 1 32 3 4 4 8 
1 43 13 34 2 8 25 0 41 1 5 33 13 1 14 3 34 47 18 11 11 18 11 8 43 
6 34 33 33 39 19 33 41 0 43 37 44 25 9 45 1 41 34 9 13 25 43 18 11 16 
6 18 36 36 43 43 40 41 36 0 20 29 18 26 43 2 32 22 43 20 14 21 29 25 2 
17 20 28 10 48 34 50 38 23 17 0 27 22 34 48 48 1 48 3 39 39 17 34 16 42 
8 31 3 1 49 47 46 28 43 34 20 0 24 16 31 43 3 20 41 46 9 16 31 48 25 
45 20 17 18 40 36 35 34 4 36 2 17 0 31 50 39 26 22 49 29 1 28 25 36 18 
10 37 20 26 39 7 27 27 33 29 6 30 31 0 28 39 7 49 37 20 30 29 27 23 21 
2 20 38 17 2 48 47 20 34 50 8 3 17 10 0 46 47 10 26 34 2 44 10 46 44 
11 22 2 42 6 7 39 34 15 50 24 19 20 10 26 0 36 33 36 46 31 21 37 41 40 
42 23 20 4 43 21 27 43 24 45 7 30 46 6 15 28 0 11 24 38 18 36 27 28 1 
50 49 20 8 15 15 24 24 32 13 50 34 37 36 42 45 23 0 32 46 26 4 46 40 27 
22 18 21 47 50 23 5 16 46 20 4 44 2 19 28 9 22 33 0 49 34 6 32 41 26 
33 44 45 4 31 3 47 5 10 43 36 48 45 27 25 9 8 35 39 0 18 33 48 43 5 
5 38 5 21 48 6 22 41 27 45 15 6 29 1 35 43 23 49 35 10 0 33 31 14 45 
9 40 27 21 43 24 43 35 1 41 50 44 49 26 8 4 21 46 21 50 13 0 19 31 8 
1 46 46 34 14 33 22 25 24 10 13 8 30 1 48 4 3 30 5 39 2 41 0 45 48 
42 31 39 38 10 14 32 40 9 19 21 48 29 9 21 19 19 26 21 39 14 50 25 0 21 
48 18 48 33 14 43 6 10 1 49 43 34 45 35 15 11 28 23 50 11 30 1 26 44 0 
10 0 37 21 27 21 7 34 42 6 19 41 42 16 50 27 17 14 12 48 31 16 37 24 34 
11 10 0 11 41 1 14 41 48 43 4 24 27 23 30 39 45 15 2 28 26 45 24 45 29 
47 34 48 0 19 4 46 28 23 13 37 17 12 46 43 42 42 29 43 50 13 26 50 44 34 
24 3 16 15 0 10 49 40 37 16 33 45 17 17 23 45 48 26 2 14 36 14 28 49 22 
10 36 47 2 25 0 33 3 47 40 14 45 1 30 14 14 15 48 30 46 14 49 25 26 7 
49 2 37 25 36 8 0 21 47 4 45 5 24 2 38 13 34 30 48 28 4 28 44 18 13 
38 50 39 35 32 36 24 0 36 11 41 3 23 47 29 12 32 44 48 47 36 9 40 13 10 
17 12 34 1 48 23 29 5 0 34 24 37 36 20 37 15 18 21 20 13 12 35 41 38 2 
37 46 11 30 48 33 5 48 38 0 29 18 21 3 23 38 39 12 48 39 23 42 26 13 7 
33 29 15 40 28 1 26 27 25 33 0 14 3 13 50 8 2 20 40 49 41 20 45 16 48 
33 25 1 38 2 15 11 12 33 4 47 0 20 19 15 21 37 4 41 47 21 10 35 27 13 
41 38 4 3 27 23 38 39 13 17 7 3 0 1 38 26 10 22 3 21 9 3 38 34 5 
19 13 37 29 49 46 39 48 49 39 47 15 12 0 9 36 10 16 9 7 2 9 19 37 16 
16 37 49 8 15 18 11 3 5 49 34 15 36 9 0 40 18 28 10 5 13 42 11 48 14 
18 11 43 44 32 32 47 1 26 21 14 12 47 32 33 0 31 29 45 11 13 25 21 24 8 
20 39 24 49 14 25 25 5 39 36 41 4 25 17 22 23 0 3 34 39 16 46 28 22 47 
27 24 34 47 1 36 39 47 37 36 25 43 8 48 37 2 47 0 10 23 12 42 30 7 12 
24 38 10 42 33 9 12 42 18 28 23 41 41 28 4 4 47 45 0 17 39 43 29 16 6 
48 37 20 37 5 11 6 48 18 23 24 14 26 48 14 29 25 33 26 0 31 26 47 12 19 
6 20 15 48 13 18 20 45 22 5 45 46 40 26 38 8 22 25 24 19 0 4 41 29 49 
31 39 15 11 4 36 30 1 26 1 32 36 46 9 36 50 3 30 42 21 4 0 18 40 49 
45 18 9 1 24 43 15 15 41 16 17 24 4 10 42 37 25 44 20 39 45 3 0 13 14 
40 24 16 25 49 8 46 13 50 16 16 36 28 30 28 33 37 17 45 30 42 12 46 0 44 
38 6 46 11 49 1 5 43 6 45 12 50 28 40 17 33 21 4 25 38 45 6 9 46 0 
16 0 37 2 28 8 33 22 28 29 22 38 43 13 36 15 49 12 23 30 33 18 29 6 48 
1 12 0 10 38 38 9 50 32 48 50 45 12 50 27 36 24 23 35 21 6 3 24 21 36 
40 26 26 0 22 26 26 29 37 32 5 28 46 24 34 40 20 23 6 46 13 41 4 50 36 
38 7 10 34 0 8 50 45 28 42 25 49 13 33 28 6 22 22 9 30 46 49 40 50 40 
46 1 34 47 28 0 9 45 36 27 41 35 20 17 46 29 32 10 1 5 50 36 28 38 45 
50 25 41 33 25 5 0 37 48 7 21 39 8 16 49 1 33 30 14 36 42 43 37 6 27 
30 48 36 49 35 1 5 0 18 14 39 48 3 18 13 12 23 4 38 13 46 8 22 16 12 
1 22 20 23 43 46 3 13 0 20 15 3 27 19 39 14 7 17 21 44 28 1 48 16 18 
2 13 39 6 25 10 20 9 32 0 25 48 13 32 33 26 18 37 35 33 4 10 36 5 15 
25 6 29 37 28 39 11 3 7 3 0 21 30 8 47 39 10 46 45 45 44 41 1 26 35 
45 27 41 17 15 12 8 17 9 24 32 0 19 31 33 31 43 15 45 7 29 12 47 10 40 
46 23 9 16 41 11 25 25 31 45 43 2 0 49 44 39 45 46 5 22 35 16 20 30 14 
15 2 30 47 44 47 23 49 17 1 21 42 4 0 43 26 48 50 8 38 37 41 30 45 21 
7 12 34 7 26 26 24 27 44 46 2 39 31 28 0 31 35 22 44 35 48 24 47 41 3 
30 24 36 9 33 44 23 35 8 10 40 33 14 16 24 0 42 27 45 49 9 42 37 17 22 
27 4 15 47 46 47 48 11 21 31 28 2 40 16 44 1 0 23 17 32 22 39 48 22 7 
21 43 21 29 48 32 12 43 7 15 33 29 30 27 40 11 13 0 29 12 33 38 22 3 12 
1 49 37 25 6 46 33 29 33 9 26 4 27 19 14 40 19 36 0 46 26 33 16 22 46 
28 21 10 11 37 39 19 50 40 9 28 50 46 38 37 11 33 4 47 0 22 1 37 35 44 
16 23 14 3 26 28 29 36 27 42 48 35 37 22 43 44 40 27 14 18 0 41 14 45 32 
49 35 44 30 20 1 45 42 37 16 46 15 26 16 24 13 30 43 23 4 40 0 3 25 11 
12 3 32 25 24 17 4 2 29 32 4 41 34 50 17 27 47 7 48 22 27 28 0 19 25 
3 1 39 48 41 41 43 47 11 33 19 17 19 21 18 21 13 44 37 44 13 34 30 0 31 
27 47 8 34 5 4 35 34 35 8 22 23 29 6 12 38 40 8 30 2 31 50 9 27 0 
39 0 27 9 34 42 25 12 20 22 8 22 45 34 10 42 8 49 36 32 12 49 46 43 8 
32 49 0 5 6 4 28 50 27 39 32 45 29 45 2 43 11 46 3 2 21 34 18 5 31 
16 23 3 0 46 18 47 28 44 35 2 2 43 20 7 16 44 8 45 7 3 15 14 14 48 
43 22 17 47 0 44 22 24 15 44 25 40 32 26 5 10 42 4 2 44 43 50 50 41 39 
37 9 14 40 11 0 3 17 3 9 6 3 46 31 32 1 13 29 37 49 46 18 35 19 3 
36 15 49 13 20 21 0 48 43 32 28 10 35 9 35 4 42 8 38 23 21 3 14 12 23 
2 32 15 14 2 45 22 0 3 41 11 5 47 5 4 33 38 8 10 15 3 22 16 5 45 
33 8 38 31 12 49 1 22 0 4 26 12 39 7 35 42 38 7 8 45 49 30 8 37 5 
5 36 13 43 50 9 2 37 27 0 21 31 44 7 41 41 43 10 33 43 29 43 44 32 23 
18 27 47 14 21 6 15 26 21 34 0 26 27 36 9 23 45 25 26 12 37 5 49 32 16 
18 3 39 48 16 9 12 11 4 41 25 0 23 13 38 16 21 6 5 24 23 15 15 7 2 
10 48 4 18 33 45 18 20 46 31 47 19 0 18 17 10 13 22 16 23 45 34 1 33 37 
10 41 31 50 26 9 1 4 46 38 39 18 5 0 45 29 9 24 5 27 32 42 48 4 40 
46 11 1 50 42 13 18 9 15 18 8 42 15 18 0 45 38 31 44 23 30 29 43 9 28 
38 15 22 29 24 2 45 13 38 42 5 15 8 1 12 0 34 21 30 4 37 37 38 45 6 
11 40 1 49 25 25 11 4 3 24 13 28 42 39 35 14 0 23 46 5 23 13 31 30 30 
32 40 9 49 40 22 42 50 20 16 19 35 1 46 39 13 31 0 2 12 35 39 35 42 32 
45 40 14 42 33 22 43 30 11 22 18 35 16 13 14 32 32 13 0 8 26 20 1 13 27 
7 42 43 12 19 45 42 47 48 28 5 50 8 50 18 48 23 40 25 0 30 29 4 48 19 
38 31 3 26 27 17 13 44 28 38 35 42 30 32 12 16 31 22 38 39 0 8 15 25 33 
46 11 3 31 27 34 49 4 45 24 24 39 43 16 20 32 15 11 23 21 16 0 27 19 42 
28 9 49 7 17 9 11 24 7 21 31 17 14 32 18 44 39 31 47 6 8 23 0 24 15 
3 7 24 48 43 4 17 20 42 12 3 19 35 43 38 36 14 1 33 22 36 3 18 0 34 
44 29 33 35 30 13 34 6 36 35 5 10 36 14 31 3 4 12 25 3 29 49 9 46 0 
44 0 12 43 8 41 2 30 50 39 40 5 14 22 33 41 30 28 48 34 1 39 28 50 1 
20 30 0 18 24 28 15 6 45 20 37 41 18 21 27 15 34 5 5 22 46 9 18 31 22 
22 46 26 0 32 16 9 8 16 12 42 39 11 35 6 23 24 35 10 44 36 42 23 9 2 
33 1 47 34 0 7 4 42 3 50 47 3 32 40 24 29 12 29 26 6 29 39 5 50 49 
32 48 12 50 24 0 46 30 49 38 25 49 16 13 25 10 8 1 36 12 38 3 41 35 11 
32 33 7 17 17 30 0 14 29 1 48 2 9 43 43 30 5 18 5 45 16 26 13 50 5 
16 48 29 3 44 12 46 0 42 14 1 18 41 39 13 33 8 12 20 15 15 23 1 16 9 
7 7 20 49 47 20 36 19 0 34 3 2 19 2 11 36 40 3 11 46 43 25 39 17 5 
22 38 5 6 48 35 32 15 33 0 21 46 37 42 47 45 44 16 50 8 36 12 14 6 1 
35 26 13 13 6 23 34 19 41 16 0 27 9 15 30 22 49 21 37 37 32 15 50 48 6 
16 2 28 26 31 31 43 9 32 4 22 0 22 23 20 10 10 37 28 46 27 21 37 30 36 
29 9 15 26 28 25 36 36 29 7 47 4 0 46 9 38 11 24 19 27 12 9 50 26 2 
27 27 45 38 4 21 36 30 23 43 47 23 16 0 18 31 8 19 36 43 16 23 7 15 28 
41 36 4 2 10 18 27 29 34 14 49 2 30 49 0 32 8 22 18 31 4 12 16 45 6 
38 20 43 23 7 10 29 21 13 18 48 19 18 34 20 0 5 16 19 39 3 19 30 29 21 
5 36 45 6 26 11 16 25 42 48 15 41 26 4 23 24 0 35 28 40 13 1 14 41 39 
48 26 38 44 27 42 38 8 42 23 19 22 16 24 45 2 2 0 23 27 21 19 30 30 12 
46 16 18 41 41 16 20 41 45 7 8 1 23 23 49 50 11 7 0 49 3 36 2 9 12 
34 38 11 29 37 20 20 18 47 27 48 12 24 47 17 26 4 28 27 0 10 16 45 29 30 
24 28 11 12 31 27 27 45 8 7 8 3 6 41 4 26 37 40 5 47 0 25 38 26 15 
41 24 50 8 25 50 46 40 10 31 6 10 10 8 38 20 50 3 5 18 39 0 15 20 13 
25 2 23 26 41 32 6 37 2 47 22 8 27 20 21 8 12 19 43 25 36 45 0 16 30 
3 35 48 22 34 9 26 26 4 38 33 24 27 20 50 29 26 19 9 14 36 31 43 0 30 
33 47 6 21 22 46 28 30 36 44 24 6 34 34 3 43 21 46 4 40 37 47 32 42 0 
20 0 15 49 17 36 3 44 23 43 18 39 38 3 6 5 9 10 4 38 34 47 44 45 43 
17 16 0 43 40 27 3 43 36 15 15 1 8 47 11 45 34 1 1 14 16 45 16 41 16 
42 45 30 0 34 9 48 46 26 20 7 1 21 10 4 46 40 26 3 23 39 5 48 13 50 
9 5 34 46 0 31 29 48 1 26 28 49 33 23 10 27 18 19 26 38 41 11 24 24 47 
5 24 41 43 44 0 3 11 45 33 31 25 5 15 1 45 41 10 50 46 32 6 14 17 17 
27 6 21 29 11 23 0 39 35 32 37 41 8 39 6 8 24 17 5 1 43 35 23 3 19 
32 47 31 11 29 43 42 0 42 7 25 16 38 33 33 35 11 42 40 24 28 10 38 3 5 
43 23 15 1 13 25 32 4 0 3 2 48 14 42 28 7 39 46 49 1 14 40 20 42 35 
21 40 1 45 50 25 9 45 45 0 27 19 7 28 41 29 32 43 13 36 31 35 21 19 14 
34 35 33 11 37 39 16 23 32 30 0 31 23 25 38 5 28 44 4 19 16 10 50 12 5 
21 20 21 27 35 11 1 50 22 37 11 0 16 43 48 8 6 11 47 26 48 10 6 7 6 
9 8 37 31 2 4 5 34 23 29 41 17 0 19 39 38 21 30 32 2 39 27 39 36 46 
46 14 5 14 25 14 45 15 13 16 19 28 25 0 20 48 18 32 27 43 14 8 42 38 22 
9 6 19 29 4 19 29 20 22 42 35 39 49 42 0 10 9 34 27 5 3 21 10 46 10 
35 35 8 1 47 23 39 5 26 33 5 20 46 17 11 0 45 38 49 7 34 36 9 20 40 
18 34 30 31 38 36 2 49 10 9 44 20 11 28 24 50 0 3 31 13 16 38 41 14 18 
17 10 16 22 4 13 25 26 15 18 34 13 43 8 18 41 32 0 6 11 37 23 41 34 10 
26 8 31 5 47 5 3 27 21 13 15 28 20 31 46 47 35 19 0 6 44 45 11 7 46 
13 22 35 32 31 27 45 27 26 7 46 47 33 20 30 11 15 7 43 0 31 44 40 22 2 
11 14 3 5 35 41 15 16 1 36 42 25 20 22 47 44 18 39 2 14 0 35 49 15 15 
39 46 29 38 18 27 3 24 1 34 21 17 25 41 42 36 42 30 46 48 29 0 5 41 44 
11 49 14 5 39 8 17 12 50 38 16 40 13 27 49 25 34 19 25 37 2 30 0 20 27 
47 17 23 5 4 18 37 35 5 36 28 19 14 48 36 43 17 9 18 37 25 2 23 0 15 
32 22 15 10 31 4 43 31 29 37 8 22 36 13 9 33 1 32 36 27 50 30 12 36 0 
34 0 32 21 43 13 34 3 46 44 8 23 33 4 28 4 1 44 47 40 27 40 14 8 5 
1 36 0 37 43 17 47 16 2 10 29 27 49 34 50 19 46 34 13 28 28 40 27 29 24 
28 35 34 0 3 40 35 46 20 25 17 42 27 47 11 29 48 43 21 23 25 2 5 17 44 
29 44 44 28 0 37 30 15 25 7 13 15 32 13 13 13 26 33 7 25 18 9 42 49 24 
34 30 36 19 4 0 5 23 23 18 41 25 46 42 19 34 46 2 18 21 35 46 47 36 31 
9 48 43 45 31 50 0 36 37 45 20 44 7 44 46 22 3 41 42 15 23 39 17 35 14 
23 29 16 41 22 15 29 0 38 45 6 11 6 12 28 43 19 5 39 2 22 26 27 2 6 
47 18 44 4 33 14 43 43 0 14 29 22 2 34 45 15 31 42 6 13 39 36 16 41 13 
50 46 18 50 16 13 39 47 28 0 11 45 5 21 25 5 31 13 18 43 34 7 41 36 11 
25 21 30 20 15 13 20 32 27 32 0 5 37 47 43 28 1 41 26 25 24 1 10 10 18 
2 32 26 19 23 8 7 9 11 7 26 0 45 34 19 32 15 41 13 28 40 21 18 35 21 
41 42 43 31 17 12 10 15 12 12 19 33 0 37 2 9 20 25 46 27 40 17 34 17 23 
44 10 33 38 33 20 48 34 48 6 29 31 15 0 27 43 49 48 12 33 22 50 50 28 39 
5 8 15 25 42 46 4 7 26 21 38 7 30 22 0 32 42 15 36 36 32 24 28 5 49 
3 28 42 6 1 46 23 45 32 45 34 25 6 23 43 0 2 2 22 6 45 40 36 20 26 
31 42 8 15 14 47 15 27 4 17 22 14 4 49 7 31 0 48 43 26 35 39 7 37 42 
44 34 31 3 22 11 10 17 9 17 25 10 38 9 31 36 30 0 7 22 40 1 29 49 3 
15 26 47 47 11 35 38 24 5 16 21 31 16 13 6 43 7 5 0 5 37 24 48 43 40 
13 40 6 32 36 48 41 15 36 28 38 47 15 14 6 24 30 2 5 0 23 38 50 20 17 
2 30 33 47 24 12 29 18 34 8 34 22 30 6 38 8 25 7 45 38 0 25 9 29 43 
50 32 8 23 43 20 2 13 20 39 31 7 15 45 41 25 50 21 13 8 31 0 35 45 24 
15 48 48 32 6 32 43 43 2 40 47 43 4 7 26 14 6 21 2 41 26 32 0 43 30 
16 21 39 5 47 21 13 15 37 35 8 45 22 21 8 39 47 38 5 26 48 49 21 0 43 
46 50 2 10 34 4 48 33 6 19 17 35 44 38 47 31 28 33 6 20 49 31 42 36 0 
13 0 14 45 39 28 18 33 17 1 47 10 47 20 4 32 33 37 26 40 4 4 24 45 9 
41 25 0 49 16 43 2 44 15 8 17 47 20 10 10 6 39 37 50 35 47 29 50 12 24 
2 23 33 0 23 41 39 32 40 19 36 48 3 19 17 25 49 3 45 40 4 7 12 24 27 
21 1 18 5 0 39 49 31 42 14 25 15 21 19 22 25 19 35 8 2 25 13 3 20 20 
26 36 45 34 10 0 8 18 40 50 7 3 40 21 28 1 21 5 6 40 45 3 4 31 32 
21 21 19 49 11 49 0 14 19 32 49 29 3 4 47 32 6 7 25 21 13 19 35 49 7 
7 31 21 7 13 25 17 0 22 6 14 14 39 40 19 29 1 43 35 9 23 49 48 18 8 
25 35 39 28 34 19 13 37 0 23 13 43 31 29 7 6 7 32 8 48 40 33 43 17 38 
47 21 20 35 26 27 8 9 14 0 13 33 29 37 39 39 38 2 28 17 27 27 49 22 36 
30 2 41 42 1 28 25 33 19 1 0 32 14 49 29 11 46 5 35 17 17 25 27 21 43 
20 10 39 6 26 40 12 49 49 34 6 0 24 37 17 8 36 38 1 11 36 8 26 39 24 
18 21 23 43 32 6 12 3 32 48 23 41 0 39 20 7 30 40 34 15 16 24 37 10 39 
27 32 30 25 17 36 36 44 22 16 39 6 17 0 20 17 44 23 3 43 39 44 18 48 18 
45 32 46 25 11 23 50 31 11 35 17 1 26 37 0 37 46 12 29 20 24 32 1 13 21 
17 22 44 21 45 22 45 9 35 12 31 36 40 12 34 0 49 16 9 45 33 4 17 18 36 
16 47 28 16 48 24 36 44 20 26 8 39 30 30 36 40 0 41 8 17 14 7 2 7 1 
45 22 8 24 7 30 18 50 4 8 5 48 45 30 12 11 26 0 38 17 15 4 46 19 37 
23 5 43 46 1 4 30 15 41 27 21 27 16 13 38 40 8 8 0 35 22 25 38 46 11 
47 6 39 19 36 42 47 50 3 22 2 2 38 22 50 1 29 41 8 0 18 9 35 45 14 
1 27 8 46 11 48 12 35 10 32 50 45 16 11 30 50 30 21 24 45 0 12 36 3 37 
9 35 43 34 31 29 2 12 12 25 19 9 35 1 40 6 10 17 42 6 22 0 5 35 18 
12 9 38 39 12 50 3 15 25 21 38 26 5 28 5 32 30 39 34 42 43 21 0 16 30 
31 19 36 45 45 47 15 5 1 26 23 23 41 14 1 12 23 5 34 14 14 15 2 0 32 
13 11 26 33 21 44 26 41 44 9 8 43 15 8 21 29 6 33 26 30 6 33 41 17 0 
39 0 22 19 39 38 2 16 17 18 4 33 34 21 32 34 7 50 33 30 33 6 8 48 15 
34 6 0 8 31 39 22 27 31 21 10 45 49 25 38 4 42 43 41 26 11 26 38 8 25 
50 19 30 0 23 3 8 11 31 25 5 5 32 44 35 29 46 28 3 13 12 38 35 33 13 
30 38 40 16 0 33 37 40 47 49 34 32 20 43 5 28 14 49 15 24 21 33 22 48 9 
13 30 34 24 25 0 46 37 15 37 17 43 16 18 46 48 39 16 8 33 11 3 9 3 24 
25 50 13 23 12 13 0 31 9 40 32 4 3 3 16 23 3 47 18 34 27 12 12 46 4 
17 36 6 25 39 38 6 0 5 27 11 49 26 33 15 3 25 37 35 26 36 43 45 36 50 
36 31 14 36 25 27 12 14 0 5 9 7 26 8 6 20 2 27 49 27 43 18 48 21 33 
15 10 40 28 36 10 12 22 50 0 6 40 9 25 21 30 1 49 36 22 24 8 28 18 32 
15 25 9 44 19 44 33 39 10 31 0 21 16 37 35 28 45 48 35 27 2 16 12 28 7 
20 26 44 32 27 47 25 38 43 9 13 0 12 1 19 3 6 24 1 49 44 50 15 14 15 
9 27 27 24 1 16 16 4 47 3 24 43 0 50 2 13 14 7 33 24 28 22 16 44 29 
32 21 29 16 13 34 7 6 12 30 24 50 20 0 2 38 27 44 10 15 49 46 10 7 23 
39 36 38 18 42 37 44 43 34 49 42 30 38 50 0 42 14 46 19 32 21 28 14 45 6 
45 47 34 12 2 46 34 22 15 7 28 28 47 40 15 0 26 36 31 17 22 10 9 39 44 
19 2 3 28 29 37 45 25 41 33 23 45 3 32 41 38 0 16 20 15 32 23 14 17 7 
5 6 35 47 47 24 46 37 8 40 44 1 43 6 44 29 12 0 3 37 15 17 20 23 5 
41 29 6 41 44 8 22 5 35 46 24 24 2 48 28 18 37 36 0 37 13 38 41 45 10 
27 37 20 20 28 3 40 35 33 31 7 19 18 6 44 1 19 40 16 0 47 33 21 27 15 
25 19 28 32 33 11 17 50 34 47 14 7 38 2 28 33 7 39 41 22 0 41 10 1 32 
43 37 45 49 25 49 27 7 10 6 46 9 25 9 2 23 14 8 36 22 42 0 37 13 17 
13 34 41 45 30 6 24 16 19 47 39 47 17 19 26 36 20 8 47 33 7 19 0 8 48 
37 18 8 34 25 29 40 6 25 28 37 41 8 33 27 5 32 30 41 28 21 6 7 0 46 
32 50 2 35 40 30 11 44 26 44 8 13 48 41 42 40 8 34 22 39 32 35 29 38 0 
31 0 43 2 27 29 31 28 32 12 12 2 25 28 6 16 45 17 43 16 14 25 15 7 41 
39 2 0 21 37 34 18 14 48 22 15 4 48 28 35 16 46 17 27 1 36 39 17 13 3 
18 28 23 0 39 20 16 13 17 36 11 38 28 11 41 48 44 49 5 4 13 2 19 17 33 
28 20 47 49 0 14 21 3 23 39 19 20 7 46 25 29 7 3 37 12 17 47 38 36 27 
29 7 38 35 14 0 1 1 50 11 40 11 50 19 14 4 16 9 16 39 43 22 42 49 24 
26 48 10 15 7 50 0 37 41 35 21 20 7 33 19 9 39 18 20 47 6 15 30 38 40 
34 47 9 31 50 43 5 0 38 9 15 9 16 41 37 44 11 4 21 15 48 45 47 33 41 
8 50 25 2 46 44 10 46 0 10 21 31 11 42 6 41 42 16 32 49 19 10 43 48 32 
27 36 2 44 16 41 46 38 14 0 19 24 50 19 4 43 15 6 13 7 21 6 33 20 48 
31 23 33 13 48 15 31 15 2 44 0 25 10 42 16 31 20 25 44 47 23 33 42 24 13 
39 34 13 47 37 28 27 44 17 5 14 0 43 8 33 41 50 38 10 48 25 29 34 24 40 
33 38 46 13 37 47 16 39 49 21 24 14 0 3 35 28 25 18 32 43 37 3 38 12 42 
4 48 36 24 44 49 34 6 11 24 15 50 32 0 15 8 21 40 25 45 38 10 27 48 4 
32 23 8 48 41 37 37 45 26 4 9 40 12 42 0 46 1 37 18 4 29 21 29 44 3 
24 23 48 29 44 25 33 27 1 32 43 21 41 37 16 0 24 37 20 24 28 6 19 9 48 
29 44 2 42 24 19 34 3 29 5 24 18 40 9 1 2 0 22 33 39 30 50 25 10 50 
3 30 43 1 5 17 48 6 14 50 50 50 23 41 4 33 49 0 40 42 36 14 48 35 29 
19 23 6 23 30 30 49 5 35 2 40 45 26 33 49 13 8 18 0 5 40 9 2 29 31 
30 7 31 11 33 24 37 6 45 15 32 32 11 25 27 35 2 46 16 0 21 2 9 7 17 
41 30 29 46 43 46 20 18 44 25 44 23 49 39 22 11 16 34 1 12 0 1 17 3 33 
42 21 39 13 37 8 30 21 1 15 20 4 46 41 13 49 45 15 38 36 32 0 4 36 13 
24 5 6 19 9 46 16 24 28 47 4 23 8 8 32 37 46 24 23 34 19 19 0 16 25 
21 2 17 36 29 17 2 39 35 26 39 32 3 12 13 5 49 46 26 50 38 41 42 0 38 
34 2 41 9 31 2 45 6 39 32 48 8 30 31 46 11 45 16 39 32 19 50 35 34 0 
12 0 19 35 23 43 17 38 31 10 30 3 28 27 44 8 33 31 34 43 21 14 5 26 19 
1 16 0 5 22 2 11 20 35 18 7 48 13 18 22 13 23 45 18 49 50 28 18 35 2 
8 7 1 0 35 7 14 21 7 43 16 23 28 12 16 29 50 11 18 10 21 47 46 16 10 
21 21 27 47 0 7 26 41 33 31 4 15 46 10 35 29 4 37 41 20 2 50 36 12 29 
39 50 40 11 9 0 15 6 12 42 42 15 37 38 24 1 18 26 40 47 9 1 34 41 26 
40 6 34 6 27 15 0 11 36 10 48 8 8 36 31 25 16 48 4 5 18 21 42 17 13 
41 2 27 10 39 3 29 0 6 10 15 21 3 31 50 35 28 31 29 28 40 16 44 32 45 
16 32 11 48 30 23 6 48 0 39 22 16 25 38 2 47 7 20 3 48 22 10 22 36 49 
19 27 38 42 15 27 47 47 21 0 32 44 8 42 31 26 37 9 24 14 10 34 11 40 30 
33 21 21 14 46 11 35 44 46 12 0 30 3 36 14 33 12 25 19 5 7 8 40 15 40 
28 11 13 37 8 27 15 8 38 8 10 0 45 7 34 2 11 47 50 12 30 1 24 2 46 
42 2 35 16 7 34 22 44 6 32 36 35 0 48 49 37 20 48 23 16 28 5 38 6 42 
18 45 10 8 28 36 39 4 10 18 46 6 42 0 50 2 5 36 17 40 26 48 17 13 49 
14 42 33 29 9 25 41 4 47 43 48 12 24 15 0 16 21 43 33 26 31 4 31 28 48 
21 11 42 39 49 30 44 1 32 11 45 36 3 11 46 0 35 27 42 9 50 2 40 31 22 
1 19 34 16 42 33 45 33 15 36 8 48 33 3 5 17 0 49 48 31 13 21 31 18 32 
37 41 4 12 22 29 46 31 30 21 38 30 47 29 9 49 17 0 12 22 18 3 49 3 24 
38 43 1 5 10 18 2 21 2 2 30 2 29 33 11 36 40 27 0 18 12 15 26 21 21 
39 32 47 9 9 1 29 38 39 31 25 30 29 41 22 13 20 18 29 0 45 50 8 20 34 
1 37 28 27 31 41 9 12 22 31 16 28 22 43 12 1 23 42 14 49 0 8 32 8 49 
5 6 43 48 47 26 22 32 13 13 8 23 24 3 8 48 22 14 9 49 26 0 45 41 27 
7 28 23 8 45 22 26 20 29 29 22 26 48 12 16 47 9 35 16 9 35 39 0 28 21 
35 16 28 45 23 10 24 11 15 17 41 20 4 14 37 41 37 39 45 45 32 33 50 0 10 
49 13 40 41 30 33 42 19 1 3 23 30 44 32 47 20 6 11 11 32 21 46 43 46 0 
48 0 25 22 47 45 34 39 3 16 18 47 11 20 33 31 33 25 23 20 2 41 8 48 6 
43 25 0 40 21 23 19 39 3 20 45 44 6 11 46 25 17 14 21 14 27 35 36 50 23 
31 28 8 0 49 27 42 5 40 28 17 5 20 45 19 31 47 29 45 42 26 40 26 23 30 
49 3 38 21 0 44 21 21 7 25 17 41 45 12 41 26 28 41 5 29 44 42 5 23 46 
41 17 48 41 44 0 24 34 5 5 28 1 25 5 34 46 7 46 48 46 28 28 36 36 39 
20 15 36 35 48 29 0 38 45 30 42 30 27 24 31 13 1 34 36 40 34 41 1 23 7 
9 22 49 44 9 46 18 0 5 32 10 22 30 39 49 7 27 40 6 45 13 4 19 34 16 
36 45 44 42 46 3 48 19 0 42 30 27 26 31 45 36 35 24 26 46 14 10 33 13 35 
30 14 44 35 7 11 3 40 39 0 33 9 15 2 27 10 30 12 4 39 9 23 32 46 46 
21 11 39 29 24 20 7 3 33 9 0 13 33 9 14 13 31 28 37 38 48 37 22 33 48 
17 16 2 7 45 4 13 48 18 48 14 0 46 22 24 17 19 27 7 32 43 14 27 21 49 
41 8 32 36 44 49 10 50 29 41 13 8 0 19 50 8 29 47 15 15 11 1 17 10 4 
20 19 21 30 40 40 35 40 46 4 16 37 23 0 28 5 20 39 15 18 31 11 10 1 28 
49 4 47 49 13 11 49 25 49 28 16 26 28 30 0 11 39 7 24 13 16 35 22 7 19 
11 45 23 36 50 29 44 11 19 44 32 36 43 37 27 0 35 6 42 39 45 12 29 43 10 
5 29 25 38 48 35 43 28 47 29 38 18 39 13 25 20 0 35 6 7 35 48 25 47 21 
47 28 11 44 33 13 7 32 3 13 32 22 4 6 14 34 1 0 5 40 15 49 9 47 44 
17 19 10 7 22 8 12 31 33 5 41 21 25 50 45 35 22 6 0 16 26 31 4 17 29 
43 24 34 44 35 32 23 39 31 18 27 14 4 1 11 45 2 2 40 0 50 16 43 10 2 
10 5 44 43 44 22 13 14 3 31 15 49 25 18 46 1 33 2 40 8 0 23 31 32 21 
46 21 24 30 14 18 14 50 15 32 34 31 39 30 45 9 5 14 12 23 37 0 12 21 34 
7 39 17 14 4 2 30 29 24 23 47 23 49 33 50 36 18 16 35 44 35 16 0 13 3 
7 31 3 9 20 9 35 35 1 40 24 26 1 50 46 13 3 6 7 16 34 23 11 0 22 
15 26 6 21 28 27 50 41 27 15 7 23 50 21 10 16 38 13 23 9 10 25 36 18 0 
20 0 23 41 30 9 47 19 35 20 31 45 44 3 14 8 24 41 33 49 37 43 24 14 32 
46 42 0 29 22 1 3 13 40 41 38 2 5 37 21 33 31 46 23 3 19 27 16 13 24 
6 49 18 0 28 26 49 26 46 9 10 34 18 19 48 35 17 19 5 3 16 13 3 38 21 
1 19 42 21 0 21 45 6 31 30 5 17 2 36 36 15 42 13 7 46 27 37 16 13 48 
38 36 50 23 13 0 48 12 3 11 48 28 8 8 6 26 15 5 4 39 14 32 33 32 34 
41 12 3 6 7 11 0 34 35 6 44 33 35 45 34 18 32 43 14 41 39 9 7 35 8 
32 32 23 34 27 49 17 0 6 5 17 32 2 45 6 47 1 15 43 2 15 23 41 20 22 
36 7 22 18 42 44 26 35 0 27 46 25 25 38 50 8 8 27 27 31 29 2 16 38 37 
17 41 24 16 5 20 35 41 13 0 2 48 21 28 49 15 11 42 48 25 50 31 23 13 15 
35 45 38 47 10 41 20 21 20 35 0 2 1 20 10 31 8 11 35 12 37 2 38 31 28 
13 20 37 4 42 39 6 45 28 10 32 0 10 32 39 31 22 32 28 2 43 48 14 42 33 
18 18 39 47 11 27 13 48 14 11 34 41 0 4 16 29 31 29 7 23 11 28 21 26 23 
4 41 5 25 36 39 30 49 29 5 37 24 1 0 9 35 2 47 35 47 22 5 41 18 16 
49 21 14 42 41 31 5 47 42 16 44 20 23 39 0 12 26 31 36 12 50 30 6 31 20 
22 22 14 44 25 5 19 13 23 39 26 15 25 39 9 0 48 1 40 33 35 16 15 30 8 
24 21 41 20 30 19 37 44 41 45 20 19 18 11 23 37 0 47 32 48 34 14 47 2 42 
27 14 49 40 23 46 5 8 43 6 21 4 14 50 33 4 2 0 32 25 31 20 40 31 40 
17 47 38 34 18 46 45 27 20 49 43 17 21 48 22 45 40 13 0 27 12 41 20 23 48 
49 44 32 32 22 22 23 38 33 9 23 27 8 21 40 47 12 44 35 0 15 7 17 34 5 
11 31 41 7 13 20 50 48 24 41 36 24 14 13 6 48 27 6 34 12 0 25 46 37 19 
23 30 50 48 36 9 41 32 10 28 22 41 31 17 25 14 10 26 4 18 36 0 17 34 49 
38 37 39 2 34 23 30 16 45 22 35 34 20 2 13 15 50 4 15 37 41 16 0 17 11 
31 21 2 50 43 19 34 7 47 1 10 49 20 40 49 38 48 7 46 10 32 42 44 0 9 
13 39 19 32 3 47 9 23 20 29 22 13 21 31 24 27 39 29 37 19 42 14 46 11 0 
6 0 27 39 34 20 8 29 40 28 44 37 4 1 2 5 50 43 38 30 42 18 36 18 18 
34 20 0 22 3 6 25 17 49 43 8 27 26 9 25 4 12 50 33 36 27 44 20 27 37 
25 37 27 0 5 35 5 43 20 9 21 50 50 37 26 34 3 28 39 12 43 26 29 42 18 
34 18 42 36 0 50 41 25 15 44 35 29 19 49 13 14 39 16 7 17 38 25 4 26 24 
49 34 50 6 9 0 35 12 47 45 9 21 18 14 7 20 19 47 36 7 2 48 15 5 15 
25 23 27 19 12 4 0 44 31 42 18 38 17 42 20 7 10 24 32 25 41 42 47 26 9 
38 49 42 40 47 25 27 0 34 29 35 32 36 8 44 35 41 15 41 27 46 20 3 27 28 
29 48 28 17 41 14 24 28 0 48 18 32 14 13 5 34 18 42 4 38 7 38 21 2 31 
48 34 26 2 21 30 39 35 22 0 14 11 50 47 10 44 15 12 4 39 40 13 22 29 11 
7 10 5 17 15 21 40 8 47 48 0 19 8 39 22 8 18 30 47 42 49 44 34 21 32 
11 23 46 35 33 12 19 26 6 15 45 0 12 25 23 20 2 25 3 4 50 42 36 27 40 
46 21 11 16 31 30 17 24 39 24 7 43 0 25 5 26 35 29 44 3 24 28 47 44 7 
28 40 25 42 31 21 41 25 47 6 40 13 2 0 4 46 26 48 22 23 2 17 28 27 20 
28 20 22 48 34 3 13 50 28 4 39 41 5 26 0 43 18 33 32 46 20 16 13 34 26 
49 27 26 7 24 42 41 50 14 6 15 12 50 43 41 0 44 44 40 36 48 15 5 22 23 
29 5 19 35 32 8 4 15 37 46 50 8 27 6 26 36 0 14 39 28 50 11 32 19 41 
41 2 26 26 27 36 11 44 6 4 28 19 23 6 18 6 2 0 50 26 4 44 34 18 38 
15 50 34 27 28 22 12 48 37 29 45 31 32 29 38 1 36 6 0 3 24 29 7 13 9 
21 22 49 12 6 15 48 7 35 38 12 28 2 34 17 34 42 30 33 0 45 11 38 24 23 
12 25 19 38 32 44 10 9 38 26 7 6 23 1 42 23 31 38 46 45 0 17 11 49 2 
40 19 33 49 25 19 48 33 48 26 50 31 46 11 26 41 29 4 41 26 28 0 11 11 42 
38 10 14 24 42 30 7 2 26 17 48 13 12 11 35 19 29 24 8 48 1 12 0 28 21 
13 5 17 14 21 24 25 29 8 42 11 15 5 25 41 19 20 49 5 29 13 13 30 0 18 
19 22 48 4 3 14 41 27 33 44 11 37 14 43 31 3 43 19 6 20 1 20 14 4 0 
