21
30
13 0 4 20 8 38 26 39 38 24 11 17 31 45 34 33 45 4 1 34 1 7 31 50 10 34 19 38 15 19 32 
29 29 0 49 42 31 9 10 14 38 4 36 14 45 24 29 49 36 12 39 39 42 21 49 34 33 33 4 11 25 19 
39 25 19 0 43 32 39 33 3 3 24 35 41 14 30 16 43 36 27 31 36 34 26 26 30 40 8 30 15 10 49 
6 50 39 20 0 16 12 45 2 43 41 16 34 10 16 4 2 8 20 19 40 47 28 30 40 36 13 49 39 4 24 
10 18 43 4 19 0 36 2 44 15 5 49 35 35 40 20 1 17 11 27 38 50 11 46 21 3 28 20 50 34 3 
13 6 48 19 32 49 0 41 6 47 19 1 14 6 15 41 13 44 41 21 36 47 39 13 17 24 50 22 23 2 41 
16 2 11 12 42 43 37 0 16 9 21 10 11 14 8 37 36 6 32 30 41 35 30 30 49 7 24 43 32 45 33 
27 19 4 7 3 49 4 44 0 23 49 26 28 32 50 26 36 25 6 30 38 44 41 43 12 7 37 23 13 5 19 
1 5 21 27 44 42 7 8 6 0 39 33 12 9 32 15 7 49 30 23 21 50 38 2 8 39 37 26 43 1 17 
26 42 40 5 49 21 8 6 6 35 0 30 18 50 42 6 33 32 11 47 50 38 44 41 35 19 13 4 14 39 8 
16 14 8 39 13 42 23 4 34 45 50 0 44 24 39 41 32 38 11 2 6 5 15 47 1 29 33 2 5 36 36 
18 44 18 49 19 16 10 11 30 15 11 29 0 28 3 50 45 20 3 44 37 25 44 12 33 3 1 17 7 11 30 
41 18 19 48 27 7 27 25 20 26 23 27 31 0 38 45 27 38 45 2 34 14 50 12 49 11 25 33 35 47 18 
49 4 1 1 25 44 10 30 26 44 19 45 33 19 0 15 48 13 24 38 26 14 23 6 27 16 41 7 20 37 2 
24 42 29 3 27 19 27 31 14 2 17 8 19 8 16 0 20 17 43 34 13 13 9 48 21 5 27 49 24 35 34 
37 41 43 24 20 28 16 31 42 46 22 33 10 36 10 6 0 4 48 12 47 25 14 36 25 40 16 45 8 48 1 
21 3 46 31 16 27 15 45 39 38 4 37 2 38 42 30 49 0 12 12 49 23 2 13 39 10 24 5 19 35 5 
33 8 33 42 26 19 37 30 21 33 41 9 9 24 43 38 12 48 0 33 10 17 33 47 50 28 20 41 8 22 42 
22 47 11 35 6 46 5 11 13 23 44 20 41 29 8 14 43 39 46 0 22 12 7 37 25 38 1 12 33 14 6 
29 29 8 30 12 45 49 25 19 47 34 2 35 11 17 47 42 18 43 15 0 28 3 13 1 30 15 10 37 47 5 
35 22 48 8 45 16 13 12 18 13 16 18 20 49 38 10 22 27 9 42 9 0 44 41 49 29 26 16 8 50 47 
35 12 29 14 13 12 5 28 16 1 34 30 1 30 50 10 33 15 13 21 43 34 0 29 5 47 42 31 49 29 19 
50 6 13 22 28 4 40 6 37 26 6 45 11 8 8 29 44 12 50 20 44 2 45 0 30 4 2 34 24 18 21 
32 7 50 48 1 29 17 29 2 46 20 28 28 37 15 49 24 21 47 19 48 20 49 10 0 26 49 11 34 19 27 
21 16 39 16 45 50 45 14 8 30 12 15 10 5 50 17 25 9 15 5 28 13 28 49 24 0 12 8 41 22 3 
18 34 11 25 25 4 39 13 42 16 4 11 14 18 8 34 11 45 10 10 25 3 20 14 49 9 0 39 41 43 34 
42 5 42 6 12 29 5 35 30 46 28 12 17 49 1 18 49 10 42 41 2 14 32 13 28 16 14 0 48 27 17 
16 49 20 9 25 50 19 9 6 29 29 26 16 14 32 13 36 21 13 31 10 29 49 3 33 29 24 29 0 28 47 
15 7 9 13 31 30 42 9 25 2 50 41 5 13 12 26 48 18 31 16 30 43 35 46 8 37 50 18 26 0 47 
26 40 32 9 15 23 18 4 34 3 21 28 47 12 32 19 25 36 42 7 31 6 49 12 17 22 23 14 6 44 0 
30 0 25 33 29 26 10 10 46 49 40 9 45 35 29 45 3 47 24 14 39 13 15 27 20 16 21 42 20 43 43 
50 4 0 48 40 23 47 45 18 36 23 10 29 38 3 48 36 22 20 17 15 25 49 50 18 31 16 48 14 13 6 
18 41 4 0 6 40 5 47 45 7 49 9 29 38 41 29 35 27 25 22 30 49 23 3 28 18 2 4 31 10 7 
49 31 5 31 0 5 20 26 32 14 43 40 27 13 19 7 46 11 9 39 47 39 24 42 34 7 46 39 26 39 38 
1 17 36 50 1 0 28 25 8 37 10 10 46 12 29 41 22 10 34 22 22 41 46 43 14 18 25 40 22 24 10 
31 50 43 26 42 24 0 41 14 19 29 22 3 23 29 37 44 13 13 43 35 36 5 4 17 47 6 24 23 32 26 
38 3 35 28 29 10 3 0 36 38 18 31 47 16 43 50 39 23 15 27 25 12 27 29 39 24 27 46 27 29 36 
50 19 32 43 42 20 19 46 0 50 28 41 28 26 26 4 40 39 12 17 9 34 10 47 7 15 12 25 46 5 3 
15 27 8 2 18 13 16 24 2 0 31 20 28 15 50 35 35 2 3 35 34 39 35 10 20 3 41 22 25 29 30 
46 24 42 48 13 14 21 25 8 42 0 25 15 10 37 40 7 45 48 23 30 11 22 11 21 14 30 18 38 49 28 
41 41 46 22 36 46 37 18 37 22 15 0 27 45 44 10 25 25 23 31 47 46 25 3 49 20 24 13 21 34 33 
47 34 26 31 1 34 20 38 2 44 20 27 0 12 1 16 34 27 17 11 40 6 45 7 3 32 17 39 47 3 12 
34 16 34 4 25 32 2 15 44 27 5 37 22 0 37 27 20 14 2 34 37 48 46 11 45 28 2 27 24 49 34 
46 23 36 40 11 5 43 9 27 34 33 12 24 35 0 35 19 23 20 26 13 4 37 14 16 14 38 6 40 26 24 
5 29 16 10 31 33 1 33 27 23 27 5 26 50 5 0 36 23 26 11 9 30 7 48 37 31 9 10 21 26 23 
50 4 33 4 30 4 47 15 4 3 18 41 43 4 37 49 0 12 14 12 29 16 30 30 17 44 49 32 30 29 23 
24 31 7 4 24 23 23 23 21 1 40 9 23 8 41 39 14 0 45 50 33 48 46 9 48 8 20 25 16 10 31 
23 17 36 32 29 38 34 39 30 15 26 39 44 11 39 8 8 22 0 27 6 35 37 31 47 25 28 22 10 47 4 
48 8 14 40 29 24 23 41 30 4 5 25 15 36 7 9 3 48 9 0 1 13 4 40 4 47 36 37 39 8 2 
16 25 43 27 17 19 26 4 33 16 35 17 43 23 1 10 23 45 41 16 0 26 25 1 46 42 45 18 10 44 43 
37 35 34 28 39 31 33 38 20 38 34 49 16 43 17 46 11 18 4 38 13 0 42 49 42 27 42 24 47 35 22 
1 17 11 41 30 1 34 15 35 21 28 35 26 3 33 27 9 9 30 46 34 1 0 7 6 30 46 36 43 2 48 
7 36 4 48 37 17 39 26 14 16 12 47 33 34 11 28 16 46 9 50 33 16 18 0 40 38 1 11 5 11 34 
15 42 14 38 14 42 32 29 17 16 39 34 45 14 35 38 18 23 46 2 30 41 34 2 0 15 41 19 14 11 37 
7 34 16 31 2 21 34 46 20 19 46 38 30 43 12 50 22 4 6 50 33 38 9 9 4 0 24 8 12 23 24 
24 18 18 30 10 5 19 15 13 14 5 22 4 28 6 43 12 42 41 16 20 16 9 11 4 20 0 25 7 27 28 
13 22 24 47 46 29 20 50 34 7 31 7 41 42 46 11 34 32 3 12 13 16 21 8 4 9 10 0 8 26 40 
31 12 39 36 1 33 49 8 32 28 23 12 9 35 35 13 25 18 15 44 37 43 5 15 15 48 2 16 0 43 38 
20 12 24 44 27 19 19 6 41 13 12 27 1 25 40 2 8 37 23 41 34 42 44 33 4 38 8 24 21 0 4 
32 34 15 44 9 11 38 15 8 16 45 19 27 2 32 11 43 30 25 14 40 15 44 2 4 28 19 42 41 39 0 
12 0 45 36 38 32 29 12 7 16 29 15 43 30 8 47 16 16 42 1 44 45 28 49 8 14 18 41 14 41 32 
42 46 0 24 19 5 50 34 40 21 4 49 37 15 47 50 47 36 37 5 39 13 28 42 48 45 34 46 28 24 14 
39 49 16 0 35 37 19 20 11 3 47 33 27 21 48 45 9 14 3 9 17 33 5 9 3 19 15 5 26 25 21 
5 6 16 8 0 15 1 21 30 10 31 28 25 34 9 6 37 7 45 4 36 21 43 19 8 32 35 40 14 16 23 
14 44 36 33 43 0 27 11 14 33 44 39 34 44 28 39 8 21 1 47 33 8 11 23 40 50 12 37 8 26 31 
11 7 15 37 17 35 0 40 1 16 30 26 44 12 10 48 38 49 42 19 25 14 40 18 33 15 4 21 47 33 31 
40 4 38 3 33 32 19 0 7 12 5 18 20 35 17 8 15 49 13 42 13 13 46 40 2 17 22 39 32 23 14 
14 43 19 35 40 23 7 10 0 27 16 19 43 31 15 7 44 6 1 26 1 5 9 5 21 19 45 14 36 36 12 
43 37 35 48 41 26 2 50 27 0 35 8 40 36 27 44 21 16 26 46 24 16 39 7 23 9 6 38 48 17 46 
9 22 25 16 23 32 8 33 24 32 0 42 6 24 42 43 16 23 29 27 49 29 39 41 13 46 5 31 13 40 36 
38 4 34 32 27 37 16 21 5 13 13 0 34 2 14 32 11 15 16 30 43 33 10 22 19 17 20 31 12 20 18 
2 46 43 38 45 38 23 43 15 7 1 3 0 25 15 36 46 37 27 32 36 41 16 33 48 3 28 33 15 15 7 
6 4 1 37 12 17 41 14 20 44 38 22 1 0 23 42 31 36 8 33 22 34 5 31 35 27 36 14 46 36 17 
6 8 29 9 2 48 2 38 4 20 5 23 7 38 0 48 20 16 11 6 22 42 25 33 43 24 2 24 16 11 26 
4 46 29 3 38 31 44 42 22 45 30 49 5 14 18 0 11 48 43 38 8 20 4 40 15 25 31 26 36 36 1 
25 37 28 28 16 9 45 4 50 18 27 24 39 12 43 44 0 21 19 26 14 4 31 29 3 6 1 7 15 28 8 
5 8 7 22 21 43 21 28 48 9 16 44 43 20 32 47 15 0 29 22 32 10 7 10 22 47 44 8 25 22 16 
3 31 26 43 13 19 17 18 41 50 23 44 21 18 48 11 38 9 0 22 10 36 28 43 47 48 48 49 36 25 28 
35 47 6 32 7 35 18 1 7 13 30 47 39 22 9 17 36 43 25 0 37 6 50 3 13 31 25 38 30 45 16 
21 32 43 14 15 26 38 40 12 13 43 38 2 9 30 39 40 22 39 32 0 12 6 12 39 22 36 45 44 2 32 
48 39 6 42 43 49 5 25 7 33 29 47 32 12 45 18 48 44 33 42 36 0 17 42 14 4 15 21 4 42 30 
32 45 38 30 16 4 33 10 17 32 35 15 15 6 3 16 24 50 45 4 38 1 0 12 11 46 31 48 42 39 28 
29 1 33 28 2 35 10 2 46 41 36 38 28 2 8 21 3 36 12 39 42 21 10 0 39 42 31 33 28 35 35 
7 41 22 39 3 34 33 37 5 18 6 22 5 5 19 1 24 10 4 26 29 12 31 50 0 37 8 42 45 37 21 
2 33 18 11 35 45 17 40 49 24 39 16 32 44 33 20 17 6 20 42 8 24 24 10 7 0 45 11 22 2 46 
43 38 1 35 16 24 4 44 20 24 34 35 11 30 37 13 31 37 18 17 42 37 25 46 13 29 0 9 9 5 40 
34 45 38 4 32 2 16 48 29 9 16 23 36 47 8 23 13 44 23 44 15 25 5 36 5 7 13 0 6 22 38 
16 46 40 31 40 40 48 8 49 36 48 34 9 9 1 19 1 29 38 40 16 15 36 11 26 10 40 2 0 49 26 
39 11 26 41 44 21 33 6 7 19 26 5 46 38 47 32 17 46 36 36 6 34 18 32 22 2 10 29 5 0 31 
50 46 9 24 47 38 8 18 16 30 37 46 22 20 15 12 20 49 15 45 43 45 17 14 20 6 43 45 19 42 0 
11 0 4 1 27 19 30 46 22 42 9 24 49 31 6 50 10 12 48 18 11 32 12 15 11 38 6 30 46 4 41 
45 14 0 50 24 20 33 46 46 1 35 16 49 8 6 21 44 14 11 15 11 44 45 27 8 11 50 40 40 39 14 
1 1 18 0 1 14 11 50 7 36 17 15 17 48 34 46 34 5 10 41 44 42 19 31 44 48 1 37 42 14 21 
43 6 7 38 0 34 15 31 7 42 10 45 7 26 48 46 28 48 44 13 27 45 31 50 46 22 32 21 25 4 14 
25 9 44 16 24 0 9 10 10 50 31 4 48 18 31 50 35 44 33 48 20 3 43 29 37 26 13 7 12 16 2 
45 7 4 28 35 36 0 13 10 24 38 18 38 45 33 24 48 13 19 46 37 39 38 27 34 11 33 31 8 41 12 
3 49 45 48 36 48 44 0 40 46 15 22 34 9 11 2 16 48 46 14 28 50 38 16 29 14 7 30 21 18 3 
5 6 20 13 36 20 44 48 0 47 26 5 24 24 32 15 5 29 17 32 46 36 35 45 13 12 15 34 16 34 29 
19 23 23 44 10 17 15 47 25 0 33 22 1 50 38 24 27 15 34 14 9 29 13 39 22 18 21 12 7 2 21 
37 28 14 18 8 32 2 30 23 49 0 41 33 42 50 25 36 35 8 40 36 1 50 2 25 1 6 34 2 27 39 
5 8 46 5 47 44 37 33 30 43 26 0 35 12 16 19 46 21 40 47 33 36 5 18 16 21 37 27 39 17 3 
48 50 4 34 44 33 38 38 4 31 49 3 0 28 47 10 16 39 37 7 6 35 45 5 44 4 1 40 30 35 10 
18 48 16 27 45 26 31 28 22 37 9 34 37 0 17 34 33 27 22 7 5 48 40 33 12 19 3 46 10 31 44 
43 9 4 44 14 2 38 2 2 35 36 11 16 20 0 47 1 8 39 11 21 24 19 24 30 12 28 15 5 9 42 
31 21 48 28 44 1 31 44 3 32 46 26 20 22 19 0 37 25 13 15 18 46 8 50 10 20 24 35 24 32 36 
37 34 43 11 4 15 14 38 27 47 21 15 36 29 25 49 0 50 2 11 26 4 2 40 42 47 24 22 39 9 20 
16 7 13 18 46 13 33 10 18 5 24 37 37 19 47 32 22 0 21 35 21 25 34 13 7 33 35 44 2 14 31 
44 26 29 7 32 14 3 19 34 12 16 41 34 7 2 17 16 22 0 45 16 2 1 4 38 46 32 45 7 35 11 
19 32 46 38 12 49 8 31 38 34 30 3 38 23 6 34 1 6 5 0 16 20 23 7 49 30 43 23 42 11 50 
20 47 34 24 43 35 46 47 46 4 9 35 35 12 37 49 14 31 33 13 0 32 39 2 20 41 47 25 48 9 19 
27 17 21 38 15 33 20 14 31 21 39 5 11 2 7 36 39 46 12 31 29 0 42 10 48 18 31 45 15 33 47 
10 48 39 27 28 43 15 47 48 4 30 50 1 12 25 28 29 1 13 6 8 30 0 36 28 41 35 8 23 20 34 
39 6 32 34 12 41 16 34 25 15 21 43 49 9 1 30 42 48 24 41 2 45 2 0 28 40 31 12 11 37 43 
35 43 27 14 16 25 19 17 1 34 12 45 27 49 35 16 31 28 27 12 43 11 49 30 0 33 45 5 4 45 31 
30 6 48 32 31 29 16 35 44 27 11 25 48 41 29 7 18 4 43 24 50 34 34 26 50 0 25 45 48 31 22 
21 15 23 21 5 7 48 45 18 7 1 46 35 1 1 19 14 9 1 26 27 1 11 21 31 46 0 23 23 32 7 
34 18 5 22 7 46 3 27 37 23 10 24 36 36 24 4 49 34 25 32 12 36 48 6 45 20 4 0 3 40 9 
34 26 14 12 23 33 42 13 44 5 17 37 22 28 17 4 16 25 47 27 47 40 48 50 45 48 21 50 0 28 38 
43 1 38 28 40 35 10 24 14 42 13 37 40 21 16 26 15 20 39 42 5 29 6 13 12 45 28 14 17 0 25 
12 43 36 6 13 16 49 44 39 33 44 42 12 6 15 11 50 28 35 20 34 1 11 36 34 14 46 26 16 45 0 
7 0 47 8 39 30 20 1 34 8 50 27 21 32 7 49 14 18 50 48 2 46 50 30 48 42 11 33 1 23 50 
21 24 0 28 45 26 48 35 24 27 46 11 16 21 35 43 14 20 4 37 21 47 46 28 15 49 8 17 10 48 19 
38 50 12 0 9 29 4 43 37 32 2 29 44 24 2 42 31 30 45 5 28 42 29 15 3 4 26 46 14 46 18 
31 25 26 8 0 9 11 5 12 6 40 21 34 23 36 42 3 23 26 23 19 28 22 6 20 28 9 36 9 6 4 
9 30 42 14 21 0 5 18 17 44 32 26 18 40 15 8 9 7 29 12 1 4 20 41 28 40 10 19 7 30 50 
25 46 7 3 32 42 0 42 9 16 37 35 7 33 42 43 11 33 41 13 20 3 8 48 5 1 39 40 14 24 12 
37 12 37 44 7 31 12 0 37 34 16 17 48 14 25 17 47 38 49 35 30 27 28 45 10 48 18 49 2 2 44 
3 29 35 5 1 24 20 39 0 36 13 50 46 8 47 4 6 44 23 39 4 2 41 30 45 35 9 18 27 47 40 
32 10 36 41 14 38 13 10 25 0 43 28 49 14 23 31 32 21 48 7 43 24 27 13 49 42 12 50 41 20 43 
7 43 43 47 32 40 11 18 33 16 0 43 35 49 47 26 3 28 7 14 4 38 20 21 5 16 6 47 37 49 3 
39 22 40 33 37 35 6 18 42 41 21 0 3 16 41 50 39 29 17 23 39 35 43 28 17 5 37 23 39 31 26 
43 24 19 31 28 21 46 16 10 42 47 11 0 16 23 33 35 5 31 5 27 28 30 15 10 18 47 45 23 28 1 
13 18 37 16 48 47 35 35 14 30 44 13 8 0 32 42 25 27 5 35 20 33 42 35 4 49 14 10 10 13 31 
26 23 39 10 29 30 24 1 25 36 1 20 18 25 0 34 16 23 33 19 44 21 41 39 9 18 22 34 33 18 35 
38 26 22 33 4 21 25 49 4 13 1 26 30 49 19 0 13 25 10 21 34 42 27 42 20 11 36 35 30 42 8 
46 41 34 41 49 26 49 35 22 14 42 24 30 6 43 45 0 11 40 40 6 47 25 13 35 44 11 35 2 23 19 
36 45 7 46 17 11 43 40 1 44 15 41 38 7 42 18 47 0 36 28 16 25 46 40 37 11 22 28 50 47 38 
42 47 12 4 28 47 17 35 39 32 2 22 39 47 41 6 38 6 0 43 26 15 49 25 8 44 41 5 21 35 46 
33 44 43 14 2 19 29 34 30 46 1 13 47 46 14 3 7 44 46 0 6 34 23 7 21 23 43 22 5 10 38 
43 47 50 44 50 9 30 26 46 23 28 4 27 48 26 2 3 30 44 41 0 35 12 26 30 12 11 37 22 41 9 
48 24 24 42 3 5 14 4 46 6 24 32 49 24 28 31 46 10 46 22 41 0 43 12 20 4 32 21 20 32 40 
22 8 35 37 26 4 30 35 45 21 39 49 34 39 18 3 13 2 3 32 15 28 0 26 20 18 5 13 5 39 22 
34 45 23 7 34 16 47 12 49 25 2 11 15 25 34 43 9 23 2 1 19 19 18 0 1 25 45 33 15 19 21 
42 25 47 24 37 45 27 28 5 3 7 1 4 28 30 5 13 1 37 26 47 40 4 39 0 4 15 27 22 32 40 
34 32 44 29 34 27 15 42 39 40 16 32 19 50 45 18 16 40 21 21 32 32 29 43 25 0 2 22 9 21 23 
18 5 47 16 19 25 8 26 45 3 41 21 13 48 11 15 22 4 45 36 50 38 1 11 8 3 0 4 2 4 32 
6 6 22 16 22 11 36 4 31 20 10 41 45 18 31 12 19 32 33 10 31 18 15 35 23 30 4 0 36 8 17 
22 7 22 14 48 35 50 47 26 50 30 19 23 25 26 10 43 34 30 47 34 22 19 45 2 38 42 38 0 44 42 
7 50 46 15 49 4 19 31 21 47 12 22 6 33 31 13 45 40 9 14 38 21 7 12 33 50 38 27 13 0 10 
43 12 4 34 43 31 23 9 26 23 41 13 14 33 35 13 16 36 15 39 43 2 29 30 5 37 43 35 32 50 0 
16 0 42 19 11 4 1 18 23 41 50 40 37 15 37 24 25 8 24 27 21 34 2 13 24 18 41 34 25 30 7 
38 39 0 27 27 7 49 44 3 30 35 45 44 46 15 50 7 38 43 7 30 29 19 8 12 16 15 30 45 44 13 
17 44 44 0 34 13 1 11 38 31 25 32 5 45 43 26 40 7 48 24 11 4 42 19 50 28 19 31 15 11 43 
19 49 10 17 0 18 1 1 13 3 49 47 1 13 32 49 25 25 16 36 26 8 32 22 33 10 26 26 44 6 44 
21 46 27 38 6 0 33 46 29 25 25 40 44 46 26 15 3 30 38 1 4 45 16 29 36 35 38 28 28 7 43 
26 7 7 10 29 1 0 24 25 26 17 30 46 42 11 37 14 37 46 19 7 47 39 44 2 49 5 17 42 4 19 
5 19 22 33 50 33 38 0 36 47 15 29 5 12 35 25 49 24 18 49 21 1 32 9 1 46 38 14 6 11 24 
34 33 21 7 12 12 25 10 0 12 5 27 1 49 4 28 42 27 9 27 1 32 49 44 34 19 23 10 22 37 12 
20 33 26 24 31 47 35 6 24 0 14 25 15 7 45 44 50 33 6 23 4 12 5 29 10 43 36 40 38 38 39 
2 3 23 1 35 45 26 26 24 32 0 8 21 36 13 27 17 43 50 40 20 40 5 50 34 1 15 4 16 31 45 
7 48 18 36 12 22 43 7 10 50 25 0 8 32 41 47 41 20 17 34 27 43 41 49 19 49 48 4 39 50 21 
42 10 46 29 25 11 4 1 1 5 24 37 0 40 40 45 33 23 9 37 10 46 38 33 5 3 17 49 50 38 14 
19 4 7 39 9 16 12 3 17 37 38 19 16 0 30 3 7 1 9 24 16 26 45 3 41 25 4 27 42 27 9 
12 5 14 37 36 21 30 2 32 30 22 21 43 1 0 23 28 22 4 2 46 16 41 26 22 39 25 2 17 15 5 
39 21 26 8 26 34 6 29 44 32 27 50 27 44 45 0 5 2 2 18 48 32 24 40 32 43 21 29 42 48 12 
20 14 37 28 42 1 45 36 26 40 22 44 10 20 19 17 0 14 32 28 35 23 1 49 18 23 15 31 45 15 5 
5 15 31 33 13 14 13 49 2 44 10 17 26 29 26 39 15 0 20 13 27 7 48 15 14 39 20 15 20 6 28 
20 1 21 22 36 8 13 27 8 6 4 15 30 35 25 6 25 21 0 42 34 50 12 33 39 48 8 50 18 44 44 
49 44 44 25 24 10 47 5 44 19 26 38 13 7 23 43 18 31 39 0 33 45 45 28 22 28 9 19 32 25 28 
8 46 34 14 8 10 22 6 11 16 10 21 27 23 8 13 49 26 16 6 0 40 20 29 11 50 4 16 22 47 15 
42 15 30 16 12 31 5 50 50 13 21 13 20 23 24 24 18 6 15 16 11 0 43 17 20 39 38 17 23 15 4 
45 50 9 46 25 45 41 12 12 27 8 50 27 3 35 28 1 6 38 26 36 11 0 8 32 5 49 49 11 28 24 
15 33 35 47 19 22 4 24 49 30 34 7 44 38 8 11 17 14 35 11 37 11 35 0 39 18 35 43 28 42 26 
47 30 35 39 13 26 15 30 35 14 25 27 8 9 43 30 18 21 24 44 33 35 26 17 0 37 4 48 46 29 35 
30 27 32 23 33 4 22 6 25 33 46 37 30 22 37 10 4 27 47 38 18 22 4 48 44 0 12 4 18 2 10 
28 19 2 50 34 49 46 36 26 39 8 12 46 42 48 47 6 5 31 27 1 21 50 42 18 8 0 23 35 29 22 
50 5 4 16 5 28 36 30 38 39 15 18 2 9 30 6 27 13 1 48 6 50 38 25 9 8 20 0 11 33 27 
26 11 7 4 40 4 9 31 37 21 12 26 17 42 12 33 20 41 12 12 31 10 34 32 16 50 17 30 0 7 48 
8 25 47 12 13 5 12 48 20 27 48 47 27 30 36 30 34 46 13 26 38 30 49 21 47 16 27 25 38 0 40 
37 29 24 39 14 37 30 6 29 8 22 22 22 35 15 35 34 5 46 37 17 21 17 31 11 29 26 27 15 48 0 
28 0 37 10 30 40 19 24 38 17 50 1 29 17 5 5 16 8 15 6 13 32 23 30 2 23 17 13 43 29 35 
11 3 0 41 32 31 36 12 42 46 47 11 47 38 47 36 39 4 12 27 45 21 12 21 3 16 5 8 9 8 24 
6 31 9 0 33 40 49 38 36 25 19 4 17 19 10 2 35 36 34 17 35 13 2 16 35 14 49 33 38 17 27 
29 4 35 23 0 41 30 39 6 7 38 1 19 38 8 41 5 43 11 2 31 19 24 42 23 11 5 16 24 19 41 
16 50 20 48 41 0 1 32 47 19 22 47 30 27 30 34 44 15 8 45 10 6 22 36 36 8 5 12 12 12 37 
15 15 38 17 22 1 0 50 40 18 41 23 47 43 31 35 39 48 13 39 17 41 8 30 9 35 45 14 34 40 36 
39 21 36 33 7 32 43 0 11 8 34 45 25 41 4 38 10 30 6 2 20 8 50 24 45 47 7 35 29 32 28 
37 16 1 32 2 3 11 10 0 25 3 47 38 5 6 23 16 18 26 22 25 16 9 33 21 29 40 47 41 36 50 
47 14 29 31 47 30 25 10 3 0 35 50 20 32 50 23 21 45 18 23 31 40 10 8 7 12 29 33 30 3 13 
6 21 25 25 6 33 9 25 10 43 0 42 8 24 37 26 46 28 34 48 9 46 29 19 6 10 38 7 23 19 19 
47 45 7 40 29 29 46 7 44 41 12 0 20 9 30 40 32 36 21 31 16 1 50 33 44 18 27 3 20 15 18 
26 37 6 41 47 48 2 34 8 47 1 22 0 40 8 47 26 21 39 17 28 2 36 42 3 18 48 13 13 23 3 
27 26 42 27 15 26 15 18 34 42 31 2 14 0 34 16 30 10 26 47 43 7 14 4 37 16 41 45 3 24 50 
35 39 12 6 21 25 30 14 43 22 11 3 6 25 0 48 50 23 8 38 39 38 38 17 31 46 13 23 5 11 25 
32 12 45 35 7 43 41 8 14 41 50 46 33 26 32 0 5 9 29 40 16 18 38 15 35 12 48 23 32 11 8 
3 26 4 19 41 50 8 22 18 5 10 16 44 48 40 42 0 5 41 50 41 4 45 15 45 7 44 47 11 23 9 
21 9 48 6 39 24 43 15 36 33 48 38 12 35 7 3 44 0 18 46 20 44 32 33 20 4 8 11 9 12 47 
3 48 49 9 35 1 18 39 10 16 50 40 6 17 44 17 33 31 0 39 4 1 30 16 4 16 39 27 28 3 31 
14 34 3 40 31 50 40 3 1 6 35 6 8 30 21 4 27 16 27 0 38 26 31 21 8 46 23 33 46 43 46 
25 41 36 30 3 16 37 17 37 44 27 31 30 34 20 46 23 36 33 12 0 13 12 2 15 5 34 14 45 44 8 
18 45 10 5 31 45 20 28 28 5 17 11 29 33 11 46 1 38 39 1 1 0 47 13 32 34 14 39 21 25 19 
2 42 23 30 27 33 21 26 3 25 26 45 8 28 46 3 33 20 5 10 33 27 0 7 43 8 21 32 29 21 18 
6 49 4 9 4 25 38 50 6 28 25 26 36 15 25 6 39 35 36 32 31 20 17 0 15 37 26 36 30 22 6 
1 42 5 35 20 28 42 50 25 21 15 34 14 27 36 8 42 43 19 2 32 48 43 40 0 38 36 33 39 22 28 
40 8 28 50 28 34 21 1 45 48 15 40 10 16 17 47 7 40 30 30 35 44 12 20 25 0 4 49 16 48 34 
45 3 28 48 32 8 7 14 50 2 37 41 48 22 38 42 38 28 23 41 30 43 9 43 44 46 0 47 8 26 24 
35 6 3 11 4 13 13 13 35 10 41 44 41 29 44 44 47 40 33 33 16 22 43 8 5 2 45 0 35 5 36 
12 49 38 26 17 31 38 37 19 25 30 25 44 14 50 37 3 31 50 50 50 7 25 43 8 14 14 46 0 6 2 
18 28 9 49 49 43 6 15 12 13 7 10 22 8 4 41 29 29 8 19 50 14 36 5 37 6 24 46 18 0 4 
18 43 31 17 8 2 17 45 16 8 32 38 19 38 44 40 35 18 40 18 36 35 38 37 3 5 43 4 12 44 0 
19 0 10 48 9 45 14 29 6 1 2 25 34 14 1 38 12 45 49 12 47 21 7 6 1 19 34 6 44 15 3 
10 13 0 33 23 40 22 41 11 43 30 12 30 17 38 43 2 21 37 50 42 10 44 42 15 23 12 5 47 41 12 
9 35 41 0 48 42 13 1 42 12 17 21 35 7 33 36 42 41 18 9 17 13 19 45 23 44 17 21 19 50 28 
17 44 21 32 0 22 27 39 19 47 31 1 30 26 33 21 26 38 10 30 32 22 37 39 24 49 40 40 18 5 26 
42 33 42 35 50 0 27 14 25 12 10 3 22 22 29 16 33 44 13 3 19 29 12 40 19 6 31 6 48 33 32 
37 21 15 21 39 19 0 39 41 33 44 12 13 49 20 29 50 16 11 9 16 47 28 16 36 47 31 44 23 29 20 
22 17 42 30 23 32 8 0 1 40 48 44 3 30 10 7 16 14 20 41 6 15 46 39 18 36 10 6 29 24 9 
25 17 12 13 23 46 22 19 0 48 47 43 15 21 11 22 45 48 6 30 32 18 25 33 24 6 26 28 25 45 14 
27 30 28 32 24 28 41 17 37 0 11 45 45 22 44 14 1 25 29 46 41 12 50 50 43 42 50 35 39 8 47 
19 47 24 35 21 13 37 40 38 45 0 4 32 20 19 37 23 3 39 10 5 1 50 30 4 2 28 30 35 40 24 
44 2 10 41 43 48 21 38 24 1 14 0 36 41 1 38 31 31 32 6 19 47 46 29 4 47 20 18 20 33 43 
33 2 50 14 1 2 22 29 26 39 2 16 0 16 10 42 16 9 29 17 22 47 49 30 22 27 49 23 6 44 24 
31 1 6 31 18 12 36 27 50 36 9 2 6 0 18 17 32 31 20 12 31 12 40 4 11 47 35 23 29 38 3 
29 16 36 3 9 1 10 35 42 30 30 32 29 31 0 14 46 44 12 5 46 18 3 45 13 12 41 48 45 35 34 
39 8 40 47 8 43 17 3 9 17 22 46 29 33 2 0 30 11 24 48 1 41 11 24 43 35 26 22 23 41 18 
4 15 1 8 42 23 42 32 24 22 29 41 4 39 24 23 0 25 12 12 32 31 24 48 34 43 28 34 48 13 32 
21 45 12 41 13 8 46 21 42 30 39 30 1 26 23 50 8 0 36 20 13 2 11 11 10 38 30 18 17 15 14 
39 44 20 42 1 35 30 14 26 16 28 4 21 33 44 1 24 22 0 12 44 21 49 29 50 31 11 35 3 3 33 
41 29 7 28 41 45 10 9 26 38 21 44 10 4 35 48 40 28 16 0 38 6 46 6 22 44 40 16 20 12 41 
1 27 11 43 26 50 48 43 42 49 41 16 47 24 23 27 39 26 15 33 0 21 7 37 16 28 45 23 35 35 2 
30 41 47 35 37 45 33 18 28 36 1 48 37 18 47 41 49 32 50 17 1 0 40 5 30 20 45 40 46 16 31 
27 13 8 41 20 1 20 12 37 29 44 22 49 30 32 24 20 20 19 37 47 42 0 36 19 1 40 36 17 15 43 
5 38 2 47 10 38 40 46 49 46 22 37 45 22 24 30 42 26 48 47 25 21 27 0 30 35 35 28 40 41 30 
16 3 48 45 24 7 21 3 21 44 35 25 22 24 16 10 48 15 46 22 49 10 19 19 0 19 35 11 23 12 25 
11 50 6 20 31 20 40 50 48 17 9 40 6 5 13 1 50 4 14 26 38 14 45 20 31 0 6 34 29 27 40 
46 49 41 46 34 35 19 2 43 46 20 48 17 29 13 10 5 15 6 18 35 7 9 37 38 47 0 6 37 39 26 
37 11 24 9 22 11 49 11 21 29 33 48 11 19 6 40 48 17 8 22 1 19 23 9 5 40 40 0 4 8 37 
30 33 14 18 10 9 24 8 8 2 11 45 45 28 36 38 46 41 32 48 50 39 30 18 25 18 38 16 0 5 32 
22 46 3 34 49 50 35 44 9 47 17 40 10 6 11 7 25 46 23 17 44 50 23 11 37 41 3 46 44 0 43 
21 9 4 26 31 16 43 11 29 36 3 3 32 35 32 11 30 24 7 19 44 43 43 38 39 22 23 43 47 9 0 
48 0 39 1 17 26 9 36 35 26 46 14 14 17 37 15 41 18 38 29 27 11 29 40 25 49 29 16 16 37 9 
43 1 0 14 21 39 14 3 16 10 24 25 46 49 12 5 31 27 7 24 48 4 35 14 21 48 19 50 26 18 48 
43 21 48 0 17 3 14 50 46 49 1 39 3 29 5 2 16 30 29 21 19 2 10 43 39 6 9 37 44 23 20 
15 27 48 13 0 31 5 48 33 9 42 31 31 8 24 9 2 7 9 19 32 39 22 6 50 46 34 28 9 11 45 
27 7 24 29 36 0 13 5 16 25 48 18 48 20 29 38 22 2 20 30 5 2 28 25 41 32 43 22 48 17 48 
28 40 22 15 15 25 0 8 30 38 47 47 41 35 22 15 42 3 27 13 25 33 8 29 7 43 50 32 33 48 44 
41 7 50 28 20 29 26 0 6 15 13 14 23 33 34 8 11 44 3 27 40 41 45 36 43 15 20 11 16 22 15 
43 26 32 44 6 40 42 8 0 2 36 17 47 13 50 11 10 25 46 49 33 7 30 6 8 4 47 22 7 13 1 
19 11 35 50 20 39 41 40 28 0 19 20 36 1 42 24 44 33 36 32 6 45 15 17 40 9 14 20 24 41 10 
18 35 46 2 17 7 13 13 31 23 0 20 36 19 31 13 21 29 14 35 10 14 36 26 8 6 4 44 46 41 6 
19 17 49 18 1 35 41 49 25 18 32 0 21 6 10 36 10 47 36 27 39 35 7 40 32 46 33 10 39 47 13 
13 17 22 25 4 3 38 2 30 29 30 30 0 39 18 28 44 30 16 22 47 8 9 20 3 22 13 28 18 22 18 
25 3 3 13 5 15 49 32 6 34 22 46 6 0 48 9 6 18 22 4 3 4 45 18 1 6 5 48 20 4 42 
25 20 30 12 4 28 28 27 13 13 46 48 10 38 0 25 13 3 22 44 16 45 6 14 20 15 31 36 3 7 1 
18 30 29 15 9 3 16 44 44 31 28 41 9 42 7 0 6 35 30 26 43 3 26 26 38 47 20 7 11 48 24 
43 25 20 13 46 17 20 46 30 23 47 9 29 14 39 4 0 48 23 13 10 47 6 27 14 49 42 4 42 19 40 
46 6 47 21 39 3 21 47 47 41 36 40 1 4 46 44 48 0 13 50 43 22 34 48 38 28 37 49 7 14 4 
13 29 27 40 27 42 12 8 25 36 34 1 27 22 25 7 6 24 0 19 5 45 41 43 26 18 12 8 10 44 2 
5 15 33 43 28 8 13 11 27 5 33 40 38 14 10 22 8 26 14 0 21 32 25 38 10 10 22 37 2 23 15 
34 3 15 24 31 19 19 34 44 17 45 45 47 14 23 5 4 29 17 47 0 5 32 46 23 20 30 27 24 34 7 
22 12 39 13 21 31 26 15 33 42 3 25 33 47 26 37 29 25 38 6 19 0 8 35 26 11 3 7 42 4 2 
42 46 50 38 46 34 7 35 44 42 29 40 46 26 44 31 50 50 48 34 2 3 0 36 29 38 14 27 13 3 18 
24 34 11 32 50 8 25 45 2 43 31 45 31 46 27 30 12 10 32 30 3 8 45 0 21 1 39 10 22 1 33 
7 44 32 26 18 45 29 15 26 37 7 5 49 6 4 7 23 40 3 9 2 18 31 23 0 15 17 40 41 32 12 
48 4 45 19 36 37 13 5 29 32 2 48 34 46 24 49 10 40 18 44 17 20 19 43 31 0 39 14 10 11 1 
6 39 34 15 39 3 11 30 20 18 45 18 12 22 7 5 35 36 50 17 8 1 23 38 45 28 0 35 3 39 48 
23 3 45 28 26 13 15 20 7 21 38 30 20 1 50 50 8 48 36 26 5 28 11 44 44 5 16 0 46 20 12 
19 9 41 22 45 42 24 35 46 45 41 15 29 29 30 28 31 23 39 46 20 37 18 13 43 46 43 1 0 34 22 
48 19 1 46 3 30 40 49 6 8 26 24 3 42 36 40 49 32 15 16 25 43 7 24 42 32 42 29 30 0 49 
49 24 1 25 47 22 15 34 27 50 39 33 17 31 21 47 35 26 27 4 47 11 36 19 47 6 12 27 4 21 0 
39 0 12 20 8 9 3 23 29 45 14 25 16 6 15 28 42 26 27 4 45 47 16 2 26 3 38 38 33 28 42 
11 38 0 30 6 12 28 14 10 23 18 25 7 32 14 29 32 6 21 42 5 30 36 24 10 24 24 11 44 5 22 
15 40 2 0 4 4 37 36 50 3 50 29 16 5 36 21 41 34 38 48 22 33 17 42 23 12 25 15 21 33 39 
18 20 6 1 0 4 35 5 28 10 42 46 6 18 42 27 15 32 39 39 33 40 23 47 34 39 48 49 29 42 29 
23 15 18 15 33 0 9 11 4 33 37 36 6 29 6 26 27 49 1 47 48 44 26 33 50 49 45 24 22 13 6 
37 27 37 31 19 31 0 39 4 9 18 4 29 7 2 48 34 44 41 9 12 49 48 33 45 36 48 33 19 16 38 
35 39 41 27 1 10 20 0 48 37 45 39 46 43 29 44 15 20 31 3 16 2 34 14 1 7 39 45 42 46 22 
49 20 38 21 33 16 38 30 0 2 38 14 47 5 15 24 4 6 4 1 21 28 2 17 1 37 2 26 41 21 12 
16 28 3 15 46 19 8 22 47 0 29 28 40 29 15 2 6 29 49 28 3 33 41 42 26 45 47 4 38 34 31 
40 48 9 40 23 36 45 40 19 5 0 47 34 8 23 44 39 23 2 49 32 23 27 13 18 29 25 37 27 21 50 
15 20 39 16 39 30 31 40 43 16 11 0 40 31 23 7 50 34 19 33 7 24 3 40 2 8 14 35 42 12 48 
50 18 20 20 40 27 46 42 35 14 8 34 0 9 33 21 34 47 41 12 30 41 18 45 15 26 13 30 37 8 26 
45 40 28 46 17 44 21 11 33 31 5 43 35 0 19 49 40 44 8 32 25 17 45 31 32 7 32 23 5 45 28 
47 9 34 10 19 18 6 14 16 28 14 36 9 32 0 26 49 34 26 16 36 19 23 6 34 9 1 10 47 39 36 
21 16 17 5 34 46 9 26 1 32 34 31 42 5 11 0 31 37 50 7 8 49 48 39 9 10 25 3 50 1 18 
8 10 25 31 7 49 20 4 48 30 41 8 26 35 2 38 0 31 2 24 28 15 11 40 32 37 24 27 9 46 9 
43 9 26 33 24 25 6 11 48 13 12 33 2 28 18 41 22 0 5 7 22 45 2 27 23 4 48 21 44 44 33 
22 11 9 40 37 32 33 44 11 28 33 20 4 12 16 33 10 12 0 14 47 3 22 2 24 15 42 33 3 30 26 
4 12 18 16 41 2 25 12 42 37 8 29 44 30 40 25 48 16 7 0 21 39 9 31 48 31 50 10 35 26 45 
50 31 14 36 25 21 3 39 21 15 8 48 21 28 40 25 29 23 35 41 0 44 17 46 9 38 46 32 21 36 42 
42 40 37 47 38 27 15 9 6 19 22 10 46 42 14 41 38 4 8 6 22 0 38 1 35 1 33 35 6 48 29 
39 33 4 30 24 19 12 25 40 13 11 20 18 16 19 35 22 4 46 48 8 29 0 13 30 21 5 40 2 46 5 
42 9 12 27 30 40 7 17 19 46 30 14 14 45 46 2 21 35 17 17 11 32 10 0 50 22 11 20 24 9 19 
29 10 29 36 21 2 9 41 36 30 29 6 36 1 19 45 15 18 35 19 35 5 36 30 0 44 11 49 13 5 20 
20 33 8 50 17 20 35 29 25 44 43 30 50 38 39 6 46 10 31 28 47 3 40 41 35 0 25 25 50 42 10 
3 47 36 17 11 46 48 36 34 49 10 37 44 41 26 5 6 49 41 39 15 40 32 28 24 17 0 43 18 16 43 
46 35 38 15 41 47 44 34 28 43 8 11 26 32 18 10 10 50 15 30 20 26 9 3 46 14 16 0 9 44 44 
4 31 21 42 4 25 50 30 50 30 12 22 21 49 31 5 14 50 11 14 8 44 3 36 24 20 26 35 0 20 27 
32 36 40 34 40 28 41 35 29 43 11 30 50 36 19 48 6 11 23 42 1 16 49 30 36 10 29 35 19 0 34 
50 15 11 23 48 27 33 37 10 4 14 30 21 18 4 28 45 18 17 27 15 16 12 29 27 16 37 11 49 30 0 
50 0 6 17 46 44 46 20 27 38 43 15 19 2 20 28 22 46 31 27 8 16 11 19 42 19 34 4 33 47 32 
40 23 0 39 30 5 9 13 26 24 8 9 18 31 25 12 47 14 43 1 5 21 6 34 42 15 39 38 25 27 10 
43 38 30 0 6 3 43 30 22 15 19 9 20 8 19 50 48 31 44 31 23 21 11 32 43 12 34 39 48 15 16 
22 39 49 15 0 16 21 39 25 23 19 17 42 28 33 46 1 49 15 42 18 9 44 44 5 40 32 7 38 45 19 
4 33 8 50 48 0 20 22 43 4 29 10 6 22 13 6 29 33 50 47 11 35 24 6 48 8 28 46 45 25 34 
15 1 30 4 15 35 0 35 29 35 27 30 7 12 13 9 3 23 32 49 12 50 8 41 35 34 31 27 10 43 21 
25 27 18 20 15 9 27 0 19 48 21 44 4 15 21 31 29 13 43 40 5 5 15 47 14 35 7 10 46 20 35 
9 26 37 15 2 4 39 42 0 49 50 27 5 35 28 19 46 43 21 4 6 18 34 21 38 16 11 30 5 36 8 
49 31 49 13 13 18 18 50 19 0 28 41 21 45 40 28 1 30 19 45 39 14 40 42 15 18 25 6 49 49 42 
24 34 7 41 2 47 6 22 16 1 0 28 44 2 27 15 47 39 31 11 16 31 12 10 47 44 9 40 35 46 38 
13 19 2 28 4 8 15 5 39 32 45 0 9 3 45 11 21 38 16 1 21 37 25 39 34 11 12 24 10 47 43 
8 21 26 29 38 10 42 25 23 7 33 35 0 43 30 21 22 10 16 36 23 22 24 35 26 2 38 31 18 17 42 
35 5 8 46 25 25 34 25 7 2 29 14 43 0 44 38 2 33 9 14 40 3 8 24 25 22 34 37 1 27 1 
29 25 9 31 23 28 27 47 6 47 39 35 10 35 0 44 9 32 42 38 50 6 22 5 28 40 27 32 34 25 41 
39 33 48 7 24 5 5 12 21 11 26 36 4 17 1 0 19 49 40 31 14 3 45 13 28 46 7 20 31 42 47 
47 44 23 15 9 6 37 4 11 40 4 20 21 28 25 20 0 19 38 27 21 29 42 4 11 39 44 21 21 11 17 
35 25 21 25 15 32 14 40 9 46 32 45 29 42 11 33 24 0 36 4 27 39 32 5 21 18 6 41 12 26 15 
36 17 43 44 5 30 50 47 14 43 6 29 30 32 40 34 13 12 0 1 6 20 35 18 35 29 3 20 50 7 9 
42 2 14 45 10 15 3 36 37 31 34 28 23 11 21 10 3 24 32 0 35 43 29 12 21 45 1 50 8 16 2 
10 50 41 5 2 5 16 36 22 25 32 28 25 20 22 43 12 7 15 20 0 1 47 19 22 17 13 41 43 50 10 
16 45 21 36 22 35 38 19 9 17 44 18 2 7 4 16 4 42 49 3 39 0 44 44 46 2 13 32 19 38 40 
14 23 36 13 10 37 8 40 49 38 6 44 48 49 27 33 46 12 19 2 9 49 0 44 47 21 22 1 25 35 9 
4 20 31 20 3 21 32 40 47 17 8 15 44 12 48 46 46 46 20 19 18 20 50 0 37 31 15 30 40 42 38 
36 33 5 40 34 37 13 29 46 6 1 7 16 2 44 44 6 32 50 26 27 6 6 17 0 41 35 20 45 39 38 
42 43 48 9 31 25 11 4 29 12 33 17 50 14 18 12 4 49 44 37 10 48 41 17 11 0 31 28 39 49 50 
17 19 40 9 14 9 10 7 21 19 34 3 4 38 43 10 6 42 49 30 31 21 2 3 29 45 0 3 31 48 1 
48 23 5 29 45 15 28 42 50 10 3 48 28 25 4 7 44 3 24 1 25 36 40 20 20 46 17 0 38 31 20 
7 29 9 21 22 12 48 26 44 28 33 15 42 40 28 33 44 27 50 22 2 1 7 47 26 12 34 36 0 9 49 
49 41 11 31 4 24 39 7 4 42 9 18 9 47 19 11 45 50 43 37 3 40 39 10 19 6 22 12 46 0 10 
29 13 17 45 30 43 4 12 37 4 45 38 24 8 13 34 42 11 29 16 18 34 44 23 47 9 3 2 12 48 0 
2 0 27 12 44 14 47 1 15 17 26 7 33 14 39 43 16 17 31 47 35 15 12 34 30 43 45 20 45 49 22 
41 3 0 50 40 2 18 26 30 44 17 33 27 45 3 10 35 21 5 30 32 43 22 6 28 33 41 44 32 2 20 
27 7 16 0 45 35 5 33 24 38 26 40 37 38 31 2 38 18 31 21 8 25 16 16 18 29 20 48 23 8 11 
24 44 29 25 0 40 27 12 50 19 5 2 47 17 5 42 7 35 25 26 45 24 14 12 45 45 12 42 49 17 16 
7 11 17 27 2 0 46 8 13 42 26 27 18 13 16 6 28 50 11 26 23 36 23 47 14 38 10 33 35 30 28 
36 13 34 3 48 42 0 31 40 3 47 49 22 33 50 18 6 2 46 39 18 13 31 23 44 31 35 14 4 40 43 
13 24 33 14 41 14 35 0 10 18 14 48 10 9 30 25 14 40 48 46 32 9 38 46 13 16 6 41 40 23 14 
28 28 50 11 34 25 40 20 0 10 4 21 42 28 25 20 3 22 44 20 18 45 17 8 8 34 26 28 20 49 35 
24 46 38 5 37 20 10 49 47 0 50 25 21 38 42 11 17 10 21 43 13 35 48 21 5 20 12 20 42 27 8 
47 20 21 25 31 26 5 24 39 1 0 43 23 47 21 44 24 29 16 47 17 16 7 28 36 1 27 25 33 35 25 
50 18 22 39 3 5 50 13 12 36 13 0 37 33 43 21 12 1 1 12 46 33 5 46 10 43 40 43 36 25 5 
2 22 39 14 1 25 1 9 18 39 25 17 0 5 12 5 29 25 35 16 40 27 25 21 40 42 46 23 12 47 13 
13 14 39 8 35 41 48 19 43 46 11 42 33 0 24 22 17 50 34 6 14 16 8 21 35 28 27 1 50 22 5 
3 39 13 5 26 11 28 47 28 14 31 6 43 20 0 30 35 42 48 18 26 46 40 7 33 48 6 44 4 30 8 
41 49 47 38 44 22 30 28 49 12 39 4 6 43 33 0 10 16 1 6 44 35 4 32 47 9 13 33 30 8 20 
17 24 18 21 24 33 10 5 27 8 5 14 49 7 37 43 0 35 15 1 38 41 43 49 36 23 37 17 1 30 31 
39 1 21 30 45 15 36 36 20 50 1 11 25 49 40 21 6 0 26 10 16 29 19 29 20 30 25 26 32 48 37 
17 10 25 46 19 5 44 20 12 22 7 49 46 1 38 30 18 1 0 47 3 32 41 41 14 3 21 22 1 50 20 
39 5 39 33 34 42 36 30 30 35 27 36 15 39 10 30 23 29 33 0 50 7 26 36 46 5 26 19 12 43 48 
33 44 20 42 33 3 11 13 18 47 44 39 21 12 26 46 27 3 5 24 0 48 44 18 1 13 14 20 43 29 9 
23 25 37 32 2 34 17 23 6 8 19 11 12 36 6 19 6 24 21 9 49 0 17 8 20 50 40 27 19 29 20 
34 18 35 9 24 20 2 40 10 43 30 5 47 47 5 38 33 32 45 45 8 46 0 23 20 10 7 17 18 32 13 
8 48 44 36 25 2 26 3 13 37 18 17 14 29 30 45 20 11 16 13 8 45 25 0 35 12 38 45 16 50 18 
3 35 8 48 35 32 11 12 23 4 13 30 20 9 27 42 32 45 40 15 37 7 3 20 0 5 13 24 9 24 37 
7 11 3 45 34 34 9 17 44 49 34 9 38 12 1 28 25 16 8 21 6 1 26 36 32 0 47 32 38 43 22 
9 3 38 37 48 2 28 26 25 44 33 16 2 42 31 29 19 41 20 27 39 8 2 4 32 7 0 35 18 13 38 
2 21 24 22 41 32 22 2 15 49 1 50 42 14 38 40 49 35 5 3 28 42 19 17 34 1 2 0 34 5 41 
18 10 13 38 43 12 42 31 1 50 8 18 26 21 26 40 17 38 17 42 8 50 14 11 11 10 3 8 0 38 40 
31 38 47 24 32 42 37 5 21 26 49 18 34 5 46 10 16 48 41 45 35 14 17 14 34 18 46 3 27 0 34 
10 34 43 12 20 20 21 3 40 35 3 13 17 42 44 41 16 10 15 1 45 5 18 44 6 17 21 34 41 14 0 
46 0 35 28 38 16 15 26 23 36 27 39 14 8 6 42 23 48 26 21 44 2 37 39 26 39 5 17 50 6 3 
49 38 0 12 26 40 19 35 29 26 29 16 44 24 39 13 31 48 13 2 34 19 45 14 48 13 9 46 2 50 12 
49 26 18 0 33 28 2 3 32 17 23 38 20 1 42 28 9 13 1 14 9 8 5 48 23 35 4 25 14 14 32 
23 33 30 15 0 31 40 26 42 11 12 29 16 46 30 46 50 45 22 20 4 46 46 39 41 4 44 29 45 49 24 
28 39 18 36 1 0 6 40 37 11 39 33 22 40 3 30 43 9 19 27 35 10 3 44 11 36 28 45 39 11 37 
12 32 44 38 35 41 0 48 11 30 41 10 8 12 32 21 25 7 37 12 12 36 10 18 14 14 25 45 8 50 23 
11 2 27 25 28 2 28 0 3 19 40 45 48 40 37 25 2 42 13 40 12 22 8 27 49 2 2 14 30 24 10 
46 40 12 7 30 9 32 38 0 4 20 47 4 18 23 17 38 21 32 40 12 34 32 18 38 2 4 25 28 23 27 
39 48 29 10 44 5 37 34 8 0 16 21 4 9 21 16 18 40 5 32 14 31 33 41 12 26 15 23 24 5 27 
35 4 15 28 32 49 26 9 29 12 0 2 38 25 24 42 30 23 48 23 35 14 20 46 10 46 6 8 18 34 29 
33 13 29 31 32 17 40 32 40 17 43 0 31 26 20 12 43 8 17 21 46 42 25 1 20 14 15 8 6 33 26 
42 8 26 1 29 40 9 44 43 26 41 42 0 8 6 43 33 44 26 48 3 49 41 48 39 38 8 12 9 18 17 
9 35 49 15 26 35 6 26 42 23 34 15 25 0 45 5 1 18 45 28 32 22 32 8 30 27 1 11 37 13 21 
28 1 27 26 17 7 43 44 31 8 27 18 35 26 0 19 35 17 3 34 37 41 17 32 37 46 27 27 20 38 26 
24 19 13 21 45 34 38 49 29 49 8 25 15 20 5 0 4 48 32 11 43 35 9 4 27 31 11 19 41 31 40 
30 24 6 5 35 8 6 15 31 35 47 18 24 36 29 17 0 3 12 32 43 30 46 9 45 42 15 16 37 40 35 
16 48 19 39 20 35 19 10 35 48 49 33 1 26 47 17 36 0 19 48 15 9 7 10 39 11 34 15 11 14 20 
42 19 26 47 20 50 50 36 16 45 48 43 28 34 45 48 45 33 0 49 25 30 48 40 26 27 9 38 30 29 36 
20 8 46 16 7 30 7 5 7 47 17 1 3 4 17 16 30 26 45 0 13 40 33 12 40 41 44 30 50 21 12 
12 20 7 31 25 40 47 12 28 15 41 40 27 3 8 29 46 37 10 11 0 30 13 36 16 46 38 47 7 25 13 
1 7 34 46 36 48 44 23 29 27 19 18 48 30 23 50 7 10 32 12 49 0 43 41 10 32 50 35 42 35 38 
44 40 38 16 14 34 6 32 17 11 36 23 8 33 43 12 15 6 44 47 32 37 0 26 13 14 8 17 25 14 37 
13 2 38 41 34 29 30 33 16 39 44 25 43 21 27 26 36 9 18 21 35 29 49 0 39 7 8 15 26 2 7 
18 32 18 31 48 34 36 18 50 14 32 32 41 6 3 7 44 5 37 39 23 9 7 43 0 2 35 4 50 35 26 
15 5 32 10 21 13 7 13 23 43 41 19 9 4 39 3 39 44 36 1 14 10 40 14 34 0 10 25 26 30 14 
31 36 33 24 50 28 1 31 35 41 50 32 32 44 48 5 50 4 5 49 46 11 14 34 12 5 0 16 18 26 12 
38 32 34 10 13 6 36 35 5 12 3 8 9 46 2 33 29 46 16 30 10 22 21 31 18 20 22 0 49 12 46 
12 33 5 23 3 18 49 23 32 43 20 15 49 43 47 38 2 19 33 30 26 20 3 47 3 16 12 3 0 42 43 
34 37 23 10 1 20 4 37 43 34 35 7 15 23 10 45 24 28 34 30 19 4 17 33 20 42 31 8 21 0 37 
7 46 31 39 10 34 43 39 43 28 35 16 26 49 45 20 6 30 38 8 43 34 20 13 25 30 20 41 41 9 0 
40 0 47 16 7 28 40 26 27 14 27 3 35 36 7 46 4 29 18 39 50 37 1 21 13 45 24 27 19 15 30 
14 2 0 49 35 38 39 50 20 22 5 45 30 17 11 6 9 48 13 17 21 2 3 2 41 23 39 27 4 12 5 
14 8 12 0 34 14 1 36 2 19 7 4 10 46 34 6 7 34 10 7 36 26 14 2 44 29 11 1 8 12 50 
13 47 8 18 0 42 37 18 34 48 6 23 47 45 10 18 42 7 18 36 16 6 17 47 26 30 1 6 19 5 3 
1 29 40 20 45 0 8 2 29 43 19 40 1 12 2 14 29 20 42 26 37 5 33 23 47 45 46 1 32 38 42 
31 49 29 46 6 45 0 7 25 16 11 40 28 26 17 26 5 6 45 13 1 31 15 43 19 49 18 7 44 26 50 
7 21 41 2 38 41 23 0 17 47 20 22 45 27 16 47 27 8 6 21 40 40 7 19 38 11 17 7 11 47 38 
38 14 50 16 4 20 37 24 0 29 36 32 40 49 43 29 37 38 27 22 23 11 1 24 36 10 1 2 4 42 22 
35 13 20 9 32 9 45 11 13 0 28 40 34 27 35 8 1 8 27 9 24 29 30 39 25 28 38 41 15 7 3 
18 34 33 8 1 20 21 40 12 21 0 42 28 15 45 33 27 24 39 28 9 43 26 45 18 43 6 24 45 32 45 
19 31 5 10 10 7 1 20 35 39 31 0 19 15 39 32 2 15 45 43 1 14 2 37 48 11 43 39 16 15 45 
47 26 9 18 3 12 24 6 35 27 27 4 0 4 40 29 25 11 7 36 42 42 29 3 31 31 17 44 7 50 18 
18 35 6 40 42 5 10 48 37 21 29 10 11 0 16 25 11 48 48 19 36 32 33 31 23 4 19 24 29 37 36 
19 17 7 18 10 42 49 15 49 24 15 13 20 15 0 14 32 19 37 7 20 19 46 38 14 36 35 5 34 37 23 
32 32 11 1 2 12 3 43 7 33 13 34 50 45 22 0 19 14 16 9 22 1 37 22 17 18 23 30 44 33 25 
38 16 28 26 43 33 2 20 13 3 30 26 31 25 8 35 0 47 43 42 17 22 39 25 15 23 45 10 44 33 30 
33 10 11 32 45 47 7 25 3 39 17 44 3 7 43 26 7 0 48 10 34 27 37 2 16 4 50 42 14 3 48 
23 9 37 34 20 20 15 49 30 12 29 22 41 4 50 28 36 18 0 22 48 39 13 35 50 3 46 9 46 29 46 
6 43 22 5 16 9 8 19 37 24 11 8 19 48 5 6 47 48 16 0 26 14 24 43 6 10 11 24 37 32 25 
12 20 21 34 6 37 50 36 39 41 21 18 31 49 37 31 45 37 46 48 0 50 11 30 3 33 33 1 17 46 5 
36 21 38 13 13 42 38 35 43 19 6 11 10 26 5 46 43 44 19 29 17 0 37 42 35 25 1 40 18 2 24 
36 33 41 34 6 1 30 19 37 46 44 10 45 27 43 40 2 5 48 37 40 7 0 49 17 39 50 30 4 38 12 
2 21 34 20 33 23 20 27 21 5 17 25 7 24 35 8 43 15 43 36 49 36 20 0 15 34 29 35 25 46 6 
21 27 31 25 44 23 27 25 45 20 20 26 35 44 21 15 50 26 32 31 8 15 11 3 0 14 17 2 19 36 4 
38 46 31 15 35 40 45 33 30 13 31 18 20 23 16 24 2 27 45 19 30 10 43 15 49 0 7 16 28 12 28 
22 8 39 41 33 25 45 20 10 32 21 18 46 20 1 40 45 39 38 40 15 26 25 17 25 29 0 4 17 16 29 
24 17 21 3 41 24 29 30 41 42 30 32 17 13 49 12 15 23 15 9 12 28 41 23 13 47 34 0 22 17 4 
22 29 5 32 9 5 47 43 30 27 12 16 49 47 11 34 9 12 19 14 14 31 2 7 17 46 26 49 0 41 45 
40 7 13 37 20 2 28 36 5 44 15 22 44 38 48 46 30 45 13 29 38 22 4 4 41 42 27 48 15 0 13 
29 49 2 35 38 5 4 12 27 9 7 23 8 26 49 42 37 15 9 22 17 32 37 12 7 19 4 10 47 29 0 
25 0 30 22 43 15 16 21 9 1 44 42 18 18 4 23 16 15 28 5 49 5 13 39 43 47 47 13 41 29 20 
1 44 0 16 49 35 27 1 15 11 33 22 29 14 16 30 50 15 34 39 41 4 26 5 49 25 13 42 30 47 19 
4 31 30 0 32 43 48 2 20 20 47 16 50 18 22 27 27 49 23 13 47 33 29 2 38 16 26 40 18 24 22 
35 21 19 43 0 29 42 49 33 24 32 48 45 15 42 26 4 9 33 22 48 15 19 18 50 36 26 29 43 16 18 
9 35 46 48 13 0 45 32 26 44 35 29 16 50 31 50 38 15 10 13 12 18 7 46 26 8 16 4 20 7 4 
13 7 17 6 24 13 0 50 17 30 32 23 33 40 37 20 49 20 37 50 49 11 20 30 5 1 3 39 20 41 47 
41 12 20 40 23 23 50 0 44 8 37 39 49 30 31 40 35 17 9 6 9 47 17 20 9 44 44 27 13 6 22 
25 30 26 34 41 11 14 1 0 15 48 50 26 30 13 10 12 40 49 15 16 36 30 14 32 50 24 42 11 47 29 
46 37 38 37 13 10 23 47 40 0 29 21 17 45 9 10 22 37 8 49 32 4 28 48 40 36 45 16 44 34 17 
19 3 5 36 3 13 38 44 1 1 0 40 43 9 37 46 19 36 6 23 29 38 35 13 15 26 19 39 49 1 19 
44 30 14 24 10 18 13 9 6 48 34 0 44 7 49 43 11 19 12 45 18 9 10 22 5 30 35 41 40 11 34 
24 40 44 32 8 11 30 36 28 28 7 28 0 50 26 45 45 28 14 23 15 50 28 4 34 10 34 8 9 44 26 
27 24 48 23 24 45 50 26 42 33 32 33 34 0 17 12 32 10 47 10 36 7 28 18 47 34 47 36 11 23 24 
3 21 43 3 2 33 30 28 2 1 45 3 23 41 0 33 18 44 37 23 28 24 11 49 8 20 50 6 1 39 28 
9 40 3 18 30 11 41 32 16 29 3 33 45 10 42 0 4 5 28 14 17 3 49 39 45 50 42 22 35 33 2 
28 29 40 25 42 5 1 5 11 23 27 12 22 45 26 42 0 17 40 17 16 46 29 37 22 25 10 2 8 19 38 
39 6 49 14 2 24 43 21 18 37 3 50 17 42 40 41 28 0 45 20 9 26 33 19 17 7 49 42 19 1 33 
4 43 37 23 34 22 14 8 43 3 50 46 23 30 14 46 13 45 0 32 35 33 8 39 10 13 7 38 32 7 3 
32 24 21 36 34 11 13 44 9 19 28 20 2 18 9 30 10 39 4 0 12 36 47 37 16 50 47 5 27 11 27 
34 32 1 41 21 26 26 38 47 3 33 19 37 14 7 14 7 22 1 33 0 47 49 29 46 17 35 38 5 36 38 
6 37 34 33 35 47 19 11 47 34 5 23 42 1 29 18 11 24 10 37 40 0 34 26 29 30 36 4 6 24 37 
39 22 3 10 48 47 36 4 29 11 45 46 25 18 29 25 7 28 18 50 24 14 0 45 49 48 23 11 5 4 50 
44 14 38 11 46 33 21 33 4 33 32 8 45 49 43 45 9 9 1 6 29 26 38 0 24 13 25 27 5 13 25 
37 32 1 30 18 32 8 15 22 46 4 25 24 36 18 17 19 47 6 3 14 2 5 48 0 22 18 26 15 49 22 
7 17 20 29 46 1 7 16 32 11 38 45 38 5 2 4 3 3 6 46 7 31 49 10 12 0 35 27 3 8 1 
7 44 16 1 40 37 5 46 40 18 10 3 16 46 16 20 15 50 46 18 15 23 9 3 15 26 0 19 11 18 12 
24 5 8 31 5 44 29 37 16 15 49 8 13 39 36 4 15 3 45 42 20 28 7 41 36 34 35 0 14 36 14 
19 45 28 29 44 6 46 35 41 22 41 29 35 32 19 8 10 21 17 12 11 16 16 26 42 47 48 18 0 46 22 
10 16 1 2 47 5 30 35 45 31 9 31 13 24 2 42 44 26 22 28 24 15 47 24 3 4 30 2 38 0 48 
9 28 40 20 13 26 28 33 35 15 29 26 26 37 4 31 4 42 25 50 4 22 47 18 48 45 19 27 49 44 0 
26 0 28 48 48 22 31 42 43 12 27 15 11 41 7 50 49 40 11 21 23 50 38 28 38 45 38 32 22 23 18 
7 1 0 35 42 40 1 28 29 15 24 40 11 31 49 36 43 31 40 18 50 6 9 7 27 44 38 1 10 4 35 
49 20 21 0 44 20 15 27 50 18 50 21 11 46 48 34 39 7 30 3 2 7 43 4 23 12 49 44 9 48 2 
50 19 25 31 0 25 20 41 38 29 22 17 32 22 19 29 45 13 10 43 6 31 22 8 3 28 7 16 48 32 22 
21 19 2 16 50 0 3 37 16 23 14 49 20 1 32 35 26 21 36 44 18 36 35 16 43 21 29 11 23 3 18 
4 43 6 7 1 49 0 30 6 19 27 9 48 37 30 8 12 21 26 19 3 36 31 4 15 36 37 3 9 45 22 
42 14 13 5 11 6 15 0 45 32 36 46 15 17 18 9 39 48 37 36 10 9 36 5 1 33 23 40 41 21 15 
46 22 12 48 35 45 35 32 0 19 2 47 27 45 33 7 21 15 37 6 48 40 17 23 36 13 7 10 13 23 38 
17 24 24 17 40 25 4 20 33 0 15 4 16 18 34 13 33 41 22 44 12 9 3 35 24 26 30 49 26 35 29 
35 23 10 32 36 24 3 28 43 32 0 17 46 4 42 45 24 50 39 23 31 16 38 19 11 29 14 39 1 42 11 
27 28 35 4 30 32 7 36 49 40 30 0 14 29 13 46 14 50 44 30 2 30 10 4 4 14 47 4 49 3 23 
35 3 37 33 6 39 11 50 13 13 18 15 0 41 33 2 2 10 7 16 16 14 46 22 41 32 18 25 31 41 33 
29 8 33 26 5 27 28 47 7 7 3 50 32 0 17 35 16 19 21 3 12 38 48 34 38 9 40 32 47 2 39 
15 30 10 30 35 11 32 15 29 25 25 13 50 9 0 13 15 14 5 7 17 49 4 28 29 45 31 24 46 18 16 
45 32 46 19 43 23 41 3 33 24 34 4 43 29 38 0 26 49 25 25 45 26 28 41 35 40 11 3 31 35 4 
37 37 48 13 30 44 18 31 17 40 24 12 22 33 33 45 0 12 50 42 20 33 50 21 24 40 18 42 11 30 32 
21 10 18 29 38 48 7 30 49 44 8 18 9 36 21 15 6 0 8 3 46 50 3 40 16 22 38 16 24 23 13 
3 8 2 35 20 15 45 44 45 36 38 32 1 49 13 15 42 36 0 3 26 13 34 9 34 33 18 20 2 8 1 
32 34 8 37 41 1 17 24 17 7 20 13 14 17 8 18 2 42 4 0 7 46 31 21 48 1 20 49 18 3 2 
45 43 36 44 4 5 25 15 8 12 49 19 20 47 7 50 20 42 27 15 0 17 29 49 2 5 2 13 11 37 22 
2 49 21 15 12 28 27 20 13 4 44 38 35 42 8 28 11 25 41 1 50 0 8 42 39 35 17 44 35 40 3 
42 14 29 36 11 1 48 5 35 29 24 1 29 24 21 30 45 8 44 27 41 39 0 20 36 23 45 8 33 31 46 
34 42 31 11 12 30 9 49 32 8 31 7 40 12 27 50 29 19 18 6 23 37 41 0 13 12 4 45 43 14 16 
43 15 25 40 46 32 21 19 12 41 21 46 26 37 47 35 50 8 10 23 16 40 16 25 0 24 47 2 18 49 9 
36 17 35 16 15 16 33 50 17 45 29 11 7 27 36 27 12 4 17 28 5 38 34 41 50 0 4 50 1 16 50 
31 4 20 4 6 5 11 10 23 31 2 50 42 15 45 6 33 39 39 48 36 48 1 22 4 48 0 34 45 16 12 
16 33 35 17 15 26 41 3 21 32 17 2 32 37 26 5 47 19 47 44 21 12 12 19 14 34 3 0 49 50 8 
22 17 44 11 15 20 16 25 1 19 16 31 18 8 31 34 16 15 46 50 2 15 48 22 42 5 21 16 0 3 32 
24 42 4 14 11 50 8 22 22 6 40 23 18 29 29 41 44 4 38 31 18 39 3 1 7 7 19 23 20 0 10 
49 50 22 20 46 24 27 5 48 32 27 45 43 40 10 30 48 20 44 1 12 18 28 23 14 36 40 3 8 4 0 
31 0 36 2 12 8 40 2 48 34 6 14 39 7 7 4 23 46 14 42 27 10 50 29 19 49 32 23 49 6 10 
35 25 0 48 44 1 42 44 32 33 20 29 50 36 39 38 23 12 22 20 42 40 26 12 31 45 32 7 33 14 26 
18 3 42 0 24 21 40 42 13 7 13 30 15 31 22 49 10 14 41 32 26 21 2 29 15 21 9 13 18 50 19 
35 11 18 7 0 3 26 8 13 18 49 32 49 15 8 13 26 45 41 32 35 18 16 1 38 6 17 25 28 4 12 
27 24 14 38 28 0 19 47 25 19 24 3 1 23 34 44 22 37 22 3 45 14 23 36 15 2 19 11 30 2 36 
2 30 10 6 22 8 0 36 28 30 44 30 21 22 9 33 17 44 18 45 34 31 3 25 9 48 4 39 49 37 9 
9 17 23 33 22 23 42 0 18 12 36 36 9 42 9 16 44 1 27 33 35 26 43 36 18 6 49 6 2 8 18 
20 38 42 22 36 13 48 40 0 38 10 26 27 7 9 48 22 11 16 43 5 4 12 16 2 33 16 31 5 28 23 
18 40 10 44 17 49 18 21 24 0 4 46 12 40 24 10 50 37 28 21 34 38 40 9 4 15 8 22 40 39 20 
32 44 12 15 43 36 17 13 43 50 0 5 41 43 40 10 42 23 43 43 34 30 4 35 44 36 29 32 7 30 9 
28 28 32 4 22 3 50 26 31 24 33 0 24 35 22 30 48 47 20 45 23 36 29 48 6 41 29 9 19 30 15 
5 11 34 34 22 28 9 40 19 7 43 48 0 13 19 1 6 19 14 15 38 32 13 13 7 24 49 31 27 13 44 
44 32 47 17 20 23 41 1 50 2 39 7 1 0 38 31 39 17 29 6 35 10 46 5 42 33 42 49 28 11 24 
48 33 27 26 14 12 1 46 50 28 16 18 14 13 0 49 25 12 26 26 35 33 2 21 28 34 48 27 5 35 28 
24 14 40 26 5 7 31 26 24 20 38 22 30 28 20 0 42 32 43 43 8 31 24 2 27 42 46 13 49 42 17 
35 46 12 22 5 3 28 39 8 43 45 37 2 6 48 11 0 23 43 9 43 16 35 13 27 48 1 12 14 35 10 
45 32 34 8 36 42 11 8 24 18 14 44 36 50 14 44 22 0 46 29 31 23 20 41 50 1 1 34 35 25 4 
41 14 4 48 49 14 3 45 21 6 1 16 20 41 29 22 50 14 0 14 4 29 16 36 4 37 25 41 34 7 35 
9 26 33 20 27 50 41 38 1 50 42 28 25 23 30 8 50 1 21 0 29 2 21 21 22 26 26 29 50 12 24 
23 19 38 36 48 25 34 50 14 30 32 12 13 14 12 1 41 13 25 30 0 26 41 14 29 34 38 6 11 45 2 
22 41 26 27 28 23 41 39 25 5 24 50 37 42 47 40 8 7 10 25 35 0 16 26 33 49 33 6 10 3 11 
20 23 6 12 9 42 37 36 37 40 11 2 39 20 6 26 4 22 32 45 31 49 0 1 20 18 6 15 44 29 45 
17 31 37 15 36 1 45 26 34 6 4 23 21 20 15 33 28 7 28 24 29 35 29 0 8 31 22 23 37 44 3 
27 43 8 42 24 30 16 24 34 5 32 29 38 26 42 8 29 31 6 36 28 9 17 6 0 16 33 3 29 35 14 
29 9 32 32 29 11 15 29 47 35 17 4 23 23 43 1 47 3 17 23 44 42 32 9 25 0 19 27 3 27 42 
28 37 39 21 26 23 47 7 48 31 44 50 35 21 19 24 36 44 14 16 36 1 13 13 21 38 0 28 24 7 10 
34 13 3 6 8 31 16 3 48 20 5 40 5 36 29 44 8 11 40 1 34 34 40 12 6 27 25 0 27 50 39 
46 24 1 39 48 32 48 29 13 39 9 34 47 44 11 46 46 27 34 28 30 17 34 6 27 1 23 42 0 50 31 
7 39 3 9 24 31 40 17 39 48 46 29 48 2 42 1 37 46 1 11 32 48 43 23 9 29 40 45 13 0 47 
9 7 29 33 32 20 31 38 21 31 6 30 39 37 32 1 19 33 14 26 15 28 41 40 50 9 47 31 50 45 0 
42 0 46 5 43 39 39 1 16 20 22 20 50 26 21 5 3 10 6 41 9 11 7 31 37 33 32 16 40 33 23 
24 50 0 38 26 39 11 25 46 48 43 1 4 13 42 7 15 2 21 36 48 50 41 40 42 35 35 15 19 10 8 
23 11 33 0 47 49 21 12 50 32 44 28 14 9 48 8 7 45 39 30 18 30 46 5 36 24 33 11 47 41 5 
47 7 36 40 0 21 40 21 17 44 36 4 3 40 42 20 36 33 42 34 29 41 26 39 43 29 28 7 47 24 16 
10 16 9 28 47 0 22 28 19 28 18 36 29 46 44 15 28 6 13 17 38 1 19 13 13 14 22 18 44 12 43 
34 25 43 28 27 38 0 44 13 46 48 9 14 14 16 43 13 30 45 29 1 22 44 31 36 16 41 3 47 14 26 
5 34 7 36 35 12 36 0 19 18 27 35 44 18 19 30 38 6 47 21 2 42 23 16 11 21 40 44 8 12 36 
35 48 49 20 44 25 7 29 0 32 32 27 12 27 2 17 29 27 12 6 29 36 7 27 12 34 32 19 46 15 45 
18 28 7 33 42 38 45 48 26 0 6 31 27 16 39 25 31 46 15 45 43 14 33 2 34 50 29 21 38 37 13 
6 11 15 37 15 50 5 45 10 30 0 34 29 37 1 48 10 41 38 37 4 36 5 2 22 32 35 27 23 33 13 
17 8 12 14 50 20 12 29 25 26 26 0 2 5 15 9 35 46 2 37 41 38 34 1 33 27 2 10 44 6 30 
23 32 12 47 14 27 17 24 1 28 48 13 0 13 12 28 35 50 38 13 47 40 26 37 43 26 33 7 29 37 48 
11 19 23 46 3 45 40 8 1 33 18 23 1 0 9 43 26 21 40 6 43 2 22 31 10 41 48 46 20 22 32 
21 39 37 4 17 30 40 18 9 34 46 43 37 31 0 29 17 26 29 1 50 12 17 24 45 46 40 39 14 6 6 
49 20 36 20 13 30 37 47 42 14 37 4 32 23 48 0 10 36 1 32 24 23 18 20 23 20 4 16 42 8 28 
41 27 12 3 35 26 7 17 18 49 31 29 37 38 13 9 0 36 1 48 37 4 38 32 32 33 32 1 13 50 9 
15 45 40 14 23 11 42 29 39 22 3 19 33 34 44 45 31 0 33 10 12 18 15 45 21 25 3 45 31 21 3 
25 44 18 9 34 37 39 23 15 3 17 7 13 26 34 36 6 49 0 39 39 2 19 4 39 42 1 50 19 40 20 
16 12 9 37 48 9 2 24 50 8 6 9 18 7 45 12 3 19 37 0 39 48 47 42 32 2 6 41 29 18 34 
37 20 33 46 38 6 49 27 29 26 35 33 49 32 34 43 2 47 44 30 0 49 32 32 2 23 19 20 27 35 42 
19 23 6 17 21 36 27 23 20 40 13 27 41 12 5 15 49 10 49 9 5 0 45 36 39 36 6 38 32 24 20 
36 22 42 37 8 12 28 32 11 48 17 30 28 4 18 22 42 21 47 8 20 11 0 29 27 38 24 37 18 32 16 
48 45 49 50 5 42 36 4 5 43 38 18 50 1 42 26 17 32 22 14 14 18 35 0 17 50 26 43 15 50 34 
25 10 50 46 1 22 31 28 50 26 37 38 16 5 20 3 11 29 35 12 8 6 47 19 0 2 30 11 33 50 30 
49 21 4 22 18 28 18 5 50 21 45 40 33 46 27 27 2 31 47 48 15 15 31 39 27 0 20 14 32 44 21 
11 49 29 21 27 17 35 45 37 42 36 7 29 15 17 18 23 1 42 26 28 31 36 2 15 35 0 41 16 46 48 
15 36 11 30 10 47 11 13 19 11 42 8 44 6 13 8 36 16 22 9 48 14 41 18 43 31 13 0 27 6 43 
27 20 50 39 28 50 47 50 6 21 7 11 33 31 35 21 37 30 40 8 49 25 45 38 1 2 46 44 0 37 29 
35 35 8 27 35 23 9 6 29 14 12 37 11 1 2 38 32 10 34 23 44 33 37 48 44 2 26 13 39 0 27 
5 3 13 27 36 23 3 6 47 13 13 32 2 27 47 13 14 44 36 14 20 36 11 15 36 2 48 10 33 33 0 
48 0 47 17 3 9 9 24 35 15 30 35 26 14 21 10 12 32 11 2 31 38 33 27 25 7 19 43 48 41 35 
25 44 0 23 14 16 17 16 49 18 38 39 30 29 7 30 45 23 40 5 25 21 38 9 2 46 16 20 43 47 40 
17 26 44 0 31 5 41 3 50 6 44 47 33 43 15 43 9 4 21 46 12 47 4 44 17 15 37 36 21 19 50 
47 23 3 29 0 21 13 36 48 2 39 42 23 34 12 28 38 45 44 10 37 12 50 47 35 44 14 33 28 17 19 
6 32 32 6 47 0 24 31 15 44 30 23 7 19 8 20 25 20 32 39 27 43 42 12 32 39 48 27 18 35 8 
30 9 32 34 33 11 0 41 28 15 5 8 30 1 30 15 5 31 40 15 19 44 2 39 40 26 15 21 1 18 50 
47 13 30 36 1 14 25 0 36 25 10 34 43 18 35 20 13 41 33 18 34 17 38 3 17 14 29 20 43 8 19 
41 41 11 15 8 46 1 15 0 30 1 31 46 15 6 36 2 34 5 21 14 24 39 33 34 34 10 10 14 22 22 
45 33 28 6 20 44 33 3 27 0 24 13 27 4 18 4 21 24 48 32 13 45 16 23 45 46 2 8 27 32 49 
36 37 44 8 7 48 18 9 36 42 0 19 32 29 47 2 48 35 16 30 14 37 13 33 9 28 29 11 34 11 18 
37 6 22 29 39 26 34 46 11 7 3 0 15 12 40 44 14 38 26 43 49 18 42 48 18 13 24 5 35 30 28 
37 35 49 19 6 14 10 1 9 26 14 40 0 5 24 11 22 1 43 16 15 42 35 41 12 1 45 8 4 16 15 
22 50 17 34 20 19 17 43 34 31 4 37 18 0 18 35 28 37 25 7 41 24 12 19 16 36 2 44 37 18 12 
6 7 35 44 5 15 23 22 4 43 6 8 9 36 0 11 6 18 24 28 23 8 34 47 26 41 10 31 1 49 18 
25 31 25 23 25 48 3 24 14 20 6 16 21 15 36 0 16 3 34 5 31 35 21 9 46 4 22 10 9 3 45 
35 22 24 36 19 25 33 37 11 14 3 44 11 8 18 43 0 13 33 41 26 8 47 47 18 34 5 22 30 20 3 
38 44 21 19 36 34 43 36 46 11 33 17 24 41 28 42 11 0 2 29 11 10 28 19 28 38 38 26 6 3 15 
3 4 17 9 27 9 23 42 22 35 1 28 37 30 43 41 24 6 0 40 42 45 21 2 10 44 11 26 44 31 48 
8 37 34 32 8 30 1 16 15 20 20 19 30 45 10 33 41 40 36 0 48 15 21 16 11 21 33 2 8 15 16 
34 29 11 25 27 14 44 6 22 13 41 9 41 21 23 26 41 8 50 12 0 21 36 9 34 34 37 22 23 12 26 
28 44 1 49 36 41 8 6 18 47 39 35 18 23 7 6 30 46 39 45 42 0 45 8 4 46 48 21 28 41 40 
43 21 44 47 35 48 9 43 35 32 19 36 40 3 23 36 19 36 27 28 8 27 0 35 18 34 34 36 47 4 39 
21 31 15 28 5 18 42 22 38 10 48 38 11 8 26 7 5 5 31 11 30 35 1 0 14 33 16 37 27 14 2 
13 12 39 47 12 39 21 13 49 6 45 47 49 18 31 20 16 27 42 27 29 31 16 44 0 9 36 31 2 46 39 
31 15 9 36 48 36 49 15 47 38 36 43 7 26 16 33 37 33 34 13 1 11 36 37 23 0 32 46 46 38 27 
9 20 17 11 26 30 39 13 21 45 22 2 31 4 41 37 24 41 28 27 49 48 19 33 39 21 0 30 22 14 16 
41 4 27 21 30 17 26 47 50 36 45 25 13 39 42 49 30 32 46 37 8 5 19 11 28 11 1 0 35 22 5 
1 17 50 5 5 18 25 11 25 24 11 28 41 42 33 25 35 30 42 40 41 49 26 27 8 36 35 16 0 43 19 
16 42 25 46 36 28 26 9 35 24 24 20 8 23 26 31 14 27 29 4 27 22 43 33 15 3 42 23 47 0 19 
34 9 18 6 9 20 3 46 7 6 49 27 45 18 16 22 41 4 2 28 22 9 38 40 43 45 49 43 32 34 0 
36 0 3 12 17 41 16 2 2 14 6 28 18 21 24 5 1 27 26 17 43 12 38 22 20 48 25 22 29 13 14 
22 11 0 15 24 20 46 15 29 28 1 21 39 40 46 50 4 39 15 35 43 18 24 26 39 22 49 32 43 20 17 
44 23 40 0 50 35 18 4 47 4 9 37 49 48 17 22 23 48 26 20 44 37 8 45 21 47 48 35 27 2 22 
14 22 10 12 0 7 49 50 40 12 33 1 42 11 26 7 19 26 10 18 49 1 7 23 26 30 37 28 20 4 37 
33 27 46 33 46 0 15 40 37 10 24 24 8 15 38 43 45 47 20 14 29 23 26 9 3 21 8 49 34 32 21 
21 31 37 25 50 24 0 47 29 31 42 30 39 1 44 26 43 42 36 33 36 40 9 6 26 15 8 19 43 12 38 
16 6 6 39 4 43 21 0 41 39 20 49 19 39 23 49 35 26 16 27 29 16 14 1 47 32 12 26 12 11 43 
6 4 17 43 26 24 33 12 0 41 34 22 2 47 14 37 21 20 33 27 30 32 3 16 34 22 3 6 10 8 42 
17 10 30 46 14 45 3 47 47 0 26 2 14 25 44 7 14 17 38 10 11 42 43 36 31 11 3 39 34 21 24 
19 24 5 50 17 13 23 1 1 43 0 19 24 37 1 29 19 29 23 27 9 36 18 1 47 50 25 24 50 36 11 
7 19 26 24 8 28 9 26 27 45 42 0 16 38 17 42 19 7 36 2 43 25 17 7 13 38 1 24 9 50 43 
39 23 16 40 37 1 48 14 44 2 10 3 0 46 33 17 20 31 34 5 32 18 39 48 44 37 40 12 14 36 8 
5 1 27 35 6 19 1 48 31 42 21 44 42 0 1 33 22 22 25 46 19 20 40 4 19 25 1 26 23 4 47 
39 35 28 37 47 9 27 11 28 48 20 34 4 13 0 11 25 47 47 11 15 19 38 18 18 38 15 48 8 10 5 
44 28 45 34 4 36 16 6 5 24 46 11 48 49 49 0 37 37 41 8 1 4 29 12 40 29 1 18 11 49 32 
12 19 1 23 5 42 39 20 10 26 9 41 43 37 20 9 0 40 20 19 2 29 7 1 10 2 15 16 6 6 3 
19 6 8 23 13 27 10 26 44 7 48 17 32 33 42 14 37 0 26 20 21 11 49 42 47 4 5 19 41 21 41 
26 34 15 7 7 4 34 20 25 43 49 15 26 12 4 12 26 19 0 19 39 28 41 36 36 42 20 15 11 19 8 
9 20 5 3 32 15 3 26 26 39 30 17 1 28 23 47 23 30 43 0 42 30 50 23 33 13 36 48 30 15 37 
40 23 1 18 35 29 11 23 31 40 10 50 44 30 9 12 40 9 14 46 0 48 35 18 28 28 9 47 22 41 46 
17 23 11 39 50 8 16 34 43 44 36 50 49 4 33 31 7 44 25 2 46 0 40 17 19 40 5 5 24 40 27 
33 39 33 36 24 37 40 5 31 1 46 6 16 21 11 48 37 15 46 48 2 3 0 48 39 1 27 7 43 49 45 
3 42 45 17 11 47 18 14 30 46 42 3 13 24 7 40 24 47 9 43 19 40 29 0 43 25 30 42 45 35 48 
30 47 6 36 48 4 12 50 10 14 31 23 36 50 7 50 41 24 33 11 3 11 34 7 0 27 13 14 2 42 31 
5 24 29 32 16 45 47 27 26 3 28 25 37 45 12 46 5 29 37 26 40 19 12 25 46 0 20 14 50 10 35 
40 11 8 30 10 8 44 5 35 12 4 14 48 30 33 28 25 40 45 31 9 36 16 17 41 36 0 12 5 37 47 
32 47 18 41 14 18 17 8 36 5 2 1 44 25 22 27 22 33 42 18 45 24 5 30 27 5 46 0 42 39 24 
46 40 18 39 31 7 46 7 16 16 11 18 4 40 29 9 42 41 45 15 15 29 14 20 2 8 43 39 0 15 9 
22 26 19 13 10 13 33 6 44 16 31 15 17 26 7 28 21 15 1 18 14 5 47 25 9 18 27 49 37 0 24 
15 8 43 8 44 36 49 42 31 16 26 36 47 29 34 1 12 38 13 25 37 28 38 47 46 18 30 45 5 43 0 
37 0 35 20 21 2 23 23 10 33 22 29 30 35 35 42 28 8 18 41 8 6 39 36 13 37 37 21 46 12 27 
7 5 0 37 39 30 42 17 27 28 11 28 3 6 42 46 8 44 3 6 18 10 12 4 47 37 48 49 7 34 15 
3 28 48 0 6 16 25 43 46 6 1 11 32 41 31 31 3 34 45 18 30 44 19 41 44 17 45 2 41 2 33 
44 11 44 13 0 9 1 6 50 26 21 15 48 48 5 8 29 21 24 17 35 15 4 40 4 22 34 38 4 39 21 
24 2 45 24 7 0 1 38 29 22 30 48 34 20 47 15 47 22 36 37 39 24 28 25 18 19 41 22 40 42 26 
14 2 11 5 48 14 0 3 25 49 7 41 43 2 37 38 31 35 43 40 25 13 3 17 1 47 46 27 28 6 17 
30 48 37 47 17 46 24 0 15 49 2 44 48 38 31 48 32 27 39 30 38 6 29 1 17 13 12 35 11 9 3 
37 26 20 32 28 44 7 6 0 21 42 8 20 45 38 31 15 15 37 3 16 20 39 48 18 11 2 47 20 34 5 
11 13 7 47 16 19 29 6 3 0 5 26 21 18 39 31 37 34 13 37 49 47 49 9 43 34 48 29 2 21 26 
47 37 23 16 31 45 14 49 23 13 0 37 10 34 48 41 49 22 10 37 25 18 34 34 36 9 13 5 15 13 18 
41 27 36 27 8 39 48 3 8 37 23 0 36 41 24 12 38 15 11 2 35 27 19 16 46 9 13 3 38 7 19 
41 50 36 6 23 11 24 8 41 2 2 20 0 2 50 3 32 44 11 24 22 49 44 13 29 42 22 11 40 19 46 
37 10 46 39 46 24 1 35 1 2 14 8 21 0 50 34 7 18 16 44 27 19 43 14 36 21 47 37 8 14 2 
50 34 39 45 16 42 24 13 5 29 32 9 10 23 0 9 41 24 13 46 35 5 46 47 42 27 45 47 11 19 50 
37 44 22 50 2 30 19 26 34 42 34 5 12 15 46 0 11 33 42 27 30 23 24 12 29 48 5 38 48 19 22 
46 14 45 5 43 39 38 11 21 29 23 49 30 4 2 50 0 34 32 46 17 12 5 34 40 27 13 32 43 2 48 
42 22 7 13 47 20 10 7 23 8 23 22 21 49 8 25 45 0 9 28 48 21 7 2 3 11 41 30 6 29 30 
7 45 9 24 37 1 42 18 8 32 40 27 9 39 44 40 34 36 0 32 3 19 23 16 4 27 36 21 5 2 6 
41 5 29 44 1 28 14 48 12 7 33 28 1 47 8 44 49 14 9 0 21 7 45 24 27 12 35 30 6 47 2 
31 37 16 3 42 36 49 15 38 17 27 37 24 26 20 41 23 19 47 33 0 37 7 47 32 49 46 32 3 33 17 
48 8 2 11 26 46 13 49 5 23 46 34 26 43 44 21 22 49 7 21 12 0 11 9 14 15 24 41 34 4 46 
4 47 33 22 19 19 36 14 50 24 28 24 15 24 38 4 32 4 38 29 24 34 0 46 12 5 37 50 38 46 3 
6 29 45 9 19 50 2 5 25 26 36 9 49 34 43 38 47 36 27 12 43 37 47 0 26 23 21 1 21 17 32 
20 48 18 48 18 49 30 6 6 38 2 27 30 13 44 16 35 13 19 17 41 14 11 35 0 10 19 33 20 37 48 
49 31 39 43 6 38 41 2 16 45 9 42 31 39 10 17 8 34 32 7 37 39 2 50 42 0 6 38 34 39 50 
17 10 19 8 40 22 39 37 7 7 25 33 47 25 8 50 34 23 26 43 12 49 38 31 11 10 0 29 39 2 50 
1 8 14 17 28 50 23 23 50 39 29 21 28 26 32 5 43 28 43 43 23 15 8 46 38 18 22 0 39 47 30 
43 1 36 7 7 17 19 31 47 9 27 12 23 38 15 42 22 13 49 7 18 2 47 10 28 36 50 19 0 29 11 
28 34 26 20 46 29 35 21 20 15 36 13 31 34 16 12 43 21 32 46 46 10 41 41 13 41 5 27 30 0 22 
17 1 2 37 31 44 36 4 42 37 8 1 43 34 21 6 21 13 44 17 43 30 37 33 15 19 44 36 7 5 0 
