22
25
38 0 14 42 39 4 42 47 17 3 40 25 38 42 4 8 50 50 46 45 22 6 33 31 46 4 
16 22 0 9 41 44 10 21 4 49 17 7 24 47 24 32 13 39 32 29 16 30 2 48 9 37 
4 36 35 0 43 33 6 34 47 35 38 20 39 27 10 31 4 34 44 38 2 27 3 23 14 10 
17 1 2 31 0 25 15 25 50 4 40 25 37 12 16 11 23 27 13 36 12 25 13 23 48 12 
46 9 10 8 10 0 1 13 21 34 16 5 32 17 11 23 46 39 23 20 7 17 23 28 27 29 
50 41 37 2 35 5 0 28 5 19 29 7 15 43 45 39 13 16 28 50 6 42 10 3 14 17 
36 41 4 42 46 23 31 0 34 30 10 11 26 20 49 12 28 28 49 32 17 31 47 28 31 44 
1 46 28 21 38 40 38 24 0 36 49 15 25 13 24 6 26 32 14 35 29 37 47 30 39 29 
14 12 21 48 36 40 13 23 48 0 45 28 4 13 43 21 23 2 34 50 48 3 16 26 26 41 
49 34 44 3 8 5 16 39 42 24 0 29 17 27 50 10 3 2 15 30 29 22 20 21 15 6 
36 13 30 42 27 49 37 46 7 38 7 0 19 21 41 40 12 15 21 19 42 7 25 35 41 46 
1 1 47 48 19 29 13 30 47 22 42 37 0 48 16 25 43 22 20 13 3 34 32 25 40 17 
8 50 3 23 50 11 29 40 46 26 49 40 49 0 39 9 45 39 24 19 48 26 17 5 44 49 
35 5 22 38 12 20 27 7 31 12 30 10 7 48 0 12 14 48 3 41 27 3 23 32 4 9 
46 8 6 42 42 41 45 9 24 15 6 7 2 35 6 0 23 34 18 28 30 35 32 26 8 35 
29 15 15 18 47 13 24 19 30 17 13 21 15 40 21 35 0 2 33 34 6 7 46 18 35 5 
20 5 5 25 24 14 32 48 7 14 27 31 42 28 2 33 39 0 23 18 44 2 19 29 7 45 
34 49 42 2 29 33 47 30 13 27 8 19 44 6 3 32 23 9 0 27 45 5 10 6 33 24 
18 24 50 42 3 2 27 48 30 41 15 40 47 29 31 30 1 29 2 0 45 14 45 17 15 13 
29 11 3 13 41 24 44 10 29 11 9 47 39 11 26 31 22 15 16 39 0 42 27 30 46 15 
4 32 4 38 11 23 8 35 29 24 42 25 36 40 18 22 30 19 18 22 33 0 13 19 26 15 
43 31 2 27 21 3 31 7 48 38 43 40 23 18 39 2 12 10 37 35 7 36 0 25 49 18 
13 9 13 24 32 42 14 28 24 18 43 6 9 9 22 11 18 38 3 26 32 7 1 0 30 20 
22 3 32 42 8 7 6 4 10 9 44 19 34 16 46 29 12 50 1 47 47 4 2 16 0 24 
40 49 23 23 37 6 9 33 4 11 39 32 37 16 12 37 3 50 50 28 43 35 22 7 47 0 
20 0 8 50 34 24 18 2 17 18 18 9 34 31 24 4 36 36 30 6 8 48 26 34 40 10 
45 5 0 2 38 32 6 27 17 27 17 48 9 50 31 43 38 16 19 48 3 4 22 26 47 43 
7 5 17 0 50 49 45 24 11 24 30 14 50 29 37 13 32 17 4 7 6 27 36 50 13 20 
32 7 36 37 0 7 23 29 6 46 25 1 10 18 29 23 24 48 27 1 30 39 38 33 36 21 
37 19 19 42 16 0 22 6 5 30 17 38 39 25 17 8 35 45 33 12 12 23 50 26 35 32 
30 9 49 33 32 45 0 25 1 16 21 5 10 14 31 4 46 6 38 12 36 36 24 11 44 45 
45 5 22 24 49 37 43 0 35 11 37 13 8 22 49 23 13 39 10 47 3 26 31 2 8 17 
17 13 15 49 46 7 49 5 0 39 37 41 4 27 17 34 12 26 4 45 41 38 35 39 40 23 
48 14 14 41 20 14 3 14 7 0 33 25 29 36 15 30 14 3 33 12 32 10 12 43 13 42 
1 28 8 17 29 33 24 26 27 49 0 43 35 14 20 24 38 41 20 35 10 34 40 39 15 28 
36 2 28 8 14 36 21 2 50 20 37 0 46 47 29 50 2 3 10 17 38 30 39 14 39 45 
19 42 9 3 9 11 39 43 40 44 31 46 0 19 13 13 22 34 15 1 38 43 44 42 35 9 
31 31 23 28 49 47 39 40 13 45 44 13 49 0 41 9 48 3 7 35 20 6 35 47 4 17 
46 25 13 2 2 26 1 25 45 29 31 17 16 42 0 48 43 7 6 18 19 10 35 24 43 40 
40 38 8 16 4 46 34 19 11 3 23 26 39 11 20 0 44 39 5 13 29 32 37 16 38 27 
49 30 29 35 7 12 1 21 12 12 38 43 10 41 33 47 0 48 5 40 26 18 19 45 49 26 
22 30 12 14 9 4 22 21 39 6 17 5 35 5 41 22 5 0 27 50 32 2 29 14 30 32 
34 32 26 13 10 30 35 31 10 36 33 40 8 4 9 17 23 21 0 36 17 43 14 1 50 4 
13 43 46 17 25 43 16 32 33 25 22 46 9 30 26 32 24 25 19 0 8 33 48 24 41 16 
29 9 28 14 40 21 32 27 9 47 38 40 15 36 44 17 8 25 29 38 0 21 15 42 11 36 
19 39 33 42 21 16 19 6 1 46 35 39 19 44 5 40 19 50 34 38 42 0 9 40 25 42 
25 23 46 3 46 15 18 18 28 21 32 50 36 39 32 19 35 15 41 10 29 40 0 32 24 48 
2 16 9 23 44 11 49 8 50 46 43 24 3 5 31 17 21 41 24 23 41 34 11 0 3 19 
8 45 50 16 13 36 42 22 5 45 50 10 45 34 11 33 42 37 43 39 46 32 10 10 0 43 
8 50 9 1 7 19 5 7 4 37 16 50 43 37 11 1 2 48 11 32 8 27 7 13 40 0 
50 0 48 19 14 24 26 35 41 23 6 36 34 22 48 27 45 4 41 48 45 34 50 50 33 39 
45 35 0 50 28 35 32 44 46 11 8 21 37 43 31 12 32 10 20 32 26 18 31 50 35 37 
5 36 10 0 19 7 50 48 36 26 29 41 36 13 38 24 43 39 11 41 6 9 11 10 36 14 
25 31 18 7 0 22 14 35 15 41 31 46 35 28 5 9 23 1 18 2 21 46 47 32 8 34 
30 21 10 29 29 0 45 26 24 6 32 19 31 30 5 16 7 21 23 8 29 8 11 6 32 33 
8 43 9 15 18 29 0 50 10 24 43 44 26 37 13 37 20 11 23 23 40 43 22 14 37 15 
26 25 24 30 26 19 15 0 29 47 21 2 18 9 38 4 20 21 6 13 22 32 35 10 22 9 
48 39 33 43 41 37 30 22 0 1 43 4 26 30 49 24 29 47 40 43 35 3 2 35 19 20 
22 16 2 16 34 41 15 3 22 0 28 30 32 37 7 34 23 46 9 46 50 45 42 8 39 43 
35 45 18 37 6 46 5 15 23 19 0 21 28 7 18 2 40 23 9 21 45 48 11 34 9 13 
7 44 40 19 25 31 9 14 23 49 47 0 48 17 16 32 26 18 14 38 13 45 40 42 44 11 
23 33 37 44 46 24 12 10 24 50 3 15 0 46 48 39 13 15 34 19 6 42 6 44 39 20 
30 48 46 46 19 17 3 47 9 3 48 22 20 0 27 26 36 38 44 16 30 11 23 17 50 1 
31 6 23 38 19 17 40 49 25 17 27 16 15 6 0 33 1 19 38 45 41 41 45 8 43 21 
5 13 28 10 9 7 31 47 45 39 12 30 9 40 37 0 9 24 46 11 49 20 24 38 34 29 
43 36 22 10 11 36 49 30 18 15 4 13 40 16 10 46 0 19 20 17 22 22 11 48 9 33 
18 49 47 45 1 31 25 44 31 17 22 10 38 35 3 13 50 0 42 25 33 46 35 30 1 4 
2 5 22 13 8 33 38 13 27 44 37 2 36 17 35 29 19 10 0 50 39 36 32 36 15 9 
23 20 24 27 37 33 19 47 41 50 27 4 32 23 34 34 47 11 42 0 16 12 14 25 41 4 
28 26 31 13 18 20 20 8 4 36 14 15 37 41 11 18 6 46 17 9 0 25 38 37 16 6 
40 21 44 49 48 10 45 33 23 10 8 39 35 24 31 7 47 28 38 21 19 0 11 21 31 49 
7 18 8 33 29 40 39 15 7 29 49 26 9 7 27 19 33 15 31 3 30 22 0 22 37 2 
29 10 50 45 37 29 1 13 1 42 42 38 1 44 20 20 25 28 45 32 32 38 22 0 12 3 
37 47 40 29 19 35 46 21 31 1 31 40 20 20 50 48 13 9 16 36 32 32 21 12 0 34 
5 44 27 6 21 41 39 39 43 1 33 12 35 32 7 46 17 20 43 40 30 5 8 46 34 0 
19 0 30 6 27 22 5 26 28 46 14 42 20 16 11 11 43 2 28 20 18 37 29 28 10 40 
15 13 0 28 23 4 1 37 32 22 2 11 33 12 22 46 7 34 40 18 16 27 2 9 33 47 
29 28 39 0 28 48 40 3 46 37 7 43 48 6 42 14 5 38 44 9 50 10 40 6 24 12 
3 40 10 45 0 14 14 4 46 26 26 24 49 5 24 12 9 37 26 15 4 9 29 48 4 11 
39 8 50 34 38 0 40 22 15 17 46 1 43 2 23 44 40 3 30 17 41 7 34 20 48 41 
23 14 41 21 3 24 0 43 6 35 25 6 4 13 38 37 2 34 38 29 12 17 36 4 22 15 
7 49 31 14 4 6 38 0 3 43 15 26 31 45 14 22 9 37 18 48 38 36 41 42 31 39 
24 46 42 37 25 38 11 20 0 6 47 26 12 43 31 20 19 1 20 24 11 21 40 25 8 3 
31 18 6 34 29 17 7 50 25 0 31 11 47 17 19 28 16 12 39 18 47 48 45 37 29 20 
35 21 19 21 19 34 21 34 34 44 0 20 5 37 28 31 19 12 18 1 9 22 35 2 46 46 
10 1 7 12 6 37 32 28 15 44 46 0 38 30 7 47 40 13 34 25 9 12 25 12 37 28 
36 27 37 20 48 1 19 24 26 9 34 15 0 23 28 8 39 27 22 34 35 31 32 12 5 19 
10 2 28 38 34 35 40 21 34 21 10 45 8 0 17 44 28 15 5 48 14 26 41 6 17 20 
35 4 29 3 47 4 16 33 1 39 50 42 37 42 0 25 44 44 39 8 49 44 19 6 40 8 
17 28 15 41 44 20 46 11 18 49 32 11 19 37 17 0 45 13 8 29 44 36 28 14 23 20 
32 2 48 18 27 17 48 39 45 31 27 2 42 8 20 4 0 31 19 43 44 34 26 3 42 5 
31 12 27 46 22 39 14 42 22 12 18 49 44 42 33 34 23 0 24 7 40 44 22 50 10 40 
6 9 21 30 37 6 50 6 14 46 6 22 43 23 42 13 10 20 0 46 2 6 38 28 11 10 
12 3 46 2 11 10 12 18 6 17 30 44 12 36 6 19 43 30 46 0 28 13 30 1 15 27 
34 2 5 9 35 19 32 11 21 25 4 4 4 3 36 44 4 37 7 13 0 20 49 34 40 33 
13 8 32 33 47 32 2 32 26 28 8 8 10 22 49 49 33 42 11 3 16 0 39 27 10 34 
9 43 45 3 8 36 19 15 26 22 11 50 28 24 44 3 23 29 26 29 37 45 0 16 9 14 
38 7 24 38 17 25 31 23 49 39 40 8 29 19 42 40 43 34 1 38 50 5 18 0 18 50 
44 11 2 32 48 14 28 37 40 20 29 46 27 9 48 30 28 30 36 4 45 44 11 34 0 39 
44 12 16 21 15 34 40 6 38 24 15 30 41 2 25 13 21 40 49 14 45 17 25 3 9 0 
23 0 26 33 15 6 1 50 18 43 5 3 12 17 25 37 40 40 40 36 34 50 37 28 11 41 
25 5 0 13 21 45 27 38 13 12 43 8 7 42 33 24 15 13 48 47 23 1 5 15 12 25 
5 28 39 0 20 9 36 48 23 24 31 46 38 48 49 28 16 50 5 33 29 33 49 7 13 19 
38 39 31 39 0 41 20 40 1 46 40 50 49 43 4 7 11 35 18 2 28 28 15 50 20 8 
2 1 32 33 42 0 7 21 27 1 22 47 17 34 34 12 7 37 2 10 28 17 7 2 27 19 
49 31 5 36 42 24 0 40 12 32 39 19 8 18 5 33 29 23 42 32 10 44 1 35 40 21 
41 13 40 42 41 45 50 0 6 14 44 26 17 41 10 49 8 6 3 45 44 49 19 48 27 49 
44 15 20 17 26 48 46 15 0 15 1 11 50 20 41 45 20 2 4 11 7 13 32 33 34 3 
38 48 41 47 23 22 16 14 44 0 48 30 31 40 39 46 31 2 27 9 38 8 37 13 50 25 
48 16 37 20 36 13 33 36 14 38 0 50 5 19 43 30 46 37 27 44 15 39 13 16 16 27 
12 6 25 47 45 2 36 41 22 25 7 0 29 45 8 36 48 45 26 1 46 26 33 35 29 43 
22 11 20 36 36 36 50 22 43 25 7 8 0 40 19 37 15 14 47 18 24 17 42 19 9 17 
45 37 16 20 1 29 21 46 4 24 42 17 6 0 37 40 7 8 2 33 29 41 6 7 14 32 
12 37 17 6 26 30 42 12 20 42 49 35 2 43 0 46 36 13 36 46 46 49 9 11 28 17 
10 41 37 30 27 40 30 2 38 39 43 5 40 29 45 0 50 5 37 46 42 22 6 9 38 43 
28 20 12 18 34 4 27 40 40 17 39 6 32 44 2 19 0 34 15 4 3 32 23 8 2 46 
44 23 15 37 45 5 32 49 38 49 20 19 34 5 36 17 16 0 1 12 6 45 24 44 44 23 
39 42 6 35 11 6 13 10 23 40 32 12 3 45 13 7 7 44 0 45 33 50 1 10 19 37 
17 23 46 47 2 20 29 21 14 7 13 27 15 28 44 8 10 12 15 0 4 5 13 7 50 49 
39 30 49 12 24 39 32 38 49 44 33 17 14 21 20 3 41 39 38 50 0 31 43 17 2 25 
41 39 45 15 32 5 16 46 48 14 40 31 9 41 19 32 40 16 34 11 42 0 46 41 45 2 
15 24 19 1 19 46 14 48 38 33 50 37 23 18 40 17 21 17 8 31 23 32 0 49 20 18 
41 27 33 41 34 45 49 1 14 18 31 48 46 29 18 27 34 22 8 19 45 17 49 0 44 44 
21 30 34 15 30 33 26 50 33 28 19 31 7 4 39 2 37 10 1 10 20 26 38 40 0 4 
40 11 41 1 24 25 29 40 48 14 16 15 36 35 35 6 48 13 1 50 46 27 19 20 18 0 
8 0 7 48 35 25 46 42 44 11 40 22 35 50 10 4 40 42 10 41 23 37 2 26 16 4 
22 13 0 38 41 8 13 43 22 33 16 19 32 5 23 19 24 22 25 45 14 21 49 4 48 10 
5 17 28 0 47 32 7 31 33 31 3 33 5 4 4 28 30 14 17 44 35 9 37 37 23 50 
15 27 32 3 0 34 24 10 40 31 4 46 15 25 2 10 38 50 25 21 36 20 19 22 18 34 
8 32 11 13 2 0 18 31 6 48 17 30 50 30 48 29 24 15 23 50 32 16 39 16 34 48 
10 13 16 37 30 47 0 6 15 20 26 43 49 28 30 37 16 10 27 35 31 39 20 27 43 13 
5 46 22 36 18 19 16 0 27 16 43 5 15 19 19 20 24 35 11 22 37 25 38 44 14 16 
7 12 32 3 9 41 37 24 0 25 26 1 34 29 2 7 27 23 12 38 32 1 41 9 15 7 
5 9 5 6 38 17 3 9 21 0 12 7 35 24 7 3 19 42 44 43 19 40 7 10 15 11 
3 27 6 33 15 16 4 17 46 5 0 32 32 18 37 9 49 26 9 41 50 42 49 5 36 13 
10 47 16 46 17 48 50 41 46 36 41 0 47 27 6 46 4 19 28 3 21 38 24 8 35 21 
15 48 19 16 19 5 22 21 20 5 20 38 0 21 30 7 33 42 23 1 18 2 50 3 46 47 
24 21 2 15 26 37 40 31 26 3 1 31 26 0 27 32 20 26 7 1 27 17 49 49 47 38 
46 1 7 18 19 16 46 24 19 46 35 20 6 44 0 19 30 7 45 27 7 3 17 46 20 48 
26 43 3 19 30 25 22 6 28 30 36 33 14 7 37 0 6 7 7 31 48 50 21 14 33 47 
11 4 23 40 36 30 5 38 20 44 24 43 6 40 21 13 0 14 29 14 33 48 44 39 40 2 
46 11 16 23 48 6 29 21 23 20 22 49 16 43 1 31 46 0 44 14 14 13 2 17 11 35 
37 42 50 50 50 17 15 33 39 40 20 40 16 22 38 45 23 34 0 20 49 14 48 37 14 2 
2 50 26 27 39 44 44 5 38 12 14 29 21 23 3 8 17 27 3 0 31 42 31 22 26 20 
41 19 48 12 21 39 6 37 48 48 18 40 7 1 46 26 36 28 10 25 0 16 2 11 18 42 
48 22 35 33 11 22 29 50 7 49 26 47 44 17 24 9 43 23 25 36 18 0 11 27 7 6 
7 3 12 2 4 39 9 30 20 24 18 22 5 38 27 40 41 50 2 21 30 42 0 11 37 17 
24 29 36 33 25 38 45 28 28 5 20 17 49 4 10 18 17 24 44 7 37 39 36 0 49 47 
28 12 26 36 26 15 42 26 36 31 11 23 48 46 36 23 44 28 33 7 23 42 47 42 0 4 
13 18 18 30 30 35 43 37 37 47 27 20 43 2 40 28 41 14 23 50 45 19 29 8 34 0 
43 0 12 3 42 24 36 15 34 32 13 48 25 46 6 46 18 36 12 49 10 4 2 26 43 30 
32 29 0 24 43 10 45 39 10 46 37 24 40 46 13 11 12 37 11 40 43 3 46 8 27 33 
10 8 30 0 48 31 42 36 11 13 42 7 42 42 23 19 9 16 1 19 22 28 41 49 39 49 
18 42 36 1 0 27 37 22 48 10 50 37 10 12 16 46 39 30 34 22 4 20 45 38 21 35 
38 45 39 5 5 0 19 9 42 50 13 50 50 11 36 5 36 45 32 23 32 49 4 35 24 34 
48 8 28 35 29 23 0 5 15 16 40 42 33 43 5 32 29 18 13 3 47 39 20 48 17 19 
26 14 15 40 36 34 10 0 16 21 8 12 31 8 21 41 46 35 45 47 13 3 2 28 42 4 
31 42 33 27 46 29 10 11 0 16 4 10 40 26 30 6 32 18 22 48 20 48 11 42 13 1 
4 25 1 4 16 25 36 23 37 0 5 42 28 39 26 29 2 20 42 18 31 6 10 15 42 31 
36 31 30 23 6 21 50 21 27 43 0 4 10 8 1 29 24 17 40 25 14 5 29 46 19 18 
28 19 25 32 46 45 11 10 23 30 44 0 7 1 32 35 43 7 13 34 26 43 13 42 39 8 
39 21 40 28 27 8 35 12 5 28 2 26 0 40 31 48 44 50 35 21 36 18 17 9 41 22 
48 16 13 44 26 16 27 37 25 7 25 21 32 0 47 23 10 46 47 4 33 17 18 32 36 33 
44 29 22 4 40 23 12 50 7 29 42 22 18 30 0 13 25 39 15 25 24 23 18 38 48 26 
23 21 5 8 5 31 35 27 11 32 37 6 34 35 34 0 13 22 26 18 32 38 28 17 42 8 
29 3 7 12 10 26 41 24 28 18 3 8 42 2 49 8 0 45 8 48 26 20 6 30 41 12 
2 43 21 17 38 46 4 13 1 27 28 28 16 2 7 47 33 0 6 18 32 5 30 24 20 24 
44 21 20 17 39 23 23 17 50 9 34 21 7 41 23 49 45 41 0 26 22 31 30 7 41 30 
38 1 13 10 8 22 19 1 44 45 26 34 47 12 4 5 12 16 43 0 24 26 26 15 46 34 
10 39 48 48 44 14 15 29 38 2 23 11 7 43 37 15 20 14 46 48 0 15 49 29 22 18 
20 15 14 18 4 12 36 17 27 48 33 22 4 50 32 11 6 10 11 32 44 0 5 23 7 10 
7 13 19 49 19 12 10 27 31 25 50 1 12 34 40 37 44 31 45 4 44 17 0 14 15 37 
10 40 19 40 24 15 42 7 9 48 50 17 19 8 37 23 45 23 26 32 10 45 26 0 21 46 
50 24 29 3 17 40 49 5 13 9 22 42 37 7 10 9 45 4 37 41 20 25 23 9 0 32 
49 44 39 34 27 16 14 48 45 25 42 13 5 42 9 1 13 7 50 15 32 9 17 16 24 0 
16 0 42 40 31 26 26 1 21 22 19 46 11 21 36 44 9 45 42 33 18 46 40 12 28 40 
8 19 0 24 44 50 41 28 23 10 11 25 24 17 19 50 42 43 33 24 13 41 42 21 6 7 
37 17 35 0 49 28 27 30 12 41 19 7 27 27 22 29 19 39 11 26 19 35 28 23 34 27 
3 7 38 16 0 50 16 48 18 38 13 24 43 25 33 35 45 12 27 1 43 15 17 12 46 44 
3 32 46 37 22 0 10 44 2 22 26 20 42 47 42 4 9 9 40 9 5 26 14 29 41 25 
24 1 23 41 13 37 0 46 43 23 48 35 3 31 16 4 31 42 3 7 16 3 16 36 48 34 
6 27 3 42 18 39 3 0 5 13 49 9 21 11 10 40 24 50 25 44 20 7 28 25 6 24 
35 12 23 26 22 8 16 25 0 8 7 10 43 1 5 10 32 48 19 18 45 10 32 44 18 42 
3 42 42 29 27 28 3 48 18 0 34 28 31 30 41 41 44 47 3 3 30 32 50 20 35 38 
10 10 7 12 15 3 18 6 35 19 0 17 25 47 31 29 8 46 33 22 33 2 19 28 28 2 
14 29 41 38 11 4 22 7 41 18 19 0 47 37 4 31 10 26 45 22 25 20 50 23 25 23 
36 17 49 3 37 41 33 30 10 1 25 27 0 18 25 16 45 18 6 14 11 12 10 30 41 23 
27 24 6 3 32 15 7 17 15 25 37 24 5 0 5 27 37 17 27 4 7 33 8 21 7 30 
3 44 10 14 12 26 38 8 30 11 17 27 27 29 0 37 18 11 3 50 29 21 13 2 37 25 
45 34 27 35 41 19 4 50 24 30 21 48 4 4 49 0 50 16 25 45 10 10 41 48 17 39 
23 5 21 28 9 40 43 23 40 18 43 12 24 40 42 14 0 28 4 49 16 20 8 50 2 30 
6 38 8 27 15 4 36 10 46 18 14 34 22 15 41 29 25 0 14 36 7 39 43 36 3 47 
33 38 50 1 19 16 6 19 48 4 2 35 47 25 14 7 2 29 0 23 29 31 6 39 9 38 
46 44 14 46 42 14 3 6 30 33 17 37 9 27 3 9 15 25 12 0 39 44 29 40 23 50 
37 14 14 24 17 27 49 42 13 24 23 42 24 7 41 50 30 17 42 47 0 21 44 3 21 21 
16 32 28 20 45 18 4 42 47 6 50 40 32 14 7 18 45 46 3 30 17 0 41 18 21 40 
15 12 48 26 29 44 12 44 4 1 46 22 22 19 7 19 1 28 2 41 10 48 0 3 36 29 
27 48 50 41 4 26 14 7 31 30 6 6 16 18 13 38 47 29 14 11 47 23 27 0 46 12 
16 14 17 30 30 17 9 13 48 3 46 13 3 50 26 33 15 41 39 2 13 36 11 40 0 4 
14 20 40 25 33 4 21 4 29 38 12 47 28 2 14 47 44 18 15 17 26 44 29 39 29 0 
33 0 33 39 45 49 31 4 28 27 17 48 20 39 16 50 26 9 25 12 14 36 38 40 26 5 
20 18 0 46 23 28 20 41 2 46 50 22 33 10 31 8 9 19 1 36 17 27 5 3 16 41 
18 20 17 0 25 43 46 43 13 40 30 13 9 5 49 47 7 19 43 16 29 44 50 44 5 5 
18 37 5 10 0 28 15 15 30 33 11 1 25 27 4 5 29 20 20 1 45 1 14 2 40 11 
9 13 38 38 48 0 19 26 13 21 26 9 38 4 12 15 49 29 23 39 46 32 42 40 11 50 
24 30 44 10 5 4 0 35 16 50 20 3 28 43 36 43 26 12 7 28 47 41 17 8 37 47 
23 42 14 44 29 18 24 0 27 38 24 39 33 4 16 22 24 23 4 43 13 22 36 38 47 21 
21 36 12 15 9 8 22 7 0 13 33 13 22 22 22 2 30 1 6 12 4 43 9 41 7 23 
19 13 16 25 26 37 4 18 24 0 9 32 12 13 29 17 17 26 41 34 10 3 1 33 41 33 
21 31 26 43 28 12 45 6 43 41 0 45 7 33 37 46 9 5 49 14 20 18 38 27 46 38 
18 18 7 48 21 18 30 25 42 5 6 0 29 25 46 47 38 7 21 39 22 11 44 5 38 1 
48 3 20 22 16 34 5 30 6 11 45 39 0 9 22 23 15 32 41 32 40 31 30 4 17 33 
12 18 38 24 27 25 13 20 47 24 16 11 4 0 27 22 2 49 20 35 3 50 48 49 17 7 
29 3 24 48 20 18 49 4 39 4 16 17 6 29 0 37 32 19 12 49 7 5 29 15 10 39 
33 11 19 15 34 14 19 21 18 49 23 40 22 28 6 0 18 7 15 23 7 36 43 41 49 22 
31 37 1 10 3 1 38 14 10 38 8 31 39 5 41 47 0 46 39 31 15 42 48 35 44 40 
48 14 42 4 4 40 20 20 43 4 27 19 11 16 49 35 26 0 12 40 49 37 18 10 32 10 
40 5 11 35 30 33 3 7 21 5 37 46 11 7 49 38 11 47 0 2 14 29 36 24 33 30 
16 36 45 45 3 30 4 10 45 15 36 10 36 13 21 25 12 41 12 0 12 39 16 6 42 11 
27 22 9 19 32 5 31 28 5 15 47 9 13 18 25 33 37 17 43 13 0 28 25 34 32 40 
17 45 13 22 42 50 31 3 34 26 9 46 42 13 10 5 33 32 49 24 17 0 50 23 37 29 
3 50 13 29 34 3 39 27 30 15 10 19 7 13 15 17 7 29 43 16 38 45 0 4 33 9 
46 44 36 8 23 17 23 26 43 40 1 18 24 1 24 21 19 13 49 1 37 26 19 0 34 8 
11 22 31 22 42 8 47 31 21 39 10 4 20 7 48 38 43 15 24 15 49 33 28 19 0 46 
19 33 5 32 22 20 25 2 1 13 46 42 5 1 32 5 38 3 13 15 17 50 7 1 14 0 
45 0 12 46 19 9 28 44 12 26 24 26 42 49 49 19 35 2 19 44 3 46 38 14 42 11 
12 31 0 16 5 29 20 27 4 19 28 9 30 33 43 36 2 31 30 28 7 13 39 4 45 30 
16 31 13 0 49 18 7 48 4 9 48 48 29 7 47 4 50 38 30 22 10 5 19 27 9 1 
16 9 37 36 0 48 23 27 21 25 14 39 14 5 2 22 12 26 25 45 38 23 24 34 24 7 
26 9 33 35 26 0 48 4 5 49 3 48 11 18 12 25 21 9 33 34 15 37 33 29 50 49 
29 45 32 21 28 43 0 26 13 30 22 14 45 37 50 16 36 9 7 50 24 1 9 13 21 18 
15 41 50 9 21 43 31 0 33 36 47 4 22 35 21 10 23 49 39 40 12 27 22 33 18 30 
28 27 30 26 49 21 32 12 0 4 14 2 26 5 9 30 34 12 1 4 13 14 25 36 40 2 
3 20 24 10 41 43 9 33 30 0 44 17 1 7 37 26 23 11 32 8 9 47 44 31 11 28 
16 21 30 6 17 3 41 41 25 47 0 2 8 3 13 21 44 44 26 16 13 33 6 14 28 41 
4 44 29 31 5 9 39 13 32 26 23 0 29 27 13 42 27 11 33 41 24 15 8 19 37 16 
4 19 16 48 45 10 7 2 16 13 9 12 0 10 21 39 13 46 21 38 48 15 17 13 24 37 
23 23 24 4 27 46 26 42 16 1 40 24 16 0 37 16 16 27 12 1 33 15 1 13 3 12 
20 37 31 40 1 38 7 42 12 23 37 34 48 40 0 17 34 21 44 20 49 39 30 34 23 33 
39 6 12 42 23 23 11 21 43 7 10 45 3 16 14 0 34 33 4 15 29 33 30 23 35 50 
44 7 43 5 23 40 4 9 7 13 33 45 50 40 50 27 0 13 6 33 8 39 19 29 7 15 
7 27 20 44 50 10 33 28 43 29 16 19 17 21 18 6 37 0 46 4 31 39 33 15 15 3 
21 24 40 27 11 26 29 37 40 16 13 34 15 8 4 50 18 8 0 11 35 8 46 36 15 2 
3 23 25 26 26 24 13 5 42 30 36 44 1 32 3 37 32 27 5 0 5 23 22 39 1 32 
22 25 4 31 45 25 39 26 26 9 4 5 12 14 43 1 29 24 28 18 0 7 17 27 8 48 
26 19 31 10 30 32 34 24 44 5 49 9 25 47 6 47 19 26 23 50 33 0 21 14 12 5 
44 48 12 33 26 6 49 46 33 19 6 8 16 47 28 20 31 18 10 44 43 5 0 27 23 21 
39 41 5 9 15 6 6 19 6 36 34 23 42 19 49 1 14 43 28 50 40 3 30 0 45 31 
3 3 4 19 13 39 21 39 12 38 15 45 38 18 14 50 39 10 11 45 47 40 50 12 0 43 
29 13 49 23 32 36 11 10 28 13 3 3 1 44 47 13 34 30 31 34 7 26 25 15 50 0 
1 0 43 20 1 34 14 3 42 26 34 27 22 16 31 2 4 35 10 6 11 48 39 17 14 32 
13 10 0 19 28 37 3 38 35 24 32 43 42 10 45 50 50 11 25 11 21 41 18 50 30 30 
23 17 20 0 4 3 13 27 7 19 21 4 35 15 40 31 39 38 43 49 10 13 26 15 7 11 
37 14 7 44 0 42 46 11 40 48 15 37 19 31 21 19 17 36 41 24 46 16 47 36 30 32 
4 26 1 20 18 0 47 2 14 43 17 49 20 13 28 26 43 45 17 26 45 21 7 23 30 44 
27 35 41 11 46 40 0 29 27 12 39 20 11 21 31 18 35 5 38 5 21 47 23 13 49 3 
22 31 11 36 11 47 4 0 21 27 41 12 11 3 48 27 21 43 2 40 6 33 25 36 8 10 
16 19 18 10 47 5 22 43 0 8 24 9 19 42 2 43 17 40 44 40 6 24 3 41 28 50 
4 22 24 43 21 48 45 3 26 0 45 28 36 12 31 37 40 19 46 24 19 3 2 50 48 40 
43 31 46 2 36 14 29 41 10 44 0 34 49 50 38 27 15 16 16 7 15 32 29 14 4 16 
6 7 17 10 48 3 22 27 4 28 17 0 50 2 40 32 49 45 2 37 4 42 19 8 48 4 
37 36 44 33 8 15 18 43 36 31 7 13 0 32 12 42 12 23 47 10 10 16 15 26 26 17 
37 27 27 1 25 37 49 19 6 12 17 28 44 0 46 13 50 7 16 10 25 37 14 41 46 42 
20 23 49 38 39 23 10 18 17 22 38 42 42 12 0 44 8 44 26 1 25 34 29 1 48 11 
9 50 17 2 30 23 37 31 9 5 15 1 31 17 39 0 7 11 28 25 25 9 16 4 16 17 
43 38 40 22 9 41 23 1 28 31 24 44 17 37 49 2 0 11 33 7 30 8 13 10 12 18 
24 2 27 23 3 43 46 1 36 37 35 48 10 1 14 43 1 0 4 36 16 14 44 41 26 24 
48 33 47 37 10 31 29 29 4 35 40 46 29 25 39 28 43 32 0 50 15 5 2 32 44 38 
8 10 24 47 4 31 11 1 49 6 11 49 15 27 7 7 19 6 17 0 24 47 22 29 48 38 
22 12 42 12 20 47 1 4 49 3 22 5 33 1 5 30 46 30 20 29 0 30 28 6 44 8 
36 46 16 20 42 36 31 27 9 33 19 20 40 30 9 10 46 17 25 36 2 0 37 6 13 45 
1 42 10 20 9 44 7 48 4 35 1 35 35 8 17 42 28 24 18 36 10 7 0 1 12 19 
34 12 32 8 7 49 41 4 25 41 44 21 8 50 39 13 22 36 46 8 25 12 9 0 8 45 
24 14 38 27 35 45 42 49 1 25 33 25 41 48 36 11 32 10 18 23 21 21 24 30 0 24 
39 21 6 4 44 23 3 24 14 33 36 3 27 41 46 3 23 7 25 6 38 32 39 10 48 0 
44 0 3 42 35 24 4 40 9 4 47 25 37 46 7 3 30 1 27 15 1 8 5 20 22 21 
48 14 0 49 24 36 8 33 46 6 1 21 12 40 40 30 46 45 24 45 22 17 28 1 23 27 
37 5 24 0 9 41 39 34 21 15 26 41 41 35 18 40 43 41 40 7 33 19 12 38 36 6 
13 31 25 1 0 5 21 14 27 48 49 3 9 38 16 12 38 42 25 14 40 6 11 7 6 29 
26 38 44 40 8 0 26 18 38 4 29 9 9 20 11 6 27 14 37 19 37 34 3 25 45 46 
28 38 24 47 50 2 0 25 20 22 29 33 20 38 40 24 35 21 35 38 4 29 22 14 9 13 
42 24 38 19 46 24 14 0 50 45 31 38 45 41 4 27 34 39 49 33 23 8 27 48 46 2 
14 19 37 41 17 7 24 15 0 35 9 29 38 2 26 6 19 20 43 10 36 41 30 32 12 21 
41 23 32 36 6 16 27 43 17 0 33 5 27 9 28 24 15 30 7 45 48 47 37 23 28 4 
38 34 38 10 12 34 38 26 21 26 0 34 43 29 30 43 2 46 35 44 1 43 11 16 36 22 
11 24 37 14 24 4 50 5 33 18 32 0 39 33 6 49 18 2 39 2 41 23 1 28 2 47 
2 3 29 27 12 27 19 2 38 1 10 1 0 13 47 23 35 38 47 12 12 14 13 30 45 33 
41 23 14 46 50 10 47 35 18 23 2 21 28 0 21 42 14 37 45 5 39 18 39 42 30 6 
35 5 16 41 34 39 23 34 44 21 4 6 7 39 0 41 14 17 46 25 21 14 10 26 21 48 
27 18 25 6 16 3 31 34 40 16 6 31 44 34 34 0 30 37 35 50 38 9 31 7 15 26 
2 43 18 9 42 25 29 46 43 8 22 48 28 28 19 24 0 22 17 24 36 33 23 12 41 42 
28 26 26 33 40 46 12 11 31 15 10 13 25 49 41 27 36 0 2 27 13 32 9 7 32 14 
37 15 33 29 43 29 31 28 18 15 49 3 13 3 12 10 37 48 0 14 9 11 48 19 33 9 
48 21 35 29 10 19 20 45 20 4 31 29 33 39 36 30 36 8 34 0 42 24 24 49 16 3 
46 12 44 24 4 39 47 1 21 46 9 46 50 8 47 30 9 44 50 31 0 32 5 9 28 30 
26 41 35 41 35 24 23 20 27 15 8 27 21 17 15 35 29 12 44 28 34 0 37 50 38 13 
16 31 50 35 21 41 3 16 45 28 49 12 10 36 22 36 27 23 43 39 4 38 0 28 35 47 
3 43 16 50 47 40 41 48 29 20 44 24 36 6 25 5 11 27 39 17 24 20 27 0 23 43 
7 14 8 49 10 28 4 15 38 19 49 37 17 49 38 9 14 32 17 28 13 41 18 19 0 34 
43 12 39 19 24 34 16 44 8 40 27 34 50 19 42 41 9 48 38 26 19 44 29 1 8 0 
10 0 39 10 45 31 17 46 39 15 17 17 15 47 15 35 33 44 10 9 12 25 15 13 25 38 
4 44 0 31 43 16 49 33 38 11 15 46 7 50 27 23 31 46 35 2 26 26 13 34 3 44 
26 35 20 0 39 34 45 26 35 7 28 24 15 46 49 19 34 28 37 1 40 27 44 33 36 32 
30 31 11 50 0 13 41 10 29 50 41 14 14 50 27 20 20 22 43 50 50 16 50 36 34 42 
49 27 33 14 17 0 32 3 34 8 4 15 16 36 45 37 14 37 46 9 5 20 29 10 31 20 
6 2 33 37 16 30 0 45 27 8 15 15 28 15 33 10 12 31 42 23 6 5 37 48 14 37 
30 4 28 30 23 21 18 0 2 44 12 30 20 48 42 25 20 39 28 31 22 36 22 14 50 43 
40 37 37 26 16 20 4 19 0 50 37 27 18 48 36 45 48 26 22 21 30 43 33 50 49 36 
16 9 18 42 1 8 41 28 37 0 33 34 32 27 29 43 27 1 48 6 48 3 41 42 37 25 
10 1 43 21 1 7 37 38 40 1 0 11 36 27 49 30 37 40 12 4 11 16 50 44 28 3 
42 36 45 2 34 25 18 32 18 41 7 0 48 8 37 26 48 45 38 29 33 41 24 49 26 12 
13 30 39 26 9 11 8 15 18 10 22 42 0 36 6 26 43 5 10 8 23 39 33 25 28 13 
22 13 16 46 13 18 37 19 40 22 46 30 6 0 9 31 49 33 40 27 5 6 9 32 3 40 
36 15 41 3 24 31 5 11 13 38 49 43 20 6 0 42 35 23 47 35 30 14 50 1 28 25 
6 43 48 23 8 14 31 13 6 27 4 47 17 17 41 0 41 19 43 22 33 7 14 35 36 21 
34 12 48 24 26 37 14 14 29 18 39 7 39 6 24 18 0 31 15 29 39 39 7 31 45 40 
46 7 30 45 19 43 8 13 3 25 2 34 39 30 40 41 33 0 38 49 2 34 31 37 49 16 
26 50 7 48 33 27 32 3 35 31 31 35 19 11 26 32 45 36 0 32 22 34 42 35 40 48 
6 20 33 43 6 16 20 31 30 43 43 2 16 21 48 21 31 5 50 0 10 7 14 27 23 21 
40 45 6 27 32 34 15 18 50 27 8 49 11 29 16 11 4 40 19 33 0 31 30 16 34 1 
3 38 36 30 42 42 43 10 22 16 21 15 5 48 9 29 34 16 44 41 23 0 21 26 34 49 
4 25 9 40 41 11 29 22 27 29 47 30 38 9 36 15 40 39 14 45 47 49 0 42 10 5 
47 15 23 44 29 33 12 2 32 39 18 34 21 32 6 42 43 28 19 13 49 47 8 0 8 26 
33 32 13 39 3 5 33 50 36 44 47 7 29 48 46 35 28 6 20 18 32 20 8 8 0 4 
4 21 23 47 6 50 7 15 18 46 2 49 13 29 35 36 35 35 38 10 36 15 31 24 29 0 
22 0 41 38 41 45 14 24 6 36 50 34 10 3 30 45 40 42 11 3 45 36 15 28 36 33 
47 35 0 21 48 19 39 41 50 19 35 9 20 25 24 32 29 44 28 30 2 26 32 6 43 21 
44 4 29 0 30 43 7 14 3 8 48 30 4 8 17 11 43 10 35 46 36 21 18 37 21 16 
43 38 48 35 0 7 15 29 28 27 26 36 13 21 27 29 46 18 17 27 2 26 36 11 20 9 
17 48 11 8 1 0 26 17 8 14 1 19 16 18 1 33 2 26 32 42 26 30 40 9 17 41 
3 1 11 19 41 7 0 28 29 26 41 18 19 21 27 50 19 5 8 27 10 30 50 16 44 1 
50 5 19 44 29 27 40 0 44 17 48 25 7 39 23 44 42 37 42 10 16 33 6 5 43 8 
25 33 32 8 12 4 36 18 0 18 42 3 9 35 48 14 28 26 4 29 25 13 16 35 33 18 
43 8 6 29 19 44 50 27 37 0 4 45 8 37 6 44 40 39 22 32 42 34 3 45 47 38 
8 3 26 18 45 9 48 50 40 19 0 47 30 40 50 49 3 32 48 44 20 21 39 48 35 36 
24 45 3 42 35 41 14 10 41 11 41 0 25 10 42 45 47 9 47 37 48 11 49 22 34 40 
3 5 1 27 18 19 5 41 32 22 15 46 0 9 6 29 34 20 49 39 8 28 22 6 50 23 
13 43 12 38 26 25 24 20 3 33 36 13 33 0 24 43 37 34 29 21 31 2 1 42 8 15 
41 1 33 26 12 31 49 2 5 5 27 44 4 7 0 47 41 26 6 23 43 21 37 26 47 22 
45 44 36 19 21 13 1 4 23 35 25 41 45 42 2 0 38 11 29 19 16 44 31 22 25 40 
27 45 19 16 44 4 25 36 5 17 37 13 34 35 43 27 0 40 32 22 23 50 31 15 21 5 
11 9 7 32 29 15 22 12 29 44 18 32 39 29 32 1 6 0 41 25 16 25 28 44 27 40 
4 50 1 2 41 46 30 49 11 34 46 18 5 26 3 15 2 5 0 41 25 45 2 3 41 22 
45 41 40 6 31 33 15 31 43 25 16 22 10 39 49 38 34 28 45 0 36 33 2 15 22 1 
24 23 4 2 45 3 47 11 31 46 5 41 43 31 1 31 38 12 1 38 0 44 43 16 43 38 
12 24 8 5 40 44 27 18 6 8 11 12 30 49 23 19 11 30 43 44 48 0 41 48 45 6 
46 40 14 35 7 31 7 11 15 33 29 39 6 41 3 29 23 38 24 41 20 8 0 14 29 19 
33 14 24 50 40 22 27 14 50 45 5 13 34 49 27 4 1 16 16 45 31 6 39 0 41 15 
26 4 25 4 36 38 26 36 17 24 18 34 12 25 12 2 26 7 47 49 17 39 39 47 0 38 
19 43 49 34 39 28 25 33 35 14 18 3 10 14 7 29 28 18 26 10 20 39 41 4 43 0 
5 0 50 43 43 49 38 15 28 17 18 46 28 2 28 46 43 2 27 12 44 50 16 43 40 20 
39 22 0 14 38 19 30 2 45 41 34 29 32 41 37 27 4 25 44 47 12 2 26 40 30 17 
18 13 29 0 11 43 40 7 4 23 10 16 1 41 49 38 44 34 11 44 18 11 12 40 35 40 
26 23 47 29 0 19 14 32 35 21 1 18 24 34 49 45 22 29 18 28 11 4 35 45 9 18 
18 15 46 12 6 0 7 23 44 21 18 17 10 26 5 46 35 16 20 49 20 21 50 13 50 46 
33 44 13 25 37 42 0 28 38 11 1 50 36 23 15 44 46 30 14 32 28 13 4 14 32 27 
38 15 47 40 48 19 2 0 47 17 24 13 11 20 35 26 40 23 16 4 47 49 44 6 5 25 
42 37 32 22 34 30 31 31 0 48 49 28 31 48 13 33 48 40 7 41 31 36 10 29 6 39 
40 39 10 36 29 45 9 42 16 0 7 33 21 25 33 45 32 30 23 36 49 9 25 3 21 49 
10 37 15 25 39 32 8 27 34 44 0 41 22 45 20 4 19 39 33 7 1 28 15 24 47 49 
6 37 44 7 30 15 36 39 37 19 9 0 45 18 27 25 26 44 41 39 4 11 36 4 33 31 
21 43 47 21 22 46 13 19 26 34 45 14 0 21 5 30 6 33 9 1 46 25 22 6 32 26 
34 24 35 43 39 21 34 11 26 9 23 40 19 0 16 24 46 26 42 44 31 12 24 37 10 49 
28 28 3 37 6 50 37 16 46 38 22 29 26 38 0 14 11 4 45 46 7 16 15 43 28 1 
49 30 13 1 14 11 38 25 45 11 44 32 25 20 10 0 37 25 23 28 2 17 50 5 31 20 
9 30 41 4 33 14 35 25 37 8 20 24 15 32 28 35 0 4 32 28 20 29 29 25 36 20 
42 42 16 27 34 49 26 33 32 6 32 47 22 13 47 10 8 0 39 13 41 13 10 41 50 18 
14 19 27 11 41 30 5 5 35 41 22 19 49 3 9 45 42 33 0 27 47 38 32 20 31 11 
22 41 12 46 7 33 1 16 10 20 31 49 22 41 27 27 43 38 22 0 25 41 9 36 5 46 
22 27 15 4 30 32 49 46 50 19 39 43 9 28 9 22 3 40 33 28 0 46 20 42 50 20 
46 45 48 7 20 13 6 8 1 36 6 37 13 30 38 32 3 22 23 39 34 0 34 10 14 4 
38 20 3 27 50 2 35 16 34 35 37 2 40 31 6 33 36 9 43 3 36 41 0 10 45 47 
43 49 20 12 36 12 36 35 3 33 44 3 31 1 34 21 21 29 46 2 31 14 42 0 17 6 
49 26 17 11 19 48 11 9 31 8 4 16 5 48 23 2 17 37 48 13 31 5 8 10 0 33 
15 12 15 44 16 30 7 4 6 38 36 19 24 35 35 34 45 50 44 30 6 17 31 23 50 0 
14 0 27 44 4 25 44 18 8 29 5 36 47 15 16 28 48 13 49 11 37 33 44 3 14 30 
37 6 0 15 30 28 48 32 42 44 3 3 13 50 32 44 18 12 45 30 50 38 31 35 16 33 
43 19 21 0 36 18 20 24 31 25 39 39 4 28 2 7 5 5 21 14 25 35 14 18 17 20 
22 50 23 14 0 43 7 22 49 48 35 30 12 6 27 33 30 32 25 43 6 15 34 44 24 45 
33 10 22 41 48 0 30 2 4 17 47 21 1 17 33 33 17 5 31 18 28 44 50 44 31 46 
4 39 25 12 5 38 0 7 50 20 10 47 1 8 50 5 28 8 39 31 12 29 15 42 10 39 
11 3 26 46 2 34 16 0 41 46 45 42 27 43 13 9 15 2 48 24 37 17 47 31 13 1 
36 11 14 19 18 39 47 16 0 23 45 36 31 4 18 27 31 10 13 6 14 1 16 27 23 48 
28 18 19 24 23 14 22 14 46 0 16 23 3 22 29 7 45 12 20 18 24 35 48 30 47 6 
8 35 26 50 50 20 35 42 22 41 0 21 28 43 1 32 14 18 9 2 4 29 39 35 50 19 
40 46 9 49 14 30 38 22 18 15 30 0 47 14 47 46 39 11 50 39 36 17 20 20 37 11 
17 40 29 44 27 20 50 26 31 10 24 26 0 43 9 11 34 7 25 36 2 17 4 12 6 15 
19 39 47 15 3 21 27 22 39 47 41 10 29 0 42 46 30 22 34 38 23 14 19 42 28 2 
11 45 35 36 44 14 28 23 29 9 31 4 12 29 0 39 48 5 4 13 20 25 28 33 40 23 
46 21 25 34 2 50 47 19 13 42 26 43 37 45 33 0 14 37 50 34 16 27 10 6 49 25 
9 15 30 8 27 33 13 45 13 49 44 3 39 28 9 34 0 35 49 37 13 6 18 9 30 7 
38 28 50 25 47 36 16 26 10 43 36 18 11 37 9 14 48 0 24 46 40 11 49 23 25 32 
42 12 19 36 20 42 6 50 2 40 6 13 20 17 14 29 27 29 0 35 24 17 24 13 29 49 
8 45 13 41 47 39 6 25 44 5 24 47 40 41 2 30 18 10 47 0 4 1 28 8 33 11 
34 20 39 2 15 18 50 41 38 12 47 44 10 6 1 50 39 27 12 41 0 32 37 39 33 45 
49 15 16 25 48 30 37 31 30 13 20 17 23 29 37 25 7 3 29 5 36 0 9 5 47 4 
13 2 46 42 30 47 31 7 8 17 4 35 16 40 33 11 13 31 43 31 34 16 0 49 25 17 
26 35 11 28 9 41 10 19 21 36 29 42 40 50 17 39 11 16 13 34 41 41 14 0 46 45 
24 28 13 16 21 47 4 21 26 4 13 21 29 49 26 44 16 45 4 5 19 24 31 26 0 43 
23 50 37 42 27 35 21 15 33 36 14 48 3 1 40 26 22 14 46 5 19 33 18 37 40 0 
25 0 46 11 42 27 1 47 37 24 49 47 18 29 50 20 42 6 46 14 13 46 13 45 15 30 
48 10 0 35 22 24 41 33 50 2 2 39 11 23 7 35 17 12 30 2 43 8 43 15 27 13 
14 37 4 0 24 44 13 1 46 13 29 42 12 15 50 9 14 18 27 48 31 32 33 39 29 47 
35 33 44 23 0 22 5 45 9 10 11 4 29 27 9 40 38 15 11 28 44 5 47 31 44 29 
41 16 18 47 32 0 32 48 26 27 10 30 8 24 42 25 47 4 6 39 6 36 41 19 9 43 
17 23 12 36 43 39 0 3 50 44 31 40 28 12 29 30 6 4 1 49 10 31 42 19 4 48 
1 41 42 39 44 1 48 0 9 4 15 9 37 40 35 22 28 8 30 12 36 20 42 28 10 50 
32 41 20 50 13 25 4 8 0 39 42 48 12 12 1 30 42 19 9 14 21 19 14 16 28 33 
23 12 8 19 29 9 13 32 39 0 12 11 28 10 42 40 6 29 2 43 24 16 47 30 32 44 
1 34 15 39 31 18 25 43 17 40 0 13 47 40 11 33 36 30 23 39 20 15 10 17 24 16 
41 13 23 5 17 26 33 26 26 28 25 0 48 44 9 45 36 35 43 2 27 10 40 42 11 38 
37 24 42 13 29 41 18 42 24 41 6 2 0 39 1 15 31 21 15 33 8 38 37 15 44 34 
31 18 15 47 6 2 21 13 17 30 2 42 14 0 47 38 8 7 20 18 40 35 47 42 38 47 
39 26 10 3 1 1 10 48 29 49 24 3 45 18 0 40 35 39 22 21 13 40 8 18 45 1 
31 17 47 5 50 34 26 28 1 18 26 12 11 17 30 0 43 44 35 49 15 5 13 2 29 5 
46 25 21 26 7 32 8 15 2 20 34 13 43 30 15 48 0 26 45 1 14 23 29 6 42 20 
46 23 19 31 46 19 15 19 50 4 9 5 2 44 36 19 48 0 9 47 46 31 1 5 35 17 
29 19 1 16 33 17 20 30 6 11 9 40 34 6 1 19 45 44 0 27 7 44 25 1 16 46 
26 21 10 46 40 46 19 35 15 18 1 15 4 18 37 40 25 46 33 0 28 29 14 3 46 27 
36 8 29 28 23 5 18 36 20 7 47 10 34 17 16 41 6 19 39 1 0 5 42 27 40 17 
19 29 18 39 17 13 18 14 20 4 38 41 7 43 13 34 29 34 12 40 30 0 42 30 18 38 
24 45 15 46 22 45 32 39 11 5 27 50 48 4 44 30 47 15 14 28 50 49 0 27 26 18 
26 9 15 50 38 28 50 1 1 43 18 4 19 48 9 7 2 46 38 37 34 32 30 0 18 11 
33 27 16 40 38 25 18 39 29 46 37 17 39 24 27 27 49 47 11 26 27 29 18 5 0 21 
49 4 39 40 34 45 29 47 40 5 1 34 12 14 18 50 16 40 2 23 41 13 22 12 10 0 
35 0 36 19 42 34 5 10 12 19 39 22 30 49 46 2 9 20 50 19 27 44 38 33 43 26 
12 39 0 16 32 31 37 32 28 30 49 10 10 6 6 1 42 22 44 25 47 21 17 45 1 15 
21 13 4 0 35 17 48 3 26 16 23 16 44 30 38 3 40 2 19 47 43 49 15 44 19 36 
22 44 8 47 0 6 45 45 16 18 10 24 29 43 14 2 8 34 40 33 35 48 42 6 23 7 
20 48 49 8 16 0 7 19 36 50 45 4 45 30 11 29 22 29 13 28 30 12 9 5 45 36 
15 26 12 34 39 31 0 39 36 40 37 47 46 8 2 4 5 44 43 20 49 13 5 29 5 14 
19 30 28 43 46 11 44 0 4 23 1 32 8 2 12 14 16 10 41 25 32 26 21 11 25 26 
19 16 35 47 23 11 47 7 0 21 20 2 11 43 44 27 4 43 35 2 23 47 42 32 7 33 
4 15 4 24 39 48 19 4 18 0 28 45 9 8 1 41 35 2 32 43 13 5 17 47 49 28 
34 37 10 3 29 27 35 29 14 20 0 47 44 34 33 22 33 8 25 17 32 46 36 35 11 38 
46 11 40 44 29 37 18 6 46 5 12 0 10 1 39 1 10 30 44 31 44 42 19 50 21 31 
48 42 30 17 33 48 2 49 15 34 16 46 0 36 36 34 29 38 38 28 10 23 8 36 17 23 
16 42 4 17 47 27 12 19 14 32 45 39 39 0 14 8 11 11 36 6 35 14 45 9 48 16 
4 31 22 12 8 41 7 14 45 17 7 49 32 19 0 7 5 28 22 5 39 41 49 24 21 50 
13 22 31 32 9 22 34 6 2 44 46 40 7 7 42 0 39 26 45 48 1 12 30 18 49 31 
37 23 4 10 25 6 8 2 12 46 19 26 32 37 45 23 0 43 31 25 12 15 21 15 14 1 
16 4 27 20 38 33 5 33 2 22 49 30 47 27 39 39 39 0 46 12 23 14 44 9 3 29 
20 49 43 37 17 17 8 41 9 10 2 31 33 25 13 15 43 31 0 15 46 43 46 4 37 23 
27 26 4 41 38 22 46 25 42 18 34 12 46 36 6 41 39 38 18 0 37 9 7 21 50 9 
21 14 45 7 36 24 46 6 15 40 41 5 1 22 39 6 6 42 7 29 0 3 47 46 9 6 
5 9 37 1 14 21 6 5 32 17 8 2 18 6 45 39 6 32 46 16 37 0 39 17 29 31 
3 16 15 22 6 25 18 36 2 32 16 10 6 2 20 36 1 19 6 31 5 39 0 36 13 40 
48 16 1 44 19 17 43 8 20 12 6 41 33 27 42 40 16 17 25 29 29 50 31 0 26 30 
36 20 11 49 26 15 30 2 32 9 10 18 42 33 15 24 2 37 41 15 45 18 43 14 0 41 
40 23 11 34 11 48 36 26 14 34 47 32 10 44 47 26 40 2 19 33 23 24 34 10 6 0 
27 0 14 40 11 36 18 28 47 8 37 43 20 19 21 11 25 43 29 50 19 42 43 44 44 40 
6 17 0 24 32 19 16 39 1 28 34 34 46 15 29 16 20 36 2 7 5 6 21 32 8 9 
30 46 34 0 42 15 35 21 47 21 30 2 4 16 40 22 4 19 42 37 27 29 28 50 34 49 
7 42 37 39 0 34 36 35 17 23 39 20 5 10 14 50 14 49 45 49 14 16 20 12 35 2 
38 30 45 31 30 0 3 47 50 43 8 43 34 8 38 45 18 38 43 2 3 49 10 28 37 14 
31 34 1 21 34 37 0 30 3 38 47 6 40 36 44 37 23 5 17 6 7 31 41 7 4 47 
29 28 11 33 4 29 2 0 9 18 50 19 46 30 10 21 14 32 21 41 40 28 2 49 15 30 
44 43 22 30 33 40 27 47 0 24 5 9 19 21 35 18 5 32 19 44 18 28 26 8 36 44 
50 21 16 15 20 28 29 46 3 0 10 37 30 29 35 11 42 49 7 6 12 45 11 37 24 35 
46 33 6 48 3 19 35 37 37 34 0 19 11 33 5 27 31 24 18 25 32 25 3 34 34 27 
29 20 3 24 50 39 35 43 31 24 45 0 24 49 1 42 2 43 43 1 42 32 17 2 29 32 
22 44 12 42 10 43 50 22 22 24 49 33 0 14 37 46 35 18 2 31 33 7 25 18 34 31 
32 11 33 42 45 13 18 25 42 28 45 23 2 0 21 32 46 2 28 28 43 19 30 6 5 8 
14 15 22 46 25 47 26 29 11 29 33 17 31 27 0 12 32 9 22 10 1 12 17 32 50 38 
6 47 41 41 12 3 6 29 35 32 48 46 29 17 31 0 19 45 41 43 50 29 22 2 17 11 
11 8 47 4 46 48 34 23 9 20 1 36 38 50 26 27 0 39 46 45 14 37 30 6 29 33 
18 26 39 50 9 34 45 25 30 1 45 9 25 40 35 14 23 0 20 47 31 34 7 42 17 23 
41 26 7 3 25 32 3 19 22 28 22 45 23 1 36 6 12 9 0 49 32 19 15 7 11 50 
14 11 9 48 49 11 34 23 28 18 9 39 22 6 20 43 41 3 12 0 14 20 1 19 12 26 
22 49 44 36 4 27 20 47 3 12 21 45 21 24 18 38 23 45 34 28 0 18 40 3 29 39 
28 13 46 48 31 14 43 47 23 28 12 41 37 24 41 40 42 20 44 49 48 0 20 29 44 26 
48 6 35 35 8 32 46 15 47 27 15 24 50 22 49 29 48 49 46 6 47 36 0 22 43 38 
26 21 10 31 42 8 34 2 22 34 9 8 13 15 46 17 27 41 48 27 16 43 48 0 46 21 
1 22 34 39 29 12 34 43 47 32 12 37 35 6 19 32 23 28 38 41 22 35 34 1 0 40 
21 46 24 17 23 34 23 15 11 41 37 50 13 43 23 25 15 17 33 35 30 43 35 30 46 0 
43 0 15 10 6 49 17 39 33 50 9 17 11 27 24 49 39 23 25 16 33 32 11 36 16 17 
7 18 0 1 16 10 28 11 44 21 30 20 13 10 12 25 48 18 14 34 6 14 39 44 35 46 
8 19 20 0 48 14 33 30 45 39 42 49 38 18 40 31 7 17 6 44 29 27 14 13 41 35 
15 47 2 11 0 3 19 25 16 20 2 10 41 47 8 48 41 19 21 20 26 11 50 24 4 50 
47 34 50 7 20 0 45 6 29 13 50 37 28 34 37 24 25 22 48 39 22 16 21 49 47 38 
8 43 43 16 25 15 0 23 48 11 7 35 26 10 1 8 4 13 34 8 12 13 35 35 47 2 
39 3 36 33 35 27 36 0 3 19 13 2 14 14 39 36 14 30 23 31 40 49 13 48 32 18 
4 37 41 35 26 23 9 47 0 14 37 12 38 16 27 30 50 23 42 38 6 41 49 45 23 49 
33 13 5 8 3 26 6 5 15 0 32 41 45 19 44 40 44 18 1 3 24 26 14 47 1 40 
27 21 10 27 28 5 42 19 37 43 0 11 5 39 11 11 7 33 2 46 40 5 5 49 49 12 
23 48 43 50 23 20 17 4 18 27 5 0 46 29 38 27 49 27 32 1 30 39 29 40 42 17 
44 13 1 12 36 23 23 12 15 6 7 49 0 20 15 24 45 1 22 35 6 12 5 15 19 41 
29 23 48 20 24 44 9 1 33 30 7 16 43 0 33 4 33 35 15 32 20 50 8 17 28 35 
38 8 6 36 6 39 49 32 21 8 50 26 43 42 0 12 49 48 37 36 17 30 9 39 31 24 
27 41 33 50 41 22 7 20 35 36 36 3 15 28 41 0 9 34 22 26 5 7 43 24 21 21 
2 21 32 12 6 30 19 26 13 29 49 16 33 30 37 44 0 6 8 6 26 47 33 10 45 9 
46 38 14 26 17 35 18 12 29 39 1 25 9 30 6 17 27 0 3 49 43 43 2 42 40 12 
2 35 18 45 25 19 11 38 3 11 42 6 50 46 45 31 4 5 0 42 36 19 47 29 1 9 
21 31 12 2 16 45 46 25 15 16 50 50 18 5 21 40 38 6 20 0 14 12 27 8 4 13 
40 48 1 4 43 5 6 18 37 5 39 50 36 38 16 47 31 36 30 45 0 31 37 1 22 46 
32 41 10 37 47 44 23 8 40 27 47 46 21 23 12 45 33 31 50 32 40 0 3 19 4 18 
31 42 29 10 32 3 48 30 8 12 14 47 32 40 11 16 43 46 11 20 1 11 0 13 19 1 
49 6 1 40 6 30 23 7 19 16 3 45 48 9 25 50 17 13 12 48 48 2 42 0 39 16 
48 7 8 34 18 21 29 10 9 33 47 47 40 3 33 42 40 13 24 9 22 45 38 37 0 20 
35 48 2 21 3 47 14 12 25 9 24 15 23 2 46 24 35 40 26 28 3 27 11 30 7 0 
8 0 39 19 31 45 4 19 22 15 33 24 27 40 7 36 33 36 16 44 9 27 18 12 29 35 
37 6 0 12 10 17 8 37 23 14 46 8 46 32 31 6 5 44 9 19 22 48 46 34 40 45 
18 12 17 0 21 31 41 28 41 46 8 48 7 12 48 26 37 4 27 11 29 38 5 36 39 5 
33 10 44 7 0 38 42 23 22 16 50 47 20 3 34 6 31 6 36 23 8 48 32 11 44 35 
44 20 23 12 8 0 13 26 29 16 48 31 35 34 8 17 26 36 47 48 29 17 1 44 6 48 
32 19 13 32 7 1 0 49 1 22 44 23 50 10 8 38 21 42 38 36 25 47 22 29 7 32 
13 36 13 15 18 44 27 0 17 15 26 45 14 47 9 47 33 35 12 14 45 26 26 39 11 8 
25 14 8 32 2 11 41 6 0 1 45 16 36 36 4 1 47 34 46 33 44 8 46 29 39 43 
13 10 15 13 6 38 47 3 8 0 44 30 19 35 14 16 4 8 47 15 32 47 49 9 14 48 
43 30 6 18 50 30 36 19 40 39 0 1 26 44 45 8 19 34 28 11 22 28 49 33 18 40 
50 50 14 8 47 14 2 2 15 13 8 0 41 36 8 14 44 50 46 25 16 28 15 2 8 13 
13 22 48 42 21 45 48 39 29 50 30 22 0 12 44 26 49 25 29 32 50 28 49 20 48 28 
28 3 9 3 12 36 49 7 46 34 42 5 10 0 45 19 11 3 8 8 34 23 39 3 49 17 
4 36 20 8 35 15 2 1 15 43 42 39 36 17 0 15 32 16 16 11 34 44 16 35 13 40 
26 41 12 14 6 40 1 10 36 9 1 29 50 11 19 0 40 4 46 2 28 22 17 41 44 3 
7 23 43 15 23 39 1 7 18 10 24 41 38 9 4 41 0 30 1 8 15 3 17 6 43 44 
40 20 34 36 19 9 1 19 12 49 17 9 45 13 21 50 23 0 32 1 45 50 17 37 49 37 
42 17 33 30 50 41 18 50 22 33 19 18 21 50 2 24 23 27 0 11 37 33 35 38 38 15 
31 35 5 48 44 24 33 35 49 27 42 18 39 12 8 50 9 24 31 0 2 32 2 32 50 21 
28 41 27 12 5 8 30 46 15 20 7 13 2 28 10 37 34 23 24 10 0 7 34 15 3 38 
24 12 8 36 34 29 3 6 28 17 33 6 23 45 20 13 23 25 43 2 37 0 7 47 21 16 
49 30 9 41 15 45 26 25 25 31 47 23 10 32 41 4 8 25 12 28 31 11 0 29 4 47 
34 10 23 2 1 18 15 37 20 35 50 45 15 14 22 7 32 49 14 24 41 13 43 0 2 49 
30 33 36 44 36 39 1 6 44 31 36 4 24 25 14 32 36 41 47 42 10 43 12 40 0 21 
50 12 15 31 7 22 17 22 4 21 36 30 44 35 47 49 39 22 33 37 4 9 25 1 42 0 
5 0 23 46 11 39 38 21 46 23 37 27 37 25 38 9 19 33 21 4 29 3 43 6 50 43 
21 22 0 29 3 18 42 38 15 39 3 50 21 12 15 34 15 34 21 49 21 13 15 34 24 19 
22 39 21 0 23 40 13 17 46 18 19 16 43 44 6 46 39 22 36 36 10 48 22 6 20 14 
19 22 8 30 0 31 7 38 5 35 47 4 17 42 50 40 33 25 44 47 18 23 41 16 4 33 
41 29 49 14 21 0 50 33 1 9 21 42 10 17 38 13 29 38 9 10 43 22 30 37 46 28 
23 28 10 3 42 29 0 6 5 48 40 28 40 41 14 47 21 17 34 29 49 23 9 7 35 40 
35 32 7 12 11 11 42 0 3 37 49 23 23 49 18 42 36 6 20 48 35 39 47 45 14 22 
6 47 8 48 5 15 21 26 0 13 7 48 50 44 37 29 37 37 5 16 24 48 18 17 37 14 
18 40 9 50 1 39 37 44 40 0 6 15 34 6 32 34 2 48 37 11 45 36 12 33 20 49 
3 43 30 40 24 39 31 21 34 37 0 26 13 26 12 19 11 7 4 32 14 3 31 23 32 22 
1 31 7 43 28 7 8 39 2 49 46 0 8 4 17 17 35 13 23 46 9 40 22 25 42 35 
30 9 1 6 46 23 20 48 19 23 8 24 0 29 7 31 18 24 25 14 24 3 3 38 15 30 
40 8 28 24 32 30 6 16 9 49 48 7 34 0 6 26 27 11 36 44 10 11 35 17 15 41 
17 48 12 18 32 27 22 36 27 7 15 43 25 37 0 44 2 9 20 8 33 12 41 19 38 47 
43 18 44 6 20 5 42 13 33 16 33 45 48 28 23 0 27 21 8 50 11 35 37 50 1 9 
2 15 9 32 30 27 30 24 21 39 9 29 31 7 2 23 0 30 42 21 11 7 12 43 36 7 
41 34 19 28 13 7 19 43 47 18 41 34 32 3 40 4 21 0 27 40 14 49 40 1 48 38 
5 45 29 40 2 40 22 24 25 40 44 11 47 9 32 41 36 35 0 39 12 40 49 40 32 8 
37 36 4 22 9 1 33 22 40 9 12 40 3 46 28 19 10 7 14 0 47 44 25 19 8 23 
13 6 12 37 49 7 6 48 32 16 5 19 2 17 39 11 39 8 50 20 0 2 33 39 11 44 
31 42 26 36 15 12 18 47 49 47 45 21 36 42 2 7 43 21 31 24 50 0 8 41 25 36 
5 18 19 38 22 30 18 2 43 18 15 30 12 18 4 38 23 4 20 45 40 4 0 17 49 14 
9 12 9 38 44 23 2 2 50 11 45 49 10 27 17 28 20 43 24 38 28 31 4 0 27 36 
28 5 21 30 46 1 2 21 25 14 18 10 14 50 45 13 28 13 7 10 39 13 27 4 0 18 
21 12 43 12 36 28 9 32 2 16 19 32 22 4 10 44 29 36 14 49 18 6 43 29 25 0 
