22
3
13 0 41 24 
4 7 0 31 
5 15 17 0 
35 0 14 29 
36 32 0 38 
13 37 14 0 
15 0 46 9 
13 45 0 11 
46 9 26 0 
27 0 37 8 
4 32 0 12 
21 33 9 0 
13 0 48 35 
7 19 0 33 
3 4 36 0 
11 0 27 30 
2 41 0 26 
40 35 19 0 
13 0 1 47 
13 8 0 49 
5 28 29 0 
9 0 31 33 
18 15 0 50 
29 1 40 0 
30 0 8 28 
27 10 0 41 
26 36 32 0 
47 0 26 46 
32 15 0 47 
43 9 32 0 
13 0 1 40 
37 3 0 42 
5 44 23 0 
3 0 44 13 
31 23 0 41 
36 11 27 0 
41 0 37 41 
7 37 0 23 
17 9 2 0 
33 0 28 17 
37 25 0 6 
18 17 1 0 
1 0 43 6 
37 22 0 17 
18 24 42 0 
19 0 16 4 
6 46 0 4 
20 3 23 0 
41 0 6 14 
18 20 0 45 
40 23 17 0 
6 0 17 19 
7 13 0 6 
40 36 18 0 
22 0 5 15 
25 39 0 14 
31 48 43 0 
48 0 28 32 
13 17 0 23 
34 27 12 0 
38 0 33 23 
12 47 0 50 
1 12 8 0 
24 0 13 3 
48 16 0 11 
37 49 48 0 
