22
33
47 0 31 22 24 34 42 27 17 2 38 19 50 17 12 38 50 18 44 6 27 9 31 48 35 43 24 16 7 1 16 8 27 15 
9 6 0 24 5 20 42 9 20 50 11 24 27 32 38 4 48 39 50 16 25 24 13 17 34 37 31 11 26 20 17 37 31 43 
36 8 6 0 14 45 49 3 47 7 9 20 25 9 12 36 13 9 12 16 42 2 41 46 40 41 19 39 31 33 1 34 25 44 
34 47 30 48 0 34 45 2 14 28 17 4 47 10 28 20 25 14 12 5 22 39 42 45 13 17 24 27 10 22 14 7 26 46 
32 26 15 7 15 0 25 18 14 29 24 24 42 44 32 41 20 7 20 39 29 4 5 42 2 18 32 11 18 43 42 15 11 29 
1 29 3 5 19 49 0 37 38 8 10 18 22 21 24 43 37 40 16 45 18 47 43 27 34 14 40 34 15 50 22 37 10 14 
14 43 4 39 16 39 22 0 3 42 46 45 24 30 47 9 19 31 3 27 20 43 32 9 2 19 42 29 16 23 38 37 23 9 
9 8 31 39 49 25 27 24 0 16 6 47 32 10 34 43 26 46 20 19 11 40 22 32 34 2 20 24 10 7 31 4 10 23 
16 22 40 28 30 33 29 50 47 0 27 26 12 21 10 8 36 40 27 19 18 13 19 38 26 48 38 29 1 18 18 36 2 38 
10 45 12 4 48 16 37 41 11 44 0 45 6 23 32 11 17 24 17 4 36 42 10 47 35 14 31 43 4 28 33 30 42 24 
25 11 15 47 33 42 11 32 28 2 26 0 43 20 25 6 19 35 44 1 33 17 46 50 48 28 40 18 24 34 13 29 14 3 
32 48 21 46 20 42 25 43 4 14 8 21 0 42 44 6 37 35 44 39 29 10 8 30 11 18 20 43 25 38 49 16 24 12 
40 38 28 36 23 15 2 27 40 13 32 43 28 0 36 47 12 37 49 20 40 36 44 25 19 10 29 1 50 1 5 5 49 34 
9 2 6 29 2 12 29 37 2 20 45 48 19 41 0 34 46 13 1 1 47 35 27 47 14 9 26 45 14 2 27 36 8 33 
9 19 34 41 34 36 37 42 3 34 25 31 21 42 39 0 17 4 38 4 5 3 50 33 6 43 20 27 18 15 36 26 35 37 
15 11 22 1 6 29 16 15 5 32 43 22 34 38 34 6 0 47 49 39 32 4 31 9 36 28 49 14 9 19 27 18 9 40 
44 6 31 17 17 49 9 39 40 48 19 40 34 9 32 43 12 0 18 37 37 4 34 35 3 36 23 8 16 7 47 29 14 35 
33 41 33 3 40 31 50 31 43 15 33 40 46 44 40 33 17 7 0 10 31 23 37 11 22 29 31 44 42 44 32 44 20 5 
6 2 19 50 40 23 37 38 7 11 19 2 13 41 30 19 33 41 40 0 19 34 13 46 30 11 24 9 37 9 37 12 21 14 
36 41 42 21 33 27 35 23 44 17 27 42 21 17 41 15 24 11 41 5 0 1 22 44 7 40 40 17 15 1 29 20 49 49 
38 27 50 38 48 1 15 6 47 40 47 19 39 41 8 18 23 36 26 21 17 0 14 14 47 36 32 44 11 20 23 15 47 28 
43 33 40 41 28 26 11 27 49 4 32 48 38 1 49 9 48 28 44 44 29 32 0 25 14 4 3 17 8 5 36 25 26 50 
42 46 8 18 27 46 11 16 45 18 10 33 50 48 31 45 2 23 45 21 3 50 12 0 9 27 38 25 9 4 23 14 30 7 
48 47 6 42 42 21 33 34 29 34 15 15 32 4 5 36 13 3 14 31 5 47 42 35 0 50 41 39 21 2 12 23 5 31 
26 2 2 26 3 10 2 12 38 25 16 47 45 46 34 21 24 41 20 50 49 2 2 5 21 0 43 2 33 13 33 17 12 11 
34 6 3 4 11 10 44 12 19 18 23 26 38 5 45 5 50 29 22 4 5 32 25 1 47 5 0 11 8 20 49 5 8 5 
37 11 41 32 17 13 31 26 39 31 34 29 29 33 38 7 28 14 5 46 9 6 2 31 3 8 6 0 50 36 42 21 14 15 
22 2 44 5 24 33 16 41 28 16 2 41 22 18 22 23 2 43 36 1 13 47 31 10 10 29 10 8 0 32 40 47 11 21 
14 8 32 44 3 4 31 39 5 31 40 1 40 32 40 34 27 35 50 35 13 2 25 21 35 46 46 24 9 0 10 38 19 42 
21 8 11 41 29 50 39 6 12 9 17 41 10 20 48 21 24 5 6 48 26 8 13 33 12 10 7 9 7 31 0 45 43 21 
9 20 24 30 44 48 36 11 30 2 44 9 30 26 26 49 3 36 5 33 22 16 14 46 28 30 20 43 31 49 32 0 14 24 
20 1 1 24 41 30 8 20 38 47 6 19 24 32 35 31 11 5 46 41 10 50 43 6 28 3 15 29 44 30 31 21 0 30 
36 10 25 26 25 13 6 48 13 34 20 8 27 4 48 35 12 21 45 37 24 14 21 9 45 46 39 16 29 27 8 16 36 0 
40 0 39 22 10 6 37 42 40 43 48 17 23 49 1 49 17 44 33 10 37 34 7 22 40 17 32 29 24 40 19 37 26 5 
22 38 0 15 27 26 7 35 3 47 31 17 4 36 46 45 40 50 36 45 49 29 3 33 18 32 44 24 8 19 50 25 12 41 
19 27 14 0 35 41 19 27 25 34 38 27 5 36 32 36 34 34 41 34 42 27 26 20 6 47 45 32 33 27 35 47 7 6 
13 17 20 32 0 6 10 17 19 24 45 15 7 14 46 13 38 25 35 10 41 20 15 44 8 8 38 46 37 44 49 50 41 21 
49 24 15 17 2 0 29 32 18 24 4 31 5 50 34 49 20 45 3 1 38 16 37 49 24 12 25 18 14 30 25 26 46 25 
37 15 23 49 21 23 0 6 28 24 46 12 13 3 9 5 48 18 49 47 49 4 5 13 25 41 5 28 11 19 38 49 28 35 
31 14 19 26 22 25 30 0 45 10 43 41 38 11 10 16 14 16 13 26 30 47 21 32 2 49 8 17 46 46 10 37 47 34 
28 22 46 36 23 47 25 18 0 5 45 12 23 37 31 46 12 48 3 25 23 49 39 11 32 17 27 15 8 34 50 50 7 44 
5 33 39 20 28 44 17 2 13 0 43 27 21 30 13 27 22 34 48 7 12 25 35 40 12 15 20 46 33 17 34 5 45 6 
29 32 48 8 42 20 10 9 22 37 0 47 34 12 37 15 38 37 50 2 44 46 20 20 43 27 6 9 48 34 35 29 38 33 
16 2 31 30 15 42 28 47 3 3 49 0 44 28 4 33 32 46 31 34 4 1 10 10 13 5 31 37 12 13 25 37 8 9 
2 47 36 35 9 23 9 24 47 43 17 22 0 50 49 3 27 17 39 5 46 35 32 6 42 18 25 34 6 17 35 28 16 41 
36 27 8 47 47 38 8 26 30 5 18 43 42 0 6 32 35 35 47 37 33 13 25 21 41 45 17 34 39 3 8 13 15 1 
31 15 23 45 30 20 2 47 20 6 28 38 49 27 0 20 2 21 32 38 42 34 29 11 7 17 3 31 4 19 23 23 42 3 
43 11 42 10 40 5 27 35 36 43 20 43 4 46 40 0 15 38 32 26 25 23 18 3 4 17 29 28 39 48 29 48 33 37 
35 7 17 28 42 32 27 11 7 48 36 42 14 14 7 42 0 40 32 41 48 17 31 25 9 38 44 12 28 39 38 8 46 37 
7 19 39 24 37 46 1 49 15 17 21 18 13 3 15 22 48 0 9 47 7 36 20 5 33 8 41 49 20 50 23 20 40 40 
5 7 46 18 19 3 37 40 49 3 15 5 42 26 41 47 6 41 0 29 12 40 1 37 14 7 16 47 48 31 49 42 47 31 
28 8 47 20 4 30 6 11 17 37 18 41 29 17 15 8 24 44 32 0 42 29 1 4 20 32 12 3 7 39 10 1 11 18 
24 14 19 45 28 3 12 23 1 23 15 20 23 29 49 32 40 8 5 10 0 5 3 28 4 27 38 43 27 50 22 8 37 7 
23 6 4 46 13 47 42 21 19 28 28 40 1 10 33 4 25 50 2 46 2 0 13 21 36 16 19 40 11 36 24 29 16 28 
13 50 24 46 36 28 12 14 40 37 25 1 14 27 29 10 23 25 23 6 41 6 0 11 35 18 31 45 7 32 36 46 49 12 
13 38 10 10 9 39 23 41 33 13 27 47 35 2 43 12 1 13 49 7 11 38 8 0 40 40 28 6 34 5 32 4 42 26 
40 2 39 19 50 15 36 1 15 8 43 34 38 33 29 2 46 32 23 47 43 2 25 31 0 20 21 31 34 39 36 2 9 36 
21 46 1 5 43 1 48 13 7 46 30 15 7 2 45 27 32 10 1 32 45 34 39 27 8 0 50 30 34 3 12 29 7 34 
49 18 38 29 48 3 31 25 35 36 6 46 16 14 19 36 7 8 27 1 28 41 38 8 25 47 0 44 21 15 11 45 17 24 
31 8 35 8 49 34 7 20 7 11 48 33 31 42 36 11 48 46 4 3 6 7 8 30 30 4 2 0 10 10 11 24 41 39 
23 36 7 35 29 9 25 20 32 22 31 40 25 44 6 8 11 17 15 42 15 18 25 1 5 28 45 33 0 48 11 46 37 7 
45 9 7 30 27 20 38 30 33 25 35 27 41 6 11 46 2 50 44 9 50 25 5 11 6 30 1 14 42 0 23 21 27 45 
33 31 35 49 29 35 48 28 12 32 44 40 24 14 23 35 37 46 12 2 28 8 20 5 47 24 47 19 24 38 0 11 4 9 
33 9 25 26 48 24 16 47 32 38 43 11 21 33 16 29 29 6 27 10 25 17 26 11 31 3 5 38 30 5 25 0 21 41 
32 41 6 48 9 40 22 46 6 47 20 27 44 26 41 31 40 45 33 35 44 35 17 33 14 46 45 19 28 17 27 14 0 23 
21 40 43 10 31 21 17 5 14 19 21 7 34 38 28 14 8 40 10 42 37 47 47 25 24 34 14 45 4 19 39 20 6 0 
5 0 23 36 49 21 9 25 17 30 31 16 46 27 30 9 18 6 21 27 18 23 36 25 43 18 37 47 7 22 2 46 31 1 
1 30 0 15 42 15 37 31 36 26 8 16 32 29 47 5 6 27 48 48 12 2 34 20 48 44 31 34 13 18 45 28 35 36 
45 26 1 0 44 27 41 35 47 33 47 29 9 12 40 41 43 2 45 4 48 19 50 18 11 17 49 34 3 19 18 32 30 32 
46 34 21 4 0 12 1 8 14 16 20 38 42 39 32 42 44 20 17 50 24 37 18 46 8 41 28 28 7 32 28 15 15 49 
28 17 6 20 40 0 40 45 47 35 3 30 31 19 28 18 43 10 50 1 33 6 45 29 38 14 14 35 23 1 33 39 6 23 
43 12 16 36 25 31 0 28 6 28 3 15 17 28 22 50 11 15 23 29 15 33 43 34 38 19 7 26 6 22 46 3 15 24 
8 27 17 2 7 36 19 0 24 27 29 42 14 21 36 42 35 13 37 10 10 42 41 1 28 28 18 18 5 22 35 32 1 1 
43 20 46 33 9 8 38 10 0 41 6 14 42 25 48 21 35 21 10 9 43 5 33 18 27 39 25 40 18 15 2 43 48 42 
14 29 17 47 3 4 30 23 1 0 1 36 37 36 4 21 48 21 2 26 23 8 46 10 2 20 44 35 19 20 46 39 13 17 
1 11 20 5 38 19 6 30 20 5 0 33 33 40 4 22 20 20 44 1 18 25 34 18 19 15 28 9 19 12 3 5 12 23 
20 36 43 1 44 33 34 20 44 39 42 0 28 20 30 41 13 49 1 2 39 46 43 18 44 2 40 11 10 38 18 18 1 21 
11 20 19 30 19 27 12 17 49 31 46 27 0 41 46 48 18 7 13 3 3 24 28 28 18 49 50 5 23 24 33 27 21 42 
8 10 10 23 34 31 25 41 22 47 12 22 17 0 11 45 13 43 31 5 15 48 47 33 43 1 31 19 22 40 44 17 5 25 
36 33 37 38 46 23 33 29 12 2 31 16 47 32 0 39 11 10 31 2 22 7 44 11 27 18 23 3 12 3 2 29 31 8 
48 32 29 9 25 48 9 23 37 36 46 2 27 4 49 0 31 12 30 13 15 33 19 42 23 10 21 23 21 22 26 10 24 50 
8 50 1 11 2 35 34 44 49 20 8 16 25 41 19 4 0 31 41 22 17 16 25 29 40 7 49 5 25 38 2 12 26 23 
2 19 5 49 20 11 46 29 22 35 50 34 7 35 30 5 17 0 41 36 39 8 34 34 21 11 5 4 30 10 6 48 9 32 
44 23 22 14 6 11 31 27 38 45 41 30 6 50 15 25 21 22 0 12 26 38 16 18 36 35 38 16 7 16 20 17 37 42 
2 14 12 9 41 12 30 6 12 20 40 43 42 5 5 40 6 39 34 0 37 33 44 28 5 37 30 18 46 24 11 18 28 4 
39 4 36 3 17 31 11 33 21 27 46 29 43 43 33 11 18 11 32 33 0 1 9 9 36 8 22 11 44 34 32 1 3 13 
40 4 1 20 37 40 9 24 5 13 18 33 27 44 38 35 35 6 1 37 45 0 4 30 46 50 46 45 21 17 49 39 26 44 
17 4 40 33 42 32 21 23 10 47 47 41 4 31 29 23 9 50 27 1 16 18 0 36 24 5 20 42 45 39 7 7 24 43 
40 11 41 49 3 44 25 31 14 36 8 33 6 47 15 17 48 9 49 13 26 28 49 0 18 16 28 22 40 26 35 3 40 24 
49 14 21 38 25 7 6 2 20 2 32 29 42 50 23 28 29 41 49 8 11 17 12 12 0 23 33 25 22 36 5 29 33 18 
10 8 33 45 29 23 2 44 11 6 26 18 40 25 29 50 13 47 45 4 33 13 32 3 9 0 16 42 32 35 17 16 24 50 
11 32 42 41 33 1 19 47 15 50 12 37 45 33 9 47 23 24 8 35 29 35 47 27 31 36 0 13 31 21 9 45 40 3 
18 30 43 37 9 30 47 26 8 19 13 20 16 15 34 33 35 13 44 9 39 21 27 36 16 10 48 0 38 38 27 6 6 22 
34 27 4 17 10 14 44 11 9 22 16 34 8 15 21 30 48 36 46 2 32 14 48 4 8 22 50 33 0 9 39 31 14 8 
48 33 39 31 17 25 50 50 48 30 49 11 2 8 45 27 9 40 41 10 5 41 20 29 50 10 39 14 12 0 3 21 42 3 
26 10 33 33 50 32 11 47 2 35 35 49 43 6 14 5 6 1 50 40 4 4 8 13 10 31 7 37 36 39 0 45 10 8 
8 26 49 13 44 9 8 30 13 3 6 36 31 8 4 25 9 6 2 22 2 49 23 3 20 24 20 26 25 12 14 0 40 25 
42 35 31 16 43 12 43 42 10 41 2 2 27 30 24 3 13 27 33 44 39 6 10 4 46 43 21 40 33 6 2 39 0 17 
12 39 23 24 9 17 45 10 30 42 9 21 1 44 44 47 23 12 36 32 47 36 36 26 28 20 1 42 3 10 4 40 13 0 
36 0 16 41 2 30 5 11 39 34 10 15 1 33 46 50 27 43 10 45 16 8 20 26 4 47 46 39 16 3 7 21 38 19 
9 16 0 28 4 46 43 7 26 44 13 27 22 26 46 25 2 15 11 50 10 24 5 16 41 38 6 35 16 45 36 28 40 27 
33 24 30 0 22 24 48 18 38 41 14 8 50 33 21 1 15 15 39 47 21 29 45 4 1 38 17 41 9 42 32 9 36 38 
45 43 22 46 0 30 42 13 33 22 34 41 8 41 5 35 34 2 30 48 31 19 48 38 21 30 35 8 8 9 47 10 6 23 
12 38 29 30 20 0 35 47 35 39 7 12 13 43 47 12 7 26 41 2 11 5 19 47 5 1 16 46 35 6 24 26 24 36 
36 30 18 6 4 33 0 45 1 47 31 42 27 8 38 38 46 2 34 6 9 45 18 43 41 24 29 4 40 13 30 16 32 39 
28 7 18 44 1 22 8 0 7 11 9 39 6 29 44 29 8 39 4 40 20 16 41 19 37 28 33 25 29 6 39 17 16 10 
38 31 32 21 3 1 13 49 0 2 35 9 4 35 45 36 26 32 24 26 26 12 24 38 38 31 17 19 47 30 2 23 42 24 
46 41 13 48 38 37 4 27 22 0 14 6 11 33 43 38 40 4 25 15 42 40 49 15 44 44 41 36 33 17 19 1 13 17 
31 39 4 24 29 45 38 23 49 41 0 10 32 28 48 25 31 8 27 27 8 1 35 48 27 20 4 47 1 21 11 3 13 44 
44 3 4 34 16 26 30 27 20 41 9 0 6 12 16 44 12 2 9 43 24 5 17 47 42 28 4 25 48 38 2 38 38 48 
39 35 45 21 48 42 1 48 31 31 44 40 0 22 8 39 4 39 20 3 11 39 39 27 7 13 7 13 2 33 40 18 4 21 
8 24 32 49 42 5 18 42 27 25 36 3 2 0 7 47 36 44 49 32 36 28 9 1 8 38 8 41 30 50 15 42 14 41 
19 14 35 8 6 48 16 35 19 13 14 41 5 11 0 1 16 16 40 41 37 18 44 50 24 24 11 34 14 39 43 12 33 23 
13 34 43 13 29 39 2 17 2 10 46 37 18 34 48 0 41 14 35 26 1 27 23 25 14 11 34 45 14 3 46 26 1 32 
19 42 28 8 4 37 1 40 21 17 35 5 37 7 27 37 0 24 26 8 37 33 47 40 9 30 2 45 44 39 15 6 34 46 
6 49 43 20 33 10 48 25 12 7 7 41 10 25 28 18 27 0 30 21 19 15 50 23 2 20 29 3 42 8 2 7 12 2 
9 32 8 35 18 41 17 10 12 21 40 34 19 20 28 17 26 12 0 35 35 15 31 7 27 41 1 5 7 7 18 11 50 46 
39 1 43 21 34 10 39 5 9 4 29 33 18 1 9 26 25 33 41 0 22 27 37 28 26 31 44 17 36 10 4 45 11 40 
39 30 20 35 47 43 2 46 31 7 28 28 44 24 50 47 32 32 36 21 0 29 19 2 23 17 40 40 44 4 46 6 9 18 
43 30 22 40 41 29 40 39 26 47 31 1 48 38 21 17 39 29 23 10 41 0 12 20 29 47 19 8 3 8 43 35 2 20 
11 2 44 29 8 41 3 46 32 4 23 22 23 19 3 19 27 16 17 33 50 27 0 32 11 44 43 23 22 37 31 34 12 30 
32 38 36 28 39 31 38 20 14 10 9 48 8 24 50 5 35 32 27 19 19 20 34 0 20 34 36 15 19 32 9 1 20 11 
42 42 32 17 42 38 35 29 14 36 18 24 13 37 19 23 17 3 50 7 44 11 12 4 0 16 44 4 16 20 38 6 9 39 
37 16 33 19 39 43 44 43 40 6 35 17 47 21 50 46 46 16 6 1 14 18 31 31 28 0 1 49 35 19 9 26 31 9 
36 27 21 37 4 29 11 6 15 4 6 28 38 20 23 5 20 25 23 50 9 25 19 35 2 42 0 38 45 9 24 31 30 4 
8 12 44 29 10 42 37 46 45 50 15 25 3 40 32 26 31 49 35 3 31 1 11 9 36 35 13 0 41 17 48 41 23 27 
24 31 9 30 26 11 33 36 5 14 26 5 10 50 3 7 19 29 26 47 27 24 8 1 36 43 25 30 0 47 30 48 9 42 
49 30 10 24 46 5 38 3 18 27 38 35 5 26 36 10 35 48 20 16 27 50 50 23 8 44 34 37 3 0 40 25 16 17 
13 12 20 43 33 24 24 38 45 10 48 20 17 31 17 39 20 12 33 29 44 15 50 30 37 17 3 22 1 50 0 28 2 22 
19 42 15 16 17 2 25 47 28 33 41 3 4 42 14 17 49 33 29 43 38 24 49 12 41 7 17 21 2 37 45 0 32 46 
48 49 40 2 23 3 10 8 33 16 33 10 27 34 26 40 6 3 17 50 9 35 45 44 3 26 11 36 4 45 42 38 0 9 
8 6 43 24 15 27 31 20 35 5 8 16 3 15 24 42 32 47 35 29 33 37 14 4 46 50 48 43 24 5 38 25 45 0 
2 0 20 28 33 16 41 27 37 30 24 31 38 28 50 12 37 44 22 49 8 9 26 21 43 40 29 16 30 38 46 31 18 34 
21 2 0 45 47 10 17 6 8 43 3 13 34 17 18 50 36 7 31 34 40 18 36 26 49 36 43 37 26 48 49 35 44 13 
4 8 49 0 17 41 35 5 43 50 17 23 8 10 24 11 16 44 32 16 48 28 17 35 27 47 11 17 30 31 11 44 19 20 
21 13 11 1 0 20 16 46 29 47 19 20 3 41 27 20 27 10 4 18 20 47 35 38 23 23 20 30 18 25 12 39 24 5 
39 40 11 1 15 0 24 16 20 19 32 48 16 24 6 35 48 4 22 7 26 49 24 36 25 39 29 50 36 28 4 36 30 47 
48 3 38 9 27 45 0 30 3 50 28 4 40 7 49 14 46 21 22 41 32 48 6 15 4 36 12 37 25 30 42 16 46 19 
20 26 4 47 39 28 28 0 28 24 50 47 32 36 32 30 36 41 8 33 45 49 49 43 39 34 23 15 8 6 24 8 12 8 
22 38 24 11 49 32 44 13 0 5 25 7 19 23 1 31 7 39 40 35 34 1 20 22 34 15 14 16 14 20 22 50 42 35 
24 14 45 7 25 42 26 39 33 0 45 24 36 21 12 23 35 2 17 35 24 29 8 2 17 41 47 36 16 31 44 33 25 15 
34 49 37 36 1 14 48 9 45 19 0 26 48 48 45 3 44 29 19 5 16 19 6 17 12 29 17 29 6 11 9 39 12 49 
21 37 13 36 49 2 3 37 15 35 39 0 27 19 43 2 34 23 2 26 29 10 46 28 33 26 8 35 36 43 49 37 31 15 
49 27 8 40 8 31 18 2 30 5 22 29 0 36 10 24 28 23 38 7 13 33 40 26 10 30 11 41 17 18 45 16 48 8 
12 20 16 44 44 15 22 9 27 31 42 7 5 0 40 49 11 8 20 11 31 18 32 10 2 49 10 47 40 1 34 35 39 24 
21 24 40 8 34 29 23 36 5 6 9 34 4 26 0 22 43 7 10 25 5 18 40 31 11 15 45 35 19 32 9 43 46 3 
33 34 16 10 3 25 42 39 45 14 26 1 19 46 34 0 26 48 44 25 11 35 7 31 44 30 44 40 45 5 4 46 14 14 
31 21 43 6 33 5 36 34 17 23 27 5 10 47 49 1 0 43 34 16 19 36 19 27 3 23 30 9 35 48 34 42 18 13 
38 38 26 42 21 15 40 39 28 18 34 5 40 20 48 41 45 0 13 21 31 45 29 13 45 41 34 3 46 1 37 34 32 9 
42 22 9 24 10 23 20 27 31 9 2 43 48 33 11 12 44 3 0 21 21 38 19 10 26 31 1 37 12 44 38 42 35 2 
47 48 48 40 18 35 41 2 5 14 21 11 2 43 1 43 35 8 34 0 13 11 21 24 13 34 44 9 36 8 33 43 17 17 
42 2 35 13 23 27 19 31 20 34 5 39 15 29 8 37 19 10 31 8 0 23 41 26 25 35 6 24 27 5 44 22 21 4 
45 11 42 16 31 13 31 16 32 41 38 19 25 19 15 1 50 39 24 13 10 0 45 1 26 11 28 17 3 42 26 27 12 34 
36 21 19 17 21 39 47 1 43 41 50 39 7 11 37 10 26 6 6 49 9 45 0 50 10 16 6 4 47 28 24 6 15 26 
35 39 49 47 35 29 50 27 13 17 4 2 38 5 17 30 44 16 20 21 14 26 42 0 21 10 1 15 36 1 23 20 36 36 
13 22 23 39 14 42 28 6 22 47 28 47 8 29 2 37 17 35 8 36 44 13 10 48 0 29 38 34 14 15 27 41 48 19 
17 26 33 45 41 31 25 43 16 43 30 14 24 2 23 14 49 35 39 12 50 42 50 13 26 0 11 27 8 14 42 46 6 31 
29 42 4 19 43 26 5 34 43 29 21 31 34 5 36 12 1 16 42 2 36 19 25 26 21 20 0 31 5 18 30 25 47 24 
33 46 10 19 46 7 9 34 29 7 13 30 32 42 6 41 46 14 26 4 5 46 10 17 28 48 24 0 45 1 16 14 5 24 
7 2 9 27 43 5 9 34 18 8 13 13 46 39 28 26 14 22 17 49 44 20 38 37 43 42 49 34 0 14 34 13 44 9 
6 26 40 47 14 3 9 17 20 37 39 47 5 33 9 46 20 37 44 47 6 31 38 14 23 34 2 7 26 0 21 34 45 20 
4 40 14 38 29 1 20 9 32 24 34 50 41 39 10 40 39 45 48 19 47 3 26 38 27 25 30 1 3 42 0 50 3 44 
28 1 43 45 8 41 37 25 39 24 8 5 15 33 46 43 17 37 26 37 26 24 1 15 26 12 4 21 19 6 41 0 24 32 
6 13 38 17 46 32 4 12 45 8 30 18 34 12 43 34 9 36 6 24 16 19 5 50 28 19 46 38 16 7 33 34 0 34 
24 10 20 9 26 22 5 23 25 32 16 22 47 43 1 12 37 11 21 35 50 16 38 9 38 40 27 37 17 46 38 25 46 0 
35 0 11 3 24 26 33 15 1 2 42 37 39 28 31 27 45 26 30 47 13 50 34 9 23 11 22 37 46 19 7 29 44 41 
27 13 0 32 49 38 12 29 6 35 49 24 1 21 10 9 50 42 41 17 42 13 47 1 3 31 14 5 46 20 32 46 13 44 
49 2 18 0 46 47 39 19 19 8 16 36 35 22 41 12 29 46 28 16 13 2 29 31 13 29 18 25 8 33 37 3 4 12 
8 22 9 41 0 4 45 2 49 24 6 32 16 19 9 24 43 18 24 5 30 1 42 21 22 6 17 30 15 11 36 22 13 32 
24 15 19 4 38 0 42 34 14 14 29 24 50 47 11 10 1 15 15 13 48 24 11 17 2 37 35 38 16 38 38 39 34 19 
34 46 45 6 40 31 0 33 22 16 37 13 47 22 10 7 21 14 47 21 9 16 9 13 49 17 17 3 5 19 27 27 41 40 
32 14 16 15 46 26 35 0 31 27 8 25 4 5 16 26 32 45 25 41 18 25 3 26 34 47 39 23 28 28 4 40 10 23 
8 41 47 41 6 18 22 36 0 29 39 1 38 45 12 2 27 24 24 3 36 23 15 29 38 33 19 8 3 8 3 24 18 15 
31 48 25 30 41 40 7 20 32 0 47 15 26 46 2 27 22 1 5 31 38 25 1 44 13 9 9 37 11 19 29 27 16 33 
24 15 15 27 48 33 34 46 16 42 0 19 15 12 37 18 31 32 7 48 44 31 41 31 4 13 22 32 3 46 2 3 21 49 
44 22 37 12 45 4 23 47 42 9 10 0 26 48 47 22 20 30 38 23 29 23 3 33 35 12 15 27 1 31 50 15 39 48 
16 19 15 32 19 37 3 26 47 39 33 22 0 29 15 25 11 34 17 15 31 42 26 41 40 3 1 31 28 22 16 43 44 21 
28 32 29 7 38 11 1 20 3 27 15 1 14 0 33 50 2 41 47 34 1 8 7 40 29 26 29 19 7 26 5 31 47 39 
1 1 34 47 4 46 6 15 12 40 50 27 39 39 0 18 31 26 31 20 9 44 13 22 42 50 31 9 43 44 44 48 46 19 
13 13 32 17 6 38 2 29 36 47 17 41 2 38 41 0 1 27 50 24 12 38 45 38 30 42 47 23 37 13 21 18 42 4 
9 26 27 36 15 21 44 19 30 8 17 5 2 49 44 19 0 43 17 45 24 35 31 19 25 3 26 10 15 15 17 15 30 25 
37 44 13 14 15 13 30 31 44 9 37 22 25 40 48 30 19 0 20 5 23 18 20 28 8 2 34 40 11 29 4 14 44 38 
31 16 6 32 6 29 5 16 44 42 23 32 4 28 36 12 36 47 0 47 11 7 7 18 16 5 13 31 24 19 2 40 46 44 
35 45 25 43 49 13 41 50 8 25 28 6 26 48 6 4 49 44 8 0 17 33 31 24 49 41 27 43 48 32 47 43 3 28 
39 20 33 11 20 38 34 6 12 49 33 40 10 30 15 25 20 21 8 32 0 29 11 4 22 27 3 22 21 43 18 12 32 26 
29 38 29 24 44 30 7 25 11 21 33 41 9 31 48 29 24 13 27 35 22 0 49 28 16 12 34 18 16 13 13 44 37 1 
15 31 43 36 2 27 41 2 7 19 41 22 31 18 22 25 43 20 6 36 48 5 0 31 10 14 12 10 13 42 12 48 28 46 
40 45 50 5 43 22 36 36 34 15 31 38 45 31 17 46 41 21 44 38 2 4 11 0 1 33 23 41 17 29 11 45 21 13 
26 42 24 22 20 50 48 20 1 14 40 50 23 19 32 44 17 1 41 5 40 45 37 35 0 50 23 20 32 20 7 24 20 10 
25 19 40 43 24 21 22 46 18 1 40 21 1 11 5 9 24 13 10 4 17 24 32 5 39 0 23 48 31 16 1 45 41 20 
41 48 50 42 1 43 30 20 9 22 44 47 14 49 12 16 23 46 45 14 16 44 2 38 35 4 0 2 23 41 30 18 7 49 
1 11 14 5 18 23 20 30 35 8 2 39 9 26 24 37 15 44 6 50 28 5 47 47 13 8 47 0 42 8 29 30 5 37 
48 14 38 49 11 6 23 25 34 32 36 50 50 27 29 28 37 27 37 12 7 22 47 14 17 43 11 27 0 29 23 6 29 48 
2 11 13 37 39 5 38 33 26 44 23 11 47 13 31 19 14 21 3 43 43 30 26 17 24 32 18 46 47 0 47 12 27 8 
2 49 16 17 42 49 22 49 30 32 29 25 4 21 31 30 8 15 3 3 36 5 22 35 46 13 7 37 43 37 0 29 32 47 
4 45 15 16 2 23 23 31 44 14 49 47 43 21 12 38 16 39 33 10 24 22 48 27 31 22 30 42 36 7 43 0 4 48 
28 50 26 16 14 7 43 30 22 43 42 24 38 4 42 46 50 27 48 47 23 23 33 48 38 35 31 43 32 46 38 21 0 45 
50 15 22 36 22 3 33 41 30 2 30 6 4 43 19 38 46 37 30 45 8 25 6 18 28 28 29 26 50 49 27 5 21 0 
29 0 39 39 21 11 28 25 16 7 43 21 3 42 35 43 13 5 36 10 8 27 38 26 10 4 9 45 24 8 41 32 26 25 
36 26 0 5 30 18 36 10 6 30 2 32 35 15 36 44 37 13 45 13 17 48 45 41 13 30 17 3 33 2 9 16 12 46 
29 7 9 0 38 34 38 1 1 2 47 37 44 25 40 23 1 37 45 47 19 9 27 42 35 42 1 2 34 27 5 22 36 20 
40 37 30 35 0 49 30 8 13 17 46 48 5 19 5 28 30 33 16 14 19 44 37 2 16 25 46 33 36 18 25 48 26 1 
24 35 3 44 16 0 38 15 40 6 43 31 44 31 23 46 25 4 44 40 8 17 27 4 35 15 11 4 47 22 45 42 49 23 
4 46 20 25 37 17 0 28 50 30 38 44 21 22 45 23 37 12 14 31 9 18 35 48 32 19 29 6 35 18 18 12 1 33 
22 28 28 27 1 17 28 0 12 9 37 39 11 14 43 17 31 11 11 31 12 40 5 20 48 39 6 8 11 44 32 13 27 43 
39 1 17 46 11 12 48 4 0 48 10 48 9 22 5 36 40 4 8 8 31 40 44 17 9 30 39 45 9 17 19 28 25 12 
18 26 43 50 36 50 50 34 8 0 43 46 22 40 17 1 23 22 40 24 6 47 4 46 34 9 16 23 17 39 37 30 32 23 
47 5 30 43 40 19 8 8 47 32 0 1 21 37 41 22 44 37 45 29 4 20 16 15 30 9 41 20 28 33 46 22 14 14 
50 43 13 22 30 32 21 16 48 50 22 0 45 13 23 25 1 24 2 43 1 29 3 32 40 50 35 50 49 31 25 1 11 38 
8 37 49 10 23 8 13 8 39 22 16 43 0 36 46 19 46 27 10 45 29 13 36 47 12 23 22 46 33 23 36 23 50 11 
7 6 36 27 42 2 45 30 43 40 31 16 47 0 15 39 31 4 4 16 7 32 26 22 41 38 37 1 12 30 36 4 49 17 
33 29 41 33 19 36 8 1 50 20 46 16 46 27 0 8 8 2 19 32 8 43 30 32 34 46 40 6 1 33 50 8 37 33 
50 15 36 48 49 36 19 8 7 33 7 27 25 42 10 0 44 5 29 17 22 42 24 3 48 7 38 29 30 7 18 50 12 9 
34 46 12 22 10 4 34 14 50 37 47 26 8 21 48 46 0 8 28 22 41 16 41 27 12 38 42 12 7 39 1 39 34 45 
18 42 47 49 22 46 25 34 9 42 37 7 23 50 17 31 35 0 50 41 29 21 44 43 20 50 35 19 43 27 26 50 49 14 
31 40 30 2 48 37 32 47 8 8 49 40 6 15 42 45 27 4 0 2 48 6 24 25 49 28 49 38 28 33 7 33 43 38 
44 42 10 38 29 38 14 9 32 14 37 45 30 45 20 27 48 1 22 0 48 1 9 8 16 32 25 49 49 5 15 1 25 7 
2 13 24 32 8 48 17 39 40 24 10 38 5 48 5 18 2 36 7 12 0 46 38 35 35 45 6 5 39 15 5 18 13 13 
38 28 33 47 45 40 4 6 10 12 35 48 28 28 28 45 32 3 29 45 14 0 12 15 28 39 38 3 44 28 24 35 7 47 
26 17 21 23 22 7 46 4 7 36 26 1 37 17 29 28 45 34 2 39 19 50 0 27 13 6 8 7 38 10 28 36 28 28 
1 3 12 7 23 10 46 34 42 8 26 39 27 3 21 24 17 34 41 33 19 29 27 0 40 8 17 14 1 9 44 29 1 49 
23 36 15 18 21 23 24 7 5 28 42 2 24 29 6 37 14 44 44 45 45 10 23 26 0 22 50 6 46 46 26 48 29 25 
41 4 17 7 7 46 11 18 27 14 2 35 38 34 39 9 15 45 50 36 7 4 14 14 39 0 46 22 18 28 11 30 30 14 
27 34 25 39 30 8 49 34 28 18 46 22 42 35 16 17 37 32 31 49 43 19 37 41 4 19 0 12 25 44 40 17 34 22 
21 11 1 14 21 35 37 2 3 29 36 19 43 47 11 7 1 41 29 50 31 21 9 48 35 35 11 0 47 25 40 38 2 12 
50 22 24 16 4 17 48 44 48 41 40 1 22 12 22 1 19 43 49 38 35 41 50 3 4 30 36 24 0 41 28 13 42 35 
7 43 26 38 41 48 25 32 6 34 30 19 47 13 23 40 46 6 47 39 15 27 9 22 22 12 24 31 24 0 4 21 29 49 
17 15 20 46 14 28 46 25 7 30 8 20 34 7 17 14 35 45 22 16 3 21 30 35 5 16 30 24 44 9 0 2 14 2 
21 31 48 4 44 33 29 2 15 8 48 1 2 38 6 8 18 39 9 49 13 46 47 36 35 42 48 49 22 31 48 0 28 45 
19 14 27 19 10 42 13 43 15 39 13 33 34 3 29 24 17 27 20 44 15 40 26 35 13 20 2 36 31 30 34 11 0 20 
7 34 25 29 40 9 48 47 7 49 7 34 3 2 39 20 25 6 5 29 35 31 29 38 43 6 41 40 27 13 35 6 3 0 
14 0 28 19 4 46 28 19 22 48 9 41 19 1 11 18 13 17 6 25 29 32 36 26 5 37 37 34 18 9 20 44 14 1 
32 39 0 25 21 16 30 29 36 8 37 23 39 20 42 45 23 27 11 8 11 27 21 29 2 15 17 9 44 1 13 28 15 28 
18 20 23 0 44 43 1 27 46 44 25 49 4 17 18 45 39 46 33 10 37 4 25 11 10 23 6 50 22 35 36 45 10 8 
11 2 23 23 0 29 34 10 31 15 34 47 31 48 48 49 14 6 6 31 19 29 25 44 9 13 22 37 2 6 12 9 31 40 
46 6 17 23 16 0 17 49 50 6 39 41 15 30 25 9 1 8 30 30 14 41 30 37 8 14 10 8 47 9 26 4 26 17 
42 3 42 32 41 40 0 40 33 19 24 36 4 45 34 47 29 1 48 33 29 17 49 17 19 10 9 6 9 2 42 30 36 16 
49 38 23 17 19 17 40 0 41 32 23 7 2 5 20 27 12 19 8 29 21 47 1 43 37 24 23 33 34 31 31 27 44 50 
38 46 46 25 13 33 31 43 0 39 35 27 10 18 6 39 30 48 34 35 2 15 20 49 45 37 44 47 35 6 11 2 46 13 
3 17 25 31 38 6 25 48 29 0 9 16 17 27 6 17 44 4 33 48 43 43 35 19 48 1 38 20 37 47 37 29 34 32 
47 16 39 15 50 11 28 10 5 37 0 11 33 29 10 38 30 41 2 28 4 3 21 18 49 27 30 50 36 39 1 42 31 33 
36 30 41 29 30 5 23 20 33 38 48 0 8 15 23 28 33 7 6 36 1 30 29 26 48 41 39 20 12 43 22 4 46 31 
1 44 31 47 2 12 48 5 35 21 34 21 0 42 12 8 22 4 32 45 6 30 3 7 4 43 38 42 35 12 27 12 35 2 
27 15 29 48 36 6 45 38 47 46 9 43 28 0 50 27 13 40 40 40 10 40 2 49 37 28 4 14 21 14 44 8 9 50 
19 15 48 29 24 18 27 1 19 34 7 49 11 16 0 39 15 22 22 38 23 26 12 25 17 42 21 33 42 24 25 3 39 50 
44 10 35 30 35 16 22 13 9 22 19 42 39 17 39 0 25 7 42 22 20 37 25 7 40 32 37 4 36 35 27 44 31 19 
50 17 7 5 36 38 6 16 10 17 41 7 25 4 4 44 0 18 18 34 32 19 13 20 3 45 48 48 13 37 29 33 28 38 
23 40 50 32 21 21 5 16 4 28 8 17 33 7 34 1 42 0 18 9 11 50 1 37 48 4 10 38 40 44 30 31 35 13 
20 2 14 4 13 47 48 29 17 16 35 12 37 12 42 15 12 46 0 11 24 17 39 23 4 3 29 12 34 15 22 25 47 24 
4 14 5 20 47 30 22 12 32 34 35 2 36 18 48 47 25 33 34 0 20 11 47 32 30 11 1 34 36 14 15 45 41 38 
39 34 49 37 45 15 17 40 12 35 6 38 2 18 12 14 37 40 40 41 0 28 13 8 33 26 10 47 46 36 49 18 39 44 
14 48 35 50 10 31 18 18 30 50 12 26 42 10 34 23 23 27 25 6 1 0 11 26 26 17 11 35 19 21 5 14 18 17 
44 38 21 28 15 28 10 22 23 48 14 47 7 35 1 13 24 14 22 44 34 44 0 3 22 9 33 49 46 50 48 26 37 44 
10 48 22 13 46 9 50 15 34 29 14 12 30 11 27 35 6 48 41 43 24 34 1 0 35 49 19 32 29 15 23 26 22 28 
3 48 38 29 1 28 6 22 29 50 16 39 11 29 23 23 11 44 50 35 45 21 26 47 0 37 15 27 27 22 1 12 4 43 
35 28 14 39 6 6 20 36 21 45 35 36 47 39 41 10 6 4 29 26 37 34 33 22 41 0 43 36 2 29 1 29 38 12 
47 26 2 10 34 6 39 31 50 24 26 42 12 41 26 36 18 16 48 34 28 6 2 45 42 49 0 14 20 19 7 21 17 47 
24 50 13 39 1 22 49 40 46 38 10 8 31 30 3 10 16 12 35 32 4 35 41 24 7 18 36 0 43 19 13 43 3 9 
45 38 41 13 48 18 44 50 45 33 19 42 38 12 20 12 10 3 46 37 36 44 40 10 40 32 33 37 0 7 21 34 45 8 
49 37 42 12 48 19 44 41 32 10 2 22 33 20 7 16 31 10 10 47 17 24 1 48 31 24 16 35 8 0 44 24 50 24 
35 40 26 28 50 13 34 3 46 4 34 38 39 7 13 27 21 26 12 24 49 42 25 36 44 31 24 4 9 34 0 39 37 3 
48 48 31 32 39 32 47 26 45 21 21 18 11 43 17 4 9 37 19 13 27 26 44 15 40 34 19 40 31 44 13 0 15 48 
36 41 10 32 46 33 44 15 48 4 21 5 18 34 38 7 1 1 48 21 25 26 22 5 17 42 5 13 8 46 1 9 0 6 
21 25 3 8 22 14 4 25 48 29 22 23 10 23 1 32 33 31 44 15 44 23 10 19 6 16 5 28 32 7 3 4 13 0 
49 0 48 10 36 49 29 38 44 47 27 47 50 32 7 20 5 32 25 15 8 44 12 48 15 34 3 6 9 27 43 41 27 19 
10 11 0 25 41 47 35 2 6 22 48 47 13 19 24 10 35 24 1 33 38 46 20 38 1 45 2 47 24 29 18 4 36 21 
31 22 46 0 45 14 36 41 13 2 22 14 2 2 15 30 47 25 4 43 9 40 24 41 24 25 47 45 39 29 28 5 45 11 
43 38 2 14 0 41 10 16 42 25 44 48 24 49 43 37 17 28 5 15 11 28 31 8 32 23 21 18 41 2 35 25 18 20 
42 9 28 28 33 0 34 44 28 17 15 30 44 1 26 4 9 22 1 24 41 34 33 13 31 21 42 21 43 25 40 41 20 30 
4 8 34 10 40 46 0 21 21 34 11 17 28 38 23 45 14 32 31 34 2 28 37 9 47 47 7 41 14 2 3 27 24 11 
14 47 18 20 49 33 6 0 3 20 1 22 46 3 33 20 26 29 43 10 8 19 3 18 50 38 13 33 5 8 20 31 35 43 
18 25 26 28 44 34 49 29 0 49 9 36 37 1 44 25 21 39 23 10 18 17 42 12 30 18 33 36 50 1 46 1 21 38 
3 36 9 44 49 36 10 12 29 0 20 44 32 14 37 20 9 34 19 47 21 18 27 26 14 47 10 12 48 49 28 3 8 16 
49 48 9 16 27 41 38 1 6 38 0 22 18 48 5 47 17 42 17 27 4 50 21 27 10 46 48 39 25 13 13 2 17 37 
17 15 39 11 43 8 29 10 21 12 39 0 5 46 50 5 16 31 8 11 27 4 16 28 22 50 21 30 2 13 38 44 37 5 
32 31 41 8 7 49 10 48 44 30 10 39 0 6 50 49 35 10 33 5 42 41 33 1 37 18 12 22 28 28 47 34 18 3 
50 15 19 15 8 24 9 1 29 11 37 19 33 0 45 22 32 17 4 5 39 45 15 49 31 4 41 46 28 33 21 47 47 43 
37 6 36 30 21 2 9 46 41 13 23 15 19 35 0 18 1 47 11 44 29 29 8 36 16 39 11 18 29 32 19 8 14 41 
27 47 39 37 2 47 3 47 44 5 2 27 17 36 6 0 29 27 36 10 4 19 14 29 21 20 42 11 35 31 14 22 5 10 
24 42 39 29 14 45 15 41 32 36 3 34 40 22 25 12 0 1 5 33 49 10 23 13 18 18 17 10 36 18 17 30 33 48 
18 43 45 18 50 13 42 45 13 37 29 26 38 31 20 37 24 0 30 10 39 7 50 2 30 21 12 47 35 29 24 16 7 20 
37 22 30 30 44 2 42 42 4 47 37 35 42 31 37 41 50 45 0 37 21 45 41 18 41 16 47 38 16 7 17 40 21 23 
6 1 9 41 7 30 29 18 48 3 4 16 45 29 32 11 45 29 29 0 30 37 26 46 5 39 15 48 14 27 35 38 8 16 
13 36 30 29 1 44 16 8 4 47 39 15 26 21 19 6 6 12 38 11 0 41 37 31 5 5 2 42 32 16 42 13 16 47 
50 33 44 3 33 45 36 14 22 33 30 8 41 14 45 30 8 21 23 1 47 0 25 27 6 25 24 49 2 34 43 13 35 24 
18 26 38 26 4 24 18 2 48 20 4 2 48 15 38 48 3 8 21 40 16 50 0 25 7 38 28 9 46 34 31 30 21 45 
35 23 39 7 5 4 47 6 49 50 6 24 5 27 10 12 5 31 36 42 45 8 19 0 1 32 38 27 16 22 18 18 40 33 
7 14 43 50 41 49 4 25 34 17 1 20 34 33 1 49 34 30 50 45 30 50 27 5 0 38 25 17 28 32 34 31 32 17 
41 49 14 18 13 15 32 32 18 11 42 18 32 49 5 26 17 38 39 18 46 3 7 38 39 0 12 16 33 26 43 1 36 19 
4 43 35 38 32 22 15 18 13 13 39 35 37 6 27 12 3 15 46 43 15 21 39 42 27 30 0 1 49 50 6 25 11 6 
49 29 7 20 38 36 17 24 1 33 41 18 3 2 6 40 21 24 29 5 44 5 33 4 44 12 2 0 22 17 18 7 38 29 
30 39 28 21 43 16 29 30 19 14 39 49 24 25 28 45 10 30 33 47 6 12 44 47 3 27 27 34 0 46 8 33 26 3 
40 23 13 29 20 29 9 50 26 25 42 45 6 20 38 25 27 8 39 25 42 23 18 46 31 18 16 39 46 0 34 12 32 13 
46 35 2 16 16 41 2 25 47 31 38 3 3 47 7 40 10 19 50 44 2 11 17 6 18 48 2 13 20 5 0 42 14 10 
32 10 36 36 10 11 18 38 50 46 43 31 43 29 22 9 50 36 15 12 38 11 36 18 47 48 19 39 39 6 43 0 39 24 
43 21 37 22 4 1 9 33 7 3 16 25 25 26 19 30 5 20 19 27 2 22 22 25 18 40 12 43 29 50 44 4 0 4 
7 50 9 35 37 47 35 7 30 32 9 20 43 22 22 50 10 35 36 24 12 22 22 50 12 5 14 39 17 5 8 9 13 0 
21 0 18 26 11 45 18 24 34 21 23 41 14 5 25 19 40 43 20 15 8 30 43 35 29 10 24 33 33 47 41 26 25 50 
8 23 0 4 47 39 15 17 13 40 41 50 32 36 8 30 46 49 24 35 43 1 33 29 34 48 1 22 35 41 38 31 48 16 
14 48 3 0 15 44 4 5 49 46 41 2 36 47 24 16 4 38 48 17 41 32 49 26 45 21 50 39 43 32 23 2 11 2 
16 23 11 27 0 31 6 20 31 45 6 42 27 48 1 28 6 32 3 41 14 8 35 16 22 9 45 45 16 12 17 23 40 41 
35 32 2 6 27 0 7 43 48 11 38 43 34 18 24 49 12 38 1 20 12 47 45 31 8 39 19 37 11 4 19 28 34 3 
36 14 19 26 1 6 0 47 49 17 48 47 23 39 41 21 46 5 25 17 3 28 44 40 1 45 18 8 20 32 44 42 10 10 
31 33 11 31 36 37 45 0 24 14 31 47 35 35 50 28 16 15 49 44 12 31 25 42 24 18 32 34 48 27 17 23 6 38 
14 9 9 11 16 20 38 22 0 30 15 14 44 17 10 18 31 4 17 45 48 48 30 6 41 37 13 4 4 48 47 47 9 42 
47 22 42 20 5 50 30 7 41 0 1 11 29 31 2 22 16 18 23 1 28 9 40 35 4 18 25 4 17 34 24 33 19 5 
2 21 39 27 11 49 18 16 42 7 0 29 46 13 7 11 32 39 31 25 46 31 34 7 37 39 2 31 46 14 23 17 18 42 
24 29 32 34 40 7 24 34 12 17 34 0 6 8 6 18 43 35 46 44 9 23 25 19 14 3 39 10 19 22 3 20 40 11 
4 39 29 30 49 49 25 1 13 19 17 24 0 31 31 46 14 3 29 27 24 10 19 50 10 18 31 2 47 6 12 10 48 44 
45 5 17 40 13 36 47 20 9 11 6 3 41 0 22 8 15 5 19 24 43 17 2 35 40 19 13 18 48 28 45 1 10 19 
31 37 27 29 24 40 44 30 5 1 9 44 8 28 0 10 44 33 1 43 37 5 27 44 20 28 22 1 18 50 42 14 10 47 
34 10 36 32 36 32 30 31 14 12 2 27 46 12 35 0 8 5 46 44 9 23 14 4 43 8 2 3 40 26 31 13 38 50 
48 24 18 25 13 47 20 14 7 42 15 43 43 32 10 16 0 11 46 47 20 2 24 21 7 43 25 35 29 41 6 34 50 15 
28 49 39 18 34 43 49 25 45 17 22 39 1 15 20 43 24 0 16 36 16 18 48 25 4 12 33 39 13 42 24 1 9 16 
29 16 34 22 49 27 4 49 46 7 7 49 18 42 10 15 36 17 0 41 49 34 47 30 24 36 6 1 5 36 33 21 16 14 
24 23 49 36 22 25 39 33 18 22 41 18 5 45 42 29 49 6 7 0 11 11 33 32 37 10 37 44 27 49 14 14 36 41 
36 45 19 11 29 15 43 2 16 17 26 39 7 31 12 10 26 38 28 15 0 6 3 42 42 13 27 35 32 13 34 4 9 6 
27 20 1 23 18 20 41 15 10 45 16 6 48 4 7 33 17 24 27 36 22 0 36 33 3 28 49 3 30 12 40 33 13 18 
34 30 11 11 38 9 18 37 50 46 8 26 37 16 23 29 50 46 10 28 23 34 0 41 38 48 46 20 17 11 4 20 12 4 
38 15 24 46 22 30 15 9 49 22 40 25 28 41 33 30 2 12 45 23 35 45 50 0 40 24 14 42 40 2 27 47 27 46 
22 49 2 50 33 28 16 46 20 25 12 1 13 21 5 37 37 10 42 26 39 19 43 15 0 35 23 9 38 26 8 23 25 14 
29 6 43 32 31 19 35 29 28 16 21 38 39 12 43 38 3 15 18 6 2 7 4 6 38 0 16 11 20 29 20 12 2 38 
38 34 16 13 5 7 41 8 47 12 4 23 27 46 11 16 1 23 44 6 20 12 22 3 37 45 0 16 8 15 1 8 4 19 
1 1 28 28 25 49 8 27 49 5 46 50 34 12 20 1 5 28 48 19 47 18 26 12 13 27 11 0 42 33 43 47 4 50 
4 26 46 34 38 26 25 36 29 22 7 27 3 3 34 46 8 10 23 11 35 22 34 26 16 16 49 38 0 17 44 6 9 43 
50 31 36 25 17 18 3 24 34 18 47 19 36 11 24 28 46 26 34 25 43 16 32 43 21 18 23 28 37 0 19 36 16 49 
34 3 23 48 22 42 43 20 38 2 5 37 7 31 5 25 11 21 19 23 34 50 35 49 44 5 49 46 26 37 0 15 33 32 
20 3 8 2 31 25 35 41 6 6 14 28 6 14 38 18 3 27 49 17 44 16 35 18 24 4 18 43 48 45 1 0 37 22 
6 37 29 47 24 30 47 35 32 29 44 22 22 38 41 12 28 23 11 17 16 38 5 18 40 28 27 7 42 44 11 6 0 28 
6 1 28 10 21 30 47 2 33 12 37 41 47 3 16 28 31 20 22 41 21 6 18 32 11 8 46 4 40 43 38 18 39 0 
44 0 16 38 13 2 7 44 14 15 34 27 18 28 44 26 11 30 12 24 40 16 7 1 34 47 50 14 34 44 12 40 24 20 
2 3 0 37 29 15 29 13 28 27 6 23 42 14 33 14 20 43 11 32 15 29 24 38 16 4 17 3 44 10 21 4 44 3 
49 26 41 0 39 33 16 33 12 12 39 2 28 42 33 17 50 14 2 2 9 10 41 29 16 22 25 48 27 20 19 7 3 29 
40 15 7 24 0 32 10 45 50 3 18 35 36 38 13 35 36 44 46 19 3 35 43 9 48 25 18 8 18 6 42 43 33 50 
49 3 18 10 27 0 33 42 7 10 7 24 44 30 34 13 14 41 26 23 38 1 45 47 7 10 49 14 3 28 44 11 25 3 
37 39 10 17 26 18 0 14 28 46 26 36 35 4 46 34 45 5 15 17 21 45 49 5 6 11 1 28 19 39 30 16 47 49 
41 43 45 4 47 16 9 0 10 11 5 19 12 23 6 4 31 9 23 29 45 4 9 38 35 4 7 26 40 45 39 17 10 40 
36 14 3 40 42 9 50 8 0 12 35 45 36 45 39 45 25 39 31 7 37 2 46 33 5 11 50 40 40 20 15 22 39 10 
23 37 43 2 42 18 15 30 37 0 43 25 44 49 10 19 31 16 6 9 10 23 38 41 32 48 29 42 19 10 39 48 13 7 
27 23 3 3 24 48 14 43 8 15 0 4 8 12 12 40 22 9 4 9 14 29 37 35 46 12 4 13 26 47 20 49 45 12 
38 22 38 17 29 43 9 45 18 16 24 0 38 24 37 18 3 47 1 35 39 50 28 41 38 7 42 20 36 39 47 38 17 9 
46 25 40 3 6 31 12 1 19 12 22 11 0 9 38 18 45 23 50 19 14 7 13 10 32 50 10 38 23 23 7 22 28 8 
29 28 12 28 50 42 21 23 39 31 17 20 28 0 48 4 2 41 16 47 19 3 2 34 15 9 4 46 43 39 28 12 41 44 
4 30 10 6 18 24 9 49 41 19 32 43 13 23 0 13 34 22 33 42 25 9 5 28 45 47 20 47 46 28 35 12 19 27 
26 24 18 45 46 24 43 39 21 12 34 2 23 46 31 0 34 9 18 45 21 16 35 49 3 15 9 48 27 13 22 7 7 13 
17 37 50 45 40 26 10 50 36 39 44 44 44 25 24 17 0 13 19 17 17 49 11 42 25 15 30 38 26 16 27 50 5 27 
39 7 9 32 39 20 43 36 22 31 46 6 10 21 35 24 11 0 1 3 41 41 15 6 46 25 31 11 39 34 34 10 40 39 
17 6 19 15 35 25 50 24 31 27 31 46 20 6 9 4 2 6 0 27 47 15 37 24 1 14 8 9 9 5 2 39 22 6 
17 44 16 16 10 27 26 3 17 11 38 26 50 6 25 2 35 33 29 0 34 44 25 31 32 19 2 28 17 41 20 29 39 9 
41 3 13 44 38 43 30 1 45 48 26 36 26 15 2 34 8 20 20 11 0 39 13 42 13 34 48 8 49 10 13 48 32 50 
17 10 4 13 9 48 41 49 33 50 28 5 47 43 38 26 33 34 1 10 29 0 21 28 11 50 10 41 35 31 41 32 1 45 
37 9 5 49 21 49 23 30 12 6 14 15 9 38 5 21 23 27 29 47 23 21 0 46 33 43 14 50 8 6 19 43 18 27 
11 10 35 33 28 13 35 29 31 18 16 14 47 42 22 36 15 8 14 4 4 22 16 0 13 23 7 8 50 16 24 44 14 47 
38 48 28 20 39 46 15 45 19 43 4 31 19 46 22 28 22 42 11 29 14 24 39 44 0 22 10 21 5 35 13 7 24 3 
17 10 44 44 16 26 13 50 9 35 30 13 33 4 11 36 23 45 32 33 35 33 14 9 35 0 49 29 25 10 10 7 36 30 
28 2 37 28 34 6 16 49 29 6 40 10 31 40 6 10 19 12 19 25 41 18 35 46 36 10 0 18 48 38 40 49 29 44 
34 5 3 25 9 40 39 17 35 6 28 25 50 4 10 23 15 41 49 38 12 39 11 18 41 43 24 0 38 18 11 39 7 11 
16 48 35 4 36 11 23 31 9 7 12 7 21 36 7 9 26 23 50 1 42 33 45 45 36 35 17 16 0 2 49 25 18 22 
15 34 6 25 19 30 31 26 8 4 33 49 11 20 7 18 29 43 38 40 6 20 34 3 41 19 1 45 7 0 29 10 32 45 
35 7 3 1 35 7 44 19 26 35 29 13 46 25 16 10 49 23 7 37 28 17 45 50 3 34 1 30 36 19 0 29 44 1 
4 26 13 5 17 45 36 45 21 30 35 5 41 45 44 36 36 9 7 4 46 18 19 12 3 48 2 7 15 33 7 0 6 36 
13 43 49 3 6 32 28 22 42 7 37 11 45 13 39 7 44 1 11 23 41 6 36 8 1 2 20 44 29 31 38 24 0 30 
20 29 3 46 34 30 27 29 32 4 11 32 2 8 36 13 1 21 33 46 34 45 7 7 41 2 4 13 35 43 12 19 14 0 
31 0 26 35 36 11 11 21 35 44 9 2 26 26 49 45 34 31 29 10 6 28 46 26 22 47 5 32 27 15 44 40 43 42 
19 22 0 33 1 28 40 11 12 12 40 36 6 32 16 3 10 29 5 15 2 14 36 36 1 14 40 7 29 45 21 1 20 10 
34 8 28 0 12 34 3 40 50 45 17 7 40 17 15 40 29 18 36 39 26 41 29 34 36 33 38 38 34 32 17 42 40 17 
46 49 8 25 0 48 46 2 26 2 19 19 30 11 47 25 17 1 27 35 12 45 20 5 24 43 30 46 16 6 19 28 26 17 
23 22 17 32 5 0 21 41 38 50 39 11 15 7 22 42 13 18 32 41 7 28 23 27 44 35 33 19 50 37 20 34 41 44 
13 39 26 9 35 47 0 7 45 25 45 31 44 9 36 8 5 3 39 38 38 19 40 1 46 23 48 22 2 41 1 31 6 20 
22 45 34 16 5 33 35 0 35 13 3 28 46 1 26 48 11 46 34 31 47 4 26 23 38 31 36 38 25 5 4 24 15 26 
25 38 42 25 39 49 7 3 0 3 6 38 24 50 23 22 25 42 46 18 50 10 17 46 22 46 36 19 46 11 30 9 29 14 
21 26 39 7 37 7 35 25 44 0 1 21 36 15 31 13 16 1 14 9 7 15 17 9 42 20 30 4 30 11 43 23 47 9 
10 30 47 33 18 5 39 33 25 16 0 16 26 37 31 5 6 30 10 17 1 23 50 4 18 48 37 8 3 6 14 2 28 24 
28 6 2 16 34 33 9 21 24 40 2 0 43 16 33 49 50 24 32 33 7 47 36 11 26 30 36 32 48 36 28 12 14 39 
3 9 26 4 40 46 28 9 31 49 10 3 0 26 32 4 9 4 32 32 20 22 28 42 45 26 37 48 2 11 35 47 29 38 
5 13 25 23 46 34 36 6 48 17 37 1 24 0 4 4 28 40 33 46 30 45 17 26 17 31 29 4 49 26 49 46 3 32 
15 22 19 30 36 9 49 46 15 25 11 6 44 2 0 34 45 25 22 3 2 50 44 38 38 8 43 18 31 38 30 49 21 35 
20 9 33 35 48 4 25 48 34 30 43 15 12 37 27 0 20 4 2 28 44 2 33 22 34 32 23 44 41 18 9 35 26 41 
21 25 44 1 10 28 18 28 5 16 14 46 24 46 6 41 0 11 35 29 22 27 34 38 38 50 4 25 10 34 30 26 46 18 
25 41 13 34 20 44 24 10 16 47 17 8 38 9 27 39 1 0 8 24 6 4 14 38 37 6 2 7 3 8 45 25 41 19 
29 50 6 43 7 42 41 5 12 12 37 22 30 12 46 49 22 33 0 23 2 40 14 11 4 26 29 19 37 22 2 22 23 26 
40 10 10 22 46 45 17 34 2 43 3 2 16 26 40 12 5 37 12 0 3 40 29 16 39 2 18 29 23 4 34 10 41 15 
46 41 2 37 27 27 39 7 19 39 22 9 2 11 3 29 26 18 16 10 0 20 37 12 45 21 20 29 16 44 30 18 33 12 
37 20 36 38 26 28 11 24 47 21 40 44 30 1 7 26 44 29 17 45 31 0 45 10 30 8 16 7 48 23 13 40 22 39 
47 16 41 17 41 50 40 6 37 24 16 22 1 42 20 22 41 50 1 2 39 32 0 43 11 7 31 11 21 13 1 34 32 19 
6 33 35 17 9 4 30 27 39 45 22 44 8 7 24 38 26 33 14 39 20 1 16 0 23 31 11 11 39 19 43 36 41 34 
3 46 9 35 6 32 47 21 25 50 37 22 17 49 25 37 34 37 18 20 43 49 5 17 0 13 37 49 44 41 9 47 10 31 
11 6 12 15 3 21 2 18 18 46 2 30 2 14 13 36 2 36 6 18 21 41 5 41 43 0 23 20 34 4 31 16 3 28 
41 7 44 14 23 31 17 17 3 25 3 4 38 11 23 36 8 39 24 41 42 11 20 1 21 23 0 31 2 19 15 38 30 49 
3 12 8 20 23 30 5 40 2 19 16 2 38 5 12 48 48 46 42 43 13 36 30 38 43 43 50 0 1 15 49 39 38 23 
5 35 50 15 17 35 9 19 1 41 43 4 50 34 18 19 5 21 19 47 38 37 17 32 21 27 30 31 0 5 25 3 30 29 
29 33 21 13 33 31 11 33 25 12 46 38 34 44 10 32 33 11 29 20 41 36 19 18 19 45 41 6 29 0 15 26 38 13 
25 21 2 48 6 23 40 8 15 13 25 22 44 37 34 21 49 22 15 25 11 39 43 14 3 45 38 41 6 4 0 11 36 9 
26 10 23 9 35 27 39 39 13 27 24 45 47 25 9 7 35 31 43 12 13 3 37 28 38 46 12 36 50 2 11 0 3 40 
14 19 27 11 13 14 46 27 37 49 12 20 20 6 20 29 34 22 24 18 25 46 24 23 45 21 40 16 4 40 11 17 0 21 
5 34 7 33 47 23 17 48 36 27 5 25 9 19 40 42 8 16 31 38 36 15 18 45 4 16 42 25 30 24 48 38 46 0 
49 0 15 23 13 46 38 49 7 20 40 19 20 48 37 2 1 24 47 25 31 29 36 40 16 13 29 31 31 42 18 12 30 17 
30 10 0 5 17 29 12 28 32 31 16 26 50 26 6 30 41 25 7 28 23 7 17 13 25 8 1 18 8 19 15 3 28 40 
3 19 27 0 48 34 45 35 48 49 48 21 15 17 37 23 2 41 18 12 35 7 10 13 47 30 10 29 44 20 13 17 14 49 
10 23 38 3 0 43 41 13 43 26 8 20 43 11 41 15 45 6 29 48 41 43 33 43 6 31 19 25 17 41 28 36 32 8 
16 7 14 36 50 0 48 27 50 43 31 2 44 5 19 19 14 50 15 35 19 23 6 27 30 32 22 24 17 46 2 49 23 38 
36 45 35 1 9 7 0 31 21 42 1 3 42 13 27 50 7 3 42 14 2 13 36 10 30 35 5 28 25 11 4 42 32 30 
7 20 25 34 14 41 8 0 5 49 31 6 25 39 20 46 25 11 44 11 36 21 25 1 35 6 16 5 30 7 11 39 10 21 
12 6 8 26 23 39 1 6 0 47 15 5 5 5 46 35 32 50 1 11 31 47 9 32 19 40 29 48 37 29 49 38 43 47 
5 28 14 39 50 38 5 10 31 0 25 10 46 31 1 21 20 48 7 10 28 29 25 3 24 39 36 44 42 15 28 48 27 12 
8 1 19 22 44 1 13 7 22 17 0 35 22 24 10 29 28 17 32 43 29 16 19 30 25 40 1 14 44 14 46 3 27 34 
34 23 50 2 49 5 7 48 22 7 9 0 19 3 15 27 16 14 48 47 6 49 47 40 21 45 32 43 37 19 44 27 14 8 
39 40 37 29 26 19 28 36 31 44 12 22 0 6 38 36 38 29 50 48 7 22 35 37 33 30 8 17 12 21 29 29 31 46 
12 14 26 40 37 39 30 20 21 18 4 29 49 0 39 45 7 49 41 44 30 7 36 4 3 4 50 19 2 16 15 3 16 32 
27 45 25 11 48 42 12 18 38 2 17 34 5 31 0 20 23 5 23 39 35 1 39 26 10 23 37 37 21 28 4 6 16 38 
47 23 44 20 47 1 49 33 12 19 35 38 19 49 20 0 49 30 12 43 14 32 31 38 19 15 39 12 5 41 41 35 47 2 
47 9 8 26 3 8 22 40 2 40 20 42 23 4 38 18 0 22 49 42 13 3 7 16 35 26 6 9 40 44 42 22 35 39 
37 23 40 13 24 27 4 22 24 30 42 19 28 43 35 24 38 0 20 43 43 34 49 40 43 24 50 48 50 32 47 10 18 36 
3 37 32 48 6 48 22 39 41 29 27 24 17 48 13 24 16 6 0 23 30 43 5 38 33 47 39 24 30 4 40 28 21 24 
34 25 7 4 26 33 23 21 5 44 21 14 20 7 3 35 27 17 41 0 38 39 43 49 50 49 1 17 24 42 35 2 2 7 
1 34 23 7 21 41 24 50 9 39 12 17 20 28 33 22 45 28 24 37 0 33 36 41 27 8 6 25 17 50 30 20 42 20 
7 19 24 30 29 6 27 18 38 31 5 37 33 29 23 34 2 47 7 29 15 0 24 15 44 47 50 15 16 7 1 30 19 20 
47 14 9 9 42 17 22 48 20 46 6 36 40 25 27 2 33 48 33 13 14 6 0 33 5 31 34 30 41 11 11 38 1 37 
18 36 15 14 26 10 31 35 31 45 29 10 9 7 25 39 14 25 3 47 6 7 42 0 31 5 29 9 37 32 37 9 9 5 
49 23 40 12 39 8 38 3 28 33 11 5 45 22 28 6 3 48 37 35 5 31 11 45 0 35 10 47 2 44 4 45 37 20 
6 10 35 36 27 26 18 16 45 29 24 32 26 11 7 32 32 29 39 23 25 50 19 12 45 0 28 30 11 36 9 25 38 25 
35 39 13 43 20 27 23 20 19 11 3 38 13 9 49 41 21 12 26 7 14 46 7 42 23 41 0 49 47 7 30 36 4 36 
7 42 23 45 39 12 2 16 4 6 40 16 25 32 19 31 21 16 48 49 32 12 39 33 22 21 30 0 28 27 13 40 25 49 
2 7 18 26 46 33 50 24 41 10 41 17 26 49 9 30 16 36 15 39 6 4 46 3 41 23 19 33 0 25 40 41 16 15 
18 23 26 2 6 25 33 48 26 42 2 48 16 47 22 21 48 12 28 26 37 44 48 11 15 36 24 15 18 0 50 1 20 26 
2 8 26 33 28 11 11 32 42 30 13 45 5 25 27 47 12 27 29 14 41 29 25 26 16 38 20 2 19 30 0 27 41 33 
23 15 39 47 39 21 1 17 44 46 14 35 17 10 12 47 19 6 24 23 6 35 24 34 50 18 41 41 10 14 12 0 4 22 
13 33 11 39 50 24 7 28 48 48 34 11 41 49 29 8 6 1 24 4 19 27 39 41 5 47 21 30 10 7 30 34 0 11 
13 5 28 2 9 19 33 17 45 9 38 40 24 10 20 13 34 5 14 39 1 4 36 45 20 34 4 4 27 18 41 19 1 0 
1 0 28 45 1 7 48 32 42 37 24 19 2 1 32 38 2 18 27 3 16 46 10 10 19 34 32 25 16 29 41 27 18 20 
40 23 0 32 25 12 27 8 32 47 14 31 18 43 19 3 16 3 9 42 38 3 6 41 19 27 18 26 23 17 13 46 47 2 
33 12 9 0 6 27 7 1 46 35 49 46 29 2 41 13 22 50 27 32 36 30 17 35 33 14 49 44 2 35 16 35 19 35 
17 11 8 45 0 10 26 3 41 43 18 7 45 41 25 28 13 2 18 37 15 11 22 16 27 26 43 28 13 50 12 20 15 28 
45 36 30 6 28 0 40 1 29 45 38 50 28 38 24 24 17 40 34 48 49 5 24 45 46 32 19 18 49 41 42 32 49 43 
17 46 40 48 7 24 0 28 36 36 16 35 17 49 38 20 5 46 11 29 22 16 24 22 41 34 25 9 23 3 39 4 7 1 
36 22 28 35 19 33 10 0 21 13 20 8 11 30 33 31 48 44 46 32 3 28 27 44 25 49 15 33 16 6 34 47 13 29 
16 14 17 43 20 27 28 19 0 2 4 5 14 31 4 42 28 25 9 43 23 4 23 9 28 3 37 5 50 45 15 30 23 46 
32 14 20 15 6 25 19 4 35 0 27 24 39 12 18 11 42 38 32 25 5 40 26 43 6 40 40 33 23 29 25 37 25 33 
18 50 40 23 14 19 34 25 19 20 0 47 35 39 42 20 44 9 7 34 5 18 6 7 22 14 26 17 42 47 26 10 40 50 
7 44 19 22 19 24 13 41 31 21 6 0 47 21 1 48 14 29 20 19 3 20 15 13 43 19 9 39 3 43 28 44 10 7 
36 33 49 1 23 40 34 22 14 38 35 1 0 25 44 25 19 28 18 6 42 37 30 43 32 27 3 10 36 10 49 3 28 47 
40 35 19 50 13 7 31 36 32 7 27 28 42 0 44 16 14 35 15 11 39 19 20 7 41 17 25 20 30 48 13 15 36 8 
5 36 9 7 19 16 11 26 7 6 24 16 4 35 0 9 45 22 25 35 43 39 28 20 29 28 33 39 37 1 38 20 42 42 
21 37 9 8 8 17 50 50 13 13 15 33 25 13 40 0 12 36 27 38 31 44 19 28 17 30 29 36 27 24 26 20 37 33 
24 34 49 1 37 14 9 36 43 26 16 5 47 4 21 49 0 26 15 11 32 11 49 2 10 43 29 29 31 23 26 38 44 29 
1 2 30 42 12 49 14 30 46 1 43 13 12 33 26 16 29 0 49 11 9 5 22 26 33 40 8 9 36 29 13 18 39 22 
27 46 3 42 7 15 16 48 3 16 48 9 47 32 46 4 16 44 0 28 28 35 24 29 26 47 3 4 41 28 1 33 34 5 
41 35 38 24 25 23 34 45 12 3 7 28 24 43 27 14 32 14 20 0 41 11 38 4 17 27 45 4 12 26 20 2 33 15 
5 7 47 9 30 41 22 44 33 23 22 23 48 24 11 27 28 47 38 14 0 44 44 4 32 21 47 31 19 23 20 43 1 24 
13 19 37 31 5 3 23 49 47 29 15 32 45 29 22 44 36 49 24 14 20 0 22 11 4 15 39 34 11 3 21 14 31 21 
49 36 5 25 46 23 45 16 16 47 16 39 50 26 19 10 26 38 21 20 38 5 0 42 9 34 16 17 20 12 46 26 15 35 
12 46 44 17 20 40 26 30 48 5 26 46 15 16 13 15 2 28 34 43 12 34 45 0 44 47 42 31 7 25 4 20 21 1 
5 39 31 25 43 7 49 45 41 40 1 17 13 19 50 5 5 11 18 43 23 24 28 2 0 50 21 28 9 20 5 45 35 5 
46 10 27 33 41 10 22 36 49 22 45 44 28 35 23 31 2 21 44 2 29 29 32 11 29 0 25 23 29 40 26 36 46 17 
13 17 9 24 23 14 1 47 7 24 3 34 9 23 37 6 28 18 34 1 33 26 18 29 17 4 0 17 38 44 46 24 36 50 
28 16 18 15 8 30 8 43 6 22 5 30 28 21 2 36 24 12 8 3 45 34 37 49 30 7 19 0 48 14 3 11 1 17 
35 31 8 19 42 21 38 27 8 27 4 14 50 39 34 15 2 21 34 16 33 5 44 29 20 35 1 12 0 10 30 4 12 4 
13 44 40 45 18 33 42 20 27 38 8 33 35 31 19 36 34 13 33 27 36 35 30 38 29 49 7 20 27 0 17 29 24 43 
11 38 46 44 20 34 39 43 47 7 17 37 47 35 4 33 26 27 17 21 35 18 29 14 2 16 20 26 22 43 0 10 9 34 
41 25 44 23 42 14 29 45 35 39 28 13 2 33 14 4 38 1 41 12 3 9 43 9 32 42 4 15 14 21 4 0 47 8 
3 6 11 11 10 35 14 38 27 50 30 1 1 1 34 6 22 35 42 20 48 31 33 32 35 41 50 10 15 32 15 35 0 32 
6 50 27 4 44 28 17 27 25 27 9 14 9 32 42 21 10 42 36 12 28 11 22 24 30 26 19 35 4 24 45 36 45 0 
20 0 46 2 8 2 29 7 26 43 24 5 24 18 26 10 9 39 5 41 29 24 4 45 29 3 25 18 10 32 23 1 32 23 
20 40 0 37 41 14 8 13 30 37 35 38 17 50 12 50 10 27 15 19 5 8 22 16 1 23 5 28 11 48 44 20 23 23 
2 49 37 0 23 19 26 48 28 49 37 20 7 12 3 13 19 50 6 8 33 27 15 49 25 36 18 9 31 2 32 43 15 16 
45 49 13 14 0 37 8 40 22 28 9 35 46 44 12 2 15 43 48 38 13 41 46 37 1 13 38 1 17 17 27 18 45 6 
42 17 4 1 5 0 14 49 19 11 50 7 15 29 42 6 8 16 9 35 5 3 25 49 13 13 1 49 8 23 5 2 42 40 
41 3 45 48 15 38 0 34 40 44 30 47 30 37 34 47 45 10 2 18 33 40 4 17 19 42 38 5 15 41 47 7 49 15 
25 39 40 12 10 2 21 0 1 16 9 46 3 33 27 17 3 13 14 4 34 9 1 37 36 27 7 27 34 20 49 48 23 48 
16 13 46 7 34 50 1 47 0 33 25 45 22 16 10 12 38 13 29 33 4 15 7 24 2 5 35 4 25 37 32 17 12 23 
6 18 15 22 46 29 14 3 37 0 27 27 43 14 11 48 15 47 7 21 15 20 33 9 39 45 3 49 47 26 10 1 8 33 
50 11 42 48 16 17 50 20 1 29 0 30 48 9 41 25 7 11 41 25 47 48 4 23 9 26 28 44 30 17 28 27 26 19 
10 15 50 6 17 31 41 21 45 19 5 0 30 42 36 13 25 41 15 20 27 12 36 46 39 34 23 39 24 21 4 23 2 5 
30 49 26 25 1 44 10 34 26 3 35 18 0 30 35 42 31 6 27 14 8 49 7 25 19 12 23 45 43 18 1 42 47 4 
25 12 37 37 1 40 22 11 43 37 33 12 21 0 4 38 47 43 15 28 10 44 6 23 25 8 13 29 49 18 17 26 12 39 
15 5 23 6 45 6 37 42 48 7 21 42 7 42 0 19 8 46 25 36 14 37 10 20 40 12 30 38 11 23 43 27 11 22 
24 7 50 15 42 49 10 41 19 47 50 3 34 1 22 0 11 42 23 42 40 48 2 5 36 34 44 15 19 27 20 5 30 10 
21 34 36 19 43 4 27 27 24 19 14 20 37 29 29 16 0 1 31 21 35 21 24 22 2 14 32 48 34 42 15 49 42 20 
43 14 17 37 42 50 19 16 14 24 34 41 17 47 16 37 3 0 26 39 35 46 40 47 12 34 6 12 6 43 36 10 20 22 
50 44 15 12 30 9 32 2 20 8 50 38 11 48 35 33 48 40 0 39 11 7 25 4 17 5 4 37 38 13 23 28 15 15 
19 17 3 1 25 23 18 7 34 26 33 47 25 23 8 28 24 46 47 0 22 10 16 25 41 48 8 27 22 44 39 47 30 36 
24 43 31 32 33 24 17 21 4 24 50 21 21 31 32 30 11 40 28 32 0 43 5 4 43 13 3 18 47 46 13 45 30 4 
12 1 31 27 47 42 23 31 1 6 42 26 20 28 27 46 43 34 50 20 48 0 43 19 39 39 19 30 7 21 26 41 30 21 
18 10 31 1 3 15 48 6 2 42 50 13 18 43 25 41 2 3 30 45 10 6 0 19 32 42 39 28 12 16 10 26 15 13 
6 3 19 46 45 41 19 3 15 47 1 20 27 22 27 5 16 19 23 12 35 11 13 0 42 50 10 14 38 36 40 42 17 36 
1 13 41 7 46 7 13 11 43 46 10 18 13 16 18 1 8 1 41 3 3 28 45 41 0 28 47 35 27 32 17 25 5 35 
35 27 9 37 49 21 12 11 2 43 15 3 24 38 44 47 37 29 40 1 14 33 23 18 50 0 29 49 23 36 30 27 21 5 
33 28 40 9 14 9 30 29 43 2 36 31 38 4 10 42 31 45 38 36 5 21 3 4 42 37 0 20 22 40 25 22 16 44 
49 42 10 5 38 24 21 10 22 22 31 38 37 13 26 40 31 5 35 39 36 1 13 26 36 17 27 0 40 8 40 18 30 20 
37 40 13 1 37 44 22 18 27 33 49 22 17 6 25 44 33 9 20 38 28 9 48 29 34 19 21 47 0 31 2 33 5 1 
18 1 23 14 40 45 12 14 22 9 19 14 5 20 12 3 46 26 31 48 43 43 28 43 34 17 19 23 26 0 37 26 50 45 
22 49 5 2 31 44 15 9 24 6 1 29 16 30 49 10 44 36 27 3 8 8 25 23 31 30 23 26 40 39 0 35 34 19 
20 33 21 7 1 15 32 16 40 19 37 28 14 19 37 20 13 32 1 50 48 38 14 25 33 22 2 22 40 19 36 0 22 17 
11 47 47 28 3 44 22 45 38 18 39 39 45 18 11 36 6 27 8 34 35 22 32 20 47 25 30 13 11 27 21 34 0 16 
12 3 23 41 42 11 38 30 5 11 20 25 36 38 5 41 36 34 42 29 38 33 39 15 27 32 29 15 9 35 11 48 6 0 
24 0 34 15 39 46 15 17 20 5 31 12 12 46 12 37 25 23 25 44 30 6 28 29 14 8 14 11 32 24 21 20 50 23 
19 13 0 5 40 2 41 19 26 9 34 3 28 3 32 21 43 40 37 11 18 19 1 46 5 1 31 32 4 36 47 34 11 12 
40 27 49 0 32 36 21 35 25 5 47 45 27 37 6 32 41 39 34 35 9 32 5 19 17 50 40 21 9 16 40 13 50 42 
16 14 6 22 0 11 5 16 27 44 14 4 2 29 15 26 50 14 47 13 50 3 30 35 8 32 33 46 50 26 10 15 35 45 
36 21 42 27 19 0 29 30 20 33 39 41 16 16 22 25 46 9 2 44 1 50 39 36 29 48 41 29 9 16 1 34 50 20 
7 43 45 35 24 46 0 19 33 31 20 42 45 42 17 11 22 5 18 8 21 34 46 47 35 14 29 29 50 21 4 32 5 41 
47 9 29 31 11 36 7 0 26 18 20 20 45 35 6 25 18 38 11 34 27 29 36 12 47 11 21 45 17 19 12 27 39 37 
4 46 8 33 41 44 32 1 0 46 16 26 28 40 29 24 4 33 34 43 49 29 13 11 48 32 21 41 41 40 7 7 43 31 
9 32 11 17 36 47 17 2 26 0 34 21 36 20 21 43 22 14 37 29 34 40 9 42 36 10 1 21 4 42 12 39 10 34 
47 32 48 13 38 47 38 27 47 3 0 29 41 12 13 50 49 20 27 21 29 9 42 1 40 26 7 35 26 13 11 15 45 11 
3 24 40 45 9 27 40 41 8 44 6 0 13 45 48 38 21 6 22 35 19 32 25 6 32 9 38 31 12 12 14 37 39 35 
30 10 40 11 4 12 1 31 38 1 48 45 0 28 31 10 48 6 7 39 30 27 30 28 18 9 37 21 46 29 30 45 7 18 
29 16 39 49 11 3 11 35 38 44 25 8 37 0 31 8 22 15 7 7 48 9 8 50 33 22 3 18 41 5 3 8 7 42 
28 50 15 21 49 45 5 29 46 40 36 4 11 22 0 6 14 25 14 24 38 10 9 21 17 6 27 9 35 20 30 35 36 18 
17 10 32 43 1 16 12 2 19 14 19 14 30 12 31 0 12 28 30 40 35 19 32 20 29 49 16 23 37 21 10 16 5 1 
36 45 13 25 21 25 48 12 37 41 45 2 3 27 16 28 0 23 42 50 46 2 50 35 40 3 45 36 44 26 32 10 48 14 
14 44 17 19 38 7 6 42 24 33 42 25 27 46 39 7 9 0 48 18 17 10 50 37 11 23 22 27 40 5 37 5 32 48 
39 40 33 49 10 35 36 45 5 28 17 43 16 26 49 47 37 17 0 34 42 32 5 15 8 7 46 16 31 16 37 38 28 10 
27 39 7 7 9 50 14 33 22 5 22 21 18 8 47 29 44 19 20 0 22 41 17 34 26 26 43 14 19 5 29 18 41 39 
34 39 37 42 41 29 18 21 9 10 50 44 38 39 39 20 2 23 19 18 0 7 20 11 6 32 31 16 37 45 28 43 37 31 
32 35 19 10 37 4 40 3 1 32 8 34 32 39 4 26 50 3 7 50 24 0 32 15 29 32 11 10 13 32 27 32 17 13 
13 6 5 20 11 16 19 29 16 7 38 3 22 50 43 12 11 46 25 37 38 8 0 1 21 41 28 27 45 28 22 25 1 41 
21 20 33 50 6 39 38 38 21 8 26 27 26 11 11 17 1 21 32 7 31 26 6 0 6 35 30 34 40 25 2 44 32 38 
12 1 31 11 13 6 7 38 49 17 50 25 44 15 18 16 28 27 2 44 44 11 46 15 0 27 15 27 5 49 14 20 15 44 
39 14 10 31 6 39 15 25 20 33 9 6 31 41 15 16 24 47 26 43 39 45 2 6 17 0 34 48 30 2 40 36 48 36 
32 5 2 9 36 22 39 37 20 25 29 37 9 47 25 12 40 25 17 45 22 5 45 13 4 15 0 23 41 36 23 31 47 12 
21 50 36 13 8 39 25 38 6 20 20 23 20 8 38 24 18 13 15 20 3 14 27 11 40 5 21 0 50 48 2 47 44 32 
25 39 47 39 49 32 36 42 8 16 36 25 40 35 7 36 17 18 10 16 28 9 7 24 26 24 3 18 0 26 40 5 23 27 
42 45 20 41 36 19 32 29 29 46 49 42 36 1 21 15 14 32 35 38 29 5 16 32 24 13 26 29 18 0 16 18 12 13 
49 48 40 37 45 32 49 28 38 50 13 9 33 40 24 33 4 12 9 20 36 48 38 29 39 17 24 44 3 11 0 13 29 37 
29 38 3 31 28 19 1 36 10 41 5 4 24 42 23 3 47 15 4 10 42 28 1 11 12 49 28 8 6 25 27 0 37 35 
22 4 3 21 2 27 43 9 35 26 7 33 26 15 26 1 41 7 47 9 20 46 2 37 42 19 29 41 43 31 35 15 0 18 
19 3 39 21 32 45 38 11 1 8 2 44 29 37 35 3 8 15 19 31 28 16 26 2 17 30 33 49 2 17 5 42 43 0 
15 0 7 13 38 31 9 12 10 49 19 39 1 43 13 33 44 39 35 16 17 35 40 4 27 37 4 3 12 39 9 35 4 10 
1 15 0 30 23 15 28 6 7 21 30 48 38 2 24 17 1 5 14 32 39 26 9 25 4 36 2 27 7 1 21 40 34 35 
41 42 49 0 4 22 24 7 10 10 14 10 6 39 35 31 36 12 34 46 3 15 35 43 40 26 37 14 2 50 7 1 41 15 
3 11 32 18 0 48 34 40 25 30 16 46 15 49 47 17 46 21 39 37 44 31 21 7 50 10 28 35 11 6 10 3 14 20 
42 36 25 50 18 0 15 1 6 29 36 19 48 25 28 40 48 6 29 19 14 47 34 33 5 32 9 20 49 30 19 20 14 32 
46 7 12 43 47 3 0 24 37 39 3 35 38 3 36 50 46 13 1 31 35 1 24 8 4 20 18 10 45 3 26 10 17 6 
16 29 22 29 6 9 27 0 45 27 9 32 48 18 30 23 20 4 17 19 39 29 32 23 49 8 23 30 43 29 35 13 44 19 
33 38 7 29 17 8 43 5 0 40 24 15 27 6 3 38 37 26 49 10 41 28 27 34 7 23 21 33 29 34 16 43 46 39 
29 35 43 17 42 37 9 26 34 0 40 9 8 23 3 20 43 7 4 36 4 3 42 6 5 50 7 46 26 14 22 25 31 20 
39 27 18 46 21 34 13 1 16 44 0 38 25 50 1 19 13 37 27 13 8 43 36 38 30 38 17 36 41 34 12 13 16 29 
38 34 26 2 47 37 21 23 4 38 48 0 19 30 1 6 28 13 28 45 13 24 28 3 40 39 8 4 49 23 17 4 32 23 
47 12 17 43 12 40 41 42 35 40 49 41 0 11 9 17 30 13 22 35 18 3 6 11 32 37 13 40 34 22 1 37 34 16 
47 34 39 40 36 2 38 4 21 39 39 4 50 0 29 50 37 19 10 46 19 14 20 42 1 35 6 49 1 8 20 35 3 16 
25 15 25 28 41 28 20 47 15 33 17 23 29 38 0 35 41 47 4 42 41 15 3 27 43 39 5 30 3 38 47 1 5 36 
39 25 14 25 9 29 32 26 23 50 37 25 29 7 19 0 14 11 11 17 43 13 1 23 38 33 40 36 49 18 9 18 33 13 
38 40 13 21 16 38 25 10 16 43 3 41 18 11 48 11 0 40 28 36 34 12 24 39 3 27 42 20 43 34 9 14 32 5 
13 41 18 6 43 45 24 43 33 47 8 20 48 15 30 38 38 0 28 32 33 49 1 15 2 11 45 24 19 32 27 7 30 21 
37 6 20 31 6 47 34 13 42 29 27 31 34 29 28 40 6 46 0 31 32 49 6 12 27 16 46 49 21 5 11 7 41 29 
49 12 9 11 8 33 32 49 21 8 23 38 21 27 16 47 29 27 31 0 26 48 22 32 45 43 15 10 49 13 8 32 23 36 
3 35 18 19 30 49 14 50 34 29 48 40 40 46 19 33 25 26 34 26 0 15 31 27 31 15 18 43 23 33 36 14 27 50 
2 18 43 49 29 49 29 17 26 14 44 34 6 4 20 42 17 39 32 48 47 0 22 22 8 38 5 13 6 42 18 49 16 22 
40 38 28 27 34 46 28 6 9 40 18 34 47 9 15 23 31 17 48 32 29 4 0 31 47 35 12 24 37 23 26 9 16 29 
12 17 17 43 15 33 43 5 42 38 32 5 25 41 46 48 34 11 1 2 34 43 37 0 7 31 42 23 23 41 34 34 31 2 
5 36 43 49 30 17 34 5 27 38 16 49 42 11 21 29 40 39 15 8 15 45 19 31 0 10 12 23 10 21 15 9 4 2 
4 20 6 4 50 5 45 18 47 8 6 21 8 40 32 3 44 1 45 20 24 38 11 17 13 0 39 18 44 24 34 13 29 12 
48 39 41 16 25 40 35 20 41 18 38 14 10 3 23 42 8 27 14 14 35 28 17 9 39 42 0 12 37 2 44 13 45 27 
10 10 2 42 38 20 12 11 50 33 20 24 4 3 37 46 3 17 8 50 15 27 20 23 32 27 34 0 29 48 19 48 6 43 
37 50 43 22 50 21 8 2 4 35 45 47 36 36 39 26 42 50 27 6 46 12 33 40 30 10 11 36 0 34 13 32 36 15 
31 17 4 44 25 3 46 1 48 12 42 25 26 46 41 46 4 7 20 21 50 47 25 17 3 42 40 10 22 0 19 41 4 10 
33 5 19 36 32 17 47 32 6 49 1 41 15 5 14 21 41 30 6 12 16 15 35 43 37 41 33 13 37 29 0 29 21 39 
16 43 42 22 11 22 40 23 39 45 49 25 27 39 38 26 40 32 40 36 42 44 19 21 27 49 41 35 35 46 28 0 21 30 
3 49 12 23 49 31 8 17 40 28 20 36 19 11 3 45 37 47 47 39 36 47 23 24 21 46 12 31 6 38 44 18 0 28 
45 24 40 27 4 42 1 32 19 3 17 49 35 9 39 39 40 48 49 31 32 45 6 27 38 2 4 20 27 11 2 34 3 0 
9 0 24 37 14 19 34 5 46 8 17 45 7 26 37 37 23 43 16 40 45 38 46 1 18 13 39 2 39 32 5 9 1 33 
47 27 0 35 2 26 22 15 45 35 25 28 12 20 13 16 17 47 35 46 13 39 15 13 24 19 1 30 32 17 15 3 9 45 
24 29 11 0 3 22 18 45 26 1 4 22 23 7 44 26 37 22 36 20 13 39 45 32 15 11 34 26 42 34 28 21 22 19 
17 47 34 6 0 15 26 18 2 37 38 12 41 2 12 8 5 46 45 29 34 46 7 30 48 46 42 38 42 3 43 24 33 1 
4 41 47 43 32 0 8 11 3 12 2 7 20 24 10 22 19 38 38 33 42 39 24 11 18 37 10 24 38 26 49 45 15 29 
41 48 22 11 12 15 0 38 19 31 35 5 23 28 23 32 17 24 15 5 41 42 12 31 30 30 7 22 35 23 27 13 7 42 
41 33 12 50 8 26 24 0 45 24 8 39 6 45 9 37 42 22 3 34 40 24 38 29 18 43 32 6 43 4 46 5 22 49 
32 38 40 21 17 16 40 31 0 47 18 5 42 25 36 49 35 44 2 25 29 17 19 4 4 45 8 27 21 32 42 29 4 18 
8 14 22 47 21 5 37 45 10 0 28 20 25 26 18 46 8 8 11 44 30 43 32 13 34 37 26 10 40 19 50 6 40 1 
25 18 23 27 39 23 48 39 34 8 0 42 34 29 20 40 31 14 24 32 36 24 25 27 1 38 11 46 45 47 27 10 23 31 
25 1 1 24 31 20 38 46 42 9 24 0 22 1 8 7 21 9 6 27 24 5 28 1 41 23 40 28 27 4 42 8 49 19 
4 5 19 39 8 34 4 44 40 32 16 3 0 29 38 4 40 25 39 22 33 49 27 47 1 11 2 41 43 11 43 1 2 25 
4 47 3 38 33 2 23 23 31 15 47 35 39 0 44 2 25 38 30 3 37 17 21 27 9 18 29 6 43 12 33 48 31 15 
29 26 41 1 2 42 38 50 11 18 12 1 17 22 0 8 40 19 24 14 49 16 9 33 21 45 20 4 46 30 11 49 18 16 
20 10 19 12 24 37 38 15 37 6 4 15 9 2 7 0 49 4 44 10 35 33 50 20 43 21 7 32 39 43 20 50 19 45 
35 48 13 39 28 45 37 27 34 29 3 30 6 37 19 48 0 47 27 17 40 34 34 20 40 27 41 18 5 49 23 18 7 35 
21 24 5 45 10 26 50 23 9 50 22 18 14 16 21 14 41 0 46 43 33 29 12 2 28 23 13 37 28 33 28 11 11 47 
45 36 13 15 4 38 2 18 18 26 35 49 23 14 26 48 42 8 0 27 26 24 6 9 23 28 22 48 39 23 41 31 39 11 
21 19 31 8 49 38 9 41 15 12 37 18 29 1 50 12 30 41 20 0 35 36 23 40 27 41 38 32 40 14 46 28 45 47 
38 2 46 46 40 43 21 18 35 9 45 23 6 49 22 48 28 43 50 12 0 4 26 48 29 4 18 12 7 20 28 20 34 43 
21 41 49 5 16 41 48 50 17 1 15 45 4 36 39 10 42 36 4 29 33 0 43 13 4 17 42 22 32 14 49 8 40 11 
31 35 8 24 44 12 2 2 13 38 25 34 35 1 33 23 47 28 42 17 6 10 0 29 29 45 38 25 19 17 36 19 44 26 
35 24 1 31 37 49 25 2 27 20 6 38 21 33 42 40 9 18 22 16 23 5 21 0 6 30 29 6 38 34 35 28 19 31 
9 50 27 32 43 11 30 17 15 30 40 24 41 25 6 33 29 9 19 47 28 3 30 3 0 46 2 8 43 37 18 43 43 37 
8 12 33 15 9 17 8 43 49 8 26 32 33 40 5 50 5 5 27 10 23 3 7 20 25 0 37 41 3 37 30 47 38 48 
37 34 13 24 18 21 43 12 5 30 45 5 22 13 13 3 43 33 14 16 34 14 5 6 13 41 0 23 26 5 6 19 11 39 
34 46 6 43 27 37 34 35 49 19 24 12 16 3 24 29 50 45 48 34 22 15 23 30 7 11 28 0 49 17 7 49 11 34 
16 38 18 7 11 16 46 30 32 35 46 31 45 48 38 50 48 5 11 21 28 18 20 24 27 36 17 10 0 36 18 42 20 14 
29 50 16 6 22 40 30 3 5 40 30 28 50 13 13 41 50 20 2 38 40 7 49 19 45 31 25 50 36 0 44 15 43 27 
17 16 48 23 44 26 16 32 19 24 28 40 46 27 24 4 20 37 49 40 32 25 23 1 47 12 42 16 31 17 0 11 26 37 
1 33 47 15 18 7 44 37 7 21 33 22 29 49 4 1 46 17 8 16 3 45 43 44 48 26 32 35 1 2 2 0 14 3 
4 45 45 28 39 2 31 5 4 26 4 40 30 19 14 38 15 35 50 3 11 34 7 41 3 18 43 25 10 37 5 20 0 20 
19 26 4 10 24 7 16 28 11 50 19 39 5 18 8 18 47 36 17 2 11 42 20 39 4 25 21 9 6 46 18 22 35 0 
20 0 11 43 11 29 41 29 35 25 50 35 39 2 49 1 36 8 14 1 38 18 9 27 6 15 7 50 36 7 23 16 33 48 
5 35 0 7 15 8 18 46 39 18 37 43 36 50 2 27 21 24 48 32 17 34 17 11 34 38 46 23 42 43 28 3 35 2 
42 47 14 0 45 21 1 47 6 49 50 23 35 21 15 5 24 16 33 25 34 16 14 39 24 23 28 12 45 4 47 40 34 9 
34 9 5 13 0 26 4 48 36 12 36 17 39 50 17 31 19 19 27 46 28 1 36 29 9 40 22 44 39 2 2 3 11 39 
27 37 7 50 11 0 40 30 27 49 5 28 22 36 24 11 32 27 36 20 45 7 9 48 31 46 24 4 10 10 34 10 34 7 
50 24 30 25 19 8 0 38 16 1 2 32 1 38 4 49 33 8 25 17 33 16 33 19 39 26 4 37 36 20 18 15 46 45 
16 36 50 31 7 9 28 0 33 29 6 7 17 31 9 20 5 28 2 10 44 1 41 18 6 42 49 15 22 2 47 34 38 36 
6 22 19 50 2 1 16 39 0 50 37 27 12 22 46 46 18 31 43 16 6 2 44 25 19 45 40 9 45 7 32 33 23 20 
31 25 38 2 6 26 2 44 6 0 2 4 41 44 20 4 20 4 21 4 18 33 35 13 48 50 5 13 43 22 33 19 5 5 
43 42 21 8 16 26 17 15 12 47 0 43 21 28 2 21 5 26 3 12 29 5 38 47 13 40 2 2 14 9 23 23 34 50 
36 2 29 34 12 39 46 38 4 21 38 0 20 27 22 4 42 39 46 30 8 26 1 6 45 8 18 14 24 4 7 39 24 10 
22 42 1 43 22 15 15 16 42 1 17 9 0 43 14 30 49 22 21 27 44 26 25 36 46 34 26 44 25 22 34 48 33 15 
11 5 31 3 50 17 32 16 42 34 50 39 37 0 15 5 34 26 32 36 12 31 34 48 7 5 9 47 21 40 45 8 4 35 
45 33 9 50 46 23 4 46 28 35 41 36 7 48 0 11 39 41 46 3 12 21 35 28 8 24 49 42 21 11 26 47 26 47 
5 42 33 46 34 31 9 32 17 3 49 7 21 48 11 0 36 33 49 50 6 42 14 11 5 1 27 47 32 34 35 2 38 15 
40 3 6 28 44 7 15 44 31 4 32 29 1 4 2 31 0 35 29 28 48 21 5 42 32 28 45 8 35 28 48 32 2 11 
43 31 46 6 9 39 43 35 12 12 10 29 26 1 24 46 1 0 50 6 25 41 45 36 12 24 50 49 49 31 17 33 23 31 
18 9 23 7 26 27 40 35 14 10 43 32 4 3 45 35 39 27 0 49 26 27 21 48 46 34 32 9 41 44 5 45 30 38 
49 9 42 1 40 26 24 17 40 28 36 44 30 21 48 4 15 42 40 0 34 47 4 48 12 28 23 45 18 50 42 9 15 13 
44 5 44 4 34 50 2 25 10 37 44 13 2 4 11 11 38 30 13 6 0 46 42 45 12 31 24 17 32 6 18 49 19 22 
31 37 17 4 1 31 42 39 10 37 18 4 49 26 19 34 7 12 13 47 9 0 18 3 10 33 23 10 33 20 19 43 39 26 
41 22 18 44 7 37 49 22 17 37 5 28 8 32 49 49 49 49 6 37 23 13 0 13 34 7 22 29 21 9 20 41 45 29 
29 8 4 1 40 1 26 14 26 43 32 48 32 26 41 11 35 22 20 38 3 4 29 0 9 34 38 36 9 29 13 48 46 11 
49 30 24 46 49 9 49 30 23 47 21 32 37 26 46 38 10 25 48 21 8 27 26 30 0 45 17 3 15 18 36 13 45 36 
38 34 47 18 16 37 13 22 8 30 7 9 27 48 12 41 22 19 39 50 26 4 22 4 45 0 1 32 6 35 13 38 35 26 
47 50 43 50 20 45 39 36 50 1 48 20 22 18 20 41 25 46 17 25 46 10 35 12 43 24 0 15 6 8 37 45 42 22 
33 30 49 20 41 2 25 1 15 27 3 25 35 23 34 12 16 11 17 22 10 30 38 16 31 7 47 0 30 33 29 13 6 6 
48 39 39 22 21 34 45 42 25 32 34 32 37 9 1 32 44 42 27 28 21 12 3 43 33 40 35 5 0 45 18 37 15 48 
19 38 34 45 41 45 27 23 30 36 49 5 34 44 49 47 49 40 37 36 28 36 36 37 46 39 32 50 40 0 47 8 46 20 
34 19 22 17 37 4 48 50 6 41 27 4 38 50 46 36 9 47 28 50 29 20 34 2 48 50 2 13 28 33 0 33 29 4 
36 50 26 28 30 12 37 40 36 23 45 10 33 8 40 37 14 32 1 30 46 41 15 36 20 20 38 2 35 22 23 0 9 48 
1 3 50 20 9 30 35 42 11 43 48 39 42 16 42 13 27 15 2 33 50 9 45 36 41 8 10 25 36 5 15 50 0 37 
12 33 6 41 17 6 2 16 39 35 49 18 47 28 5 47 40 9 8 22 26 49 42 8 14 29 1 20 10 7 7 29 48 0 
3 0 31 34 36 23 10 10 50 17 11 25 47 19 45 31 6 29 46 47 7 28 11 14 41 48 27 39 5 33 7 33 29 21 
20 45 0 48 22 11 17 49 48 23 10 38 18 12 46 35 21 14 32 11 10 22 20 42 17 44 38 47 22 5 17 11 29 46 
27 49 50 0 33 35 18 30 48 9 6 1 26 23 37 31 4 35 19 25 23 19 49 50 3 32 29 23 21 28 44 6 50 10 
23 36 47 36 0 38 30 14 31 12 13 15 41 41 21 2 16 19 20 49 36 7 28 28 49 48 2 7 46 9 21 16 1 2 
17 1 1 34 18 0 48 39 12 42 7 36 36 12 41 8 21 6 9 24 7 14 3 45 8 48 39 36 24 19 23 42 48 14 
40 24 21 2 32 1 0 23 10 25 16 22 42 14 36 12 49 25 4 12 42 44 39 15 6 43 36 30 12 16 43 19 15 39 
22 23 17 37 20 24 9 0 2 48 39 38 23 17 35 3 25 25 44 19 30 6 21 2 10 16 9 46 21 12 44 32 47 7 
4 42 13 45 13 6 31 3 0 41 47 50 28 33 27 2 27 37 42 50 1 35 34 2 22 8 22 12 28 38 41 4 7 41 
17 13 43 41 31 12 39 39 27 0 15 25 2 33 33 32 45 44 25 3 33 47 22 20 41 42 38 42 45 3 16 1 43 43 
37 17 14 9 37 7 30 11 12 8 0 19 28 20 25 39 30 33 45 16 1 25 44 45 44 3 49 43 21 45 37 12 14 32 
10 46 16 18 36 7 18 24 22 36 14 0 1 14 22 13 3 15 20 21 35 42 18 43 22 21 7 38 14 10 17 26 46 6 
46 10 30 23 12 48 38 48 28 3 9 31 0 43 40 28 31 18 30 17 42 29 40 42 3 45 48 30 19 5 15 5 10 18 
46 18 12 34 30 4 23 34 38 15 16 34 42 0 29 18 11 34 42 38 10 5 27 6 18 27 29 15 18 19 44 14 48 50 
13 47 23 16 48 38 27 44 8 42 26 27 19 3 0 20 13 9 21 23 18 1 14 20 12 44 7 2 39 5 15 44 1 18 
35 29 32 46 46 37 5 11 16 47 35 31 42 9 27 0 46 6 11 23 41 31 49 50 28 11 22 41 37 38 39 44 48 25 
9 34 25 38 17 13 35 19 8 36 17 35 32 3 49 26 0 44 49 5 22 11 38 37 29 5 35 24 46 19 23 27 4 38 
6 33 25 2 8 40 48 38 23 24 13 34 43 30 19 43 12 0 44 40 39 27 15 22 48 46 34 33 40 39 50 35 10 13 
48 27 20 24 24 37 10 8 34 38 15 24 46 12 6 6 4 8 0 30 37 15 11 41 12 28 6 25 7 9 50 23 39 4 
21 46 4 50 20 38 8 30 32 44 28 8 24 1 22 27 34 36 43 0 5 23 48 37 36 9 47 18 12 4 49 35 15 26 
20 25 16 2 6 34 20 22 7 34 18 14 4 4 6 3 31 25 14 31 0 35 32 24 10 18 41 23 21 47 27 33 9 13 
32 5 26 7 25 29 2 24 34 17 15 19 23 5 43 12 10 24 25 21 35 0 42 39 2 7 35 16 11 50 26 30 1 9 
1 23 50 31 47 6 47 12 7 1 15 10 41 46 36 31 9 37 4 8 39 28 0 41 16 25 1 41 13 42 24 9 38 14 
10 22 33 43 32 14 18 29 10 28 42 24 43 16 39 30 31 42 39 26 43 21 24 0 32 35 7 46 15 34 21 34 42 28 
46 31 25 4 38 28 24 36 30 29 1 50 42 32 36 3 33 11 33 21 12 21 40 49 0 1 9 25 18 4 45 40 45 50 
47 47 35 15 27 44 15 15 40 14 43 24 33 43 25 11 13 2 10 1 22 17 26 42 27 0 3 29 3 6 33 35 40 6 
1 46 36 1 38 7 18 19 6 22 8 47 26 18 17 1 8 42 44 30 44 28 30 22 43 38 0 24 15 12 10 8 29 3 
18 33 48 40 10 25 45 43 33 17 45 18 46 2 35 13 3 49 41 41 11 13 23 16 15 9 1 0 33 3 7 47 14 29 
45 8 36 20 11 49 17 49 37 11 11 36 4 48 37 39 3 10 11 17 38 42 5 10 32 26 1 25 0 13 40 27 21 31 
40 1 44 50 43 42 1 25 42 24 2 13 31 11 12 14 44 1 48 36 48 41 3 3 26 38 36 48 43 0 37 47 35 41 
5 14 47 43 40 10 19 11 43 46 19 4 48 2 15 40 11 20 40 30 35 34 49 49 41 24 6 6 4 32 0 6 28 18 
23 27 47 15 21 4 41 29 26 5 45 35 50 29 37 21 8 32 17 8 6 6 21 16 49 3 16 5 13 8 12 0 40 42 
37 26 26 18 25 41 16 49 1 10 30 4 15 42 46 19 35 46 50 40 20 12 18 6 32 17 19 39 37 17 19 44 0 5 
44 14 4 12 4 34 42 1 10 6 46 42 12 35 11 21 36 28 12 12 1 22 25 9 20 37 8 22 28 13 34 42 36 0 
49 0 21 29 42 8 32 12 8 39 11 7 22 15 21 33 8 18 1 40 7 32 5 22 39 46 42 18 26 21 24 47 22 5 
6 13 0 14 33 29 29 46 50 4 12 12 19 37 6 17 26 14 10 12 45 35 5 45 50 41 47 17 15 37 38 16 14 35 
18 9 8 0 20 26 40 23 44 7 28 43 11 20 9 37 1 1 7 15 35 28 20 2 19 14 43 32 13 32 14 17 47 48 
34 20 47 9 0 6 39 21 40 2 28 27 3 39 21 39 30 14 37 32 1 29 8 48 8 40 6 34 8 11 13 44 12 46 
13 37 39 40 43 0 45 18 44 46 26 42 26 17 26 22 44 33 18 28 35 46 20 26 23 40 20 1 6 13 30 39 35 15 
7 27 34 50 41 22 0 42 14 8 34 33 6 32 24 31 12 14 29 45 17 27 50 44 11 17 1 23 45 13 31 17 37 8 
11 10 49 39 45 43 47 0 36 22 39 36 44 17 8 47 20 45 50 2 45 19 38 7 33 23 33 40 49 48 2 27 18 46 
49 21 14 32 24 19 37 48 0 32 6 11 8 18 50 43 27 25 18 32 15 43 39 23 3 16 16 13 3 48 38 20 13 19 
49 19 37 34 39 22 32 16 48 0 38 33 47 26 6 33 47 23 23 34 46 3 3 10 48 11 16 8 6 34 50 44 36 49 
39 20 32 7 43 37 47 50 50 46 0 2 41 7 41 10 30 6 26 16 36 18 17 46 9 39 23 23 14 26 32 48 45 47 
48 37 37 1 41 30 37 38 46 3 8 0 8 8 5 26 48 26 29 25 28 50 32 23 24 23 18 21 15 34 25 19 48 8 
44 9 4 24 30 15 46 30 49 22 15 38 0 2 32 19 48 16 50 3 23 17 48 17 15 13 29 24 10 23 5 22 34 10 
1 15 46 22 25 47 15 30 49 2 10 8 36 0 22 37 2 17 18 26 16 26 42 47 43 40 12 1 42 36 8 45 1 31 
29 1 17 23 26 42 3 39 44 18 47 7 8 27 0 7 37 8 6 37 46 18 35 10 19 4 33 13 47 24 44 42 7 10 
27 8 21 20 29 41 26 23 28 33 24 1 36 33 35 0 45 5 28 2 8 5 13 44 42 49 20 44 29 7 16 50 26 40 
48 31 20 37 18 30 15 11 24 41 3 36 18 18 1 29 0 3 19 16 40 49 5 15 14 29 21 9 48 48 17 13 33 48 
11 39 3 15 8 37 49 38 47 32 23 42 7 32 3 44 50 0 5 47 34 37 41 43 17 6 8 47 21 18 14 7 29 20 
39 8 29 49 14 45 32 18 3 2 24 42 22 23 40 7 4 48 0 13 16 49 12 21 47 37 10 1 41 29 21 34 26 45 
23 18 24 25 46 36 10 15 17 34 39 20 25 34 35 7 15 14 17 0 44 13 21 27 37 32 13 5 44 42 39 32 19 49 
48 50 5 16 32 8 12 3 2 33 28 32 28 12 26 17 34 15 7 18 0 32 32 2 42 38 43 34 32 17 24 29 2 21 
22 28 35 30 41 33 7 5 42 12 39 50 6 5 1 30 27 8 25 26 2 0 17 16 48 14 29 39 25 31 37 28 4 26 
12 7 35 42 38 44 32 1 13 41 21 14 43 33 39 34 2 40 16 4 27 19 0 5 12 37 16 13 45 33 25 5 34 35 
24 44 49 17 39 40 15 44 25 39 27 46 35 22 47 1 41 29 47 13 1 50 43 0 2 23 5 22 31 38 19 38 36 37 
29 19 39 40 18 14 1 2 11 2 30 28 17 2 45 16 44 42 47 9 22 35 25 2 0 47 44 34 18 34 6 7 2 42 
9 7 3 9 11 24 15 46 11 41 48 13 25 6 3 28 16 44 28 42 27 16 45 45 38 0 43 24 30 33 18 5 46 29 
36 9 46 42 8 33 18 32 13 11 44 27 39 23 38 32 41 19 13 29 10 16 43 13 8 22 0 19 1 36 14 44 37 2 
35 39 48 7 36 8 12 11 10 15 6 1 18 49 21 36 49 43 50 43 17 19 21 17 34 35 37 0 15 17 47 50 18 8 
26 5 35 41 25 6 12 1 19 50 1 38 12 40 23 48 16 38 22 44 45 36 16 18 32 24 2 22 0 47 44 14 15 38 
44 43 45 36 45 24 37 39 42 48 20 20 29 23 45 14 17 2 9 29 24 14 41 40 17 10 2 5 40 0 5 26 36 37 
1 19 47 29 12 21 14 35 6 3 38 47 48 3 2 7 8 31 42 6 37 14 31 3 5 20 35 23 33 49 0 38 23 34 
34 29 5 48 36 5 32 45 45 18 11 3 44 19 8 1 48 33 24 35 31 50 37 39 45 24 43 36 42 2 8 0 16 16 
13 15 25 48 10 23 26 11 11 43 47 20 50 12 1 28 23 36 16 14 38 3 34 43 16 4 12 13 46 4 43 10 0 45 
38 31 5 33 3 38 11 49 24 21 8 40 19 45 12 43 8 20 16 42 3 28 11 31 33 32 7 11 14 16 8 50 37 0 
26 0 13 32 46 46 20 48 6 15 15 33 27 3 48 9 1 20 38 35 27 18 43 11 21 25 1 22 32 1 35 9 13 8 
4 44 0 33 31 47 13 50 19 37 38 13 28 4 30 34 48 11 44 28 24 23 19 33 2 11 22 45 48 16 6 31 6 20 
20 50 5 0 27 20 24 25 35 9 32 5 48 43 21 22 39 35 40 42 31 40 35 35 11 31 20 26 19 3 3 32 8 8 
8 35 30 30 0 21 41 20 3 39 15 38 29 5 19 1 24 10 32 16 39 25 30 35 15 44 47 50 49 7 33 7 1 48 
41 36 37 42 9 0 14 50 22 29 2 21 48 33 26 2 25 46 44 21 16 19 33 28 50 16 36 24 41 22 47 7 8 37 
31 14 33 14 32 1 0 18 17 18 47 29 15 18 12 21 49 24 12 39 36 35 29 9 8 38 27 24 40 9 50 32 45 13 
11 2 12 19 12 14 44 0 4 50 2 36 49 35 48 25 3 43 49 36 18 23 3 3 6 26 27 6 27 28 8 18 16 35 
3 7 10 10 31 12 48 46 0 33 36 27 23 9 3 29 49 37 17 2 47 27 40 9 50 7 44 36 8 17 26 42 35 20 
15 33 41 15 44 13 37 38 22 0 41 18 26 33 17 24 28 28 41 42 16 20 8 14 49 10 4 38 27 40 30 7 44 43 
3 44 21 38 34 44 5 16 9 5 0 50 42 25 24 27 12 31 39 35 1 20 1 8 20 43 6 41 25 10 48 43 34 24 
34 30 24 4 40 45 48 37 1 11 3 0 14 7 36 30 11 16 10 42 22 43 23 3 37 2 45 29 3 30 6 11 13 16 
18 41 44 3 9 41 45 37 15 19 41 6 0 6 36 20 11 15 45 39 1 12 32 11 28 37 2 45 16 46 8 46 50 40 
49 40 45 37 9 7 19 48 36 29 5 12 32 0 47 10 10 42 16 11 23 13 4 36 31 16 17 8 47 30 42 7 24 41 
16 7 47 25 25 7 39 20 4 27 4 7 17 6 0 6 36 6 4 42 35 28 28 45 4 15 22 42 50 23 19 44 22 31 
22 16 40 14 35 18 10 23 3 9 27 33 25 50 11 0 2 11 24 39 15 40 14 39 13 43 11 4 15 39 48 35 34 33 
26 45 41 16 22 21 36 33 12 25 19 18 22 40 22 32 0 48 12 45 6 7 42 8 28 28 21 25 15 46 35 6 25 44 
1 50 5 21 37 39 3 3 33 28 39 20 45 22 21 32 33 0 41 36 41 28 26 34 38 13 39 2 47 22 38 28 20 45 
25 21 41 18 12 12 23 43 4 25 14 20 8 34 50 4 34 14 0 44 20 34 16 25 16 18 8 49 38 7 32 45 1 20 
26 20 1 31 15 21 30 13 49 25 2 21 18 5 5 2 44 38 25 0 34 50 11 9 47 26 50 5 14 36 36 23 30 14 
50 33 14 49 24 20 43 14 8 36 41 24 46 50 3 44 37 14 44 21 0 17 21 15 12 5 6 15 17 17 28 13 3 23 
7 19 23 42 4 20 19 32 21 43 25 18 23 31 1 2 21 49 23 29 9 0 47 30 18 3 44 19 5 27 48 30 24 38 
2 39 32 31 2 33 44 25 40 47 29 41 44 33 25 15 15 46 29 40 24 14 0 11 39 5 40 10 2 14 6 23 13 1 
31 22 42 19 22 19 17 30 5 20 1 2 28 10 12 44 41 12 2 2 35 14 38 0 28 43 27 13 24 42 11 34 24 17 
40 14 11 33 46 44 28 13 10 20 44 10 38 27 30 49 9 23 44 21 11 17 17 34 0 14 27 45 6 44 39 44 37 27 
36 39 46 1 11 46 19 25 40 25 45 44 19 6 50 33 25 33 38 40 4 6 23 48 27 0 20 20 49 22 20 22 26 8 
34 2 38 35 48 49 27 26 47 22 43 22 40 46 21 46 23 19 6 6 47 24 30 16 49 24 0 42 27 20 3 21 4 20 
37 36 5 13 49 28 35 11 15 7 35 31 26 37 24 49 4 49 1 16 20 12 10 22 22 36 24 0 8 1 6 44 1 39 
3 4 11 17 33 25 42 22 45 33 18 46 36 24 38 18 29 17 4 20 38 50 25 26 33 41 14 4 0 28 11 9 13 34 
42 24 34 13 33 21 25 10 45 25 30 43 27 37 12 37 40 23 39 41 32 2 3 29 35 34 43 11 38 0 44 35 24 5 
12 44 1 4 6 46 47 29 10 43 26 46 34 6 4 2 17 39 39 20 23 3 40 21 5 28 49 28 15 23 0 1 41 6 
38 16 43 12 33 35 27 43 12 22 9 28 33 2 28 40 9 21 6 46 4 33 10 4 30 50 28 48 19 15 38 0 43 35 
41 46 41 11 41 35 5 13 27 11 31 32 44 22 27 21 39 6 2 45 45 2 6 6 39 33 34 7 30 25 47 35 0 17 
43 43 6 37 29 19 37 2 33 28 22 29 23 37 28 1 27 30 10 37 48 40 39 40 36 23 8 1 48 34 3 15 47 0 
