24
8
6 0 32 43 24 27 19 7 49 
16 21 0 32 28 45 13 13 42 
44 19 7 0 29 7 1 32 45 
11 36 40 30 0 37 36 42 14 
23 3 16 37 12 0 25 34 38 
49 42 7 48 4 35 0 14 13 
15 35 36 6 1 38 14 0 6 
50 48 14 42 29 27 12 31 0 
29 0 18 6 42 48 27 31 19 
36 20 0 31 16 45 34 42 27 
23 28 16 0 2 50 37 14 35 
39 11 37 14 0 12 42 10 23 
30 26 20 36 30 0 22 15 38 
5 17 21 32 8 49 0 12 17 
7 38 20 1 11 11 31 0 43 
4 21 4 38 40 18 8 44 0 
10 0 8 36 19 15 7 48 1 
13 28 0 48 34 16 33 27 41 
49 21 8 0 25 23 9 12 20 
46 27 32 9 0 19 28 49 37 
10 28 22 50 13 0 43 2 50 
40 19 38 33 13 48 0 27 22 
45 13 39 20 11 33 21 0 2 
47 17 23 39 25 39 33 36 0 
30 0 11 24 39 12 27 28 7 
19 8 0 35 4 21 29 7 49 
50 11 15 0 6 39 29 27 27 
7 20 4 47 0 20 14 26 2 
37 3 4 2 24 0 39 10 18 
35 33 2 3 49 18 0 32 18 
10 25 39 15 25 27 47 0 2 
34 47 32 43 23 31 37 5 0 
33 0 34 17 18 26 6 25 12 
1 47 0 21 7 28 25 29 40 
39 37 38 0 45 26 11 27 10 
6 2 19 27 0 7 18 45 5 
47 47 21 15 1 0 14 42 5 
1 28 14 28 7 41 0 25 10 
19 43 5 37 44 42 30 0 22 
8 8 13 25 38 48 5 34 0 
3 0 17 11 31 5 15 39 25 
45 34 0 45 49 48 50 4 15 
28 9 9 0 15 14 9 12 5 
18 49 8 43 0 2 18 18 3 
24 30 26 40 31 0 44 6 4 
5 30 42 10 47 32 0 25 8 
5 48 47 29 40 41 21 0 45 
6 6 13 6 8 46 24 28 0 
17 0 43 25 18 24 14 35 35 
4 5 0 10 34 17 2 9 37 
25 50 39 0 4 22 39 13 33 
10 31 35 26 0 31 50 47 9 
7 15 43 5 7 0 7 35 41 
14 12 26 35 31 37 0 29 4 
47 27 32 9 8 20 6 0 29 
30 43 9 44 30 9 4 4 0 
9 0 2 28 2 9 5 31 18 
16 48 0 41 10 14 29 3 23 
3 31 29 0 5 19 39 2 37 
9 15 25 15 0 49 41 12 5 
9 23 26 29 10 0 27 46 43 
47 14 43 10 30 47 0 15 1 
40 36 41 50 31 50 35 0 21 
50 42 43 44 30 17 20 25 0 
37 0 36 2 41 3 24 14 26 
35 36 0 8 6 46 43 7 13 
1 24 25 0 14 1 12 24 10 
39 6 30 18 0 35 2 14 31 
44 19 23 44 46 0 25 49 17 
22 15 15 45 42 29 0 25 8 
36 30 44 6 42 7 24 0 25 
12 42 3 48 45 47 42 34 0 
23 0 28 12 27 20 13 18 26 
26 9 0 42 37 48 30 18 10 
31 22 33 0 5 8 8 39 38 
45 49 33 4 0 22 1 22 26 
23 32 22 14 18 0 48 39 23 
13 18 30 34 15 38 0 27 33 
25 44 17 24 14 38 26 0 15 
40 25 33 21 31 15 5 25 0 
37 0 17 14 16 8 5 42 33 
33 10 0 43 40 28 5 23 8 
22 50 30 0 29 35 49 12 36 
7 8 25 44 0 16 18 43 49 
14 6 48 49 25 0 11 26 20 
2 34 41 4 46 36 0 38 35 
2 25 50 31 35 26 41 0 38 
6 28 10 1 31 49 17 15 0 
18 0 44 27 23 8 25 33 11 
25 10 0 28 1 9 8 41 21 
21 40 42 0 42 19 12 14 39 
15 11 44 47 0 2 25 40 3 
18 26 37 2 10 0 15 27 27 
43 39 7 25 49 41 0 30 48 
38 39 31 41 7 26 46 0 6 
31 38 9 48 32 37 10 50 0 
21 0 25 34 33 22 39 12 6 
14 15 0 49 31 6 39 40 25 
31 46 9 0 13 45 50 46 42 
31 31 22 22 0 6 30 46 6 
30 7 5 25 8 0 47 26 50 
27 25 28 43 27 16 0 1 42 
49 35 17 36 28 48 6 0 21 
29 42 3 42 18 41 50 34 0 
20 0 43 2 50 34 16 18 34 
21 10 0 36 20 23 4 15 15 
30 31 24 0 22 13 10 29 33 
1 35 46 16 0 45 35 32 37 
25 44 23 34 15 0 1 8 33 
18 33 16 19 12 36 0 49 26 
27 38 12 38 18 29 21 0 10 
15 20 49 50 21 2 40 36 0 
28 0 49 46 30 32 31 1 29 
23 41 0 5 30 45 10 21 16 
37 21 40 0 8 23 45 19 47 
23 14 20 46 0 3 8 13 16 
44 30 41 13 40 0 19 44 46 
37 34 15 28 24 42 0 16 5 
49 34 14 50 13 32 14 0 33 
31 50 7 18 12 6 27 15 0 
28 0 39 37 15 19 8 26 18 
27 44 0 21 40 30 42 23 32 
49 15 47 0 19 45 13 4 13 
16 9 33 41 0 13 27 35 31 
7 1 50 35 5 0 1 37 41 
9 47 24 19 11 25 0 3 39 
27 26 20 48 10 9 21 0 15 
36 24 49 11 26 35 5 1 0 
9 0 40 33 30 43 39 27 48 
29 6 0 10 48 40 35 2 42 
6 45 14 0 37 7 37 22 49 
30 35 50 31 0 2 26 16 24 
42 23 11 21 42 0 23 47 39 
50 22 20 4 49 24 0 26 1 
23 8 6 32 21 19 45 0 22 
19 35 1 8 39 46 47 3 0 
40 0 36 6 17 25 32 50 33 
48 26 0 38 35 18 18 50 7 
10 50 9 0 44 21 35 4 24 
29 39 3 8 0 23 39 1 4 
26 17 15 13 18 0 9 26 42 
8 23 34 46 32 10 0 4 1 
35 45 48 40 38 3 33 0 6 
33 33 38 37 29 43 11 10 0 
25 0 34 9 2 4 38 40 1 
24 18 0 36 49 2 8 43 20 
35 2 23 0 29 41 11 17 23 
34 10 31 35 0 21 39 13 16 
12 24 21 48 1 0 3 47 48 
5 47 16 20 17 35 0 4 26 
41 19 3 28 21 33 19 0 14 
18 37 19 45 8 5 31 35 0 
6 0 21 37 28 37 45 19 32 
5 25 0 24 44 46 47 6 50 
6 5 44 0 3 37 36 46 30 
6 7 31 15 0 35 3 41 1 
17 31 15 47 48 0 26 39 46 
1 21 23 46 10 25 0 19 21 
31 19 39 3 11 29 49 0 21 
26 8 23 30 15 4 48 3 0 
34 0 24 28 15 33 10 2 31 
17 49 0 2 16 13 50 20 31 
39 10 35 0 16 14 39 40 39 
33 44 22 41 0 4 9 32 47 
24 20 13 37 48 0 5 38 21 
18 9 36 13 27 34 0 8 26 
38 42 42 5 19 33 39 0 46 
34 39 33 39 39 12 28 8 0 
17 0 6 43 44 38 34 34 35 
23 15 0 49 6 3 27 12 50 
37 46 3 0 12 18 27 28 41 
32 17 3 9 0 22 49 33 7 
32 29 46 22 41 0 15 39 5 
9 7 33 5 35 34 0 43 8 
27 34 3 43 9 17 40 0 41 
28 2 13 21 32 25 13 24 0 
32 0 43 25 24 31 41 9 23 
8 49 0 3 11 44 23 7 49 
25 46 33 0 39 46 40 48 15 
39 5 45 39 0 3 18 24 35 
45 10 24 43 9 0 19 27 37 
25 31 36 11 14 30 0 48 5 
46 14 47 36 42 24 28 0 42 
45 10 35 26 47 20 21 40 0 
26 0 18 17 35 50 15 40 6 
20 47 0 15 16 5 38 2 10 
8 40 44 0 39 22 38 43 22 
32 32 48 49 0 34 1 40 6 
11 47 35 46 13 0 13 5 31 
25 41 17 46 10 12 0 38 8 
9 26 19 7 26 32 18 0 39 
25 45 3 19 18 41 22 19 0 
