24
32
33 0 34 32 30 19 17 44 1 15 13 16 15 20 38 3 41 49 13 40 44 16 45 35 15 29 7 22 24 18 2 35 30 
5 33 0 35 39 6 43 40 20 20 25 43 34 36 41 22 31 32 44 25 47 23 33 4 38 50 18 2 12 46 21 33 13 
29 36 10 0 37 3 15 36 6 24 21 24 42 3 1 29 38 36 41 43 25 27 39 8 23 29 47 40 38 41 28 24 50 
43 31 6 1 0 32 35 29 18 8 20 23 3 9 13 36 49 40 15 27 5 29 8 36 40 28 37 9 7 26 49 15 47 
47 25 49 22 46 0 29 6 1 13 25 18 8 16 6 14 17 11 41 49 27 2 19 21 35 45 16 23 45 27 23 43 10 
5 27 6 35 14 15 0 4 11 10 26 43 4 41 29 25 23 24 42 46 35 50 39 45 29 4 15 27 30 6 11 25 41 
33 9 3 39 1 29 3 0 47 38 38 17 27 26 18 44 17 42 1 22 35 27 8 10 17 33 28 32 50 38 24 6 49 
1 3 21 33 26 36 22 45 0 40 49 48 12 22 19 3 37 21 10 39 6 40 40 14 26 49 37 7 23 48 3 10 14 
33 19 26 24 47 12 42 6 29 0 27 45 28 11 48 45 14 26 46 30 28 36 50 9 12 39 46 34 40 29 49 47 38 
40 34 30 3 44 29 40 9 19 34 0 28 13 46 37 15 1 42 44 48 3 24 32 29 34 11 15 36 1 28 2 27 30 
31 8 38 27 19 43 21 47 6 21 10 0 2 22 47 16 3 32 34 49 36 2 45 15 9 6 47 43 29 44 39 32 17 
7 49 33 38 49 39 33 49 23 1 47 3 0 23 27 12 15 49 34 20 45 4 41 29 36 44 30 22 23 50 42 4 17 
40 43 46 24 14 29 4 44 1 50 14 1 49 0 12 37 29 35 29 31 11 20 37 14 16 20 48 45 20 17 11 49 31 
47 30 13 30 32 38 1 20 30 27 45 4 28 28 0 37 32 43 43 38 22 12 44 48 3 30 30 5 17 35 34 27 40 
1 33 4 20 50 7 48 48 28 11 31 44 43 10 39 0 43 11 13 27 25 24 28 20 3 33 11 1 2 34 35 36 46 
50 5 4 45 24 18 33 37 45 41 44 2 14 5 10 21 0 42 12 6 22 7 3 17 24 14 2 38 40 7 47 14 43 
25 35 44 39 6 45 19 44 31 41 30 34 34 18 40 28 1 0 30 11 22 30 15 39 48 38 31 31 23 31 44 30 49 
27 1 27 29 11 22 15 47 43 12 41 16 23 34 40 46 12 10 0 39 28 37 42 14 11 46 46 1 26 14 47 14 38 
12 32 8 33 42 12 18 29 16 14 30 18 24 23 26 5 41 35 12 0 22 5 3 13 35 38 17 33 16 21 39 34 47 
49 4 5 41 27 8 5 1 42 11 13 23 13 47 37 24 21 47 36 30 0 36 42 33 10 20 23 46 26 29 3 9 27 
31 33 19 20 19 35 29 34 31 12 30 45 41 40 22 42 30 10 46 25 4 0 4 12 7 21 46 22 4 13 29 22 40 
3 36 43 31 28 18 5 36 19 3 50 24 13 39 20 31 2 4 47 20 7 35 0 24 27 22 13 49 24 14 25 21 2 
41 40 43 5 48 42 15 12 5 10 6 1 5 38 45 33 27 42 2 9 33 2 33 0 18 13 16 9 15 19 32 23 44 
32 48 34 23 47 15 34 11 40 35 16 48 29 23 22 35 18 17 47 22 23 13 19 39 0 7 25 42 32 33 50 44 23 
38 12 20 7 4 22 37 12 9 42 19 49 37 36 40 41 44 25 47 2 35 1 21 20 30 0 46 16 22 23 2 28 41 
41 43 10 17 4 16 32 47 31 36 14 32 44 20 3 22 36 2 38 9 3 42 39 38 41 50 0 28 8 6 15 39 7 
14 29 8 45 27 23 37 29 43 1 22 50 37 40 26 10 44 45 37 22 15 19 38 49 5 22 27 0 4 39 24 41 17 
47 7 18 16 12 9 45 13 15 10 16 3 21 39 1 2 25 18 15 11 28 18 43 46 42 10 40 5 0 47 34 41 20 
10 6 4 30 22 11 48 36 1 25 7 6 3 36 29 16 21 26 29 22 9 30 39 29 15 23 25 3 19 0 40 17 31 
20 46 43 15 36 22 30 15 20 30 11 4 11 38 43 6 31 24 35 22 5 20 12 30 18 25 15 50 37 45 0 17 11 
8 27 37 8 44 15 31 50 46 15 2 29 20 36 19 28 31 19 23 45 6 46 26 50 35 13 48 12 7 30 29 0 25 
13 1 46 35 1 36 13 16 44 35 26 41 18 33 11 32 6 38 20 18 22 23 5 13 1 37 23 31 18 20 43 17 0 
36 0 27 16 19 41 34 27 46 7 8 1 22 21 35 33 2 3 16 6 20 11 12 3 41 47 34 35 15 13 32 49 25 
42 10 0 6 41 18 43 42 22 11 25 11 15 22 34 42 16 4 22 29 2 15 24 6 25 24 25 23 7 50 12 33 25 
9 27 30 0 12 30 42 34 10 25 34 9 37 1 39 20 13 42 20 12 41 4 47 11 18 4 32 17 43 20 35 23 50 
42 36 6 45 0 5 31 36 13 38 19 27 31 16 20 24 36 6 10 16 31 1 42 22 12 17 12 8 49 25 42 41 41 
12 10 45 15 33 0 25 9 11 34 49 4 35 21 30 3 34 8 31 37 11 19 42 49 50 15 44 28 43 24 38 38 46 
29 37 20 7 25 10 0 4 31 1 6 48 2 39 37 42 38 10 24 42 44 5 31 22 20 11 46 1 39 47 17 38 47 
12 8 7 34 10 46 9 0 48 28 6 10 14 45 47 11 28 3 41 34 50 46 44 42 49 16 1 47 30 10 16 35 35 
18 2 41 32 31 8 28 14 0 16 45 17 50 21 8 26 15 35 23 37 7 33 39 1 18 17 9 19 10 50 29 38 12 
22 26 46 44 6 30 47 45 14 0 20 35 2 28 42 28 8 26 32 46 37 30 28 2 30 1 24 15 23 40 18 15 37 
7 5 28 46 12 32 9 5 26 43 0 43 14 4 49 40 25 31 12 35 18 34 2 33 44 24 17 43 33 15 25 5 46 
6 49 46 23 15 33 46 44 24 42 12 0 38 35 39 26 2 34 41 42 29 33 48 3 6 23 34 22 46 40 27 40 2 
38 48 9 6 4 18 10 48 16 42 45 43 0 40 46 9 36 41 41 49 25 33 27 13 9 46 41 1 32 11 50 4 48 
2 10 50 38 31 21 49 17 31 45 13 42 3 0 11 16 28 25 37 6 49 28 15 19 11 35 1 11 13 18 29 38 16 
38 47 41 30 46 22 5 20 43 33 45 39 14 22 0 6 35 26 24 7 24 45 6 20 37 42 40 4 30 10 36 50 2 
7 48 4 7 20 36 32 4 32 36 6 46 21 31 48 0 13 46 26 38 45 23 14 22 33 28 5 39 7 18 26 10 8 
34 43 32 17 19 49 15 40 42 4 42 9 50 24 16 11 0 42 41 35 35 48 5 29 43 27 22 29 16 47 26 36 7 
26 49 13 28 49 31 45 47 11 48 3 20 22 13 33 5 39 0 28 15 27 41 26 10 29 14 39 41 47 21 50 44 17 
18 36 33 1 11 39 13 11 47 39 24 1 3 10 22 14 39 25 0 28 19 11 10 17 1 40 35 14 10 41 48 26 12 
5 37 3 37 31 33 44 50 16 4 31 3 2 10 26 5 18 27 9 0 47 22 26 6 9 19 33 12 27 25 4 20 49 
13 13 46 17 8 35 34 7 32 28 4 7 29 15 49 30 9 10 42 15 0 39 30 40 30 31 45 18 48 21 17 26 12 
34 33 40 40 14 10 48 34 43 3 16 45 22 49 30 5 34 32 18 16 12 0 6 10 34 23 17 37 13 17 36 36 15 
3 42 24 46 25 10 17 50 13 9 22 37 15 46 8 32 15 13 15 39 50 11 0 50 29 23 7 17 47 23 35 17 8 
18 1 43 31 26 34 31 25 16 18 4 4 34 24 20 28 10 5 49 5 22 47 16 0 42 42 45 23 19 43 20 27 28 
43 15 20 14 4 28 6 31 33 40 24 32 8 47 45 50 38 40 38 18 36 13 37 21 0 36 1 39 31 12 12 33 46 
41 26 11 20 5 6 24 33 50 19 22 32 23 35 35 45 1 24 32 3 33 9 42 31 28 0 49 28 4 39 25 20 21 
8 29 41 32 36 25 46 32 16 6 19 18 41 5 48 2 16 44 31 38 31 30 14 32 34 31 0 42 6 29 21 44 25 
49 1 24 45 44 3 9 26 28 1 38 28 41 25 40 24 2 26 38 46 45 32 40 29 15 9 49 0 6 34 41 3 45 
12 45 20 40 32 3 8 13 35 6 11 31 42 37 42 10 41 19 4 3 34 49 31 18 11 45 31 36 0 5 4 43 38 
48 43 16 46 6 50 43 49 19 25 11 40 22 10 37 29 17 40 15 15 37 1 12 14 15 3 30 37 23 0 23 9 32 
13 24 34 50 22 46 5 42 27 6 35 9 38 42 46 2 9 2 19 16 40 28 1 48 31 2 32 4 21 6 0 27 46 
16 30 27 49 26 38 8 21 35 24 39 32 16 3 27 24 7 28 29 21 4 44 42 36 23 37 19 21 15 2 21 0 21 
29 39 44 8 15 48 26 21 45 49 31 16 40 19 32 29 25 9 47 44 28 6 42 23 38 41 26 40 20 38 7 34 0 
3 0 18 3 28 10 19 9 9 2 8 27 6 13 27 47 5 6 41 46 6 5 28 43 24 47 21 21 25 23 36 2 8 
42 47 0 13 22 16 4 19 6 1 39 42 21 29 37 10 12 45 22 35 30 42 2 30 26 26 30 31 40 49 35 37 16 
7 20 15 0 16 14 25 39 2 22 41 6 17 36 23 45 11 11 9 30 2 2 23 16 41 18 37 46 37 24 30 7 17 
2 27 14 10 0 23 45 49 21 33 34 8 2 47 14 41 3 35 21 29 41 6 35 15 35 4 24 49 27 29 3 29 42 
34 39 15 10 9 0 36 39 17 11 10 19 19 15 15 45 5 47 44 2 4 2 17 12 17 12 30 6 49 46 23 42 31 
5 17 19 8 49 32 0 44 50 32 13 31 46 17 46 21 40 30 45 30 36 1 26 41 17 28 48 48 30 31 40 22 38 
18 39 14 48 47 38 6 0 16 50 3 22 40 37 16 1 16 9 17 19 2 43 6 30 30 27 2 30 1 34 14 19 43 
42 43 28 28 33 23 43 43 0 39 15 37 49 5 1 31 13 47 32 22 15 22 20 46 13 10 34 21 45 8 5 32 36 
34 29 49 45 38 24 34 36 24 0 27 13 28 20 32 26 26 22 17 4 3 43 5 21 22 47 16 19 49 3 49 35 34 
34 2 15 26 3 37 25 24 49 36 0 41 46 8 18 44 29 9 46 24 41 2 29 43 29 9 27 48 22 6 35 34 26 
42 29 45 18 17 1 24 36 42 31 5 0 7 14 26 14 30 23 41 41 8 25 44 33 5 9 36 18 26 39 4 19 14 
3 16 4 29 24 26 12 8 22 39 50 21 0 25 36 16 33 14 18 50 16 44 27 1 48 47 40 10 32 34 48 47 39 
13 41 5 49 22 36 6 47 29 34 36 37 45 0 12 31 23 21 35 13 22 4 4 20 26 16 6 33 34 17 31 25 25 
42 11 9 34 32 17 11 29 12 3 37 11 42 15 0 4 35 10 37 11 49 35 26 36 10 21 29 34 16 3 23 31 49 
9 11 45 35 4 47 42 4 24 35 10 1 17 10 35 0 2 3 48 25 30 20 26 40 17 25 50 13 3 34 45 26 40 
23 39 2 31 20 19 32 14 46 7 26 1 17 36 43 12 0 45 33 14 6 49 2 29 34 21 29 10 4 34 39 21 29 
10 20 29 29 8 4 32 35 16 12 34 14 1 40 1 40 7 0 2 9 2 32 20 42 21 10 19 11 42 10 29 30 8 
37 47 42 47 7 15 4 41 1 30 40 38 19 16 34 32 28 20 0 47 32 31 19 48 40 29 8 19 40 44 41 25 38 
32 26 27 4 49 5 33 43 49 18 2 3 31 5 3 45 35 29 14 0 40 32 48 28 19 50 3 18 50 46 14 48 11 
5 2 6 43 39 31 33 24 38 5 34 13 18 45 9 25 5 25 5 15 0 27 36 7 35 49 9 4 47 37 34 48 35 
21 42 49 29 49 10 7 5 47 41 3 28 15 15 1 5 44 44 45 22 10 0 33 34 19 46 22 45 30 27 37 38 5 
7 49 42 27 47 31 26 46 19 50 19 37 34 29 20 34 9 49 4 43 39 26 0 26 39 8 30 34 28 16 27 29 10 
4 49 21 16 23 25 9 13 19 50 4 10 15 48 36 17 2 11 22 28 34 45 16 0 32 24 4 19 18 48 49 30 42 
22 10 33 36 9 5 11 34 41 41 25 40 23 17 24 11 45 17 26 6 5 2 26 9 0 33 40 42 20 6 42 16 20 
20 12 39 5 15 50 9 47 50 38 37 44 21 27 10 8 30 9 24 31 24 25 38 21 34 0 24 3 20 13 42 29 50 
25 5 20 11 29 20 46 45 9 29 6 17 15 33 39 6 30 35 40 47 18 36 47 46 25 18 0 22 41 48 40 34 8 
10 38 19 16 8 49 29 11 14 29 23 45 19 21 7 2 36 47 40 29 3 33 32 40 9 25 37 0 11 48 5 48 20 
45 48 8 27 14 24 49 31 7 29 34 40 13 2 27 4 12 20 6 1 50 6 6 27 6 30 7 34 0 13 19 13 9 
32 4 1 22 14 30 39 12 49 9 23 25 50 43 27 7 48 33 49 29 49 47 20 39 43 31 21 34 17 0 16 19 38 
16 25 8 10 2 6 41 33 32 45 2 42 34 31 28 14 3 1 36 30 21 35 11 35 34 12 29 33 9 5 0 46 33 
41 35 10 26 36 18 6 43 43 16 48 5 46 29 5 13 3 8 31 17 31 39 17 31 15 23 26 40 27 8 24 0 27 
49 19 2 50 22 3 29 36 45 43 38 5 38 6 40 6 7 17 30 2 24 30 3 2 18 29 11 13 42 16 16 35 0 
42 0 21 7 27 28 6 41 1 30 46 22 38 1 13 44 9 34 21 34 11 28 23 3 20 17 50 32 44 42 17 44 30 
28 3 0 13 17 50 14 29 2 26 30 22 29 8 16 1 6 35 3 30 22 33 5 8 19 19 37 10 28 25 48 9 14 
3 43 11 0 49 50 27 10 20 42 32 36 49 1 25 13 1 49 26 9 40 37 22 47 23 46 45 49 13 4 1 28 29 
21 9 27 15 0 6 3 7 9 43 10 30 1 20 10 18 44 25 10 30 49 39 19 27 31 47 39 4 6 28 47 17 42 
5 7 28 43 49 0 48 46 47 20 50 47 28 42 46 3 37 27 5 39 45 22 30 40 3 33 46 19 17 49 2 31 47 
44 39 47 14 32 26 0 46 27 14 33 29 39 23 49 39 1 37 18 29 24 9 22 21 25 18 26 10 3 30 29 48 19 
20 1 34 4 49 40 5 0 1 10 12 31 39 1 1 31 34 8 18 31 32 23 8 39 22 19 22 47 7 17 44 48 35 
36 11 20 22 15 36 2 47 0 13 29 15 47 42 32 25 17 46 26 45 12 49 16 46 12 13 13 35 28 43 48 35 16 
15 47 3 41 31 9 19 23 16 0 34 20 45 44 42 31 37 48 30 12 41 49 36 37 20 15 9 9 3 1 25 5 16 
45 49 32 46 29 34 36 37 8 23 0 46 15 47 2 19 21 33 49 30 14 37 45 17 29 10 33 26 23 50 17 23 42 
30 5 1 45 11 36 8 14 45 25 33 0 27 40 22 24 13 40 39 21 3 45 41 29 50 33 3 36 46 9 13 37 41 
1 5 35 43 2 24 11 48 41 17 20 12 0 12 40 40 38 10 14 33 12 47 21 47 39 26 1 13 8 50 12 6 32 
39 43 27 36 38 32 12 17 28 23 12 29 22 0 18 39 43 14 48 37 46 30 25 45 31 9 46 18 2 11 3 48 29 
12 39 23 20 14 5 1 29 2 17 35 24 9 19 0 18 8 12 21 45 3 26 11 2 14 48 47 27 42 14 10 7 25 
26 34 18 34 45 20 29 10 48 9 44 14 41 22 22 0 40 29 10 41 40 9 46 3 1 37 10 22 18 28 10 15 42 
11 10 48 26 2 34 13 42 43 36 5 18 18 38 23 26 0 25 38 13 4 20 17 16 31 31 17 47 36 49 11 32 38 
44 2 4 32 24 47 39 45 48 49 48 24 41 36 34 49 37 0 46 44 41 47 11 23 45 44 18 46 36 38 28 44 32 
4 18 25 16 35 42 3 29 49 18 7 22 19 43 40 46 33 49 0 49 3 18 42 41 33 29 9 38 7 2 4 8 21 
6 17 21 24 12 18 14 46 44 15 42 30 4 2 27 2 28 50 3 0 39 29 41 14 12 27 42 37 27 5 46 27 46 
11 37 16 2 22 17 35 15 35 4 9 3 1 12 30 28 33 36 29 2 0 1 19 42 15 4 10 47 20 31 38 42 48 
38 47 20 18 36 25 31 11 16 39 5 26 32 11 12 15 13 10 44 19 18 0 26 45 42 45 2 49 13 21 15 34 47 
13 12 16 5 43 12 43 9 6 18 36 13 14 17 33 44 49 32 8 22 45 23 0 31 13 2 28 23 35 27 18 41 2 
5 9 14 21 46 7 22 1 17 35 13 50 40 33 28 29 19 6 15 39 7 12 2 0 40 31 3 3 16 40 9 33 39 
27 35 9 6 3 12 48 42 10 8 6 10 11 32 23 20 1 44 16 22 4 3 46 43 0 7 24 41 43 5 7 12 9 
3 25 23 6 25 22 26 7 8 23 29 49 7 43 29 50 30 34 15 46 43 11 35 25 39 0 16 49 30 22 6 38 4 
47 48 7 37 9 18 46 29 18 10 15 31 25 47 36 15 46 42 13 21 43 16 16 43 40 49 0 17 9 23 47 36 3 
36 26 3 10 36 43 41 13 39 37 28 34 47 4 50 43 30 35 35 31 43 17 11 31 32 15 47 0 11 1 37 6 22 
24 12 46 50 44 27 30 3 1 1 33 7 39 33 46 37 49 24 29 39 13 6 10 20 15 23 29 21 0 46 31 12 2 
31 7 10 35 9 1 49 4 6 32 31 42 34 5 42 50 20 11 12 28 9 18 9 19 3 26 35 22 49 0 9 8 20 
40 32 27 33 23 11 28 49 26 25 34 32 26 19 37 10 31 30 2 35 20 35 43 13 48 42 33 33 16 28 0 6 47 
25 12 3 2 29 10 27 9 34 13 2 35 35 28 43 34 40 26 41 19 8 23 50 5 40 14 35 31 28 45 33 0 49 
19 37 8 15 17 35 32 22 3 43 2 7 33 9 29 21 49 50 44 41 37 37 39 2 12 48 13 16 26 47 32 39 0 
31 0 4 16 48 20 29 18 6 44 20 17 16 21 43 23 31 35 14 32 29 2 43 12 32 48 6 3 19 22 17 47 7 
11 14 0 27 30 43 31 2 20 32 38 47 18 21 24 31 19 26 33 31 12 15 3 37 38 43 34 50 14 27 49 35 28 
23 11 5 0 8 17 44 38 5 13 12 47 14 46 44 12 25 25 34 44 40 37 35 42 9 27 39 37 10 31 38 44 34 
4 20 45 11 0 19 24 3 33 45 26 50 3 7 24 43 50 22 26 39 43 6 45 41 39 19 47 31 28 7 29 24 25 
19 14 10 26 49 0 2 6 2 32 12 45 11 35 40 3 4 47 38 38 6 49 1 28 10 30 7 42 23 43 25 26 17 
3 25 35 43 14 17 0 1 21 21 38 12 45 1 31 4 30 45 28 31 19 41 19 27 18 36 1 47 43 10 33 9 7 
36 29 8 10 5 10 40 0 31 38 18 35 11 40 34 10 50 3 13 29 16 45 7 26 35 49 17 7 14 20 9 11 38 
30 5 10 22 23 44 25 35 0 38 1 32 23 34 16 28 3 42 48 40 47 5 43 13 29 3 24 12 38 4 27 11 30 
7 48 32 36 25 38 27 9 39 0 44 28 45 26 4 2 34 40 4 22 23 19 14 33 37 43 31 19 50 33 37 32 12 
40 3 16 37 35 43 29 5 21 32 0 9 12 15 19 4 50 23 28 49 50 6 39 11 43 15 45 43 44 19 28 26 3 
12 17 5 23 38 16 50 47 26 18 2 0 37 6 22 23 24 28 20 28 5 38 33 7 1 42 23 22 40 50 36 36 44 
6 7 50 49 14 31 13 7 29 3 24 38 0 37 25 38 43 23 19 16 50 1 21 15 29 11 5 32 15 44 10 47 41 
33 9 32 50 22 24 11 48 7 21 27 36 10 0 19 15 18 36 29 18 31 20 36 43 35 43 22 38 10 50 49 14 20 
6 33 6 29 44 38 22 49 9 18 44 31 45 29 0 20 43 40 14 29 15 43 16 22 47 16 47 8 1 37 2 49 9 
7 7 31 27 14 36 25 49 8 19 23 2 43 13 40 0 14 2 46 20 36 20 49 28 40 12 9 13 47 30 21 13 7 
20 35 24 39 49 44 30 5 40 31 7 24 44 20 5 4 0 7 45 50 41 33 13 39 9 30 41 15 5 24 28 19 38 
7 16 32 8 40 2 16 9 17 16 47 40 43 5 47 43 5 0 10 40 36 22 22 25 7 47 16 10 8 29 25 31 12 
12 20 17 28 38 47 14 6 29 41 25 17 17 49 17 26 44 22 0 1 14 38 33 17 36 42 25 12 25 43 8 30 42 
35 35 29 24 38 20 5 8 46 35 8 31 47 8 41 48 50 34 15 0 7 25 18 24 30 3 32 37 13 36 40 13 22 
12 33 33 32 21 43 38 25 18 43 18 3 26 37 39 34 35 14 26 9 0 44 23 18 18 12 49 21 7 33 43 22 7 
23 36 19 14 26 10 28 7 47 40 40 32 50 21 4 17 43 4 29 22 14 0 5 29 39 16 16 21 22 23 32 42 25 
22 12 31 41 18 25 8 26 37 20 13 4 33 37 18 41 45 5 14 30 14 1 0 43 19 7 30 49 11 39 6 34 15 
48 16 11 39 41 14 49 18 46 4 36 45 42 26 6 29 48 30 27 18 19 12 12 0 22 19 13 34 38 26 48 37 32 
36 48 6 18 27 30 1 32 7 46 35 11 15 48 27 32 25 21 13 9 29 16 47 36 0 4 39 21 28 31 11 42 48 
18 4 10 44 20 39 3 19 30 46 12 23 28 1 7 21 36 2 14 6 36 28 3 20 2 0 20 14 38 9 23 1 46 
4 37 44 12 39 33 12 36 18 44 30 33 5 24 9 4 33 50 43 29 47 37 13 40 2 40 0 43 50 25 15 10 8 
46 16 20 41 8 46 32 3 40 28 38 42 49 20 16 28 12 11 5 10 31 22 50 18 25 4 10 0 50 41 13 12 3 
35 23 38 39 5 18 46 38 19 40 39 19 49 21 42 32 24 15 39 14 11 1 28 24 17 2 17 4 0 36 32 12 28 
17 35 8 27 33 28 24 44 16 18 41 41 33 31 20 4 12 29 27 27 24 48 43 34 45 15 22 3 2 0 42 3 37 
28 12 3 14 14 16 49 47 41 45 49 44 10 37 41 37 33 13 42 7 6 36 5 20 43 25 32 19 6 21 0 43 24 
15 5 14 22 29 6 41 47 30 30 36 29 49 50 24 9 24 36 21 40 50 46 31 43 7 33 21 40 35 31 41 0 21 
3 26 29 6 24 20 9 27 23 46 27 26 50 26 21 43 1 23 46 20 1 3 24 20 24 21 15 46 35 1 12 50 0 
39 0 16 27 24 21 18 36 5 28 44 17 5 20 5 44 32 13 29 39 13 36 21 21 50 3 10 33 3 5 13 43 22 
34 28 0 37 34 50 48 23 33 38 41 43 8 37 20 1 19 27 34 33 7 12 50 15 19 46 27 21 12 36 33 50 15 
1 46 21 0 42 19 10 32 15 6 6 25 45 29 14 14 33 10 14 26 21 30 36 11 35 13 19 39 24 27 11 48 5 
42 29 7 42 0 49 9 1 18 3 19 1 6 25 20 40 33 13 39 3 22 7 30 35 16 36 37 30 50 22 9 39 46 
9 21 4 1 8 0 23 35 2 14 9 19 12 35 5 10 44 30 7 11 39 9 27 49 12 44 41 6 13 29 2 47 45 
30 6 48 5 17 40 0 26 41 4 1 8 48 12 23 31 31 27 37 21 15 48 50 37 33 22 42 7 17 17 22 23 13 
13 24 32 30 8 6 27 0 40 32 21 35 8 19 1 1 21 11 26 36 43 32 32 47 31 19 15 33 25 33 9 24 33 
29 46 36 38 41 1 24 22 0 10 31 34 28 16 30 15 21 42 36 6 42 37 30 32 31 28 2 12 43 23 2 7 23 
47 3 30 23 16 13 30 10 2 0 14 34 1 49 19 15 40 1 12 34 47 4 33 47 49 15 5 11 39 40 32 50 8 
24 11 32 13 50 42 6 30 7 46 0 40 23 47 31 33 9 37 23 42 11 19 10 20 14 7 31 9 12 3 41 21 20 
15 26 28 38 38 3 40 10 7 4 41 0 8 43 24 3 34 22 2 3 17 41 40 40 14 42 18 7 20 34 45 27 16 
25 20 8 21 4 46 21 35 33 33 4 15 0 20 12 22 33 28 25 40 1 39 4 30 26 36 14 46 21 46 20 26 13 
27 26 33 23 17 32 30 27 31 18 34 8 36 0 25 45 30 47 25 42 9 5 27 27 22 40 33 36 41 50 1 40 14 
7 42 38 44 30 49 17 47 45 14 21 22 21 23 0 40 12 20 17 25 22 29 18 9 1 49 12 33 34 47 40 27 31 
28 21 2 44 37 1 1 48 9 46 14 41 7 5 2 0 18 44 24 22 34 27 19 35 39 34 38 46 18 16 33 50 6 
37 40 45 50 21 46 25 19 16 27 13 34 4 18 45 45 0 11 16 41 24 19 44 5 10 37 13 11 50 6 33 33 26 
46 9 5 17 11 2 48 48 49 3 18 50 6 2 36 17 43 0 1 8 1 43 27 37 44 36 35 13 9 36 26 14 33 
45 38 38 46 14 29 34 9 18 43 25 17 27 5 4 36 28 45 0 8 5 26 32 33 20 23 11 31 26 40 39 13 24 
39 35 6 19 14 40 3 14 18 49 33 50 3 20 17 31 32 28 32 0 41 19 10 8 13 5 18 24 3 48 8 20 30 
31 1 28 42 50 36 22 38 42 44 37 27 50 34 17 3 45 1 45 12 0 8 22 6 30 28 43 15 46 17 1 17 11 
30 4 20 2 43 25 31 46 7 44 49 26 23 31 13 22 1 21 8 48 13 0 9 22 9 46 48 15 8 22 26 22 42 
27 27 48 47 15 16 10 20 20 49 5 15 23 31 8 47 30 43 45 46 43 20 0 48 22 32 11 7 45 11 24 25 32 
22 8 49 46 33 17 7 36 11 39 28 14 4 8 37 15 41 18 28 29 31 27 49 0 8 30 27 15 4 9 16 10 47 
25 24 43 16 33 13 15 14 37 10 35 5 43 34 19 25 25 42 5 43 46 47 2 46 0 9 41 17 6 2 4 28 46 
29 31 40 30 15 21 33 28 4 14 43 21 42 45 16 47 9 41 30 18 11 18 1 28 22 0 47 7 42 47 9 12 33 
33 39 26 12 44 39 10 4 9 27 40 32 5 31 5 15 25 20 48 12 24 10 36 12 30 12 0 9 19 15 42 32 45 
3 10 39 4 19 4 3 21 31 27 9 34 28 19 24 42 43 42 17 27 12 50 10 23 4 15 33 0 32 31 42 39 18 
45 45 30 46 42 2 47 21 18 28 31 47 2 2 34 11 39 17 27 24 25 6 34 3 50 17 50 5 0 22 21 41 40 
38 42 40 34 40 29 1 42 46 46 9 34 19 13 21 3 31 22 44 14 15 16 43 39 11 27 46 25 2 0 42 50 47 
37 42 10 11 12 1 22 10 17 35 28 29 48 50 34 37 46 47 24 1 28 27 25 23 49 1 23 13 33 26 0 40 4 
47 12 48 28 4 11 41 31 1 34 48 31 38 14 42 12 43 9 29 6 19 49 20 10 17 37 12 12 28 9 27 0 42 
46 25 33 36 3 7 33 36 6 43 1 44 30 45 35 35 9 12 20 25 47 35 36 48 42 38 12 18 50 30 4 42 0 
7 0 6 35 14 32 6 9 37 27 44 50 26 49 27 31 22 3 27 3 17 39 3 45 11 40 35 45 16 45 16 37 27 
40 9 0 38 24 10 21 4 4 3 33 48 3 36 10 50 16 8 40 15 23 28 38 4 4 11 24 25 48 12 44 43 11 
8 23 36 0 40 39 7 13 32 24 50 14 6 6 42 26 30 35 29 8 6 2 15 50 3 6 34 14 36 47 6 42 10 
41 38 46 13 0 24 10 27 2 28 34 49 28 24 48 49 20 49 45 13 34 36 37 10 44 24 34 35 6 44 27 35 18 
8 5 15 18 47 0 14 6 26 2 7 28 19 16 22 29 9 36 45 38 2 44 9 24 4 29 3 39 41 26 22 9 2 
49 31 21 20 33 32 0 23 36 40 38 32 30 9 42 28 2 5 27 21 50 39 33 25 50 31 12 39 44 25 16 1 31 
49 27 20 36 2 9 26 0 4 22 3 13 6 27 45 45 38 26 38 36 49 2 9 13 16 6 21 39 22 43 30 11 24 
38 2 31 33 22 43 1 47 0 1 17 29 36 21 19 24 37 17 2 18 38 30 2 29 40 15 5 30 32 20 5 12 42 
42 39 19 25 15 13 17 34 37 0 40 48 35 31 27 46 38 47 3 6 41 13 24 45 36 23 41 18 18 14 20 27 47 
5 37 45 32 50 49 23 4 36 35 0 1 41 5 45 9 38 9 42 35 18 50 22 30 19 45 34 2 24 45 49 20 18 
14 1 31 45 33 15 38 48 31 2 6 0 28 24 4 32 29 32 31 9 22 35 9 48 34 8 26 37 17 48 49 9 37 
15 33 28 4 15 15 6 45 5 37 38 48 0 17 2 45 42 3 24 42 15 40 49 33 5 4 47 37 7 29 22 1 32 
43 19 13 41 27 29 15 18 26 15 18 49 22 0 50 18 7 31 46 15 25 8 45 48 17 50 23 50 18 29 49 17 33 
36 6 5 48 39 5 15 25 9 25 40 26 31 35 0 34 4 30 31 26 33 8 27 25 49 22 47 41 4 29 47 39 28 
49 35 13 16 45 20 18 27 31 41 16 33 6 23 36 0 16 40 46 39 48 23 34 26 10 32 7 27 42 14 11 46 13 
36 13 27 47 23 18 10 10 13 50 3 18 12 42 44 50 0 12 26 15 34 9 41 5 16 10 4 35 39 43 26 14 20 
45 4 47 44 46 39 43 23 37 29 36 24 32 9 48 40 13 0 28 31 38 47 13 4 45 8 11 38 20 34 21 18 38 
36 33 23 9 46 1 4 23 33 43 47 31 6 31 35 1 6 45 0 27 15 46 26 24 33 50 2 36 35 2 24 39 17 
11 49 38 49 36 40 44 13 25 9 5 5 16 24 40 28 27 37 14 0 39 44 3 42 11 9 41 9 45 15 19 21 10 
4 31 20 8 44 36 16 16 1 15 41 38 21 20 17 27 13 9 9 16 0 10 1 23 9 7 28 41 46 32 50 48 7 
38 46 1 36 4 32 35 42 21 49 39 30 13 5 40 39 24 33 32 7 10 0 5 50 3 8 12 2 16 45 20 35 1 
17 35 50 26 19 32 23 31 25 18 45 12 13 44 47 2 38 2 22 49 19 41 0 47 33 46 48 28 43 31 19 47 1 
14 38 13 28 6 15 20 43 10 2 33 43 10 39 41 15 16 1 29 44 49 36 33 0 27 39 17 30 22 4 31 1 7 
22 45 48 25 31 19 46 23 32 30 40 17 9 4 24 8 8 14 28 31 40 4 3 29 0 5 37 40 40 36 49 40 30 
2 27 22 16 41 16 35 47 5 6 12 19 47 16 18 35 44 22 15 41 3 21 17 19 42 0 20 21 45 29 7 38 34 
41 11 16 33 33 8 18 42 29 31 26 34 43 34 32 39 19 6 46 14 35 49 27 31 10 4 0 25 22 46 40 19 48 
19 28 29 37 1 36 2 36 5 23 12 23 45 33 27 8 38 32 26 23 11 24 49 42 34 35 23 0 30 33 46 46 39 
13 28 15 15 6 46 39 33 5 10 10 12 38 5 37 27 28 18 34 15 15 46 37 46 30 38 3 16 0 13 22 3 9 
28 23 10 17 19 12 3 42 43 44 19 2 15 38 4 30 49 47 3 16 12 32 25 17 41 20 36 18 44 0 23 21 33 
7 1 35 16 45 20 9 16 15 43 22 22 28 36 32 42 35 24 18 16 20 38 48 46 48 44 26 49 27 35 0 49 20 
23 36 45 14 3 38 36 29 39 38 1 20 11 4 40 5 39 44 34 20 6 5 14 20 4 40 19 1 44 10 39 0 30 
44 2 49 42 42 18 40 47 38 40 28 32 37 28 35 44 5 22 11 34 2 29 15 19 23 25 11 14 20 35 35 29 0 
50 0 22 27 10 6 48 13 21 4 37 33 17 27 32 34 26 5 25 47 23 50 5 29 15 37 31 19 18 8 26 27 4 
5 50 0 33 16 2 26 38 7 9 40 30 16 47 49 42 42 41 35 10 46 39 12 29 45 44 13 23 26 29 46 14 29 
11 29 12 0 28 49 19 25 29 37 40 15 11 26 13 18 39 39 28 27 23 17 32 16 43 21 39 23 40 4 13 29 13 
27 2 6 19 0 37 15 43 23 11 31 9 50 47 19 20 31 45 34 37 2 19 41 12 29 14 20 7 11 47 35 25 24 
12 3 34 24 8 0 50 3 25 36 5 12 36 23 16 46 3 20 42 45 21 27 27 45 36 41 27 5 18 8 33 26 26 
6 35 38 45 35 46 0 23 45 31 12 17 14 29 26 7 48 24 5 42 5 41 5 48 35 9 49 34 32 46 36 17 3 
30 37 31 38 28 2 18 0 24 20 50 40 15 11 31 7 15 21 7 45 4 42 21 36 2 38 4 37 37 13 42 50 46 
46 14 35 43 46 19 20 22 0 38 18 36 41 16 34 24 28 42 19 12 39 42 14 12 9 1 29 1 25 15 31 11 29 
1 45 20 48 47 14 20 2 37 0 23 17 24 36 46 37 5 31 9 46 45 31 11 5 32 2 26 43 17 18 46 8 7 
8 8 41 22 14 26 32 28 49 10 0 2 20 48 39 24 6 43 47 44 6 35 16 48 40 40 38 47 21 22 3 34 42 
16 10 17 28 5 16 41 6 28 18 47 0 21 10 35 35 13 3 37 25 22 2 2 22 42 10 2 32 26 30 11 6 46 
26 11 4 38 23 46 2 28 6 39 29 18 0 20 28 31 6 4 34 19 36 29 13 40 15 38 25 19 4 34 15 27 17 
12 1 46 49 31 47 41 7 36 48 16 14 23 0 5 22 33 22 27 23 46 43 21 17 13 22 40 1 48 28 48 44 41 
13 12 6 19 33 32 25 7 43 13 50 32 47 27 0 42 33 3 37 33 8 43 31 25 42 35 33 27 42 47 44 30 38 
4 26 1 12 50 4 50 40 2 16 3 31 21 36 17 0 46 49 18 45 42 16 36 48 33 37 15 35 1 6 33 11 50 
33 13 29 22 26 31 34 50 37 43 6 28 29 45 21 49 0 17 32 44 29 49 39 22 19 28 19 25 36 19 50 35 20 
6 3 48 9 8 45 20 18 35 46 5 24 30 21 4 43 44 0 36 35 25 40 32 2 45 41 10 45 8 7 48 31 38 
9 37 22 26 48 13 42 22 12 26 45 3 34 49 39 7 15 33 0 42 34 16 10 30 24 1 3 19 48 50 13 12 38 
16 18 15 43 50 29 45 32 44 13 13 15 38 49 12 42 22 39 43 0 25 6 47 23 49 8 48 25 45 45 45 22 49 
15 8 38 17 35 46 8 37 38 11 40 3 48 16 37 3 42 27 26 12 0 21 38 32 19 46 16 36 2 4 50 38 50 
41 15 1 31 11 46 8 26 32 7 37 46 8 20 2 43 12 23 4 18 19 0 11 29 27 26 20 21 19 11 6 33 38 
23 41 12 33 16 7 42 47 20 1 31 14 1 37 11 26 15 43 40 32 46 20 0 31 31 36 24 5 41 25 39 15 26 
25 49 23 17 8 19 28 5 31 8 49 19 30 16 27 40 10 46 5 18 17 2 42 0 4 11 31 48 43 3 1 23 31 
36 6 40 2 15 44 19 46 16 36 1 39 22 13 1 21 47 15 32 30 35 47 10 23 0 7 20 7 27 22 36 3 31 
36 18 34 25 26 25 26 16 27 9 3 31 1 4 32 48 30 27 46 38 19 43 47 39 47 0 17 45 46 38 42 25 31 
33 20 3 5 30 27 45 22 40 17 3 26 45 29 22 4 38 9 48 45 40 16 12 43 21 45 0 29 10 31 30 28 36 
34 23 49 31 1 27 19 4 32 24 48 2 41 22 45 18 45 42 8 29 45 31 41 18 8 11 34 0 35 48 36 42 10 
40 17 42 22 30 41 3 11 40 44 13 17 18 11 2 50 1 11 15 39 23 50 42 4 33 31 24 41 0 44 35 6 47 
33 38 13 25 30 23 39 4 39 47 39 1 18 25 50 48 9 35 34 38 22 3 38 40 25 38 40 49 18 0 12 18 6 
38 17 34 31 48 28 20 29 23 11 50 27 11 42 37 9 32 26 33 9 1 19 25 30 1 23 50 42 33 40 0 36 28 
29 34 13 2 41 20 50 31 15 6 16 12 3 12 30 34 2 32 18 43 30 9 5 20 42 5 31 26 28 29 46 0 34 
25 23 48 28 29 35 19 13 26 2 45 45 3 14 27 39 44 16 40 1 22 44 48 21 29 43 10 36 39 25 3 37 0 
10 0 33 37 31 15 2 6 18 14 6 17 29 15 10 17 29 28 42 32 13 39 46 12 31 26 27 49 36 26 33 24 2 
49 9 0 36 21 27 47 25 42 11 23 38 17 27 19 6 19 26 32 8 47 44 41 48 15 21 6 5 38 3 20 43 32 
32 16 31 0 7 25 47 2 32 17 40 2 16 8 46 4 7 22 31 10 44 25 27 9 8 11 21 1 22 42 38 39 41 
31 7 35 12 0 39 50 44 30 30 26 30 4 40 32 7 26 2 49 17 23 10 49 7 5 8 23 47 5 46 31 41 30 
1 11 36 2 11 0 43 18 22 37 31 15 49 47 5 19 29 14 25 20 43 22 17 31 33 50 30 5 16 4 40 34 50 
36 1 3 29 47 6 0 16 10 31 45 37 30 34 8 9 3 5 19 41 22 11 48 9 35 31 4 3 31 39 2 19 47 
47 15 14 47 2 40 32 0 9 10 11 13 27 30 2 49 42 22 2 12 35 49 13 39 38 42 19 49 44 4 35 21 29 
27 40 34 20 45 12 2 15 0 37 33 12 1 36 32 5 30 5 11 9 38 41 34 48 34 27 26 5 34 42 39 6 25 
40 34 1 40 18 30 47 11 1 0 47 49 17 2 38 3 11 14 20 39 43 27 34 39 43 42 1 43 20 8 19 24 49 
28 38 12 3 32 15 12 26 14 49 0 38 45 36 32 33 39 24 45 20 23 50 13 48 6 46 9 48 17 37 28 3 32 
24 1 40 14 27 50 29 49 8 14 29 0 28 47 44 8 11 19 5 47 14 49 1 49 15 40 6 8 24 18 45 39 36 
46 6 22 36 43 19 12 24 16 21 16 37 0 34 21 10 2 1 38 49 33 32 40 34 23 2 25 25 22 43 6 32 13 
25 44 33 42 23 23 18 50 43 24 48 29 36 0 13 31 20 47 6 23 30 47 7 5 7 22 49 34 18 45 41 31 10 
39 3 13 41 38 18 30 29 21 50 40 9 42 5 0 38 40 44 5 25 38 34 3 17 18 39 26 20 25 39 50 6 3 
43 39 41 33 50 41 32 30 27 44 9 48 18 47 16 0 18 11 45 25 40 17 43 26 36 37 45 3 13 48 6 41 21 
45 38 16 3 15 5 40 4 24 46 12 41 44 20 50 43 0 11 3 14 44 26 16 36 50 14 5 47 5 38 19 32 22 
4 39 4 31 31 13 4 7 5 21 16 21 32 36 42 17 46 0 11 2 46 42 47 46 29 2 16 40 11 8 35 16 5 
14 41 38 6 17 20 12 49 50 7 39 6 50 15 19 28 13 30 0 10 28 18 36 30 7 43 25 30 16 23 43 49 21 
5 12 8 42 49 37 1 27 49 4 47 36 8 41 29 37 48 12 48 0 28 26 39 38 29 12 31 14 42 41 47 26 7 
8 19 1 39 8 28 30 27 30 34 30 14 40 45 50 3 46 43 18 12 0 46 21 45 17 24 29 31 18 23 9 37 3 
28 41 28 39 40 41 29 20 32 22 49 43 9 24 40 17 32 12 47 48 29 0 15 11 38 24 35 15 29 48 13 4 21 
48 28 36 49 17 11 13 6 14 49 30 24 23 3 8 1 40 14 36 12 13 39 0 24 14 30 41 15 6 27 50 23 19 
19 29 45 32 38 41 1 22 49 41 34 31 35 38 15 22 27 15 39 35 27 42 8 0 9 4 23 19 27 46 7 29 14 
26 11 6 45 8 27 13 50 14 15 13 22 6 43 30 43 26 44 30 13 11 39 43 27 0 21 37 28 16 22 24 26 43 
12 20 5 24 32 21 14 1 2 40 22 12 29 36 3 12 43 27 2 2 28 17 3 38 19 0 29 24 22 49 47 28 40 
40 21 10 36 38 7 11 5 31 29 11 22 18 31 49 35 34 17 24 46 22 24 16 45 17 18 0 5 4 48 42 2 5 
13 32 23 9 26 18 24 37 16 48 22 49 7 32 20 39 31 39 38 33 24 32 19 16 6 15 20 0 21 2 8 8 39 
27 6 10 37 8 40 9 17 44 37 31 25 3 17 39 35 48 17 23 9 5 20 31 31 13 7 3 12 0 49 4 36 8 
40 33 22 1 23 34 31 41 30 22 39 38 2 44 14 39 27 35 23 35 36 49 35 8 26 29 24 2 38 0 48 19 41 
2 23 35 20 46 39 13 15 36 32 29 33 31 44 30 19 43 14 35 15 31 1 23 41 48 15 26 44 11 30 0 4 33 
4 49 37 29 10 45 44 39 22 9 49 4 21 3 27 32 50 5 9 24 14 5 10 1 1 44 23 31 13 19 4 0 7 
29 47 30 33 8 1 10 49 21 47 43 23 2 19 21 46 39 44 45 7 21 31 19 49 40 36 29 16 23 14 26 3 0 
5 0 43 26 24 23 44 25 49 45 11 4 17 12 37 50 32 24 27 43 20 25 48 36 48 28 31 43 22 23 45 27 8 
21 40 0 19 10 44 47 24 45 19 46 12 11 28 3 38 4 37 47 42 46 21 7 29 8 7 28 47 42 2 4 26 1 
34 46 46 0 23 19 40 38 27 4 49 1 29 37 26 21 26 44 40 35 27 3 31 37 15 11 11 3 17 1 33 43 16 
20 11 27 32 0 7 15 35 47 9 16 43 22 7 1 22 32 7 22 48 12 19 50 49 3 9 32 12 8 38 22 27 22 
6 35 9 26 49 0 40 19 30 5 39 18 38 39 16 8 11 40 21 10 30 35 32 47 21 13 24 23 25 4 28 10 38 
39 22 16 22 42 46 0 34 18 3 19 7 31 33 11 15 44 25 1 18 17 12 48 37 25 38 39 14 25 17 45 26 28 
30 30 49 17 50 36 20 0 45 38 43 28 17 26 17 38 2 10 30 50 3 10 43 27 42 36 42 34 4 33 9 1 8 
43 29 2 3 12 49 44 39 0 32 24 29 20 21 21 50 22 1 12 16 38 45 23 18 37 4 8 32 9 2 17 13 29 
42 20 24 47 15 36 41 11 36 0 12 22 37 14 7 22 15 42 13 3 22 44 14 13 21 11 15 49 4 17 36 37 15 
12 1 28 1 48 4 7 16 22 5 0 3 34 1 32 24 48 37 18 17 40 14 42 36 28 8 3 36 1 38 37 45 50 
25 7 26 14 30 21 18 39 6 38 1 0 40 12 29 20 30 42 2 18 50 19 48 2 20 15 1 44 45 18 7 28 35 
10 3 10 45 7 10 18 16 50 28 34 27 0 41 46 17 29 34 7 9 36 19 46 32 27 6 6 49 30 28 23 22 50 
10 16 30 10 20 26 24 33 34 2 50 42 14 0 25 29 20 34 15 12 12 48 43 17 15 22 33 39 1 12 39 39 27 
7 35 17 26 17 8 9 9 34 27 3 18 46 40 0 14 31 27 30 46 13 12 11 2 18 50 15 39 37 37 23 21 45 
13 23 36 30 8 4 4 27 6 3 28 22 40 49 20 0 32 20 8 24 33 44 27 16 46 34 50 27 2 20 23 22 11 
6 8 5 23 5 35 24 24 27 19 7 9 33 30 28 1 0 46 7 18 29 49 39 1 37 8 40 46 9 27 2 8 34 
31 18 16 32 45 47 27 35 35 1 6 25 20 7 14 4 22 0 26 6 13 5 44 12 17 8 18 16 16 39 15 47 25 
12 23 29 15 14 47 7 49 31 33 44 48 33 27 18 2 26 43 0 37 1 46 46 29 38 6 49 25 27 32 11 47 21 
5 32 14 47 29 49 40 26 20 8 32 23 50 14 35 31 1 14 41 0 46 28 46 29 16 44 41 10 16 22 30 18 20 
37 24 44 2 13 22 24 27 4 12 32 39 14 7 38 42 15 44 27 18 0 21 1 43 9 3 48 3 38 40 25 4 40 
40 13 37 27 21 33 19 30 41 14 43 17 14 41 3 38 3 18 1 28 4 0 50 50 36 32 36 50 16 19 36 37 29 
9 43 50 2 21 12 22 33 26 48 27 7 9 26 45 13 45 16 36 23 25 26 0 36 40 14 1 45 35 34 3 11 6 
28 14 9 22 42 2 17 42 46 19 3 7 23 43 28 6 41 37 21 4 1 15 5 0 33 7 10 38 20 18 37 49 24 
37 22 30 45 18 24 21 44 49 45 27 6 24 30 17 21 24 40 45 47 33 8 6 13 0 10 26 15 33 14 47 24 9 
20 30 20 2 14 34 38 18 17 27 5 7 38 50 10 27 43 18 47 28 43 2 41 30 17 0 17 36 43 9 39 30 2 
21 18 37 45 11 16 7 41 2 27 31 6 3 49 26 11 17 38 40 46 1 46 16 18 39 40 0 36 48 48 46 9 28 
47 3 37 20 14 15 17 27 12 6 27 17 22 36 27 18 42 26 26 21 49 35 2 25 2 19 7 0 21 31 9 43 6 
18 4 9 1 13 6 48 3 22 14 35 46 20 50 47 4 13 18 7 23 21 39 29 13 2 13 18 45 0 9 46 47 4 
13 21 49 19 27 27 6 36 29 24 49 36 1 6 5 3 22 3 8 14 2 20 36 30 26 47 49 1 38 0 3 44 26 
17 31 33 49 2 29 27 37 13 22 45 47 40 43 13 46 8 16 23 6 38 34 2 43 35 19 43 31 28 5 0 49 26 
31 23 20 20 24 7 1 44 26 22 1 31 25 40 40 33 34 4 44 22 30 38 39 34 29 40 14 33 36 47 9 0 8 
23 20 17 17 24 43 23 1 16 30 31 16 33 22 19 46 30 11 47 25 12 28 47 43 35 36 42 34 43 18 9 30 0 
14 0 43 8 6 23 23 10 41 32 43 7 50 8 23 2 7 22 18 4 26 50 35 47 46 23 25 33 38 2 39 8 48 
22 2 0 3 40 14 13 23 7 1 6 44 19 21 47 35 13 35 35 13 25 15 33 30 30 47 13 34 49 41 22 39 43 
35 9 29 0 7 21 12 44 10 46 47 26 45 41 29 25 26 40 21 4 18 27 34 33 39 22 23 44 2 30 25 17 29 
18 1 34 13 0 19 29 42 24 41 3 30 19 8 36 39 18 38 8 10 20 19 22 17 2 26 40 35 48 18 42 30 21 
30 47 27 41 45 0 13 8 11 29 31 28 24 4 15 32 37 35 26 14 23 15 47 11 46 34 33 37 29 45 45 6 49 
24 9 39 12 9 48 0 24 26 50 50 42 39 45 43 49 12 9 48 13 43 29 8 7 33 37 32 7 13 26 30 17 34 
26 29 1 45 26 20 29 0 37 3 39 24 16 6 23 2 41 34 26 20 47 33 14 21 16 3 7 26 28 42 11 50 20 
33 8 14 16 43 4 36 40 0 19 27 40 40 35 42 28 14 30 16 29 1 11 20 2 12 8 35 43 20 45 2 46 42 
39 4 33 48 10 36 49 31 40 0 30 28 7 24 31 32 12 30 12 48 26 33 49 9 14 7 2 9 8 12 17 45 18 
31 49 1 31 9 30 5 44 18 49 0 12 31 42 46 39 27 4 32 40 34 4 21 9 41 46 20 42 8 28 41 19 23 
36 11 26 26 30 1 3 50 7 5 8 0 35 38 28 22 11 13 32 5 31 27 12 14 11 40 11 36 40 38 48 16 28 
30 39 46 31 20 14 48 4 29 41 28 50 0 13 25 4 18 48 32 46 47 36 39 47 25 48 16 36 20 16 13 13 10 
39 31 6 49 33 41 41 50 35 2 2 37 34 0 15 49 15 8 18 43 7 2 20 42 41 43 22 34 5 28 29 39 16 
28 19 11 32 20 5 36 7 41 46 13 35 38 10 0 41 34 17 22 13 48 21 7 8 20 40 15 7 12 8 36 22 6 
14 36 9 16 4 17 46 3 33 36 16 7 8 7 4 0 33 31 50 38 7 17 41 46 22 12 42 43 5 49 24 49 5 
25 7 22 2 1 26 30 1 26 10 15 35 41 1 12 33 0 12 24 31 9 48 16 40 23 41 38 5 13 25 42 4 9 
38 11 33 2 36 3 32 6 20 38 32 7 27 11 32 11 30 0 10 43 25 43 41 8 9 17 49 11 14 22 18 26 35 
7 6 48 30 19 11 48 10 42 26 39 11 35 34 46 31 7 44 0 34 16 49 29 16 47 4 24 35 37 42 19 34 3 
12 47 1 22 13 2 42 19 13 34 33 17 3 48 25 34 4 31 7 0 28 34 11 36 28 40 2 27 46 27 11 18 24 
43 36 49 38 33 25 18 6 3 16 3 16 47 49 45 7 49 2 34 12 0 13 7 20 2 12 24 32 12 26 46 43 2 
16 10 25 17 49 38 1 29 13 2 25 19 8 20 32 41 7 20 48 25 27 0 7 12 36 17 47 26 10 44 7 31 7 
23 1 1 37 24 28 8 12 1 6 49 11 32 1 44 42 43 41 5 6 49 18 0 26 9 49 40 1 2 12 41 36 7 
22 19 46 8 20 45 17 30 13 37 25 22 8 1 4 16 4 35 18 3 2 25 9 0 6 26 42 38 35 28 6 50 11 
20 43 40 14 5 37 23 48 25 26 44 13 44 4 1 49 36 35 49 28 23 34 6 47 0 11 41 32 28 8 33 2 7 
37 14 2 16 12 41 11 18 12 21 29 26 32 46 12 23 42 40 50 43 8 23 38 37 37 0 43 4 15 5 45 41 43 
25 37 26 30 2 35 37 45 24 31 16 3 5 31 15 15 29 10 37 18 33 10 50 14 27 16 0 30 20 38 47 14 18 
31 37 2 46 21 33 21 7 4 5 19 28 8 35 32 7 28 40 36 46 9 23 10 15 38 13 4 0 37 6 18 8 28 
18 49 23 19 30 20 45 47 39 31 15 29 41 23 7 42 34 23 42 49 11 18 9 8 27 37 9 9 0 30 35 1 36 
48 42 11 10 13 13 28 9 46 40 7 28 8 32 25 16 6 12 3 33 27 10 17 50 40 15 43 43 12 0 36 18 4 
31 29 32 50 13 48 30 21 46 34 3 22 11 31 1 46 13 43 3 19 33 18 10 38 25 11 20 48 21 35 0 47 10 
22 4 48 29 50 25 4 9 32 32 37 43 7 45 39 9 15 47 31 19 34 50 22 13 20 44 25 2 28 33 1 0 12 
37 44 50 8 33 22 47 38 40 45 37 1 31 18 32 30 23 11 33 25 4 28 26 23 32 36 10 7 1 3 31 49 0 
32 0 26 6 13 46 31 26 44 1 44 30 40 13 22 32 3 13 45 29 17 50 26 8 10 18 27 27 48 12 40 38 38 
14 39 0 20 6 12 19 35 43 36 40 25 11 49 37 11 11 4 8 44 6 24 14 50 6 19 47 46 19 4 29 33 11 
7 42 26 0 24 2 27 41 45 10 37 32 11 2 47 11 32 17 17 45 4 47 32 15 1 40 14 37 15 23 17 39 8 
8 14 5 7 0 12 37 9 27 17 49 47 38 32 39 4 22 36 15 2 38 34 29 14 25 28 26 35 39 40 26 22 43 
48 25 4 39 42 0 4 20 30 9 19 38 48 36 28 19 1 11 16 30 9 16 1 24 30 50 31 30 36 3 21 37 41 
28 4 40 7 36 16 0 30 32 45 23 30 16 41 17 40 1 8 35 28 25 47 13 28 48 2 25 39 12 25 34 28 39 
32 47 21 33 38 12 16 0 46 36 48 15 43 22 9 39 34 42 29 29 18 43 12 45 15 26 43 6 12 27 19 7 11 
45 42 34 45 47 7 13 46 0 19 33 40 50 49 35 26 44 36 6 21 46 6 10 46 20 3 7 7 46 6 5 19 18 
41 5 49 31 25 45 38 35 17 0 34 49 11 23 45 16 41 17 13 26 22 49 11 6 36 46 15 42 41 1 17 41 15 
14 23 9 45 37 46 19 42 18 37 0 30 23 11 36 47 8 41 16 30 43 30 48 20 30 49 13 35 10 3 48 34 50 
43 35 47 1 37 22 5 22 44 34 4 0 12 32 34 25 11 18 34 50 36 38 48 36 17 4 30 46 24 11 9 40 21 
3 31 30 27 39 47 22 20 12 8 50 46 0 44 8 49 16 39 25 43 20 48 49 13 46 49 31 48 8 26 31 11 35 
45 34 10 1 4 48 23 22 13 31 24 30 48 0 40 23 46 31 31 36 37 17 20 23 5 19 34 28 8 49 15 45 31 
47 15 2 11 49 48 13 41 2 21 7 18 25 33 0 48 9 9 2 27 46 45 25 19 25 11 6 33 20 21 15 24 48 
37 43 33 34 39 13 48 34 18 45 35 46 14 6 30 0 36 37 19 50 47 38 50 37 23 47 28 50 44 16 43 21 38 
48 9 32 33 50 14 21 46 5 44 28 50 41 23 12 6 0 26 47 34 2 16 27 11 38 7 11 38 11 14 5 19 26 
25 48 49 5 25 47 36 23 49 4 43 45 22 37 33 24 17 0 45 18 19 9 20 22 21 49 44 26 40 27 11 33 50 
26 2 26 43 25 7 31 30 11 12 4 13 35 16 16 21 29 14 0 45 19 38 50 18 6 26 28 6 31 22 47 46 38 
21 44 19 21 11 40 50 10 14 39 8 47 17 10 37 33 29 6 12 0 13 16 14 12 26 34 20 18 47 2 50 8 15 
16 16 42 42 47 45 10 39 15 36 5 50 43 21 40 17 41 23 3 17 0 35 34 22 7 32 44 37 42 23 4 8 14 
31 43 31 1 18 46 36 34 46 23 48 31 10 13 34 13 31 1 6 29 48 0 42 30 33 44 36 10 4 8 19 17 12 
28 42 20 50 40 39 50 46 37 19 21 13 36 42 48 20 11 25 11 23 48 30 0 16 39 14 49 8 32 36 33 27 28 
7 37 4 18 44 34 23 42 1 11 43 30 22 18 47 3 38 41 44 34 8 45 14 0 48 26 31 37 42 32 18 10 5 
43 43 6 49 38 30 26 27 2 19 22 38 38 37 18 46 2 5 45 45 39 43 20 13 0 23 6 43 13 48 32 11 33 
1 38 38 29 12 48 15 9 15 18 33 39 23 27 11 39 13 41 40 28 24 15 16 50 23 0 44 27 32 37 14 29 20 
9 39 37 50 50 40 35 4 40 36 31 22 11 31 40 46 45 4 50 8 43 33 9 37 23 38 0 6 19 22 34 22 2 
40 13 31 34 41 12 40 24 7 36 38 38 35 45 40 42 4 31 38 33 14 21 28 26 30 50 28 0 12 34 16 33 7 
15 29 33 48 1 6 5 34 15 27 2 7 46 22 2 29 48 14 16 42 46 39 39 19 35 5 5 41 0 35 28 41 41 
4 31 23 7 12 42 42 48 26 4 19 38 20 22 31 9 49 50 15 20 1 41 11 27 41 15 14 47 2 0 15 50 37 
37 12 3 16 49 46 17 7 23 18 16 43 20 1 50 14 25 46 43 36 14 21 41 13 20 47 16 48 29 45 0 47 12 
5 32 2 9 19 16 11 3 33 9 48 34 25 19 8 40 15 50 23 6 22 15 24 16 21 41 46 3 30 19 28 0 28 
21 5 38 38 50 42 46 10 36 40 3 6 23 7 38 2 39 27 33 29 23 41 40 41 9 36 38 29 20 9 24 14 0 
31 0 20 13 21 31 20 40 24 5 14 21 32 12 18 44 14 3 44 14 4 36 50 6 30 15 48 30 15 5 18 40 27 
17 39 0 25 4 45 18 21 20 37 10 24 9 20 8 29 41 42 24 26 26 46 20 29 32 14 33 6 34 41 25 20 38 
24 45 16 0 24 43 40 20 36 24 44 17 27 26 48 10 7 19 39 24 31 42 14 32 48 11 44 40 12 12 38 30 13 
41 36 35 26 0 43 6 48 2 4 41 3 2 4 2 6 17 23 49 15 2 2 39 47 11 13 18 13 50 1 9 24 36 
15 5 36 40 13 0 34 14 14 41 22 28 1 11 30 45 9 38 24 39 14 24 28 11 2 40 25 14 26 43 49 2 45 
18 18 38 49 17 17 0 5 40 35 2 11 31 11 46 1 33 24 5 12 27 21 11 13 37 44 34 1 38 21 39 21 42 
20 33 34 43 43 46 43 0 22 20 50 29 22 18 31 42 45 25 31 2 39 38 25 25 8 6 1 5 33 17 17 19 46 
32 19 11 29 12 8 40 29 0 12 41 8 21 32 41 20 14 43 7 14 40 38 32 5 45 8 27 38 42 41 11 6 3 
31 33 41 49 20 14 33 18 41 0 24 27 48 18 5 26 15 32 41 40 11 3 29 9 50 15 17 21 36 20 48 38 2 
36 5 40 50 1 21 45 30 24 47 0 49 15 5 8 28 4 2 24 11 50 21 45 1 2 25 41 35 4 43 48 49 43 
36 26 13 13 15 27 14 12 47 10 37 0 7 30 44 46 7 39 17 35 46 38 38 31 41 5 39 25 11 37 42 37 27 
49 6 30 30 46 15 40 26 11 50 4 11 0 9 44 23 31 45 28 15 27 13 3 6 48 45 22 9 27 2 4 25 5 
24 10 9 25 15 16 12 25 27 9 36 39 35 0 21 32 11 16 45 16 9 28 11 14 46 1 32 36 24 6 14 24 8 
25 49 38 49 36 48 17 29 16 40 50 5 18 17 0 14 25 40 49 11 8 38 17 28 13 47 14 24 34 31 39 19 14 
35 29 15 36 33 34 26 19 28 37 43 39 11 10 29 0 34 18 11 34 8 4 17 20 8 22 25 3 23 25 34 48 28 
21 37 20 39 3 29 42 7 23 43 30 1 24 40 3 37 0 35 40 16 21 5 12 10 19 9 7 15 8 32 3 44 45 
39 16 18 25 41 40 32 40 19 28 35 12 38 20 35 33 23 0 16 38 35 19 28 23 10 28 1 31 46 14 35 26 20 
49 36 12 8 22 28 47 46 9 26 2 28 27 48 32 40 23 33 0 36 16 16 9 27 12 43 8 48 40 10 36 26 35 
2 16 14 3 8 27 11 45 20 43 27 43 27 45 34 30 20 41 24 0 32 50 10 5 40 9 1 16 15 31 7 37 23 
50 17 27 12 35 29 32 46 22 41 46 24 33 34 35 49 25 19 20 19 0 13 44 36 42 11 24 44 7 12 46 15 14 
6 5 43 10 19 23 45 41 9 29 10 9 15 31 8 25 17 18 40 13 37 0 18 10 7 31 35 1 12 36 25 35 27 
27 33 18 28 42 25 30 3 24 29 10 35 34 27 28 30 16 19 41 45 7 2 0 27 39 45 37 29 35 22 33 6 34 
45 34 33 33 14 31 34 42 38 38 39 8 8 26 23 5 7 21 46 17 35 40 20 0 25 6 30 33 5 46 46 31 41 
24 27 41 50 45 45 17 36 36 50 7 20 13 19 31 20 15 25 28 1 37 40 50 5 0 15 8 27 35 48 29 46 43 
7 49 35 32 36 23 10 12 5 11 31 35 33 1 12 37 49 14 41 21 18 31 4 34 27 0 36 36 37 18 32 39 7 
4 15 13 15 34 49 35 42 16 16 47 27 9 16 22 14 47 41 36 34 39 26 26 27 45 1 0 6 50 37 24 44 23 
22 24 32 19 38 48 4 50 30 49 6 2 35 28 26 12 15 22 41 28 46 6 19 29 40 37 21 0 33 44 35 6 43 
22 24 5 35 34 4 27 50 38 37 4 40 20 24 42 17 26 45 36 16 33 17 28 17 6 3 30 1 0 27 21 7 46 
44 14 31 11 23 42 28 11 46 42 41 10 2 30 9 17 45 4 8 50 50 41 10 6 47 38 30 31 25 0 26 23 17 
31 9 47 7 44 31 45 35 18 25 20 42 26 18 15 26 45 14 6 23 13 8 46 4 4 25 15 35 12 47 0 37 21 
19 24 29 44 34 2 23 14 10 24 32 26 21 18 31 29 24 4 37 12 20 1 5 24 13 43 3 19 17 10 23 0 21 
38 50 24 2 39 22 43 43 41 42 13 39 26 21 33 37 45 37 12 9 10 26 1 19 20 6 31 41 49 5 48 1 0 
2 0 11 38 22 44 30 40 2 12 44 21 28 38 16 48 43 10 17 25 30 48 15 11 13 50 6 32 34 42 2 45 36 
44 13 0 38 15 33 12 43 16 48 11 48 17 5 23 31 4 8 38 31 33 31 19 3 38 1 25 23 39 48 7 11 10 
50 36 34 0 25 29 34 10 49 24 10 32 38 17 45 9 27 25 29 26 4 22 12 6 26 10 1 15 9 40 4 18 42 
50 38 18 20 0 39 7 26 25 29 33 9 21 37 16 21 6 17 46 15 19 32 8 39 38 30 9 15 29 20 2 9 21 
42 41 38 29 28 0 39 39 19 4 1 25 39 4 35 39 45 30 9 42 45 40 50 11 43 50 30 40 30 42 47 6 27 
24 39 30 47 28 42 0 29 28 8 47 16 31 33 50 35 45 21 20 49 11 11 15 32 43 31 46 30 48 49 9 27 7 
46 49 15 16 6 42 18 0 39 31 14 37 43 34 30 10 1 46 46 10 22 49 45 17 10 7 38 17 32 13 32 30 50 
20 10 35 35 36 19 40 29 0 3 11 31 47 28 39 10 1 36 29 2 4 49 6 9 1 32 6 9 18 26 37 27 49 
35 38 23 24 46 26 16 27 7 0 31 20 38 15 20 32 19 29 16 46 34 30 26 1 15 2 34 3 30 11 22 4 17 
35 32 13 41 17 36 6 11 14 25 0 47 18 37 21 37 12 24 40 40 10 41 43 20 9 38 8 22 12 23 36 16 36 
28 3 4 33 8 42 2 43 11 36 21 0 6 29 33 29 32 48 42 7 21 32 44 26 42 13 4 3 9 14 44 39 29 
9 12 40 34 17 4 4 33 38 47 49 6 0 23 14 30 5 30 41 15 32 30 46 4 35 27 12 21 5 39 44 29 17 
47 42 47 18 43 45 15 44 38 24 33 35 45 0 21 20 49 24 49 29 24 30 8 49 14 8 6 7 5 34 50 45 45 
19 33 9 31 18 13 13 35 26 21 44 6 13 20 0 40 7 43 22 31 41 15 6 37 40 43 33 10 37 39 10 11 38 
29 39 17 13 12 40 32 12 36 45 49 10 14 44 2 0 39 17 50 13 12 20 5 30 13 46 19 38 35 3 26 47 16 
11 7 28 24 3 27 45 4 41 19 5 21 8 28 27 50 0 32 22 21 39 47 49 19 25 10 4 18 44 2 47 10 11 
49 33 49 8 16 28 36 40 6 10 22 1 1 9 6 18 43 0 38 4 32 5 8 19 13 39 4 15 50 10 2 2 44 
10 44 23 25 30 20 35 4 36 31 34 38 28 18 24 1 48 50 0 1 14 44 29 7 41 14 37 20 13 14 37 31 5 
9 28 42 7 37 31 39 24 4 50 46 24 25 32 36 21 30 15 2 0 10 1 38 50 32 38 33 12 44 50 22 41 50 
1 29 30 50 26 18 14 17 12 28 11 45 33 33 16 32 1 49 34 49 0 35 22 4 21 28 10 19 5 20 46 24 32 
9 46 24 46 3 36 45 13 1 35 48 24 28 6 49 6 17 30 43 2 39 0 43 15 30 26 9 22 17 49 10 48 17 
4 29 36 37 10 20 30 16 4 21 48 50 24 30 44 23 12 14 38 40 4 23 0 43 17 31 44 21 44 14 29 14 42 
38 32 20 49 20 12 46 48 50 28 48 18 45 15 7 46 16 50 5 35 23 8 14 0 32 36 20 6 16 50 37 2 25 
8 7 13 42 10 45 3 50 18 41 41 26 25 26 23 16 38 25 28 15 24 30 20 30 0 19 39 13 1 6 31 48 14 
26 23 11 39 3 15 36 21 47 6 17 33 18 38 7 11 48 40 28 26 9 37 2 28 37 0 33 23 21 33 3 44 38 
43 27 1 3 15 34 14 23 39 7 18 19 13 38 13 32 33 2 4 16 3 23 5 39 22 33 0 2 20 42 15 39 45 
13 30 40 41 38 4 47 14 27 5 37 3 20 33 16 50 21 42 39 31 50 28 35 20 23 12 31 0 32 32 44 31 24 
19 23 7 34 48 23 45 29 6 40 40 48 36 3 20 39 18 3 50 1 27 9 46 35 45 20 18 26 0 24 15 32 33 
25 14 34 47 27 33 2 49 47 10 25 10 39 37 34 20 43 42 15 29 45 31 47 10 28 22 39 29 5 0 19 6 42 
8 8 24 23 19 23 13 35 2 2 4 18 34 36 47 8 36 49 34 32 50 4 38 44 17 25 20 5 45 24 0 45 29 
5 34 2 32 14 12 2 20 30 31 28 44 27 30 26 42 26 31 43 7 36 24 42 5 20 30 7 45 4 8 41 0 28 
7 26 14 1 34 16 45 25 47 14 3 20 26 45 18 37 49 28 30 14 31 39 43 31 42 48 12 34 6 8 17 22 0 
40 0 50 37 1 17 26 8 10 36 18 10 22 22 23 30 25 13 20 46 26 29 27 47 19 34 33 10 37 4 12 20 40 
48 32 0 30 26 8 18 21 24 21 20 28 13 29 22 9 20 19 38 22 36 12 42 43 14 3 19 18 34 17 22 7 25 
49 21 25 0 41 43 4 17 46 49 23 6 10 49 35 40 12 24 40 19 17 40 34 28 7 39 17 23 40 50 37 8 50 
14 4 15 9 0 48 19 27 15 21 27 37 40 37 34 15 19 29 6 10 27 3 41 35 16 43 18 2 27 32 28 46 13 
16 6 46 46 20 0 31 15 5 13 5 46 14 47 39 20 6 2 4 11 44 27 31 47 24 19 50 17 30 18 1 33 43 
31 25 25 31 38 20 0 50 48 42 6 14 49 45 21 19 4 49 46 25 29 18 2 36 35 10 23 27 21 15 35 38 13 
22 4 34 23 15 40 18 0 32 5 13 3 22 18 49 29 48 32 13 32 23 26 5 26 29 39 40 21 16 43 29 34 7 
18 1 27 42 38 46 40 9 0 29 44 24 5 50 15 17 11 44 30 40 3 4 16 38 18 28 5 34 25 19 3 39 26 
30 46 4 17 23 38 10 36 23 0 24 44 33 31 21 30 25 24 11 22 14 40 31 4 3 14 9 14 34 13 15 40 26 
5 49 26 5 11 1 39 6 20 5 0 30 31 22 5 38 8 26 10 2 9 31 26 36 49 42 2 4 15 24 27 24 8 
34 18 29 32 46 25 14 24 22 17 45 0 36 2 24 32 9 22 7 8 3 14 31 46 29 13 27 14 10 47 25 32 43 
31 22 47 4 27 6 12 1 46 29 38 15 0 32 1 48 18 20 45 43 18 20 21 45 4 23 50 20 19 12 5 27 48 
35 2 5 30 28 29 33 17 45 7 7 36 44 0 32 48 13 30 46 40 3 32 15 24 11 28 43 31 28 37 44 40 42 
3 40 30 31 46 19 40 42 13 27 23 13 15 9 0 11 41 2 7 39 16 15 24 16 21 28 45 2 35 48 5 31 1 
18 15 34 4 2 18 18 12 6 49 41 6 42 12 46 0 19 33 41 26 30 6 24 28 29 25 10 3 1 17 6 45 8 
47 23 46 50 26 7 39 35 40 28 11 17 34 11 29 16 0 49 34 2 7 30 1 46 44 38 5 29 43 15 17 46 1 
4 33 10 20 17 47 44 26 2 41 41 28 14 11 46 14 32 0 37 3 34 4 38 29 46 27 2 12 21 28 47 21 24 
33 10 13 1 2 10 50 2 40 26 6 39 11 18 30 28 10 16 0 12 28 14 12 47 16 5 14 44 15 36 23 49 5 
21 18 46 4 48 45 13 23 38 1 44 28 33 40 36 9 22 35 12 0 13 36 43 10 21 13 48 46 38 16 35 17 18 
28 1 19 44 23 27 30 16 3 40 41 14 19 20 34 16 29 35 44 1 0 12 36 20 28 8 26 41 1 49 26 7 3 
34 26 50 32 22 43 36 46 6 47 11 47 2 46 2 44 14 31 10 32 42 0 16 7 43 32 41 36 48 36 29 17 28 
34 39 30 43 20 3 45 36 49 49 46 15 25 24 26 12 24 48 38 18 16 26 0 12 18 19 7 1 31 7 39 11 27 
30 34 14 14 17 9 24 12 37 24 33 44 21 42 19 8 15 24 24 38 42 49 12 0 8 27 13 24 14 2 14 29 11 
38 20 36 42 11 12 46 15 24 26 31 42 44 19 48 28 39 43 16 34 15 23 36 31 0 22 6 38 5 36 11 10 24 
45 22 6 2 7 27 48 4 28 10 15 16 18 20 15 9 15 47 25 9 49 46 46 16 34 0 5 20 6 25 42 30 14 
17 8 48 22 14 47 21 12 46 13 7 6 9 21 13 3 41 30 40 39 37 2 25 50 26 40 0 18 3 8 42 29 36 
31 1 50 11 23 44 45 18 26 13 13 37 40 41 8 14 42 17 16 46 3 41 27 15 34 48 46 0 25 29 19 5 5 
34 21 26 8 22 3 30 47 35 22 13 24 39 39 11 36 32 5 11 41 27 34 34 40 24 35 28 25 0 49 21 40 7 
9 9 3 19 16 1 42 39 38 19 11 31 29 4 27 45 38 10 43 25 9 14 28 50 37 37 34 38 26 0 6 49 14 
33 6 16 30 37 42 21 32 13 22 4 8 23 3 11 21 8 33 37 39 29 15 49 46 31 3 32 30 18 5 0 13 32 
21 48 49 23 38 47 9 47 40 12 12 37 10 20 28 35 26 13 30 43 19 11 36 18 8 21 50 34 10 41 14 0 9 
10 23 38 26 5 39 34 11 25 41 49 17 4 13 37 11 26 48 5 5 25 20 14 10 12 31 15 18 48 25 37 50 0 
48 0 4 28 38 33 2 30 37 30 19 19 28 13 19 15 46 35 39 9 13 37 9 34 40 9 29 14 25 24 16 14 1 
5 50 0 20 1 35 50 29 24 19 18 26 7 2 36 48 44 17 20 34 10 17 25 13 39 20 39 29 5 38 6 13 14 
6 19 24 0 14 50 14 11 35 10 35 44 20 33 28 38 24 31 21 8 5 33 5 34 30 37 31 31 47 21 25 36 14 
5 13 2 34 0 13 35 45 3 9 49 50 32 31 44 6 43 1 5 24 18 48 9 32 2 35 44 27 19 34 15 15 36 
49 31 15 21 27 0 4 11 47 27 5 47 34 5 3 50 44 25 38 46 16 2 19 16 47 31 50 50 20 8 26 20 45 
35 15 34 1 30 36 0 17 48 45 27 42 44 12 49 47 33 45 34 44 46 19 49 34 31 16 18 40 27 5 42 40 1 
35 2 49 40 19 49 14 0 40 22 49 22 26 27 23 35 33 4 17 25 24 32 25 26 37 31 3 36 12 46 41 43 3 
37 41 9 10 50 7 14 46 0 20 5 24 21 27 9 4 44 33 7 24 38 17 16 19 10 27 13 9 17 14 2 45 32 
6 20 39 36 14 25 34 47 4 0 30 4 28 1 6 10 23 49 43 30 39 18 6 36 21 23 49 34 37 48 48 32 19 
11 43 15 8 21 19 30 8 23 27 0 34 38 13 42 10 21 4 37 18 22 23 6 14 1 34 18 14 15 42 48 49 7 
48 36 18 9 41 3 2 31 13 23 17 0 41 22 49 9 31 40 13 33 12 30 11 46 6 29 15 24 3 5 16 17 26 
29 28 40 27 24 2 31 2 35 37 10 1 0 39 24 29 36 9 33 25 29 15 37 27 38 41 13 30 26 29 50 27 47 
6 42 12 45 9 33 8 39 33 32 27 44 1 0 46 17 6 37 38 45 22 41 38 11 42 1 2 37 12 22 5 23 36 
11 13 45 48 12 35 27 27 26 37 47 34 11 34 0 37 45 47 24 40 41 5 5 7 19 32 21 44 8 47 46 17 28 
10 42 33 39 1 19 44 2 12 18 47 5 42 27 32 0 18 15 42 16 48 15 32 31 6 7 27 17 42 41 20 31 30 
20 19 24 19 1 49 44 28 31 39 30 37 9 2 28 5 0 39 27 43 5 31 20 14 28 11 28 33 25 2 3 12 42 
38 17 36 23 3 14 17 17 48 38 18 27 2 44 48 5 49 0 13 3 15 27 26 50 1 6 47 8 24 17 19 26 29 
27 39 50 42 17 5 2 26 11 27 7 43 2 37 27 18 31 29 0 27 40 50 48 15 13 18 35 18 7 6 44 1 29 
13 40 50 14 45 6 38 45 11 28 5 1 19 8 49 19 20 41 44 0 38 43 37 29 30 24 37 25 32 38 45 21 17 
27 28 31 13 38 14 23 25 41 33 29 23 43 15 44 11 37 50 38 15 0 1 13 37 27 11 20 40 8 32 6 7 17 
7 38 24 41 27 37 32 6 18 19 48 11 8 7 37 9 44 15 46 39 8 0 6 17 15 42 5 2 18 25 16 44 35 
26 13 16 6 42 3 34 50 18 32 47 32 15 26 19 5 33 31 15 17 11 19 0 9 1 22 10 50 23 36 14 32 3 
26 13 36 45 41 32 18 41 32 46 21 27 9 35 50 16 36 47 35 44 2 27 24 0 8 4 15 35 32 4 11 15 5 
50 45 7 2 41 25 15 2 13 24 36 16 49 33 42 37 10 34 38 39 29 39 2 49 0 40 29 41 26 48 37 38 21 
31 16 27 15 29 48 26 12 33 34 31 28 41 9 10 22 23 48 22 21 23 27 26 11 44 0 8 13 13 34 39 5 27 
37 15 35 33 7 28 9 13 9 27 6 46 8 24 8 31 20 20 4 50 15 17 48 5 41 16 0 22 21 35 13 28 45 
29 5 42 27 24 27 16 46 40 10 13 47 21 30 4 20 50 33 44 15 35 6 13 20 17 31 42 0 41 6 38 28 46 
49 12 18 4 33 32 7 43 5 9 11 6 5 2 34 11 13 3 22 3 20 14 10 24 43 22 10 44 0 36 25 40 2 
32 17 48 9 13 50 38 19 26 2 10 27 46 7 15 16 47 32 29 4 17 25 27 36 2 44 12 11 22 0 14 8 30 
19 9 24 39 4 26 48 13 15 3 28 19 4 33 29 36 8 45 47 4 47 36 35 8 41 13 7 19 39 28 0 47 12 
45 30 9 37 34 27 12 22 34 16 40 14 48 9 32 20 16 27 4 27 17 4 34 33 25 16 48 42 19 30 25 0 38 
7 16 25 24 25 42 2 31 34 26 21 32 47 21 11 33 31 38 3 12 25 20 46 41 47 26 12 18 29 21 4 5 0 
41 0 3 8 32 35 8 45 25 26 23 44 42 34 3 36 5 6 16 11 31 27 13 13 38 21 34 28 49 30 34 3 13 
22 17 0 41 45 14 29 49 24 44 29 37 3 26 5 8 45 41 8 13 14 11 24 28 29 40 21 12 1 31 46 45 42 
21 32 20 0 18 13 42 41 28 17 37 37 48 26 11 12 16 26 33 9 22 22 39 2 49 39 12 6 44 18 48 43 48 
35 46 32 44 0 35 41 33 49 18 35 47 24 37 31 3 29 9 46 25 49 38 23 20 32 30 22 29 1 36 48 11 20 
45 40 14 31 29 0 18 31 36 1 10 5 37 43 29 12 9 10 28 35 22 23 45 11 12 26 1 15 14 12 33 14 20 
25 27 30 47 17 22 0 50 41 15 40 49 28 18 34 39 2 10 21 41 9 14 39 47 50 30 2 6 29 4 18 24 18 
47 36 12 16 49 16 42 0 38 28 45 7 34 47 33 45 42 13 13 5 42 42 5 7 37 31 31 18 16 17 22 37 48 
17 31 32 33 22 23 4 44 0 29 4 32 19 33 14 3 48 8 14 16 42 13 33 27 42 30 26 36 19 48 27 21 7 
8 9 18 17 2 13 20 40 10 0 11 13 38 24 38 4 18 28 21 8 4 6 46 36 34 4 40 3 47 38 36 47 3 
33 25 11 24 47 37 46 46 44 27 0 32 2 20 39 18 42 23 18 41 28 19 18 1 13 24 34 13 12 10 24 2 25 
15 11 6 49 27 30 22 41 25 13 10 0 30 14 34 15 16 22 11 25 20 45 20 34 16 25 49 1 13 25 35 36 20 
25 8 38 10 34 20 16 43 47 1 3 6 0 8 22 49 41 19 48 40 49 50 32 31 46 27 41 25 29 30 9 17 40 
27 40 5 7 47 6 32 3 46 32 24 44 17 0 28 8 4 50 11 44 28 45 38 21 44 28 43 33 44 45 37 14 39 
35 13 30 18 18 43 45 14 16 37 3 18 9 37 0 29 49 34 22 29 20 15 40 46 40 20 12 30 4 23 39 9 10 
19 36 10 4 49 40 36 8 17 31 12 9 35 4 35 0 41 14 35 11 24 8 45 24 46 18 41 49 7 13 41 42 28 
29 44 49 24 28 25 50 44 36 22 3 35 28 37 5 16 0 27 40 40 38 29 35 2 25 12 14 37 9 41 30 45 26 
39 35 30 41 5 11 13 40 35 17 39 37 42 40 18 31 36 0 34 30 24 1 5 49 45 43 24 13 14 39 42 4 6 
27 28 46 44 8 15 11 17 27 1 3 12 46 16 34 23 47 6 0 24 8 1 21 25 35 36 35 49 32 49 49 2 44 
14 33 10 14 44 25 24 21 23 14 48 1 2 37 49 27 41 41 18 0 33 19 46 6 7 3 12 8 23 16 30 19 28 
49 10 49 14 7 20 29 22 33 3 36 38 24 25 34 49 37 22 41 9 0 31 19 26 18 28 4 12 32 17 1 6 43 
45 20 2 42 39 36 21 21 12 47 1 16 11 19 33 28 29 10 37 45 39 0 11 48 31 35 31 36 4 9 47 6 32 
48 44 43 5 23 42 11 1 1 21 47 35 19 10 8 9 21 34 4 8 15 11 0 4 35 23 22 7 8 50 18 13 15 
42 19 19 18 27 29 5 37 50 36 44 19 14 13 12 26 24 27 33 25 43 48 18 0 37 40 8 32 2 36 3 1 34 
9 33 44 1 41 40 33 43 30 18 9 29 18 36 22 10 10 32 34 24 36 39 22 44 0 1 33 28 20 47 4 1 47 
35 10 11 31 20 12 36 34 45 41 46 26 40 39 19 5 36 23 42 5 20 28 49 20 12 0 1 50 8 13 14 46 26 
18 13 45 8 25 42 41 49 46 50 30 45 44 47 4 12 14 24 34 25 12 47 27 7 12 41 0 20 20 12 28 22 31 
45 20 9 28 45 12 30 45 33 44 9 20 49 4 27 16 47 38 44 39 30 22 15 21 36 38 47 0 35 22 21 38 19 
28 49 1 25 39 26 17 3 44 40 42 19 38 8 9 9 14 5 23 24 34 34 1 23 5 38 43 8 0 15 46 23 12 
6 41 42 1 3 3 27 21 21 42 46 41 30 47 33 28 29 38 21 18 49 14 35 45 48 28 20 1 34 0 10 38 48 
17 31 13 48 16 8 6 12 28 2 3 43 38 11 44 9 5 15 29 27 26 5 14 42 6 48 3 26 34 27 0 38 12 
4 48 24 50 34 36 13 22 33 10 41 47 12 42 7 38 35 11 47 19 31 11 23 12 18 21 42 19 6 30 29 0 1 
14 41 40 41 37 44 26 20 2 8 45 17 15 17 31 15 41 16 42 23 31 19 31 43 25 12 33 13 44 45 16 3 0 
31 0 40 34 21 3 17 1 41 36 27 18 24 17 7 48 2 41 28 29 40 39 6 21 46 10 48 16 25 12 14 26 8 
42 42 0 36 26 33 11 12 24 16 1 38 4 2 8 26 19 15 32 23 17 16 27 15 26 19 38 11 6 1 26 29 23 
2 10 32 0 25 22 23 19 31 16 5 25 39 19 18 44 3 22 48 11 31 41 9 42 16 28 11 7 46 50 7 23 40 
22 15 2 43 0 27 1 47 43 13 43 1 12 2 26 7 2 45 9 34 4 16 49 32 43 18 16 48 12 16 24 31 10 
32 36 17 4 16 0 2 26 21 1 18 18 49 9 31 14 2 4 5 2 42 23 20 25 24 34 10 25 11 4 36 27 40 
12 41 30 17 10 3 0 37 43 33 14 3 48 31 33 35 38 2 46 8 11 23 39 38 13 11 43 21 7 28 15 18 16 
42 28 38 18 1 48 42 0 1 19 9 9 10 18 27 44 1 25 37 9 8 28 16 18 23 4 18 6 18 33 31 15 19 
46 38 7 3 46 18 37 5 0 4 7 42 14 31 29 46 35 49 20 32 41 6 10 38 26 11 15 14 34 43 24 19 39 
44 41 14 31 21 42 6 8 1 0 5 4 22 25 5 43 25 23 22 20 13 49 25 13 36 50 32 43 32 4 4 12 30 
38 4 20 41 15 15 14 7 14 25 0 41 2 7 17 2 6 22 40 11 21 5 7 41 20 29 29 31 40 50 25 4 47 
43 24 34 22 35 3 10 8 8 13 49 0 25 34 11 30 34 31 37 10 15 43 41 26 32 13 1 13 37 35 25 8 40 
21 45 9 33 33 31 22 20 30 4 14 42 0 8 16 36 18 49 47 10 14 15 40 4 2 49 2 9 35 41 24 23 34 
6 10 5 40 3 47 1 1 16 41 36 40 28 0 34 25 48 15 45 38 38 16 44 25 32 41 8 35 32 22 37 29 6 
31 31 37 49 12 46 15 2 47 9 49 25 5 15 0 25 15 28 12 20 46 36 36 18 12 35 23 49 46 13 20 29 29 
12 30 9 48 48 27 36 19 30 37 42 7 46 50 27 0 27 33 20 4 11 18 34 21 46 13 25 14 39 47 20 39 27 
31 20 14 25 6 27 18 2 26 1 16 50 44 12 16 36 0 47 23 13 44 16 18 12 29 9 14 35 23 13 47 22 10 
48 15 26 27 37 3 22 7 3 3 35 17 18 22 2 2 10 0 29 43 25 8 46 11 14 8 35 17 42 43 45 39 29 
29 6 2 29 36 39 49 45 1 6 41 14 33 46 11 38 12 34 0 13 35 5 48 3 2 4 13 19 2 36 31 15 8 
15 7 38 12 20 24 16 21 30 49 24 2 5 48 31 13 25 29 31 0 9 32 4 25 32 4 1 25 23 21 47 9 21 
42 34 50 27 8 50 19 39 18 43 6 6 24 1 47 7 33 6 28 8 0 1 6 26 11 32 7 9 20 49 44 1 33 
41 4 10 22 49 4 6 25 11 42 42 40 49 20 9 4 4 19 41 15 20 0 1 21 37 8 39 46 2 42 50 40 25 
43 23 16 20 41 26 8 29 1 3 48 9 14 36 13 13 48 5 16 31 3 36 0 14 40 33 24 14 10 9 5 34 11 
2 18 48 26 4 39 13 28 11 12 15 17 4 13 23 23 27 34 4 37 34 10 22 0 7 10 26 38 18 13 48 21 47 
20 37 7 47 39 37 9 10 43 39 20 42 22 47 37 21 1 42 34 26 2 48 28 43 0 46 42 16 29 1 46 16 13 
42 19 48 17 7 26 34 40 25 44 44 46 41 31 35 14 40 18 17 22 15 46 46 22 10 0 15 2 47 21 31 9 47 
23 7 1 4 50 20 15 26 8 45 1 8 4 32 2 16 7 3 40 34 30 45 49 47 24 26 0 8 42 25 38 19 45 
35 48 23 35 31 32 14 20 3 42 14 20 45 38 19 28 13 36 41 18 42 25 18 29 8 5 31 0 24 12 23 1 21 
26 7 23 7 10 18 36 26 40 20 32 39 31 30 2 36 8 31 30 39 47 1 4 10 30 45 27 27 0 2 41 8 31 
41 44 44 39 15 12 19 45 1 16 29 22 44 30 49 29 3 45 17 32 43 13 24 26 4 14 27 15 42 0 10 24 49 
12 1 48 37 36 13 22 46 13 36 39 32 22 32 16 1 47 49 24 7 25 27 38 29 21 19 36 2 36 4 0 4 42 
42 31 11 44 33 12 44 40 24 21 19 8 24 42 4 22 48 27 19 43 36 17 25 35 13 19 17 17 28 21 11 0 9 
32 47 41 42 22 23 19 35 6 34 34 4 8 31 5 29 16 14 4 10 36 11 6 25 6 26 31 14 46 27 13 3 0 
11 0 11 26 27 2 12 1 26 8 34 38 3 34 21 28 32 15 38 1 14 17 2 24 21 42 16 37 46 42 6 40 29 
22 31 0 44 48 5 28 28 5 14 29 2 2 23 4 42 36 48 49 49 9 27 49 37 9 37 5 36 37 26 5 34 3 
45 10 31 0 3 27 30 28 37 11 47 1 39 50 22 49 39 24 2 49 44 7 32 2 24 45 36 11 1 43 41 29 9 
45 49 8 14 0 23 40 9 19 22 13 49 30 48 48 9 16 7 48 13 25 7 41 47 13 8 8 8 42 19 28 45 20 
19 43 44 2 14 0 35 16 35 43 30 22 44 34 23 26 48 27 46 44 46 29 5 3 5 3 46 6 16 33 17 50 45 
19 29 12 6 5 8 0 2 22 32 29 32 27 19 3 30 36 32 11 16 24 34 50 41 15 40 39 49 19 30 50 3 27 
31 28 26 5 11 20 44 0 19 44 22 14 1 23 26 37 50 16 20 34 23 2 26 11 19 39 48 16 16 9 34 43 33 
27 6 47 42 27 26 25 13 0 17 47 30 13 37 41 42 15 3 50 4 10 16 30 25 5 17 7 17 14 4 28 11 11 
29 31 25 17 29 45 23 41 46 0 22 6 6 47 48 33 49 6 2 13 10 30 34 17 47 32 43 25 21 10 11 9 40 
36 19 34 6 16 25 36 9 27 14 0 15 45 25 20 9 19 24 18 8 3 16 2 31 46 15 29 36 37 20 3 31 35 
13 17 20 28 15 28 33 31 16 5 33 0 17 19 23 22 12 34 7 47 42 4 7 24 35 39 39 42 38 40 50 39 24 
33 30 32 9 1 31 5 47 36 27 38 12 0 19 14 27 42 7 25 3 14 7 40 32 7 43 35 40 26 36 45 42 17 
16 10 35 40 41 13 12 4 2 50 6 27 20 0 13 17 25 12 50 31 16 47 25 17 43 49 26 17 16 42 29 11 42 
35 21 46 10 30 38 2 45 13 50 12 8 34 5 0 38 30 19 15 15 37 14 27 21 41 43 42 41 15 47 46 12 24 
39 15 42 49 18 8 45 24 48 37 3 47 14 10 10 0 44 39 37 48 27 15 25 28 9 1 5 17 38 47 37 49 18 
39 39 19 20 14 39 12 11 21 41 39 28 25 24 28 33 0 33 48 27 10 48 36 10 15 38 34 48 14 41 8 28 11 
39 36 9 25 42 41 31 50 25 38 7 24 36 1 34 27 27 0 35 6 50 11 39 20 4 30 4 32 30 41 49 20 13 
14 28 39 39 16 4 41 43 17 28 35 11 29 36 30 37 50 22 0 37 7 3 28 1 50 17 6 45 39 9 1 9 27 
18 44 10 8 12 45 11 24 44 13 33 34 5 9 25 44 24 45 31 0 20 12 14 11 37 27 39 23 11 9 3 35 17 
19 9 44 35 27 22 26 5 11 14 13 40 45 18 46 8 31 1 15 14 0 21 39 15 4 34 24 31 24 23 1 15 42 
29 17 15 47 16 40 18 3 20 26 10 48 1 21 42 10 44 15 31 8 38 0 22 46 31 44 40 2 4 41 2 33 11 
50 22 12 29 4 50 43 41 34 13 44 45 30 18 4 13 32 22 31 8 20 7 0 5 8 21 35 4 26 39 15 12 18 
44 50 49 30 10 14 7 44 22 40 25 26 28 2 1 27 37 39 22 20 22 25 41 0 43 18 5 8 19 47 18 3 19 
1 26 2 30 19 24 4 18 16 37 36 31 33 30 30 20 34 27 39 50 43 43 47 20 0 10 6 13 5 7 38 48 5 
38 7 25 3 1 22 8 13 35 5 5 36 39 10 11 38 26 39 36 20 29 3 27 9 30 0 33 21 14 12 49 12 28 
39 32 43 27 5 27 20 13 20 26 15 39 38 11 31 50 45 25 30 18 3 29 26 36 31 16 0 24 19 1 45 2 37 
43 27 48 8 18 35 33 49 20 23 1 3 38 38 21 19 2 22 19 37 20 44 26 10 6 8 47 0 40 4 1 13 26 
25 29 46 12 14 23 33 11 42 32 49 30 29 24 48 43 45 6 17 30 26 16 17 49 2 38 3 10 0 39 44 46 19 
11 26 29 9 42 10 5 30 40 9 46 39 46 46 32 32 10 4 45 48 35 33 50 10 12 47 11 27 21 0 23 22 49 
36 31 20 4 45 40 1 36 1 38 41 18 21 29 4 6 6 21 1 36 49 48 34 28 26 20 47 45 50 29 0 9 17 
37 47 3 15 27 29 38 21 3 10 48 48 43 32 40 34 44 5 21 1 22 37 50 39 47 42 28 26 43 6 37 0 23 
29 24 31 24 27 39 30 28 34 30 33 40 1 37 36 44 31 14 2 46 8 9 46 1 48 14 19 35 1 12 28 48 0 
24 0 25 19 20 2 16 7 5 25 44 17 43 5 11 39 11 7 34 46 30 4 41 16 21 29 31 26 13 21 46 27 22 
2 36 0 16 26 18 17 43 15 7 48 21 14 42 4 47 38 26 9 29 18 17 49 44 33 10 49 42 22 41 44 34 29 
17 45 41 0 20 45 14 43 40 41 32 23 7 21 2 29 26 35 39 38 13 17 10 6 4 42 34 16 20 26 22 25 14 
15 42 48 48 0 13 27 44 12 16 39 27 36 27 38 13 9 21 16 38 2 6 22 12 7 40 37 28 11 48 24 15 20 
8 9 42 29 4 0 32 13 8 46 26 47 29 34 21 27 5 22 8 50 10 35 23 8 44 31 41 8 27 50 33 15 43 
24 7 29 18 46 34 0 5 39 4 30 7 31 25 34 24 19 11 23 40 41 24 6 35 35 2 49 49 14 24 37 9 13 
12 5 5 27 43 10 10 0 38 3 11 6 5 16 28 19 47 18 40 17 27 44 24 19 18 22 44 17 47 36 42 16 18 
22 45 19 21 29 47 26 1 0 14 2 39 14 1 31 20 24 30 2 46 34 21 32 20 38 36 38 5 50 44 13 2 12 
45 38 33 21 10 49 19 21 14 0 16 13 42 36 5 18 42 24 43 17 35 46 32 48 41 25 31 35 42 42 27 8 1 
1 28 20 13 48 49 15 31 34 25 0 21 5 19 29 3 31 21 14 27 1 46 18 16 13 41 43 47 29 15 27 30 38 
8 12 41 9 36 5 45 25 28 36 1 0 21 12 43 22 47 28 4 22 29 1 7 6 33 12 7 23 5 3 37 17 7 
46 34 48 8 38 45 46 16 20 2 24 10 0 17 45 2 48 22 50 1 12 6 2 38 1 7 8 47 30 32 40 22 42 
20 45 26 29 46 14 10 34 9 6 9 49 34 0 46 17 17 5 26 33 4 36 5 1 45 46 47 1 30 48 16 35 30 
31 33 41 23 20 23 2 8 40 18 4 1 43 39 0 18 12 42 31 25 6 8 18 6 15 44 31 33 50 14 30 36 43 
21 30 18 1 6 44 47 33 24 25 14 19 2 50 2 0 8 29 40 38 18 42 29 23 13 27 26 29 39 41 3 45 11 
32 11 31 13 22 17 6 48 34 43 32 33 5 38 14 44 0 30 26 21 25 43 18 2 42 8 5 25 31 16 8 42 22 
31 4 37 41 20 40 36 12 34 41 35 49 47 40 9 40 13 0 35 10 15 32 21 19 15 10 39 6 17 43 26 33 26 
1 11 3 1 2 23 25 41 40 10 42 2 34 3 45 18 47 35 0 18 31 48 27 41 11 36 23 32 32 34 20 19 8 
8 10 48 37 38 8 39 40 11 20 26 23 30 17 31 7 44 39 21 0 9 8 2 28 24 21 43 16 29 42 44 7 21 
41 34 45 25 5 9 31 39 47 29 21 29 2 19 31 20 42 25 38 46 0 50 11 50 7 32 25 17 46 43 10 49 18 
14 5 32 46 22 7 2 36 9 32 13 30 32 50 22 3 12 46 38 17 6 0 12 22 31 35 39 43 31 43 36 47 37 
30 4 15 48 37 36 48 35 23 3 37 18 49 20 25 33 3 14 34 47 23 33 0 12 2 34 2 12 34 15 21 44 24 
36 26 1 29 35 25 16 26 49 3 44 4 25 4 32 15 14 11 29 29 2 50 15 0 48 42 14 14 36 25 14 21 3 
9 14 33 23 20 47 48 28 49 8 49 20 39 9 27 30 20 47 21 5 43 16 22 37 0 12 3 37 22 11 31 2 35 
33 42 45 12 22 9 45 17 13 2 30 44 1 45 9 34 37 35 17 28 44 17 10 44 42 0 47 12 18 10 27 17 19 
7 15 38 48 14 16 8 11 3 4 42 42 36 29 36 17 44 4 35 27 14 24 41 17 32 2 0 20 26 48 28 8 36 
35 12 37 37 8 12 20 22 27 6 26 41 25 19 8 14 11 45 24 6 43 41 5 33 24 22 16 0 12 46 33 13 25 
46 7 8 25 42 50 10 32 34 13 50 9 49 1 42 13 45 7 15 3 4 2 44 44 7 5 13 37 0 47 9 26 45 
43 1 45 19 12 34 22 12 36 42 22 30 42 47 35 24 30 3 18 40 18 10 21 45 14 14 18 38 37 0 23 36 26 
38 5 16 48 7 24 2 12 35 4 18 13 31 14 2 11 21 40 7 44 41 36 28 33 31 50 6 48 16 35 0 25 13 
6 46 42 38 31 37 18 7 2 7 6 14 43 9 15 50 12 8 18 48 16 43 36 2 27 33 18 7 18 4 46 0 50 
29 6 7 35 22 15 30 34 22 1 43 35 31 14 41 22 36 7 36 8 18 28 47 14 11 41 11 49 20 11 39 48 0 
11 0 6 36 38 3 31 28 48 28 35 26 16 50 1 22 14 43 46 21 12 18 39 33 2 9 43 24 32 5 32 14 11 
12 45 0 24 26 29 4 20 6 29 39 30 34 2 32 15 10 20 48 7 25 41 28 31 23 23 34 29 10 7 47 44 47 
21 15 4 0 5 28 46 35 39 26 15 34 30 9 50 1 28 28 14 13 8 26 40 21 35 15 2 3 45 25 10 49 33 
46 34 13 37 0 28 10 33 24 13 18 49 26 44 2 14 24 34 2 32 44 35 37 21 32 45 19 41 26 43 41 14 16 
17 2 34 26 37 0 14 50 19 31 39 45 9 41 45 42 14 38 30 11 23 29 5 48 9 13 32 42 10 20 7 32 22 
4 33 10 43 18 39 0 37 21 3 14 14 46 42 13 41 50 28 27 38 14 30 42 38 12 4 26 13 6 22 40 49 25 
8 23 5 9 35 49 47 0 50 43 41 21 15 42 2 18 1 41 42 32 44 19 19 43 13 46 49 39 43 26 32 49 13 
16 40 39 19 9 33 16 29 0 31 39 21 39 21 23 20 2 8 13 15 30 8 6 6 40 31 42 13 37 11 5 25 12 
43 8 50 3 14 49 43 9 27 0 4 13 31 48 4 42 23 29 38 35 13 17 19 6 10 34 50 39 17 20 29 19 27 
14 9 47 14 24 18 39 10 21 7 0 4 5 43 25 42 27 1 41 8 23 20 12 45 24 3 40 19 15 11 26 39 48 
35 37 17 40 8 29 49 12 50 26 43 0 11 16 1 18 9 8 13 16 29 22 46 7 3 14 23 12 34 49 25 50 45 
18 6 20 6 9 3 19 22 42 46 24 45 0 19 35 9 2 23 11 7 48 10 10 27 40 30 15 26 36 17 16 14 25 
27 48 43 11 32 12 1 6 44 45 37 26 22 0 13 34 30 14 11 11 39 19 2 35 9 29 31 27 44 27 33 5 27 
33 49 19 22 42 48 20 12 10 1 5 16 23 2 0 18 18 32 47 23 7 5 25 7 25 14 35 32 1 36 8 30 12 
40 11 44 24 45 13 38 16 41 50 30 19 48 19 36 0 28 14 9 12 31 11 49 23 8 43 44 8 8 17 19 27 2 
21 43 27 13 8 45 23 20 9 7 16 6 46 39 28 45 0 49 5 38 27 46 49 1 41 38 36 31 2 5 31 50 22 
23 28 48 5 43 23 20 20 37 43 23 5 33 18 12 4 17 0 14 9 12 32 1 6 22 43 36 25 23 14 22 16 29 
7 45 33 19 42 24 3 26 36 19 40 4 27 47 9 21 25 28 0 36 42 22 39 41 23 22 26 12 7 49 48 7 15 
27 45 48 39 36 43 13 43 12 33 27 14 11 3 46 47 28 5 49 0 37 37 25 7 19 4 10 48 16 12 46 28 38 
13 26 27 33 49 21 36 32 15 43 30 39 12 28 13 20 30 16 30 44 0 49 20 28 3 38 30 35 26 46 47 32 16 
6 39 2 35 26 13 49 8 20 17 22 45 45 18 7 27 48 29 36 46 17 0 35 39 43 49 25 45 19 37 10 37 18 
11 15 34 24 26 28 44 18 17 22 25 33 49 33 9 20 23 8 28 17 11 36 0 49 22 50 9 37 2 19 30 22 10 
31 4 35 30 35 34 1 21 35 19 29 45 11 7 45 16 16 25 47 29 32 20 8 0 25 16 13 24 18 41 43 49 38 
1 15 2 45 48 30 36 40 7 8 33 42 8 5 11 43 15 21 37 44 33 43 28 11 0 47 11 15 22 10 34 30 43 
21 42 45 46 5 50 18 37 40 8 23 25 38 16 18 12 2 32 3 21 7 6 5 9 37 0 41 48 38 15 14 30 23 
28 41 22 16 10 16 38 15 3 50 4 26 20 4 24 32 44 3 21 29 32 10 36 15 37 36 0 10 14 3 31 22 26 
28 50 47 48 44 2 2 37 44 38 18 7 2 30 39 33 18 17 45 13 44 1 42 19 5 8 30 0 25 6 24 13 23 
29 29 48 21 7 26 38 42 2 34 36 44 42 29 13 8 48 27 47 36 37 10 32 27 9 28 43 37 0 23 28 31 20 
26 46 29 24 32 19 27 42 29 3 12 10 16 49 28 26 45 23 28 30 28 27 37 20 47 21 12 29 33 0 2 20 24 
4 17 18 47 1 40 26 29 1 5 8 34 48 23 12 11 1 18 42 1 1 2 42 49 10 9 28 11 7 48 0 9 27 
33 38 7 50 31 32 25 6 47 49 30 23 20 3 22 25 10 2 29 16 11 20 24 2 25 19 38 43 13 15 23 0 3 
47 31 2 11 16 12 30 19 43 36 4 2 23 19 30 7 38 3 2 6 19 43 17 13 14 5 25 12 45 33 44 32 0 
27 0 27 27 39 2 11 9 48 22 11 24 25 17 22 30 6 40 31 6 10 14 17 35 4 15 39 48 11 37 19 25 10 
43 23 0 26 47 42 41 6 27 45 5 34 9 20 42 47 42 25 20 23 15 28 35 19 10 42 24 25 13 14 48 11 4 
37 14 33 0 44 47 34 14 49 26 29 16 10 34 27 34 23 42 6 37 18 47 11 32 9 4 17 5 19 16 43 13 47 
44 31 22 6 0 10 3 46 42 6 24 39 50 20 10 26 16 41 3 22 9 12 43 8 27 33 25 41 30 29 46 33 33 
17 19 16 3 5 0 28 14 39 10 45 13 23 22 33 39 45 41 40 28 14 22 4 35 1 24 46 24 36 13 16 13 10 
42 7 33 1 44 24 0 11 13 40 33 50 18 31 35 6 50 36 46 40 40 18 20 12 14 35 16 30 9 5 28 27 44 
32 4 32 15 1 39 2 0 18 30 16 25 40 5 18 21 39 41 24 1 18 27 24 42 23 46 20 17 29 45 2 9 12 
7 6 36 28 4 41 50 47 0 45 23 10 3 45 23 9 17 45 41 19 32 28 9 17 8 12 9 20 31 22 23 24 28 
8 14 33 49 32 44 35 1 24 0 4 23 5 14 39 28 23 11 50 34 4 34 27 34 48 39 28 16 45 21 20 26 22 
50 33 46 31 40 10 35 2 6 18 0 8 25 36 13 45 23 32 47 20 22 40 20 44 31 31 36 10 5 28 40 30 5 
29 2 6 32 44 48 34 1 16 32 48 0 17 19 9 12 27 34 43 14 24 50 4 33 30 40 15 1 4 50 31 24 17 
38 4 47 35 7 13 30 35 14 19 7 8 0 22 28 12 22 24 34 21 36 26 7 5 26 19 26 42 30 47 30 1 35 
8 32 29 16 13 28 21 21 14 30 11 31 47 0 26 8 13 3 29 31 17 10 39 41 32 50 22 17 31 21 1 38 34 
18 23 50 41 49 47 10 47 13 50 23 47 46 25 0 29 44 19 30 27 18 50 34 25 20 42 47 17 41 11 40 50 14 
43 28 13 24 26 18 14 7 20 34 5 11 17 45 37 0 25 43 24 13 42 24 20 34 34 48 31 49 2 31 20 36 23 
1 10 5 18 13 6 18 1 17 20 49 16 30 15 3 48 0 11 42 48 38 28 9 40 23 44 29 26 45 19 12 26 1 
48 32 11 8 40 19 13 38 6 12 25 5 22 18 5 34 28 0 2 41 40 22 49 46 42 21 32 24 34 30 24 33 5 
44 49 18 49 5 46 8 43 29 11 32 16 34 35 1 27 25 43 0 17 17 21 37 30 50 36 19 38 9 45 29 9 33 
30 21 11 23 1 6 30 33 45 49 11 11 18 30 8 36 31 48 10 0 38 7 16 34 8 20 19 13 36 9 50 49 50 
3 49 37 14 25 29 26 19 14 35 23 23 27 19 32 7 12 2 28 47 0 20 22 27 15 38 4 4 32 43 44 24 45 
1 11 9 20 44 45 11 3 22 42 25 23 43 11 31 1 38 7 25 7 23 0 2 31 32 23 23 26 22 25 45 26 20 
11 28 23 17 10 13 13 17 42 25 25 29 47 5 22 27 23 3 45 37 19 18 0 23 49 30 28 47 22 19 40 29 28 
16 5 12 15 39 15 42 25 44 8 16 48 27 3 35 19 1 50 49 23 1 40 2 0 44 6 24 37 33 16 42 49 3 
47 48 13 43 43 8 38 9 12 20 43 11 2 26 22 28 44 29 21 19 41 6 27 27 0 4 18 10 16 28 9 9 2 
10 13 1 30 40 42 26 43 12 41 11 32 47 41 42 30 2 10 40 38 21 30 12 41 21 0 37 40 25 48 22 32 3 
11 42 2 39 25 43 39 2 3 29 8 1 46 46 31 13 27 30 15 18 19 22 31 31 2 11 0 10 4 2 2 46 40 
9 8 21 6 39 3 6 10 22 38 36 43 23 12 46 25 7 27 49 18 8 14 35 40 11 22 38 0 15 33 36 50 1 
34 18 42 38 25 26 25 24 25 6 47 31 37 38 8 40 15 35 47 26 4 28 33 46 24 32 45 18 0 16 42 27 37 
39 35 10 6 20 9 1 32 3 25 44 3 17 4 4 23 14 48 50 49 39 25 48 6 35 47 14 43 31 0 7 9 34 
29 11 43 2 29 3 20 7 35 16 23 29 34 30 29 21 29 23 4 18 42 28 49 14 37 4 21 24 45 8 0 1 46 
17 10 24 7 11 2 45 11 28 44 15 23 3 20 23 5 18 44 15 8 3 41 43 2 13 30 16 25 33 46 12 0 27 
16 27 12 25 7 22 11 28 29 44 40 49 14 26 12 17 32 16 7 2 44 43 43 27 18 23 45 31 37 20 29 33 0 
32 0 38 8 26 9 49 49 46 33 37 30 10 2 44 38 37 19 49 43 17 40 10 34 23 34 36 7 34 28 30 42 9 
15 8 0 17 26 19 36 9 34 17 11 20 7 14 34 26 24 35 9 13 38 28 12 43 22 4 35 42 24 42 16 19 4 
46 22 46 0 44 28 13 18 33 41 9 1 29 41 28 9 1 11 33 50 20 17 4 31 3 15 45 22 35 44 35 43 2 
43 16 12 42 0 38 32 47 23 41 30 48 19 12 15 32 27 26 41 14 10 16 50 37 42 41 44 29 34 41 34 39 6 
17 49 36 26 16 0 17 14 29 37 28 29 38 7 12 41 1 14 45 9 4 22 33 36 44 30 20 2 45 3 13 32 8 
42 42 3 14 29 7 0 12 9 28 35 23 39 22 50 36 30 3 29 21 47 26 36 35 34 13 43 46 47 16 19 27 24 
46 21 46 15 10 28 23 0 8 34 50 26 37 10 47 23 31 34 23 43 25 43 36 33 6 8 19 1 36 11 15 44 10 
9 50 44 1 4 22 20 26 0 6 13 13 26 11 48 25 16 21 15 13 44 27 2 31 11 38 41 7 41 27 37 47 19 
6 16 29 11 4 22 28 13 3 0 17 19 31 23 7 46 11 45 36 16 46 3 50 33 7 20 33 14 14 16 30 50 19 
17 44 20 45 20 14 12 50 38 1 0 42 10 33 1 38 32 46 47 47 42 22 1 17 7 33 22 42 22 9 15 48 24 
18 1 14 30 37 1 41 31 24 17 8 0 2 9 24 25 19 46 32 18 20 34 9 47 16 27 14 12 49 23 41 41 24 
4 19 43 33 37 9 45 45 6 16 18 6 0 43 15 48 10 48 23 27 27 47 28 40 10 4 49 3 24 39 43 8 33 
26 35 49 41 31 42 33 37 38 23 14 18 41 0 42 23 13 16 3 2 1 15 15 28 26 29 33 29 39 6 22 7 14 
8 36 30 9 17 8 29 6 41 40 40 24 15 23 0 20 13 26 41 8 37 41 8 18 12 8 24 13 48 14 45 31 16 
17 50 11 5 12 14 47 9 24 47 11 26 25 4 11 0 6 14 16 13 16 15 20 23 50 18 19 2 43 46 32 42 46 
9 24 7 15 12 15 2 12 45 50 14 45 47 43 37 4 0 13 7 35 48 32 16 2 47 27 11 37 43 13 4 13 42 
5 15 17 2 47 46 45 50 15 1 22 15 7 29 3 26 33 0 48 30 40 47 44 15 43 22 10 38 2 28 9 50 41 
37 22 41 33 26 35 7 17 12 36 34 32 45 38 41 49 8 12 0 11 15 24 24 46 11 1 24 31 37 9 44 22 6 
2 31 29 35 39 21 50 48 42 13 28 12 11 34 49 35 20 40 44 0 17 49 35 18 13 27 30 33 2 5 20 9 19 
14 29 30 15 9 6 11 38 12 14 24 11 47 34 1 18 26 46 18 19 0 50 6 8 18 14 16 9 9 39 48 43 22 
5 9 49 33 4 34 26 14 29 7 5 36 11 7 17 44 29 16 27 9 3 0 40 19 9 21 13 2 44 48 2 50 14 
21 3 7 38 36 19 14 42 21 4 40 44 2 23 7 7 49 16 31 24 22 35 0 20 15 41 40 12 41 33 33 17 28 
8 41 15 9 50 29 8 11 2 35 39 49 50 25 8 49 7 45 45 33 22 27 43 0 37 33 42 48 46 7 24 9 38 
38 13 37 11 8 48 7 20 8 20 22 38 46 21 15 16 33 14 34 39 38 35 7 32 0 49 29 26 9 32 13 4 28 
26 1 12 38 39 47 41 9 38 25 25 2 5 6 41 13 27 33 13 44 40 21 1 4 7 0 6 13 30 22 49 39 46 
16 45 12 45 10 28 27 37 23 25 1 13 10 5 27 43 38 14 32 49 50 11 38 6 1 9 0 32 33 34 12 38 39 
37 30 37 11 44 47 3 50 6 27 22 15 20 38 44 2 29 20 42 8 18 40 47 6 7 6 45 0 2 47 44 3 11 
38 13 27 31 18 17 50 42 12 33 43 23 39 24 36 13 15 30 5 14 21 30 21 47 33 32 5 38 0 3 2 3 13 
24 12 28 8 12 13 34 12 21 1 47 36 47 24 17 34 21 32 37 17 40 40 40 9 42 30 48 37 13 0 12 40 10 
30 31 49 27 46 28 2 3 46 43 43 21 33 36 50 10 15 22 18 21 16 37 23 35 22 19 17 32 15 48 0 50 10 
12 37 7 17 25 40 38 44 30 34 21 47 47 20 26 6 31 39 22 42 44 19 45 44 8 15 6 28 11 21 38 0 49 
44 34 9 47 29 34 35 25 34 25 42 32 16 27 39 3 44 11 1 26 26 8 17 43 42 14 9 11 35 10 33 9 0 
46 0 23 4 14 11 30 27 48 5 47 8 20 27 14 29 32 26 4 35 50 20 13 23 36 18 16 5 16 25 24 41 25 
42 33 0 36 43 23 26 42 14 35 4 21 29 1 47 16 29 35 27 36 32 26 33 39 34 50 18 46 45 25 12 23 32 
7 34 28 0 45 28 36 10 1 12 21 16 17 42 45 36 21 50 27 31 49 39 9 49 9 44 3 43 5 30 47 40 23 
32 40 23 17 0 19 22 1 50 18 36 20 6 18 23 42 6 33 26 45 49 31 24 44 48 36 19 1 26 43 5 21 16 
32 43 35 2 22 0 19 2 29 26 32 31 3 40 43 42 21 11 38 23 5 2 41 43 8 47 25 32 50 21 25 7 14 
15 5 25 25 39 41 0 34 14 24 17 23 49 44 41 9 43 28 31 16 6 32 17 15 41 1 28 6 47 38 3 8 2 
25 18 39 36 19 18 33 0 21 4 10 31 35 19 44 15 7 17 40 23 41 10 2 32 48 40 35 25 11 35 37 27 22 
10 22 24 27 2 24 24 11 0 48 46 2 23 36 30 22 7 14 49 31 48 30 17 42 24 36 41 46 35 44 22 36 18 
33 10 26 48 20 39 5 44 16 0 13 44 15 50 10 13 11 13 18 48 36 7 29 42 43 30 1 41 12 28 40 17 26 
10 35 40 27 4 25 37 26 45 37 0 33 18 24 28 24 27 29 35 22 26 25 50 11 5 19 34 18 20 48 44 16 26 
46 19 5 16 20 36 7 38 31 23 42 0 20 46 24 19 2 27 15 34 44 18 42 2 11 24 35 9 21 7 18 28 2 
21 7 23 6 24 8 7 43 28 35 45 2 0 8 42 10 45 15 17 43 33 10 23 8 4 18 44 43 35 28 37 31 14 
45 40 49 39 2 14 29 19 8 41 16 34 48 0 50 3 32 26 14 6 41 25 45 42 48 50 19 38 30 16 23 16 42 
4 32 7 19 43 21 43 1 39 25 26 20 8 25 0 7 18 42 11 9 14 32 40 39 1 49 2 40 34 26 49 4 36 
25 24 30 16 43 35 40 6 22 5 3 1 20 22 41 0 25 12 21 39 5 14 3 11 15 43 7 20 42 31 10 26 40 
21 40 46 34 45 41 25 7 22 4 43 27 38 38 31 27 0 11 16 22 6 10 50 23 23 14 16 24 37 15 49 26 12 
30 13 30 31 27 7 31 22 46 32 33 11 11 34 27 5 27 0 44 31 16 39 20 31 22 18 24 20 29 18 39 43 24 
28 31 48 25 8 1 50 5 35 1 11 29 17 13 12 31 39 19 0 10 22 18 11 24 10 33 9 14 4 37 2 4 7 
40 10 33 30 37 2 47 27 44 27 31 38 10 3 6 6 12 40 41 0 50 29 22 6 18 8 38 43 50 38 47 18 34 
47 4 39 7 30 33 45 38 22 34 28 42 30 36 1 31 4 8 43 48 0 12 5 29 19 4 15 22 49 10 48 40 48 
9 47 42 7 14 49 26 29 45 3 28 45 44 14 39 23 38 13 46 30 5 0 21 23 43 25 21 4 15 11 46 29 24 
45 31 34 33 44 44 17 6 33 14 3 9 27 34 25 40 27 49 12 47 2 11 0 44 39 25 49 32 44 46 11 19 49 
25 4 1 14 31 6 29 44 47 41 47 41 18 15 16 42 46 14 39 13 35 32 23 0 35 37 46 9 46 12 24 11 22 
46 4 34 23 34 12 10 22 20 18 1 12 14 3 21 11 33 41 48 33 23 7 15 43 0 32 16 27 36 47 34 32 23 
31 25 46 14 31 44 9 35 4 17 43 18 32 12 22 35 25 49 13 22 27 29 50 40 40 0 41 41 18 35 24 25 37 
36 28 31 39 7 7 30 40 32 14 29 7 14 47 12 21 45 42 11 49 22 11 47 3 26 7 0 25 40 3 41 50 31 
42 6 33 4 31 33 28 19 19 23 40 14 50 44 26 43 30 21 24 44 14 27 15 26 32 29 13 0 50 32 40 38 42 
14 48 15 9 15 8 41 12 15 43 31 49 21 34 3 33 32 33 11 32 17 7 17 16 42 7 23 3 0 20 28 37 29 
35 49 50 2 29 18 28 22 30 12 29 22 47 16 6 48 26 31 19 50 30 6 26 8 31 50 17 9 35 0 38 42 37 
6 2 15 23 34 1 5 15 5 39 2 5 28 46 20 26 2 25 27 40 10 38 50 30 24 42 21 30 1 20 0 38 42 
20 43 16 45 2 34 15 25 26 4 45 41 4 21 31 36 30 42 7 10 12 3 27 19 3 36 50 42 30 25 15 0 36 
2 11 35 35 31 25 24 19 11 3 14 6 43 10 26 3 12 36 50 9 13 28 31 18 17 48 43 17 35 23 46 2 0 
