25
18
23 0 12 40 15 32 40 1 4 37 27 42 20 7 24 13 16 5 29 
38 41 0 6 37 39 43 5 15 19 39 15 2 50 5 29 28 13 17 
47 20 48 0 42 2 25 23 38 35 27 34 10 8 32 34 8 31 50 
15 37 24 47 0 10 17 21 12 39 36 28 38 41 30 11 47 20 36 
32 47 39 31 14 0 2 9 29 31 10 32 34 18 42 24 30 14 27 
44 50 10 31 21 40 0 37 38 10 48 36 5 49 12 13 49 27 34 
11 34 23 22 39 32 36 0 12 31 5 18 36 14 12 16 35 3 20 
26 1 27 49 44 27 42 11 0 44 27 12 21 22 19 16 41 20 30 
4 22 11 29 46 10 10 33 20 0 24 34 25 40 15 9 43 24 26 
7 12 41 47 31 28 39 10 50 10 0 33 50 21 24 43 37 31 32 
9 48 6 18 39 12 8 18 28 20 38 0 48 13 30 46 40 34 8 
40 8 41 33 41 36 10 50 50 21 4 10 0 32 3 34 27 34 26 
21 40 23 29 39 14 1 19 23 3 48 4 4 0 32 41 35 48 24 
42 26 7 20 8 39 12 38 14 18 38 35 15 36 0 46 20 20 45 
35 11 19 27 33 22 13 8 3 47 17 23 20 48 6 0 10 36 8 
20 1 32 34 18 2 50 33 32 39 38 12 8 34 13 47 0 1 37 
6 15 44 36 7 1 37 16 21 42 49 41 29 5 1 38 1 0 19 
13 1 43 17 28 1 40 25 20 41 39 33 11 24 47 19 4 21 0 
15 0 34 44 31 48 2 31 8 34 42 11 34 12 20 34 44 34 1 
44 39 0 37 43 46 33 32 46 28 38 32 26 44 10 1 30 24 17 
25 33 3 0 42 36 20 18 49 15 37 30 19 50 17 40 47 25 15 
34 22 39 12 0 50 2 24 43 27 9 48 1 33 32 47 17 19 2 
48 3 4 18 26 0 47 19 46 17 10 39 16 36 48 35 37 46 2 
28 14 33 2 18 43 0 44 9 1 14 4 48 22 34 48 39 50 23 
12 17 47 42 44 5 35 0 15 5 11 23 1 17 47 36 45 39 6 
19 46 35 11 25 17 47 5 0 42 19 38 6 18 47 49 12 25 30 
5 37 21 29 17 3 38 33 37 0 1 48 8 13 27 45 43 21 4 
38 2 43 30 46 39 14 16 28 50 0 44 27 3 5 22 7 41 3 
35 41 29 32 23 42 31 47 8 34 7 0 11 11 26 27 45 25 24 
38 25 41 32 15 1 26 39 40 11 48 43 0 37 6 37 42 8 30 
25 6 29 1 50 50 32 31 9 18 40 18 50 0 8 31 49 19 16 
13 4 26 29 7 35 3 21 49 15 48 2 24 19 0 18 47 21 19 
45 38 26 41 50 35 43 9 49 22 11 40 13 38 37 0 22 30 5 
5 47 50 45 48 30 2 18 33 8 44 21 50 4 38 13 0 4 32 
40 22 4 42 36 49 36 32 11 9 2 10 15 2 39 14 43 0 24 
20 1 40 47 40 33 2 35 15 29 22 8 3 1 35 6 33 9 0 
2 0 14 11 1 9 17 20 43 16 24 44 43 32 37 11 14 43 3 
43 44 0 32 21 40 2 35 7 10 3 7 2 25 9 20 31 13 30 
14 19 42 0 24 27 48 17 29 41 22 47 36 47 39 8 33 14 39 
28 31 24 9 0 17 2 7 17 37 15 50 36 24 2 25 32 1 25 
11 19 17 35 4 0 12 12 13 11 25 7 18 45 43 46 31 4 32 
6 5 2 41 18 11 0 11 3 29 6 49 46 12 15 39 33 22 45 
22 43 28 13 48 5 42 0 32 10 20 21 8 40 43 49 44 26 46 
23 21 2 7 24 1 33 7 0 14 15 14 42 30 12 21 2 9 11 
4 44 8 48 49 36 1 42 33 0 22 16 7 48 19 40 43 11 2 
44 16 20 27 30 41 41 28 19 19 0 40 9 37 39 34 38 40 33 
39 25 23 16 6 33 18 11 41 8 17 0 46 3 38 2 19 8 44 
42 28 14 17 8 21 17 33 2 25 35 28 0 23 10 29 7 5 36 
30 28 10 37 9 19 1 33 11 24 17 3 8 0 18 31 41 47 13 
20 22 18 2 50 24 31 44 27 13 36 8 17 46 0 34 16 40 31 
34 5 19 45 17 26 11 43 16 50 17 17 48 33 13 0 17 38 33 
19 29 29 37 7 15 43 39 48 4 7 21 20 42 29 50 0 8 43 
44 25 5 42 42 7 8 32 28 10 15 4 45 1 9 1 48 0 12 
3 48 48 4 2 29 28 7 37 46 30 25 39 48 25 21 23 13 0 
28 0 27 37 22 29 26 38 34 24 45 10 7 12 20 45 18 48 11 
45 41 0 23 27 15 35 21 13 2 3 21 17 29 24 29 46 23 21 
25 31 19 0 23 17 19 6 34 48 30 34 11 31 22 50 15 26 32 
40 2 13 3 0 2 17 24 36 13 7 17 36 29 17 47 24 43 18 
42 23 25 5 22 0 32 37 41 29 42 23 50 17 14 49 47 6 22 
9 22 29 3 49 32 0 6 49 18 13 2 18 14 7 29 33 24 3 
8 36 31 32 17 11 38 0 33 13 14 40 3 37 33 11 26 15 21 
40 39 25 44 49 23 15 24 0 40 12 28 16 21 35 41 46 39 21 
42 28 6 18 16 16 19 43 10 0 15 26 20 7 38 43 9 43 35 
29 15 37 8 17 43 22 26 6 48 0 43 5 13 42 44 41 35 37 
16 22 24 9 26 7 14 50 48 21 5 0 40 24 13 43 6 17 25 
34 34 11 13 47 40 11 21 50 5 2 35 0 26 17 4 6 43 21 
12 21 40 31 45 18 45 1 22 16 25 31 13 0 7 25 19 7 2 
26 3 26 34 48 5 7 9 48 14 45 38 37 18 0 20 22 45 46 
36 3 40 44 18 46 19 45 47 20 43 46 10 8 10 0 2 30 40 
46 28 23 35 25 37 20 32 6 34 30 7 11 41 13 29 0 34 5 
13 33 35 30 16 4 8 38 16 3 4 38 29 35 38 30 27 0 18 
24 1 29 4 25 37 41 36 15 40 9 2 33 31 25 6 40 48 0 
5 0 16 13 20 28 37 21 17 29 19 6 46 19 31 15 46 6 33 
26 10 0 9 49 40 31 39 18 29 15 20 23 14 23 45 41 25 12 
5 4 24 0 42 33 8 9 22 30 20 21 29 38 38 26 42 31 31 
40 7 26 32 0 31 10 9 6 48 6 5 33 1 29 6 4 41 2 
10 34 27 1 41 0 19 1 20 47 50 28 33 48 23 43 14 1 19 
36 24 24 14 34 27 0 11 3 18 48 19 43 23 34 48 24 33 47 
5 39 17 8 32 12 13 0 9 29 15 9 33 40 38 29 38 18 17 
29 46 1 50 41 38 1 3 0 1 5 28 44 35 24 40 46 9 12 
3 29 42 12 1 25 49 46 45 0 35 8 32 14 36 17 31 46 38 
47 6 48 29 7 29 11 9 32 36 0 31 35 43 45 29 17 35 39 
26 17 45 26 1 46 44 16 46 20 42 0 43 27 5 29 3 49 4 
14 25 23 14 2 43 44 13 15 11 43 14 0 3 47 1 28 6 29 
43 22 5 3 35 41 34 42 18 40 10 27 6 0 40 46 25 4 11 
17 12 16 2 33 39 31 34 24 33 17 45 42 49 0 49 1 11 28 
49 12 40 32 30 10 26 5 4 39 5 3 18 28 44 0 41 12 44 
14 41 39 17 22 2 18 2 26 23 48 11 28 6 30 19 0 27 42 
22 36 32 7 27 29 36 42 29 21 16 39 2 2 38 5 37 0 20 
39 33 40 38 14 29 35 3 7 44 12 50 23 49 2 2 20 27 0 
13 0 8 15 11 31 30 24 47 37 37 22 47 24 23 19 11 31 44 
3 34 0 22 3 22 24 23 42 31 30 48 17 37 50 33 11 43 30 
6 28 2 0 11 14 17 43 48 32 10 20 39 31 13 19 9 50 36 
5 10 36 41 0 39 39 50 45 50 20 50 23 15 13 30 39 5 3 
42 43 21 5 11 0 25 43 14 23 42 49 35 49 29 50 47 7 34 
45 15 40 13 11 20 0 18 23 48 9 45 8 10 42 9 16 17 8 
15 1 49 12 48 26 17 0 8 47 15 22 22 23 19 7 46 45 40 
14 29 32 1 38 38 27 34 0 20 15 33 7 27 33 12 42 32 7 
36 33 18 14 46 4 24 4 2 0 27 36 27 2 14 47 19 3 39 
27 15 13 12 35 14 7 3 25 40 0 38 39 10 31 37 1 11 13 
23 50 33 28 28 35 37 1 48 43 13 0 19 10 9 31 24 16 18 
44 24 48 4 8 44 29 34 16 13 17 5 0 40 2 4 35 46 3 
6 50 37 29 26 35 17 14 40 7 31 30 9 0 37 16 19 7 37 
15 20 43 40 49 45 19 24 34 44 3 12 16 25 0 13 29 18 16 
32 15 49 14 38 44 4 23 3 36 4 30 40 22 45 0 17 21 27 
10 17 1 43 11 2 2 23 11 29 42 7 18 31 19 50 0 38 43 
38 1 33 50 36 27 42 33 20 4 4 32 18 49 4 36 19 0 2 
16 39 5 48 12 15 34 26 32 47 19 24 11 40 35 2 29 20 0 
44 0 11 32 25 1 28 32 48 20 30 11 43 3 32 12 18 35 49 
39 41 0 40 19 17 10 46 45 15 47 43 15 48 16 21 34 43 9 
21 41 39 0 27 16 15 46 4 15 39 45 37 12 44 5 36 14 39 
31 26 45 22 0 30 6 13 36 5 5 33 46 23 19 40 4 48 44 
11 12 25 25 24 0 13 45 7 1 29 36 50 10 12 2 32 3 17 
14 49 12 33 15 31 0 11 41 22 20 17 26 48 8 46 12 26 3 
14 7 3 33 28 24 6 0 35 1 5 46 22 44 41 16 24 40 49 
33 28 47 44 15 33 41 26 0 40 26 31 28 4 49 36 50 19 47 
14 32 22 39 28 31 31 6 46 0 1 26 27 10 25 18 47 30 48 
6 20 43 20 42 3 34 31 4 23 0 2 47 36 45 23 20 10 8 
28 45 1 17 14 9 38 40 50 13 16 0 7 10 7 20 38 45 49 
5 45 40 19 5 48 27 8 5 49 16 32 0 4 40 16 11 20 35 
47 39 7 34 33 3 3 21 15 47 14 45 28 0 48 50 25 16 15 
19 9 41 4 41 6 5 39 25 19 10 26 42 50 0 38 35 42 6 
42 21 12 38 17 34 33 30 45 10 22 18 32 30 25 0 1 42 11 
45 44 49 1 29 45 29 35 12 39 6 14 7 44 7 45 0 33 45 
4 31 43 8 21 11 11 46 18 7 38 30 2 42 8 28 40 0 48 
8 42 43 18 10 33 22 45 25 32 3 28 12 37 48 30 48 12 0 
18 0 38 23 39 41 34 27 22 47 33 38 14 6 30 5 9 38 41 
3 36 0 22 11 36 27 37 30 43 40 45 1 32 22 45 47 10 2 
26 19 2 0 10 42 38 36 39 7 11 26 24 24 3 50 7 28 12 
40 7 2 46 0 3 11 42 37 28 47 2 16 20 10 20 3 34 19 
40 43 45 35 26 0 48 20 26 4 19 17 42 1 25 45 33 8 4 
50 30 17 41 19 5 0 10 40 37 42 41 17 5 22 20 32 18 35 
18 5 32 5 26 27 8 0 23 21 36 46 28 22 38 2 17 3 4 
2 50 25 40 25 36 12 29 0 35 38 15 46 23 20 8 10 15 3 
22 46 5 41 33 46 35 25 45 0 10 20 4 15 38 19 17 30 18 
11 29 30 46 43 47 42 21 8 26 0 13 26 21 13 24 50 45 7 
50 12 18 29 6 50 42 3 9 32 23 0 28 27 6 40 40 49 37 
24 26 4 8 49 13 39 9 12 19 39 8 0 31 16 43 12 18 19 
1 32 23 30 5 41 39 11 48 31 50 8 37 0 31 14 38 27 20 
4 42 13 5 41 47 39 23 14 2 2 8 35 15 0 39 21 40 18 
14 44 22 13 20 39 16 9 10 5 33 9 45 44 40 0 24 9 26 
6 46 42 26 42 32 27 38 9 40 47 35 19 16 42 47 0 24 33 
49 42 23 25 39 32 38 34 41 6 7 9 19 12 7 14 16 0 44 
26 38 2 40 36 33 30 26 13 25 37 18 17 48 20 7 25 18 0 
3 0 32 8 10 39 9 41 22 31 1 22 35 29 6 1 48 22 37 
32 9 0 6 41 45 13 20 13 48 24 39 10 40 12 37 40 11 35 
37 16 49 0 43 49 15 2 30 5 28 47 31 17 19 27 33 25 16 
12 12 37 45 0 40 27 12 18 33 21 11 10 49 40 46 17 12 6 
39 39 11 42 39 0 16 9 43 16 17 7 20 33 7 38 21 28 49 
49 42 26 23 32 32 0 32 32 20 45 29 8 36 1 8 22 45 36 
6 21 24 21 36 48 11 0 46 11 14 39 4 23 29 12 47 18 20 
30 16 8 29 11 8 47 14 0 15 9 31 6 13 12 13 2 15 8 
26 28 7 29 13 37 21 19 43 0 16 22 1 47 40 33 38 42 29 
29 27 10 16 25 22 33 2 15 5 0 1 28 41 22 14 4 21 41 
14 2 4 22 9 43 16 31 42 14 13 0 42 23 25 21 34 23 38 
48 11 3 35 46 11 22 16 18 16 25 1 0 38 43 19 43 25 41 
26 7 19 18 1 44 31 20 40 24 32 27 8 0 8 49 26 6 11 
39 30 6 43 1 43 26 50 7 42 27 20 24 31 0 1 30 9 17 
20 31 11 9 5 27 22 49 34 41 9 18 2 12 37 0 8 4 46 
35 33 7 27 43 1 38 39 43 20 1 2 27 28 49 33 0 7 26 
1 30 25 29 22 2 9 35 42 39 40 15 34 16 27 5 46 0 27 
11 43 38 10 21 16 34 2 49 33 15 32 20 20 6 12 8 25 0 
21 0 6 11 5 19 9 10 49 49 29 37 35 25 22 32 23 22 14 
38 41 0 9 10 46 20 4 26 20 10 20 20 9 22 8 3 35 40 
16 6 25 0 30 1 23 17 6 16 14 9 44 50 47 48 43 24 18 
16 12 11 42 0 2 43 39 50 29 30 20 15 27 23 37 43 8 17 
40 9 40 37 43 0 41 5 40 18 27 11 24 23 17 48 41 37 24 
30 24 5 32 41 2 0 44 38 36 2 38 37 7 8 40 32 3 16 
28 30 19 21 38 12 26 0 12 39 6 7 4 17 36 36 14 14 34 
12 8 18 38 43 5 6 3 0 3 31 21 3 34 41 14 33 13 7 
5 9 37 44 7 29 13 38 31 0 32 35 2 1 43 45 7 20 46 
48 41 37 15 16 35 9 45 42 37 0 23 16 40 34 23 29 10 5 
47 19 2 39 25 6 24 24 19 2 31 0 28 9 28 22 19 36 23 
21 41 44 3 35 12 38 27 16 15 42 1 0 29 23 34 41 10 1 
44 9 16 32 41 42 16 8 15 15 28 45 45 0 22 49 1 9 19 
11 45 35 41 2 49 40 9 32 18 24 8 44 19 0 19 21 25 27 
8 40 50 2 37 28 47 24 50 22 21 21 3 28 14 0 15 30 15 
17 4 7 18 42 32 11 49 34 7 21 10 27 24 47 22 0 43 20 
19 9 8 8 44 29 50 19 39 12 16 46 44 30 39 4 5 0 22 
20 41 48 19 42 39 44 41 4 40 45 47 24 32 36 45 46 22 0 
7 0 10 11 29 19 23 44 49 34 39 13 41 21 23 20 26 2 3 
22 1 0 18 20 14 4 25 10 24 42 39 34 11 49 34 18 47 45 
12 42 23 0 26 26 43 5 6 28 13 19 22 27 48 30 34 24 46 
5 38 46 7 0 5 9 50 2 11 50 29 15 8 4 27 26 15 11 
30 47 25 25 15 0 9 27 13 41 2 15 41 5 27 26 39 13 10 
49 5 38 14 26 25 0 32 6 27 13 5 16 46 2 34 20 4 28 
21 30 23 38 31 42 19 0 48 37 20 46 2 39 20 41 18 27 10 
24 17 21 1 43 10 32 14 0 8 26 7 13 8 35 24 48 18 34 
37 12 25 46 46 29 38 12 11 0 26 25 36 25 28 26 24 47 38 
7 21 37 13 6 18 34 44 42 24 0 13 11 29 41 2 8 31 16 
36 28 21 42 13 31 49 6 40 23 2 0 29 38 35 39 36 42 48 
47 24 6 7 12 3 38 14 50 50 48 34 0 34 17 47 11 38 19 
17 16 8 7 15 50 29 12 42 13 37 28 23 0 43 50 5 12 7 
11 30 16 19 5 50 31 49 9 6 40 35 32 28 0 48 20 20 26 
41 41 10 6 29 1 11 26 28 23 28 6 34 29 6 0 41 1 9 
3 48 11 9 26 16 42 23 23 8 31 9 31 4 23 24 0 15 22 
48 5 1 16 9 30 22 9 22 4 23 11 30 42 28 40 17 0 23 
16 32 15 44 14 7 29 4 45 19 42 25 33 10 15 34 44 46 0 
8 0 38 39 32 37 17 45 39 1 12 28 39 32 42 37 1 9 33 
7 4 0 42 44 37 6 35 3 18 48 21 13 47 46 49 33 32 29 
34 34 46 0 49 50 26 7 17 26 6 38 1 38 33 2 32 28 40 
5 15 1 34 0 47 35 50 48 18 38 16 32 41 50 10 9 18 25 
38 8 4 16 38 0 21 30 29 16 17 11 39 12 15 19 9 29 18 
29 1 37 11 50 3 0 8 19 1 45 16 39 41 29 15 27 44 20 
37 39 27 31 4 19 20 0 33 37 30 27 2 13 32 21 43 31 17 
38 27 9 1 8 19 20 36 0 14 27 27 32 24 35 21 50 23 40 
41 48 47 19 42 17 16 29 42 0 50 32 34 18 49 49 48 39 17 
11 36 31 8 11 19 6 43 7 6 0 6 42 31 14 10 32 2 33 
21 20 36 42 36 29 28 21 4 30 10 0 29 33 26 46 4 39 37 
9 33 38 29 13 50 11 10 24 50 19 19 0 25 37 47 17 28 20 
32 20 1 3 31 40 16 27 34 29 24 30 47 0 27 26 23 23 20 
46 42 7 37 32 26 6 28 2 35 6 23 32 16 0 49 27 23 20 
37 7 3 48 14 37 16 33 37 44 4 43 43 2 14 0 28 22 37 
13 46 39 25 47 4 39 31 21 11 47 8 32 20 5 7 0 37 16 
17 49 29 20 21 49 40 12 24 10 43 4 10 5 45 12 14 0 27 
32 13 11 49 9 34 16 6 37 30 13 35 38 37 15 48 11 23 0 
8 0 44 26 40 36 35 31 29 39 17 1 42 13 20 6 28 25 25 
6 19 0 40 46 4 15 13 10 50 39 23 6 40 12 45 23 5 21 
2 42 27 0 26 19 31 46 49 5 46 17 43 29 10 12 41 42 42 
34 13 40 11 0 28 26 35 42 7 33 28 40 47 41 16 36 27 34 
48 31 50 9 1 0 5 10 17 44 8 10 13 45 49 20 3 39 42 
31 41 15 1 41 27 0 25 13 21 16 49 27 27 44 33 29 44 12 
43 26 13 35 1 11 33 0 28 32 44 39 30 20 44 2 25 5 37 
20 47 40 23 35 38 34 45 0 19 18 31 17 30 16 6 9 11 14 
30 46 40 4 19 14 46 31 25 0 42 47 5 25 3 39 47 9 47 
23 20 42 25 2 7 43 15 47 15 0 14 23 25 11 33 39 45 10 
48 17 29 26 28 4 13 43 49 14 43 0 29 29 34 8 9 37 42 
23 5 45 33 12 4 18 31 17 3 17 36 0 22 36 8 30 49 43 
19 47 42 38 12 9 9 29 22 19 37 31 15 0 16 25 42 17 41 
15 15 5 25 9 48 37 11 26 13 43 8 21 50 0 35 15 41 41 
1 35 43 36 25 33 32 49 44 37 38 2 12 31 20 0 18 15 35 
38 45 38 45 2 2 34 46 37 15 49 38 47 1 25 35 0 41 32 
48 30 41 23 43 11 4 1 23 25 2 12 39 3 36 1 27 0 47 
3 7 34 42 3 29 47 18 1 7 40 37 27 27 40 38 21 35 0 
44 0 16 2 28 41 2 29 10 45 25 27 46 3 47 25 29 32 35 
49 7 0 27 12 26 26 10 47 11 37 48 25 22 2 33 1 7 11 
45 26 16 0 32 13 44 35 22 42 5 5 44 13 48 46 6 39 15 
9 33 40 27 0 18 45 41 43 12 20 4 25 14 2 41 14 34 7 
20 17 44 34 28 0 5 35 6 43 17 24 50 30 17 13 19 43 24 
21 19 8 22 42 21 0 32 15 19 17 42 3 4 50 15 40 37 22 
21 25 5 36 43 13 2 0 24 20 12 41 37 12 46 10 17 43 16 
49 48 26 24 2 14 36 18 0 15 40 14 24 36 41 31 42 48 18 
19 36 27 46 20 18 2 20 24 0 32 5 46 44 38 8 50 41 39 
46 48 23 42 50 25 49 13 11 46 0 27 1 7 21 49 42 48 8 
39 4 28 9 22 33 40 4 14 19 47 0 27 17 37 50 42 47 50 
46 28 36 2 47 8 7 6 44 23 26 35 0 48 2 40 50 11 38 
11 37 26 41 3 46 11 30 16 35 29 40 2 0 15 24 49 47 21 
23 37 7 21 3 17 39 17 29 30 22 45 37 17 0 27 12 32 10 
24 6 25 40 42 17 42 23 27 4 22 12 11 50 6 0 20 28 24 
32 41 35 10 2 36 18 32 9 22 49 12 14 40 33 15 0 25 42 
46 33 46 40 29 30 40 36 45 17 20 22 40 17 40 3 31 0 41 
25 15 4 39 22 10 9 21 25 15 40 33 29 46 25 15 25 46 0 
28 0 43 12 5 20 17 42 2 13 37 33 32 23 11 9 43 40 10 
38 7 0 12 37 32 9 6 25 46 13 38 24 48 25 42 45 26 39 
30 21 45 0 38 48 20 47 22 38 43 43 29 24 37 7 15 28 19 
34 41 12 4 0 49 46 22 29 15 40 40 8 40 29 36 21 13 20 
16 1 9 42 40 0 10 21 14 33 17 39 1 18 33 48 24 11 35 
27 26 22 50 17 20 0 6 8 32 31 3 14 44 3 24 38 50 27 
10 43 2 2 33 36 13 0 5 40 14 23 8 11 17 19 2 44 38 
48 17 35 40 36 33 29 41 0 12 20 24 37 28 30 34 21 15 18 
34 26 44 37 37 12 30 43 36 0 25 20 37 46 43 9 37 40 34 
43 21 8 19 23 43 25 44 32 4 0 37 43 25 40 2 1 18 19 
45 12 30 23 10 44 48 5 21 25 24 0 31 28 41 41 50 28 45 
11 15 4 1 12 44 30 27 7 43 50 31 0 35 46 25 41 43 29 
4 20 11 14 22 19 23 50 20 1 27 46 2 0 25 12 8 40 4 
15 44 50 36 44 34 37 5 5 41 41 29 7 37 0 49 13 47 9 
34 47 44 35 29 13 24 29 50 11 41 26 19 28 6 0 21 26 49 
29 19 27 27 28 17 14 33 10 42 44 40 48 40 29 4 0 24 43 
10 31 16 38 13 15 34 26 14 29 23 13 23 36 11 50 34 0 29 
32 8 20 27 21 47 3 32 35 11 14 2 48 15 4 13 11 46 0 
34 0 42 6 12 43 2 4 36 10 47 20 9 30 49 6 1 23 17 
24 34 0 10 20 35 31 30 24 13 13 32 8 10 10 25 16 16 43 
23 21 15 0 19 24 36 37 6 13 27 32 15 46 48 43 38 40 28 
37 15 7 26 0 32 20 39 42 4 3 38 10 34 15 33 14 28 2 
2 5 11 24 34 0 30 18 4 43 48 17 34 16 22 20 48 29 2 
37 48 39 46 30 33 0 33 35 19 4 44 17 33 33 20 41 37 36 
18 14 31 28 8 29 27 0 41 25 21 37 17 40 36 36 31 27 31 
13 7 25 28 42 49 11 15 0 10 26 16 35 15 26 36 35 30 16 
21 10 40 11 19 40 8 12 48 0 3 15 8 32 2 6 40 28 30 
11 40 22 33 17 44 19 1 25 41 0 7 11 31 5 6 20 10 18 
41 3 38 36 20 30 1 9 50 2 45 0 14 29 25 48 6 25 41 
44 39 43 47 42 18 15 18 6 38 22 10 0 3 12 42 39 49 25 
43 25 20 43 32 9 44 18 7 12 12 32 13 0 26 30 16 27 22 
25 45 11 20 21 3 24 14 37 41 50 33 22 41 0 27 24 14 50 
21 2 8 35 4 25 12 4 7 25 25 47 30 37 36 0 21 14 4 
15 23 5 18 19 18 22 4 18 25 40 21 5 40 12 31 0 46 25 
14 41 42 37 9 17 46 49 40 41 11 13 47 1 28 23 9 0 42 
46 3 33 41 14 1 7 37 15 36 21 35 35 50 42 12 8 24 0 
13 0 28 15 38 22 21 29 32 43 5 28 39 44 32 32 21 35 43 
43 24 0 28 41 30 22 3 11 29 5 6 11 22 36 44 5 10 31 
28 8 32 0 13 13 33 8 2 9 27 43 39 4 15 16 50 19 35 
47 22 49 43 0 36 12 43 24 26 33 34 43 45 40 22 1 44 28 
12 30 12 45 34 0 28 13 27 19 40 2 42 46 22 17 10 8 39 
33 35 23 20 21 39 0 7 26 19 17 32 3 18 4 21 38 38 40 
24 2 39 21 30 9 44 0 4 23 34 37 12 27 36 32 34 18 9 
5 42 10 23 39 9 10 47 0 46 16 22 48 21 8 35 28 37 7 
50 12 6 14 27 17 17 23 39 0 7 41 46 22 35 36 13 34 47 
30 1 14 31 12 34 14 28 32 25 0 14 30 28 49 50 25 34 7 
4 41 16 43 6 16 20 4 7 50 44 0 38 13 9 25 38 49 36 
44 20 50 23 1 49 36 43 10 10 29 42 0 47 48 1 29 9 43 
31 37 46 48 11 9 27 15 35 44 13 6 5 0 40 1 15 31 14 
8 32 41 17 8 13 7 11 25 15 4 47 38 34 0 50 32 8 13 
40 46 10 42 46 36 15 42 31 5 5 39 42 33 17 0 37 22 28 
3 15 29 33 42 50 34 13 12 39 7 29 6 24 33 39 0 25 35 
5 16 36 5 3 16 33 3 7 36 24 21 30 1 12 22 30 0 43 
34 7 5 11 8 34 25 26 36 3 49 31 7 3 8 32 33 6 0 
42 0 48 12 14 1 40 44 49 39 41 9 7 17 35 45 40 5 18 
31 44 0 9 3 30 27 30 31 4 26 30 21 13 49 18 7 30 32 
32 20 7 0 15 17 10 45 35 18 30 36 15 37 17 48 41 2 39 
48 40 19 35 0 34 21 36 18 19 19 28 11 39 11 5 13 9 36 
12 16 28 49 9 0 46 10 1 45 40 39 14 23 23 47 29 9 41 
14 47 36 37 30 49 0 41 26 7 8 41 26 10 25 8 13 29 36 
12 50 31 23 26 34 26 0 46 30 5 46 6 14 10 3 14 49 13 
50 26 37 29 8 33 39 3 0 10 20 31 15 7 10 45 12 18 10 
10 41 22 3 11 34 20 37 31 0 2 44 32 24 46 26 46 14 4 
50 34 42 49 34 24 25 6 16 15 0 49 37 12 2 43 44 4 9 
42 48 15 3 9 22 3 38 9 29 47 0 35 40 11 47 41 13 34 
18 12 8 48 29 6 19 5 38 44 41 42 0 39 30 43 18 5 17 
39 47 25 20 47 47 15 46 10 32 26 39 40 0 21 40 10 26 43 
2 44 19 10 35 4 35 9 47 17 40 17 43 22 0 7 31 2 16 
9 48 16 11 34 33 47 37 30 49 5 21 3 30 5 0 50 17 11 
48 30 12 22 36 38 50 49 7 43 40 4 32 10 19 24 0 1 28 
28 41 11 37 13 49 25 36 4 27 15 11 13 43 6 46 34 0 22 
5 38 13 28 11 36 27 4 48 26 18 46 2 29 30 27 22 26 0 
1 0 11 17 14 47 50 34 23 34 46 31 47 48 36 26 47 20 13 
15 1 0 30 26 11 10 1 49 18 9 26 37 32 36 21 31 46 23 
5 41 42 0 14 44 39 2 31 24 2 28 33 20 5 9 17 12 22 
46 26 1 8 0 13 48 32 26 48 48 15 45 26 18 40 4 42 29 
22 2 7 42 24 0 31 37 50 21 36 39 21 28 15 24 49 35 21 
22 48 28 44 32 19 0 42 5 16 29 26 11 43 16 13 30 46 10 
16 5 2 21 22 14 27 0 46 37 27 20 1 22 27 33 20 33 45 
1 29 21 39 1 20 15 8 0 25 11 44 24 9 48 20 14 34 31 
19 1 26 15 17 36 32 15 36 0 16 8 49 28 23 34 19 30 17 
40 27 4 33 7 15 40 17 3 14 0 18 22 31 8 43 3 2 32 
19 37 12 35 8 36 35 50 1 26 33 0 22 41 41 19 3 25 8 
27 36 45 12 26 50 34 19 48 14 35 1 0 6 26 21 2 50 44 
5 6 20 19 49 7 14 14 34 31 23 28 4 0 28 34 36 26 17 
38 8 12 13 2 39 39 21 15 50 20 8 1 39 0 42 26 49 19 
39 9 37 38 48 12 16 3 46 20 10 8 18 21 50 0 5 14 42 
32 43 5 31 30 28 43 14 45 27 31 34 37 28 30 15 0 48 18 
30 50 10 1 47 49 43 20 11 7 33 50 8 47 26 50 44 0 6 
15 8 29 10 45 34 17 40 23 12 34 32 28 3 24 33 25 14 0 
33 0 32 47 6 38 11 17 36 32 46 19 34 9 37 35 25 50 40 
39 21 0 6 26 34 7 27 32 37 30 29 30 27 26 23 12 18 12 
9 10 20 0 19 43 9 3 22 21 39 3 47 48 4 4 34 44 4 
9 7 49 40 0 30 7 25 38 7 2 20 44 12 48 20 23 16 41 
21 21 29 47 24 0 12 37 38 29 40 32 26 27 43 33 19 3 12 
14 19 30 14 45 5 0 2 2 3 28 28 6 27 26 38 14 14 24 
26 13 34 37 4 43 29 0 35 7 32 25 27 11 43 46 9 10 47 
11 7 27 24 45 22 9 10 0 10 24 14 7 38 14 30 10 43 40 
28 27 16 38 35 10 49 21 27 0 27 17 36 10 19 16 42 4 7 
47 2 19 12 28 44 33 6 22 50 0 44 12 48 2 50 6 31 33 
31 23 23 17 26 24 45 33 44 24 14 0 45 41 47 10 23 13 42 
22 17 50 23 5 30 39 49 27 15 30 15 0 36 5 38 34 11 31 
35 31 27 45 17 46 50 10 42 27 10 48 2 0 25 40 9 35 15 
34 9 18 43 29 28 48 30 4 30 39 10 7 7 0 37 30 39 33 
15 27 50 4 23 46 39 12 40 30 14 5 25 27 20 0 24 1 2 
13 42 2 50 48 37 42 21 21 33 20 3 12 23 36 8 0 44 8 
15 30 36 23 5 17 38 18 17 49 5 12 40 34 7 35 18 0 47 
31 16 30 14 13 3 26 7 43 37 18 41 19 18 33 13 10 22 0 
16 0 41 38 36 12 30 20 43 16 9 43 37 47 27 6 40 27 28 
29 2 0 17 34 47 48 25 1 1 26 31 37 29 28 24 35 19 27 
9 45 5 0 50 44 21 37 17 14 6 41 42 36 30 41 5 35 9 
5 33 44 41 0 11 11 30 44 13 30 31 16 14 12 8 29 31 32 
24 29 9 47 48 0 31 35 19 11 9 41 1 46 24 43 16 31 37 
34 19 34 45 21 50 0 8 8 37 49 43 30 34 8 50 9 32 7 
1 9 35 13 6 42 1 0 21 4 12 34 7 23 48 32 22 46 13 
48 30 8 9 39 41 45 36 0 27 31 26 33 2 37 43 37 16 23 
2 21 13 42 44 50 46 47 24 0 30 27 45 49 13 13 38 12 2 
49 42 20 45 18 21 16 20 46 21 0 11 47 14 36 33 9 20 25 
50 6 36 9 14 43 17 15 10 32 33 0 14 21 15 26 41 39 24 
3 8 3 43 27 24 4 25 36 28 16 41 0 12 40 43 38 38 6 
17 41 29 27 28 3 11 34 38 33 50 46 21 0 24 48 10 7 12 
22 8 30 13 5 39 7 40 50 20 21 43 21 33 0 27 21 25 49 
46 27 30 1 32 44 37 22 25 41 7 43 43 3 34 0 31 17 31 
26 5 36 40 20 39 4 42 14 45 13 18 19 50 50 50 0 14 30 
33 22 26 37 26 34 14 17 33 7 27 18 10 40 17 47 45 0 21 
13 7 7 42 47 40 30 42 9 8 22 7 44 44 40 4 49 46 0 
5 0 40 29 3 26 3 6 48 16 47 35 23 1 23 6 29 37 8 
24 41 0 26 36 7 34 25 7 46 26 14 33 28 7 41 21 43 6 
43 11 31 0 4 36 49 25 34 8 36 7 50 2 15 8 33 30 9 
21 19 34 45 0 29 20 8 31 35 33 19 29 33 31 30 50 37 27 
28 20 5 27 12 0 24 27 39 50 47 24 49 26 46 27 33 1 24 
23 48 33 11 47 6 0 15 42 15 30 4 27 20 3 29 31 5 11 
4 44 8 10 18 40 21 0 11 7 37 8 23 2 50 30 7 28 40 
45 17 23 50 13 20 9 48 0 35 24 28 22 21 45 41 17 30 7 
17 13 30 43 41 37 49 29 35 0 42 28 4 47 13 25 40 37 39 
38 4 32 38 2 21 5 48 34 36 0 16 13 33 36 21 24 41 16 
10 2 26 37 1 34 36 17 20 31 27 0 15 47 32 9 3 29 26 
25 29 11 10 38 44 4 14 13 22 10 43 0 33 24 23 10 30 35 
13 2 3 48 3 36 2 25 21 19 39 35 5 0 30 7 46 49 12 
5 50 15 33 34 38 22 14 7 27 49 4 43 38 0 2 24 40 27 
23 27 26 26 9 14 24 35 26 28 18 30 37 38 25 0 11 6 31 
21 31 18 16 27 40 29 25 26 18 27 2 34 32 41 30 0 24 22 
36 29 42 1 10 49 12 45 47 27 41 11 29 32 32 22 3 0 10 
9 7 1 37 48 34 38 6 9 25 44 37 40 7 15 4 26 27 0 
39 0 21 22 20 4 32 43 2 34 16 40 46 20 13 29 31 21 17 
21 49 0 31 8 14 4 41 38 1 10 38 35 47 26 6 6 33 33 
39 40 3 0 19 44 47 1 23 17 14 5 32 8 9 36 48 33 27 
46 32 7 18 0 30 17 31 34 14 50 19 15 40 15 31 46 43 32 
15 2 5 35 8 0 41 38 27 33 20 2 29 49 50 43 30 10 2 
26 21 11 37 39 11 0 33 1 5 3 25 41 1 13 16 5 34 31 
22 12 24 17 31 3 34 0 12 32 35 1 19 22 10 5 29 21 22 
21 28 14 45 2 8 37 35 0 3 43 19 40 14 45 17 13 8 48 
28 10 41 9 4 27 30 48 50 0 36 31 15 37 23 43 44 34 6 
17 28 10 17 30 46 50 42 43 42 0 22 7 3 10 2 8 2 11 
32 13 24 37 15 5 8 2 4 38 6 0 47 48 20 11 11 46 31 
39 11 30 46 9 13 35 39 26 43 33 22 0 13 30 21 32 13 22 
32 30 13 6 9 29 42 12 36 46 45 3 47 0 43 14 22 19 41 
32 37 4 12 3 27 29 15 19 32 26 27 26 17 0 7 39 29 17 
18 34 2 1 4 47 28 40 44 24 47 41 9 42 11 0 31 50 27 
19 21 28 37 27 44 10 10 37 9 20 29 46 8 14 48 0 4 36 
39 32 34 8 35 14 33 6 19 29 24 34 17 46 17 31 21 0 9 
40 32 7 9 41 44 10 20 20 16 28 39 27 12 38 25 43 19 0 
43 0 11 37 14 4 21 26 32 37 4 42 25 12 16 38 5 8 23 
29 31 0 41 40 48 16 45 17 29 30 2 13 47 43 3 48 38 10 
23 26 28 0 37 33 10 7 7 28 45 5 13 2 23 4 15 46 12 
29 4 14 21 0 20 38 42 46 31 25 7 50 23 15 28 28 33 33 
46 43 48 32 33 0 41 38 1 13 17 29 30 9 33 47 41 20 35 
46 2 6 40 45 38 0 30 33 1 29 22 41 35 24 40 21 19 4 
15 48 21 23 34 20 25 0 26 17 1 16 25 4 32 46 43 32 31 
28 6 48 11 3 1 41 10 0 29 23 32 5 40 38 14 43 27 23 
15 24 19 37 16 19 21 29 17 0 26 25 41 45 43 43 9 44 14 
7 4 45 20 32 25 42 3 45 13 0 11 28 12 11 5 24 28 9 
13 42 41 29 41 24 34 16 35 38 28 0 39 13 31 45 1 37 23 
28 45 42 45 45 13 25 8 18 39 15 14 0 36 22 15 34 47 3 
23 28 14 22 37 17 40 4 26 6 50 31 34 0 12 25 32 46 34 
18 19 47 29 4 33 7 45 1 21 2 6 25 29 0 35 42 28 9 
10 7 9 25 5 41 38 20 9 38 5 4 39 4 27 0 32 17 28 
7 45 24 32 15 42 17 19 2 20 32 21 46 43 34 17 0 23 40 
26 43 15 6 41 35 25 19 40 48 32 48 30 43 13 8 36 0 34 
35 29 42 17 9 36 39 18 39 38 43 13 20 23 32 37 7 25 0 
14 0 1 4 40 8 47 2 20 38 5 41 39 9 38 8 1 33 45 
49 9 0 35 29 17 24 46 37 27 28 28 10 17 43 37 39 45 35 
30 45 22 0 46 15 40 49 35 27 50 30 5 6 20 40 37 39 48 
41 35 35 31 0 44 21 20 25 42 28 38 48 3 21 44 24 22 38 
24 3 44 45 31 0 32 47 46 8 23 23 9 20 30 5 39 49 10 
50 50 1 1 26 41 0 48 21 48 30 48 9 11 32 49 3 14 36 
4 46 5 3 34 49 14 0 48 2 34 9 8 43 14 23 35 24 22 
37 23 28 4 48 10 35 17 0 49 49 12 41 11 18 17 20 35 3 
6 47 16 3 38 29 39 14 13 0 40 38 34 37 27 9 27 16 42 
8 1 48 45 19 17 50 15 36 12 0 24 42 42 23 30 20 29 27 
6 35 35 49 15 34 48 45 30 15 12 0 36 33 34 2 26 13 35 
6 12 29 50 3 24 43 28 41 22 49 15 0 5 18 48 32 21 32 
7 10 36 15 48 25 37 36 3 1 29 40 40 0 17 11 45 14 18 
49 7 32 12 6 38 44 26 46 16 10 45 38 2 0 14 21 19 3 
49 42 14 4 13 18 21 43 50 1 32 33 4 10 4 0 31 33 14 
50 45 4 48 21 22 29 22 26 9 13 27 27 19 48 8 0 47 23 
4 46 44 15 42 14 39 43 45 14 12 50 41 8 20 50 22 0 25 
50 1 21 43 25 42 42 12 31 23 25 14 35 47 14 32 27 37 0 
