25
31
13 0 3 45 3 25 8 42 30 18 17 21 27 4 12 18 22 28 32 6 42 42 46 49 21 19 33 28 42 45 25 40 
26 40 0 44 40 45 35 13 9 11 1 6 45 11 28 49 5 20 21 18 10 1 3 32 45 17 4 25 35 43 31 1 
35 43 28 0 46 37 10 22 23 37 16 23 46 42 37 2 38 43 20 28 9 21 28 16 39 23 9 50 24 41 11 28 
17 31 1 21 0 3 34 33 12 46 48 48 31 44 28 8 41 9 16 17 32 15 15 22 30 8 27 39 23 29 11 49 
33 26 38 7 16 0 41 16 50 4 11 9 33 12 23 47 22 12 16 19 42 8 24 29 13 3 9 21 14 26 46 10 
34 36 49 16 5 7 0 22 43 50 43 17 13 22 7 32 11 7 11 6 28 8 11 19 41 9 47 26 4 7 20 3 
24 9 1 25 48 13 8 0 43 16 40 24 19 49 42 12 8 6 21 49 15 3 20 18 2 24 17 8 7 8 31 18 
36 30 41 43 5 21 32 35 0 48 49 18 40 38 35 42 21 50 48 40 20 33 9 6 50 5 42 49 2 31 5 1 
35 35 23 38 40 8 50 7 38 0 24 37 1 16 35 30 30 18 33 46 9 10 19 12 35 27 25 42 39 14 22 31 
4 44 49 34 6 16 47 2 14 1 0 41 3 46 47 9 40 15 25 12 32 20 35 47 42 17 24 38 12 15 16 12 
44 16 44 33 7 18 2 25 14 21 31 0 33 9 19 16 16 39 18 35 28 14 2 41 11 20 48 7 17 32 29 36 
37 48 39 48 38 2 15 2 23 13 50 48 0 11 40 2 38 23 1 8 50 44 31 38 48 42 25 34 14 10 11 36 
43 36 36 44 36 20 22 29 14 24 16 13 16 0 14 5 31 22 18 10 35 16 25 30 42 7 11 42 6 13 19 2 
43 12 27 7 13 25 46 17 19 1 22 44 26 28 0 18 23 34 38 45 12 47 1 27 20 19 7 45 38 25 29 17 
17 45 23 24 2 39 7 42 6 26 1 41 34 45 31 0 4 15 39 38 8 18 18 8 5 43 36 8 39 7 31 9 
43 41 35 6 49 3 4 17 34 27 47 39 37 46 10 43 0 26 39 3 31 49 37 21 50 49 38 18 32 16 32 19 
36 26 17 9 1 50 39 32 1 11 22 5 32 21 30 21 10 0 33 43 33 50 4 50 11 6 20 35 7 12 36 23 
1 3 8 11 13 20 38 9 44 37 8 3 20 27 33 40 29 20 0 18 9 49 24 50 19 33 26 7 3 31 15 33 
21 16 38 21 2 24 11 17 2 22 24 49 46 43 2 30 34 23 31 0 6 38 44 27 24 28 4 40 29 37 14 35 
29 29 5 38 37 33 6 31 17 19 3 16 38 25 25 4 27 31 46 23 0 31 1 10 45 27 39 15 44 49 35 32 
30 38 37 46 21 41 6 15 48 29 42 15 38 36 29 40 49 3 50 13 48 0 41 41 5 29 20 11 11 49 18 12 
33 33 37 23 28 1 29 5 13 22 17 49 45 39 36 22 10 49 50 16 41 49 0 22 35 39 48 32 18 1 31 45 
17 30 17 10 33 1 13 1 39 20 49 37 42 32 43 47 17 43 48 1 13 49 3 0 22 34 11 3 34 31 20 12 
4 33 27 50 19 28 29 4 22 48 48 12 46 43 12 30 3 46 1 16 26 3 31 32 0 19 28 46 27 22 48 29 
20 20 9 45 5 16 33 25 20 38 40 27 4 15 38 8 29 22 31 1 38 31 4 37 1 0 3 45 32 41 33 3 
32 24 19 29 42 37 49 8 15 21 22 32 29 36 27 27 17 31 21 18 5 41 48 41 40 17 0 23 44 3 21 1 
34 37 35 8 3 35 37 46 21 30 15 17 31 17 49 25 1 25 26 28 1 21 16 48 42 27 28 0 40 26 15 6 
6 45 20 38 45 44 29 24 42 31 35 50 38 41 25 18 25 41 42 23 20 27 43 1 14 22 37 17 0 27 8 48 
20 7 25 10 22 11 29 5 31 22 1 34 48 17 21 28 8 17 9 4 49 35 43 36 29 2 20 25 24 0 7 13 
48 35 33 15 44 13 31 4 7 46 37 11 1 19 43 45 34 43 44 30 50 18 4 49 36 15 39 31 20 42 0 5 
31 24 10 4 50 16 2 27 16 27 14 3 8 13 24 42 18 36 8 36 33 30 28 13 30 31 34 29 30 24 1 0 
34 0 16 42 6 37 42 16 44 30 33 16 29 3 37 16 46 37 13 23 22 46 13 7 22 1 47 47 24 19 32 23 
48 42 0 27 30 37 17 8 37 1 3 42 28 3 17 2 26 26 14 36 48 17 8 3 5 21 9 20 5 41 45 42 
26 49 11 0 19 37 26 7 29 30 29 26 23 20 4 36 4 5 50 21 22 11 34 34 6 40 39 22 10 28 48 3 
47 6 11 17 0 30 43 49 15 50 19 35 7 20 42 35 34 2 36 6 15 6 20 24 31 43 15 5 29 49 4 48 
1 32 26 30 17 0 9 38 7 11 7 35 21 3 26 28 15 15 6 6 21 25 23 33 48 27 33 30 25 15 39 21 
17 47 22 34 25 44 0 12 19 26 14 30 46 9 22 50 21 6 15 1 40 24 43 33 24 29 50 29 4 35 29 13 
42 23 36 18 25 31 42 0 4 22 4 38 31 7 45 28 25 26 27 12 25 10 15 49 48 24 14 49 6 25 15 9 
34 47 2 38 23 23 4 25 0 40 14 12 29 37 36 13 26 29 2 25 3 27 23 4 4 28 24 39 44 11 33 37 
29 7 45 4 34 6 7 5 2 0 23 2 22 12 48 36 13 12 11 38 20 4 1 12 33 12 44 48 11 50 35 11 
15 8 27 34 22 42 33 30 21 22 0 48 23 31 25 1 43 6 42 12 27 33 23 14 33 29 46 13 42 41 8 47 
5 18 12 38 15 35 15 14 21 29 32 0 18 48 7 28 32 8 12 1 43 20 39 8 28 42 44 44 6 27 30 42 
40 13 26 43 6 19 37 36 8 42 28 42 0 49 2 6 16 27 1 15 5 30 40 16 27 17 10 35 47 22 41 9 
38 41 38 42 6 23 14 22 13 22 27 44 1 0 42 47 10 27 37 28 18 5 13 25 12 50 47 49 26 47 35 41 
14 17 33 41 1 12 10 50 44 13 30 2 34 4 0 47 16 36 20 50 9 11 44 24 4 25 17 26 43 10 24 39 
26 28 31 13 27 18 1 47 49 17 37 35 6 26 11 0 42 8 4 32 14 7 47 27 31 21 44 30 17 34 36 18 
41 20 25 4 25 3 42 20 48 35 23 2 42 25 10 18 0 29 14 26 18 39 28 11 32 30 1 1 42 34 39 35 
13 13 49 46 15 32 22 37 39 17 34 34 29 34 45 35 6 0 12 26 1 3 9 19 29 13 10 43 25 24 2 50 
37 9 1 11 39 43 30 45 37 8 28 37 2 6 45 33 49 35 0 16 46 31 8 39 32 5 45 21 33 5 39 47 
13 38 17 48 25 28 24 7 43 27 17 39 44 26 23 18 24 19 28 0 44 41 8 7 20 29 21 20 7 45 23 48 
41 49 11 16 49 35 9 20 5 26 28 24 19 15 20 45 7 32 28 47 0 14 28 45 6 5 32 48 19 4 9 18 
13 20 30 27 41 34 10 24 33 16 49 24 19 13 34 38 6 10 27 13 25 0 17 26 34 13 4 5 11 18 38 40 
17 46 9 16 5 39 38 29 12 47 8 46 32 15 5 27 44 21 44 43 9 28 0 47 43 46 44 47 14 38 29 50 
7 45 26 33 28 11 47 30 50 18 31 15 16 18 22 45 19 9 27 12 40 25 46 0 31 39 50 16 21 11 43 25 
42 33 48 2 1 6 33 27 17 47 42 44 26 29 13 31 26 24 50 28 5 12 18 10 0 32 50 45 44 28 45 27 
19 7 43 40 33 19 16 22 40 37 32 11 15 49 31 20 3 27 20 41 47 12 15 20 31 0 16 38 20 1 11 39 
50 22 20 23 37 33 39 31 12 10 3 10 42 24 1 3 12 1 31 43 18 9 5 31 8 43 0 23 10 18 31 47 
22 29 48 33 39 46 26 44 37 14 47 8 32 45 2 24 47 30 13 27 20 21 19 22 41 18 40 0 16 45 11 30 
13 32 14 31 32 44 41 12 8 36 7 44 29 22 2 24 36 6 19 26 30 6 5 28 2 11 27 43 0 22 6 11 
50 27 34 34 27 19 14 21 30 7 18 5 42 13 27 40 50 40 45 4 10 26 35 1 8 28 36 30 22 0 18 49 
41 2 25 8 17 45 38 25 5 23 35 40 20 12 1 13 16 25 21 27 3 28 2 2 24 43 34 26 50 33 0 34 
50 12 8 28 3 17 5 11 46 12 15 40 32 25 37 15 39 8 15 21 6 2 41 46 13 1 24 35 24 12 13 0 
26 0 23 39 36 28 12 34 48 46 11 14 25 16 39 39 21 27 38 28 45 19 35 12 29 49 22 13 16 3 44 20 
37 34 0 50 39 17 43 40 9 4 6 11 19 11 42 27 26 8 25 30 48 48 46 18 44 42 12 11 37 7 50 19 
45 3 41 0 27 42 16 50 22 28 37 30 25 40 9 16 2 38 23 47 5 41 23 47 23 42 16 6 48 6 33 3 
3 4 37 16 0 17 20 15 35 10 9 3 3 11 19 21 29 36 26 10 23 15 10 45 29 23 6 19 36 26 11 2 
17 46 34 27 22 0 3 44 50 33 23 38 38 47 38 21 37 5 21 38 20 22 47 10 39 43 9 8 43 11 2 29 
9 49 7 37 7 27 0 42 50 26 43 27 28 1 27 23 49 41 2 20 14 16 39 41 30 20 37 45 35 13 45 1 
39 32 45 30 39 40 2 0 14 10 14 21 12 27 46 19 10 13 21 10 18 41 42 38 13 20 9 27 17 21 32 7 
38 32 43 38 47 7 47 34 0 10 40 38 11 1 46 28 14 35 2 27 33 15 3 28 10 48 44 32 10 30 13 35 
44 28 7 34 31 35 8 23 3 0 16 37 1 29 3 31 37 18 43 45 43 16 44 50 43 35 4 34 41 3 26 38 
4 47 5 45 33 45 13 48 30 27 0 29 25 17 29 3 49 7 17 8 14 18 36 21 19 50 28 15 49 27 2 18 
21 28 29 33 4 24 9 48 43 6 45 0 16 16 38 20 34 14 33 5 27 24 46 13 20 19 27 37 46 6 31 14 
22 28 10 8 47 38 47 49 26 49 19 15 0 8 23 20 5 32 31 45 1 17 22 25 44 26 16 9 14 28 38 14 
43 13 43 24 38 7 30 23 46 18 34 30 29 0 6 31 5 48 49 22 5 15 11 30 47 1 3 17 33 32 30 33 
22 39 36 27 3 16 50 33 49 2 8 50 34 33 0 43 47 39 46 11 12 15 6 33 49 32 33 46 24 35 41 48 
42 17 35 13 41 44 29 28 40 49 17 24 3 8 12 0 47 14 8 7 28 37 21 18 19 16 7 37 45 20 20 26 
48 8 5 16 34 50 21 2 3 10 18 22 14 48 32 30 0 41 21 37 32 16 29 13 11 22 49 17 47 35 7 34 
8 20 23 20 16 49 42 29 48 44 7 4 19 20 49 5 21 0 34 27 47 25 34 38 11 20 46 45 45 35 34 25 
17 47 26 11 2 41 29 17 32 49 42 40 39 9 25 45 42 23 0 44 46 13 8 10 10 25 33 12 1 21 4 48 
44 14 19 40 8 43 9 48 14 42 18 46 48 34 44 50 2 45 1 0 4 22 42 38 13 10 37 17 36 20 30 29 
46 28 2 48 26 21 20 17 2 33 26 30 4 45 13 13 26 32 34 11 0 6 20 1 26 2 27 6 31 21 27 23 
28 35 14 23 18 47 36 18 29 33 28 49 21 47 13 34 19 47 25 41 5 0 37 20 23 26 28 26 46 50 15 39 
47 26 10 48 45 40 23 45 16 41 14 5 28 28 21 30 30 40 43 38 34 47 0 36 19 42 16 41 47 41 21 40 
19 15 44 32 23 11 49 18 44 47 3 9 1 41 33 42 46 5 48 47 7 7 27 0 5 50 41 42 7 30 49 26 
4 46 1 46 40 34 46 49 19 31 23 49 42 32 38 36 28 9 25 46 42 44 24 34 0 12 38 39 32 33 20 42 
38 45 21 50 14 50 45 43 8 50 7 29 17 34 8 36 24 13 6 15 48 6 4 35 10 0 22 18 35 2 46 15 
16 50 39 35 4 22 33 24 36 33 17 17 47 35 15 8 50 4 3 15 20 28 5 45 33 42 0 36 40 43 33 11 
41 13 36 42 29 28 50 4 14 42 40 20 32 32 39 7 50 46 14 18 31 50 31 46 39 46 45 0 2 13 36 44 
31 4 23 26 5 12 44 37 31 1 50 39 24 30 8 23 13 45 36 37 44 29 15 30 42 32 40 3 0 34 33 48 
42 29 49 9 17 10 6 34 46 7 9 34 17 31 11 7 16 31 23 33 8 27 50 50 2 39 43 35 23 0 22 41 
3 48 4 8 11 25 22 42 13 7 11 40 30 35 46 49 49 31 25 25 23 11 1 40 15 29 50 7 28 18 0 22 
11 24 16 7 36 13 24 1 33 45 39 11 26 48 38 20 15 7 41 44 4 48 48 18 42 48 15 43 32 26 15 0 
15 0 45 35 50 17 14 29 10 36 26 31 43 30 34 1 25 43 28 9 36 1 38 25 19 14 26 49 15 38 49 31 
19 7 0 30 25 16 41 48 21 6 36 47 5 18 24 6 18 35 42 24 22 15 23 41 15 28 21 17 37 41 16 15 
22 37 46 0 12 36 50 10 36 34 45 8 3 50 4 33 7 45 8 9 14 23 15 27 16 46 17 16 48 46 25 12 
31 41 22 26 0 19 23 13 20 18 25 7 40 28 8 20 41 11 45 14 23 29 33 2 42 7 10 31 16 19 35 13 
41 10 34 28 13 0 29 29 14 35 33 39 41 39 17 26 50 8 26 27 5 3 32 2 33 49 39 31 19 9 42 47 
1 34 13 17 30 45 0 31 8 13 33 31 29 41 41 42 14 25 32 11 23 41 43 30 11 9 9 1 30 25 49 11 
6 43 37 38 7 27 1 0 46 6 28 19 15 23 22 3 12 43 7 26 6 37 49 20 6 9 5 3 8 22 44 2 
33 15 23 26 37 4 3 36 0 37 25 36 5 45 22 29 8 39 6 47 9 24 50 43 24 8 23 31 30 2 24 43 
25 12 27 36 1 50 46 17 8 0 40 21 39 32 1 44 26 35 31 48 14 2 25 36 29 34 22 49 18 14 24 24 
34 14 32 12 44 19 37 28 8 44 0 40 40 19 3 12 12 23 15 48 46 49 5 10 41 50 27 49 3 29 2 28 
4 34 16 37 26 50 40 50 8 49 3 0 41 21 13 36 18 26 23 10 26 4 16 28 26 30 4 42 12 18 20 34 
50 6 16 37 6 3 16 37 13 33 15 41 0 48 47 14 39 29 14 9 23 31 19 26 25 38 6 41 8 22 9 28 
33 38 15 4 35 6 27 31 15 11 36 48 44 0 39 26 31 29 16 15 13 49 9 48 3 31 31 41 49 50 13 9 
15 5 6 32 4 34 43 30 34 2 34 45 13 45 0 22 33 37 13 26 12 42 7 46 30 25 40 12 24 4 16 28 
31 3 2 22 44 38 7 23 48 36 37 32 12 16 14 0 36 9 10 49 5 36 25 1 18 9 10 26 8 14 22 20 
26 18 24 3 42 11 24 28 45 30 41 29 26 5 25 35 0 15 12 5 4 15 6 11 43 7 3 35 14 35 13 50 
9 26 17 11 14 38 14 22 25 36 32 5 26 46 46 25 13 0 34 25 11 47 9 19 6 21 7 32 46 40 26 11 
44 32 30 32 3 10 44 11 48 2 40 31 19 33 1 36 47 11 0 28 23 30 10 2 4 1 8 11 41 8 6 18 
33 49 25 39 23 46 14 44 15 19 23 28 10 8 29 1 24 20 21 0 36 35 12 4 31 34 30 27 32 46 50 4 
4 42 34 7 32 44 45 29 41 33 18 13 4 8 32 43 47 23 8 37 0 21 37 20 33 21 45 45 6 43 20 33 
48 16 16 19 36 26 1 47 7 30 42 31 3 17 50 1 23 2 38 30 10 0 39 13 34 18 23 1 37 37 49 39 
36 22 1 21 48 39 39 46 17 47 26 1 8 29 7 18 17 22 45 22 4 6 0 40 24 10 3 32 2 14 25 15 
10 9 41 7 9 2 47 2 12 35 6 21 34 34 39 6 5 12 5 35 15 43 27 0 36 30 32 28 11 46 7 38 
32 43 32 16 42 18 23 48 16 20 21 33 38 48 35 6 40 22 48 28 41 10 40 50 0 18 32 5 27 28 25 36 
7 6 47 24 29 2 18 47 39 33 14 39 15 45 10 40 38 46 26 38 40 48 30 47 23 0 3 33 49 11 13 46 
21 42 35 14 28 41 24 7 5 23 26 9 46 27 21 26 5 9 43 17 32 2 37 46 9 27 0 50 2 26 20 19 
36 27 37 44 48 31 31 32 49 15 39 22 15 15 40 34 21 3 28 28 41 19 46 14 19 5 39 0 6 2 41 23 
31 36 4 40 33 9 33 24 45 24 27 44 3 44 30 23 32 20 43 30 49 49 42 29 18 31 24 25 0 43 43 26 
31 8 42 8 37 12 26 7 26 38 29 33 4 14 25 43 21 40 33 7 37 10 12 24 33 44 25 22 3 0 36 9 
32 3 49 46 36 11 36 44 11 7 13 17 43 21 17 39 16 43 38 3 36 10 36 40 22 47 19 26 44 37 0 4 
5 41 30 48 30 6 18 40 32 36 46 22 1 24 43 20 4 17 5 10 30 15 33 23 22 18 9 25 40 43 10 0 
1 0 25 4 9 26 13 23 37 34 48 4 6 17 40 39 35 17 29 27 15 10 39 27 24 41 8 7 27 13 47 44 
50 40 0 27 46 48 48 15 17 7 31 30 22 13 27 9 17 33 34 33 43 46 13 28 50 12 48 30 19 18 6 47 
24 37 5 0 4 17 41 45 41 38 2 12 21 34 30 17 15 48 32 42 25 44 30 4 48 38 12 27 35 50 19 46 
50 1 35 7 0 36 8 23 42 26 39 43 46 41 34 43 45 20 45 33 32 37 26 32 3 45 33 8 16 6 14 11 
42 20 6 13 20 0 49 24 32 8 25 41 17 37 2 34 14 14 46 18 8 40 17 37 10 24 20 33 13 3 1 8 
37 13 29 2 27 35 0 21 23 46 47 14 26 8 47 10 46 2 11 20 44 21 38 7 21 25 33 47 40 1 17 12 
30 7 18 4 4 9 50 0 7 29 43 23 23 12 27 42 29 14 14 25 31 2 33 8 37 49 6 8 27 44 39 32 
23 29 35 34 19 41 43 6 0 38 2 4 41 1 48 16 46 45 33 5 34 27 27 37 10 47 50 31 5 49 1 24 
13 41 12 1 45 27 43 23 39 0 21 8 37 29 48 43 7 40 34 11 13 44 40 5 6 47 42 25 38 20 10 38 
8 37 29 42 1 39 47 21 20 3 0 11 16 13 19 40 8 13 5 43 42 21 38 39 30 24 36 7 5 3 2 5 
4 29 34 50 1 1 7 42 19 43 13 0 42 10 34 24 43 37 8 35 13 34 27 19 17 20 48 49 19 16 33 43 
19 18 49 7 38 30 19 39 8 6 14 25 0 50 9 47 30 47 50 43 21 48 19 39 22 28 11 17 31 3 2 39 
26 37 50 45 24 12 28 37 13 18 19 27 8 0 21 3 20 9 23 19 3 19 24 13 46 1 30 28 30 27 13 39 
37 7 18 38 39 50 14 24 18 19 13 30 3 30 0 42 31 2 26 42 9 8 34 49 20 3 25 5 44 44 35 49 
11 1 30 32 21 41 33 14 20 45 50 2 34 7 44 0 10 16 10 49 26 4 35 5 32 3 8 48 36 14 45 21 
30 34 21 3 30 24 48 21 41 19 12 22 14 8 33 15 0 14 9 15 39 35 46 9 45 26 46 48 29 14 44 47 
1 26 25 21 18 14 4 14 37 19 39 8 8 43 13 41 25 0 21 43 34 27 50 6 36 35 26 27 27 34 26 19 
8 48 23 12 47 39 38 16 2 10 46 28 21 46 38 2 2 13 0 6 24 9 21 10 20 1 21 39 36 42 37 28 
31 12 1 32 11 35 32 17 2 37 6 42 24 32 22 35 41 47 25 0 25 14 29 3 10 37 38 3 11 26 1 2 
24 15 33 15 17 21 14 27 17 21 46 4 37 4 30 36 38 30 36 48 0 40 17 13 15 2 9 41 45 23 32 22 
42 2 35 32 27 42 17 5 15 28 20 9 4 18 26 16 7 8 3 15 31 0 41 3 13 7 3 18 14 8 31 20 
5 35 50 5 2 2 22 3 44 22 25 21 21 20 9 9 47 27 44 34 37 21 0 18 41 1 50 23 25 25 24 4 
47 35 8 16 24 5 13 24 14 35 6 9 44 6 20 32 43 48 44 22 38 15 47 0 33 34 18 10 4 3 30 48 
29 20 18 29 37 13 5 36 5 34 3 31 49 32 12 24 35 32 18 31 27 31 3 17 0 33 38 26 32 6 45 9 
22 35 38 27 40 27 28 33 19 39 13 40 38 35 34 49 2 23 45 25 23 35 49 21 49 0 18 2 46 50 38 23 
30 10 25 32 47 12 5 23 48 7 49 49 42 15 41 15 32 49 39 25 10 12 20 37 37 36 0 18 29 23 25 33 
34 32 17 33 31 14 4 38 38 47 1 48 19 25 36 8 6 8 3 21 48 11 14 14 19 40 39 0 45 11 44 26 
1 23 25 16 18 26 33 11 2 28 11 2 28 10 15 2 12 1 29 12 21 20 5 35 23 18 4 15 0 41 25 10 
27 44 21 50 25 44 10 18 32 24 47 2 43 37 9 36 4 5 38 27 45 33 32 6 31 19 40 43 1 0 23 19 
20 27 19 35 9 7 10 40 8 3 33 47 39 24 18 12 49 14 32 50 10 3 48 16 45 12 16 20 7 5 0 17 
18 9 5 28 26 25 3 1 30 45 15 31 25 12 36 43 32 13 7 42 30 19 24 9 18 29 4 40 48 41 41 0 
34 0 4 37 16 38 35 47 43 38 46 14 3 5 46 23 24 4 9 19 35 7 50 13 37 49 36 47 10 47 22 13 
4 39 0 5 31 27 39 47 48 9 35 21 20 47 17 17 19 14 45 5 50 32 29 7 34 35 42 50 17 3 38 38 
46 17 33 0 10 14 50 15 46 36 8 11 10 1 36 30 17 21 33 17 34 15 42 22 32 25 33 21 47 36 39 30 
46 22 47 25 0 4 14 7 3 20 49 50 20 42 22 19 6 49 5 25 30 35 36 5 23 4 45 2 36 32 29 19 
10 47 28 15 39 0 4 12 27 4 14 30 48 35 16 22 30 11 7 27 23 42 12 10 46 11 17 25 21 9 12 22 
21 41 31 40 24 14 0 7 30 2 37 29 22 17 5 38 21 7 32 15 42 30 6 7 27 49 37 33 5 23 30 41 
18 42 42 9 8 4 26 0 49 17 4 27 25 36 14 40 44 41 23 47 18 39 45 20 43 16 34 5 42 37 32 2 
8 23 47 11 31 25 46 31 0 17 32 34 49 39 3 31 21 13 10 44 42 32 27 12 3 24 23 49 44 24 50 35 
12 35 3 19 2 40 4 10 19 0 46 43 31 37 5 46 32 40 35 13 42 33 44 40 20 32 12 44 38 8 27 3 
7 17 47 23 14 37 35 29 32 10 0 1 26 47 40 47 25 48 28 42 9 9 11 8 3 19 46 33 38 41 46 17 
2 42 43 37 14 41 33 33 46 6 7 0 32 33 32 18 43 31 36 38 47 10 17 18 44 46 9 45 5 19 4 48 
39 36 44 49 34 4 4 33 34 16 46 47 0 4 3 30 26 21 1 4 2 2 3 50 7 36 25 50 41 5 47 29 
14 42 9 18 47 40 34 34 39 27 3 4 32 0 15 21 15 41 17 34 24 4 16 3 46 36 36 37 14 10 5 14 
28 38 37 32 6 46 36 33 37 38 17 15 25 50 0 50 19 43 15 10 9 24 22 23 25 49 40 13 32 12 3 20 
25 34 14 25 16 45 33 16 20 6 34 48 37 37 1 0 28 47 37 17 45 49 50 46 40 7 16 13 33 17 33 4 
22 34 18 43 31 11 25 34 25 10 50 41 4 41 25 36 0 39 49 12 17 45 45 8 22 25 39 25 19 1 33 1 
50 37 2 13 14 20 44 20 17 22 4 43 36 49 9 43 49 0 33 31 24 35 5 16 10 28 26 47 19 43 36 7 
34 43 9 1 5 2 28 11 17 45 29 46 45 41 2 23 23 16 0 47 26 36 21 9 17 45 21 43 36 39 24 26 
28 31 16 21 1 27 49 5 41 22 23 14 30 6 9 21 19 26 4 0 24 3 47 10 21 14 34 43 6 34 10 43 
23 44 19 1 15 30 21 2 47 25 11 6 5 14 7 30 11 36 50 24 0 10 35 50 23 32 21 46 8 17 34 43 
22 31 29 1 21 11 5 45 42 49 24 8 50 42 41 6 7 7 5 32 21 0 34 36 33 38 44 46 20 45 34 13 
36 13 33 40 25 27 14 36 19 7 42 9 26 37 28 1 32 41 16 39 1 12 0 2 23 39 46 46 14 27 15 36 
50 8 36 38 45 17 3 17 30 44 21 36 26 29 26 11 47 10 44 15 30 29 46 0 12 25 11 11 1 30 31 1 
10 5 21 42 1 41 49 33 34 29 25 37 46 31 26 26 44 14 36 49 4 33 50 7 0 21 13 24 14 35 7 2 
37 49 43 12 32 5 37 25 20 49 27 11 37 5 43 50 32 49 35 17 38 45 32 47 27 0 5 15 21 39 17 35 
49 27 27 38 38 4 20 45 22 8 39 16 1 28 23 14 2 29 14 42 15 1 41 15 43 18 0 46 35 27 40 16 
37 4 14 29 34 10 18 6 47 13 5 14 9 49 29 31 20 4 42 14 43 26 25 21 49 36 13 0 45 21 8 35 
18 32 42 3 13 37 49 39 4 35 23 17 30 10 37 32 16 15 37 27 32 35 27 23 12 29 44 31 0 48 47 23 
36 39 29 38 33 18 47 17 45 21 15 38 30 20 9 46 11 12 5 48 31 34 32 4 33 5 20 42 34 0 43 19 
41 8 13 38 29 2 23 5 15 19 48 43 6 17 48 48 3 3 34 34 20 44 49 42 2 8 26 5 28 48 0 6 
33 2 3 25 31 17 33 31 45 38 7 40 29 34 42 26 37 36 8 17 39 1 10 50 48 9 21 36 21 26 19 0 
27 0 17 14 15 42 3 43 17 31 21 23 40 47 13 5 21 9 11 32 39 19 21 32 17 33 42 4 27 23 46 47 
10 19 0 19 30 23 15 19 50 23 45 20 27 46 16 12 13 37 43 39 13 26 39 38 1 7 35 48 33 50 50 16 
45 35 25 0 14 21 28 33 32 6 40 11 9 44 50 44 37 2 21 29 17 35 34 34 22 21 32 19 24 38 18 36 
1 24 30 25 0 43 21 2 42 36 4 12 33 23 15 31 44 1 13 49 46 13 21 34 32 11 2 4 43 39 9 10 
44 38 5 11 36 0 14 25 2 16 50 30 44 13 23 2 11 7 41 38 18 12 40 22 24 30 40 49 15 41 18 10 
3 27 45 19 46 19 0 4 45 30 27 11 34 47 33 28 21 9 10 42 47 3 1 41 48 5 16 31 31 46 15 11 
12 49 41 28 17 18 5 0 7 42 3 47 9 42 1 7 26 42 3 20 41 5 50 21 7 2 36 47 14 30 39 24 
49 15 16 50 35 7 5 11 0 4 5 4 50 45 7 43 50 48 49 41 40 28 27 25 6 12 28 34 27 31 21 41 
27 4 30 48 44 26 2 22 20 0 37 43 17 36 2 50 27 1 9 37 50 16 40 49 46 23 41 11 38 7 23 29 
30 33 14 27 47 15 9 50 24 46 0 27 21 4 35 11 39 5 13 2 33 18 44 21 25 38 5 34 26 4 16 14 
15 47 8 13 34 23 25 4 12 43 9 0 14 4 40 19 46 11 12 2 7 26 6 41 11 36 12 39 40 42 32 34 
47 8 33 12 25 46 23 27 17 30 9 40 0 41 9 31 18 36 19 10 23 14 2 10 38 10 7 48 27 23 34 36 
12 31 9 13 6 22 28 45 50 39 35 35 27 0 18 16 1 2 6 45 4 21 32 9 20 45 49 46 2 18 49 46 
5 34 45 47 10 32 47 25 46 9 25 10 34 29 0 18 33 21 45 7 46 22 29 30 15 31 22 40 19 8 27 26 
27 2 44 31 1 33 21 6 19 6 31 49 45 47 22 0 26 42 27 16 25 8 12 3 24 27 4 30 17 39 42 28 
18 20 33 48 9 40 49 17 1 1 39 38 40 41 30 36 0 19 9 47 49 42 42 2 19 15 49 21 5 47 3 4 
18 27 28 14 29 12 49 14 36 44 10 15 25 19 25 13 34 0 47 19 12 9 42 44 36 27 19 15 34 11 20 44 
20 49 47 22 11 13 28 2 24 21 46 11 5 33 27 28 50 40 0 36 37 8 29 42 46 26 34 42 38 11 48 15 
4 16 50 41 17 28 48 15 1 7 46 46 42 13 32 40 4 50 41 0 16 44 25 34 37 42 7 2 46 28 21 40 
41 27 6 43 45 6 43 10 1 3 26 35 31 12 33 1 33 45 44 39 0 38 20 32 22 29 33 13 49 10 26 3 
38 31 17 5 20 37 21 37 34 12 41 41 14 19 40 3 25 9 7 19 1 0 34 33 3 22 45 34 14 13 43 44 
50 25 1 38 5 14 8 14 15 12 8 11 27 47 29 19 4 39 30 38 40 4 0 7 2 5 49 14 34 26 3 7 
25 41 19 41 17 14 31 36 40 18 46 43 8 44 23 6 7 43 26 31 26 33 5 0 4 47 18 49 34 6 1 24 
39 12 6 34 20 9 7 13 6 24 3 41 21 45 11 50 9 32 43 8 41 50 23 32 0 43 36 15 44 49 15 47 
30 39 44 8 32 3 10 4 48 50 30 21 7 23 42 35 10 37 18 41 3 13 43 34 39 0 40 24 41 34 45 13 
15 42 27 23 2 27 38 29 48 49 28 46 8 12 30 16 10 1 2 5 7 31 24 45 18 47 0 11 19 43 29 19 
20 3 37 16 30 31 50 41 8 23 8 21 43 25 17 35 22 10 24 15 41 33 40 7 34 18 33 0 6 6 16 19 
37 20 30 9 43 22 46 1 35 10 11 44 33 50 11 32 20 1 12 39 10 19 15 29 38 14 31 33 0 12 49 44 
35 42 4 21 1 14 17 24 14 27 10 39 5 31 39 7 7 23 37 13 6 45 27 10 18 5 1 21 30 0 41 14 
39 37 16 26 2 30 29 10 19 4 27 48 13 50 31 10 49 50 8 24 10 26 37 38 41 16 44 3 46 13 0 47 
45 23 14 22 3 39 5 37 27 29 13 19 9 30 47 15 10 38 46 3 22 22 18 4 13 1 29 35 37 36 26 0 
14 0 6 8 32 26 50 29 28 21 44 13 31 46 48 8 28 9 45 1 34 15 1 10 25 23 6 10 9 3 11 21 
1 42 0 3 49 13 2 49 22 16 32 11 25 10 9 42 22 7 5 23 20 41 37 3 11 14 47 33 9 20 40 21 
26 11 23 0 13 40 43 49 46 26 11 24 36 3 5 27 50 17 32 35 4 4 30 41 30 15 39 43 36 17 20 40 
2 26 12 35 0 15 37 47 2 29 9 10 47 10 18 1 50 6 38 47 17 27 36 37 17 46 20 44 48 1 1 13 
29 7 21 22 11 0 42 21 12 13 20 30 6 45 45 33 31 13 14 40 37 49 21 4 13 16 39 45 39 45 44 49 
2 28 46 31 41 40 0 46 41 9 36 26 34 47 47 31 42 22 14 39 31 35 12 15 15 9 3 8 7 22 47 32 
17 19 21 29 28 50 15 0 43 42 18 23 31 2 24 37 7 17 36 47 23 26 7 14 15 40 14 31 22 38 33 40 
19 12 4 9 15 27 18 3 0 43 8 22 48 14 12 31 14 42 23 47 42 21 25 24 7 11 6 6 40 14 20 43 
5 10 28 5 20 48 15 23 30 0 49 33 5 16 5 10 50 4 9 1 40 50 42 41 19 44 38 47 48 9 21 29 
39 23 16 17 38 36 8 12 16 27 0 1 17 43 38 21 9 3 2 7 3 31 14 30 44 13 19 10 11 32 1 18 
14 9 21 45 32 1 38 22 15 46 48 0 35 13 50 26 48 31 24 29 45 47 3 19 48 25 44 22 5 19 27 47 
30 15 10 37 8 23 44 39 9 15 30 43 0 7 34 29 18 44 38 21 29 37 4 6 21 12 41 23 20 39 29 34 
3 38 50 19 21 3 13 18 26 38 36 21 31 0 17 11 12 15 46 26 28 18 49 48 10 27 9 39 26 17 1 25 
50 31 32 28 5 8 16 9 15 32 20 46 42 2 0 33 26 5 1 29 9 24 13 1 17 5 41 40 42 12 14 38 
2 26 14 36 41 50 40 6 5 49 38 11 47 48 3 0 7 9 44 34 35 25 38 42 2 38 30 15 23 15 19 24 
48 2 44 19 21 28 17 43 26 16 45 25 10 37 3 4 0 19 2 34 32 49 28 30 13 14 34 13 49 11 35 17 
42 36 26 40 10 4 30 33 29 42 2 8 20 30 14 32 15 0 35 27 47 22 31 38 26 21 23 32 6 37 16 19 
33 42 49 4 40 35 47 43 1 39 19 5 40 47 21 11 33 1 0 2 48 14 34 38 46 12 49 50 20 38 23 25 
47 14 23 20 17 21 27 24 48 18 43 27 8 3 26 48 29 50 12 0 49 6 35 19 6 49 4 4 43 41 35 28 
6 28 15 23 42 17 28 4 41 7 27 5 30 21 8 31 43 36 1 22 0 20 26 25 20 12 45 18 21 13 17 35 
33 13 41 37 49 44 30 35 32 1 47 22 43 29 31 40 35 41 24 11 7 0 41 14 9 30 4 46 12 48 50 8 
42 24 22 44 42 40 34 10 37 14 2 20 21 24 4 32 41 31 6 33 30 40 0 6 28 43 50 32 8 45 49 18 
38 32 44 5 49 21 36 40 50 1 32 38 48 6 22 44 36 27 22 5 32 42 17 0 28 3 19 44 1 42 8 27 
15 39 46 14 38 27 19 6 12 5 41 6 33 49 3 9 23 22 7 47 31 23 44 37 0 46 16 17 3 30 27 35 
48 43 24 17 49 2 42 35 17 17 21 11 50 41 36 34 29 1 11 22 30 36 12 47 42 0 45 10 19 22 10 17 
26 35 21 44 14 9 32 4 7 31 38 40 30 11 13 44 47 10 32 38 3 20 6 5 12 32 0 28 25 5 43 24 
13 8 1 46 26 30 47 23 25 48 47 4 42 43 47 32 37 30 1 14 9 40 22 14 6 30 16 0 32 32 32 7 
49 14 7 25 33 29 15 37 15 50 38 8 41 6 16 15 12 16 50 42 46 5 30 16 23 36 38 40 0 47 15 16 
41 44 41 49 41 35 19 15 3 22 44 37 14 22 33 31 9 40 15 4 17 32 41 12 45 35 42 2 47 0 42 26 
40 50 34 47 15 1 7 26 30 44 1 48 20 2 19 16 45 41 5 29 50 33 11 49 9 3 30 5 6 44 0 17 
18 11 46 5 37 31 25 19 31 2 15 36 11 17 35 21 10 26 19 47 12 43 14 27 8 40 35 38 12 22 3 0 
20 0 36 28 33 37 25 48 33 36 20 22 24 28 36 47 1 33 25 33 20 29 38 47 5 25 48 20 47 47 46 38 
8 9 0 49 45 50 33 34 48 47 12 44 34 28 40 20 36 41 11 39 3 14 29 2 24 33 40 23 9 40 5 2 
36 40 33 0 15 15 29 42 47 18 50 27 37 9 36 4 20 16 6 12 29 37 9 44 24 29 8 26 12 11 11 25 
9 42 11 8 0 44 45 26 5 8 50 14 21 3 37 43 44 39 30 20 8 3 28 26 16 27 47 9 36 8 4 31 
37 8 25 18 45 0 49 28 11 25 41 2 5 30 23 38 42 37 37 14 38 33 41 4 23 32 16 46 31 47 37 40 
47 5 20 28 14 28 0 20 48 46 11 19 46 18 1 24 47 43 40 6 23 50 45 16 48 46 4 3 37 30 4 47 
14 39 1 6 1 10 45 0 25 14 18 39 19 27 14 46 37 22 8 19 3 42 42 14 40 3 39 22 33 11 26 33 
19 43 14 6 8 17 46 23 0 38 49 16 42 5 11 26 40 35 1 17 31 29 11 1 5 23 25 12 4 13 38 13 
14 39 35 21 27 13 9 38 21 0 27 35 32 4 27 50 10 29 27 49 38 32 44 45 4 8 42 10 33 33 5 42 
11 50 36 2 4 20 40 50 27 27 0 13 47 5 44 29 48 28 24 16 33 28 14 1 31 21 45 31 13 36 4 26 
6 16 35 25 33 18 26 46 40 39 27 0 23 11 20 48 41 11 30 45 32 10 18 23 15 48 49 6 32 10 39 27 
15 24 2 8 31 20 20 47 30 3 28 26 0 44 1 41 41 11 23 4 21 34 42 23 16 38 44 20 27 34 13 45 
37 1 12 13 50 10 13 18 21 41 33 16 30 0 33 43 29 15 7 9 45 9 6 19 44 23 2 36 21 37 50 44 
13 17 8 41 25 32 38 42 31 49 5 33 31 1 0 27 43 34 45 16 6 20 25 18 36 32 33 19 40 48 24 42 
32 22 48 20 49 22 42 18 47 27 15 28 47 5 23 0 38 43 47 9 3 26 21 45 25 38 50 23 10 43 13 48 
45 7 7 24 12 34 32 28 22 42 28 19 29 5 47 22 0 32 9 45 27 43 40 22 17 11 27 23 32 49 49 33 
26 34 29 21 21 40 31 11 5 12 19 37 12 49 2 16 20 0 41 29 42 1 48 37 5 5 36 41 13 35 11 50 
30 23 9 2 36 50 34 27 32 1 49 41 16 25 3 11 19 9 0 12 4 41 21 8 33 29 48 24 17 36 50 18 
26 45 13 40 15 3 47 17 16 36 15 47 41 2 8 21 31 2 26 0 22 4 24 7 9 9 15 26 24 38 27 18 
41 33 33 23 46 4 35 39 8 22 43 46 18 27 25 18 32 21 27 43 0 15 10 28 14 3 38 5 32 50 28 23 
29 40 19 25 14 8 30 12 18 47 14 19 50 12 29 40 33 34 48 45 3 0 12 34 4 31 5 19 21 9 50 3 
40 30 49 14 7 50 2 11 10 2 10 10 47 1 42 28 3 24 49 22 48 2 0 34 21 18 7 16 44 10 40 9 
3 19 44 25 39 1 48 23 41 31 24 39 43 44 2 37 3 39 28 17 47 11 28 0 6 38 47 29 47 50 34 8 
2 21 43 7 41 4 27 4 27 5 2 8 42 25 14 41 28 16 20 13 5 33 23 13 0 43 41 39 38 43 23 2 
23 7 23 22 19 50 37 12 34 27 36 1 12 45 3 36 31 24 6 2 31 31 22 4 20 0 48 31 15 1 15 40 
12 5 4 30 2 20 3 45 41 41 5 37 37 20 32 12 18 41 6 8 14 37 21 21 42 35 0 20 3 22 20 23 
12 19 38 25 46 8 15 2 17 28 30 15 11 27 44 35 34 38 36 13 24 45 8 26 25 34 34 0 38 17 50 1 
24 22 19 44 18 50 45 36 4 3 40 39 31 35 22 11 44 49 1 36 16 36 7 49 17 12 12 50 0 13 25 28 
35 17 28 6 44 42 34 26 36 39 2 32 11 35 6 27 42 3 24 40 40 17 15 36 39 16 21 28 7 0 38 45 
24 30 26 5 23 4 29 29 19 11 23 15 47 14 4 47 14 11 35 20 48 40 35 38 19 3 42 18 28 22 0 6 
20 48 45 29 2 35 31 34 24 13 25 5 29 18 3 18 22 35 19 7 17 22 19 48 35 46 38 37 21 12 12 0 
1 0 47 5 3 17 3 36 3 12 34 27 12 7 23 35 6 21 17 35 21 33 9 15 40 48 30 47 44 7 47 44 
14 12 0 2 24 9 24 15 36 16 37 33 8 24 40 11 12 25 1 40 18 21 36 42 30 42 33 16 6 37 7 42 
46 15 40 0 14 50 6 50 27 33 6 31 20 35 1 2 42 50 37 19 22 44 18 30 24 28 21 23 32 26 9 10 
49 9 45 37 0 43 34 27 12 6 26 25 8 13 40 17 8 29 41 41 17 19 19 35 48 28 36 17 36 29 34 18 
1 24 47 32 11 0 40 14 10 8 23 26 13 47 20 11 17 34 12 14 44 42 36 43 41 30 25 47 9 7 18 42 
33 22 8 25 34 17 0 8 6 18 16 31 34 44 44 6 39 29 18 20 34 24 16 41 27 15 32 6 3 37 43 5 
3 41 32 43 41 39 46 0 27 1 26 6 46 29 11 2 49 48 24 36 19 42 38 34 18 18 32 32 10 3 11 6 
20 26 11 28 43 12 2 16 0 50 33 42 19 9 18 20 12 16 13 33 9 29 1 24 14 16 8 14 25 9 8 37 
25 40 20 36 20 18 34 10 37 0 46 9 37 36 50 19 25 50 49 21 17 47 20 3 28 20 2 48 13 36 49 27 
7 43 47 17 30 40 33 50 44 32 0 4 46 13 20 15 38 14 48 33 15 27 39 41 41 6 38 42 17 19 21 22 
24 39 19 3 44 40 33 40 36 18 49 0 27 35 43 24 40 9 6 15 34 16 4 35 1 18 2 7 12 42 48 16 
32 24 11 30 8 44 17 21 49 31 8 47 0 47 28 13 7 48 32 48 33 12 5 37 7 21 5 19 36 42 34 21 
48 38 2 17 3 24 13 17 47 42 35 16 4 0 8 7 38 23 5 46 9 31 45 16 5 28 37 5 10 3 26 32 
30 16 10 11 9 45 11 10 33 36 16 2 42 27 0 39 34 49 14 17 46 31 46 25 41 3 23 48 40 17 20 4 
14 21 11 5 1 44 48 48 43 12 45 14 24 16 44 0 24 28 40 3 7 46 36 31 1 34 41 19 8 37 48 22 
44 14 32 2 31 32 22 38 41 2 16 25 34 37 32 2 0 26 10 49 20 1 15 14 8 28 41 10 22 11 25 41 
12 46 41 2 1 42 14 14 43 6 2 13 5 31 12 47 15 0 2 40 44 48 38 28 22 29 1 25 25 40 22 1 
28 16 12 4 29 43 35 32 10 13 47 7 14 49 3 9 28 16 0 44 45 20 22 32 43 25 18 20 23 1 17 39 
24 21 6 25 47 44 27 33 4 31 21 30 31 2 32 15 24 27 42 0 48 9 46 28 32 7 35 19 30 12 24 12 
31 43 24 23 36 9 24 6 15 1 34 41 15 49 42 1 41 44 4 47 0 47 9 20 31 28 44 24 19 12 26 47 
22 30 19 40 37 8 29 46 6 50 21 28 48 26 6 14 33 15 35 28 37 0 9 28 16 22 24 43 46 43 35 6 
45 40 4 13 11 46 9 5 43 12 48 48 47 26 32 23 6 22 30 42 4 27 0 48 11 13 3 4 19 14 15 34 
4 21 44 27 39 44 14 46 19 24 11 42 16 39 11 31 41 41 2 37 24 13 44 0 2 18 42 43 50 8 42 41 
42 28 29 45 27 3 49 44 29 43 27 12 18 44 36 32 23 2 22 14 28 12 28 10 0 41 28 42 10 47 1 14 
38 27 34 19 14 38 44 35 28 42 48 23 45 48 1 27 9 33 10 21 48 37 29 13 31 0 1 19 5 50 12 40 
47 29 30 39 36 35 25 22 45 29 18 44 22 31 39 34 12 40 2 34 28 37 30 16 1 48 0 21 39 14 19 40 
35 17 3 1 45 16 10 16 42 34 11 16 42 31 44 8 33 42 17 7 15 49 28 12 10 49 14 0 38 38 15 37 
8 26 40 34 27 19 30 45 19 3 24 10 50 17 22 39 36 8 41 39 48 48 13 26 36 40 42 41 0 46 2 22 
29 28 48 4 40 3 47 17 39 3 48 49 4 41 40 29 46 39 11 28 30 47 27 40 11 14 14 48 38 0 28 40 
49 17 32 46 32 2 13 33 36 40 42 2 36 50 49 9 35 47 11 46 3 36 25 42 33 2 9 44 26 39 0 49 
29 12 14 50 33 23 46 8 27 33 6 25 39 39 45 41 40 12 6 29 2 27 32 37 13 42 40 14 31 43 20 0 
7 0 47 41 13 41 23 1 17 36 40 39 35 13 47 11 37 4 38 12 20 32 21 10 48 3 30 27 37 41 34 33 
28 34 0 14 50 29 49 26 5 18 39 46 21 39 14 43 20 40 3 6 36 26 19 24 39 36 38 43 11 11 46 15 
27 2 8 0 11 1 50 48 33 39 28 34 44 31 37 1 21 34 11 11 38 34 36 48 7 9 10 25 14 41 6 16 
45 23 25 20 0 19 32 3 42 20 42 20 18 8 43 26 43 3 36 17 10 50 50 8 31 42 4 2 3 42 25 34 
42 33 13 39 22 0 7 18 32 40 32 20 42 46 15 18 41 15 34 17 23 29 25 47 17 45 15 45 28 15 30 1 
1 45 9 29 35 46 0 4 5 37 36 4 27 28 31 9 13 17 24 14 38 19 25 3 6 17 37 47 45 7 12 40 
18 10 32 20 47 38 36 0 34 45 11 30 31 38 25 49 19 36 36 3 28 5 1 43 32 27 43 3 12 48 50 9 
48 26 46 37 17 46 12 13 0 26 31 40 19 27 40 45 16 32 19 18 11 10 5 34 35 17 18 1 44 5 35 25 
37 46 3 33 5 42 38 32 24 0 25 24 28 48 15 33 17 42 33 28 22 43 30 39 50 43 42 12 20 50 46 18 
9 41 7 4 23 25 8 40 24 44 0 37 45 36 36 28 37 20 35 2 9 12 28 13 32 7 7 3 40 14 31 19 
33 28 7 16 37 42 12 10 42 35 43 0 4 29 6 35 4 14 15 5 42 36 48 38 7 31 29 25 47 17 22 18 
26 44 26 5 18 30 21 42 45 9 25 10 0 25 19 24 35 26 23 4 40 25 9 39 33 35 41 50 35 9 17 15 
44 21 17 18 10 3 2 18 24 43 24 11 34 0 11 39 14 39 8 44 49 25 13 33 44 17 5 44 20 27 30 37 
34 28 44 32 40 8 1 14 32 24 5 30 47 2 0 49 6 22 47 28 12 28 15 19 40 32 38 24 2 5 10 33 
41 45 7 41 33 40 30 50 6 39 44 12 26 20 33 0 37 43 18 50 22 24 50 19 10 19 10 5 50 2 35 50 
9 23 42 15 36 41 11 17 17 42 48 22 23 35 3 43 0 20 49 2 31 34 6 38 9 41 27 48 22 23 35 30 
48 22 40 35 40 34 6 48 47 32 2 34 31 27 29 46 25 0 17 17 35 2 1 4 16 4 35 34 25 9 43 40 
44 32 12 50 1 34 1 14 10 15 2 6 50 33 23 8 33 13 0 32 23 6 6 1 29 47 18 24 31 5 1 31 
39 4 43 8 3 19 27 28 12 25 3 8 20 50 46 5 33 32 28 0 1 12 28 21 34 39 31 33 4 34 11 20 
9 10 35 14 2 7 26 21 39 7 36 20 48 3 49 32 29 1 14 41 0 50 28 50 19 11 33 9 19 22 36 23 
45 2 6 45 48 36 37 44 48 8 12 39 44 27 9 23 32 40 50 4 3 0 20 20 21 31 10 16 3 20 48 7 
49 3 35 41 19 43 9 1 47 43 7 16 33 39 40 7 43 3 10 28 30 23 0 32 20 25 32 36 14 38 20 34 
25 1 2 13 36 10 37 40 31 23 39 4 12 46 5 37 33 42 4 23 1 10 20 0 28 27 22 15 17 38 8 45 
13 27 9 33 16 32 26 4 47 7 14 30 5 41 19 21 25 20 45 3 22 35 47 34 0 16 31 25 36 15 46 21 
3 23 29 26 28 3 14 40 6 7 38 7 17 38 30 15 37 8 1 41 47 43 5 23 29 0 30 26 18 35 8 40 
40 2 37 11 7 27 15 42 18 11 31 40 47 35 29 31 47 36 16 38 29 14 6 24 11 19 0 6 48 48 28 47 
5 49 18 49 6 31 27 24 39 23 17 34 30 16 3 9 39 1 50 29 32 20 20 12 27 47 13 0 1 38 22 17 
45 40 15 26 42 30 37 24 50 20 12 28 16 13 31 26 8 8 11 17 48 49 49 15 36 29 6 22 0 9 19 27 
36 18 6 23 44 16 40 11 30 3 27 50 10 21 43 5 50 46 21 5 43 28 5 20 46 41 50 41 14 0 24 15 
15 31 44 27 11 10 40 37 11 18 48 32 14 21 49 40 45 43 25 7 27 39 15 34 9 13 37 27 3 16 0 50 
48 6 39 13 20 16 44 33 45 10 9 11 37 46 47 41 49 47 2 5 49 40 17 38 27 17 11 18 48 24 14 0 
35 0 45 19 50 26 25 9 30 25 1 11 30 48 18 28 28 38 13 22 38 30 2 12 2 9 40 1 36 3 6 26 
35 21 0 46 25 17 18 47 21 16 40 18 27 5 38 10 20 21 49 39 23 6 27 36 34 33 34 18 41 37 25 23 
28 20 25 0 26 9 2 44 12 11 42 42 6 48 13 25 7 14 49 20 31 37 14 33 21 9 35 13 42 34 50 6 
34 42 18 40 0 8 30 13 2 19 27 38 29 32 14 21 39 21 9 27 5 43 18 44 36 14 38 5 18 24 39 2 
29 11 36 8 14 0 31 23 18 28 1 48 1 4 50 35 1 7 38 47 42 34 7 46 14 17 49 32 26 21 25 46 
28 31 26 10 19 46 0 7 8 8 48 41 49 4 45 17 40 37 30 37 49 30 27 48 19 22 15 23 42 15 50 47 
47 4 6 21 21 29 40 0 17 5 1 30 40 44 43 9 42 20 50 10 45 47 35 26 16 1 34 7 38 4 24 15 
43 8 2 45 46 49 25 47 0 11 48 13 32 49 50 38 4 27 14 24 4 42 6 5 1 13 28 40 20 38 23 2 
13 32 36 38 32 43 49 13 44 0 45 4 49 48 34 3 28 17 14 30 31 25 31 21 23 38 3 1 32 19 10 6 
10 39 46 1 1 13 13 6 11 28 0 1 31 9 39 8 8 17 11 50 23 6 8 42 28 33 12 13 1 29 42 17 
45 34 40 44 10 3 34 3 16 4 9 0 19 3 24 1 12 35 30 46 35 22 19 37 50 2 48 18 18 40 1 13 
27 20 12 7 47 19 45 49 6 33 9 35 0 20 47 39 40 5 33 50 29 21 34 7 46 26 48 41 43 12 35 17 
13 15 42 32 50 42 17 5 44 40 32 41 3 0 13 35 18 3 13 9 14 36 40 23 42 44 13 16 31 49 29 3 
37 21 17 46 20 28 16 39 48 38 29 7 39 40 0 43 5 33 42 31 38 30 4 22 31 24 43 1 38 38 26 37 
6 15 37 45 20 37 18 15 40 38 25 11 27 8 34 0 34 2 1 8 34 40 19 41 24 33 50 36 22 27 28 28 
2 23 2 23 42 2 45 24 18 16 28 41 1 6 44 46 0 23 41 10 49 38 30 43 48 37 24 14 13 21 1 46 
38 13 10 23 39 25 35 42 33 8 28 40 18 13 29 41 19 0 40 5 13 32 18 29 41 22 30 5 37 18 39 33 
4 18 20 40 28 41 33 5 21 38 49 28 41 10 40 25 35 9 0 34 46 23 16 38 15 20 34 20 1 9 21 49 
24 45 25 24 23 49 23 1 1 36 35 35 25 33 41 38 31 32 5 0 20 29 35 43 10 38 30 6 20 44 21 32 
46 50 40 25 33 17 37 18 26 13 8 33 10 39 32 14 32 30 46 40 0 19 5 2 21 40 2 16 37 44 44 4 
7 31 4 39 35 36 8 8 22 45 15 29 7 21 3 34 22 7 17 24 41 0 48 32 13 42 49 20 36 32 1 50 
24 33 10 1 3 6 50 47 28 24 22 25 46 5 26 45 50 38 18 44 30 28 0 20 14 10 49 42 47 36 16 23 
26 22 45 42 47 48 21 50 29 22 10 39 1 19 24 36 9 17 5 21 49 15 7 0 21 47 13 46 42 4 15 3 
12 13 1 46 3 1 13 29 47 29 38 40 22 21 40 19 45 36 14 33 31 32 46 25 0 12 15 25 46 34 3 30 
47 14 20 49 27 50 23 21 36 46 38 8 42 11 25 36 50 8 45 1 7 41 32 23 30 0 17 27 35 39 27 18 
46 45 50 42 26 3 23 13 20 23 15 28 37 43 24 4 14 37 30 25 38 40 2 24 7 33 0 47 19 10 24 39 
32 9 28 43 14 43 20 50 33 28 45 25 29 42 13 46 31 6 14 13 48 10 3 31 7 44 27 0 35 44 6 4 
4 46 35 33 20 9 1 11 12 45 38 47 47 44 15 24 32 44 37 17 14 47 11 41 23 6 48 37 0 21 16 35 
7 27 25 42 29 44 10 43 37 31 45 2 19 11 14 6 37 42 20 46 42 7 40 40 7 36 45 11 14 0 11 14 
41 47 10 32 21 22 3 36 30 23 2 1 37 19 46 43 31 9 50 12 45 1 21 44 50 38 36 35 44 50 0 49 
29 26 17 5 6 10 29 44 34 34 7 41 24 40 7 3 21 12 44 14 2 14 50 20 40 26 16 32 33 37 18 0 
42 0 31 24 23 25 21 14 40 33 2 16 16 28 39 11 48 4 44 35 15 24 1 36 48 15 27 47 15 30 44 48 
11 48 0 17 15 11 50 18 33 33 7 22 11 12 36 49 22 32 30 29 12 39 49 23 45 42 45 27 8 49 24 50 
11 39 5 0 6 19 12 25 50 48 37 11 2 8 3 41 25 12 17 5 16 36 1 33 9 12 25 23 23 17 24 11 
34 10 8 12 0 22 7 31 30 11 7 30 32 26 28 48 16 43 2 20 15 41 44 8 14 10 7 47 44 45 40 2 
34 24 27 27 43 0 50 42 19 18 31 38 44 9 6 20 7 31 15 10 30 22 47 10 20 41 2 45 2 15 11 37 
36 22 6 47 8 50 0 1 6 16 1 33 3 34 4 1 50 9 40 1 16 30 35 10 30 38 15 7 37 41 6 40 
4 7 45 3 23 4 10 0 13 8 30 10 45 30 39 44 26 17 40 3 36 13 15 45 8 1 12 26 9 43 43 15 
15 10 12 30 46 40 1 28 0 46 50 27 44 37 20 41 31 42 44 40 41 47 39 20 27 40 13 37 3 11 28 1 
21 15 16 45 35 18 10 48 36 0 16 13 7 37 36 22 9 38 10 32 35 15 4 3 18 27 40 35 41 34 4 49 
17 18 50 7 29 22 26 7 14 32 0 47 4 26 35 32 34 42 18 5 49 43 30 44 36 18 13 49 19 45 33 20 
14 33 17 46 39 38 30 43 38 13 3 0 19 3 19 50 27 33 46 7 44 23 30 5 6 38 25 14 40 17 23 8 
13 31 13 33 21 9 39 43 47 12 26 18 0 36 40 12 42 18 18 36 16 23 39 39 47 35 28 11 9 15 24 41 
26 15 6 41 38 40 36 30 19 44 3 10 32 0 48 13 20 16 27 33 47 23 32 8 35 25 42 17 49 43 48 31 
28 24 22 50 3 30 50 24 3 32 38 18 22 20 0 29 7 49 23 9 46 33 33 27 18 45 8 22 17 46 23 38 
37 21 14 25 37 11 49 10 40 17 3 30 16 35 15 0 36 15 46 36 18 27 34 3 48 46 47 4 5 46 9 33 
28 30 44 1 47 9 46 43 47 1 13 19 29 30 3 12 0 34 31 22 7 22 11 6 12 3 18 16 29 40 7 45 
14 32 34 26 1 23 34 18 27 20 3 39 18 14 16 25 19 0 44 35 21 24 24 2 12 17 25 32 48 29 43 17 
3 41 7 49 38 45 4 2 40 50 13 45 38 19 23 39 49 38 0 44 47 36 5 37 21 41 30 23 9 27 42 36 
40 35 4 50 49 11 16 28 30 15 42 46 21 12 29 14 43 45 36 0 33 10 35 46 31 48 4 36 9 8 23 46 
26 48 14 24 11 35 19 24 28 34 11 15 33 44 10 16 9 12 17 30 0 15 41 9 26 5 39 23 3 45 26 7 
20 8 20 17 48 7 38 19 30 25 21 8 50 50 21 14 37 39 39 27 48 0 42 44 31 35 40 38 19 23 13 17 
29 3 27 42 8 13 28 12 9 21 44 37 6 44 33 9 27 34 25 36 14 7 0 49 10 28 15 39 32 9 19 20 
46 17 8 43 6 23 9 14 1 10 28 30 6 5 6 38 37 2 31 12 36 49 27 0 4 23 5 18 14 43 25 47 
3 41 2 48 21 48 2 28 37 19 20 25 27 37 28 43 5 23 27 2 30 28 8 34 0 48 40 5 20 2 6 45 
21 27 13 25 40 4 7 35 40 36 25 45 43 16 24 1 18 46 12 13 42 17 23 17 26 0 33 19 1 31 44 32 
27 32 25 50 48 14 12 38 39 49 38 37 17 6 34 15 19 24 40 38 25 40 43 3 4 5 0 47 50 7 36 7 
5 47 4 48 14 19 17 27 38 6 8 24 15 5 31 6 11 42 19 50 27 42 7 8 37 39 22 0 46 44 17 13 
32 3 42 33 40 14 8 21 47 3 48 2 32 17 16 28 49 24 49 36 8 38 36 30 14 40 46 12 0 25 47 21 
33 21 44 26 21 23 22 41 43 4 22 23 48 30 40 26 42 21 11 24 22 45 32 6 45 17 13 20 50 0 18 47 
46 50 32 15 31 38 41 46 6 28 33 7 33 36 16 39 1 24 15 5 41 14 24 50 39 40 39 32 5 11 0 2 
41 25 7 26 23 17 15 9 38 1 26 6 46 40 38 49 20 29 29 13 46 36 14 7 33 27 33 27 42 50 10 0 
41 0 46 26 43 33 26 10 43 22 36 15 28 4 15 8 28 11 1 41 19 3 26 48 7 6 12 50 44 47 35 39 
18 38 0 42 35 11 21 47 6 23 10 37 7 27 31 8 10 43 25 50 23 26 1 31 7 16 48 20 37 21 27 17 
47 38 47 0 47 40 13 30 48 8 14 46 18 10 17 19 21 26 48 3 8 19 48 13 14 18 7 35 20 13 1 11 
36 47 44 41 0 20 31 34 18 47 14 28 42 10 30 33 22 41 47 27 45 39 19 19 49 49 26 33 30 33 28 10 
35 7 3 11 22 0 17 27 50 41 42 30 6 45 41 6 3 34 35 36 45 23 37 7 22 17 28 45 42 44 48 5 
36 19 4 43 36 7 0 20 12 6 15 48 37 4 9 14 25 8 44 23 49 46 48 34 38 49 1 31 44 44 22 35 
6 43 37 45 37 42 49 0 21 47 15 23 30 31 26 1 3 13 4 4 37 48 22 50 9 38 36 17 45 35 26 26 
19 35 30 42 44 17 15 27 0 34 10 23 27 35 23 19 4 12 49 49 19 41 40 36 37 35 44 29 8 2 26 5 
36 21 39 5 46 1 35 7 37 0 49 27 21 28 25 45 15 36 19 33 5 46 37 8 36 29 50 43 7 1 39 7 
26 9 6 37 6 47 19 24 3 27 0 43 12 20 14 20 8 13 41 30 43 39 19 21 9 50 14 3 27 47 9 29 
6 49 43 1 12 22 38 40 18 18 46 0 30 29 4 25 38 22 9 42 31 17 22 46 18 7 39 47 38 42 44 43 
27 45 49 37 14 28 13 8 37 25 1 12 0 25 44 40 43 5 26 26 31 18 6 28 12 35 3 25 45 24 25 1 
49 24 26 19 36 30 18 11 11 9 1 5 7 0 17 11 21 25 18 46 43 13 17 13 25 22 17 38 3 12 4 19 
35 12 24 3 38 50 25 5 13 38 15 16 23 17 0 1 22 46 25 32 50 27 28 33 39 32 11 1 47 19 43 16 
50 8 41 17 44 33 14 23 22 1 14 33 6 49 1 0 41 9 22 46 42 28 30 4 42 7 29 36 21 27 50 28 
37 21 22 15 8 32 50 7 40 33 2 11 49 14 45 28 0 40 32 21 42 26 23 1 38 20 4 49 11 15 47 44 
46 23 23 27 13 34 34 44 10 9 15 7 10 27 20 5 28 0 12 2 47 40 7 8 3 14 20 35 46 5 34 40 
43 43 39 6 39 27 38 33 44 7 38 11 34 11 17 42 12 50 0 49 21 50 13 1 4 40 15 21 14 43 50 38 
39 27 20 23 14 21 21 32 29 41 29 8 40 2 46 25 42 48 29 0 24 46 6 13 40 30 43 35 17 24 6 24 
41 45 19 49 35 14 38 3 21 41 19 20 31 22 6 12 3 44 41 29 0 16 15 27 43 34 15 31 44 22 36 4 
8 24 17 39 13 21 3 11 11 5 46 8 33 28 37 32 19 24 31 33 24 0 33 27 9 27 19 27 16 21 34 44 
31 35 37 11 46 14 34 43 41 50 33 31 25 21 7 44 15 47 33 13 20 41 0 4 31 25 47 9 13 45 44 37 
40 28 11 15 23 46 17 41 19 35 32 41 33 41 3 3 38 20 26 13 19 39 21 0 25 40 32 7 36 50 5 21 
49 47 13 43 3 14 6 34 49 48 7 14 28 39 1 21 40 23 45 21 43 20 32 18 0 2 7 37 26 42 39 32 
42 14 14 34 44 20 49 1 39 33 36 27 15 13 26 44 36 40 11 18 14 5 35 29 29 0 15 46 42 47 27 30 
43 10 17 16 50 14 5 7 1 42 22 6 39 7 43 18 6 27 13 1 37 31 22 19 37 30 0 36 5 30 25 7 
5 13 3 44 18 49 47 26 31 32 33 10 26 42 50 47 22 37 48 40 16 34 27 44 13 38 48 0 29 21 28 1 
28 27 35 18 44 36 14 25 20 9 1 33 20 4 21 46 27 38 34 14 18 32 36 42 21 36 9 31 0 31 1 18 
5 3 32 6 34 42 24 6 11 9 13 29 31 15 1 8 40 43 42 22 42 37 15 33 46 41 43 48 8 0 27 33 
45 20 42 47 31 39 49 37 5 3 32 23 6 6 4 5 28 20 29 20 39 39 29 27 18 38 49 10 43 49 0 27 
48 35 26 19 9 40 19 21 20 42 6 38 19 10 15 10 28 43 36 16 28 30 8 45 6 41 15 29 43 40 39 0 
44 0 6 27 35 39 30 38 45 16 10 50 10 28 34 2 11 17 4 29 22 18 7 34 50 19 27 31 13 19 25 40 
29 30 0 3 12 32 43 26 26 30 41 48 21 7 29 21 30 12 5 31 48 25 14 18 22 38 23 27 16 12 49 25 
26 41 20 0 22 30 26 22 20 18 42 29 50 32 21 37 27 22 49 47 20 8 39 28 16 15 13 31 25 9 16 10 
14 31 16 22 0 30 38 7 41 5 40 35 13 7 47 14 37 2 1 47 6 18 16 30 17 38 14 4 7 18 45 48 
11 2 32 15 20 0 17 49 7 40 15 8 43 30 24 27 21 20 2 26 30 24 13 11 42 49 1 49 35 17 34 1 
24 11 43 24 11 25 0 32 45 21 3 45 8 41 11 24 1 44 12 43 35 6 42 15 25 49 41 41 17 19 18 15 
41 6 15 34 32 37 50 0 16 47 38 7 6 27 29 6 20 32 26 1 5 23 24 49 46 32 46 19 26 20 35 16 
26 3 38 4 2 27 27 42 0 14 45 46 47 48 49 37 38 46 43 22 9 42 19 14 42 18 7 20 3 36 19 24 
46 13 22 32 3 39 25 5 44 0 5 34 38 10 28 27 2 47 46 8 24 34 49 26 25 7 40 47 37 46 8 25 
6 46 22 1 35 26 17 34 50 21 0 39 28 5 8 32 4 15 41 6 23 8 28 45 40 47 37 48 25 14 43 39 
10 36 31 28 42 39 27 43 26 30 12 0 9 4 45 21 22 17 26 36 32 47 40 35 18 28 1 32 4 48 29 43 
21 7 32 30 43 25 30 40 16 39 49 30 0 43 47 20 42 45 26 16 31 50 28 12 43 20 1 13 50 42 7 23 
46 48 38 41 3 22 16 29 47 37 36 21 44 0 48 11 42 22 9 9 37 28 32 48 43 44 46 40 11 42 12 31 
49 9 16 3 32 6 6 17 21 30 48 20 44 14 0 7 19 45 9 9 42 41 33 21 46 14 1 46 47 8 32 6 
38 36 7 38 13 29 45 30 37 16 43 39 8 31 13 0 4 29 38 28 46 2 33 20 40 16 39 21 40 31 11 9 
10 39 24 10 34 37 27 44 41 50 29 23 27 49 44 13 0 15 2 47 17 10 31 37 4 5 16 18 22 25 8 6 
49 27 7 33 1 34 21 29 17 3 44 37 46 24 10 44 41 0 23 26 6 38 34 44 50 30 2 21 6 19 19 5 
20 33 44 31 47 20 17 44 30 44 23 31 15 17 44 41 31 45 0 23 28 50 50 3 18 15 33 8 4 49 13 16 
11 48 48 24 5 3 43 14 24 24 29 46 12 15 4 30 33 36 12 0 41 11 47 42 6 21 31 26 16 14 13 14 
45 17 29 13 33 17 43 39 39 38 32 49 5 21 4 41 4 12 4 25 0 18 38 23 6 15 7 43 4 25 27 28 
1 12 11 34 30 34 3 22 13 41 48 23 3 29 48 37 35 18 40 23 5 0 11 38 46 8 45 23 49 26 25 39 
14 13 11 31 38 44 37 25 7 1 41 41 35 21 15 20 27 17 20 9 37 35 0 4 23 41 24 15 27 35 11 4 
46 39 2 34 11 43 49 11 44 48 44 34 22 15 20 3 26 43 25 47 32 6 17 0 3 29 9 38 41 14 29 11 
40 47 47 45 3 34 37 5 28 29 7 27 11 44 2 32 9 22 21 40 34 11 14 23 0 40 23 50 5 2 5 8 
47 15 38 4 37 26 20 17 20 39 39 47 19 26 29 6 9 28 28 30 20 43 40 28 30 0 33 25 5 31 34 33 
4 24 21 10 13 24 40 15 7 39 5 1 1 45 14 46 47 11 17 41 28 24 25 39 4 26 0 10 25 5 1 16 
36 37 7 35 24 48 16 17 33 19 13 21 42 15 43 39 33 16 37 28 44 15 43 6 30 50 33 0 6 38 14 16 
11 7 24 20 15 45 11 40 48 31 45 35 23 15 4 33 24 12 37 28 9 19 23 22 22 44 2 6 0 25 16 11 
30 19 4 3 15 19 45 28 44 23 26 39 48 50 31 21 41 27 17 9 44 1 36 7 43 34 2 49 22 0 44 5 
16 33 21 15 16 19 13 39 15 29 35 43 6 34 30 26 22 41 23 12 29 8 7 17 30 34 48 11 32 17 0 47 
6 1 18 11 6 27 36 15 2 28 39 2 31 10 8 30 24 13 9 31 8 49 32 27 8 27 5 36 33 22 3 0 
8 0 49 33 29 43 39 23 24 49 37 27 21 34 41 6 27 7 22 4 25 48 23 37 39 8 19 41 3 30 23 50 
33 31 0 25 31 4 48 32 16 42 1 40 10 44 32 28 49 36 3 1 48 15 29 47 6 35 13 44 22 24 48 21 
45 27 38 0 44 41 9 11 3 29 26 6 13 25 9 14 43 8 30 21 6 1 29 26 36 4 35 20 46 42 4 11 
43 44 30 46 0 34 7 38 38 40 26 50 23 22 9 17 23 47 22 21 37 42 3 43 21 16 1 2 41 7 39 15 
11 25 16 14 19 0 45 14 30 36 20 42 32 30 1 7 4 27 37 12 24 25 22 18 19 40 2 10 30 33 5 48 
32 1 12 39 48 7 0 46 49 28 34 43 35 18 1 22 13 20 9 47 26 4 45 16 40 40 8 48 24 18 36 34 
47 31 22 10 31 19 12 0 10 48 32 39 34 40 33 37 1 19 19 40 40 22 36 30 45 38 35 22 50 41 9 22 
31 43 1 46 5 46 41 41 0 44 9 50 50 44 15 11 27 8 3 7 30 5 29 47 13 11 1 27 23 46 48 13 
20 39 11 8 42 40 37 33 5 0 28 28 46 31 23 37 36 31 27 9 15 47 34 30 17 3 47 39 35 4 19 18 
45 47 47 31 11 34 7 20 38 21 0 21 3 2 28 33 16 40 25 16 47 47 38 34 16 36 10 44 6 46 1 3 
29 36 11 33 50 35 42 26 3 24 7 0 22 44 27 32 29 40 20 31 49 11 39 23 22 8 14 32 45 2 41 2 
25 37 19 42 17 42 45 34 31 48 49 13 0 23 40 17 40 40 5 32 4 36 15 3 42 41 13 40 26 36 4 48 
25 12 23 33 35 26 35 15 37 46 37 1 1 0 13 26 1 32 42 25 43 41 21 37 16 10 35 28 2 4 3 20 
48 27 1 24 1 50 7 32 15 5 41 45 9 49 0 14 3 29 15 13 8 35 12 12 8 5 26 7 23 1 48 33 
11 35 27 39 24 50 40 25 1 25 10 10 38 50 26 0 29 18 47 32 49 38 42 45 36 37 16 44 20 26 43 34 
32 17 23 30 10 32 11 41 3 40 40 12 33 25 2 25 0 8 29 47 40 27 19 49 46 20 40 42 3 8 7 20 
49 9 42 29 44 16 21 16 47 7 6 30 10 48 31 13 11 0 35 42 36 41 29 4 8 13 18 27 11 21 41 8 
33 46 20 41 4 42 47 9 9 37 13 1 33 22 40 40 48 40 0 28 31 19 17 21 29 20 6 34 16 27 39 10 
46 7 50 24 34 41 7 27 21 14 26 33 49 29 29 21 37 24 29 0 29 22 43 10 40 16 26 41 21 49 8 32 
33 21 28 18 44 34 48 7 49 42 13 7 18 43 35 22 1 42 36 48 0 43 48 10 39 4 47 10 8 8 1 36 
29 14 33 44 12 22 12 35 37 39 18 30 38 10 36 43 48 32 4 40 30 0 14 10 39 35 11 40 14 48 25 41 
49 49 6 34 44 35 49 23 50 40 7 49 10 26 18 23 29 18 5 13 27 5 0 11 7 16 4 44 9 2 33 48 
38 12 49 19 32 33 26 43 8 49 9 4 50 24 15 1 14 17 38 11 47 43 13 0 14 45 39 50 18 40 41 40 
21 18 43 19 37 12 7 37 41 3 26 47 14 19 1 11 33 2 4 30 43 14 23 1 0 45 50 35 25 44 33 8 
3 17 9 38 37 8 5 28 39 8 31 48 8 22 46 49 46 44 28 17 17 37 12 48 8 0 46 43 24 38 28 32 
44 8 46 23 31 5 31 14 4 29 24 15 23 12 17 15 30 49 1 39 31 16 17 42 17 6 0 12 31 42 16 31 
41 12 27 37 40 13 49 16 45 15 31 24 38 43 22 39 36 41 31 14 25 37 39 1 28 41 4 0 7 25 44 1 
23 39 48 34 4 47 26 28 3 31 34 7 24 1 42 30 49 45 17 26 41 12 3 6 4 23 26 10 0 49 9 42 
42 1 15 8 36 41 10 19 43 11 14 28 33 42 30 16 1 36 12 6 13 8 19 11 12 37 42 30 31 0 21 17 
29 45 39 42 7 9 43 7 39 39 27 24 15 28 34 20 15 25 8 26 24 38 3 30 34 33 5 47 50 49 0 30 
39 22 45 35 34 44 50 24 7 8 30 23 17 37 35 4 33 28 17 28 6 23 46 43 41 42 10 9 24 5 46 0 
7 0 41 9 38 2 21 43 50 26 15 1 2 18 44 15 36 44 50 30 22 19 33 21 25 17 27 2 44 43 35 42 
50 2 0 12 23 33 9 49 33 34 41 29 41 14 5 21 29 50 27 6 16 10 45 34 28 24 20 35 22 26 19 49 
8 42 23 0 2 1 6 21 33 28 46 17 47 31 41 43 8 21 46 48 3 18 37 20 32 5 19 35 50 14 25 27 
7 15 42 21 0 50 41 3 21 23 29 45 29 21 43 49 3 37 32 12 14 27 28 16 32 22 23 42 47 32 22 22 
20 4 19 10 32 0 39 20 43 18 18 26 26 25 24 9 49 39 7 17 49 18 2 11 1 30 49 11 50 28 50 7 
39 2 7 26 25 2 0 34 18 14 17 39 45 47 1 3 42 9 14 24 3 40 16 23 4 18 44 19 31 33 29 21 
16 18 12 37 24 18 48 0 34 48 6 40 4 32 30 7 15 50 27 8 3 37 4 48 17 24 29 4 8 32 33 3 
35 36 47 23 28 35 14 30 0 25 11 30 27 47 1 12 42 25 12 29 19 5 26 26 34 13 21 45 14 45 15 41 
2 15 3 5 19 35 7 30 30 0 36 47 34 43 7 28 1 16 12 38 29 47 3 14 49 10 10 13 11 7 41 1 
35 10 20 28 13 45 47 44 7 18 0 32 50 33 8 43 34 28 35 21 29 2 8 36 45 49 1 5 45 9 23 46 
23 40 36 12 24 23 29 16 7 20 19 0 31 11 15 4 31 41 18 27 36 26 37 12 49 28 25 26 30 12 40 2 
35 35 23 9 11 48 46 19 11 49 20 15 0 9 34 28 26 30 46 20 14 28 33 38 20 37 28 38 35 50 47 50 
4 17 19 34 46 39 6 44 34 45 49 16 37 0 6 23 3 15 1 49 46 34 43 27 25 2 48 3 23 33 10 12 
20 15 50 17 48 41 1 32 38 25 2 36 19 29 0 18 1 14 15 25 24 35 1 2 16 11 41 44 32 49 37 34 
12 25 34 30 1 38 40 25 13 14 19 12 22 33 8 0 8 47 35 47 39 8 8 37 28 20 14 34 7 8 47 19 
34 2 42 41 12 36 50 17 14 25 41 13 10 16 39 30 0 34 4 34 48 48 3 48 26 4 39 7 10 38 4 34 
18 16 45 36 11 30 42 46 23 48 18 33 14 18 46 27 13 0 31 34 1 3 25 49 22 31 4 16 38 24 29 40 
30 11 42 24 47 15 30 29 1 42 8 11 1 30 20 35 9 8 0 12 45 30 5 4 31 44 17 24 5 8 15 5 
23 44 9 39 23 22 45 49 13 33 2 34 9 45 14 49 42 11 19 0 8 30 13 35 10 25 7 12 31 31 42 25 
22 36 37 36 18 43 42 48 13 15 10 49 12 28 22 46 36 30 19 32 0 45 39 8 26 11 9 49 14 16 11 15 
19 22 8 31 48 22 10 46 6 1 14 7 43 21 14 23 32 4 12 26 1 0 12 11 31 33 29 12 25 9 45 28 
32 2 1 42 28 5 47 24 24 26 35 13 31 32 33 15 6 48 36 17 11 5 0 35 14 7 11 28 49 20 11 35 
37 12 23 32 5 43 30 36 19 36 30 39 1 17 49 30 50 1 14 7 28 23 28 0 18 28 18 37 35 17 27 49 
5 13 41 48 2 9 50 28 23 27 12 18 32 31 17 35 48 8 32 28 49 6 4 8 0 14 34 6 5 38 6 45 
19 43 37 25 26 10 19 48 21 50 23 42 31 17 6 47 37 11 33 39 27 35 49 1 50 0 10 34 34 18 3 46 
41 17 32 43 25 45 7 42 26 29 11 11 29 26 14 24 41 9 38 19 44 5 17 19 35 44 0 37 26 16 26 36 
30 18 5 32 26 50 25 31 2 31 20 8 11 16 24 21 25 36 37 43 26 30 35 2 36 50 14 0 9 32 9 31 
26 50 43 31 44 24 44 39 25 17 28 37 39 25 48 7 3 11 23 12 40 30 33 11 50 34 3 47 0 26 37 16 
50 43 50 44 8 18 35 31 48 31 47 12 27 49 44 46 28 38 43 11 49 9 48 42 46 17 33 31 10 0 21 48 
14 38 1 28 44 40 31 41 40 18 30 26 31 44 18 7 13 7 39 26 9 33 26 18 41 46 9 49 41 36 0 4 
22 27 34 34 25 26 21 1 6 48 48 4 43 20 34 18 48 28 11 21 25 21 46 40 31 13 34 38 49 32 33 0 
1 0 5 14 8 50 48 10 44 31 42 7 33 29 11 30 34 49 8 28 11 21 31 15 30 1 31 44 4 12 43 34 
2 25 0 15 48 50 29 12 34 21 39 34 30 29 19 39 18 30 1 29 36 30 21 21 12 20 40 35 7 19 4 6 
32 39 9 0 5 9 14 14 30 5 37 24 8 23 37 1 37 11 13 14 15 3 33 8 4 32 4 3 28 11 44 5 
16 17 33 3 0 42 20 15 31 4 16 22 25 49 7 13 49 26 20 3 25 45 5 40 4 49 32 6 24 5 11 36 
20 11 32 9 42 0 40 35 10 17 47 33 11 49 32 9 9 48 19 6 28 9 8 20 11 11 28 30 4 10 15 41 
26 43 31 2 15 17 0 48 22 10 42 10 36 29 12 45 41 22 41 23 8 6 50 34 28 12 42 21 48 15 11 32 
50 3 6 7 19 19 30 0 45 42 50 47 47 36 49 22 42 50 17 37 8 13 38 7 36 27 9 3 41 24 46 1 
8 49 11 11 34 23 6 26 0 23 42 47 31 9 9 4 48 30 40 50 22 31 28 3 19 13 46 20 30 10 16 40 
22 46 49 40 48 26 38 39 19 0 45 41 14 16 17 7 48 27 24 11 24 2 24 25 20 30 47 42 48 39 3 26 
17 7 3 25 35 10 19 6 22 42 0 2 32 28 41 15 37 2 6 48 44 6 49 43 38 49 22 30 11 1 35 41 
1 16 19 25 7 14 42 23 38 8 19 0 39 32 1 42 47 30 15 10 40 43 41 10 20 18 15 15 27 13 31 9 
6 38 2 1 17 10 16 8 24 11 34 10 0 36 38 10 12 38 7 26 50 46 42 45 48 10 6 49 7 43 49 16 
10 8 50 13 2 30 50 26 38 14 8 37 30 0 10 31 25 32 8 4 27 20 38 32 13 15 43 4 42 11 11 10 
16 26 45 24 3 36 25 9 32 39 32 38 36 39 0 5 16 39 29 31 18 49 40 22 46 23 26 37 49 10 26 8 
16 28 5 43 12 35 36 29 40 8 50 23 39 39 50 0 46 25 10 28 16 13 30 44 11 27 4 50 2 27 50 26 
50 6 32 17 11 31 46 44 31 4 1 42 11 50 17 34 0 7 23 30 12 40 33 11 46 36 34 45 17 8 36 35 
2 41 32 1 17 7 23 39 16 29 16 47 13 12 39 34 12 0 10 21 43 29 48 38 37 18 45 36 31 27 37 30 
36 46 20 50 2 29 49 1 27 34 34 15 33 24 36 49 34 47 0 1 33 7 38 44 6 5 3 45 34 22 22 42 
12 30 49 30 2 44 13 38 5 13 9 44 9 46 33 5 13 32 47 0 3 35 27 4 23 49 2 14 45 49 35 16 
29 6 43 22 36 34 45 35 6 21 10 47 21 49 44 35 10 22 49 33 0 2 26 20 8 36 26 27 32 50 30 18 
39 20 48 31 39 17 24 48 21 19 48 41 32 25 30 34 25 6 18 5 24 0 1 2 15 3 37 35 37 10 8 13 
36 27 4 21 27 24 18 5 19 37 25 28 15 5 35 38 33 7 43 2 26 32 0 26 45 39 19 34 28 3 33 38 
39 14 6 12 15 28 5 3 11 8 1 50 18 50 23 38 10 18 49 2 30 17 7 0 38 4 2 9 32 9 40 40 
3 37 50 36 15 9 43 21 10 29 4 33 45 26 33 8 46 17 31 24 11 5 31 8 0 22 7 19 9 14 20 23 
45 21 18 49 14 19 14 9 30 18 48 39 24 27 34 13 12 21 44 14 16 29 17 30 48 0 6 42 15 8 41 34 
7 41 6 10 13 27 28 20 39 32 9 2 7 14 17 8 31 38 45 7 39 20 6 8 17 4 0 39 1 8 27 50 
1 39 34 41 48 18 18 22 36 35 2 6 33 8 27 11 17 32 49 12 27 14 34 46 38 36 48 0 44 10 39 28 
12 12 33 8 13 23 24 19 40 14 17 9 23 37 15 24 1 40 44 23 19 10 16 23 37 6 39 3 0 12 21 24 
13 48 8 40 44 50 50 15 38 43 14 10 48 10 6 12 9 24 13 48 5 16 17 9 3 46 10 22 8 0 35 21 
7 20 40 5 12 16 48 21 24 2 25 6 30 6 50 19 14 32 44 30 30 50 23 20 47 32 49 37 48 41 0 28 
8 4 23 7 41 8 5 45 46 11 4 39 47 30 11 37 4 4 28 47 41 14 5 42 8 47 20 9 30 18 12 0 
23 0 34 24 17 3 7 50 10 11 9 37 48 19 26 11 27 41 37 45 45 34 21 44 38 45 49 32 49 45 39 47 
15 29 0 50 31 6 24 13 8 30 5 44 17 39 4 16 37 16 47 20 30 23 35 23 28 3 40 36 23 4 26 1 
16 23 12 0 23 20 19 46 5 4 28 29 15 41 40 4 6 35 30 13 16 3 25 9 25 30 7 23 29 17 38 41 
5 5 4 29 0 45 27 32 47 18 21 42 16 3 45 21 32 39 49 34 1 43 42 10 49 41 15 38 43 13 47 17 
39 16 37 24 11 0 37 11 9 30 4 34 46 46 11 9 7 30 10 26 35 30 33 37 48 14 45 6 39 31 39 39 
34 21 4 4 50 16 0 21 10 45 28 41 4 48 10 46 15 39 32 8 9 33 38 13 38 6 29 40 11 16 32 23 
29 42 15 50 25 43 7 0 10 41 10 50 31 7 40 29 40 39 18 31 18 8 23 31 6 47 9 16 48 22 27 10 
44 14 6 12 13 33 10 21 0 23 32 23 18 49 34 8 6 49 28 40 2 44 36 14 15 6 12 10 4 17 27 10 
38 15 1 6 17 2 28 17 8 0 29 47 8 37 35 6 32 23 40 3 18 21 32 26 17 9 1 41 7 1 24 7 
5 46 22 35 4 49 28 41 5 22 0 12 33 23 47 28 28 31 1 31 37 14 15 10 40 7 40 34 48 17 11 22 
16 34 22 43 13 15 1 3 33 45 49 0 48 47 10 50 3 20 31 23 11 6 21 37 43 40 37 33 29 14 15 30 
25 45 1 46 49 1 5 16 13 30 49 48 0 42 15 18 13 31 7 37 15 18 44 1 16 45 47 30 3 27 33 23 
39 19 16 25 3 47 14 1 3 15 15 11 31 0 8 24 46 29 23 24 3 22 28 50 13 31 45 35 2 2 22 3 
40 31 8 11 30 27 41 15 17 17 7 35 1 3 0 34 20 8 21 2 2 30 3 31 2 11 19 4 44 9 12 12 
49 31 12 26 30 24 48 45 19 38 9 8 36 16 44 0 50 10 48 25 28 31 1 21 23 37 1 7 50 11 24 47 
6 5 5 8 4 39 28 4 47 11 27 34 14 22 46 45 0 36 17 19 44 47 35 35 32 49 11 39 39 30 17 48 
34 46 42 4 3 31 9 41 11 32 44 29 17 4 18 8 2 0 42 6 21 33 43 30 50 22 21 24 9 43 50 40 
25 30 13 44 39 22 19 43 15 28 27 9 13 4 6 18 28 32 0 4 38 47 24 47 16 42 16 42 32 32 7 50 
48 11 43 19 49 5 11 30 36 34 50 41 43 7 35 18 47 16 4 0 46 27 40 13 43 1 34 48 3 23 30 37 
11 8 29 30 48 21 35 8 14 18 3 18 4 48 33 4 9 8 49 46 0 17 29 12 23 8 49 50 19 16 7 9 
7 6 48 39 34 15 28 37 48 12 9 40 29 25 23 10 46 18 30 39 46 0 25 35 20 33 47 6 22 50 21 17 
42 7 9 47 13 7 10 50 39 32 21 1 34 9 39 33 49 36 40 4 1 36 0 19 14 32 22 29 6 37 10 6 
38 27 46 17 34 20 29 10 4 37 19 42 8 25 24 1 12 44 14 7 36 11 18 0 16 7 39 46 15 42 28 4 
13 30 26 33 25 39 43 6 14 21 26 36 18 32 45 11 39 9 21 18 13 24 3 21 0 28 10 30 11 46 24 14 
19 26 33 6 12 32 42 49 13 19 38 50 37 11 25 50 35 12 28 7 7 21 11 41 40 0 27 6 6 16 9 33 
11 40 7 7 11 35 27 33 30 47 10 8 49 26 24 17 10 4 10 46 49 19 17 8 49 15 0 43 17 36 27 37 
34 5 37 28 11 31 4 14 15 8 30 49 11 47 14 13 16 16 11 46 3 6 13 34 42 23 49 0 9 47 43 10 
48 3 11 27 4 12 48 14 37 7 40 45 38 20 20 7 12 35 2 27 1 26 31 35 28 42 4 36 0 38 32 45 
17 22 49 32 46 50 21 10 2 19 3 24 40 13 11 26 15 23 16 38 24 46 17 10 23 23 26 49 12 0 9 12 
27 5 12 24 23 40 38 25 8 41 26 50 9 49 2 42 23 17 17 39 14 22 44 22 22 6 39 10 24 24 0 23 
49 44 7 27 19 28 40 39 36 28 48 9 48 49 46 8 11 21 32 4 33 46 20 48 5 11 41 3 18 1 28 0 
2 0 34 19 27 7 2 22 33 14 33 29 31 11 16 13 47 23 26 48 28 40 42 20 40 3 25 9 22 9 38 38 
21 35 0 1 47 26 30 22 40 7 40 39 18 21 5 15 9 32 42 15 18 27 20 23 38 10 14 29 25 33 43 1 
25 27 46 0 8 46 11 20 38 18 2 37 42 39 2 25 49 36 38 16 27 30 45 20 11 2 12 13 37 12 1 48 
8 14 39 14 0 42 26 47 20 49 13 5 47 17 40 28 34 37 36 15 43 37 17 16 21 31 7 36 6 34 49 33 
26 17 4 30 28 0 1 38 33 24 40 19 18 15 26 48 3 21 25 29 26 2 48 8 11 41 49 19 34 36 40 41 
36 50 31 29 30 13 0 11 50 34 50 4 41 4 19 50 2 46 33 4 15 32 6 23 31 29 9 44 39 30 33 4 
47 35 49 33 18 35 47 0 19 40 10 25 45 26 49 7 5 42 42 48 23 1 32 26 10 30 28 50 1 21 20 23 
21 2 46 7 7 6 36 32 0 17 50 15 14 5 8 12 47 33 23 5 2 48 33 10 3 16 9 39 4 41 36 46 
48 21 38 4 43 30 42 50 49 0 7 10 31 24 37 19 21 3 19 31 17 29 16 18 26 39 42 44 42 49 17 33 
42 32 4 18 44 18 4 19 17 41 0 23 6 46 38 2 37 17 48 39 37 36 10 19 18 32 3 13 16 1 37 1 
2 33 25 19 49 20 20 25 4 49 50 0 14 26 6 11 23 38 37 6 27 45 10 31 48 32 14 36 36 41 6 39 
19 31 40 22 24 22 19 4 18 48 23 36 0 38 36 47 43 13 22 30 25 29 46 11 7 42 2 27 38 36 34 34 
35 48 11 31 34 37 34 37 2 20 34 39 29 0 22 25 43 12 36 21 24 15 12 32 10 24 20 34 30 22 45 32 
18 34 14 39 38 28 6 13 7 30 35 29 5 46 0 7 32 35 18 10 16 3 15 11 20 24 17 2 8 15 3 4 
16 8 38 16 6 16 34 37 16 7 23 15 44 30 34 0 27 14 17 39 49 13 13 29 30 4 23 45 16 21 27 48 
49 4 26 20 21 17 31 2 17 2 31 45 10 30 1 17 0 41 41 41 38 42 26 5 41 3 29 9 12 33 21 19 
17 39 9 25 11 19 11 13 10 34 15 22 48 33 18 20 1 0 3 7 5 26 31 39 6 23 50 35 17 43 9 19 
20 46 33 15 6 1 5 41 49 30 28 31 5 27 5 7 9 36 0 10 9 10 27 17 44 36 1 3 2 11 34 44 
21 2 15 45 26 15 18 13 19 46 13 8 25 48 50 35 29 19 43 0 26 32 33 1 10 44 30 39 29 6 48 4 
30 15 37 8 30 41 33 29 42 42 23 41 13 48 19 43 47 37 16 24 0 34 19 8 13 38 2 6 2 47 26 40 
7 22 43 33 43 38 40 20 45 47 41 1 35 9 43 38 13 25 38 43 42 0 40 24 20 11 7 25 21 29 36 31 
32 17 2 16 19 21 15 26 5 7 18 22 27 44 18 24 4 45 15 43 28 10 0 34 48 18 48 23 22 36 14 20 
41 10 17 9 35 34 44 24 17 48 50 33 37 25 19 47 27 44 34 21 26 15 43 0 4 22 34 4 49 22 49 43 
40 41 37 27 13 11 35 34 40 11 22 48 46 28 27 47 23 49 1 47 29 2 43 45 0 26 17 14 38 2 30 45 
3 19 6 10 43 1 49 7 37 43 10 45 11 5 17 48 26 45 37 32 50 21 2 14 38 0 48 42 1 46 48 48 
32 11 16 19 30 40 19 35 46 25 43 15 4 19 8 33 41 9 20 38 43 15 49 45 32 17 0 42 22 46 10 48 
11 40 46 29 34 45 36 38 8 7 11 42 7 8 7 49 45 30 15 2 42 26 10 5 17 13 22 0 38 14 48 47 
40 37 28 32 25 9 41 25 38 5 22 13 32 32 24 42 38 26 19 48 43 31 8 6 36 31 41 12 0 21 24 49 
25 11 11 22 5 30 26 32 40 5 6 28 47 21 14 28 23 44 22 34 13 45 1 5 9 29 22 47 45 0 19 30 
4 15 7 48 2 21 11 20 13 13 44 29 44 37 4 12 36 22 3 18 19 50 40 37 30 11 6 13 26 9 0 29 
37 22 25 2 13 41 24 12 8 13 24 9 22 19 16 8 18 6 18 36 26 43 1 12 5 26 21 18 42 15 49 0 
44 0 4 34 8 8 19 36 41 22 13 10 46 6 45 41 18 19 14 3 39 7 8 24 4 45 22 14 48 37 20 6 
21 43 0 15 30 6 39 11 9 39 33 15 47 23 16 47 46 17 14 8 2 4 39 27 42 36 31 30 13 37 5 38 
4 2 7 0 40 4 41 15 36 30 8 6 14 6 42 12 1 39 48 26 48 35 30 18 3 32 16 24 44 25 9 49 
23 35 45 12 0 45 16 26 44 5 2 28 29 45 49 25 22 50 25 31 42 15 11 7 4 25 34 5 9 38 18 21 
12 21 9 33 30 0 12 31 17 35 14 4 22 46 7 1 24 4 7 45 24 20 45 17 34 13 28 41 37 12 12 18 
7 38 31 17 9 36 0 17 46 10 19 8 46 29 12 40 12 48 25 11 1 2 44 45 2 17 4 26 21 2 21 45 
6 24 47 48 35 15 41 0 42 38 38 11 35 5 13 49 39 23 24 17 44 12 2 11 16 13 44 30 50 5 11 46 
44 39 25 2 23 33 14 6 0 47 7 33 24 14 41 9 40 39 19 16 4 48 36 28 34 5 13 31 35 41 35 41 
38 27 42 18 46 31 11 27 7 0 9 19 20 37 29 28 48 25 4 4 42 32 40 8 49 9 12 42 48 10 2 29 
15 12 17 46 47 22 24 14 10 29 0 42 9 45 29 16 41 5 27 15 7 31 38 44 10 48 19 43 9 34 39 14 
17 5 30 5 8 21 33 31 27 1 41 0 44 13 40 31 14 21 43 21 37 21 46 45 49 27 18 7 49 28 29 16 
30 21 15 26 4 15 25 8 21 23 46 39 0 7 41 44 32 20 17 6 23 16 14 3 43 22 11 32 28 41 14 35 
4 48 35 12 24 48 15 28 49 46 35 1 15 0 25 7 38 8 33 37 38 32 23 6 50 17 19 23 4 44 33 48 
18 7 38 43 42 23 30 21 34 5 40 8 28 31 0 14 39 18 16 23 25 45 4 27 4 31 42 35 45 5 26 11 
35 16 48 18 44 27 32 15 16 29 12 4 33 43 15 0 29 20 4 30 5 39 21 9 3 14 31 35 12 50 38 35 
16 8 44 6 42 30 14 21 13 37 1 7 46 34 1 45 0 12 17 14 16 42 26 22 23 14 8 46 4 13 43 21 
16 29 45 46 47 39 37 24 49 6 33 18 19 39 14 14 20 0 14 37 24 46 37 22 43 41 36 22 43 35 34 10 
8 21 16 36 29 2 38 5 6 25 43 16 10 9 9 4 35 50 0 44 27 41 27 19 25 30 8 2 6 11 17 45 
40 15 47 26 48 3 4 36 12 32 9 31 50 4 21 12 34 33 33 0 38 43 41 8 19 32 2 42 6 21 50 33 
45 40 30 4 1 14 34 11 2 31 14 33 46 32 46 20 22 9 46 19 0 24 28 30 3 49 8 28 45 46 11 48 
15 13 50 15 42 20 50 21 48 1 22 32 7 29 9 13 38 36 33 21 48 0 25 32 10 17 11 28 5 44 36 40 
15 41 34 49 20 46 17 4 50 22 38 48 19 2 47 23 24 41 46 41 9 14 0 41 50 41 32 41 49 32 43 46 
28 13 11 7 42 23 30 39 17 21 32 33 49 11 28 13 8 21 38 4 14 48 46 0 31 1 50 35 9 39 5 19 
23 8 27 11 36 8 45 6 50 44 2 29 21 27 32 43 40 14 19 33 29 44 39 32 0 30 17 30 7 43 39 22 
1 12 2 10 25 22 50 42 6 14 16 39 11 12 20 25 5 20 7 46 46 21 23 41 29 0 19 46 31 19 28 39 
13 11 23 2 17 19 17 7 21 40 22 13 20 14 6 29 20 11 43 26 37 36 44 26 30 40 0 11 32 6 27 20 
23 28 26 3 28 38 11 3 6 38 13 36 6 24 8 3 28 23 41 26 20 27 3 2 28 18 48 0 22 28 9 36 
1 45 21 50 36 45 11 28 41 10 9 37 38 25 50 38 2 23 38 34 9 16 1 50 46 26 24 25 0 11 41 39 
26 48 3 12 42 36 25 23 9 17 46 50 17 12 41 15 27 28 30 46 50 41 25 27 36 44 21 4 11 0 21 37 
18 1 21 34 39 35 13 8 2 27 1 29 17 14 16 34 39 6 11 47 48 31 46 40 36 24 27 26 49 16 0 22 
13 38 31 29 50 47 29 3 31 14 20 28 19 50 12 8 14 21 10 33 48 50 24 39 37 5 32 49 15 9 38 0 
10 0 37 5 38 41 37 36 16 38 10 3 31 33 28 3 27 41 24 16 14 6 39 33 24 13 15 42 42 45 16 31 
38 22 0 27 11 42 15 12 21 22 28 6 23 23 45 20 41 12 34 29 41 25 50 46 33 21 4 32 26 27 45 44 
21 23 30 0 16 9 7 18 12 13 29 4 45 36 1 17 11 29 43 24 31 8 17 25 6 38 27 45 40 38 34 36 
44 27 35 35 0 1 43 30 12 35 45 23 17 13 22 6 10 32 4 44 3 33 4 15 37 5 48 25 28 33 12 28 
25 30 44 10 18 0 2 16 17 18 50 32 40 37 36 50 13 35 33 17 13 36 44 31 3 41 13 48 31 3 19 3 
30 23 18 48 38 19 0 12 38 9 17 38 27 3 2 14 29 1 5 36 41 45 16 50 42 32 49 41 19 6 4 35 
14 49 48 3 17 20 39 0 12 44 23 46 8 47 49 17 28 2 27 34 48 26 18 29 8 14 24 26 17 40 29 44 
33 6 32 24 29 6 50 48 0 10 13 43 42 18 50 9 3 44 15 21 40 42 22 6 10 47 20 40 39 43 44 22 
23 16 30 13 3 15 25 39 23 0 2 30 25 36 33 26 11 8 6 21 33 3 20 40 2 11 50 23 28 9 17 11 
5 16 41 21 27 39 38 6 39 19 0 26 49 38 13 47 21 27 21 10 32 34 22 11 20 4 26 28 2 4 43 48 
31 6 41 25 10 46 13 49 23 21 50 0 33 15 27 21 2 39 15 30 46 7 49 35 28 34 5 22 17 2 11 36 
3 47 21 45 43 48 39 38 26 14 23 37 0 12 35 40 47 43 33 24 40 38 24 47 42 32 22 14 42 5 24 47 
48 12 36 47 36 44 33 29 5 1 27 5 33 0 35 13 23 44 44 8 29 34 28 22 49 29 1 30 13 21 34 48 
34 2 18 25 26 26 38 4 4 11 5 20 40 11 0 20 14 8 20 49 21 48 47 46 13 21 41 38 19 36 14 20 
9 21 3 44 4 15 10 37 47 6 41 5 19 30 9 0 33 38 10 37 23 44 22 14 1 38 6 6 4 36 39 19 
19 40 41 46 49 37 18 17 50 48 34 2 15 8 42 27 0 33 13 8 50 9 49 42 27 37 8 3 7 48 10 7 
2 9 38 22 15 28 35 11 46 21 44 38 25 11 20 50 43 0 46 29 24 42 28 39 10 20 48 15 9 42 34 11 
19 41 42 32 44 27 36 28 50 48 3 13 30 16 12 18 17 18 0 8 10 11 19 36 15 24 20 28 3 17 13 26 
20 13 10 25 47 33 29 26 23 8 19 30 26 40 16 10 45 8 31 0 49 42 34 24 1 1 5 28 9 25 50 34 
11 37 23 34 50 20 42 16 35 38 42 35 3 43 40 11 26 9 10 33 0 45 37 14 35 36 39 10 25 43 6 20 
2 23 25 9 43 4 7 16 40 3 43 46 11 50 50 22 8 12 45 2 1 0 15 18 39 24 24 39 48 12 11 17 
24 29 19 40 12 29 34 47 7 19 43 21 31 3 41 3 35 37 17 2 14 48 0 4 20 38 6 36 35 20 15 9 
4 30 36 20 18 43 10 38 44 24 15 38 34 8 45 37 36 34 21 4 12 46 10 0 4 26 25 49 3 6 43 50 
27 42 11 40 41 45 34 24 10 25 49 24 28 49 10 21 13 43 19 1 2 50 11 47 0 9 21 33 44 43 45 8 
32 1 25 39 46 23 19 4 43 3 10 11 30 14 22 32 5 17 5 36 10 38 43 48 28 0 31 15 31 21 13 40 
32 16 18 18 23 3 11 14 49 45 40 27 48 42 39 32 34 37 39 28 28 38 9 48 45 9 0 27 11 16 9 38 
34 31 13 29 45 13 47 50 29 45 3 7 42 21 11 45 7 39 50 31 44 33 36 13 44 8 20 0 23 15 27 50 
49 40 7 7 47 36 14 44 20 38 38 10 33 25 32 17 27 34 15 21 22 16 28 44 2 46 50 36 0 38 43 24 
35 3 45 5 17 35 15 15 9 43 45 31 44 7 23 3 38 12 41 43 39 1 6 28 33 12 14 6 1 0 36 28 
7 27 14 3 7 39 21 16 32 13 20 6 28 28 35 35 38 29 44 12 24 47 50 35 35 48 17 22 5 22 0 10 
14 23 16 39 5 30 5 16 15 18 47 10 31 20 45 28 1 48 28 27 27 8 25 5 10 27 30 18 10 22 50 0 
11 0 11 4 6 33 13 39 31 6 33 13 30 45 28 38 19 16 40 20 16 24 28 46 33 7 49 11 29 28 1 37 
7 43 0 19 36 49 28 15 13 16 12 18 22 44 15 29 31 27 23 8 15 28 40 6 26 34 15 21 50 34 2 11 
4 6 47 0 7 37 26 43 39 42 2 28 5 5 7 6 3 19 28 19 35 6 20 37 9 17 37 43 2 35 8 15 
29 14 2 14 0 17 47 8 43 5 34 34 17 13 1 36 2 20 28 13 2 23 16 18 5 35 19 39 40 50 33 41 
5 35 37 50 42 0 4 43 39 6 11 36 15 1 23 3 24 9 32 36 24 24 22 6 43 13 46 47 30 49 9 19 
43 22 43 29 33 27 0 1 45 49 27 40 8 42 38 2 17 33 32 46 30 8 14 10 18 34 29 45 37 46 7 14 
41 47 42 43 43 8 44 0 21 48 8 38 38 48 35 14 15 6 12 30 14 48 3 29 12 29 13 26 46 4 33 15 
49 42 13 49 11 50 45 9 0 9 39 12 49 23 21 27 13 33 20 15 40 25 17 44 16 39 19 31 14 31 32 49 
17 16 43 39 47 35 37 4 16 0 11 4 21 25 37 5 7 41 3 1 44 26 40 43 40 33 48 48 11 43 19 32 
29 28 41 45 34 30 32 30 29 47 0 17 49 30 22 46 19 29 34 12 40 11 31 39 23 27 23 3 7 49 37 26 
11 48 29 25 44 34 43 21 27 10 23 0 23 48 9 42 14 19 37 30 19 27 31 29 22 48 39 19 19 12 28 26 
32 42 21 7 2 1 47 3 35 37 14 36 0 31 38 9 41 14 36 9 35 20 19 19 50 30 19 8 28 5 16 24 
10 50 35 42 31 28 3 40 14 22 35 46 32 0 14 46 49 34 40 48 5 33 3 43 7 13 23 21 27 34 44 20 
49 19 13 4 37 46 47 28 14 12 46 46 14 35 0 24 37 37 35 21 24 38 7 12 41 8 7 29 30 9 8 26 
7 20 2 37 27 20 10 9 3 38 13 35 44 38 8 0 30 22 39 37 35 43 13 20 33 42 8 22 47 30 18 18 
20 7 36 40 26 12 49 48 18 27 26 19 37 26 23 18 0 4 50 28 8 41 22 23 34 45 50 20 45 19 48 14 
29 36 20 43 29 8 49 32 18 23 41 20 8 17 45 33 7 0 20 40 18 47 3 10 27 48 34 3 46 26 43 4 
30 20 13 47 33 17 33 44 11 6 19 11 35 50 3 16 17 50 0 17 13 26 29 30 18 27 26 44 46 45 5 3 
6 25 19 12 50 45 21 12 16 25 26 30 13 29 42 26 27 45 18 0 37 46 9 31 29 1 40 46 20 8 24 37 
49 6 3 13 36 17 39 4 21 47 39 1 38 50 50 18 39 36 1 17 0 2 27 19 8 47 45 40 11 10 49 1 
4 43 38 27 24 10 16 7 9 39 42 48 41 8 9 43 30 2 23 8 35 0 8 8 36 22 38 46 17 41 27 28 
44 23 46 35 9 1 23 26 8 24 30 42 28 10 30 28 1 39 3 11 10 38 0 42 16 47 35 2 5 37 14 49 
16 33 12 48 26 45 23 50 42 7 26 15 34 6 17 31 26 43 10 46 29 39 16 0 18 7 31 31 39 25 49 18 
39 44 26 14 9 17 13 5 34 28 40 11 5 34 23 9 11 30 4 26 13 28 19 21 0 27 18 44 42 45 15 35 
25 44 39 38 21 8 42 8 15 14 38 26 18 39 28 11 34 34 22 21 9 22 23 6 11 0 26 5 37 41 23 21 
10 19 44 16 18 17 47 3 1 19 22 39 13 25 2 2 32 50 7 10 9 23 45 26 4 21 0 34 27 46 3 6 
18 43 44 28 8 24 24 11 45 38 31 22 2 37 33 11 31 10 25 24 38 34 13 12 38 25 18 0 13 47 33 21 
8 48 14 5 47 19 48 45 28 8 39 13 23 28 2 43 40 21 11 3 18 22 30 18 34 30 32 41 0 33 7 12 
15 12 17 24 24 39 32 36 42 34 15 47 16 49 22 41 34 36 32 29 42 36 31 4 37 19 46 22 18 0 38 7 
12 22 47 25 1 6 5 29 4 8 36 20 20 3 25 14 19 12 40 48 6 2 28 21 29 32 14 38 6 44 0 11 
19 4 27 4 26 20 25 22 35 30 8 28 21 7 17 11 1 12 5 28 10 29 41 2 11 44 26 47 19 42 18 0 
23 0 11 48 18 16 43 50 49 45 44 40 5 19 48 24 7 15 12 22 14 26 2 16 1 41 14 26 43 33 44 29 
4 43 0 12 35 18 24 39 2 18 2 13 10 34 21 24 23 4 37 37 12 35 48 29 42 22 45 47 28 2 18 7 
17 1 16 0 37 13 7 13 7 34 26 11 4 12 13 42 33 31 17 42 22 7 46 33 44 6 14 20 13 23 27 12 
50 50 45 47 0 10 18 34 11 16 41 30 4 36 24 44 17 30 31 13 17 11 11 47 1 22 18 22 31 49 37 1 
35 7 14 12 5 0 18 16 33 16 47 7 26 31 27 42 47 21 13 47 41 33 11 11 2 39 3 45 26 42 46 3 
13 30 41 46 48 23 0 13 40 50 14 49 47 20 5 36 17 24 30 22 2 19 2 46 18 24 47 13 23 2 23 41 
41 20 45 45 46 40 31 0 45 25 9 23 48 27 35 14 41 48 4 37 21 47 21 45 35 11 34 24 22 1 10 40 
39 27 24 8 28 26 10 40 0 28 44 35 47 44 46 5 19 34 11 7 15 20 16 3 45 21 25 10 35 12 16 9 
44 15 19 35 21 4 27 36 15 0 38 15 9 28 12 24 2 39 6 16 40 12 45 45 21 23 25 29 37 4 17 26 
28 12 35 42 32 25 11 35 16 8 0 25 43 28 5 7 26 33 48 24 21 30 47 27 48 49 20 49 12 46 26 40 
33 49 12 37 48 43 21 42 27 28 21 0 1 33 37 3 18 16 17 50 47 40 30 46 47 31 36 38 43 12 27 50 
39 40 18 43 44 16 19 10 33 13 6 47 0 43 9 47 44 11 46 3 33 46 47 29 1 3 3 15 6 12 6 28 
30 50 29 32 11 16 45 9 2 48 8 18 34 0 35 34 3 39 35 42 27 47 10 45 4 43 12 18 41 42 1 13 
48 27 35 26 48 15 28 37 29 17 38 1 35 39 0 30 45 17 20 1 27 22 21 29 32 21 6 25 39 49 48 4 
18 1 36 10 41 50 9 36 39 11 48 14 11 10 9 0 11 16 14 17 2 21 41 24 41 28 48 4 6 43 40 39 
38 31 13 20 1 49 29 39 46 8 34 12 17 24 7 19 0 22 13 45 9 26 33 47 34 27 27 45 33 44 46 4 
44 50 23 11 34 48 40 9 12 38 25 21 44 38 29 8 18 0 22 29 32 43 48 31 13 6 34 30 43 24 5 47 
46 50 5 40 13 44 14 24 22 32 5 34 22 2 13 3 47 48 0 20 28 12 15 15 11 47 19 10 6 50 18 48 
35 8 41 30 21 40 48 16 14 4 48 8 50 39 14 9 12 43 31 0 34 45 5 28 36 31 36 44 44 45 35 9 
24 4 35 20 27 32 22 42 14 49 32 6 24 14 8 15 23 34 11 48 0 13 19 35 3 31 30 6 49 35 46 5 
22 30 46 25 4 16 19 37 28 40 2 17 35 13 50 4 23 24 22 22 11 0 35 37 47 5 19 33 40 47 27 24 
7 19 45 11 26 28 40 5 49 4 47 33 9 11 2 1 40 31 26 33 25 14 0 24 45 38 43 50 20 35 34 30 
41 2 17 45 49 40 3 24 27 34 20 23 19 15 2 29 36 4 19 43 9 21 44 0 49 44 46 1 23 33 29 21 
20 16 25 6 32 42 16 4 11 37 8 50 50 6 41 5 31 37 15 14 16 17 41 21 0 20 8 18 2 4 40 31 
41 48 14 50 7 45 9 20 37 20 50 8 7 2 22 45 43 3 41 21 37 19 15 5 4 0 26 4 37 24 24 15 
1 22 7 17 2 37 7 34 11 22 17 28 44 17 9 35 20 49 14 26 50 14 19 45 23 33 0 10 47 32 41 22 
47 14 6 50 37 50 35 20 8 37 19 30 49 20 41 22 38 46 42 35 39 10 49 16 37 4 13 0 45 19 28 11 
3 20 1 21 15 39 17 22 35 35 29 6 39 31 34 20 25 32 12 22 1 40 7 34 37 15 41 13 0 34 38 41 
1 31 27 17 10 49 50 27 33 22 24 8 50 10 4 11 35 4 34 38 13 7 6 10 13 14 17 34 1 0 48 5 
39 47 45 29 26 13 15 25 22 25 6 29 50 28 33 7 25 33 5 6 10 1 1 28 44 25 18 4 47 33 0 17 
26 36 17 35 11 6 31 29 49 21 30 12 13 8 28 6 33 30 7 42 2 46 42 45 39 47 17 35 1 45 11 0 
28 0 39 9 30 44 34 43 23 2 44 4 7 35 30 39 38 21 16 19 35 24 40 41 16 31 44 23 47 15 39 47 
29 4 0 11 2 24 5 28 35 23 41 8 6 48 48 40 8 16 1 9 47 20 32 10 38 38 49 44 50 1 12 46 
8 13 48 0 26 4 25 29 16 33 43 32 47 45 16 35 43 18 41 37 7 47 6 43 27 48 44 23 15 25 11 28 
35 12 45 1 0 43 1 23 37 33 37 36 27 4 38 36 16 22 3 6 26 9 14 5 50 3 21 21 29 11 2 15 
41 23 15 47 35 0 1 16 43 43 46 5 5 21 11 30 39 40 12 28 2 12 20 35 19 21 8 45 49 22 30 45 
27 31 23 46 4 39 0 42 2 15 7 10 14 31 5 10 34 39 23 33 32 17 33 1 3 21 38 46 26 27 6 18 
22 13 2 29 25 48 16 0 26 1 49 11 13 45 2 7 5 15 12 24 7 26 40 49 28 44 30 20 25 17 43 16 
26 10 40 39 1 30 27 36 0 37 24 48 33 34 7 20 6 2 15 34 32 15 3 50 42 33 15 24 35 45 28 41 
9 8 33 36 4 6 13 7 25 0 39 27 38 33 28 8 15 22 25 24 18 11 34 12 2 23 11 48 7 36 6 42 
41 9 33 39 25 1 21 17 1 40 0 9 9 44 38 15 17 14 26 1 2 10 21 11 31 26 47 32 13 43 9 7 
21 19 47 37 30 1 40 33 14 2 9 0 24 29 3 25 18 14 8 45 34 31 36 5 32 20 49 2 14 29 20 8 
24 42 33 38 40 47 2 36 16 25 43 37 0 1 2 48 32 29 1 29 18 5 49 26 26 36 15 15 17 31 49 26 
5 45 44 36 33 47 15 36 21 13 23 29 9 0 38 49 4 31 23 18 24 13 50 2 4 25 17 7 2 25 33 35 
5 18 49 39 43 8 17 15 35 14 16 9 5 33 0 21 17 38 38 12 35 45 14 25 14 5 43 40 12 16 40 14 
11 39 29 18 12 10 50 7 46 15 8 33 11 48 42 0 47 21 4 1 19 15 14 49 41 42 43 36 34 50 18 5 
50 46 1 5 20 27 16 10 7 39 32 16 20 37 32 15 0 16 14 46 20 8 16 21 49 48 41 38 27 19 25 16 
7 29 10 9 37 11 44 22 21 6 45 44 31 34 48 29 5 0 10 29 21 21 4 49 48 35 25 2 8 30 39 39 
41 33 23 25 38 11 29 45 4 22 42 26 14 14 22 41 15 50 0 12 34 18 41 4 46 3 30 12 25 13 9 36 
43 32 17 4 12 8 9 11 18 27 15 25 49 29 29 36 35 13 35 0 37 8 18 5 22 1 29 28 23 9 50 4 
33 45 37 50 44 47 10 10 33 7 40 45 8 3 16 6 18 25 45 28 0 12 29 23 28 25 27 46 4 34 31 37 
2 19 23 32 31 13 29 35 39 25 3 2 31 19 24 48 19 36 24 10 49 0 14 22 42 5 23 9 26 17 2 7 
27 3 20 38 26 36 21 35 43 40 40 6 3 10 27 42 10 2 30 27 18 10 0 21 39 38 47 31 28 9 5 3 
18 38 19 26 50 11 31 48 12 49 1 31 21 9 9 20 33 28 31 49 25 38 25 0 39 18 32 32 50 30 6 43 
27 39 37 22 19 34 34 28 31 29 4 18 29 18 29 50 30 30 27 48 1 28 6 29 0 31 13 30 9 18 30 32 
18 7 6 24 43 35 38 40 36 50 1 50 20 21 21 47 22 39 32 3 20 3 8 43 49 0 33 9 42 6 5 26 
10 2 48 36 11 23 44 37 16 43 40 42 49 50 29 37 8 11 16 9 21 36 27 12 16 50 0 13 26 11 26 46 
34 32 25 41 48 23 36 10 25 28 3 17 10 31 12 10 44 21 46 2 32 41 47 5 24 25 37 0 21 12 11 19 
26 41 47 7 11 25 9 31 14 22 1 42 31 18 20 17 32 5 40 20 5 15 25 15 44 35 20 17 0 23 36 15 
48 14 10 28 27 14 25 2 36 35 40 33 30 31 49 16 38 5 9 6 16 22 42 14 11 16 32 13 26 0 5 43 
8 28 7 4 28 21 41 44 4 8 4 5 35 15 33 45 35 46 20 33 13 15 31 50 27 23 46 17 11 32 0 12 
26 31 43 32 5 23 28 21 46 47 11 5 49 13 17 7 49 29 22 48 17 7 23 30 44 48 8 27 6 26 25 0 
