27
10
27 0 12 6 46 9 10 12 11 6 23 
31 11 0 19 17 33 38 39 31 13 22 
17 15 16 0 50 6 24 24 39 36 7 
48 16 29 43 0 20 16 7 5 36 3 
34 3 5 8 11 0 27 49 32 7 40 
19 31 24 37 36 12 0 46 6 41 35 
36 23 26 50 26 15 33 0 27 48 17 
32 35 46 10 39 14 11 8 0 40 29 
25 43 33 47 38 17 43 43 8 0 8 
21 2 14 1 18 11 28 5 33 46 0 
45 0 23 34 40 8 35 36 14 48 22 
1 38 0 16 13 11 44 41 29 13 9 
23 41 19 0 40 47 30 21 46 43 28 
37 6 26 45 0 34 2 10 43 39 4 
32 29 45 36 8 0 33 37 2 41 24 
21 49 43 24 23 5 0 5 44 44 28 
14 41 22 21 36 45 12 0 21 29 9 
34 48 41 9 28 45 46 33 0 33 14 
44 20 6 19 8 38 14 3 23 0 30 
48 16 49 11 40 42 7 25 1 13 0 
21 0 16 23 32 40 23 9 34 46 29 
9 23 0 12 31 34 45 36 3 13 49 
32 10 49 0 50 12 19 50 30 20 37 
38 22 33 21 0 43 29 47 24 29 36 
30 30 7 44 21 0 26 5 19 28 45 
7 4 12 2 31 12 0 17 23 21 22 
24 29 15 10 41 38 40 0 41 38 6 
48 12 25 28 20 2 4 6 0 30 37 
15 31 3 25 31 34 10 31 40 0 32 
12 24 4 8 13 1 16 48 3 34 0 
36 0 14 32 22 48 45 30 35 33 29 
8 12 0 44 34 7 43 27 40 29 8 
28 10 1 0 7 44 24 9 17 15 19 
37 7 3 47 0 1 2 50 31 28 36 
4 25 48 12 24 0 50 31 20 1 20 
24 26 19 46 6 27 0 13 26 28 24 
37 13 20 15 43 2 10 0 48 34 6 
44 47 13 44 4 3 12 40 0 33 44 
44 39 17 46 46 11 39 7 42 0 25 
40 25 3 5 50 42 5 34 19 22 0 
41 0 34 37 46 27 28 14 26 42 3 
15 23 0 43 34 30 49 47 25 19 32 
14 3 7 0 9 17 20 44 8 44 13 
49 28 21 11 0 4 11 2 21 20 18 
47 14 16 39 10 0 17 32 20 25 2 
45 31 15 37 9 38 0 28 28 30 7 
35 6 32 30 5 38 2 0 32 31 20 
47 26 6 2 35 1 38 18 0 50 50 
38 24 34 43 18 18 13 34 3 0 16 
34 24 42 13 34 42 32 36 35 23 0 
15 0 1 39 6 5 19 25 14 3 9 
1 10 0 29 30 20 11 23 39 13 37 
25 18 30 0 15 37 23 35 43 18 44 
19 3 34 27 0 35 38 36 28 38 49 
43 49 32 45 16 0 24 46 13 44 24 
19 44 24 48 48 48 0 22 24 20 33 
35 32 47 9 40 49 27 0 3 45 32 
26 45 1 14 44 26 36 35 0 50 13 
28 23 50 45 25 26 29 36 29 0 38 
17 12 9 6 14 11 3 24 5 17 0 
48 0 44 18 12 48 24 43 10 4 23 
12 37 0 25 7 6 13 33 2 34 15 
20 41 24 0 7 16 14 37 46 50 33 
24 13 31 34 0 16 35 5 39 47 1 
33 20 33 7 27 0 30 38 2 1 2 
29 1 40 40 48 8 0 20 11 47 34 
38 48 10 21 50 49 7 0 41 42 22 
9 44 6 34 32 50 9 17 0 31 36 
27 35 45 49 5 23 23 41 36 0 8 
15 44 43 13 14 36 10 12 8 28 0 
24 0 47 10 30 44 35 46 7 8 48 
50 3 0 31 11 8 3 3 12 17 27 
26 16 5 0 34 7 15 2 43 20 47 
41 47 10 3 0 12 31 25 16 6 20 
28 17 33 39 9 0 12 14 32 6 11 
34 49 46 31 3 9 0 42 26 23 29 
34 3 37 12 8 3 43 0 29 49 27 
28 37 6 47 50 10 33 17 0 26 46 
1 20 38 10 13 42 2 30 1 0 4 
39 49 44 27 37 26 30 22 32 7 0 
19 0 36 34 29 33 47 44 49 32 43 
26 26 0 1 28 29 14 15 28 49 16 
2 14 29 0 45 38 29 44 29 11 24 
30 12 35 20 0 27 16 37 9 27 16 
49 3 49 8 29 0 14 49 16 49 24 
11 3 23 16 5 6 0 8 39 41 4 
4 15 38 8 14 14 41 0 32 1 13 
27 6 1 33 18 49 15 21 0 17 25 
31 28 31 38 14 27 40 19 15 0 22 
9 49 19 24 13 35 15 42 44 16 0 
24 0 17 16 36 48 6 3 40 49 7 
41 37 0 23 17 23 27 34 1 45 37 
25 22 18 0 29 5 28 38 28 21 33 
34 24 28 1 0 1 15 12 45 40 8 
25 50 21 9 32 0 22 27 2 1 37 
1 14 48 7 42 2 0 50 38 31 20 
18 25 19 16 23 18 9 0 22 16 9 
15 39 12 37 13 25 2 9 0 48 34 
2 37 28 35 33 20 26 21 10 0 50 
15 25 15 21 41 1 31 5 36 14 0 
13 0 5 36 42 22 12 3 11 45 17 
1 41 0 40 48 19 32 48 35 34 4 
42 38 13 0 17 45 40 25 41 46 13 
44 48 24 34 0 21 47 1 36 13 22 
17 16 27 43 49 0 24 36 18 3 9 
3 47 21 32 23 26 0 43 20 48 33 
38 12 16 33 24 4 18 0 6 27 22 
32 12 23 13 37 27 12 20 0 19 21 
5 7 39 38 10 48 27 43 12 0 46 
5 32 39 31 34 5 1 45 20 46 0 
7 0 30 41 31 28 42 25 9 45 46 
14 23 0 1 27 29 31 24 28 24 26 
27 26 45 0 32 18 50 24 43 29 33 
27 18 1 23 0 14 26 17 9 10 18 
24 18 48 16 32 0 32 31 12 2 4 
32 23 22 44 19 32 0 35 10 14 28 
19 33 30 13 20 47 23 0 29 13 3 
14 16 19 6 3 9 28 29 0 50 36 
20 12 41 25 1 5 47 7 4 0 33 
41 8 45 32 50 42 39 35 47 35 0 
10 0 2 49 50 40 17 4 16 42 11 
4 6 0 10 28 8 7 42 5 13 16 
1 16 25 0 31 13 7 21 37 6 11 
21 44 33 16 0 27 18 13 42 36 34 
1 31 15 44 29 0 35 49 18 24 43 
50 34 22 32 35 44 0 28 19 37 34 
47 17 10 32 40 11 24 0 44 1 41 
45 1 20 29 15 21 1 32 0 3 28 
8 3 13 14 11 38 22 2 31 0 34 
41 45 5 2 38 34 21 34 5 19 0 
12 0 5 18 34 49 49 14 44 17 14 
43 47 0 16 9 26 45 5 47 21 3 
39 22 14 0 17 50 50 47 19 42 31 
50 18 27 34 0 17 4 35 29 15 13 
25 29 35 18 42 0 45 29 46 27 44 
30 24 14 3 31 40 0 42 1 35 49 
3 46 2 37 14 25 20 0 33 43 23 
10 26 32 8 29 10 38 47 0 26 6 
21 1 42 49 1 27 5 25 4 0 28 
13 35 45 16 11 29 28 49 4 17 0 
26 0 47 4 5 35 5 42 6 25 22 
2 46 0 26 30 28 2 4 4 36 38 
21 45 29 0 15 10 26 31 17 48 50 
32 39 44 9 0 31 25 48 38 15 47 
35 49 1 33 26 0 17 9 16 39 9 
25 24 14 16 47 31 0 19 40 45 10 
24 26 8 25 40 14 3 0 18 50 4 
4 17 40 39 4 22 44 47 0 39 44 
17 15 28 39 25 9 26 28 13 0 50 
7 9 44 5 23 9 42 26 44 13 0 
15 0 42 17 35 6 9 35 25 12 25 
37 23 0 1 2 43 9 48 19 1 32 
38 25 5 0 50 48 46 23 35 17 45 
31 19 3 26 0 29 26 49 44 34 16 
25 2 16 39 13 0 34 8 43 13 14 
11 23 26 13 26 41 0 37 17 38 10 
37 50 9 18 44 19 20 0 25 23 18 
11 5 35 35 7 37 9 17 0 37 14 
38 31 23 3 34 8 43 41 1 0 39 
39 32 7 25 30 25 44 49 45 45 0 
15 0 33 20 46 4 7 39 42 6 40 
32 20 0 31 24 22 6 28 6 35 37 
27 29 25 0 35 29 29 49 11 6 33 
43 11 23 43 0 49 5 12 27 50 28 
20 2 36 12 7 0 19 2 33 3 24 
47 38 15 9 19 37 0 9 36 17 25 
8 29 37 23 47 22 48 0 38 25 18 
45 1 6 7 17 26 43 14 0 28 10 
28 17 8 32 36 5 46 15 25 0 13 
47 27 10 26 20 42 16 14 15 36 0 
22 0 15 8 36 30 46 33 8 42 43 
44 46 0 8 8 47 42 21 5 37 42 
27 34 14 0 13 21 19 41 31 38 26 
11 30 49 43 0 39 14 9 23 2 41 
23 39 23 32 19 0 2 19 3 29 28 
21 11 27 23 10 38 0 1 45 15 12 
5 2 21 16 33 14 47 0 15 20 34 
33 49 4 47 20 38 11 32 0 44 20 
50 39 3 10 5 1 4 27 34 0 1 
13 15 8 41 36 22 19 8 49 6 0 
5 0 4 34 45 46 23 7 30 4 22 
28 20 0 1 45 12 17 50 11 11 33 
11 20 32 0 19 22 19 41 14 12 49 
20 4 33 39 0 16 46 5 8 15 32 
44 24 24 13 24 0 43 14 13 29 19 
22 8 47 17 46 35 0 23 16 24 27 
33 44 19 5 2 25 37 0 13 30 16 
12 42 46 30 40 37 47 19 0 46 29 
6 28 35 43 27 13 7 17 44 0 31 
24 40 35 39 50 50 5 19 12 50 0 
7 0 2 34 13 8 30 12 18 27 9 
39 4 0 20 46 22 5 9 27 29 40 
18 21 19 0 50 43 22 8 8 30 40 
33 29 8 47 0 23 5 45 22 36 48 
1 40 40 35 43 0 21 20 39 18 45 
41 29 41 23 32 36 0 33 34 21 36 
22 4 38 38 27 11 46 0 24 23 17 
10 38 42 32 39 29 32 34 0 8 22 
3 19 41 35 49 5 38 36 15 0 37 
23 11 2 50 26 47 2 2 9 33 0 
25 0 47 17 1 35 4 37 10 34 4 
5 49 0 27 50 34 3 14 3 39 23 
23 11 9 0 37 45 50 36 42 6 42 
27 30 26 26 0 47 6 3 41 1 46 
18 29 2 12 33 0 24 35 3 17 23 
34 49 14 37 10 15 0 38 30 6 36 
18 45 4 42 27 25 24 0 2 3 28 
1 23 3 44 5 44 9 48 0 4 22 
15 34 25 34 9 28 16 40 16 0 33 
19 23 35 15 28 23 26 11 36 9 0 
1 0 33 50 40 22 11 47 21 32 16 
7 41 0 27 35 21 34 21 20 34 49 
9 35 36 0 20 9 28 39 39 16 33 
19 49 12 46 0 21 32 35 35 12 48 
32 46 9 50 26 0 29 47 50 44 44 
3 6 28 38 50 17 0 48 30 32 45 
23 8 5 49 48 9 29 0 31 14 40 
50 36 9 36 17 14 26 37 0 44 31 
31 39 45 23 31 14 22 25 46 0 5 
35 5 4 18 26 24 41 10 3 18 0 
50 0 16 36 5 44 17 48 42 21 37 
41 11 0 36 1 14 35 14 33 19 34 
38 4 35 0 10 5 46 32 41 10 44 
23 17 35 27 0 31 16 3 41 29 14 
17 30 5 10 15 0 25 19 4 4 42 
11 8 42 19 31 46 0 31 27 1 48 
36 7 33 28 14 24 27 0 10 20 49 
32 23 5 5 18 9 50 26 0 45 30 
28 29 38 19 33 16 25 16 47 0 36 
35 27 41 31 29 10 48 28 47 41 0 
49 0 9 34 5 10 38 4 38 1 22 
47 6 0 32 21 21 7 19 14 45 48 
50 11 14 0 35 15 6 33 24 26 8 
12 23 29 5 0 32 20 45 34 9 45 
13 38 15 25 39 0 29 45 20 11 22 
42 34 33 49 42 38 0 46 49 41 5 
6 30 12 44 11 25 28 0 28 39 1 
13 36 6 50 36 12 46 39 0 47 36 
12 13 14 5 17 29 40 30 14 0 44 
24 47 44 5 40 34 27 22 14 15 0 
2 0 18 32 10 10 7 28 33 14 30 
43 7 0 3 5 44 43 16 7 28 33 
35 48 14 0 45 28 16 43 2 11 3 
36 24 25 32 0 35 44 32 4 45 10 
1 7 16 34 2 0 17 44 39 11 47 
18 20 45 31 30 4 0 4 37 33 44 
14 27 23 12 45 19 32 0 22 20 50 
12 13 13 18 33 29 33 31 0 44 11 
23 4 41 14 35 16 30 44 2 0 32 
41 46 22 2 47 24 34 5 40 33 0 
35 0 23 20 12 36 6 8 27 49 2 
22 24 0 43 22 22 11 37 10 28 30 
39 38 20 0 38 10 16 41 11 22 9 
45 28 41 11 0 26 50 35 29 28 30 
8 3 46 50 11 0 17 3 50 30 36 
38 25 28 10 44 47 0 4 32 2 20 
15 47 6 41 8 44 33 0 33 47 23 
27 8 32 48 22 37 43 20 0 28 44 
14 42 32 36 21 20 1 32 17 0 29 
47 3 28 8 15 11 48 6 43 18 0 
34 0 20 4 7 10 31 44 30 38 8 
5 34 0 4 9 7 24 16 21 20 39 
43 2 16 0 18 27 24 31 25 34 12 
40 38 28 11 0 10 44 39 25 27 40 
27 22 44 10 25 0 13 49 19 2 42 
46 28 36 5 25 32 0 5 36 31 36 
1 20 46 27 19 17 7 0 44 50 13 
36 41 44 30 12 22 9 7 0 44 14 
25 12 23 43 16 13 2 24 37 0 28 
40 3 45 41 40 8 26 17 41 8 0 
