29
23
28 0 20 5 2 10 48 44 46 5 7 44 22 4 7 38 17 14 34 16 10 17 2 21 
24 10 0 8 32 40 47 7 34 5 1 35 43 11 37 5 3 12 21 23 38 48 40 3 
22 20 9 0 36 25 28 30 38 17 27 49 31 43 2 16 4 50 49 24 40 22 19 15 
27 30 9 31 0 5 39 45 14 24 35 7 37 12 32 11 32 6 25 14 19 16 13 7 
12 2 46 18 24 0 39 25 50 32 3 6 32 7 17 47 26 49 23 13 25 46 37 16 
4 23 40 18 18 15 0 9 1 49 15 24 47 30 10 22 22 26 50 35 26 34 7 50 
5 16 10 50 15 46 3 0 38 11 26 36 42 46 35 22 8 35 24 3 7 18 33 20 
17 17 28 1 38 26 11 12 0 32 48 24 35 2 8 16 44 5 47 28 14 22 45 18 
27 38 4 43 50 3 32 50 32 0 22 46 44 33 38 46 15 12 50 15 4 44 23 50 
20 50 20 30 48 10 41 20 48 23 0 49 2 14 34 34 12 10 1 48 42 14 6 15 
33 7 10 32 16 15 8 41 24 5 38 0 35 43 31 23 34 40 42 3 48 22 35 36 
32 32 29 39 5 4 47 31 37 15 36 37 0 23 39 29 26 6 41 32 25 47 27 50 
41 31 37 17 8 1 11 8 44 49 21 29 1 0 37 26 3 38 28 24 2 20 8 45 
1 46 12 17 48 8 40 10 40 6 33 38 8 19 0 37 39 31 26 7 43 38 2 11 
29 39 30 39 45 48 24 25 30 34 37 37 22 46 34 0 13 1 4 40 32 24 18 50 
18 34 1 39 44 26 14 16 7 49 36 34 29 19 20 46 0 12 16 31 3 5 22 33 
16 43 47 13 6 39 49 21 38 11 39 12 5 44 10 31 50 0 16 19 30 38 37 13 
6 45 32 8 28 16 43 16 45 46 2 36 46 47 13 8 27 8 0 29 48 23 40 7 
15 3 3 36 32 38 37 42 45 30 31 41 19 25 31 22 5 45 46 0 45 16 4 9 
15 34 37 9 42 23 10 39 40 17 39 17 6 26 31 12 29 9 4 7 0 7 16 6 
45 34 46 37 25 4 28 45 41 12 44 39 2 45 29 45 20 36 41 41 25 0 31 9 
26 47 24 33 18 37 12 47 2 50 29 42 26 47 37 36 35 13 22 48 5 12 0 38 
29 17 50 14 35 21 16 25 32 15 25 21 40 1 21 11 9 30 16 42 40 24 4 0 
4 0 48 34 1 7 28 3 33 4 14 10 46 16 19 23 28 27 37 25 48 27 1 27 
47 35 0 14 3 14 18 40 21 49 6 14 46 16 2 21 9 47 29 32 22 7 31 5 
6 43 36 0 2 40 6 15 27 28 4 22 37 16 43 26 40 16 15 44 12 41 3 23 
8 27 7 28 0 28 20 45 30 20 16 30 9 11 28 17 1 15 34 30 37 42 45 15 
5 16 22 39 17 0 7 14 20 15 3 20 29 26 33 28 38 7 33 25 2 21 36 35 
16 13 49 14 29 28 0 11 17 32 13 12 2 12 7 31 28 23 7 46 15 7 41 49 
41 18 38 46 23 4 18 0 44 44 19 32 6 27 19 43 36 42 5 36 39 17 14 32 
16 32 27 5 2 46 25 21 0 29 25 14 9 47 41 33 39 13 14 19 18 34 31 1 
5 10 30 21 5 11 21 3 33 0 27 37 23 15 47 50 16 49 19 48 4 32 13 10 
47 45 10 16 24 25 48 46 49 35 0 32 22 45 23 25 21 10 9 23 31 32 11 19 
18 43 14 49 21 50 36 28 20 43 50 0 33 27 45 46 48 29 36 31 39 38 34 25 
5 44 24 48 39 46 9 33 29 37 26 43 0 23 10 27 27 47 14 8 13 30 45 40 
49 27 15 12 44 46 1 23 32 35 18 9 5 0 47 2 48 32 11 11 22 47 1 2 
23 38 2 9 35 25 30 22 46 10 4 26 21 24 0 35 15 37 29 15 45 8 6 2 
22 30 46 16 27 2 20 24 44 48 25 43 24 43 37 0 17 48 3 14 23 49 1 22 
31 24 48 46 24 44 32 7 45 18 37 31 30 40 10 4 0 20 27 37 11 28 47 32 
11 23 1 12 18 42 45 34 3 21 9 15 43 29 7 46 31 0 12 42 31 26 38 12 
7 28 39 50 44 46 13 40 44 35 43 38 23 23 32 15 15 50 0 34 35 10 21 25 
17 25 14 31 7 50 37 16 7 24 11 44 35 30 43 1 38 40 32 0 15 30 50 42 
34 24 49 47 27 31 42 4 3 37 3 22 25 31 15 7 40 8 20 37 0 15 12 29 
48 36 23 50 46 45 29 7 46 17 34 30 8 8 4 10 35 16 20 9 8 0 32 8 
19 20 24 34 42 7 11 14 27 23 46 2 12 5 32 46 10 24 30 8 5 41 0 2 
8 49 37 49 35 22 45 4 21 16 28 5 30 23 11 38 50 35 3 8 8 12 7 0 
43 0 6 4 20 11 35 29 25 4 28 18 16 36 5 9 26 43 33 20 25 36 34 1 
2 23 0 49 37 30 23 2 34 45 46 43 45 44 31 2 34 19 43 42 24 27 12 7 
26 33 42 0 10 10 25 39 38 21 9 6 3 47 12 48 49 2 2 45 24 21 43 11 
15 45 42 49 0 1 33 45 11 24 40 16 24 5 38 14 42 9 7 9 22 37 39 29 
5 23 21 45 40 0 23 32 39 37 33 23 28 15 19 26 38 6 27 49 32 14 31 39 
44 11 39 10 36 18 0 12 21 25 27 17 38 27 30 39 5 38 42 1 30 41 32 11 
49 24 34 19 4 46 38 0 7 16 24 34 28 34 1 13 47 22 25 12 48 1 49 32 
50 9 17 22 11 40 13 2 0 48 12 50 40 37 3 49 9 26 37 21 1 14 43 3 
5 5 26 46 30 5 30 34 11 0 1 43 34 11 37 24 28 17 4 22 37 16 34 11 
27 44 23 17 37 12 31 48 18 7 0 6 13 18 36 45 33 48 18 28 40 39 44 19 
38 23 2 9 4 48 42 6 37 22 44 0 49 3 7 38 44 23 31 4 25 28 5 25 
7 43 23 21 25 19 38 44 23 33 25 36 0 45 35 4 27 50 26 1 20 41 24 37 
43 27 10 25 6 10 36 19 42 34 48 46 17 0 32 28 18 37 49 28 22 17 28 22 
44 9 20 4 4 50 28 36 34 33 7 30 44 16 0 45 33 35 37 14 34 3 47 40 
37 46 23 9 14 21 14 3 20 15 6 16 16 37 6 0 32 20 15 48 15 13 10 2 
34 2 43 17 43 35 3 45 20 47 20 33 9 32 41 14 0 16 20 31 37 15 39 50 
29 47 30 6 45 20 5 33 28 27 44 40 7 21 5 21 19 0 18 21 37 19 47 4 
47 1 29 1 33 45 33 24 37 45 2 15 20 14 29 9 25 15 0 15 43 6 16 42 
35 44 11 49 12 19 45 3 31 32 43 33 6 16 20 23 38 45 4 0 7 45 5 7 
35 8 40 10 46 22 5 5 49 32 9 45 8 22 46 21 5 43 42 22 0 33 28 32 
23 43 6 43 28 48 3 9 47 30 37 27 42 23 10 49 32 27 28 45 1 0 48 22 
12 2 42 25 49 14 4 34 24 8 27 17 17 41 30 28 7 47 23 12 16 21 0 45 
5 49 45 44 11 45 6 34 31 26 22 44 41 36 24 4 45 44 46 14 20 16 6 0 
44 0 9 2 50 21 49 29 37 7 42 7 38 26 4 21 43 39 18 25 46 42 46 47 
39 42 0 34 43 28 18 20 8 26 39 44 2 36 10 46 35 35 3 40 15 3 35 49 
48 1 25 0 2 7 46 45 20 15 48 13 13 8 38 7 1 19 38 35 31 49 33 2 
35 33 44 34 0 40 44 3 31 44 4 44 36 42 3 16 13 12 31 19 30 5 23 47 
38 48 29 2 21 0 28 18 5 50 16 49 41 19 14 13 6 27 13 17 19 9 15 2 
15 49 3 25 23 50 0 30 4 48 12 37 6 36 11 43 32 4 27 50 44 21 44 13 
48 49 50 26 43 18 38 0 5 39 23 47 15 4 18 3 46 6 20 12 1 29 33 8 
28 45 35 31 14 43 10 22 0 31 22 36 6 26 24 24 38 37 11 8 49 34 39 47 
40 15 1 32 45 24 10 43 34 0 16 42 23 31 9 37 25 13 29 2 17 44 18 12 
27 22 32 33 26 41 22 35 25 39 0 49 46 16 13 12 15 48 22 29 2 41 35 2 
44 30 50 36 45 20 32 22 3 22 3 0 24 10 14 42 34 2 13 31 17 34 32 14 
22 12 2 14 4 46 15 16 22 43 21 38 0 3 27 5 27 16 43 17 46 24 14 40 
2 2 7 38 28 40 10 18 18 12 17 29 25 0 44 6 29 27 39 7 32 32 39 26 
39 8 47 37 16 25 17 37 41 8 22 50 13 48 0 9 37 27 12 25 3 27 37 48 
31 33 10 15 41 8 17 33 8 14 27 18 30 32 3 0 45 44 2 26 27 21 3 45 
44 31 19 2 31 20 8 36 49 3 10 17 4 7 10 26 0 29 24 26 15 37 36 31 
29 6 24 18 31 2 2 11 28 28 39 17 35 23 6 37 13 0 1 28 29 15 20 16 
50 39 34 26 47 3 45 39 9 9 50 40 47 7 3 27 35 48 0 43 33 39 15 40 
26 4 24 38 14 14 9 8 16 9 41 25 30 47 26 6 8 33 39 0 31 9 35 33 
9 30 11 25 44 31 23 38 27 35 49 8 23 23 16 32 26 50 1 34 0 31 7 33 
23 30 9 42 36 50 1 35 32 42 21 15 8 4 40 16 27 44 22 14 40 0 32 40 
4 33 42 2 14 31 8 1 3 3 47 38 45 35 39 38 39 27 50 17 17 2 0 8 
8 29 36 35 25 41 10 44 43 42 41 5 10 44 48 37 4 25 42 18 13 12 16 0 
46 0 31 38 7 34 37 41 15 23 3 25 35 24 28 47 33 11 44 10 5 46 4 31 
30 44 0 41 40 46 43 26 34 46 47 13 41 4 38 34 26 7 3 28 18 3 35 9 
24 10 8 0 42 32 25 4 8 21 42 1 8 13 43 47 45 22 48 19 30 39 12 37 
44 46 27 18 0 3 2 19 36 29 46 35 17 31 39 2 44 10 43 40 43 50 4 30 
21 34 10 9 6 0 21 34 5 21 13 24 15 46 5 8 1 6 2 6 23 13 29 26 
17 6 21 4 10 38 0 49 20 37 40 17 7 35 43 44 13 16 45 41 15 5 7 25 
7 40 2 42 34 41 45 0 32 18 43 8 44 4 35 17 24 18 22 44 38 25 29 49 
23 8 13 39 40 28 22 14 0 22 11 31 15 14 8 46 16 30 43 9 50 14 27 50 
41 29 49 22 23 43 11 20 1 0 28 42 30 35 22 2 5 4 46 29 36 33 23 21 
3 16 23 7 15 45 16 30 35 47 0 8 23 11 42 7 49 22 11 41 31 38 23 29 
11 45 28 38 6 4 36 41 17 18 9 0 46 6 1 37 47 25 35 48 8 33 27 49 
41 14 48 48 8 26 43 43 33 31 37 12 0 12 37 8 11 27 49 6 41 5 3 46 
1 49 36 15 16 46 40 15 47 35 46 38 25 0 8 7 29 16 25 26 26 16 19 39 
25 11 18 24 22 9 27 36 44 39 18 47 49 23 0 11 27 47 43 16 41 28 17 50 
33 3 21 21 41 17 30 28 31 33 11 11 4 49 22 0 19 6 20 50 3 49 7 12 
8 7 5 49 29 33 50 28 12 9 11 35 22 1 39 37 0 20 15 11 38 14 39 12 
7 28 25 25 10 22 29 15 1 27 42 13 15 36 18 1 45 0 32 5 50 3 44 15 
1 18 18 34 30 38 38 20 48 20 45 48 22 4 9 40 7 34 0 45 11 9 30 39 
25 1 3 14 17 7 9 40 9 14 14 25 7 43 38 49 27 13 8 0 44 44 20 38 
47 48 37 42 49 16 9 33 7 21 30 44 33 28 25 22 13 39 31 37 0 34 8 30 
2 47 19 35 18 48 1 37 46 5 14 6 17 30 15 11 24 1 32 8 4 0 28 50 
6 21 2 42 45 5 13 34 4 39 18 36 45 30 32 41 36 6 35 34 39 20 0 22 
9 42 49 29 7 37 3 1 27 24 48 14 14 16 7 7 32 33 21 10 18 49 45 0 
20 0 32 43 10 46 2 19 44 11 37 50 44 50 47 27 6 48 2 38 41 12 47 17 
18 26 0 29 49 4 2 19 10 5 10 47 29 48 15 28 7 49 8 30 38 27 15 22 
8 11 6 0 27 24 9 30 8 34 24 15 25 34 18 4 16 43 43 27 45 35 3 18 
29 42 21 45 0 39 34 32 9 40 4 4 22 38 48 25 45 2 26 2 13 5 33 41 
44 40 46 43 38 0 46 1 21 38 5 43 27 36 4 14 41 25 3 15 26 22 31 46 
16 18 18 48 25 19 0 34 40 13 47 1 28 5 44 41 45 14 40 33 16 18 45 21 
40 42 38 36 27 11 41 0 7 20 13 44 31 25 20 49 26 2 4 15 31 30 35 27 
9 47 35 9 2 37 39 15 0 29 21 47 29 7 37 33 8 30 23 41 32 15 12 14 
16 25 15 14 32 13 4 15 42 0 5 15 29 39 42 3 40 21 31 48 16 10 28 41 
42 39 19 47 35 8 40 4 12 48 0 34 19 34 37 23 8 3 26 6 6 25 42 8 
45 16 28 33 20 2 17 46 4 38 35 0 24 25 13 16 19 8 2 2 4 32 5 23 
19 4 48 24 46 41 5 23 17 1 31 25 0 32 8 26 20 2 46 3 31 32 50 14 
48 45 38 8 49 4 23 39 27 40 43 9 30 0 23 28 22 6 49 16 18 24 45 39 
35 11 32 33 50 9 29 25 42 19 41 50 29 9 0 33 7 19 44 12 5 36 39 49 
46 48 25 24 47 33 17 32 40 4 7 3 47 17 22 0 24 31 48 16 2 41 40 23 
50 13 23 43 47 25 12 41 3 47 12 36 36 26 35 33 0 43 26 37 1 47 22 6 
37 40 47 20 32 7 21 37 9 7 25 25 11 24 40 20 8 0 29 14 4 7 35 31 
37 48 46 16 23 27 4 40 27 28 8 37 4 1 5 30 34 33 0 10 4 30 11 1 
24 9 3 6 30 22 33 19 50 2 9 10 23 36 42 48 11 5 18 0 48 48 4 38 
37 20 4 49 30 22 47 31 2 26 48 23 7 21 21 25 18 45 10 8 0 35 45 41 
33 44 43 36 50 50 12 14 3 20 21 17 37 27 23 3 48 4 22 7 35 0 25 14 
35 27 40 31 50 4 39 47 4 42 30 21 6 38 36 47 32 40 13 45 3 36 0 4 
35 49 46 42 13 4 14 39 7 8 31 9 10 11 19 13 11 15 24 18 25 7 6 0 
18 0 16 12 7 40 17 22 31 12 49 23 5 32 5 12 27 43 41 4 24 13 25 30 
27 37 0 13 28 3 31 30 19 29 28 43 28 27 1 47 24 22 35 28 19 10 37 6 
38 8 49 0 39 31 28 22 34 43 43 37 36 21 27 40 20 1 32 31 44 27 40 27 
36 26 47 17 0 32 40 36 7 20 40 31 26 20 4 42 50 42 8 45 1 35 40 15 
26 48 32 15 28 0 38 30 43 30 49 31 14 13 35 11 40 45 8 37 17 46 41 1 
20 17 9 33 39 37 0 32 39 43 46 11 21 19 50 25 8 20 40 48 2 28 39 40 
30 15 31 18 1 44 49 0 24 20 36 47 13 49 20 5 41 7 48 10 39 19 2 15 
43 41 20 50 18 28 49 40 0 23 32 27 29 18 9 20 32 46 44 23 42 35 22 38 
27 39 15 49 42 5 19 50 22 0 28 1 39 28 31 44 31 46 21 47 25 32 22 41 
37 33 37 16 14 46 46 11 30 21 0 3 44 11 3 29 8 35 5 32 5 2 17 20 
42 1 2 13 27 21 38 48 7 5 49 0 28 17 5 39 6 5 27 18 21 19 25 38 
34 28 18 14 12 20 50 18 40 20 13 45 0 15 12 33 20 40 42 23 46 40 13 26 
13 3 47 50 28 29 34 47 2 18 14 19 35 0 9 7 27 28 7 37 10 8 4 10 
24 44 22 8 29 30 46 29 48 22 3 6 12 16 0 21 23 39 6 24 12 28 2 43 
48 11 33 16 45 40 3 4 18 9 44 23 6 6 22 0 6 17 7 39 17 48 33 4 
46 12 8 35 49 4 35 43 32 23 1 24 47 46 14 1 0 40 46 19 36 47 18 43 
15 18 18 1 7 5 40 36 46 16 8 38 5 38 5 5 50 0 34 17 12 1 5 32 
25 11 4 6 49 22 30 48 7 28 19 43 18 31 3 28 38 42 0 38 5 9 40 8 
10 14 36 41 19 2 31 6 42 11 36 43 41 4 50 42 14 17 19 0 2 10 36 45 
38 24 48 7 30 21 14 50 24 36 3 45 43 14 31 12 46 26 23 27 0 33 32 38 
13 24 39 1 24 39 40 38 49 24 19 48 17 21 46 1 36 29 11 13 8 0 38 10 
8 29 34 6 24 26 38 10 13 7 36 35 33 42 20 41 12 34 48 5 21 24 0 16 
14 41 50 25 37 49 23 19 31 26 15 32 22 40 33 17 13 11 15 7 41 31 37 0 
13 0 10 16 39 49 30 10 33 39 34 14 21 16 24 1 1 11 41 39 6 10 19 10 
49 1 0 29 17 36 45 7 18 25 33 5 38 16 21 10 24 39 22 43 26 48 9 20 
18 44 13 0 10 4 16 3 26 27 45 50 18 38 21 13 25 39 33 17 39 38 12 37 
36 31 1 17 0 50 34 17 44 13 40 31 12 24 24 35 3 2 22 7 28 44 16 3 
23 4 27 48 5 0 43 31 21 33 7 7 27 30 3 49 4 43 11 1 38 29 7 9 
39 1 4 30 16 17 0 31 34 43 21 28 29 14 23 37 12 1 32 20 49 5 18 47 
6 1 3 19 15 18 43 0 28 25 16 45 38 47 1 14 16 4 2 23 14 7 2 24 
36 31 6 49 50 6 10 8 0 5 22 5 49 29 14 49 17 17 1 43 4 14 20 36 
40 11 38 17 16 48 33 4 40 0 4 27 17 38 10 19 43 22 16 8 41 17 42 3 
35 3 5 36 7 14 15 49 11 17 0 46 16 38 13 40 44 11 22 19 16 45 3 47 
11 7 48 8 21 39 6 29 19 49 9 0 4 15 11 12 27 40 25 6 17 1 43 44 
31 31 33 22 47 19 49 27 8 33 6 45 0 29 9 6 45 11 5 38 27 18 30 9 
26 33 49 46 29 41 40 36 46 19 14 17 27 0 39 17 9 11 21 22 1 22 9 17 
34 18 34 31 46 12 14 16 26 2 22 7 40 49 0 23 20 37 19 47 11 27 15 42 
30 6 44 46 28 7 47 29 38 18 16 16 29 45 10 0 45 24 33 3 38 16 6 32 
27 11 38 1 36 33 25 48 41 19 26 5 25 2 17 36 0 10 30 23 34 40 24 34 
45 26 27 24 23 28 24 28 27 24 25 17 35 41 7 11 47 0 14 20 25 47 3 40 
36 43 8 47 43 9 43 22 43 4 28 43 25 10 9 2 20 17 0 42 50 32 1 35 
32 46 4 19 27 21 20 49 37 43 36 42 32 16 32 32 20 34 3 0 33 14 8 48 
32 2 38 12 50 9 6 4 9 35 8 26 2 40 40 17 1 23 5 42 0 1 40 19 
28 37 39 36 23 16 29 19 22 25 48 23 18 39 9 21 41 32 39 28 7 0 24 40 
30 42 30 17 2 10 10 17 48 43 34 10 26 11 23 33 38 31 17 37 2 4 0 18 
22 28 42 3 14 10 12 12 12 5 47 9 44 43 50 27 9 12 9 1 30 35 30 0 
34 0 10 18 49 2 47 40 37 39 27 25 9 40 11 8 46 7 36 31 22 6 29 2 
30 41 0 39 4 8 25 44 4 38 38 49 9 43 47 12 10 16 23 19 9 33 19 35 
11 17 2 0 17 3 15 50 13 25 6 8 38 8 14 44 33 12 46 23 38 21 41 2 
15 50 45 27 0 16 50 37 20 19 11 7 29 37 7 9 41 40 38 25 25 3 36 9 
4 46 22 40 7 0 14 11 32 14 20 15 37 18 8 39 35 14 38 36 39 28 2 36 
7 26 4 5 34 50 0 46 16 50 30 42 41 31 44 10 30 6 9 30 44 9 23 20 
42 34 1 4 12 38 18 0 47 32 3 11 16 15 4 10 28 33 18 4 16 8 27 17 
9 42 4 8 30 31 48 8 0 28 35 6 12 22 33 46 35 29 32 34 10 38 21 28 
46 26 47 32 48 26 5 7 13 0 16 17 43 13 8 30 38 16 34 45 33 32 9 43 
39 45 37 33 26 34 24 17 29 39 0 14 9 33 34 50 1 32 23 28 44 47 5 41 
34 27 50 45 18 27 43 38 47 37 34 0 8 37 12 44 30 23 39 49 38 5 50 49 
48 4 17 34 14 10 4 16 46 34 5 3 0 6 26 40 7 41 36 1 17 23 49 26 
13 39 39 44 5 6 48 18 37 35 29 3 41 0 2 43 30 28 43 22 39 25 33 10 
38 4 34 32 9 2 4 33 27 49 29 4 46 25 0 17 49 11 48 17 18 18 28 24 
49 6 48 7 24 24 1 11 2 31 30 2 40 22 24 0 39 16 33 3 2 4 13 48 
48 6 12 45 12 41 8 15 42 10 31 36 27 12 46 31 0 9 26 39 27 24 16 23 
28 28 37 10 1 36 16 27 21 36 9 1 1 13 30 40 21 0 44 17 39 43 10 36 
47 28 21 3 44 27 15 36 25 33 33 34 17 25 31 8 30 26 0 33 11 1 19 12 
46 19 29 36 19 34 8 28 31 19 42 41 32 31 33 23 1 6 50 0 35 18 18 29 
14 16 40 37 37 14 10 49 36 29 17 26 35 15 41 47 3 17 6 3 0 16 25 35 
50 27 47 4 33 5 2 35 44 28 40 16 21 30 48 21 14 21 20 7 12 0 16 6 
48 8 11 10 47 18 13 15 13 39 31 41 10 40 11 28 45 34 45 23 48 46 0 49 
20 17 6 47 42 33 47 18 23 34 22 50 46 23 46 5 17 31 14 28 28 40 40 0 
38 0 31 4 43 26 24 18 44 8 3 9 41 43 42 22 22 32 17 21 9 7 39 41 
15 5 0 49 30 28 43 35 18 22 30 28 19 16 38 40 22 45 5 41 14 47 37 32 
4 14 46 0 9 32 12 8 32 33 50 41 40 39 27 45 41 1 24 35 38 11 15 23 
6 35 43 45 0 26 4 17 25 44 28 24 45 16 32 34 4 7 15 49 46 20 26 48 
2 45 1 15 40 0 41 13 50 22 40 41 40 24 40 17 32 28 16 25 47 12 15 32 
29 9 17 21 29 24 0 13 19 4 31 37 41 50 26 40 28 35 32 29 3 6 25 42 
11 15 41 33 21 30 45 0 29 37 37 14 22 6 23 21 34 27 9 21 37 10 37 49 
17 6 39 39 40 16 34 13 0 26 4 17 7 7 38 41 42 39 10 3 1 4 37 4 
35 5 15 48 3 44 36 39 33 0 24 16 24 28 33 42 6 14 4 24 38 19 39 17 
14 46 36 17 32 28 7 37 45 31 0 3 5 34 26 18 31 20 41 16 35 34 41 15 
14 10 48 4 40 48 30 50 36 46 38 0 1 2 17 28 4 11 26 38 21 43 25 29 
8 30 46 23 5 47 3 5 34 24 32 23 0 7 35 24 18 39 15 32 18 9 46 25 
16 14 43 38 6 9 46 21 22 39 32 40 25 0 44 26 26 3 33 42 5 28 21 45 
21 19 37 8 49 6 12 8 20 12 5 30 9 13 0 10 48 46 38 4 10 34 26 46 
50 25 14 40 29 35 18 42 48 46 20 22 19 19 2 0 48 15 11 31 12 28 20 14 
17 13 43 36 46 18 25 12 11 45 24 38 33 36 17 33 0 24 3 21 8 35 39 41 
42 29 45 41 39 49 4 15 18 31 12 47 27 37 49 22 25 0 24 35 10 28 45 32 
19 12 49 28 8 9 8 12 30 29 23 2 8 2 27 36 13 8 0 30 7 7 22 40 
40 47 25 32 47 34 1 30 13 48 48 26 30 40 22 46 7 11 19 0 33 18 5 35 
42 20 48 38 22 3 49 39 25 47 23 10 32 33 27 12 28 29 49 10 0 5 10 26 
48 46 42 12 23 47 39 40 22 36 12 34 13 49 47 29 28 15 10 23 30 0 7 31 
40 14 30 49 41 4 20 45 31 32 44 1 42 31 41 26 42 37 7 1 24 20 0 50 
15 13 32 1 22 45 46 38 47 41 16 2 49 44 48 48 37 3 41 31 2 19 48 0 
5 0 48 37 40 18 37 23 6 7 21 14 15 36 9 3 48 1 36 45 47 10 27 29 
43 32 0 45 39 20 49 34 39 48 46 15 28 3 36 6 28 2 24 35 9 32 35 29 
12 40 35 0 6 41 46 8 23 39 28 20 44 8 23 48 3 8 24 32 17 20 21 31 
50 12 45 8 0 44 23 26 19 48 9 4 34 50 36 44 43 44 41 24 27 1 34 42 
48 6 4 22 28 0 35 1 19 10 41 9 35 44 46 38 14 50 13 10 22 36 5 40 
49 17 14 31 38 26 0 46 45 31 17 21 48 3 40 2 48 34 47 40 45 43 41 2 
1 48 6 27 25 14 41 0 12 6 44 17 5 5 14 5 13 43 14 47 28 18 23 49 
36 25 48 15 27 26 46 11 0 48 8 16 14 34 33 49 22 31 40 5 15 5 37 36 
48 35 30 35 47 31 46 14 34 0 28 50 21 3 28 49 15 37 10 34 19 48 39 1 
21 31 45 43 17 38 14 9 44 50 0 39 50 31 47 41 49 30 2 45 32 36 35 12 
47 44 32 26 19 5 22 18 39 9 34 0 9 5 3 38 30 26 21 20 6 22 14 28 
19 18 47 11 4 18 3 7 15 36 19 49 0 49 36 13 45 4 23 33 1 41 47 39 
37 47 42 22 19 12 17 30 41 33 17 14 8 0 23 45 18 50 36 3 20 24 37 5 
39 45 13 26 17 33 39 13 37 22 30 10 15 12 0 47 34 46 49 7 28 16 33 22 
6 23 9 5 33 16 39 28 15 1 42 4 28 6 36 0 50 47 2 20 30 42 28 13 
30 7 4 2 7 21 17 9 39 7 23 8 4 8 28 7 0 48 49 44 15 10 24 9 
19 29 10 50 10 26 47 3 31 28 11 30 49 30 15 32 8 0 48 42 3 47 5 49 
33 43 19 46 23 32 49 14 3 7 48 35 24 48 22 8 33 43 0 4 43 31 44 29 
30 28 34 17 37 17 19 21 12 14 30 28 7 41 31 25 22 32 15 0 8 24 1 45 
41 35 37 41 10 11 44 13 19 40 15 40 19 39 16 12 47 35 36 37 0 22 44 21 
15 17 3 19 33 11 17 36 5 29 33 43 32 1 27 10 11 18 2 12 38 0 43 2 
13 36 6 21 18 24 38 15 24 48 15 22 24 7 43 11 3 2 4 10 12 36 0 47 
35 12 20 25 26 19 20 32 33 22 16 41 33 28 41 49 13 18 14 10 45 17 29 0 
3 0 3 19 8 50 10 35 34 40 27 39 22 9 49 49 12 46 4 16 33 50 9 17 
10 34 0 12 4 42 42 48 27 2 18 33 18 23 8 12 21 23 48 39 26 14 44 6 
32 50 14 0 6 19 6 30 34 29 44 36 9 24 38 6 44 42 42 1 38 4 26 31 
27 5 35 33 0 44 35 12 33 3 17 28 31 4 28 37 30 21 22 34 4 24 37 50 
39 34 17 5 47 0 35 14 7 3 6 20 37 2 35 23 37 50 18 12 33 43 46 8 
3 16 6 13 30 16 0 20 22 8 41 6 47 50 27 31 15 49 40 10 26 25 35 42 
35 46 48 36 35 37 13 0 4 7 43 27 15 40 41 23 35 41 33 34 12 47 47 39 
24 10 19 3 14 44 33 21 0 33 18 25 21 17 32 31 36 36 46 37 49 4 24 13 
41 24 27 6 20 43 41 23 45 0 39 8 25 26 16 34 50 10 25 23 44 47 16 21 
6 3 11 48 49 17 11 48 35 50 0 48 29 29 37 39 14 28 43 45 30 32 10 7 
5 20 2 47 28 24 32 31 17 26 4 0 21 3 9 45 42 7 35 42 23 26 29 38 
6 13 22 12 45 1 2 36 39 46 46 7 0 29 48 21 34 25 3 20 31 3 25 16 
37 5 34 1 39 46 41 37 32 26 33 47 34 0 6 13 38 30 15 40 16 26 8 3 
17 45 36 2 17 21 7 48 35 31 47 36 8 11 0 50 14 40 48 10 14 31 47 1 
37 28 13 16 40 17 14 10 41 29 3 17 7 4 45 0 24 17 26 29 48 16 38 21 
5 27 30 2 1 19 16 44 22 21 44 49 25 5 5 17 0 31 22 22 6 7 5 45 
44 10 46 24 43 39 3 49 36 50 7 8 39 10 16 14 42 0 26 36 31 46 13 5 
21 20 12 9 48 27 45 32 15 1 32 36 42 5 45 23 5 20 0 23 9 49 19 48 
16 8 16 9 30 31 21 24 49 32 6 26 5 31 31 5 23 42 18 0 42 7 7 24 
24 9 47 3 31 12 24 5 6 2 22 46 2 32 18 15 2 44 27 34 0 5 37 29 
41 42 25 15 50 18 32 27 41 10 34 43 50 34 29 41 13 26 28 50 24 0 34 36 
29 24 5 27 17 48 31 24 20 38 30 7 11 6 48 25 37 25 26 31 37 19 0 40 
18 32 24 4 15 9 28 38 6 8 7 47 41 45 41 16 30 11 36 14 5 21 27 0 
18 0 35 16 1 41 25 49 3 49 11 34 38 45 43 45 17 16 43 50 25 50 4 10 
7 30 0 46 10 46 20 2 5 35 48 5 6 19 50 8 37 13 7 5 9 36 8 8 
47 23 36 0 44 20 22 5 46 28 15 26 9 22 45 16 3 34 47 6 50 40 40 37 
26 18 9 6 0 38 18 46 45 24 50 23 50 37 11 27 32 33 30 2 28 42 44 41 
37 42 47 5 22 0 12 31 8 18 7 37 10 27 12 16 18 29 33 20 2 10 49 46 
30 42 8 16 24 20 0 39 13 46 32 28 23 15 41 14 25 34 44 42 5 44 1 1 
50 21 18 13 24 46 22 0 42 32 38 47 18 13 14 47 8 39 29 45 41 29 50 40 
2 28 15 8 37 9 18 44 0 2 29 42 8 46 6 7 16 17 24 40 46 35 19 23 
2 11 38 37 3 27 50 10 23 0 1 31 16 36 9 38 36 34 14 44 45 40 22 7 
1 2 32 14 28 18 39 4 5 34 0 5 14 48 49 23 16 18 3 20 19 7 15 40 
22 8 29 38 7 33 42 24 34 31 4 0 37 35 21 13 22 42 34 47 27 33 31 45 
41 38 12 49 26 42 20 3 50 37 12 11 0 7 50 31 33 22 13 10 22 34 44 13 
38 45 6 32 28 36 10 38 8 41 13 39 1 0 46 34 16 32 14 29 5 50 24 11 
7 22 12 2 26 14 23 10 12 47 25 24 5 21 0 11 43 18 40 49 5 20 44 12 
30 38 38 48 29 8 6 40 13 14 35 49 10 16 34 0 35 25 35 32 2 42 26 22 
30 45 21 22 12 15 1 20 41 13 11 33 15 39 17 45 0 3 7 7 12 11 20 22 
1 27 34 6 25 20 39 43 21 4 16 8 3 8 37 45 26 0 12 45 44 37 50 34 
20 46 8 40 29 46 35 15 12 10 24 21 45 28 10 27 50 3 0 20 41 29 49 31 
15 37 17 13 32 50 16 27 36 2 44 14 10 18 30 10 48 36 40 0 5 48 30 38 
42 17 17 36 45 42 17 10 5 21 15 44 4 13 33 4 15 46 34 38 0 19 2 15 
50 9 20 43 23 5 40 45 34 35 50 26 46 16 14 22 36 19 43 39 43 0 45 24 
27 48 15 33 25 10 15 42 19 40 3 17 27 25 50 45 5 16 27 32 9 4 0 38 
38 38 1 24 49 20 27 14 22 5 36 44 46 8 23 15 35 20 44 31 36 44 49 0 
37 0 47 37 25 38 24 16 14 15 24 10 28 45 25 36 16 22 42 27 32 13 42 32 
4 37 0 32 1 43 13 15 23 2 44 39 14 27 13 46 39 41 6 42 21 21 36 31 
28 41 50 0 4 23 39 10 13 37 46 16 33 38 6 23 24 2 50 1 8 34 6 11 
9 4 27 3 0 37 26 21 21 12 19 7 5 11 43 9 43 34 43 32 3 19 12 30 
8 34 18 32 41 0 21 20 29 47 23 31 41 50 46 36 24 37 16 25 5 15 32 2 
13 32 43 7 17 16 0 3 4 43 48 24 20 20 19 45 31 50 42 40 10 32 30 2 
10 48 48 19 45 37 44 0 7 16 26 32 6 50 48 14 4 14 45 19 38 44 26 26 
17 5 42 36 25 14 25 23 0 20 33 30 34 10 19 47 8 17 49 41 8 44 39 14 
45 33 36 38 27 15 14 43 9 0 34 22 32 14 3 2 19 44 42 4 12 23 21 15 
5 35 17 38 2 39 4 18 33 28 0 42 48 3 39 26 48 8 7 41 22 50 38 37 
33 5 16 31 48 17 41 27 41 25 19 0 32 3 10 28 12 4 5 16 40 5 23 6 
50 30 18 44 46 5 33 50 16 17 49 35 0 33 37 9 7 2 42 1 1 24 34 8 
23 38 31 46 37 17 34 49 33 10 50 17 2 0 30 23 45 23 9 26 3 15 5 26 
45 26 46 49 15 49 4 22 33 16 23 46 7 16 0 10 46 33 32 19 16 25 34 20 
8 28 29 47 29 43 49 31 43 18 13 36 21 42 19 0 19 50 29 38 17 2 30 35 
17 30 13 13 43 22 47 39 1 12 6 39 22 36 2 26 0 30 35 35 30 28 44 31 
39 4 15 13 19 38 37 17 19 28 44 13 17 16 30 6 10 0 47 30 13 25 16 4 
47 34 49 4 9 33 17 50 7 23 50 24 10 29 9 28 2 14 0 45 37 11 29 24 
35 10 50 29 25 33 49 32 6 24 1 18 30 21 34 29 35 3 29 0 37 40 18 42 
21 27 2 20 28 49 30 30 44 19 10 14 45 9 4 43 18 9 42 44 0 1 10 12 
29 7 19 36 11 35 33 43 34 18 18 30 3 24 14 21 34 27 45 7 49 0 20 8 
40 20 31 11 11 28 49 24 42 12 16 23 13 10 14 20 45 12 27 26 46 27 0 30 
2 20 4 38 9 18 6 3 13 9 49 30 16 30 25 22 15 36 44 27 19 38 1 0 
1 0 12 20 7 50 45 23 45 13 13 41 30 41 8 41 41 7 36 9 3 15 15 31 
48 41 0 21 41 13 41 2 1 12 15 19 4 26 39 11 6 8 41 15 37 17 26 1 
34 14 24 0 46 38 41 10 36 37 37 32 23 17 29 5 10 5 11 13 30 16 22 4 
15 2 47 31 0 2 12 50 28 14 23 41 38 27 39 45 15 10 3 30 33 18 45 17 
44 27 4 32 11 0 27 4 46 35 12 11 10 44 42 11 8 24 37 10 18 50 27 42 
28 21 10 47 3 28 0 36 40 37 20 36 3 4 49 31 40 2 11 27 6 27 17 30 
1 23 50 45 6 47 9 0 28 17 18 36 26 11 1 30 2 19 49 23 24 40 9 39 
7 10 44 47 8 8 24 22 0 15 12 42 9 25 4 33 31 43 29 43 19 36 18 24 
21 39 22 10 8 7 5 43 41 0 42 34 43 35 13 50 1 20 44 46 22 14 19 42 
6 49 36 19 30 46 47 41 4 40 0 37 24 9 36 49 16 16 10 20 2 18 41 11 
49 19 43 28 23 25 40 47 11 2 47 0 17 12 22 38 26 47 44 2 31 4 49 40 
42 15 22 29 31 12 44 18 25 16 39 38 0 1 37 18 25 17 14 43 26 22 12 20 
38 44 28 35 23 9 16 11 7 50 29 2 14 0 2 46 10 35 17 35 22 2 24 34 
38 39 30 20 36 17 11 23 18 30 46 35 36 4 0 27 21 10 9 5 32 39 22 36 
5 23 21 5 9 10 38 41 19 15 10 40 47 44 40 0 31 44 46 27 12 23 19 17 
11 6 9 46 26 13 47 42 46 17 4 25 47 15 12 3 0 14 31 40 27 21 26 14 
31 28 20 29 12 37 13 10 13 36 7 10 49 1 14 13 28 0 22 23 15 24 44 19 
43 16 33 43 14 32 33 42 47 36 43 28 19 6 35 36 5 34 0 7 41 40 40 6 
13 3 50 18 13 6 48 11 40 37 9 28 13 29 44 49 29 31 45 0 11 24 7 23 
46 8 43 37 18 32 18 3 30 4 11 20 41 14 14 21 37 49 25 3 0 41 11 28 
23 7 12 35 29 11 45 30 33 7 31 5 11 21 20 30 30 23 35 29 25 0 3 10 
3 35 15 10 9 12 49 4 32 35 30 20 30 7 48 40 43 35 24 29 14 11 0 10 
4 1 17 19 46 30 7 33 4 21 48 9 50 14 1 37 18 34 3 49 20 31 1 0 
41 0 24 33 34 42 44 1 25 46 43 26 12 9 42 44 4 25 25 3 26 49 32 48 
48 26 0 42 49 7 45 11 12 41 23 50 27 46 14 46 16 39 4 47 2 16 25 3 
42 46 25 0 31 29 25 17 6 2 9 26 35 9 1 46 45 30 36 31 36 39 10 15 
49 40 29 10 0 14 23 3 30 33 24 24 50 3 32 15 33 38 24 18 48 19 20 30 
38 16 44 9 18 0 17 35 40 14 33 31 26 41 50 15 3 34 50 29 44 11 35 1 
43 13 15 3 44 12 0 22 12 47 29 11 41 45 21 14 36 13 48 35 10 17 23 7 
25 33 23 21 35 49 40 0 27 19 3 15 1 46 3 14 42 28 43 22 34 48 30 10 
21 33 20 15 16 47 26 26 0 34 21 7 41 21 21 41 37 13 8 3 43 38 30 20 
18 33 49 6 8 17 46 39 10 0 45 24 3 39 16 35 24 30 43 28 31 31 40 12 
44 21 37 6 9 27 45 38 22 41 0 13 2 32 17 41 19 10 39 33 48 47 47 19 
3 22 29 35 23 50 11 49 40 29 22 0 6 36 21 11 37 12 15 7 3 12 26 14 
3 7 40 24 19 43 48 43 15 47 2 35 0 35 30 43 23 38 11 42 24 24 10 12 
6 49 49 2 21 34 41 45 8 27 9 26 29 0 34 27 43 7 42 37 7 9 34 36 
27 7 20 42 19 42 20 2 41 44 45 34 25 20 0 41 28 9 25 2 45 8 26 4 
15 40 12 18 36 33 38 4 4 22 14 22 45 2 42 0 22 4 38 25 19 33 34 50 
2 23 16 15 28 32 7 40 28 1 3 6 3 7 25 35 0 20 4 40 42 12 12 49 
47 26 18 3 49 8 34 8 22 31 41 10 45 20 19 10 22 0 47 33 37 21 42 47 
40 15 30 3 6 16 44 43 38 41 25 20 39 10 30 8 32 45 0 44 32 25 12 48 
30 16 1 44 19 45 30 26 28 5 30 28 39 20 5 28 43 29 39 0 3 20 20 1 
31 1 43 39 1 42 28 11 22 28 18 50 38 5 22 25 48 9 16 48 0 15 9 32 
41 39 28 17 1 4 37 10 28 10 15 21 44 27 7 29 34 50 45 9 1 0 21 20 
18 24 21 4 42 45 4 23 36 22 19 2 1 24 26 27 7 36 19 40 41 23 0 34 
29 49 41 31 32 48 21 1 32 21 19 10 44 31 1 45 15 24 37 29 50 26 25 0 
7 0 5 9 24 38 24 33 31 30 45 40 43 5 1 15 23 25 16 21 37 31 32 15 
32 47 0 7 41 4 16 4 45 35 4 24 35 26 24 25 33 28 50 40 40 16 5 39 
46 45 1 0 2 13 14 29 39 44 25 41 27 27 32 34 29 15 26 1 6 39 32 17 
39 49 1 33 0 44 38 42 43 50 28 9 11 46 4 15 42 31 6 16 30 10 36 47 
48 1 44 21 26 0 14 15 50 50 15 29 12 4 13 32 35 2 3 33 42 50 19 22 
38 26 1 35 20 50 0 24 2 7 4 2 3 32 1 17 16 29 35 28 9 46 18 43 
11 29 50 21 14 28 28 0 45 48 30 30 7 46 25 30 45 50 27 14 23 8 2 11 
50 35 35 37 5 7 23 10 0 26 21 34 40 6 21 29 10 24 30 10 5 23 3 45 
22 42 49 40 28 33 33 46 35 0 9 19 1 37 30 41 23 38 25 21 4 36 12 35 
24 25 22 17 40 44 49 48 38 47 0 41 13 46 6 18 45 27 44 26 49 32 38 20 
43 31 34 7 23 30 3 49 9 11 7 0 26 15 7 17 43 3 37 12 32 4 46 17 
46 17 20 31 44 11 11 13 4 37 5 29 0 36 7 37 26 18 35 48 33 3 39 31 
3 38 11 1 23 13 20 7 17 47 15 39 40 0 3 49 10 39 48 48 3 40 10 28 
31 37 16 11 44 47 6 14 14 7 37 18 44 34 0 11 38 1 34 30 39 33 22 19 
47 24 19 26 10 35 6 37 42 43 10 30 15 8 2 0 27 11 11 33 1 33 4 36 
6 26 29 10 48 19 10 22 46 10 19 19 38 25 21 47 0 30 9 21 45 25 34 5 
46 31 49 8 20 29 1 21 37 44 38 14 1 32 25 9 18 0 33 22 15 20 47 39 
15 2 40 15 4 43 12 9 11 22 22 33 29 49 12 40 43 46 0 39 32 26 50 12 
21 15 5 1 3 13 3 20 35 50 43 35 7 30 15 48 29 25 35 0 27 42 30 49 
47 10 7 43 29 20 32 15 13 15 41 20 50 49 43 10 47 9 3 37 0 33 36 15 
6 10 29 49 11 8 41 23 20 41 16 9 41 47 20 24 1 3 36 31 20 0 16 11 
15 49 37 16 39 19 40 43 17 11 45 2 34 1 22 22 7 22 42 21 29 34 0 41 
2 13 27 35 2 34 48 6 46 40 50 14 50 24 43 3 5 31 49 50 48 47 46 0 
37 0 24 30 32 29 9 28 45 32 32 9 35 3 13 35 38 9 19 5 50 12 35 37 
22 48 0 15 20 38 40 31 34 43 5 17 41 11 23 3 19 48 18 45 18 32 42 39 
40 40 20 0 44 41 31 43 48 35 3 37 8 34 15 39 40 5 2 49 16 31 36 23 
24 15 6 1 0 8 32 17 17 5 31 9 25 31 18 47 41 3 50 8 33 39 24 15 
19 4 9 28 40 0 17 34 26 9 4 18 47 30 35 31 36 16 18 36 33 28 26 41 
9 23 9 11 46 16 0 23 4 35 50 50 38 48 50 5 28 50 21 5 50 21 13 22 
18 6 23 15 43 16 3 0 42 38 44 13 50 6 31 6 39 11 37 1 34 48 30 48 
34 36 12 41 37 12 24 26 0 21 46 1 42 6 24 2 31 39 32 8 13 44 35 50 
49 47 44 33 44 14 20 30 24 0 38 9 40 29 31 26 17 31 14 19 43 4 5 40 
1 16 9 6 13 2 40 18 5 49 0 37 13 45 43 29 30 12 1 17 28 4 47 35 
23 50 14 16 28 49 25 43 46 45 7 0 43 18 36 8 8 28 35 21 5 41 43 19 
32 24 2 35 7 42 38 28 36 4 32 37 0 7 50 36 13 19 30 7 41 19 38 1 
12 45 5 44 39 44 34 43 44 31 32 32 43 0 26 14 19 1 9 17 21 39 37 49 
2 8 42 22 2 26 35 2 50 44 23 40 41 3 0 49 49 35 3 12 38 6 25 18 
44 38 6 11 7 33 2 17 12 26 46 4 36 47 22 0 32 18 10 29 32 39 20 36 
24 17 2 10 33 19 28 49 44 27 41 49 35 47 15 29 0 20 49 28 12 15 45 49 
14 3 13 21 44 29 27 44 30 24 2 32 45 5 23 19 48 0 34 27 2 27 45 48 
38 36 4 32 10 34 12 9 22 29 18 38 8 20 49 35 21 18 0 34 12 26 33 15 
21 24 48 30 30 28 38 44 23 19 5 26 35 41 48 18 11 19 15 0 31 4 27 17 
16 49 50 50 7 35 44 34 23 6 22 33 8 13 4 32 32 34 36 46 0 20 3 45 
14 45 23 50 24 44 11 3 11 44 7 32 31 30 29 31 9 30 35 32 21 0 14 8 
40 6 7 37 34 47 19 32 48 13 5 37 5 35 35 20 41 12 4 11 40 2 0 31 
23 3 4 4 27 17 35 21 25 50 38 34 45 17 7 28 6 43 13 9 19 27 43 0 
24 0 47 24 10 45 21 18 4 19 38 25 35 35 31 44 42 16 14 43 30 38 18 1 
40 4 0 35 35 48 19 27 43 12 46 10 30 7 4 7 41 1 8 47 19 46 21 33 
23 48 12 0 2 48 46 27 48 6 6 46 34 6 11 36 20 36 42 46 14 39 25 1 
38 38 9 23 0 42 22 41 50 6 20 22 12 38 37 17 30 48 35 49 4 25 11 20 
2 31 15 39 12 0 28 1 7 44 48 47 25 14 39 23 35 26 15 7 41 15 35 49 
49 33 19 13 49 29 0 41 22 27 27 19 7 43 28 34 30 22 5 13 28 14 41 13 
4 41 25 50 23 39 18 0 20 6 18 32 17 6 44 15 3 29 4 27 20 49 46 32 
31 8 43 36 35 37 2 7 0 35 8 21 15 22 24 29 18 33 10 7 13 40 11 12 
28 37 8 3 35 25 38 21 14 0 9 9 45 43 31 4 33 34 5 11 47 9 35 29 
44 29 50 37 44 11 42 33 43 20 0 47 15 49 28 34 17 33 48 37 7 7 14 30 
37 37 30 27 23 9 30 15 3 44 9 0 14 25 36 38 44 11 23 26 17 26 47 17 
5 6 1 38 29 50 22 28 23 31 49 13 0 50 15 35 19 25 13 5 44 21 41 14 
9 32 45 4 27 35 31 47 5 41 21 25 21 0 23 21 2 15 32 16 36 34 26 23 
38 30 26 4 1 4 21 3 46 14 42 42 7 34 0 47 46 44 43 34 45 23 30 40 
15 47 5 12 41 13 6 6 30 34 9 7 24 1 32 0 30 43 34 38 25 11 29 31 
15 18 19 37 23 44 50 31 1 9 41 12 7 47 42 31 0 41 41 9 12 9 48 27 
23 45 13 13 41 11 35 6 29 36 16 40 44 22 26 34 12 0 30 3 9 49 33 40 
25 34 2 4 47 35 3 17 23 18 42 46 43 11 32 10 21 16 0 4 13 27 41 7 
49 9 15 8 48 33 6 39 28 41 5 38 30 40 8 38 21 27 19 0 43 23 3 27 
34 23 31 21 33 44 46 20 14 34 27 3 46 32 28 5 35 18 29 14 0 6 38 23 
2 20 13 28 33 37 8 48 35 47 32 32 35 18 12 24 46 33 21 42 5 0 3 37 
12 7 44 22 35 26 45 39 22 46 1 29 1 20 16 14 33 6 36 43 7 14 0 1 
44 38 24 44 33 32 35 47 19 49 34 2 22 40 16 24 23 40 8 11 36 34 39 0 
11 0 4 30 20 38 36 19 11 30 48 6 50 34 11 33 12 7 38 50 33 30 18 19 
45 24 0 18 33 14 3 50 4 16 10 49 13 40 3 13 47 11 50 39 4 4 16 40 
32 13 40 0 28 2 24 36 2 10 43 36 36 46 21 4 6 8 31 45 41 41 35 49 
43 9 44 41 0 40 34 42 15 15 29 34 36 21 24 26 48 31 30 9 40 21 5 18 
18 26 8 44 31 0 23 10 26 50 47 15 48 19 8 33 47 19 19 28 21 7 12 35 
33 32 33 34 14 11 0 32 46 28 38 42 27 16 32 40 11 43 6 4 35 39 6 26 
7 41 48 34 41 22 43 0 34 12 6 41 25 12 48 40 46 15 18 2 37 10 28 31 
18 15 29 8 36 16 4 28 0 46 28 6 27 43 16 28 42 25 36 5 31 22 25 8 
28 14 4 10 39 17 38 20 17 0 29 10 31 19 12 14 7 18 8 29 46 48 6 21 
47 30 38 27 27 1 6 48 10 43 0 8 1 45 33 7 15 12 8 8 40 49 34 36 
9 30 12 30 37 23 43 30 10 23 43 0 7 30 2 40 12 19 12 32 50 38 11 12 
19 25 12 44 17 38 40 17 23 14 45 29 0 48 16 22 19 25 17 14 49 29 3 26 
27 14 22 47 40 29 17 34 48 49 18 43 6 0 26 30 27 43 21 7 20 44 36 23 
43 47 48 44 7 34 25 13 33 17 49 36 30 46 0 41 1 38 7 30 47 31 30 23 
17 44 46 41 22 28 23 33 33 41 41 30 1 42 36 0 11 1 24 36 35 27 8 40 
50 31 2 20 19 14 14 39 43 13 24 32 50 11 43 3 0 35 11 34 16 45 40 16 
40 9 3 46 30 24 46 45 47 9 4 47 10 20 9 5 20 0 19 3 49 17 28 11 
36 50 8 21 1 25 43 42 45 11 15 13 12 16 18 35 16 48 0 19 28 23 47 15 
33 34 27 7 15 48 43 41 50 13 49 17 47 23 3 45 20 4 18 0 9 36 45 8 
47 39 2 35 37 1 49 50 38 40 36 25 38 24 18 29 45 3 20 16 0 50 13 50 
22 13 13 3 49 25 5 38 29 38 27 30 19 13 13 6 41 1 13 11 28 0 12 48 
15 22 3 25 24 7 16 29 8 35 40 31 23 25 49 50 26 33 2 7 38 12 0 44 
50 17 32 47 30 16 38 2 22 10 15 49 31 47 50 32 32 13 9 20 46 30 32 0 
41 0 32 42 1 37 28 27 6 11 4 28 3 8 42 10 37 14 20 33 18 21 8 26 
18 4 0 27 2 20 44 29 43 48 21 36 41 16 38 15 2 25 45 5 5 46 4 44 
42 40 23 0 27 46 50 14 12 11 34 6 25 47 11 27 7 12 32 11 31 33 23 2 
44 50 49 19 0 9 24 16 3 31 15 10 35 12 48 17 33 44 35 9 25 8 11 13 
18 41 48 39 44 0 24 35 23 12 20 39 29 28 47 31 5 39 45 31 25 11 38 26 
15 10 45 49 18 46 0 24 49 44 34 37 32 28 12 35 23 30 47 42 49 16 24 19 
40 37 13 31 21 30 27 0 36 3 31 16 33 30 49 25 18 28 38 21 46 46 42 16 
4 44 4 23 2 29 19 39 0 10 42 41 6 13 6 16 4 19 17 48 34 1 13 29 
6 25 6 30 14 12 45 29 24 0 49 22 9 37 17 8 26 8 34 43 6 42 39 43 
12 12 13 34 3 29 48 8 15 42 0 16 49 48 47 49 6 28 16 14 17 8 42 47 
29 38 11 42 41 50 9 7 38 17 33 0 44 18 2 28 43 50 26 41 7 18 22 19 
11 29 9 29 16 41 28 22 36 21 16 34 0 47 42 38 8 8 7 35 28 32 16 4 
32 4 50 23 15 42 17 35 29 8 20 1 13 0 32 22 43 16 10 45 47 23 3 18 
32 1 12 19 33 50 33 44 37 46 26 28 25 16 0 18 14 31 19 36 37 27 28 42 
25 27 37 15 19 19 37 19 31 29 36 19 23 3 23 0 34 36 46 15 33 5 38 4 
47 28 49 47 14 28 37 17 42 5 9 38 43 47 36 15 0 26 1 27 45 49 39 48 
45 12 9 36 1 41 12 45 37 38 23 40 37 21 22 23 42 0 45 13 45 15 15 15 
31 38 1 32 39 33 29 44 5 8 31 4 36 6 43 37 26 31 0 10 22 1 21 7 
49 44 4 28 36 1 37 45 33 31 47 29 48 50 9 23 13 9 44 0 18 33 7 18 
37 18 49 8 37 14 6 43 15 10 32 2 39 36 6 43 44 19 13 48 0 23 40 28 
45 37 18 8 47 14 7 3 25 43 27 18 10 37 43 50 31 28 39 32 19 0 17 49 
21 38 8 16 1 50 20 9 45 48 41 4 21 20 7 9 30 9 8 8 10 12 0 19 
46 7 1 19 32 21 35 8 10 29 39 48 20 40 49 7 4 5 34 32 20 20 33 0 
23 0 30 25 19 9 24 11 9 39 9 20 12 10 1 31 38 39 10 40 31 26 32 23 
37 20 0 31 3 4 3 27 31 49 26 24 28 39 8 2 26 35 49 20 1 39 1 28 
40 6 24 0 17 45 22 31 39 8 42 8 38 50 29 21 7 6 13 28 22 37 36 23 
42 31 38 35 0 6 33 6 32 34 37 42 42 47 31 36 33 9 19 37 16 37 32 21 
2 48 14 42 14 0 39 11 30 42 4 33 33 37 7 38 26 7 3 11 24 2 9 37 
25 27 21 30 20 3 0 50 21 37 10 10 37 37 42 41 42 43 23 7 1 39 14 49 
49 26 21 44 31 13 26 0 8 20 43 12 40 16 44 9 42 27 42 34 47 23 28 21 
2 34 16 12 18 2 45 9 0 49 11 28 22 4 50 10 20 8 12 3 41 44 26 2 
26 48 35 32 30 9 6 18 27 0 22 6 20 10 15 1 9 7 25 35 14 29 39 23 
5 43 17 22 26 35 21 37 27 27 0 32 41 15 34 20 15 50 43 44 2 50 49 30 
1 5 7 3 46 17 10 12 23 38 25 0 30 40 14 37 30 33 6 36 30 43 28 25 
37 25 37 11 36 21 36 37 24 7 13 17 0 17 19 32 25 21 18 15 10 3 41 4 
31 2 13 14 11 46 14 19 37 23 31 21 29 0 10 6 24 42 37 1 1 24 27 47 
20 11 1 32 16 12 29 19 22 47 22 6 9 23 0 7 26 42 10 38 26 44 37 49 
4 15 15 44 24 23 2 40 31 4 5 43 4 10 14 0 49 8 9 5 9 25 7 4 
47 2 35 12 10 42 36 2 4 34 12 47 18 1 19 5 0 47 21 7 42 3 5 31 
4 16 28 11 31 17 40 29 25 48 12 18 43 39 11 43 48 0 45 3 2 10 42 13 
47 49 39 4 8 39 18 16 2 43 21 31 46 32 31 6 35 14 0 5 38 50 6 33 
26 17 36 28 10 47 50 3 22 13 3 32 13 42 14 32 41 8 33 0 10 26 22 9 
16 11 18 40 19 39 5 4 14 41 16 14 38 23 11 9 19 2 40 50 0 19 43 1 
18 14 22 32 15 31 18 47 8 4 9 21 17 42 8 32 15 17 9 40 41 0 47 29 
26 10 30 50 14 8 36 23 40 23 11 1 26 47 7 40 24 47 45 9 10 30 0 3 
45 17 11 21 26 33 10 4 10 21 36 47 22 36 31 4 39 23 32 19 48 7 42 0 
33 0 36 9 28 36 44 47 39 20 46 8 36 33 3 38 11 40 31 20 1 30 40 1 
35 5 0 43 43 6 37 28 12 6 39 26 29 35 17 6 25 10 14 33 17 1 15 1 
49 1 1 0 12 43 38 28 6 12 43 35 24 24 43 1 41 3 42 35 3 48 7 25 
3 44 35 7 0 10 37 48 24 50 21 5 45 42 6 25 36 25 28 33 14 36 1 44 
33 32 9 24 30 0 26 17 12 4 42 27 48 19 9 31 18 19 15 19 35 4 19 49 
10 35 28 6 10 25 0 15 44 39 3 1 2 25 1 14 18 49 34 9 2 3 15 8 
7 28 44 11 15 49 17 0 16 41 14 34 50 39 2 20 7 37 39 49 38 45 19 7 
7 17 6 48 21 2 45 18 0 46 45 28 22 29 17 15 1 45 23 38 10 39 41 2 
26 17 30 27 22 13 4 28 13 0 39 22 38 44 9 2 47 15 46 46 38 5 12 31 
41 41 23 39 5 16 8 9 18 16 0 15 30 31 42 25 23 6 43 18 15 34 8 30 
21 42 43 26 24 15 44 4 48 15 37 0 39 37 50 25 50 13 6 30 5 22 29 30 
21 6 40 23 41 46 38 47 47 34 11 2 0 47 12 40 35 45 24 13 18 16 45 3 
38 24 32 44 6 10 4 4 8 42 13 22 21 0 34 42 4 8 10 18 40 5 26 48 
28 38 23 21 36 31 10 12 14 26 3 2 49 10 0 2 33 38 44 31 4 10 35 40 
20 2 3 21 5 8 49 6 48 13 27 4 7 33 39 0 18 23 49 31 49 47 18 32 
43 45 6 28 31 47 25 23 38 43 48 3 20 34 10 6 0 4 16 21 5 40 23 6 
46 50 49 26 8 5 30 37 44 2 20 10 27 49 31 18 10 0 24 40 39 12 9 30 
20 35 14 44 28 34 26 13 42 20 40 11 29 33 21 17 18 9 0 7 4 1 50 24 
34 7 24 49 11 32 1 35 44 37 20 29 41 45 12 2 3 18 40 0 29 41 38 39 
3 36 39 8 22 30 5 6 30 21 12 31 37 5 36 16 32 41 36 46 0 24 9 5 
31 22 7 8 4 36 12 22 34 46 19 22 14 23 25 29 6 39 32 41 8 0 29 15 
25 48 18 3 9 38 5 43 15 44 31 8 36 16 23 2 20 18 50 29 35 19 0 33 
23 43 8 13 31 7 42 19 47 2 8 32 10 36 33 4 34 29 4 4 28 33 15 0 
39 0 14 33 38 12 23 9 50 30 7 15 46 11 1 26 25 36 24 25 35 7 28 34 
13 17 0 37 15 16 1 31 15 6 40 29 19 49 48 20 30 46 38 2 29 25 46 40 
23 3 9 0 4 18 31 4 48 9 12 30 21 22 25 9 43 50 49 43 10 6 32 33 
27 28 17 44 0 29 48 5 50 10 18 27 15 12 8 47 13 35 2 43 20 8 20 27 
48 5 38 45 3 0 30 33 36 34 42 21 32 27 2 37 25 1 5 12 21 3 45 11 
47 36 3 36 9 8 0 14 12 25 8 1 19 40 42 3 2 21 27 32 43 24 42 27 
21 12 48 28 43 16 47 0 49 24 3 44 42 10 50 44 25 29 21 30 46 24 27 33 
48 34 48 3 42 44 22 3 0 38 5 10 33 25 11 30 22 46 29 9 27 16 46 50 
44 3 27 3 4 23 44 46 3 0 44 30 1 45 45 14 5 6 3 1 7 37 1 17 
20 14 49 49 34 18 16 50 17 3 0 34 5 1 15 41 18 30 44 9 8 39 45 11 
36 27 33 24 4 24 16 40 13 43 36 0 8 40 6 24 11 29 37 45 13 48 12 40 
14 41 16 36 22 13 29 43 28 25 3 14 0 23 2 44 13 26 2 14 21 12 15 7 
1 13 7 34 30 21 45 32 13 24 37 19 34 0 38 39 45 27 35 1 8 34 37 42 
2 10 36 25 19 12 35 41 29 49 34 15 23 15 0 30 49 23 34 43 41 40 36 33 
11 25 38 7 37 37 12 8 24 15 22 5 24 45 46 0 27 21 29 34 9 21 50 24 
17 30 48 36 28 25 41 47 2 17 28 26 1 32 5 49 0 4 17 42 10 50 2 11 
6 5 27 7 23 13 6 27 12 11 1 21 28 40 2 35 34 0 33 19 20 39 47 20 
46 45 16 31 31 43 30 41 24 15 20 42 32 1 18 19 35 47 0 41 16 15 50 11 
28 9 3 33 9 27 32 33 22 10 35 32 13 8 33 26 34 33 21 0 27 6 9 48 
20 34 17 15 35 24 49 31 5 46 35 39 22 28 11 22 14 43 33 48 0 33 47 19 
6 12 3 21 7 34 45 23 5 19 12 33 49 42 13 48 10 24 29 31 37 0 28 19 
12 48 24 12 7 35 24 12 15 23 15 12 4 33 3 43 48 10 23 30 20 10 0 46 
12 30 2 46 24 24 4 17 33 28 43 42 24 33 23 39 39 32 7 48 11 34 31 0 
10 0 16 7 32 32 21 14 49 50 2 3 13 33 5 40 50 39 11 7 33 34 11 42 
30 10 0 26 22 35 48 13 12 36 29 49 43 30 17 42 23 47 20 29 44 40 21 21 
40 34 49 0 33 19 37 4 2 48 49 25 28 22 7 49 29 1 37 41 18 35 34 13 
10 33 47 39 0 10 13 5 18 2 9 40 36 38 36 16 44 25 32 27 2 45 6 39 
20 16 48 42 28 0 7 50 4 37 7 22 40 50 23 49 45 40 43 32 23 20 33 22 
11 43 36 43 16 37 0 8 33 19 4 45 27 23 12 22 28 11 3 5 4 30 17 47 
16 22 27 37 38 9 13 0 34 19 38 44 37 49 42 15 34 18 29 24 3 36 6 46 
26 33 18 16 21 20 16 29 0 43 45 47 21 22 40 50 21 24 6 21 26 40 29 26 
23 36 47 19 37 26 6 14 11 0 11 26 1 5 20 44 42 14 4 10 2 43 3 22 
44 45 19 9 50 48 16 31 7 47 0 8 46 31 25 1 30 4 37 31 36 11 46 39 
45 1 31 14 7 23 30 28 33 21 14 0 4 25 18 17 6 17 45 31 20 4 48 25 
14 18 14 25 6 15 12 17 12 49 6 24 0 8 20 34 10 9 27 20 25 25 17 22 
27 12 37 32 15 42 31 26 36 48 27 17 47 0 44 48 25 14 21 5 3 6 19 44 
9 37 33 36 23 43 35 24 1 48 47 37 13 19 0 34 48 25 31 23 21 27 32 4 
38 17 11 3 7 4 20 14 17 9 18 28 46 32 6 0 9 34 2 25 26 20 1 7 
36 6 30 23 30 22 33 48 18 28 33 46 20 12 41 29 0 20 31 34 31 29 46 42 
39 17 20 23 40 20 3 6 34 37 10 25 47 27 31 40 42 0 34 11 50 1 13 36 
37 47 43 24 5 46 37 21 29 41 15 42 7 11 50 44 29 16 0 22 50 10 11 38 
44 2 40 41 42 47 19 46 41 27 32 33 27 47 47 48 11 48 17 0 32 35 32 36 
25 30 43 40 32 35 30 13 27 27 9 49 22 16 5 45 24 11 45 25 0 16 25 28 
23 47 33 18 11 3 43 29 3 13 17 16 12 49 8 37 11 11 14 6 7 0 18 49 
26 33 6 3 44 21 40 8 20 50 2 20 43 50 17 19 11 34 48 7 37 5 0 1 
43 47 16 24 35 14 2 19 22 6 49 8 36 6 50 50 9 14 5 47 16 11 29 0 
16 0 37 45 43 3 22 10 12 12 21 33 13 7 28 48 6 45 19 31 30 15 44 43 
31 14 0 11 34 40 44 33 9 35 33 18 1 38 40 22 49 48 13 45 38 37 4 43 
44 23 12 0 8 11 29 35 32 15 22 45 14 29 42 39 20 19 30 13 48 31 39 27 
11 16 23 20 0 34 18 21 7 6 28 22 18 12 29 36 22 30 1 2 3 30 43 27 
43 7 10 43 27 0 9 25 6 12 5 47 1 42 38 10 1 14 45 16 39 36 8 25 
27 42 33 8 33 47 0 30 37 47 18 40 31 13 25 25 44 49 31 22 10 13 15 28 
44 35 20 50 38 9 15 0 5 41 35 33 33 1 44 1 42 9 33 19 50 34 2 8 
48 26 39 1 18 8 14 49 0 12 12 15 39 24 14 47 42 29 33 13 50 46 30 43 
25 1 48 40 14 27 45 15 44 0 43 28 23 25 49 8 48 47 27 37 21 21 37 5 
28 29 12 41 41 18 21 3 12 18 0 34 15 50 20 19 1 22 17 47 21 47 46 41 
23 44 21 35 17 23 10 9 22 38 46 0 20 11 2 36 5 48 23 40 16 5 41 34 
8 28 29 27 15 5 24 16 9 32 38 40 0 48 20 33 5 30 3 9 12 27 5 50 
8 50 36 13 50 49 7 30 36 33 10 13 8 0 38 47 45 5 48 23 38 39 23 13 
39 36 15 19 10 14 47 30 7 4 29 21 27 29 0 42 25 18 2 2 3 7 38 7 
26 17 34 8 4 14 5 17 12 36 38 48 28 36 30 0 48 17 40 3 3 10 29 18 
20 17 14 24 5 37 37 21 6 1 29 39 2 27 7 43 0 16 3 38 18 36 40 32 
15 40 38 4 36 13 5 36 48 48 50 15 42 41 41 1 30 0 26 15 32 47 49 47 
28 22 10 48 38 1 23 12 32 30 35 49 35 17 33 1 9 2 0 16 31 42 3 13 
16 2 26 2 8 42 21 8 35 16 44 11 33 26 15 17 35 26 36 0 18 35 7 43 
7 34 47 25 7 31 32 18 5 26 9 45 47 13 49 15 20 12 22 1 0 33 42 7 
1 25 44 35 31 6 7 36 28 10 9 20 19 11 17 15 28 4 49 39 35 0 24 32 
19 5 37 11 16 7 13 6 11 15 27 47 1 14 46 1 13 49 40 32 36 38 0 44 
30 5 4 47 45 47 35 3 22 27 44 25 31 45 46 41 30 15 4 49 5 43 14 0 
17 0 1 32 3 37 41 45 43 46 31 11 7 7 13 10 19 10 27 13 5 21 7 39 
16 7 0 17 8 11 17 33 40 40 38 41 37 47 13 45 49 12 28 34 48 45 20 39 
40 29 20 0 47 45 23 42 38 44 10 12 17 47 20 34 35 27 14 41 22 19 16 26 
13 6 15 29 0 1 28 37 9 45 46 19 28 29 42 20 39 18 48 1 48 28 35 47 
48 29 29 43 8 0 35 4 49 20 24 4 7 42 30 44 41 10 7 1 18 21 28 42 
5 44 7 26 24 25 0 19 19 48 29 9 17 50 23 35 30 25 41 48 49 4 26 35 
29 9 24 7 41 41 27 0 17 26 21 37 24 50 1 10 31 25 2 6 6 29 33 13 
45 19 26 28 27 28 24 30 0 39 30 9 29 17 50 18 28 28 21 13 33 47 13 49 
35 29 16 11 23 48 48 20 7 0 46 47 30 38 16 14 1 40 2 41 49 45 42 23 
43 32 7 24 29 35 17 50 16 32 0 21 41 50 11 17 2 33 41 10 3 33 21 21 
30 13 15 20 23 32 7 15 4 44 6 0 23 29 16 24 20 36 40 47 31 48 18 26 
15 41 23 1 9 8 35 39 40 23 12 28 0 12 15 15 44 19 10 18 17 47 44 39 
39 36 9 22 25 13 37 40 23 13 38 50 30 0 1 31 48 7 19 6 16 1 18 39 
12 6 21 47 28 22 31 1 29 22 2 35 16 50 0 37 11 26 4 33 39 16 25 15 
35 44 39 12 11 49 41 28 38 21 47 48 16 5 17 0 9 19 42 12 9 29 28 16 
15 48 21 9 31 13 19 30 24 37 42 36 3 40 10 21 0 3 38 44 15 15 19 3 
21 6 9 46 14 48 4 17 36 7 28 24 15 40 40 11 15 0 20 42 24 11 25 20 
14 19 10 22 10 21 35 14 2 46 46 50 4 22 18 5 32 20 0 21 6 29 25 17 
46 31 14 27 29 46 24 46 42 47 37 45 27 5 27 45 46 1 44 0 27 28 19 40 
36 40 48 15 10 5 40 19 41 39 3 15 41 47 44 6 18 28 1 5 0 4 17 27 
42 1 6 26 26 6 35 49 39 28 41 28 38 32 32 15 41 2 29 46 6 0 24 40 
36 48 2 45 26 49 28 14 37 20 13 7 14 4 29 15 14 6 41 15 38 50 0 20 
7 25 37 14 10 3 26 21 21 18 11 20 28 25 11 10 50 12 14 5 9 26 25 0 
18 0 11 12 38 16 41 16 9 3 37 29 46 20 39 36 18 12 12 49 43 40 4 34 
2 40 0 3 47 42 4 24 45 12 32 1 20 3 48 15 11 31 6 9 8 33 49 30 
42 21 15 0 44 2 43 10 34 36 15 28 11 49 13 44 24 6 29 42 18 14 20 20 
33 21 47 2 0 18 37 31 46 1 3 11 12 27 28 11 23 3 2 49 16 5 26 38 
17 48 38 33 4 0 29 42 32 16 22 1 32 24 6 42 43 47 5 20 27 9 38 2 
18 46 46 7 40 17 0 16 4 16 7 34 31 5 30 5 27 17 10 21 45 40 26 46 
37 17 12 9 2 11 36 0 49 29 29 47 21 37 9 23 2 16 50 19 36 25 41 26 
37 13 43 28 3 18 38 44 0 12 42 1 9 40 29 8 14 44 30 9 5 2 9 10 
18 19 45 8 6 45 22 41 22 0 47 42 25 46 10 33 33 32 42 36 35 30 37 50 
33 24 8 36 26 6 17 37 24 29 0 4 25 10 9 10 32 49 41 1 29 12 49 4 
12 5 11 47 28 13 16 24 31 32 20 0 13 35 48 9 46 36 5 11 18 46 43 35 
24 25 22 11 37 44 29 8 38 34 20 47 0 32 15 9 39 24 8 5 23 44 40 46 
26 34 40 45 16 25 2 31 9 19 21 37 22 0 6 2 30 31 2 25 32 29 15 2 
28 32 27 16 37 11 41 20 42 35 30 47 27 48 0 49 14 34 37 4 12 28 11 29 
38 34 23 29 25 22 20 8 18 11 32 13 14 39 9 0 15 21 18 49 30 3 43 10 
25 32 32 38 41 46 26 3 24 17 3 40 33 15 32 17 0 49 22 27 13 36 46 35 
35 25 25 22 33 45 29 32 26 45 24 48 47 43 34 29 13 0 42 8 8 46 11 50 
26 50 40 2 1 8 27 31 25 30 47 47 13 16 24 43 9 46 0 36 28 45 10 18 
35 24 15 44 14 21 28 38 40 25 26 50 23 44 43 29 24 50 14 0 50 18 50 46 
22 13 39 50 49 13 10 34 6 17 33 5 28 37 14 13 11 47 43 8 0 23 38 17 
2 49 16 18 12 28 32 11 50 35 29 44 31 26 22 30 25 31 41 20 34 0 40 39 
16 43 10 38 4 4 25 43 23 34 47 38 1 33 46 48 6 25 7 33 21 50 0 43 
34 37 40 17 19 28 33 18 34 12 10 1 25 2 41 28 7 25 42 6 11 35 39 0 
21 0 47 29 33 35 46 28 8 19 16 50 27 1 14 37 7 16 41 16 14 26 41 33 
21 47 0 16 47 50 8 29 45 33 50 49 19 21 40 45 48 22 6 5 42 36 26 26 
41 14 21 0 19 27 15 45 21 13 31 15 8 37 20 50 28 50 41 22 17 28 2 46 
16 18 22 44 0 44 8 21 50 48 46 21 25 33 29 40 3 30 39 29 37 39 7 32 
9 28 23 29 6 0 1 14 9 48 40 19 6 2 6 22 2 14 42 31 18 13 16 45 
18 50 10 38 43 29 0 50 16 7 9 36 13 16 22 30 16 49 34 37 24 36 14 24 
39 48 8 37 15 45 9 0 40 20 43 33 5 29 46 13 21 30 49 25 12 47 16 43 
6 30 35 27 32 34 26 43 0 10 4 27 21 41 35 42 35 21 49 20 16 20 34 17 
1 20 36 13 8 25 12 2 27 0 23 6 3 8 31 19 27 7 44 1 24 1 3 25 
23 37 38 15 4 14 28 50 23 23 0 14 34 7 46 21 19 18 48 3 50 49 36 33 
35 4 3 23 14 23 20 10 16 49 46 0 14 27 20 11 9 39 50 24 33 30 45 48 
13 31 36 26 34 27 49 3 27 37 4 4 0 11 2 41 14 28 4 14 48 35 12 33 
44 50 7 40 14 50 26 3 3 41 6 40 43 0 28 47 36 34 18 46 19 27 24 16 
1 7 49 36 46 30 17 47 14 2 48 43 27 28 0 37 36 4 2 35 1 13 5 12 
49 37 31 18 30 31 39 43 6 21 34 7 34 15 15 0 30 23 37 44 43 39 45 36 
21 8 47 32 43 17 43 23 4 46 45 1 50 15 12 37 0 17 25 9 42 22 43 22 
4 21 39 22 12 15 19 13 23 4 2 11 10 33 49 47 26 0 14 49 31 11 39 15 
15 16 11 50 28 19 31 3 14 29 37 44 11 4 45 31 9 35 0 33 22 47 48 5 
3 4 18 29 33 29 24 13 11 16 6 25 7 1 15 42 44 43 2 0 38 33 24 40 
38 43 32 34 40 46 28 17 19 17 12 9 46 10 41 49 25 41 16 27 0 28 5 30 
39 30 44 44 40 30 46 11 23 29 15 31 36 2 46 34 17 33 49 38 8 0 46 43 
20 32 4 45 28 47 17 48 12 33 13 43 4 47 3 39 38 24 7 40 30 32 0 30 
5 47 29 7 49 44 30 18 23 44 38 24 12 36 35 18 14 6 32 3 48 24 9 0 
