29
31
37 0 37 34 38 40 47 23 47 5 4 38 34 29 15 18 17 32 32 27 15 21 50 39 14 49 15 26 38 7 29 31 
10 12 0 45 32 28 19 28 22 39 28 34 16 43 50 5 8 26 48 39 22 8 21 19 47 38 49 21 40 26 22 35 
40 26 23 0 29 23 34 33 40 49 5 11 39 37 37 34 46 14 44 8 50 40 18 8 24 40 43 48 45 30 48 39 
47 17 43 45 0 41 20 22 33 24 44 9 41 18 48 33 33 11 5 3 7 46 18 22 45 22 19 50 40 31 36 39 
10 1 16 15 22 0 44 43 44 27 43 12 34 7 32 28 41 27 7 11 38 40 28 41 43 29 45 49 23 22 21 32 
2 39 5 49 40 2 0 33 11 39 18 12 27 15 35 34 16 14 45 29 24 33 21 48 49 33 10 24 36 27 46 20 
22 7 11 10 46 2 33 0 38 39 44 46 22 20 29 2 27 9 45 30 35 29 43 47 50 32 41 6 17 30 28 48 
35 44 49 40 20 5 25 39 0 15 31 7 40 30 37 50 28 21 31 34 16 41 48 11 42 30 10 12 28 5 46 16 
8 12 47 12 28 22 40 32 22 0 34 7 16 5 22 4 17 13 33 14 36 37 47 13 7 38 34 7 11 11 44 47 
34 19 15 50 29 34 26 22 6 32 0 50 13 32 35 33 7 20 27 43 49 46 42 11 30 12 49 40 24 45 16 29 
21 29 37 23 47 40 23 25 34 37 12 0 8 5 37 35 31 22 6 27 38 35 18 45 2 43 9 36 38 31 45 2 
28 41 3 29 34 46 13 36 17 48 2 10 0 13 35 35 6 44 28 18 19 19 18 28 45 4 35 35 30 39 5 35 
44 40 35 34 17 2 9 1 36 9 20 11 41 0 33 9 32 18 8 3 43 11 13 26 34 11 13 8 26 50 11 33 
48 13 13 8 21 28 1 19 5 35 27 33 10 50 0 8 38 13 45 3 18 23 36 13 25 32 14 2 24 4 44 34 
2 25 27 23 48 28 25 38 5 17 40 49 8 34 31 0 17 35 3 26 46 31 48 44 11 12 1 39 27 8 26 27 
15 11 2 26 9 34 28 10 10 38 7 48 1 33 38 5 0 41 1 47 18 21 29 49 3 5 31 16 11 48 40 49 
31 29 41 26 38 6 8 23 34 7 44 16 9 24 50 44 28 0 25 46 48 26 11 9 7 37 12 50 22 28 18 17 
12 21 40 27 20 11 8 50 50 33 29 14 11 28 14 41 29 5 0 37 38 36 3 43 23 21 21 35 40 27 7 37 
45 17 41 32 45 20 48 30 34 21 25 47 15 48 47 48 29 24 22 0 21 17 41 30 32 10 29 17 7 50 27 19 
24 43 47 35 48 21 46 19 22 32 26 4 18 11 7 28 26 24 23 6 0 16 5 37 20 4 37 10 23 17 3 42 
31 8 3 2 4 18 14 50 27 34 5 1 39 42 38 13 21 3 1 42 33 0 27 21 3 20 6 28 31 11 12 24 
2 19 41 45 47 15 10 3 10 13 25 46 23 11 4 48 28 17 25 39 20 17 0 11 9 5 37 1 33 48 41 33 
39 16 10 4 33 49 48 41 48 12 1 41 30 9 31 49 42 16 8 1 15 37 23 0 4 35 8 33 41 11 15 27 
5 20 30 37 31 13 8 22 50 31 26 27 28 20 26 32 1 24 38 10 17 41 41 19 0 2 43 6 19 25 16 8 
31 34 35 46 22 50 23 50 37 34 45 8 21 40 10 46 35 9 26 32 17 23 6 11 15 0 29 12 35 39 7 39 
47 34 23 45 44 44 24 5 33 29 24 1 26 23 33 21 30 43 48 22 10 49 35 41 8 29 0 25 31 43 39 38 
12 31 46 48 24 48 45 17 2 11 5 44 4 43 23 31 38 33 9 33 43 41 36 29 49 50 33 0 37 15 20 44 
13 44 41 12 21 30 25 9 24 35 26 46 11 6 5 31 48 36 49 37 49 34 6 46 22 46 17 50 0 25 15 8 
2 33 18 43 50 14 31 2 1 14 25 36 48 17 46 25 23 44 20 35 2 17 34 46 29 39 45 41 26 0 13 26 
35 9 28 24 14 43 14 5 17 18 35 48 24 25 49 8 30 26 21 44 7 5 31 7 36 50 23 14 12 20 0 41 
27 38 38 40 27 21 43 33 33 10 39 3 18 17 19 10 21 30 31 16 15 6 19 20 30 29 21 39 14 20 50 0 
44 0 48 28 9 10 36 35 22 37 37 44 38 35 18 2 14 40 17 40 2 34 31 4 26 21 20 19 10 49 1 4 
19 13 0 10 46 6 41 9 9 25 37 9 45 29 21 18 35 2 29 15 32 23 25 18 17 13 44 2 38 41 18 25 
24 37 34 0 26 25 26 23 47 24 31 8 16 16 26 37 26 5 4 35 17 32 34 19 32 45 45 44 33 12 39 22 
18 8 12 35 0 8 46 46 43 9 29 33 42 1 15 9 3 41 27 19 48 35 6 1 44 40 19 2 32 31 33 41 
36 35 10 40 9 0 4 41 30 31 10 11 26 39 50 42 19 17 36 43 3 6 43 42 38 12 8 19 46 40 44 15 
13 27 39 47 8 42 0 26 1 50 1 48 39 39 24 30 13 44 48 1 36 47 38 30 35 43 44 22 28 2 35 46 
41 37 45 48 50 50 3 0 35 27 42 35 44 3 9 5 4 14 32 46 26 48 40 8 18 26 48 4 5 15 20 48 
50 15 6 7 2 44 27 31 0 13 42 13 24 44 12 45 28 26 39 40 8 46 7 10 48 1 29 28 23 2 46 48 
21 7 45 35 29 48 2 3 11 0 38 2 33 34 35 16 15 7 31 21 28 17 25 13 2 44 5 8 7 24 17 4 
30 17 44 43 18 50 28 16 30 25 0 36 30 20 45 24 26 13 36 15 22 43 32 18 32 46 45 43 41 24 40 46 
30 45 35 22 16 41 43 49 15 29 15 0 41 4 31 46 43 7 21 30 46 21 9 46 12 49 49 13 47 23 8 37 
43 41 29 7 35 36 24 8 36 20 37 1 0 43 28 41 14 1 1 3 36 21 45 44 25 21 50 24 24 17 29 46 
26 7 43 23 1 26 24 11 7 34 13 44 27 0 34 8 3 34 8 36 12 47 21 22 16 48 47 4 37 36 13 50 
41 7 25 12 44 50 6 40 39 28 40 46 3 9 0 1 18 42 13 47 40 16 32 18 49 6 36 28 26 4 23 38 
26 45 35 22 37 2 23 15 4 29 18 47 34 8 26 0 20 8 47 30 13 24 39 23 34 9 40 26 6 8 23 31 
37 17 40 15 2 18 37 14 16 19 49 44 12 48 36 34 0 41 31 17 21 29 25 10 15 37 22 1 14 48 26 17 
7 32 48 32 31 45 44 24 2 21 33 14 45 26 46 12 37 0 24 7 36 26 42 3 2 12 7 26 28 31 18 24 
17 41 2 42 12 14 16 5 40 48 7 15 50 46 11 16 40 41 0 11 14 40 42 41 42 15 30 47 21 25 19 16 
44 34 48 16 24 43 34 35 48 21 19 17 38 20 27 3 6 1 41 0 37 38 20 4 34 26 50 11 27 33 18 46 
31 21 32 13 32 3 30 38 23 6 7 13 44 22 25 3 22 39 27 41 0 20 34 32 29 24 30 14 41 25 33 7 
2 31 26 38 46 7 8 46 1 26 14 18 31 32 8 11 13 2 47 39 39 0 6 27 26 48 40 4 39 2 39 40 
14 40 50 5 33 19 34 29 47 15 43 27 15 7 16 2 48 17 20 2 40 28 0 45 18 46 4 50 40 7 4 19 
44 12 37 50 29 32 27 25 43 29 23 50 25 46 30 13 20 33 38 6 23 33 38 0 50 36 46 32 10 30 19 44 
22 44 47 49 16 29 7 38 20 22 42 28 23 18 28 21 23 17 42 31 8 19 48 47 0 12 24 37 14 33 1 17 
46 24 36 1 7 28 48 14 34 13 46 19 35 31 6 16 33 9 26 10 44 38 39 37 4 0 47 1 38 42 42 43 
5 19 5 46 4 38 17 22 43 26 3 8 19 13 1 13 16 7 9 4 6 8 42 24 8 36 0 49 48 10 28 10 
23 42 20 41 50 30 35 2 28 16 37 34 35 41 31 21 24 4 34 35 31 34 39 38 48 28 32 0 38 19 39 20 
12 15 16 31 16 50 22 1 33 31 6 31 39 19 24 8 33 28 15 26 45 27 44 29 39 4 33 43 0 22 49 48 
33 40 47 26 19 19 11 15 22 2 3 1 4 26 3 1 19 24 21 50 11 4 14 26 36 21 37 42 13 0 17 29 
29 35 34 23 41 42 44 5 39 22 14 44 24 42 26 40 4 36 4 14 20 2 50 37 29 27 21 41 49 33 0 20 
3 5 23 24 17 20 4 13 9 25 19 32 28 48 10 40 35 11 31 34 6 9 4 10 28 36 47 44 15 22 4 0 
7 0 7 3 11 40 1 18 9 20 50 24 46 40 1 20 22 40 20 37 37 31 18 50 14 44 2 14 47 31 24 10 
48 37 0 22 13 26 25 37 20 39 17 2 12 34 32 14 14 10 8 14 7 25 28 36 23 40 8 40 17 39 38 21 
28 47 41 0 27 9 18 39 44 47 4 50 49 20 30 7 16 32 31 38 4 40 18 17 36 21 2 49 24 19 36 20 
32 2 46 24 0 15 44 6 6 47 22 14 17 4 26 30 16 44 34 42 8 37 2 35 32 11 31 6 6 8 19 16 
25 12 34 19 47 0 24 6 42 23 26 26 41 33 26 1 13 10 42 36 5 40 28 28 33 30 18 15 13 35 39 1 
48 28 7 39 6 21 0 8 33 42 39 42 20 32 12 12 2 7 11 18 46 15 22 15 26 48 34 1 39 30 10 44 
8 34 26 28 13 26 37 0 46 43 3 9 45 17 49 8 46 21 19 16 9 3 17 43 36 27 14 32 42 22 20 19 
3 32 45 34 36 7 35 49 0 27 20 16 26 44 6 28 48 27 41 38 30 21 15 2 42 42 42 40 1 50 45 46 
24 24 34 7 13 23 16 23 40 0 37 21 39 39 37 41 50 31 50 17 6 1 34 40 49 38 30 4 43 45 17 34 
49 32 24 42 3 10 49 16 26 12 0 18 49 44 1 26 14 5 1 42 10 2 33 40 45 40 34 36 19 33 19 23 
28 23 3 22 8 15 45 39 40 32 34 0 42 44 33 36 46 49 12 17 50 42 4 8 33 16 43 30 3 19 25 31 
33 7 39 41 26 41 29 19 49 10 13 2 0 28 18 42 46 12 4 38 37 8 16 20 32 25 15 21 6 15 36 43 
20 15 2 2 35 6 43 10 6 20 44 19 40 0 29 2 31 15 25 48 18 49 32 38 23 18 38 7 16 12 21 24 
4 14 18 44 38 27 17 8 40 20 45 33 18 14 0 48 31 4 24 35 7 32 18 18 44 38 27 29 34 48 50 27 
49 35 46 40 5 22 35 15 5 48 17 8 49 5 49 0 21 9 20 8 4 43 27 15 42 37 46 24 6 11 48 33 
11 41 43 46 49 22 25 43 9 19 10 31 9 15 10 20 0 39 40 7 20 15 41 47 35 22 21 4 3 10 48 30 
4 7 15 7 18 7 9 1 49 35 27 49 35 34 47 6 27 0 27 27 35 17 4 28 19 21 44 9 25 29 18 23 
34 11 40 6 24 45 9 43 14 31 39 9 36 38 42 12 2 25 0 15 27 26 34 13 13 1 29 46 36 24 48 35 
23 31 12 44 39 46 28 24 12 19 35 13 5 29 46 43 32 29 33 0 7 50 14 41 47 1 48 27 6 45 49 23 
19 16 46 16 28 24 44 4 16 24 2 3 9 42 21 9 35 5 37 15 0 7 41 41 35 9 40 16 44 41 19 23 
29 14 46 17 48 10 13 18 19 38 26 18 34 49 12 33 6 30 40 43 1 0 8 35 17 28 25 11 8 39 8 1 
13 47 2 23 39 14 25 23 49 23 38 18 27 32 24 8 37 47 8 11 14 2 0 27 22 21 30 30 39 24 49 5 
29 11 38 14 21 33 27 23 19 31 8 41 21 14 41 8 35 4 17 25 11 32 48 0 38 12 20 30 2 10 35 37 
50 1 18 9 8 40 19 4 26 11 25 39 30 7 11 7 8 31 22 45 35 7 24 45 0 48 13 50 2 1 3 25 
14 34 45 8 40 3 6 33 19 17 1 42 15 37 43 19 32 1 14 23 21 38 41 2 44 0 28 23 11 45 40 17 
3 23 36 11 6 36 49 22 4 3 48 4 28 35 15 9 9 6 45 19 2 38 31 4 27 44 0 44 15 13 30 45 
39 30 1 48 19 30 27 38 34 33 30 10 21 23 34 13 17 29 19 15 6 50 21 15 16 43 32 0 34 12 42 35 
9 25 8 10 25 28 37 46 30 33 18 12 36 23 29 10 31 44 31 27 36 44 15 40 40 9 36 33 0 26 48 43 
26 42 49 21 36 13 14 10 36 31 33 39 33 39 38 36 43 38 33 2 41 31 16 49 15 10 18 21 17 0 42 4 
20 33 40 42 21 38 3 44 47 18 34 46 46 3 6 33 2 2 23 44 46 43 46 3 46 27 50 6 26 46 0 44 
43 44 28 13 6 44 47 18 49 40 45 37 35 7 35 20 46 10 27 17 19 44 48 8 27 37 38 47 44 38 48 0 
18 0 2 24 41 3 19 40 50 40 5 34 25 5 2 7 12 46 11 8 5 46 49 29 25 50 46 20 36 19 6 1 
25 12 0 43 27 35 11 16 33 1 6 10 38 12 36 19 44 7 21 26 43 36 37 33 2 19 24 50 42 7 50 5 
31 34 5 0 10 14 12 25 23 2 30 29 7 49 37 12 17 40 31 2 14 16 44 14 16 38 29 42 9 11 12 25 
26 2 2 29 0 5 8 26 6 33 32 48 24 13 7 30 35 15 8 7 10 11 5 37 39 38 21 40 22 36 20 17 
13 40 5 4 6 0 47 8 8 10 14 26 20 32 19 21 1 9 9 44 27 2 5 2 14 21 15 14 42 34 18 5 
21 13 16 36 34 8 0 4 24 39 8 1 47 47 36 36 5 20 18 20 32 14 42 44 15 8 39 42 33 41 34 17 
24 42 9 5 8 17 34 0 37 43 5 35 6 20 2 8 5 29 36 11 44 25 15 37 41 30 20 1 28 46 17 22 
34 5 41 27 5 38 31 29 0 38 37 31 27 27 30 36 24 14 50 34 13 48 31 40 42 9 6 19 26 38 17 6 
41 27 34 2 1 29 25 3 18 0 48 7 23 8 44 38 10 12 44 46 37 28 12 4 24 3 16 50 19 50 20 6 
41 22 31 41 1 44 29 36 45 39 0 48 17 16 41 8 32 49 22 46 7 33 43 30 29 30 23 11 49 36 30 7 
4 48 43 17 2 28 4 37 17 34 8 0 1 49 31 46 39 33 46 34 1 48 4 13 23 49 42 3 12 29 34 31 
1 16 33 44 20 24 25 7 5 45 35 30 0 24 25 42 32 48 34 34 28 3 2 29 10 50 35 20 18 10 26 43 
9 34 4 8 36 16 38 27 15 8 40 30 7 0 13 25 40 48 8 11 5 28 45 6 28 50 38 24 45 35 5 7 
47 30 3 26 47 20 18 6 16 11 8 20 20 14 0 23 23 47 25 45 22 11 49 21 16 15 28 26 9 49 43 44 
42 11 2 43 50 4 38 29 21 31 2 45 45 20 26 0 37 14 27 15 27 20 40 33 47 48 10 38 12 19 44 10 
8 24 18 17 9 19 22 23 19 9 47 25 42 10 5 26 0 46 39 42 13 32 34 16 25 2 28 5 45 41 17 27 
10 27 22 45 22 28 4 18 18 43 5 47 19 23 16 42 38 0 44 34 42 23 28 32 28 24 8 44 15 31 14 28 
32 3 33 37 49 21 16 34 49 43 22 24 20 27 38 48 2 37 0 37 18 1 8 25 4 33 45 44 21 14 35 39 
37 4 16 24 44 36 37 18 22 23 11 35 49 1 4 12 2 37 11 0 42 29 45 47 27 24 28 29 4 4 27 45 
21 15 5 35 21 5 4 45 12 15 20 15 46 41 23 26 3 30 33 42 0 34 3 43 11 43 7 39 50 16 7 33 
14 45 28 41 21 45 16 33 8 48 43 49 28 9 30 2 37 2 3 27 25 0 21 35 12 18 23 45 43 14 16 5 
29 6 33 6 21 19 1 3 32 37 47 26 45 42 4 16 2 14 6 3 49 14 0 31 8 44 10 17 23 48 50 24 
20 42 44 14 44 45 4 10 34 36 49 21 40 29 45 41 20 14 8 44 29 8 14 0 7 15 25 25 13 11 3 28 
5 32 14 28 34 1 28 11 21 48 4 23 17 50 44 42 30 49 20 47 9 41 7 45 0 12 29 38 49 19 21 42 
50 31 9 44 39 27 2 12 40 43 4 38 46 25 35 47 7 22 34 46 14 42 7 19 15 0 26 19 16 6 14 29 
42 50 7 5 42 9 7 5 15 29 38 30 4 5 4 11 20 27 33 32 28 35 26 28 8 25 0 41 30 14 8 36 
7 27 15 13 38 40 20 43 39 50 18 19 18 27 12 3 14 11 15 49 40 23 33 2 7 25 29 0 48 17 19 28 
41 8 43 32 4 40 43 17 22 1 34 45 32 10 16 8 1 47 23 27 19 50 10 47 34 44 14 6 0 13 11 23 
26 21 23 27 12 25 46 9 14 22 45 43 49 6 29 1 42 41 17 29 1 45 42 9 42 48 47 48 10 0 27 37 
4 12 28 8 25 9 34 5 34 6 39 9 6 25 7 12 41 6 43 22 16 46 33 23 32 29 15 36 15 28 0 49 
49 38 35 41 31 22 49 5 42 9 37 34 23 13 36 37 34 35 37 7 43 17 5 22 9 30 5 27 46 45 48 0 
40 0 6 8 40 22 21 34 27 41 43 1 2 14 29 13 10 10 46 43 31 1 29 22 6 32 33 14 33 2 17 22 
9 48 0 11 47 28 16 23 15 16 1 9 47 15 42 16 42 43 46 20 46 31 4 15 47 12 35 2 9 39 8 2 
25 24 21 0 43 4 3 33 36 45 37 32 27 31 43 32 8 15 16 42 22 37 32 21 42 6 33 14 35 43 14 15 
26 9 49 34 0 23 44 50 13 39 10 11 26 9 50 27 35 5 30 28 38 43 48 36 16 43 4 30 37 21 39 48 
43 31 23 6 19 0 32 9 10 14 16 4 4 12 26 7 13 42 29 49 10 5 16 27 22 29 23 34 42 19 15 13 
42 50 13 19 45 36 0 44 9 3 46 21 14 22 40 45 25 40 36 41 38 8 22 30 44 28 5 2 28 46 49 18 
41 50 3 13 4 50 8 0 13 27 49 21 47 15 35 3 5 32 35 48 44 6 29 27 6 20 21 20 42 40 35 17 
14 4 28 30 14 20 28 41 0 26 33 24 15 40 38 26 15 9 25 1 20 44 48 6 13 13 24 47 43 33 31 17 
23 42 32 8 44 38 6 39 35 0 5 44 23 11 32 14 37 18 45 6 11 17 40 16 24 16 48 15 17 40 23 35 
8 46 17 1 23 8 31 32 28 4 0 37 16 15 50 26 45 31 50 38 29 49 28 20 1 34 27 9 42 46 23 39 
49 12 21 36 28 45 32 42 29 38 13 0 29 8 31 24 1 24 41 4 35 18 3 44 36 31 26 16 17 47 49 39 
37 6 15 38 4 45 14 48 50 50 9 9 0 42 37 49 13 20 10 26 36 1 43 38 22 47 19 35 6 2 29 15 
45 30 49 27 23 43 43 21 7 11 43 4 36 0 10 44 3 50 32 14 47 8 21 14 39 44 18 44 41 36 10 9 
46 21 35 14 30 43 11 26 20 27 40 20 25 8 0 39 3 12 3 16 36 24 39 33 8 24 16 11 33 6 50 3 
35 47 3 48 33 1 47 15 10 40 6 44 20 19 2 0 40 31 5 16 32 39 20 25 35 8 38 28 40 14 33 28 
21 21 25 5 23 23 11 7 2 16 38 6 47 18 45 14 0 39 23 27 31 28 41 18 15 16 22 18 40 45 24 7 
2 28 12 36 24 45 15 29 17 20 49 14 16 1 14 29 18 0 13 25 39 17 37 2 1 31 3 11 39 1 5 22 
12 28 9 37 29 35 33 22 20 25 44 10 12 29 27 3 14 2 0 44 1 27 21 36 40 15 27 11 6 21 34 26 
29 12 48 38 36 7 14 36 44 36 42 5 14 24 28 40 22 4 1 0 47 38 8 5 45 41 43 20 23 3 25 27 
1 36 50 16 48 14 42 42 46 1 16 50 16 36 17 22 17 38 37 40 0 2 21 37 38 21 8 4 47 44 38 42 
34 20 9 41 19 15 9 30 27 31 13 6 47 22 9 40 10 25 21 3 35 0 17 36 25 31 49 12 45 41 11 45 
48 8 9 33 31 7 46 48 8 9 8 10 10 40 15 41 17 13 19 45 23 23 0 36 7 17 35 34 10 20 3 14 
40 16 36 15 49 39 39 28 33 15 27 14 45 28 7 26 36 16 9 46 33 23 17 0 22 26 23 2 16 46 24 36 
29 5 45 19 45 24 26 17 2 28 35 36 30 47 9 41 30 11 9 49 45 11 8 31 0 17 49 14 39 26 37 23 
33 10 29 49 9 50 9 12 3 11 49 8 19 49 38 37 26 17 32 23 6 38 26 41 18 0 48 15 2 46 11 37 
41 15 5 3 26 1 48 50 42 21 49 7 38 46 4 39 33 30 12 38 22 45 15 18 45 35 0 39 32 12 36 7 
16 42 24 9 43 15 46 12 36 28 17 40 2 7 32 38 46 14 9 32 23 35 23 15 47 1 37 0 8 42 13 17 
39 7 14 34 15 15 38 11 25 38 19 27 10 5 5 13 11 14 47 43 18 4 4 35 32 20 9 12 0 43 28 39 
20 24 11 29 34 38 24 17 24 9 3 34 45 4 9 13 11 42 38 27 44 45 21 50 36 3 30 2 46 0 6 26 
19 48 50 50 4 50 27 21 26 38 48 24 35 15 20 10 32 24 7 49 21 6 2 45 25 3 12 44 32 9 0 23 
22 18 34 35 37 46 5 6 14 34 21 13 40 47 21 37 35 16 43 48 28 39 7 6 14 47 5 25 1 38 33 0 
39 0 17 15 27 7 2 31 33 15 27 19 43 15 50 43 13 48 5 17 28 28 40 11 45 33 11 28 21 41 41 31 
5 27 0 2 32 46 25 21 15 36 4 34 29 22 10 47 43 6 21 35 7 20 34 11 5 50 6 21 44 46 24 11 
43 24 47 0 14 17 14 18 48 38 28 40 32 24 45 11 40 36 37 19 23 50 7 34 11 22 16 47 32 41 5 27 
19 12 44 41 0 6 26 46 30 29 38 24 47 30 30 3 38 11 40 17 35 8 27 1 11 37 40 36 43 1 17 36 
7 34 1 22 20 0 30 4 6 15 40 7 40 35 27 10 5 31 19 29 37 43 25 20 20 42 12 34 5 16 40 3 
30 13 2 17 13 29 0 9 33 9 7 34 2 45 2 37 16 34 27 36 5 24 22 31 44 33 14 32 30 9 46 50 
41 25 37 27 28 33 10 0 48 26 23 37 21 30 9 23 25 18 5 46 50 29 31 36 30 8 32 9 35 50 48 30 
24 13 8 44 27 8 25 10 0 34 25 30 10 33 38 2 2 35 11 39 15 25 14 46 21 10 40 8 20 47 25 26 
48 29 43 13 8 22 15 46 17 0 43 46 13 26 50 21 3 42 6 31 24 25 11 33 5 11 18 37 34 38 1 6 
13 9 50 32 31 40 25 45 30 21 0 15 22 22 29 2 21 22 40 37 17 14 16 1 1 38 46 39 2 41 35 31 
9 17 37 33 4 26 19 40 14 17 12 0 2 4 10 39 12 26 10 47 16 45 1 35 43 48 9 49 44 36 2 24 
5 45 40 6 6 35 46 49 46 4 50 24 0 50 2 15 48 42 50 35 13 43 44 20 37 9 33 45 36 45 27 25 
5 13 44 8 7 15 4 34 27 30 12 2 13 0 45 27 35 41 33 12 8 45 2 39 32 11 26 3 48 23 41 11 
4 19 29 46 12 6 45 8 33 38 17 8 33 31 0 42 7 42 32 48 5 3 34 20 30 4 24 13 47 32 12 7 
11 37 20 9 34 34 50 16 30 47 25 29 21 29 44 0 7 1 20 19 12 16 25 36 8 20 50 50 42 38 44 48 
27 22 32 6 22 13 23 9 24 42 17 19 9 29 6 50 0 2 10 18 12 28 13 1 41 36 1 13 39 35 35 9 
29 36 49 48 7 39 23 23 44 29 11 45 20 50 7 28 30 0 14 1 48 32 21 32 21 15 22 41 21 21 1 34 
25 40 34 38 33 10 31 49 11 29 38 24 34 17 18 31 41 30 0 23 34 25 35 37 27 8 5 29 34 36 48 3 
3 44 45 37 6 37 12 24 19 49 16 40 20 45 48 48 4 47 41 0 1 42 48 18 9 40 4 7 31 29 32 47 
13 13 26 36 30 40 30 13 44 29 6 5 35 10 45 18 33 11 7 25 0 38 45 48 12 5 27 36 47 3 30 32 
46 38 3 3 28 44 9 18 9 24 34 48 23 36 43 34 50 46 36 25 20 0 23 7 9 19 15 15 31 4 4 33 
11 14 47 10 18 32 7 17 25 24 44 48 1 4 48 26 26 13 43 37 2 17 0 6 13 24 31 44 35 13 29 29 
14 5 41 24 34 26 26 26 2 43 29 12 2 27 25 6 6 21 40 39 19 11 18 0 32 44 9 35 37 37 39 23 
5 46 46 30 44 10 30 15 50 1 37 42 44 23 6 4 36 49 26 38 14 23 41 10 0 3 38 10 31 25 41 40 
39 14 20 25 16 7 48 32 46 26 7 40 39 32 20 24 10 38 5 50 38 12 1 9 32 0 5 36 27 6 1 49 
40 9 11 48 28 24 49 40 48 38 18 30 13 8 34 3 28 33 14 50 44 20 42 2 28 14 0 12 43 12 22 21 
26 45 27 17 31 28 35 43 50 11 48 8 12 21 33 39 1 49 3 8 44 43 1 6 21 18 10 0 21 15 13 6 
29 27 18 43 35 36 42 3 26 44 41 14 40 46 13 31 32 46 26 11 45 9 14 27 33 44 22 47 0 14 19 14 
28 38 5 19 31 45 29 48 3 10 47 28 14 4 29 12 11 9 38 29 26 40 3 12 21 13 41 10 41 0 15 46 
39 8 30 14 27 35 27 32 37 4 48 23 1 49 32 1 24 5 33 11 38 27 41 39 39 36 44 49 18 4 0 20 
8 39 15 8 20 34 40 3 28 34 27 2 25 28 18 2 14 39 13 17 6 9 4 8 13 18 42 25 42 42 28 0 
14 0 33 35 41 34 37 42 12 17 34 2 5 27 12 26 16 12 22 34 30 11 6 38 14 49 36 8 45 3 43 16 
12 37 0 7 13 19 41 37 34 16 23 27 46 33 4 4 27 46 38 2 30 4 8 12 18 9 46 21 43 49 29 47 
9 25 19 0 40 19 21 49 7 25 25 38 19 8 35 11 5 11 45 9 12 7 1 13 12 5 26 40 5 23 21 45 
36 37 26 18 0 21 14 15 36 7 48 32 28 5 17 40 5 34 48 42 10 48 40 18 41 8 12 8 36 43 32 44 
34 4 31 3 32 0 32 17 40 41 47 9 3 15 26 24 8 46 15 21 6 7 32 11 48 46 20 36 10 9 7 29 
43 25 4 48 24 25 0 14 8 24 17 9 1 14 39 38 3 15 35 4 13 21 23 26 37 2 43 33 8 12 46 8 
31 35 18 17 28 11 29 0 50 34 32 7 48 40 49 32 47 9 8 17 22 25 5 44 9 21 50 17 46 32 42 7 
47 28 10 28 16 47 23 11 0 43 37 36 21 31 14 25 37 38 21 46 25 50 45 25 33 26 42 10 46 29 44 34 
19 42 26 11 21 30 22 16 1 0 37 48 25 36 40 35 14 45 47 14 29 25 36 18 7 2 4 28 2 25 38 27 
32 49 4 17 30 6 4 5 7 17 0 5 46 38 3 21 39 43 42 28 16 50 16 15 9 34 24 19 9 17 3 20 
42 14 10 16 26 33 24 5 9 41 42 0 7 13 21 40 31 5 32 15 36 10 47 23 28 17 34 45 34 7 37 45 
38 4 47 14 32 28 37 45 7 19 38 20 0 25 8 9 3 39 44 43 15 28 3 18 11 45 42 33 49 43 38 41 
49 22 47 5 3 16 7 9 3 19 38 8 17 0 23 27 49 20 9 32 7 41 14 23 18 35 37 37 20 41 46 38 
2 20 29 40 49 28 3 6 37 32 36 41 46 40 0 45 1 38 18 44 13 41 11 31 50 35 50 30 20 17 30 38 
18 8 31 36 39 38 34 29 21 18 3 45 26 5 24 0 27 28 41 36 50 2 48 33 48 42 39 29 5 49 49 34 
40 8 45 18 33 16 4 6 14 5 39 23 46 38 16 6 0 46 12 24 2 30 31 31 36 21 25 34 45 1 9 29 
31 22 35 14 38 31 38 41 11 24 35 23 46 13 25 38 10 0 26 33 34 44 25 48 5 9 28 9 48 8 33 10 
6 5 26 9 2 12 24 29 26 9 21 14 28 45 9 35 23 46 0 38 24 19 18 26 35 6 25 31 6 11 22 40 
33 29 15 30 18 20 5 24 27 37 48 8 26 24 12 21 10 50 43 0 37 3 21 10 41 38 30 41 4 27 32 18 
19 4 19 38 35 14 16 42 16 19 23 11 37 22 11 50 12 44 5 21 0 7 18 36 38 13 19 24 42 38 30 2 
47 46 19 30 4 7 36 27 8 45 8 28 18 31 10 23 20 28 31 29 10 0 23 11 11 1 18 32 26 17 40 24 
4 36 18 26 16 18 43 7 43 26 17 48 27 49 41 18 7 3 47 5 15 8 0 1 42 25 35 8 29 36 26 11 
11 18 21 5 42 1 5 44 5 27 21 38 4 43 26 35 13 10 1 25 24 20 36 0 10 46 36 26 2 32 10 14 
21 18 16 6 30 7 45 50 17 3 9 42 29 44 21 48 49 50 1 46 20 36 1 37 0 41 33 11 10 6 26 4 
13 46 13 50 21 38 37 46 29 18 11 34 23 15 29 8 16 26 39 27 2 32 15 45 36 0 18 29 16 48 46 36 
44 41 49 47 46 16 45 1 11 13 4 23 28 9 2 28 23 12 25 46 34 17 50 2 32 31 0 18 15 3 9 22 
48 33 33 18 43 24 19 33 42 22 26 29 15 49 10 37 37 34 40 7 4 23 1 2 27 42 48 0 16 16 48 30 
48 2 41 6 40 46 42 9 5 5 30 34 24 9 39 36 4 23 45 32 32 14 2 19 25 33 32 41 0 2 27 4 
18 45 43 28 27 25 43 20 42 45 25 36 3 24 40 27 43 39 7 45 44 21 17 49 35 50 22 31 8 0 14 2 
8 28 2 12 39 32 32 12 12 11 3 4 37 8 28 50 45 36 6 39 2 45 33 10 48 28 44 43 28 3 0 12 
13 28 44 17 8 2 13 1 46 12 28 46 34 41 17 30 41 7 1 27 46 2 26 50 13 46 42 14 11 38 39 0 
35 0 9 50 41 27 43 41 20 49 33 35 11 27 25 50 49 20 31 49 4 37 27 26 16 11 2 45 4 13 11 50 
40 8 0 24 43 38 35 1 41 37 1 38 2 45 12 42 49 25 14 47 22 34 13 35 3 8 33 34 30 25 49 37 
8 39 34 0 45 4 4 33 13 15 20 40 13 3 50 26 32 5 20 3 21 41 16 39 16 28 23 22 36 5 1 21 
17 38 15 30 0 14 12 17 38 46 43 2 33 3 44 1 33 4 32 2 30 11 22 29 47 43 1 18 18 31 33 47 
8 14 49 24 25 0 39 20 13 20 38 32 8 28 40 34 36 23 28 41 19 4 4 22 10 45 10 18 37 13 45 50 
8 14 46 44 19 5 0 21 27 44 34 20 32 42 30 15 1 7 10 15 46 41 40 15 44 5 43 40 29 15 21 33 
50 26 38 24 44 33 46 0 16 32 2 1 48 35 34 22 30 31 31 10 12 28 48 50 10 18 50 3 39 26 15 42 
12 23 1 21 7 5 6 21 0 18 11 44 34 44 40 43 30 10 34 13 10 49 6 10 6 2 27 29 7 45 31 8 
40 17 11 40 25 35 14 16 26 0 25 10 42 1 34 15 6 21 26 21 43 6 14 6 44 6 14 46 19 31 27 50 
27 38 4 5 17 34 50 19 45 47 0 19 37 35 39 15 10 22 38 21 8 32 25 39 3 26 11 17 34 11 40 45 
35 50 26 34 5 47 30 48 23 21 7 0 26 47 37 27 22 5 42 5 24 32 11 19 19 2 50 2 29 7 17 16 
8 6 2 34 38 10 6 11 13 43 40 48 0 37 25 50 42 16 50 40 13 43 7 16 14 25 32 7 32 5 46 1 
42 7 5 50 20 46 4 40 12 50 32 42 32 0 42 13 32 44 3 8 36 30 17 4 24 1 40 38 10 6 3 24 
6 17 43 49 42 32 25 30 47 12 10 28 14 11 0 16 35 23 12 50 13 30 48 10 21 25 3 32 50 30 8 45 
34 10 26 26 25 39 43 22 1 20 23 11 24 20 39 0 41 14 35 6 16 48 7 40 45 9 8 22 25 39 1 26 
1 40 18 27 19 38 35 42 46 30 41 50 44 7 37 37 0 2 36 13 18 15 25 42 48 28 20 32 18 18 18 19 
34 50 44 23 22 7 44 20 3 29 44 10 37 7 7 46 38 0 22 22 21 39 26 33 12 27 48 21 49 50 7 17 
24 29 11 7 1 1 35 15 30 8 16 11 40 21 15 5 41 21 0 24 45 47 47 48 31 8 17 33 46 24 36 45 
21 46 12 21 31 26 50 7 46 3 8 42 13 23 16 44 41 12 43 0 31 29 26 13 21 28 32 31 50 34 18 40 
41 45 14 46 15 28 1 34 30 41 14 28 43 39 6 35 8 42 24 42 0 35 31 6 17 45 34 41 43 50 46 1 
24 29 14 17 48 50 27 2 17 41 28 14 40 15 49 20 32 23 47 23 8 0 11 26 5 11 39 48 1 31 37 8 
35 35 41 41 50 29 23 8 36 31 41 8 2 7 18 17 2 47 14 10 21 3 0 23 43 14 3 9 7 9 2 27 
21 30 33 44 30 50 25 49 41 10 15 12 42 17 4 25 49 43 23 46 5 18 28 0 37 32 12 48 28 48 21 17 
49 34 5 21 28 20 13 38 17 28 48 23 50 7 42 31 26 10 29 10 14 37 6 22 0 3 3 46 13 18 2 48 
2 21 43 16 28 37 47 26 5 37 6 6 19 8 45 28 31 41 32 23 18 20 12 4 12 0 28 34 18 26 24 1 
21 16 31 47 3 8 41 14 44 30 34 24 24 9 32 38 15 9 25 16 22 37 30 30 32 10 0 40 4 50 4 29 
1 32 36 35 40 39 12 42 21 40 27 38 43 34 47 38 45 31 41 20 10 1 9 29 34 36 1 0 15 44 18 38 
15 40 1 34 42 38 24 42 49 4 17 5 26 46 49 37 47 36 22 45 24 9 35 20 1 23 7 1 0 5 39 47 
49 3 3 13 49 42 1 5 1 22 39 43 16 43 46 34 34 36 49 5 29 23 23 14 6 6 32 33 19 0 31 23 
38 11 7 18 2 23 33 1 45 47 32 22 23 36 17 19 28 5 40 24 16 6 34 19 27 31 40 8 43 11 0 18 
36 20 50 1 32 10 25 45 11 2 36 4 8 48 1 50 29 39 37 5 28 30 8 8 33 27 38 42 22 34 26 0 
8 0 35 29 46 2 24 35 36 9 3 11 29 22 30 2 27 22 26 31 11 19 6 7 41 7 13 43 18 5 23 34 
24 28 0 27 29 20 30 2 50 27 44 4 28 2 18 1 36 28 31 1 17 16 41 23 7 2 28 39 40 40 32 18 
31 37 20 0 37 2 46 2 32 47 20 27 4 18 16 28 5 23 6 27 15 37 5 6 18 33 5 20 27 43 42 12 
10 46 27 23 0 42 33 31 50 40 27 49 5 47 40 37 6 41 24 23 16 35 13 17 31 27 31 3 5 47 27 25 
40 5 9 17 9 0 41 43 37 23 43 6 37 39 39 1 10 28 46 50 29 4 20 27 27 48 29 47 47 11 31 26 
4 14 2 10 50 38 0 24 29 15 49 37 50 23 29 26 28 43 26 22 25 10 47 48 22 20 29 32 20 31 45 46 
27 43 17 3 24 38 29 0 1 22 5 18 35 31 17 21 4 49 22 1 5 22 39 6 17 8 17 30 40 21 7 4 
48 21 4 11 8 6 27 3 0 41 14 25 50 21 43 12 17 6 50 25 34 49 30 41 25 38 38 1 46 7 8 40 
31 16 1 20 15 28 7 13 48 0 22 19 11 41 47 39 36 25 46 50 25 40 47 23 6 18 30 29 23 21 6 32 
47 34 25 45 35 20 23 47 40 50 0 37 28 13 30 20 50 29 50 2 26 50 8 34 50 35 43 45 2 36 49 34 
43 42 40 23 27 17 2 4 16 2 49 0 10 25 4 19 11 26 49 31 1 24 19 30 33 39 50 25 11 43 26 21 
12 42 16 45 36 24 8 43 33 27 46 37 0 25 1 48 9 47 16 32 19 4 6 48 11 25 13 7 34 28 42 41 
12 41 32 38 19 10 9 34 38 19 6 48 25 0 28 33 6 32 42 42 29 46 11 7 18 7 44 6 20 23 17 24 
16 41 37 34 47 43 14 29 49 38 32 45 1 48 0 8 24 33 43 7 26 42 36 14 45 1 35 14 32 25 5 39 
11 22 45 41 7 38 45 37 13 19 13 43 41 15 17 0 6 20 49 20 23 28 17 41 33 31 28 42 33 13 30 33 
4 45 49 21 24 6 8 2 36 39 7 44 8 29 43 23 0 31 35 29 44 33 5 32 12 45 31 13 10 29 47 12 
25 34 36 10 48 43 44 43 50 13 48 35 34 22 23 34 4 0 38 6 12 48 34 36 50 50 13 38 26 44 44 48 
23 40 27 33 11 22 20 45 31 37 43 29 32 36 21 49 40 23 0 47 9 23 24 35 14 41 49 37 10 36 5 18 
50 7 16 25 45 7 40 13 12 34 44 26 25 6 6 5 14 29 15 0 49 4 47 35 26 50 6 14 42 13 36 10 
10 26 19 43 22 16 12 27 42 50 10 35 26 30 49 10 9 35 44 23 0 32 21 7 14 4 22 40 26 39 44 48 
1 27 24 34 1 7 14 34 39 3 2 24 49 45 12 10 47 1 46 6 8 0 19 13 28 40 19 5 40 1 27 36 
38 48 3 10 9 2 46 49 4 45 1 5 20 31 47 9 20 42 12 44 25 44 0 39 41 32 14 46 45 32 2 24 
34 13 17 14 26 47 35 4 9 1 3 42 11 7 14 43 48 43 11 36 48 39 34 0 11 45 10 12 29 45 6 2 
17 3 21 18 43 3 17 21 12 36 39 4 43 23 3 28 34 18 22 49 2 21 17 27 0 45 30 7 20 17 35 6 
9 3 50 36 40 40 39 22 41 31 23 49 50 9 36 41 39 43 32 28 11 24 8 1 47 0 37 45 24 14 47 48 
5 28 30 31 2 43 37 13 39 46 47 32 18 30 23 17 19 10 39 18 28 35 7 46 36 45 0 50 40 3 46 16 
9 44 34 18 22 21 29 34 48 2 30 43 33 15 43 41 22 24 20 27 15 25 30 21 20 21 35 0 46 7 44 48 
11 44 31 39 38 34 12 1 47 40 26 41 16 48 42 25 31 43 5 29 16 34 19 2 34 14 14 48 0 2 36 34 
28 5 5 20 50 3 27 5 7 10 24 23 37 39 35 15 23 28 46 4 3 2 16 32 28 25 29 5 25 0 21 14 
50 11 7 48 37 11 29 43 23 5 39 49 19 43 11 33 13 50 50 41 21 6 32 31 26 39 24 43 25 24 0 22 
31 36 46 24 12 30 41 48 4 44 36 24 50 14 4 47 39 17 43 17 6 25 31 44 44 29 27 23 48 38 37 0 
19 0 49 33 9 13 24 19 49 3 23 2 46 47 35 33 33 17 23 43 35 26 32 8 16 6 6 2 31 34 4 19 
1 17 0 8 18 25 18 6 41 24 21 19 41 45 5 30 34 9 11 47 10 50 6 3 12 37 42 17 3 8 22 39 
16 49 4 0 2 30 40 18 9 16 11 32 19 14 7 42 14 12 27 22 44 20 37 45 19 45 14 46 31 33 1 4 
34 3 33 4 0 42 41 4 50 44 41 3 32 49 19 38 39 5 45 29 6 27 36 29 19 29 5 35 7 16 45 37 
26 15 8 49 17 0 32 4 50 23 9 27 29 3 17 6 47 1 8 25 42 36 5 45 28 48 25 14 25 38 6 47 
35 50 4 28 17 41 0 20 21 8 1 46 7 48 50 8 26 2 24 9 35 50 41 3 2 22 20 31 1 43 18 30 
13 17 12 43 29 49 40 0 39 6 31 37 18 41 41 49 48 28 41 49 12 1 30 22 48 45 48 3 7 47 10 20 
29 40 22 34 40 36 8 30 0 28 13 36 3 4 13 23 13 11 23 23 4 10 44 7 29 33 46 15 49 32 46 33 
42 46 11 8 29 20 8 9 12 0 21 12 22 50 16 27 18 35 22 35 43 34 25 7 11 36 34 43 1 44 22 10 
48 32 31 44 7 44 5 44 43 4 0 15 11 34 49 22 8 14 6 29 30 27 47 4 50 18 40 1 23 46 27 7 
16 41 11 14 41 19 22 20 25 30 28 0 42 39 20 15 24 13 14 27 30 45 16 42 33 2 28 31 27 18 43 33 
49 17 48 49 21 23 35 32 39 43 37 4 0 50 49 5 16 30 4 16 39 9 20 48 12 50 49 28 13 13 38 45 
3 33 48 30 26 42 21 44 1 29 33 38 37 0 9 13 43 34 47 13 2 24 2 4 24 30 19 36 50 22 45 22 
19 1 48 34 22 3 20 29 24 10 10 16 11 27 0 32 11 3 38 7 45 17 1 37 22 1 29 24 1 8 7 21 
23 7 7 14 38 40 25 41 40 15 18 39 43 15 37 0 44 48 48 8 33 13 16 1 6 19 14 27 34 44 29 20 
22 18 39 37 9 4 13 44 22 29 47 17 31 49 12 45 0 7 14 36 27 3 50 24 9 7 6 2 46 25 13 42 
48 12 45 47 22 4 28 29 40 35 5 37 5 16 49 21 8 0 7 20 21 21 9 3 18 23 44 30 30 3 3 18 
20 9 38 50 6 36 3 41 41 29 36 46 43 49 14 20 43 9 0 36 45 40 6 43 21 40 9 28 24 28 24 49 
26 37 18 35 28 17 17 44 35 5 17 29 42 36 13 10 19 9 25 0 38 22 18 9 29 15 16 17 10 47 9 29 
13 17 31 10 10 26 14 36 3 27 15 2 40 23 27 2 36 28 49 9 0 15 4 37 27 9 29 39 21 13 1 7 
47 27 27 4 12 12 26 4 35 5 24 22 12 7 17 19 6 38 15 32 33 0 48 50 14 10 31 4 2 31 37 44 
24 3 20 19 25 13 20 16 41 11 25 15 4 42 32 26 20 43 10 34 34 49 0 20 25 49 27 14 45 32 8 24 
23 49 12 1 20 42 39 42 6 36 22 24 21 9 34 47 22 28 5 35 10 21 3 0 11 25 33 46 20 49 50 25 
35 33 37 2 16 42 41 12 34 32 1 4 48 12 25 49 16 16 31 42 17 27 24 14 0 2 46 2 26 37 47 20 
43 7 11 38 41 34 8 18 5 31 16 22 3 9 18 5 49 1 35 30 4 19 8 9 8 0 10 24 50 21 41 16 
26 37 12 9 48 37 24 34 15 9 49 27 11 1 6 21 5 35 42 3 26 3 17 16 25 50 0 3 31 32 11 8 
48 14 16 41 35 42 1 20 18 26 18 20 22 6 43 47 8 3 39 19 16 29 38 40 23 21 47 0 35 48 35 44 
2 4 2 1 13 46 10 21 30 5 15 25 28 9 33 46 11 32 3 45 28 43 43 42 19 27 26 18 0 15 45 17 
23 34 33 16 16 21 5 31 2 48 32 10 14 1 5 10 32 41 25 37 3 46 40 16 10 12 10 32 36 0 20 43 
7 35 39 43 42 46 43 17 26 6 2 1 47 47 33 30 42 15 17 45 28 40 9 14 27 44 18 6 5 11 0 23 
45 33 6 25 25 26 9 14 15 39 24 50 31 1 45 44 20 27 32 19 18 20 26 15 18 26 25 16 48 29 38 0 
12 0 15 33 8 19 42 22 9 4 33 1 2 6 4 40 29 14 33 1 48 30 24 42 6 26 8 42 8 50 1 43 
16 37 0 2 12 35 49 43 26 2 48 19 28 36 17 18 20 11 28 48 11 33 48 31 8 39 23 28 33 12 50 15 
9 4 41 0 36 15 4 43 5 30 21 7 49 1 12 46 6 39 8 38 31 30 2 41 10 19 7 44 24 12 22 11 
15 3 34 10 0 25 46 32 4 16 19 24 19 40 26 50 30 47 44 18 39 26 24 20 35 8 13 31 17 8 10 19 
43 9 11 43 47 0 17 2 21 11 7 5 22 12 7 34 1 34 19 27 48 30 45 33 35 42 33 50 3 12 16 16 
46 7 50 31 10 29 0 34 4 14 45 24 7 33 22 2 8 29 24 13 47 48 32 13 40 48 27 26 2 14 18 50 
9 45 42 9 16 13 27 0 25 22 1 16 14 3 7 39 50 14 40 26 22 29 50 19 18 15 44 11 33 33 3 33 
41 46 46 16 12 42 13 37 0 46 2 50 41 47 33 18 10 34 10 28 13 12 38 47 21 9 27 25 45 22 3 44 
42 19 18 26 19 8 42 27 9 0 2 4 31 20 29 9 23 35 47 35 28 23 6 41 21 3 50 25 7 36 17 18 
15 43 9 9 23 29 7 50 3 43 0 34 19 11 9 8 28 42 1 5 40 49 38 25 21 36 28 47 24 20 33 35 
41 42 35 39 38 11 21 37 44 28 48 0 33 36 40 38 30 13 46 22 33 7 32 28 20 28 19 38 23 45 32 34 
31 20 8 43 28 27 21 20 17 22 14 11 0 12 1 5 40 32 49 49 35 28 48 50 29 10 15 15 11 20 24 48 
42 12 44 18 13 28 48 10 4 43 26 6 12 0 43 21 16 19 23 29 6 25 47 48 7 33 20 29 33 14 12 10 
1 43 24 22 50 18 34 43 13 35 39 45 43 2 0 43 39 37 39 49 47 39 42 19 24 46 15 38 35 43 50 15 
47 42 33 26 13 38 21 22 48 36 31 17 22 36 2 0 5 5 41 31 43 44 15 16 21 9 25 1 27 36 31 49 
50 14 20 43 4 10 27 30 2 16 18 2 11 8 26 47 0 38 45 10 34 45 12 7 21 32 26 12 18 39 38 44 
37 18 38 32 4 2 44 48 45 28 11 30 27 27 14 6 14 0 34 28 13 33 26 47 5 38 7 49 12 28 48 10 
42 14 22 32 34 24 27 23 45 45 47 15 6 34 33 30 45 18 0 21 49 34 11 25 12 11 22 33 45 47 4 32 
21 47 19 20 17 6 45 31 33 38 12 33 18 37 11 41 21 6 27 0 4 44 8 50 26 31 39 11 21 13 41 33 
26 42 13 27 18 37 15 16 25 1 38 39 12 23 28 8 26 50 31 13 0 40 20 50 39 13 48 44 39 28 45 24 
18 42 6 36 41 5 11 44 4 7 40 3 4 6 20 39 4 4 32 35 22 0 33 29 44 7 43 25 14 21 44 27 
39 30 27 21 47 7 37 38 3 16 7 27 6 50 18 46 34 44 10 40 36 47 0 11 3 36 14 13 30 49 31 47 
23 11 31 2 23 28 36 23 32 18 16 29 19 15 6 23 44 39 48 41 20 12 4 0 41 42 20 24 36 33 45 7 
40 23 19 34 17 26 49 45 18 49 21 28 23 20 18 42 38 30 42 19 42 1 40 28 0 12 7 40 10 4 4 1 
40 38 12 27 7 1 31 40 48 45 45 30 43 49 34 32 22 25 28 36 6 42 26 16 39 0 33 42 23 10 36 40 
41 15 48 32 40 11 43 12 42 7 40 44 24 47 22 48 29 28 25 18 36 26 18 45 49 13 0 47 39 24 9 9 
30 12 6 4 16 45 18 45 21 30 13 37 29 16 48 2 19 17 36 13 46 35 19 5 15 47 4 0 33 28 15 4 
39 33 49 11 33 19 43 7 3 12 34 5 39 23 40 40 30 1 11 28 22 39 46 14 45 44 1 40 0 19 42 35 
18 6 26 25 4 31 6 16 34 27 11 34 2 13 31 30 32 26 8 24 33 17 37 32 1 37 36 16 39 0 18 4 
38 11 27 16 49 13 49 36 9 24 35 28 2 12 5 45 2 15 14 20 14 12 18 2 1 19 44 24 18 45 0 40 
28 16 23 23 24 26 47 33 18 33 40 49 50 49 39 36 21 46 43 35 2 25 49 40 26 43 25 15 30 19 25 0 
19 0 15 35 8 13 30 39 32 20 5 33 47 37 25 14 19 4 13 34 24 29 25 10 39 3 17 33 47 31 1 32 
3 49 0 9 21 35 16 42 27 7 32 14 24 30 19 29 13 15 13 25 21 3 46 46 47 45 5 46 5 46 47 42 
1 19 24 0 30 49 29 5 30 3 13 36 28 42 15 2 30 20 25 5 19 35 7 30 29 7 4 12 27 30 21 37 
31 10 40 14 0 5 7 40 31 35 11 34 22 9 18 19 4 32 43 25 26 31 42 29 8 44 39 45 23 46 17 29 
50 32 27 5 18 0 3 1 48 24 31 44 20 8 2 35 22 12 39 50 31 34 6 45 6 40 32 33 20 16 13 17 
35 19 32 34 41 32 0 13 1 2 31 46 2 45 37 22 21 7 9 18 34 35 46 36 45 45 38 22 16 37 21 32 
32 11 15 10 2 27 18 0 45 41 49 38 49 50 39 4 50 19 18 11 26 11 49 30 33 40 33 37 40 3 11 48 
15 32 50 14 41 31 28 20 0 45 39 15 28 35 47 48 37 7 41 38 4 48 26 45 21 34 32 32 20 20 40 29 
42 31 2 24 17 50 26 14 19 0 41 49 17 37 47 22 46 36 42 46 31 49 16 8 50 40 37 30 30 10 49 8 
1 6 11 23 48 33 24 31 37 32 0 28 19 13 50 9 8 24 13 37 47 29 24 9 30 27 24 3 34 30 21 46 
5 20 33 48 12 27 25 25 14 12 11 0 10 50 22 47 45 1 31 30 7 18 23 3 30 28 47 31 46 25 31 40 
1 17 36 23 49 31 2 48 32 50 39 24 0 35 18 15 10 9 30 29 2 4 1 15 28 32 18 3 21 15 46 29 
1 33 23 11 43 14 49 49 14 49 33 49 7 0 30 50 19 13 13 38 22 17 46 29 37 1 3 9 42 32 28 32 
34 36 21 39 41 13 8 22 46 11 32 15 4 22 0 3 8 49 32 49 41 8 27 24 13 5 5 36 10 41 6 8 
17 37 18 49 13 37 42 10 7 5 42 43 12 35 31 0 25 16 48 45 10 10 33 38 24 8 12 9 34 36 27 48 
31 40 4 16 29 37 23 40 21 8 23 43 36 17 34 12 0 29 25 30 21 12 47 47 48 35 50 44 42 1 29 8 
24 30 8 11 4 9 20 3 39 43 8 24 3 38 40 2 8 0 24 50 31 10 6 7 36 35 44 6 31 30 44 32 
40 43 50 49 13 29 7 31 4 9 22 42 28 4 23 44 11 45 0 48 37 19 1 49 49 19 24 22 26 10 4 39 
24 46 12 19 32 4 39 28 24 2 43 47 22 38 15 29 32 13 50 0 46 37 32 7 13 39 45 1 31 40 7 31 
21 1 21 49 46 16 36 41 41 22 18 24 36 26 4 27 11 4 46 41 0 14 11 8 2 42 39 49 31 38 3 9 
38 18 21 22 47 2 39 19 14 47 22 9 25 20 9 22 38 35 18 41 27 0 44 17 17 11 43 19 8 8 17 6 
4 39 13 30 7 15 4 8 26 23 36 33 44 42 2 33 33 33 17 12 46 20 0 12 33 44 2 5 12 4 33 31 
12 47 41 18 21 13 41 2 8 34 28 42 18 42 12 23 25 10 10 37 25 41 6 0 11 34 27 30 36 6 10 43 
4 43 42 25 36 3 25 32 21 42 31 10 28 18 29 45 42 33 29 30 3 44 47 7 0 21 42 31 35 44 33 6 
47 48 42 24 49 27 17 27 20 1 28 40 45 44 32 28 43 6 33 39 4 27 31 41 10 0 47 36 4 45 22 40 
38 39 37 35 12 37 45 30 18 25 6 9 29 25 5 3 13 40 14 39 29 12 44 2 21 18 0 1 15 3 42 13 
33 49 11 41 1 8 10 21 41 49 26 16 14 48 19 2 17 5 44 23 15 31 34 12 27 45 36 0 15 44 36 30 
27 26 12 24 11 19 34 5 46 3 19 23 41 4 47 30 5 3 17 35 10 10 19 49 2 15 50 15 0 6 23 46 
28 5 19 49 40 3 25 8 33 33 1 49 21 47 8 43 8 31 16 31 13 27 2 21 18 7 14 22 46 0 19 20 
49 24 7 42 19 23 5 7 28 31 45 34 2 10 12 49 3 45 23 42 35 41 42 34 1 4 49 31 33 39 0 3 
12 15 14 2 26 14 5 40 20 4 24 38 1 18 43 1 12 7 8 12 27 24 27 35 9 32 24 42 15 25 24 0 
24 0 40 28 34 20 38 8 37 36 48 6 3 39 12 4 41 17 8 3 38 25 25 28 26 39 38 29 44 44 40 14 
25 46 0 31 50 49 24 35 24 13 4 21 23 14 22 21 39 24 6 42 8 34 13 38 50 50 13 2 45 32 9 15 
43 46 35 0 31 7 9 12 6 18 32 35 41 34 4 3 14 5 19 50 6 39 3 33 30 13 9 32 1 36 22 40 
42 4 40 28 0 28 29 41 14 31 13 50 24 26 50 23 4 46 47 49 48 27 33 4 27 41 13 6 19 49 27 12 
20 46 42 43 37 0 45 26 26 35 14 5 19 44 39 29 8 31 40 5 36 4 38 25 14 10 1 14 38 15 24 22 
15 4 2 31 29 34 0 7 36 10 20 22 14 35 22 14 11 38 12 5 25 29 44 42 8 32 22 29 34 36 32 39 
11 12 42 41 16 42 8 0 1 25 24 4 46 16 32 25 40 43 46 40 26 26 10 49 44 22 13 44 50 8 6 24 
1 28 32 12 2 44 32 49 0 19 31 12 31 2 25 49 26 26 8 32 36 39 46 7 13 1 14 49 20 4 49 9 
43 19 1 4 18 34 21 23 47 0 12 47 22 46 14 30 48 19 23 37 18 42 26 20 36 5 22 20 11 39 45 13 
46 21 22 19 12 2 22 31 42 6 0 36 35 25 42 25 11 49 22 16 31 47 17 31 18 17 50 16 50 46 15 10 
34 2 50 1 1 24 45 18 46 48 42 0 45 12 7 42 46 44 30 12 21 40 23 15 16 29 40 5 2 13 37 22 
36 28 47 2 33 25 41 24 37 4 5 21 0 33 5 23 19 11 26 4 22 20 35 45 21 11 37 34 23 11 20 44 
5 10 26 7 18 16 5 9 22 3 6 25 17 0 35 3 32 12 7 22 44 27 9 15 3 1 33 27 42 46 42 19 
14 18 11 50 11 8 48 6 4 7 17 33 19 14 0 11 28 36 8 5 23 17 40 26 17 46 46 24 7 35 39 13 
14 30 35 43 7 6 36 43 25 14 1 18 38 10 27 0 46 39 41 6 41 34 41 19 3 24 42 45 4 16 35 42 
22 15 44 4 3 34 21 4 23 50 16 31 9 16 22 39 0 8 20 50 35 16 30 49 29 23 12 33 20 16 12 33 
27 41 23 30 4 45 7 25 12 18 38 33 42 19 11 11 38 0 3 4 38 34 17 50 26 43 17 15 32 42 2 2 
38 11 18 40 41 37 36 19 44 2 46 38 18 29 47 7 11 12 0 1 46 17 12 25 49 10 41 47 38 38 30 25 
33 11 16 50 23 24 30 20 25 2 34 10 37 39 30 32 48 46 10 0 5 20 41 7 36 27 37 19 30 50 40 49 
32 15 27 13 27 3 30 25 34 32 43 27 44 33 2 39 10 31 10 50 0 42 28 26 6 43 4 31 24 37 5 1 
21 35 4 3 46 10 27 3 30 19 22 27 23 28 15 13 3 25 48 10 49 0 41 40 7 4 39 22 21 23 22 7 
39 29 31 22 42 41 31 7 29 34 28 30 32 20 2 3 28 29 42 29 49 39 0 46 2 30 46 47 50 8 39 7 
30 8 12 34 48 42 6 23 22 23 19 19 26 21 12 9 37 3 36 44 42 32 44 0 8 50 33 30 43 47 45 31 
50 41 28 48 22 20 37 4 11 23 6 20 7 31 20 20 31 19 37 10 47 22 46 15 0 49 15 5 34 16 13 13 
27 28 42 19 29 49 23 40 39 1 50 25 21 37 13 38 27 31 14 49 24 10 35 34 28 0 46 13 50 8 15 3 
39 49 10 30 42 15 12 42 22 8 30 49 10 48 47 25 28 37 28 28 4 3 14 40 17 43 0 8 41 34 36 24 
33 24 48 12 27 11 8 21 23 15 40 42 41 45 12 26 36 32 21 36 14 30 38 49 37 35 21 0 13 50 8 22 
8 36 35 47 25 12 37 21 14 21 16 6 13 15 11 24 45 6 18 22 10 13 1 10 3 37 50 26 0 42 41 46 
22 15 44 32 7 6 49 38 15 50 11 7 16 48 25 25 35 27 12 26 7 32 36 12 46 36 25 44 38 0 13 12 
29 24 25 45 41 20 33 4 18 47 19 3 23 50 6 36 13 29 13 15 50 31 15 39 40 30 33 37 22 32 0 5 
50 3 38 32 34 41 3 34 6 2 23 44 30 39 30 13 13 40 1 13 16 25 48 13 49 9 37 6 12 37 47 0 
33 0 37 43 19 1 35 18 22 45 10 45 8 13 27 37 36 50 11 17 21 48 22 19 39 25 5 26 34 26 5 48 
23 19 0 6 41 8 38 21 29 28 45 18 6 4 21 18 36 36 12 24 37 46 45 17 50 11 18 4 44 46 10 34 
47 41 13 0 23 39 8 37 30 48 30 32 39 26 30 16 16 19 8 20 40 23 3 19 3 29 3 6 30 40 34 27 
33 19 11 22 0 16 42 49 29 29 50 32 26 7 14 6 41 20 46 3 36 36 27 21 12 45 23 10 45 37 2 7 
41 15 4 50 21 0 15 9 1 25 21 30 41 40 41 27 12 39 23 12 37 35 37 49 41 6 49 50 28 43 32 5 
43 28 43 42 11 4 0 15 36 26 12 45 29 16 7 37 31 21 18 11 21 22 25 15 23 4 17 13 44 23 16 32 
9 43 16 37 14 48 50 0 17 9 25 37 37 25 41 9 33 34 20 18 29 11 33 11 33 18 13 20 39 45 41 21 
14 11 31 37 36 50 20 23 0 34 22 1 3 46 36 39 41 33 45 34 29 24 5 37 22 26 32 34 20 2 28 12 
22 18 5 24 26 45 4 23 34 0 14 48 35 8 10 31 15 47 30 23 38 44 12 12 47 9 24 10 11 4 16 1 
22 6 11 30 35 42 12 13 46 29 0 23 1 16 27 20 30 12 46 18 37 40 30 40 19 11 6 8 16 2 36 44 
19 18 14 27 30 47 30 46 24 36 17 0 27 9 21 12 47 21 39 45 48 15 37 29 11 42 16 43 19 29 35 47 
11 11 36 4 33 2 1 41 33 32 50 45 0 2 24 3 32 48 50 9 38 27 8 39 29 33 40 3 35 14 5 12 
18 39 39 6 17 23 18 29 46 21 49 12 16 0 15 43 28 38 40 35 45 20 20 48 21 4 23 8 22 43 50 16 
28 28 21 33 6 13 18 37 9 31 21 14 18 29 0 46 23 14 40 13 15 46 29 11 42 48 42 19 3 45 16 47 
36 46 5 21 34 45 33 38 15 21 3 26 15 49 6 0 31 43 8 50 44 32 31 35 21 49 18 30 36 14 44 15 
43 43 35 35 19 13 8 13 29 32 3 48 45 43 3 47 0 43 42 12 27 46 45 23 15 6 11 34 22 17 16 48 
25 21 6 11 34 30 15 38 18 35 46 22 13 30 33 41 29 0 46 22 37 44 2 18 20 48 21 20 30 8 29 36 
47 14 34 29 28 39 32 20 17 29 4 45 43 50 24 10 36 23 0 21 6 26 45 29 4 23 4 37 13 13 11 35 
31 39 49 50 9 29 1 6 3 47 27 6 8 40 8 26 20 25 11 0 35 7 37 24 11 2 35 31 6 24 2 19 
7 7 44 24 7 44 1 16 32 35 18 19 10 50 40 22 14 15 29 17 0 39 3 26 29 44 16 39 48 25 49 46 
32 1 28 20 49 15 17 2 32 19 10 30 1 39 19 14 11 13 14 17 41 0 46 35 31 5 31 15 30 41 6 4 
42 34 40 36 18 33 31 41 7 48 14 47 48 30 23 26 40 26 2 28 36 11 0 32 5 37 16 48 15 18 50 38 
11 27 16 19 46 12 4 1 32 31 22 7 20 28 49 38 1 33 6 26 5 40 28 0 18 31 2 36 50 3 36 16 
24 8 10 4 21 33 12 27 15 37 25 20 47 15 5 13 27 38 29 47 33 13 24 34 0 21 49 48 39 45 26 4 
49 47 16 49 49 10 24 29 5 40 6 42 39 30 20 31 4 26 40 9 13 25 40 34 11 0 35 27 33 22 35 24 
33 39 34 26 24 32 17 7 3 3 9 24 7 28 21 36 4 1 19 44 13 6 18 42 25 8 0 32 38 15 34 42 
8 21 17 23 4 6 4 47 49 38 20 37 6 4 1 33 7 41 49 23 32 4 41 11 28 22 42 0 2 17 50 29 
43 20 12 2 3 40 5 18 31 1 5 20 7 43 19 12 38 24 25 26 47 16 12 10 5 30 7 46 0 33 14 3 
30 50 10 28 18 45 3 48 44 3 23 19 23 27 35 35 18 9 10 4 28 43 25 32 27 9 3 47 24 0 34 9 
36 17 48 25 20 48 16 2 18 36 26 31 24 25 48 40 33 21 46 39 38 23 10 25 38 26 28 1 10 42 0 6 
25 11 44 38 2 25 3 15 38 3 7 43 19 2 12 1 8 29 19 20 27 28 45 22 13 7 24 38 45 20 15 0 
43 0 26 30 2 21 31 37 46 15 31 7 8 37 31 31 42 23 27 25 20 22 41 23 30 47 16 22 25 46 2 15 
20 18 0 38 15 17 40 1 42 21 22 34 5 39 21 21 9 41 33 16 1 11 21 1 43 3 4 1 5 5 9 12 
50 14 16 0 37 41 50 17 15 2 23 35 5 49 39 37 34 9 27 7 32 43 31 1 4 49 18 45 12 14 39 47 
37 12 10 34 0 41 24 34 30 10 25 19 14 28 27 16 2 5 17 20 43 28 48 28 20 20 13 12 38 23 5 5 
1 14 27 49 43 0 40 5 46 11 25 47 48 7 24 17 23 28 34 16 41 46 44 47 19 39 35 40 15 28 12 46 
8 6 20 18 1 2 0 29 23 13 50 21 10 18 32 1 21 46 3 41 35 5 8 15 10 8 17 8 10 9 50 41 
19 49 29 40 43 37 7 0 17 21 50 11 3 41 25 34 30 38 38 14 44 12 38 28 42 50 41 11 10 34 45 19 
15 14 10 3 11 40 42 9 0 34 40 36 20 35 45 5 25 35 24 38 21 22 45 6 29 32 22 38 41 2 27 47 
33 27 32 46 40 31 23 23 41 0 47 30 30 5 26 18 43 47 45 17 26 36 47 25 48 21 9 31 22 40 2 2 
8 8 44 3 43 4 50 16 44 13 0 2 48 25 43 15 1 3 14 30 41 46 35 1 11 37 3 34 25 32 50 1 
34 39 45 22 23 12 23 26 40 48 30 0 24 14 35 50 50 5 7 8 29 9 10 11 7 23 7 33 17 40 20 25 
35 44 12 18 9 30 21 42 40 30 38 41 0 44 17 12 38 26 37 3 30 19 25 22 43 24 28 39 50 16 29 7 
36 20 24 45 31 2 18 41 21 35 15 18 49 0 21 20 18 41 12 19 8 31 37 41 6 11 22 19 44 32 42 22 
26 12 24 2 21 21 22 32 37 9 46 33 45 5 0 7 24 23 4 11 49 38 48 21 27 49 30 18 35 9 33 24 
10 30 14 39 7 25 19 50 47 19 31 33 50 35 5 0 46 1 4 49 47 40 22 43 34 29 41 48 3 42 3 37 
23 4 35 37 4 32 17 1 50 4 5 14 30 8 15 22 0 42 45 34 17 32 11 37 35 39 37 31 10 16 27 16 
9 45 33 8 29 16 48 2 15 35 3 49 44 36 8 14 27 0 14 20 6 9 8 36 6 13 18 1 48 17 2 7 
36 23 38 47 20 48 50 37 7 45 44 20 33 29 12 44 49 31 0 24 5 46 47 22 8 1 9 28 46 12 15 50 
35 14 28 18 27 6 40 39 16 27 28 14 12 16 39 4 27 1 25 0 2 18 44 47 12 40 1 31 46 12 21 4 
26 42 45 9 6 6 11 35 38 10 42 8 28 19 33 10 43 13 5 1 0 46 37 14 33 42 17 17 29 27 25 45 
28 46 24 3 22 18 7 33 49 17 17 37 43 26 36 20 43 7 41 39 33 0 7 21 9 39 28 12 18 40 39 32 
9 14 16 15 13 4 16 12 43 36 30 7 34 29 50 21 8 7 47 24 23 36 0 37 12 22 26 15 14 44 6 40 
44 10 35 9 24 28 12 23 16 28 46 49 3 4 1 37 30 40 8 5 11 43 16 0 10 23 27 5 43 37 39 3 
18 37 47 37 47 50 21 27 44 47 34 31 47 28 38 35 9 22 40 36 25 37 2 29 0 1 45 25 36 47 24 19 
36 28 25 28 12 6 17 4 37 9 13 14 8 28 13 20 32 35 43 46 22 48 4 29 31 0 36 19 37 3 25 36 
30 21 29 48 4 22 50 27 29 42 18 3 27 12 24 44 1 39 26 43 1 5 28 47 39 24 0 47 48 27 37 30 
1 12 24 34 43 30 30 9 48 33 9 14 5 4 45 27 17 7 42 18 49 28 32 35 25 44 32 0 10 30 26 3 
1 43 13 17 41 4 28 32 14 22 30 28 11 43 42 24 43 44 48 30 41 35 19 32 24 31 39 9 0 49 49 21 
29 22 30 8 22 42 38 5 24 39 26 28 47 19 50 22 43 34 21 40 16 33 46 12 16 24 31 44 11 0 15 19 
33 16 1 1 6 31 35 20 32 6 40 24 41 16 8 23 13 24 9 47 26 28 9 5 47 26 19 43 48 12 0 44 
44 9 20 43 12 46 18 44 41 9 14 40 35 27 10 5 47 9 2 18 21 2 19 44 5 8 46 5 31 13 43 0 
22 0 20 12 47 15 22 23 46 27 46 30 19 38 12 39 25 29 37 22 22 34 47 44 24 42 41 27 38 5 1 14 
14 28 0 17 42 20 23 30 45 34 24 13 25 23 41 34 31 33 17 33 17 18 9 41 9 26 27 39 5 25 45 36 
42 27 32 0 17 41 22 20 19 3 50 43 38 49 21 22 21 34 9 10 44 21 22 34 46 5 38 8 17 44 34 26 
20 39 39 22 0 49 41 25 43 10 13 49 31 18 25 22 43 39 4 6 6 47 16 2 15 21 44 37 12 4 14 4 
26 19 24 24 49 0 11 50 24 31 9 16 50 32 23 42 16 21 34 45 20 13 39 29 30 4 38 24 2 5 5 14 
39 46 10 24 12 45 0 2 24 32 39 31 26 47 31 17 21 42 29 28 16 29 9 45 41 37 41 45 20 12 37 48 
19 26 46 27 5 22 50 0 30 22 20 11 13 31 33 14 32 49 38 18 33 23 28 40 35 31 2 20 37 22 50 33 
12 46 41 12 50 2 4 12 0 49 43 50 7 47 19 46 14 8 24 10 46 32 44 5 26 42 37 11 47 3 2 14 
9 22 37 49 18 40 22 14 31 0 46 26 19 41 24 21 43 17 35 38 12 13 13 4 1 19 42 16 21 14 41 7 
10 48 29 41 35 10 20 29 24 37 0 11 29 1 7 26 15 3 21 44 44 13 15 40 2 47 18 37 30 26 25 1 
50 40 39 17 22 12 33 37 34 47 7 0 15 26 2 34 4 44 44 28 14 50 21 47 45 45 8 28 45 17 23 41 
3 50 36 12 40 12 40 5 3 20 35 11 0 47 6 1 15 50 14 15 43 37 49 11 2 30 44 44 22 14 34 38 
20 11 7 4 15 40 41 45 43 5 40 25 44 0 15 11 50 39 44 44 29 32 3 30 4 4 39 35 32 47 18 18 
41 19 32 16 50 41 3 37 25 9 19 22 39 48 0 24 18 37 19 44 6 28 20 6 7 17 31 3 50 26 6 9 
49 25 37 49 6 12 50 11 10 37 8 20 20 13 32 0 42 7 30 22 49 13 3 13 40 22 14 26 49 19 38 3 
11 20 1 21 47 3 49 18 6 37 9 34 19 21 1 37 0 44 36 40 47 21 4 7 46 46 13 47 27 43 36 1 
43 23 35 48 50 20 42 35 39 8 12 16 12 5 19 45 20 0 21 28 32 14 29 41 33 7 13 5 26 35 6 22 
26 20 37 16 12 34 23 1 17 2 2 1 40 9 38 46 42 27 0 19 27 7 16 5 38 14 32 3 41 37 15 17 
50 33 36 37 47 25 39 8 11 48 21 11 30 13 28 2 24 19 17 0 14 50 17 30 16 10 16 50 3 31 31 32 
15 3 36 2 19 4 22 42 22 3 20 8 30 37 6 25 26 36 30 29 0 23 20 2 18 34 4 20 28 31 26 37 
28 31 16 6 8 45 11 10 48 3 27 46 12 30 9 1 30 5 41 25 17 0 1 2 10 45 1 19 18 15 35 45 
11 46 16 43 28 14 31 48 31 15 27 33 27 46 25 41 38 26 4 40 23 40 0 2 20 27 29 6 12 8 27 43 
45 14 9 17 1 46 38 31 37 50 7 11 10 41 19 26 15 20 11 31 43 12 45 0 22 21 45 46 16 49 9 19 
41 4 22 32 19 18 30 25 46 50 45 17 40 17 30 42 30 9 4 42 43 48 46 1 0 34 20 37 46 6 50 23 
32 29 32 16 8 38 10 1 8 36 46 16 31 48 45 5 5 42 3 17 7 46 17 27 44 0 9 22 48 49 32 34 
19 46 28 13 39 9 1 22 5 20 9 46 7 47 33 15 3 39 16 33 4 4 33 16 36 12 0 6 23 49 17 12 
2 27 2 28 20 4 36 6 47 4 20 49 47 49 1 11 30 12 44 20 9 34 49 31 15 13 12 0 27 28 3 29 
24 38 8 7 20 5 19 13 11 18 34 19 29 34 5 36 17 36 1 26 12 6 48 4 18 28 21 13 0 7 43 9 
28 44 26 47 11 39 42 32 7 12 49 33 3 26 15 21 48 10 27 45 42 28 27 18 18 41 5 40 42 0 34 6 
7 19 9 6 26 3 37 45 48 26 5 45 15 13 23 46 28 3 7 24 3 30 48 18 50 17 9 30 20 35 0 3 
40 23 6 43 14 44 20 40 19 11 16 30 20 37 34 13 5 45 46 27 37 36 11 3 27 22 41 6 9 45 8 0 
25 0 14 23 15 22 10 21 10 2 9 14 39 14 38 50 28 31 17 5 4 35 24 8 17 5 13 3 16 43 3 14 
31 24 0 3 41 17 48 22 12 4 35 36 45 19 23 47 47 16 28 44 10 40 5 41 24 2 7 6 11 10 7 5 
17 49 45 0 33 15 11 48 34 31 9 5 2 20 49 30 39 44 8 16 38 39 50 43 25 27 34 30 40 11 42 12 
3 47 30 19 0 47 25 41 32 36 19 45 13 2 35 4 22 25 23 18 13 3 44 20 17 18 6 20 6 32 32 9 
23 40 48 2 5 0 40 30 33 14 3 27 30 19 45 37 42 40 24 12 5 18 43 30 10 9 27 14 2 41 5 35 
1 5 11 22 24 4 0 33 49 33 45 40 5 10 27 14 1 23 31 14 30 33 20 28 41 31 11 38 44 29 26 29 
43 9 18 26 26 9 23 0 14 38 7 26 30 10 28 39 20 34 45 26 42 22 28 26 3 32 27 20 42 13 16 40 
20 8 17 47 46 42 1 38 0 43 50 17 26 24 8 40 18 13 42 41 5 49 3 34 8 16 34 16 45 49 40 32 
1 22 17 6 23 43 32 44 29 0 33 8 34 43 5 2 2 46 42 10 7 50 23 12 42 18 24 10 32 12 27 7 
39 3 18 17 4 7 3 18 25 32 0 49 13 23 42 20 42 4 14 32 20 3 40 34 32 29 11 26 39 49 34 50 
32 2 26 19 32 26 38 48 46 44 24 0 35 25 2 10 39 1 48 33 7 19 30 7 4 50 20 36 38 43 31 15 
19 42 33 17 11 47 24 39 16 16 16 37 0 27 30 6 9 31 19 23 26 41 17 28 31 3 45 23 19 13 40 1 
6 15 30 5 44 42 36 49 42 28 10 17 42 0 3 43 31 25 45 11 5 20 21 6 24 3 14 2 14 16 25 5 
26 26 16 11 22 48 25 12 18 46 20 31 49 31 0 1 37 29 10 15 48 25 2 35 31 35 10 6 3 30 41 22 
33 18 23 34 41 27 43 22 33 1 33 44 10 50 40 0 8 44 3 28 24 5 2 27 30 24 41 35 26 13 42 22 
32 27 24 37 14 26 47 10 10 37 39 33 48 43 9 26 0 31 46 2 13 1 3 17 18 32 41 44 10 50 42 17 
9 41 29 1 17 37 14 26 33 47 43 18 38 16 20 30 38 0 16 16 4 30 12 30 22 30 10 7 6 24 33 37 
10 19 20 30 42 20 42 43 39 18 20 20 16 8 35 30 2 13 0 12 6 45 34 38 37 48 12 7 21 7 31 8 
3 1 10 34 50 19 36 29 11 47 23 28 37 11 42 15 15 46 31 0 5 43 13 27 43 26 31 33 33 30 13 21 
36 9 10 17 20 7 25 35 12 16 35 1 10 23 7 2 27 6 48 43 0 26 27 26 16 41 24 18 8 20 36 4 
49 48 26 37 19 27 44 23 8 40 11 19 40 9 12 17 21 20 29 7 28 0 33 21 46 10 33 45 26 46 40 18 
16 26 13 37 4 35 36 39 26 33 33 40 3 15 8 37 8 30 7 47 38 41 0 30 26 16 28 31 28 36 33 18 
28 19 23 46 44 27 22 9 33 36 32 4 24 46 44 18 31 3 47 38 47 39 43 0 30 25 47 37 21 26 4 9 
3 44 15 5 21 30 20 15 10 36 22 25 12 7 38 6 31 23 10 1 25 40 46 22 0 39 27 44 22 47 41 1 
33 29 27 29 11 9 41 23 39 11 38 37 2 26 15 31 23 37 41 6 49 17 4 34 13 0 49 44 17 45 37 49 
18 20 35 39 46 35 29 28 48 41 50 22 40 38 3 44 47 24 46 21 35 7 35 3 17 26 0 44 17 13 16 24 
29 2 13 21 17 17 37 20 46 45 10 44 16 49 45 15 47 10 5 48 43 49 16 14 12 36 33 0 23 21 42 12 
16 32 17 22 20 27 17 37 27 10 5 1 27 26 14 19 4 22 11 48 7 8 19 32 30 37 50 10 0 32 35 14 
50 5 33 44 12 49 27 26 38 30 24 29 38 39 49 39 39 49 17 29 2 10 44 6 8 14 36 43 33 0 28 8 
5 42 47 5 46 44 32 2 21 28 46 23 19 33 30 31 43 32 48 11 11 16 7 13 41 11 28 37 49 14 0 35 
43 11 22 20 37 42 34 3 46 7 47 46 1 6 37 26 23 29 33 43 12 36 17 47 39 36 34 15 36 17 46 0 
4 0 8 44 3 13 47 14 44 40 10 29 3 5 15 20 6 7 4 36 6 8 16 21 24 8 44 25 31 1 8 20 
18 29 0 12 44 39 8 4 25 29 9 35 43 34 33 33 13 33 20 30 28 11 50 12 38 39 37 20 45 19 23 33 
43 33 41 0 12 24 44 22 31 49 4 30 7 47 23 23 38 41 26 32 43 12 22 30 9 18 18 24 5 2 38 9 
6 7 26 43 0 11 44 21 9 20 12 39 32 25 31 44 16 16 16 50 30 20 38 31 22 22 4 32 44 7 21 17 
30 11 45 25 50 0 21 31 13 44 20 17 13 31 23 40 5 28 25 3 8 40 3 9 40 18 27 5 21 7 12 28 
3 50 45 10 22 31 0 7 44 46 35 3 6 10 4 26 50 49 32 49 4 20 5 13 27 27 2 6 7 24 16 10 
6 32 43 14 14 37 14 0 19 25 22 32 8 24 37 47 50 37 43 28 6 40 9 9 8 49 37 18 33 20 26 50 
20 30 26 47 24 17 40 12 0 13 36 14 24 33 39 48 40 40 31 3 19 14 47 11 21 48 24 35 16 27 19 32 
49 50 22 12 28 48 40 23 33 0 48 32 15 21 26 35 27 20 1 48 29 2 18 7 37 24 20 6 50 1 33 24 
36 45 4 16 25 11 27 20 42 50 0 9 20 22 33 32 40 45 13 48 15 15 29 41 30 32 44 35 38 9 43 41 
22 1 24 46 20 17 11 11 16 43 32 0 7 29 44 48 35 5 42 30 11 37 4 18 9 7 5 25 34 31 27 40 
11 49 10 37 20 48 37 13 23 35 3 33 0 22 34 23 13 36 34 9 31 46 30 32 4 19 33 16 39 16 43 27 
30 40 4 21 8 19 8 28 37 18 30 7 27 0 35 21 46 25 35 43 39 50 22 46 44 32 18 6 18 37 33 49 
47 31 8 23 44 19 13 15 44 29 7 22 14 17 0 23 6 19 49 38 41 4 23 4 27 8 44 11 40 41 13 41 
41 5 20 34 27 19 13 28 28 13 20 49 10 44 1 0 32 28 9 12 37 20 50 42 45 24 27 31 15 50 8 23 
25 31 39 16 17 45 34 47 37 7 21 11 29 35 25 44 0 34 8 13 34 31 29 27 22 42 14 26 10 50 39 49 
29 20 40 46 19 22 29 34 38 44 13 25 31 49 40 14 11 0 50 33 48 7 38 25 43 46 5 18 25 4 20 24 
48 49 8 42 41 39 39 6 23 6 25 25 40 19 5 46 23 3 0 1 16 10 17 42 43 42 46 48 50 14 5 5 
30 19 21 16 27 23 7 49 26 22 44 11 42 32 13 35 24 42 10 0 45 22 4 5 15 31 7 16 1 46 41 39 
43 18 1 45 7 20 4 29 23 16 4 25 44 16 7 50 11 29 11 25 0 9 5 10 33 27 15 6 35 20 8 7 
3 35 33 2 43 41 37 7 16 21 14 37 30 18 29 11 49 25 8 6 22 0 36 17 30 38 8 19 19 42 14 19 
9 16 9 2 41 11 14 14 9 24 23 45 5 46 19 31 15 48 4 8 11 12 0 2 36 18 19 3 15 35 23 19 
15 2 2 5 21 21 17 39 50 35 11 50 32 49 41 12 35 20 28 5 21 38 7 0 8 47 14 24 34 22 9 50 
29 37 6 9 44 3 42 48 10 48 10 5 23 50 13 21 37 27 7 19 45 8 19 48 0 27 46 44 8 8 48 33 
17 42 36 33 13 26 41 48 10 43 22 19 7 11 34 35 9 35 44 37 8 15 40 5 22 0 18 8 32 48 9 35 
41 12 15 43 14 37 18 50 45 47 30 48 27 23 39 12 37 43 12 36 24 14 11 26 3 2 0 31 12 46 19 10 
50 2 9 32 7 42 19 21 48 41 35 49 41 28 18 14 32 33 7 22 39 37 23 11 27 1 40 0 41 12 6 6 
5 27 38 30 47 18 42 33 20 19 23 14 46 40 16 21 49 36 39 50 29 39 47 21 14 29 48 5 0 6 3 29 
10 42 36 30 23 4 48 21 46 41 1 37 3 17 23 28 22 12 31 42 5 23 7 27 16 30 17 17 18 0 21 37 
27 17 41 14 23 10 10 44 17 1 15 44 9 29 3 45 5 41 2 26 44 25 12 24 37 36 9 14 43 37 0 32 
3 26 4 24 20 13 3 1 18 13 18 15 41 40 30 48 48 14 36 13 26 17 45 43 2 6 17 27 38 1 47 0 
1 0 30 19 12 18 5 5 33 32 2 41 34 14 26 11 22 34 8 38 11 1 7 25 6 37 32 12 23 15 46 26 
13 17 0 16 18 35 22 28 12 43 44 31 5 11 35 34 31 17 41 35 34 20 50 41 47 44 5 14 26 37 44 33 
19 36 26 0 29 17 48 9 27 50 6 46 45 18 20 3 15 21 4 2 45 32 31 13 7 13 27 20 24 30 9 3 
26 49 11 13 0 19 35 7 17 33 8 15 35 28 24 6 23 27 42 41 43 23 36 50 2 38 24 20 16 40 29 36 
47 41 4 21 46 0 8 8 35 30 15 37 19 37 17 46 35 33 8 5 44 33 39 17 30 41 50 9 25 46 16 42 
27 5 23 18 45 25 0 4 10 16 20 7 12 28 36 17 13 35 43 39 37 8 36 35 4 9 24 24 30 47 49 33 
39 14 24 10 15 15 50 0 2 11 29 49 39 24 26 28 39 44 24 38 24 33 8 30 34 42 20 19 10 21 1 25 
14 17 38 18 48 5 27 2 0 49 36 42 28 8 9 47 12 29 31 36 30 6 9 25 1 32 35 40 19 46 46 40 
31 10 5 36 23 37 8 31 34 0 18 22 40 38 42 30 22 26 45 8 41 30 36 22 19 5 42 37 37 13 16 8 
7 3 47 11 18 3 24 25 26 21 0 1 2 12 35 20 38 9 2 14 15 24 38 6 11 46 39 37 31 31 50 22 
18 19 10 16 38 42 31 13 20 2 21 0 33 20 30 34 10 34 35 5 29 35 50 2 35 19 47 36 16 29 16 43 
44 26 50 33 34 3 19 33 46 29 40 44 0 13 4 5 36 32 12 30 3 46 26 22 37 19 17 26 47 41 6 16 
34 4 9 27 8 21 47 1 8 16 3 10 50 0 46 6 39 32 14 12 5 4 50 13 47 19 5 14 14 17 28 22 
43 40 14 6 41 5 27 48 16 35 12 23 38 44 0 17 22 41 13 28 44 33 30 2 12 35 41 12 9 3 7 34 
34 30 44 11 20 37 40 16 35 5 16 47 20 43 28 0 26 4 3 33 23 2 40 34 40 13 38 2 22 50 43 19 
45 9 2 28 43 45 33 47 36 1 48 43 39 17 34 33 0 19 8 16 9 7 21 35 32 44 47 5 48 33 35 19 
16 43 37 22 38 18 15 35 32 21 6 48 23 4 47 45 23 0 30 6 33 15 35 34 13 25 25 20 35 46 40 36 
15 1 33 33 50 3 46 46 15 5 23 35 39 1 24 12 29 47 0 3 33 18 28 2 4 31 10 25 47 14 48 31 
39 42 35 42 47 40 21 48 43 27 35 41 29 43 1 46 12 1 13 0 42 38 44 8 19 37 50 29 2 41 29 50 
32 18 24 34 43 4 9 28 23 8 50 11 6 33 38 23 12 31 14 13 0 46 2 7 44 46 35 17 5 48 11 20 
7 14 28 4 24 6 9 8 43 4 24 41 34 38 33 2 36 50 27 18 22 0 28 16 4 31 11 30 38 9 37 4 
31 12 39 44 47 29 30 15 18 3 24 22 9 22 12 23 7 13 33 32 6 21 0 44 48 30 49 24 24 13 26 22 
49 6 50 44 30 46 44 37 23 7 36 9 16 48 6 7 32 19 38 24 25 27 6 0 49 10 19 41 15 49 6 6 
2 43 31 26 16 10 29 33 28 13 27 11 26 20 13 28 50 24 42 42 5 26 2 47 0 22 1 2 35 11 5 30 
39 18 1 35 17 35 23 41 48 4 37 10 11 49 17 31 29 48 41 41 42 7 14 2 26 0 41 35 4 16 8 45 
22 24 34 38 43 25 36 47 43 28 34 44 39 18 16 42 48 6 21 23 37 21 14 38 32 4 0 49 9 26 50 20 
25 40 9 16 37 28 11 24 6 44 2 49 14 9 14 25 34 11 50 38 48 46 36 8 2 10 46 0 7 40 27 27 
21 43 9 9 4 31 3 29 15 37 33 16 29 36 22 1 30 19 30 16 48 27 13 22 30 5 2 15 0 28 32 5 
34 30 18 31 6 6 50 10 45 32 32 36 1 16 31 7 22 30 9 17 38 11 11 29 45 30 37 29 50 0 30 38 
2 33 33 49 36 12 6 17 46 30 10 35 35 17 41 13 7 50 48 30 36 19 16 17 24 19 39 36 26 19 0 21 
10 16 44 31 3 18 17 45 46 17 13 14 37 29 26 27 13 4 18 30 30 2 50 3 33 18 16 25 18 23 20 0 
41 0 27 9 50 20 42 36 38 45 41 6 2 14 23 6 29 39 49 43 27 32 9 39 42 8 16 41 49 36 3 43 
27 23 0 47 23 37 29 30 6 36 27 17 23 40 25 1 37 30 27 40 28 26 26 47 38 33 39 18 42 4 1 38 
3 43 48 0 29 30 17 1 20 1 10 44 7 50 16 36 49 17 8 30 11 22 46 25 17 2 26 9 40 49 11 38 
2 35 39 14 0 31 42 47 21 20 30 8 39 19 33 19 48 23 48 40 1 35 25 40 17 7 18 32 28 4 9 11 
22 40 22 42 22 0 11 3 5 7 21 37 10 32 15 8 6 34 33 29 37 43 9 11 4 28 46 23 7 13 11 19 
18 12 19 36 50 47 0 41 47 37 21 43 33 30 48 15 9 3 50 13 48 45 26 22 18 13 30 19 15 27 39 46 
42 47 2 20 49 13 29 0 9 9 44 36 42 17 1 27 31 7 13 38 21 8 1 13 25 42 40 1 24 20 29 27 
21 48 25 1 36 29 28 16 0 46 24 42 4 5 9 34 5 18 36 50 13 2 40 19 38 42 34 28 28 9 12 5 
39 31 17 16 45 42 50 41 3 0 29 47 42 47 17 48 8 16 9 35 34 39 21 17 25 31 29 38 10 3 1 1 
8 35 19 3 23 39 44 40 14 19 0 46 48 35 5 49 23 22 44 27 13 20 24 29 17 19 15 42 35 16 5 41 
39 2 28 40 7 28 14 25 20 22 20 0 22 16 43 23 32 21 33 7 17 16 27 38 32 34 7 3 34 9 47 9 
24 10 28 7 46 7 15 42 45 8 20 7 0 41 1 3 14 24 46 33 22 2 10 39 26 13 15 47 7 1 26 30 
17 24 14 46 13 38 37 28 26 6 42 12 9 0 46 20 48 32 32 43 29 39 26 26 7 15 22 3 45 32 10 9 
42 20 28 3 33 28 6 40 26 38 19 7 16 11 0 48 30 30 43 17 16 26 8 47 42 41 49 7 31 42 36 43 
46 17 48 50 42 31 44 38 20 27 42 18 41 20 19 0 10 46 17 42 23 2 15 44 33 34 23 36 12 35 21 25 
49 41 46 23 41 19 12 7 49 37 6 48 40 35 41 7 0 23 23 39 11 14 50 13 41 32 23 15 16 19 46 32 
4 50 2 43 28 46 47 29 42 35 11 43 37 47 18 5 49 0 44 17 14 40 46 10 12 49 28 5 42 18 4 46 
38 4 5 3 49 39 43 13 11 26 44 48 27 3 8 27 45 14 0 19 17 23 3 32 42 8 40 41 44 1 41 6 
12 38 40 24 39 32 45 20 17 7 31 6 39 47 48 34 9 42 1 0 11 28 50 38 24 36 23 14 45 9 48 49 
13 20 20 33 10 38 30 19 46 1 45 3 11 42 47 44 46 11 6 32 0 3 50 31 29 13 1 17 39 17 18 1 
11 19 8 18 36 19 14 38 47 29 23 6 10 33 47 28 32 39 29 18 34 0 4 17 47 14 40 42 21 10 22 42 
3 28 1 35 34 3 24 11 26 32 23 10 3 30 45 21 46 16 24 35 50 38 0 1 17 8 3 12 5 47 27 44 
29 26 38 21 28 10 49 14 25 9 29 4 37 12 44 14 17 20 19 46 6 36 37 0 43 15 28 34 27 32 42 19 
14 49 39 44 35 16 10 17 11 48 3 49 27 21 35 14 5 15 40 45 36 28 31 39 0 43 39 46 6 1 26 22 
32 34 40 15 5 48 18 9 49 7 3 9 49 3 37 11 22 30 14 30 13 43 47 34 37 0 18 1 2 47 20 5 
16 36 26 21 16 38 7 31 17 38 6 42 39 34 20 32 36 6 29 25 27 38 47 9 40 37 0 6 29 37 48 16 
13 29 3 37 23 24 33 22 23 16 50 48 42 8 2 9 1 17 37 15 46 18 46 28 29 39 17 0 32 30 32 28 
44 19 22 44 13 36 47 47 9 3 35 6 10 28 41 5 2 38 29 6 12 1 34 21 45 34 25 8 0 35 8 1 
43 42 38 6 29 21 15 39 23 4 20 29 12 12 12 36 1 39 34 15 44 1 26 16 44 36 2 49 30 0 11 39 
13 2 3 43 14 22 22 12 35 38 50 7 3 43 23 22 9 33 48 25 20 1 43 8 42 17 22 12 44 19 0 17 
10 12 16 8 28 10 19 49 14 29 28 49 28 45 45 24 24 22 15 43 16 32 37 20 12 9 45 1 48 1 11 0 
18 0 16 22 40 45 37 35 46 12 40 35 34 46 42 2 15 13 48 44 49 41 30 27 2 28 25 46 46 19 16 18 
1 14 0 19 10 34 7 5 50 37 39 26 3 3 31 49 41 28 11 44 32 4 5 2 20 38 40 21 12 21 42 40 
28 47 22 0 34 20 28 33 19 9 9 49 7 10 15 28 24 21 30 34 19 36 25 34 15 47 13 50 22 44 36 43 
29 46 50 49 0 7 31 47 29 14 46 42 36 24 5 48 42 5 11 16 50 33 37 24 4 3 13 8 37 8 28 11 
25 23 16 20 12 0 11 17 21 44 25 1 20 23 45 40 10 11 50 21 46 11 28 37 11 43 22 47 47 44 24 10 
22 37 35 17 13 9 0 36 36 32 39 40 23 26 33 17 1 10 14 4 48 38 37 33 50 48 37 5 27 40 14 21 
28 20 15 29 34 39 28 0 28 2 25 14 39 8 21 6 12 29 27 22 37 33 41 27 23 35 4 36 20 27 4 9 
47 18 18 13 3 11 4 33 0 13 32 37 2 23 25 49 26 29 43 25 27 1 19 28 38 38 44 43 44 31 3 9 
2 48 17 18 21 40 9 3 2 0 25 44 10 6 47 39 4 48 37 28 7 28 2 28 8 29 41 31 26 10 18 10 
3 10 24 36 5 6 8 28 37 20 0 41 24 2 8 9 22 41 50 40 45 8 3 46 31 50 20 9 40 30 9 34 
43 34 16 42 50 32 12 34 48 41 10 0 42 37 38 28 26 1 20 20 41 26 20 24 3 1 15 43 36 35 48 18 
48 28 37 48 41 37 17 10 41 29 16 43 0 4 48 11 9 44 23 45 8 20 11 19 8 24 10 13 41 36 39 27 
49 1 23 12 14 1 40 37 40 35 10 29 12 0 11 28 20 5 40 6 49 14 41 40 48 38 10 29 25 31 24 26 
24 2 3 17 42 32 37 48 9 5 36 5 24 11 0 32 7 48 46 41 9 1 31 40 14 9 11 25 25 4 22 16 
7 16 10 36 28 10 44 36 39 19 43 47 45 28 37 0 17 38 6 4 32 29 40 16 25 44 12 39 9 31 7 13 
44 37 39 30 39 14 25 5 47 5 11 3 41 9 34 46 0 36 23 45 38 19 1 41 38 17 1 36 43 16 22 35 
5 32 6 50 11 7 49 48 3 14 1 7 28 18 38 26 17 0 11 17 3 37 37 19 44 44 47 2 13 39 29 33 
40 26 20 6 21 35 9 24 39 37 26 43 25 19 44 13 20 30 0 25 19 33 50 19 48 19 14 13 7 14 5 37 
9 24 32 12 31 8 13 17 42 8 37 28 16 12 44 45 25 50 34 0 33 34 15 10 50 40 8 23 38 8 23 3 
11 35 1 17 19 43 8 13 6 8 13 34 12 46 22 3 36 25 19 38 0 7 30 23 3 44 14 32 22 24 36 25 
9 19 5 27 44 16 45 26 2 18 38 29 26 21 31 49 5 19 6 37 13 0 40 36 46 31 13 49 24 6 12 37 
40 20 33 4 15 8 19 29 37 41 50 17 20 20 2 47 32 13 16 27 3 18 0 50 12 20 34 9 47 31 17 22 
21 40 32 48 9 43 17 17 41 36 40 19 46 14 23 16 27 30 16 17 11 40 35 0 34 22 21 21 35 31 49 23 
48 20 20 30 27 38 22 43 4 15 47 25 42 14 50 5 49 48 19 33 17 16 1 12 0 31 6 49 27 39 23 33 
36 42 13 42 49 27 35 46 28 5 37 12 2 14 15 44 20 23 17 23 37 13 17 6 33 0 20 8 49 22 40 46 
5 32 33 12 33 29 22 1 28 14 2 41 28 31 4 50 49 17 12 29 4 22 50 46 23 26 0 8 9 30 19 37 
24 39 10 33 30 20 3 32 16 49 22 39 10 36 23 40 26 30 21 10 32 11 11 42 33 33 37 0 39 8 21 13 
22 9 28 28 2 19 48 24 30 46 35 46 31 33 34 41 11 1 36 32 30 10 10 5 14 28 18 1 0 48 34 15 
24 45 36 1 30 32 8 21 22 29 7 41 14 48 15 31 10 49 42 26 38 22 40 34 13 49 23 15 25 0 1 47 
26 47 32 11 1 46 32 4 9 3 31 15 4 24 19 47 8 49 48 9 2 7 8 27 3 6 2 39 31 9 0 44 
47 21 32 31 45 32 37 15 36 29 45 33 23 8 7 36 11 44 3 16 16 27 42 45 20 39 6 9 46 44 43 0 
24 0 1 10 35 45 22 43 24 16 21 35 13 31 8 24 35 19 46 21 42 46 29 43 28 20 29 37 12 6 26 28 
19 43 0 37 22 33 14 24 13 14 18 21 37 46 31 15 12 38 47 4 37 14 25 2 48 45 8 32 15 16 35 32 
18 41 43 0 16 21 44 36 41 22 46 33 7 24 26 42 48 48 6 18 50 16 3 39 15 45 41 40 28 26 32 9 
48 29 37 3 0 47 3 16 45 18 3 6 32 42 31 19 28 23 3 10 35 10 48 36 17 16 2 29 22 30 5 9 
15 41 37 35 28 0 38 23 46 46 32 12 50 48 10 21 47 35 27 14 18 25 17 47 50 50 44 21 37 46 25 44 
15 13 45 41 42 6 0 46 41 40 50 8 14 3 49 49 39 7 45 5 44 46 17 38 34 49 44 37 36 35 18 36 
1 22 39 47 37 3 19 0 30 41 39 37 24 18 18 3 45 2 2 5 14 43 41 31 49 48 26 11 43 48 20 11 
6 23 14 7 43 15 2 12 0 36 38 16 15 5 10 44 21 17 46 50 36 34 31 4 44 11 41 40 49 12 43 27 
32 22 29 31 1 5 11 11 30 0 50 40 20 27 27 27 26 40 5 5 44 48 49 34 27 26 19 21 47 3 25 4 
1 43 12 35 43 27 29 43 17 7 0 36 20 37 44 11 28 18 35 15 1 45 7 50 30 33 38 2 6 32 34 15 
8 5 47 40 27 15 43 34 49 12 12 0 39 38 12 29 48 34 15 42 3 13 38 25 10 44 44 33 2 5 26 23 
12 33 43 28 15 41 5 35 13 25 1 17 0 40 33 18 13 18 4 41 19 42 41 32 2 21 31 37 47 34 33 42 
29 24 39 1 7 45 34 15 8 30 31 29 29 0 12 21 36 27 26 32 15 48 15 8 32 21 1 41 7 35 4 9 
2 30 34 23 43 1 32 11 18 34 40 34 40 12 0 12 3 41 50 46 10 21 2 19 44 14 16 8 31 6 5 28 
31 4 21 29 50 45 40 28 35 46 16 14 31 8 32 0 19 21 10 48 50 7 39 44 39 50 12 40 9 28 44 2 
5 13 7 10 30 19 33 13 9 1 22 11 15 5 39 38 0 37 33 48 38 21 8 5 21 42 11 33 30 38 5 32 
1 42 45 11 2 25 49 2 1 38 48 40 50 35 28 30 34 0 12 25 4 26 31 6 31 47 9 37 18 20 36 4 
25 4 20 22 20 20 45 37 14 39 32 47 50 24 19 6 36 14 0 32 50 18 14 2 6 21 36 15 14 44 39 31 
33 16 34 23 36 30 14 9 10 39 25 12 16 45 34 6 8 29 3 0 1 5 38 36 36 12 2 14 2 35 6 31 
44 25 8 49 32 17 2 33 27 23 5 22 11 44 2 37 12 37 30 8 0 36 41 38 26 45 30 49 11 35 16 13 
25 5 9 31 37 8 46 3 40 6 46 27 29 50 17 25 43 11 16 3 15 0 5 49 46 4 38 33 4 3 18 42 
49 12 10 31 18 3 13 16 30 16 35 40 2 40 15 10 27 29 5 6 1 19 0 13 49 20 6 13 28 50 26 42 
1 22 15 48 16 19 19 49 22 30 45 36 38 30 16 48 6 39 29 6 26 48 13 0 42 30 49 12 11 12 41 36 
17 5 24 35 18 37 43 50 41 8 30 33 26 6 34 26 19 5 9 7 39 22 20 17 0 3 10 24 18 17 8 8 
37 32 45 29 32 14 46 48 11 14 40 38 48 47 15 37 36 47 24 44 7 4 34 48 45 0 35 8 32 8 14 25 
33 34 50 43 1 32 27 3 12 24 8 49 44 49 34 22 20 38 24 38 22 44 14 2 34 49 0 47 34 47 7 14 
40 48 40 7 5 49 4 14 5 10 45 12 21 50 5 40 49 12 14 38 45 35 26 4 40 20 48 0 9 3 36 43 
6 5 10 18 2 5 42 30 24 17 24 19 29 28 32 44 3 29 9 48 23 33 20 20 6 22 36 18 0 35 1 45 
12 20 17 39 8 11 32 4 36 7 33 41 21 21 16 48 27 8 27 46 31 44 38 21 24 35 41 13 30 0 19 25 
45 24 22 13 50 12 39 25 33 22 25 24 41 41 43 49 49 40 25 10 10 8 5 15 19 32 46 16 23 20 0 20 
25 18 33 38 18 50 8 16 36 38 34 45 25 6 20 48 31 31 37 42 23 6 9 16 37 19 7 44 19 16 24 0 
3 0 13 2 1 7 9 3 26 50 42 24 39 23 27 14 31 10 49 35 16 35 37 29 47 20 9 18 1 49 44 15 
48 20 0 15 31 32 23 5 14 39 28 5 37 1 50 17 37 39 24 38 48 46 34 1 39 16 35 6 32 48 42 3 
27 7 27 0 26 19 8 46 33 9 5 35 46 38 31 50 28 48 3 23 29 28 12 47 20 14 20 27 15 48 18 24 
17 48 26 29 0 31 24 24 48 29 43 41 30 43 11 39 13 9 17 8 9 29 25 13 25 16 10 8 13 50 32 31 
36 41 31 19 49 0 13 3 19 4 24 5 45 37 37 33 4 9 26 8 18 49 41 9 46 42 36 1 13 21 16 12 
49 47 12 6 39 13 0 42 41 50 7 49 4 35 24 31 27 39 34 7 49 37 43 15 33 46 33 36 27 13 12 40 
48 38 13 7 48 25 31 0 44 42 17 36 8 12 50 37 25 22 12 10 13 30 15 17 26 6 33 30 11 7 27 16 
28 39 17 1 16 23 18 33 0 2 8 40 16 32 1 36 3 33 9 8 14 16 4 50 11 34 21 38 1 16 46 20 
37 15 2 9 20 45 50 22 2 0 5 29 8 5 40 49 35 25 21 30 47 3 49 13 50 24 39 7 18 45 36 17 
18 7 38 4 1 31 43 17 8 34 0 38 7 10 38 47 46 21 35 36 13 31 36 49 18 39 2 3 35 31 39 32 
27 16 38 12 1 17 37 49 5 32 5 0 23 13 16 42 4 13 28 44 36 34 9 23 37 32 8 21 15 50 29 8 
36 20 3 11 41 22 27 46 29 35 37 32 0 32 26 14 37 3 47 49 40 8 38 3 48 18 43 2 30 44 47 22 
50 27 25 19 4 11 5 1 32 37 32 15 2 0 48 28 42 11 19 22 19 19 1 39 1 49 17 5 44 49 21 47 
3 33 13 37 5 7 8 10 26 48 46 17 4 26 0 23 1 1 40 2 41 11 22 28 4 49 39 24 21 37 7 12 
3 12 40 30 33 40 11 24 35 4 9 47 21 23 34 0 35 25 26 16 5 4 47 30 36 31 5 10 39 16 33 38 
24 20 37 43 6 14 47 41 12 40 17 17 38 3 26 7 0 31 15 4 50 45 21 3 9 6 32 4 49 28 31 22 
8 2 16 36 27 35 31 28 21 29 35 5 15 37 31 42 34 0 6 49 29 25 13 34 43 3 18 29 37 25 11 48 
14 32 18 9 15 23 18 49 23 50 37 33 21 11 17 38 22 26 0 41 20 44 29 2 48 46 19 24 33 10 7 44 
4 11 32 21 23 47 29 17 20 17 7 26 29 38 30 13 33 37 30 0 8 12 34 41 4 35 31 21 14 47 49 35 
39 17 7 33 23 40 40 44 42 43 9 21 4 38 4 23 11 16 6 42 0 47 31 49 33 20 20 29 37 43 27 15 
21 21 33 18 10 23 5 8 24 43 43 39 15 3 14 38 16 32 9 10 49 0 41 7 38 9 18 24 13 3 11 4 
1 15 29 39 1 21 21 44 50 6 8 32 49 5 43 35 30 7 33 13 5 35 0 17 17 30 14 46 9 43 50 43 
6 13 40 42 24 37 15 13 17 46 38 9 5 42 10 9 34 17 33 45 6 20 48 0 49 17 48 13 9 37 26 12 
2 1 14 2 19 10 13 19 49 16 44 16 18 17 26 12 25 21 6 12 43 10 5 37 0 36 15 41 26 26 25 6 
27 42 34 37 9 42 40 41 50 21 48 35 30 13 5 31 32 42 36 38 39 31 14 19 43 0 46 28 16 4 19 38 
43 25 10 18 25 34 31 17 21 35 31 7 42 46 25 26 25 32 35 10 35 40 37 18 46 28 0 15 44 14 15 25 
37 32 34 5 11 20 45 31 47 2 25 16 3 9 25 23 24 19 20 4 35 20 9 3 3 38 43 0 22 47 19 38 
3 6 11 44 26 8 41 14 7 30 2 39 8 10 25 34 10 22 5 42 26 45 12 40 17 23 31 2 0 23 28 24 
34 28 15 22 10 43 15 50 16 34 5 13 24 34 32 2 44 29 5 34 50 43 28 12 9 45 21 27 3 0 27 39 
42 29 6 18 11 44 38 15 42 45 22 40 8 22 32 38 7 36 21 38 24 19 45 24 42 50 3 14 16 22 0 38 
47 39 45 13 35 18 16 21 8 6 15 14 39 29 3 20 41 27 7 15 42 32 39 16 23 35 33 27 12 41 24 0 
50 0 20 7 26 1 14 9 48 20 41 16 14 32 10 6 6 46 39 30 13 37 10 8 47 15 50 30 41 50 36 39 
10 17 0 32 16 45 32 3 2 7 33 30 37 24 26 19 7 7 18 29 37 38 32 29 38 40 12 10 11 2 34 19 
48 35 3 0 7 47 1 44 12 24 43 38 24 31 8 23 35 22 47 43 24 23 21 49 2 29 39 45 26 34 23 43 
1 24 14 32 0 3 21 20 23 7 13 7 6 45 1 9 49 31 18 27 39 15 9 11 46 28 36 2 29 8 6 19 
29 2 1 38 50 0 17 26 20 14 2 24 37 11 17 16 5 2 21 41 15 8 7 34 29 43 13 19 5 18 20 42 
15 2 44 29 4 45 0 13 9 32 5 48 13 38 41 23 1 29 12 31 1 8 18 42 12 22 19 22 46 38 48 21 
3 45 11 10 35 17 39 0 12 11 39 12 9 10 10 45 47 39 21 13 41 43 37 20 34 47 10 33 8 36 23 18 
21 35 35 46 19 28 31 38 0 34 40 1 21 12 47 10 32 2 27 23 34 26 25 7 28 17 25 27 13 25 35 32 
27 39 21 42 24 26 15 27 20 0 8 33 30 1 43 17 9 38 37 29 31 31 14 39 43 46 28 7 29 45 1 18 
13 49 9 24 33 41 5 37 7 38 0 1 3 27 43 46 7 36 1 17 40 26 47 4 1 14 50 29 46 46 19 36 
33 19 40 21 31 42 20 34 18 33 1 0 22 44 31 11 13 50 1 22 22 29 29 12 43 17 46 8 11 33 13 10 
41 38 2 18 35 37 23 16 15 17 17 49 0 7 26 26 10 21 3 37 29 45 25 48 7 5 8 48 4 35 35 9 
1 5 23 11 34 42 13 27 27 28 36 7 6 0 13 30 5 17 42 36 38 8 47 34 16 16 40 45 14 27 40 19 
31 31 8 16 45 34 16 42 19 9 27 11 2 10 0 19 43 45 25 3 31 13 50 48 1 5 21 8 45 45 48 49 
50 37 9 5 27 48 47 36 21 2 1 18 30 31 37 0 33 6 48 47 1 39 24 9 6 31 34 7 11 24 27 21 
47 22 10 28 24 43 5 42 46 49 40 33 29 13 33 18 0 20 19 39 2 47 48 47 11 26 29 4 25 44 41 36 
12 45 32 4 47 20 4 13 40 2 6 2 3 49 42 30 43 0 49 16 38 43 35 25 24 50 25 50 2 45 40 31 
49 6 13 29 39 48 10 37 48 17 6 50 1 41 46 45 12 35 0 49 11 27 28 4 44 28 20 8 4 23 21 2 
18 50 21 8 47 40 21 4 32 34 13 18 22 37 36 24 33 4 30 0 38 18 47 30 5 21 2 20 1 19 41 7 
14 28 15 39 50 30 34 50 6 41 31 17 28 14 11 33 7 42 46 25 0 50 44 33 35 22 20 17 37 45 21 20 
35 42 28 49 41 7 49 36 45 50 5 24 48 37 30 3 41 10 20 13 10 0 24 16 7 21 45 31 17 30 14 47 
5 35 21 47 26 1 16 21 26 8 7 2 26 46 20 36 48 43 18 27 28 25 0 8 11 12 26 21 28 46 27 33 
6 31 3 1 40 27 41 4 3 26 40 45 5 3 22 41 12 2 9 33 25 13 37 0 20 30 27 11 35 50 30 38 
25 49 26 2 21 23 45 30 10 7 39 16 2 39 31 4 9 40 36 10 26 38 44 9 0 44 45 34 21 13 17 7 
5 23 38 15 46 29 2 2 18 17 22 50 27 36 47 36 32 49 24 3 45 15 20 12 38 0 6 18 8 27 40 24 
18 44 1 35 43 14 24 36 25 7 39 18 44 4 38 18 23 47 9 3 23 39 15 12 41 3 0 26 27 41 12 44 
25 29 43 5 7 27 2 5 23 8 14 50 46 7 47 27 9 1 38 46 12 19 37 2 30 30 39 0 45 40 39 48 
45 14 14 14 40 1 50 32 42 22 42 37 45 9 39 19 6 44 27 18 27 3 17 32 7 42 41 26 0 28 38 7 
15 34 11 20 37 33 43 8 27 9 19 47 24 21 32 42 44 41 11 34 1 14 22 21 42 47 32 7 48 0 10 25 
4 5 15 28 3 35 40 3 37 14 37 50 9 8 7 43 12 26 50 48 35 17 4 7 1 13 40 28 40 1 0 36 
10 17 35 15 42 9 43 30 8 5 38 25 20 14 15 13 13 35 5 20 32 48 13 40 38 1 9 28 41 46 12 0 
13 0 36 29 28 34 24 44 15 34 20 47 43 44 47 43 35 43 37 50 27 43 36 32 4 13 4 46 28 42 1 16 
39 13 0 43 26 40 42 37 31 39 20 21 21 1 36 5 20 43 45 17 16 41 41 19 20 28 5 25 15 31 29 16 
24 34 4 0 8 31 1 22 4 43 7 6 12 7 23 15 31 18 8 34 4 33 26 36 25 49 44 24 48 36 18 22 
1 11 5 48 0 37 48 29 25 19 21 42 25 9 36 30 13 47 13 24 7 7 47 26 33 48 49 30 9 38 28 25 
18 25 35 6 1 0 3 26 29 34 40 34 16 33 42 2 27 40 20 31 27 36 12 11 15 4 35 22 50 39 18 20 
37 42 47 24 50 25 0 30 29 11 22 35 41 18 24 32 43 42 47 22 41 39 7 1 40 7 15 20 3 17 31 27 
40 16 20 47 24 37 18 0 3 2 11 42 21 6 1 21 43 42 23 42 31 4 17 28 32 30 41 8 18 35 5 28 
12 31 46 46 25 49 27 8 0 7 24 44 21 31 48 37 46 39 36 22 29 30 25 50 23 23 39 39 17 34 30 1 
18 47 34 30 41 11 6 47 45 0 15 16 36 8 10 47 48 35 44 46 19 32 14 27 48 38 31 23 24 37 10 10 
25 28 24 27 24 48 18 47 35 34 0 40 27 14 15 39 43 14 26 42 4 24 38 11 19 5 21 36 43 10 39 33 
11 36 6 41 9 35 34 24 50 17 48 0 11 36 43 37 14 34 49 39 10 48 45 7 37 37 17 5 22 3 12 26 
37 47 2 30 42 9 24 31 9 30 2 42 0 37 26 28 25 26 19 7 2 44 22 29 35 16 29 19 5 42 30 12 
21 39 42 12 14 35 14 45 6 11 19 30 30 0 47 4 20 12 10 43 29 4 47 11 32 16 19 17 14 13 40 19 
40 29 19 31 4 46 15 14 41 13 24 2 41 26 0 42 50 39 13 10 8 46 49 2 9 25 28 10 46 46 19 1 
33 16 43 29 2 12 16 50 25 47 47 2 17 30 45 0 20 7 24 19 29 2 3 33 24 41 28 10 6 26 36 19 
18 23 13 42 37 49 47 41 38 23 14 36 11 49 48 35 0 29 31 9 4 22 27 40 50 30 33 19 38 24 2 10 
24 40 29 29 30 5 39 8 21 11 34 32 6 39 18 22 25 0 44 44 31 26 18 32 47 41 33 14 12 4 31 9 
17 36 14 40 47 33 21 18 31 41 23 38 44 39 46 35 12 13 0 12 44 45 31 22 35 6 8 32 39 47 41 27 
5 41 2 18 46 43 49 21 40 5 26 13 41 3 31 39 9 45 48 0 3 50 43 37 15 37 15 29 35 40 1 32 
21 40 14 19 47 42 22 1 43 13 42 23 40 19 18 31 33 25 19 24 0 44 50 39 27 12 4 37 31 31 14 15 
32 39 23 5 23 28 34 34 47 38 44 6 40 9 21 48 47 19 35 47 10 0 22 28 39 22 1 37 8 44 6 41 
21 29 49 11 34 17 14 46 4 49 42 22 37 50 44 50 19 42 7 41 12 47 0 18 6 10 11 35 34 22 41 27 
41 42 47 24 28 42 48 37 31 33 24 31 48 18 50 42 39 29 2 18 16 37 16 0 29 25 11 43 1 24 33 31 
24 13 23 1 31 40 27 17 8 21 6 26 9 39 16 21 38 11 20 46 5 21 23 11 0 5 27 18 50 17 49 48 
14 49 2 50 18 26 18 20 2 12 12 44 48 11 11 8 40 9 41 6 41 4 37 26 4 0 41 12 47 4 22 28 
50 10 23 43 28 7 40 48 45 20 41 18 34 43 27 26 1 44 20 28 41 27 44 8 10 12 0 27 46 28 15 22 
16 31 35 13 35 25 19 34 1 1 11 46 36 50 36 3 33 28 16 11 3 35 44 37 24 16 16 0 33 16 31 44 
21 31 49 25 38 50 31 42 2 33 11 19 28 30 31 8 8 25 10 44 19 13 4 19 31 37 49 39 0 20 9 36 
18 21 8 41 16 38 26 48 4 3 37 14 29 43 17 17 7 44 9 8 9 7 38 26 9 27 30 44 2 0 2 43 
23 43 47 44 48 20 40 15 21 33 27 6 42 33 49 26 27 15 21 42 46 12 2 28 11 34 33 33 39 8 0 32 
47 3 10 15 22 33 49 20 47 18 29 38 26 32 2 46 44 10 2 3 30 32 10 48 12 42 19 34 15 38 8 0 
27 0 13 1 31 4 32 18 27 43 28 46 24 25 17 24 27 46 9 38 40 23 38 5 3 16 43 13 4 31 14 16 
5 10 0 10 3 26 25 2 48 15 26 34 9 26 35 8 36 31 38 16 23 25 27 49 35 39 8 49 15 12 19 15 
46 30 13 0 41 15 15 14 49 2 45 12 23 15 40 29 30 19 8 7 33 16 16 41 42 29 11 26 14 18 26 37 
37 47 11 38 0 30 13 44 44 22 17 40 14 29 14 4 35 46 11 28 31 7 5 36 50 31 39 21 12 4 39 1 
31 26 8 25 27 0 4 3 49 18 25 15 36 16 26 3 13 29 25 27 30 3 41 46 30 32 11 11 7 41 42 32 
40 33 17 10 38 21 0 39 27 31 44 12 11 6 43 20 21 24 29 27 43 38 28 10 48 40 30 28 44 17 43 46 
9 26 43 26 4 50 17 0 15 42 40 48 46 37 42 30 40 38 13 41 38 29 15 50 45 12 24 19 20 8 44 46 
11 38 49 4 36 14 17 17 0 21 7 14 36 3 40 32 23 7 10 40 40 31 26 6 17 45 26 48 15 30 32 48 
7 48 45 38 9 39 38 45 27 0 22 47 21 31 16 29 47 6 30 1 13 10 18 4 15 35 33 32 10 10 16 3 
37 40 10 8 38 8 3 24 35 19 0 16 14 19 35 6 25 2 16 30 43 35 30 19 38 39 45 31 3 26 7 29 
36 11 19 11 32 22 8 42 39 4 7 0 17 44 45 5 35 31 30 8 31 44 30 24 19 7 21 22 19 43 28 1 
48 28 40 31 3 1 24 25 4 44 25 42 0 40 28 14 25 44 35 11 1 23 19 27 35 6 37 1 4 11 50 40 
49 12 3 9 39 5 15 2 35 7 5 4 37 0 20 39 35 41 44 46 28 35 33 28 28 30 1 5 25 17 50 21 
14 5 5 26 31 37 20 25 21 30 33 26 44 18 0 15 40 16 18 3 10 11 16 22 5 16 34 26 30 38 50 40 
36 35 37 41 50 33 44 9 49 22 19 25 48 2 8 0 34 10 15 12 40 8 14 41 11 49 33 50 11 47 11 40 
38 22 41 48 42 8 28 16 8 22 9 5 39 42 42 24 0 3 9 1 16 15 27 10 33 22 45 27 43 18 33 34 
13 38 32 32 3 8 5 16 26 33 50 4 18 49 10 3 19 0 8 9 47 2 46 46 26 11 12 8 26 48 32 35 
48 25 39 47 18 7 11 39 17 49 43 26 34 16 23 43 34 13 0 42 8 36 10 36 32 17 43 7 21 41 50 30 
19 44 49 3 30 30 2 42 46 9 19 43 49 10 21 12 10 38 20 0 24 13 6 25 50 39 39 7 31 26 1 40 
49 17 20 24 32 36 14 44 13 33 21 47 50 17 17 38 23 46 31 47 0 34 21 26 17 14 20 49 14 41 24 22 
17 46 19 21 26 30 36 40 27 47 45 8 42 42 9 25 33 22 2 34 35 0 45 4 7 28 41 3 11 12 37 50 
3 40 11 5 2 31 47 42 8 38 7 5 50 39 14 35 25 5 46 17 43 40 0 40 38 23 42 13 44 36 28 25 
28 40 48 43 19 31 38 8 44 36 31 44 47 28 41 4 18 14 6 28 6 17 20 0 8 13 50 24 33 10 19 4 
6 31 13 30 15 3 47 46 4 38 47 2 31 12 47 43 10 32 38 46 30 30 50 19 0 12 21 40 30 19 7 6 
49 26 33 25 14 35 49 27 2 21 19 3 41 10 15 39 46 17 7 15 1 22 24 24 26 0 31 44 18 45 13 17 
27 47 32 49 27 48 38 33 9 11 6 37 25 11 28 10 10 47 32 45 14 13 43 5 27 3 0 9 49 33 42 31 
33 39 5 43 6 9 11 39 41 9 34 49 4 46 36 49 14 49 22 34 22 13 19 4 14 5 28 0 22 25 40 39 
1 17 30 24 49 21 18 22 1 49 9 41 37 30 15 39 10 42 4 46 1 11 9 10 20 20 1 30 0 1 32 40 
15 2 20 34 32 24 22 37 29 47 27 22 35 14 23 33 25 49 17 18 31 21 44 38 40 9 21 4 29 0 20 39 
22 20 10 45 39 17 46 34 15 38 5 25 49 24 40 24 46 47 38 26 31 35 15 9 44 8 32 45 23 4 0 19 
9 10 9 6 2 25 20 34 16 30 16 3 30 26 47 45 15 50 35 25 7 41 45 8 37 6 2 1 31 35 2 0 
11 0 12 20 47 16 41 19 38 50 27 13 23 47 15 33 35 34 47 14 18 45 38 29 12 18 15 1 19 47 24 19 
4 32 0 28 6 41 11 29 31 5 46 13 36 49 45 19 48 43 5 21 19 4 18 17 8 23 33 9 30 1 41 50 
41 26 9 0 10 41 20 10 42 25 5 17 9 22 32 3 31 18 49 18 8 14 27 6 15 36 15 21 33 8 2 50 
31 15 46 22 0 11 41 35 28 29 34 14 47 14 38 9 45 26 21 3 42 31 34 33 37 15 21 44 24 27 49 27 
34 23 5 37 45 0 27 11 43 41 33 21 40 25 1 30 42 28 28 20 45 13 6 11 19 47 32 10 7 40 47 11 
2 30 7 30 24 10 0 2 14 19 16 29 13 9 11 45 8 36 35 30 17 47 7 5 15 29 13 37 40 13 17 4 
3 44 22 19 10 18 22 0 7 33 27 14 2 30 35 43 2 9 3 24 25 22 11 31 15 46 25 43 1 11 24 12 
1 3 12 26 20 38 42 35 0 41 15 29 47 41 33 6 26 30 37 12 28 37 40 43 33 42 13 7 24 35 25 21 
46 9 15 13 50 18 9 23 15 0 17 19 34 11 44 14 41 33 40 50 13 15 50 46 25 12 10 30 35 7 31 18 
50 16 44 33 39 26 21 7 8 22 0 14 48 12 19 6 33 39 29 22 25 35 36 13 6 47 14 40 1 40 39 25 
16 34 50 19 18 17 12 26 15 12 34 0 42 42 2 3 35 7 7 28 41 7 36 6 34 15 4 39 36 25 37 20 
17 20 48 48 14 12 1 38 17 28 3 7 0 13 1 44 22 5 45 30 34 45 13 48 19 31 28 16 4 15 29 26 
2 29 43 17 23 44 5 39 23 6 19 12 14 0 4 29 44 33 22 32 34 42 45 4 26 5 23 29 17 37 47 48 
23 38 2 2 29 21 35 21 28 50 7 8 28 26 0 1 34 15 3 35 33 32 34 45 35 7 26 18 12 1 16 38 
2 26 9 46 24 13 3 50 24 49 1 5 34 35 37 0 26 50 5 39 15 14 3 14 16 40 44 18 45 4 4 23 
21 13 13 5 32 19 30 28 22 13 4 12 35 32 29 11 0 50 20 50 18 8 12 2 25 50 13 44 7 31 45 9 
47 20 27 30 43 22 31 5 7 20 27 18 3 11 42 30 34 0 11 34 18 25 5 36 15 10 11 38 5 20 26 24 
48 27 4 8 42 9 2 37 39 19 15 43 48 31 44 50 15 9 0 34 10 46 47 27 35 43 35 12 21 32 35 26 
36 32 47 30 41 49 3 50 21 33 24 45 50 10 12 39 35 16 12 0 24 47 37 17 29 1 50 20 16 8 48 31 
6 5 44 30 12 2 2 4 1 12 9 13 27 22 3 28 25 31 47 28 0 5 20 12 30 49 16 18 30 41 30 38 
43 24 2 19 41 7 30 1 37 34 13 12 12 39 25 40 7 48 23 45 36 0 12 20 26 37 44 14 32 47 34 22 
13 22 25 16 39 25 4 12 22 45 30 10 45 43 9 50 41 24 26 11 32 19 0 35 3 32 5 27 33 48 43 49 
5 3 12 50 40 38 23 37 15 4 37 1 50 6 2 26 34 28 44 23 8 21 23 0 40 44 38 22 34 35 49 22 
15 30 47 25 8 33 43 20 13 19 38 11 8 46 19 35 48 31 29 43 5 5 20 42 0 35 30 22 7 2 16 40 
3 17 33 23 21 4 31 45 44 41 9 32 5 21 10 16 45 26 4 25 4 6 6 18 11 0 11 5 41 28 12 37 
18 47 30 35 45 26 24 48 31 17 37 36 3 46 23 15 22 25 15 27 32 49 42 36 47 11 0 16 13 11 49 41 
17 33 5 42 36 26 36 16 40 22 28 23 9 18 21 4 22 38 46 34 17 14 35 6 19 5 44 0 39 35 11 12 
37 32 27 20 3 48 4 38 40 37 10 25 6 4 27 34 19 26 7 44 25 16 16 25 3 48 50 24 0 31 33 47 
31 30 11 41 41 32 48 18 6 18 1 7 48 7 40 29 2 43 22 25 13 28 17 37 22 17 3 18 6 0 49 31 
7 7 40 29 45 45 13 36 2 21 8 2 27 25 9 18 18 13 19 48 31 10 8 34 4 14 24 19 25 30 0 31 
13 8 37 45 50 8 29 46 35 39 7 20 5 6 26 41 13 14 49 35 5 37 1 50 47 50 7 25 32 22 45 0 
12 0 22 41 45 44 40 30 10 11 40 18 35 10 25 40 4 29 28 23 12 6 26 45 26 27 7 37 48 1 2 4 
14 13 0 45 46 49 14 11 33 2 33 5 39 46 37 2 42 26 7 47 28 48 9 11 39 37 27 15 19 38 3 33 
10 9 36 0 4 23 15 30 42 40 18 46 22 29 2 37 50 40 26 15 12 41 4 24 7 6 3 7 9 22 49 43 
45 50 1 46 0 31 11 33 30 28 47 16 7 10 2 38 32 37 50 28 26 43 23 41 42 6 35 30 49 20 9 21 
21 42 26 2 23 0 28 7 7 39 7 47 38 15 26 47 14 6 18 21 20 10 44 24 50 23 9 9 40 46 31 35 
10 20 27 45 16 35 0 1 16 4 31 44 39 20 47 36 27 17 9 21 25 32 49 39 12 27 18 27 30 14 20 17 
11 9 22 37 19 39 31 0 32 30 5 2 17 40 16 6 5 3 37 33 43 32 25 7 4 12 31 16 19 48 9 22 
2 35 14 34 31 48 11 17 0 38 36 28 42 20 30 32 50 46 22 14 24 43 32 28 36 36 2 19 26 38 23 13 
34 22 34 1 33 26 32 25 8 0 43 20 45 7 4 34 38 24 30 31 20 48 35 35 30 20 8 28 48 30 29 36 
30 16 24 44 20 37 30 50 24 14 0 47 7 32 23 38 21 32 3 15 46 46 7 4 15 50 37 5 31 25 49 35 
46 29 8 41 30 34 11 14 2 45 30 0 7 6 1 28 4 7 33 38 46 46 15 34 40 23 12 9 44 34 32 50 
25 26 30 2 28 24 32 9 37 22 39 14 0 2 16 1 48 15 23 34 48 49 38 3 40 31 46 18 19 18 25 17 
31 20 45 6 32 27 50 50 30 26 24 1 25 0 7 2 32 24 23 15 45 22 1 35 2 38 24 41 21 33 7 13 
42 13 5 8 44 7 11 19 21 15 23 4 22 25 0 38 29 33 29 14 45 47 3 30 46 31 35 44 18 8 37 29 
18 24 13 33 38 20 49 8 26 13 4 45 31 49 47 0 13 27 1 45 8 43 19 12 17 39 33 10 28 10 13 43 
12 35 36 6 30 9 43 50 10 34 21 39 32 43 9 50 0 47 34 22 18 18 14 29 37 50 12 47 44 5 11 22 
49 13 20 43 10 45 44 18 5 34 1 36 25 22 30 31 24 0 31 34 13 44 38 46 26 48 7 50 7 18 13 50 
45 49 13 23 26 12 1 49 5 4 17 18 34 18 29 4 16 20 0 32 23 13 22 48 28 11 18 45 45 4 46 38 
50 42 35 7 37 13 49 5 19 24 33 29 10 28 21 12 9 20 3 0 34 37 37 41 37 24 1 35 12 9 18 6 
45 10 17 17 27 50 12 42 42 17 16 14 50 31 43 39 1 41 7 37 0 26 2 12 1 14 2 48 33 36 28 38 
47 2 18 38 19 43 12 45 12 48 28 12 18 22 24 42 6 31 13 35 22 0 2 31 31 44 49 17 3 25 2 29 
7 14 30 20 13 32 44 24 46 39 47 45 40 48 41 45 29 41 10 42 2 24 0 44 16 45 21 38 44 21 27 9 
20 11 19 22 48 38 3 11 10 13 8 17 46 26 7 42 33 4 5 38 13 15 10 0 27 33 20 14 25 43 45 50 
4 20 31 27 35 21 27 43 7 26 30 1 30 45 8 48 41 38 29 5 40 16 40 47 0 5 1 42 39 28 25 28 
19 15 13 4 48 16 49 22 21 7 12 49 13 33 15 31 33 26 22 23 37 14 41 10 38 0 31 35 23 35 30 38 
15 33 48 11 37 18 42 10 33 43 17 8 49 29 18 27 14 41 21 10 14 7 2 42 6 24 0 3 16 18 31 26 
38 42 19 47 16 15 22 28 14 41 16 39 31 21 6 43 32 21 4 21 33 15 20 25 9 32 7 0 6 13 15 26 
43 3 18 29 17 30 33 2 13 42 13 8 19 48 18 22 21 50 32 22 46 15 11 43 24 22 45 39 0 35 8 17 
16 49 16 24 37 13 43 40 13 49 19 41 29 21 8 2 28 42 10 36 6 31 44 31 29 42 25 6 45 0 36 45 
18 5 26 48 9 4 24 31 9 29 10 20 23 27 24 32 23 17 21 17 47 25 23 11 35 6 36 46 46 38 0 37 
46 27 5 2 36 4 23 49 48 4 12 2 8 47 12 21 4 5 10 2 40 24 19 48 43 33 16 13 4 19 29 0 
35 0 21 42 15 43 19 26 39 29 50 18 24 14 36 24 15 15 24 36 32 41 36 36 48 23 9 8 9 4 39 11 
46 30 0 25 27 31 16 33 19 3 28 17 32 3 22 1 6 12 20 18 1 40 19 37 39 50 35 45 42 35 12 17 
35 41 40 0 23 44 39 10 43 50 32 5 33 5 24 5 34 27 22 4 46 40 36 38 21 27 43 37 28 47 21 41 
35 41 11 32 0 41 13 49 7 17 3 27 19 19 35 36 33 15 46 1 19 20 31 17 28 50 4 19 46 2 3 33 
47 29 42 21 43 0 44 43 14 22 28 16 38 43 14 18 19 37 42 11 22 32 46 3 21 4 25 34 32 38 44 4 
6 14 21 30 40 28 0 15 44 39 23 32 30 42 5 44 24 14 33 35 33 4 41 31 1 2 27 22 17 18 10 11 
27 29 25 11 24 22 34 0 28 42 22 49 22 50 1 17 11 17 11 1 20 50 3 11 50 15 34 21 29 13 6 49 
26 30 12 5 1 18 45 21 0 3 31 5 44 12 6 20 31 50 36 16 6 7 17 41 12 25 18 25 46 41 1 6 
16 36 24 23 43 39 46 16 44 0 22 41 49 40 45 9 50 45 46 3 21 44 48 1 42 10 39 1 31 33 43 49 
30 2 26 40 9 38 33 28 43 5 0 20 22 34 16 19 1 17 16 19 31 1 38 30 12 18 35 32 14 4 38 15 
33 2 24 11 47 15 5 1 13 12 18 0 11 17 24 26 18 26 42 39 35 16 15 12 48 43 23 14 22 24 6 20 
24 5 40 38 21 10 6 22 37 12 16 7 0 20 33 28 14 39 43 18 6 23 16 4 50 19 40 26 19 25 1 34 
27 7 43 44 6 27 37 5 9 21 20 2 23 0 50 8 43 15 15 9 25 30 7 50 48 9 1 41 19 32 34 38 
48 36 29 39 50 28 40 22 37 3 39 9 36 3 0 14 31 50 11 47 12 4 16 27 4 21 7 45 36 6 37 18 
23 25 34 23 16 45 12 9 16 26 44 23 23 41 48 0 15 45 45 20 41 9 36 23 34 32 10 25 18 43 33 4 
17 50 35 16 35 3 31 48 37 38 3 31 36 11 43 4 0 13 24 43 50 41 36 47 10 37 3 50 41 7 21 45 
16 33 23 27 23 39 25 13 13 15 47 34 3 7 5 37 24 0 40 7 12 45 1 33 13 32 4 26 30 33 3 40 
42 17 44 37 49 14 34 20 15 39 11 31 36 44 2 44 4 33 0 16 27 2 1 9 50 16 1 10 46 20 14 46 
31 11 25 6 18 10 20 7 24 40 20 42 24 35 20 48 19 30 10 0 23 47 17 26 39 42 8 45 22 49 5 39 
1 2 43 30 21 11 39 35 35 34 27 43 38 33 9 36 15 46 3 41 0 16 10 41 50 14 35 37 15 10 15 49 
9 20 1 19 40 32 6 50 38 31 46 26 39 21 25 38 7 33 23 30 26 0 46 14 24 41 11 44 16 36 24 25 
25 20 36 18 24 38 14 19 5 10 47 15 11 20 35 3 29 40 47 31 32 38 0 36 23 13 6 27 29 29 39 40 
14 14 7 21 6 3 3 1 1 44 14 19 20 30 31 4 4 7 9 15 26 40 44 0 43 38 34 14 6 18 11 35 
41 17 21 34 2 5 49 29 50 26 39 47 37 18 19 17 44 32 3 23 22 21 24 14 0 25 21 14 34 23 40 48 
34 40 9 24 3 50 46 30 49 6 29 10 40 38 43 7 26 19 18 20 24 15 38 13 20 0 43 7 10 31 41 16 
7 10 28 6 7 29 44 17 18 48 3 4 18 44 12 34 27 32 14 38 15 5 21 25 19 3 0 46 4 10 44 37 
49 8 40 23 50 13 32 37 29 32 2 1 23 21 11 20 20 9 9 30 28 18 4 1 2 40 3 0 37 5 33 40 
8 25 12 4 46 29 22 12 22 46 46 35 7 13 5 49 4 9 33 27 46 1 14 10 32 5 40 22 0 11 10 46 
33 47 43 45 27 11 18 15 42 48 48 38 35 33 33 48 38 47 42 49 29 22 6 45 7 11 3 22 42 0 39 1 
2 13 50 14 39 14 18 29 38 37 44 41 29 48 14 30 27 50 8 2 25 19 11 18 11 41 48 39 16 9 0 46 
24 3 48 47 25 35 20 44 34 20 19 5 13 35 32 28 48 44 31 26 23 34 38 26 33 2 32 3 48 17 30 0 
