29
13
17 0 23 5 46 34 11 20 45 44 22 25 32 10 
47 38 0 5 4 24 2 16 1 29 37 50 11 36 
2 30 9 0 4 49 23 50 23 18 39 23 15 18 
28 37 34 2 0 41 26 13 1 12 10 20 17 2 
17 36 17 39 37 0 6 36 48 9 40 37 40 24 
3 33 38 29 49 32 0 40 7 25 29 17 28 46 
24 48 35 40 21 39 37 0 47 7 14 6 30 3 
17 29 20 19 48 48 12 18 0 23 31 14 34 12 
39 28 46 42 7 50 11 41 33 0 38 13 19 19 
49 3 27 47 19 32 50 46 15 11 0 37 7 32 
20 16 29 1 18 22 7 9 1 10 2 0 15 8 
7 19 13 35 42 7 50 29 49 10 41 27 0 13 
33 34 16 24 18 9 36 26 30 46 13 32 20 0 
42 0 13 11 49 44 26 32 11 26 32 34 31 20 
31 7 0 3 22 7 38 25 6 40 23 43 27 43 
44 30 32 0 27 24 50 4 22 16 38 19 1 17 
16 45 2 7 0 3 33 43 49 29 29 23 9 39 
26 7 15 3 40 0 18 22 1 33 3 29 50 9 
34 27 48 16 20 34 0 21 41 22 31 5 33 21 
11 34 45 15 1 10 19 0 35 25 47 7 13 49 
2 30 16 34 42 23 8 45 0 49 17 1 13 10 
39 38 49 4 27 11 21 19 7 0 38 7 18 3 
20 31 24 10 31 41 3 22 33 42 0 25 39 39 
32 26 26 12 18 44 3 42 21 31 37 0 22 20 
47 43 30 45 43 9 17 40 3 27 22 40 0 36 
10 10 39 7 47 24 15 39 29 46 43 45 20 0 
13 0 16 11 50 1 38 38 11 45 11 42 39 49 
17 22 0 49 29 49 5 23 32 34 43 3 14 34 
13 7 32 0 18 47 37 50 23 46 2 29 4 26 
34 3 26 16 0 50 47 18 48 8 43 40 1 47 
39 23 38 30 24 0 8 36 18 25 31 30 27 14 
6 39 27 21 21 20 0 26 23 22 21 7 18 43 
7 47 36 6 14 42 18 0 1 49 27 36 17 29 
22 18 8 10 22 47 40 36 0 42 29 22 38 23 
21 25 24 18 3 32 12 31 2 0 40 33 19 18 
38 10 14 7 13 41 4 43 49 9 0 16 12 49 
10 29 8 15 18 14 19 42 22 43 27 0 32 24 
5 6 48 20 28 26 41 4 10 30 23 36 0 17 
31 34 30 22 17 9 6 4 22 33 23 38 23 0 
19 0 1 26 16 17 37 26 39 37 49 45 30 31 
40 21 0 46 1 50 36 30 1 33 35 12 1 27 
18 26 21 0 34 23 26 33 6 7 41 28 44 13 
36 10 29 45 0 36 35 42 37 20 35 9 21 34 
38 8 23 37 16 0 14 16 41 19 50 19 4 26 
20 48 26 33 31 18 0 8 37 1 20 22 39 50 
28 9 41 49 41 12 13 0 40 38 25 34 21 26 
14 28 22 17 11 11 42 10 0 16 45 11 37 5 
42 13 47 38 39 1 48 16 37 0 8 1 21 9 
7 41 37 33 24 43 12 5 4 31 0 15 34 9 
12 48 41 12 15 30 12 36 21 1 43 0 1 36 
33 24 10 28 21 21 47 3 4 1 23 34 0 22 
19 25 50 38 33 32 4 30 39 1 26 25 43 0 
22 0 9 23 37 41 44 32 38 10 39 46 27 10 
45 38 0 7 9 47 18 29 44 11 38 37 33 19 
12 47 7 0 45 23 34 3 28 50 39 30 18 11 
30 2 34 10 0 37 5 12 23 38 17 23 30 4 
9 46 50 12 22 0 37 4 22 33 36 32 15 16 
12 24 33 46 50 28 0 42 37 39 28 10 2 1 
32 22 46 24 31 34 15 0 20 26 7 28 39 17 
43 14 39 48 17 2 45 21 0 43 38 41 43 18 
46 39 18 20 19 41 10 21 5 0 32 27 9 6 
49 1 47 36 18 5 8 33 35 28 0 48 41 12 
8 8 31 40 34 5 32 14 38 27 2 0 6 39 
38 29 47 39 33 13 39 11 4 44 24 7 0 21 
37 36 35 11 12 20 30 7 33 3 40 16 48 0 
22 0 27 43 11 25 46 31 30 17 29 36 47 46 
36 3 0 1 5 14 8 33 14 19 47 29 28 15 
33 27 32 0 6 27 7 24 35 41 12 19 44 20 
29 27 42 21 0 7 50 15 17 34 27 7 28 39 
33 33 35 3 31 0 14 34 10 14 4 48 11 3 
29 23 11 45 41 32 0 12 44 30 7 23 49 41 
30 13 49 49 1 26 28 0 38 25 42 1 38 32 
6 10 11 15 24 44 10 5 0 21 43 6 39 37 
25 17 46 4 26 12 5 40 35 0 22 11 15 4 
23 33 15 5 32 11 8 9 27 2 0 34 15 34 
30 40 37 10 21 44 10 14 1 12 43 0 21 16 
40 34 42 21 39 50 50 21 21 27 40 16 0 11 
46 32 28 49 15 12 40 43 33 16 4 26 2 0 
18 0 6 40 23 22 23 35 17 22 24 17 6 14 
34 15 0 14 9 13 47 44 10 48 28 37 3 48 
31 32 24 0 8 19 39 46 38 33 45 32 49 6 
17 31 45 25 0 8 11 43 2 29 26 30 24 3 
7 32 42 20 29 0 3 20 25 42 4 43 15 6 
29 11 27 2 20 33 0 11 8 31 13 15 24 20 
26 10 46 3 7 45 34 0 16 32 14 46 13 17 
29 29 32 26 28 2 11 3 0 32 33 26 28 6 
47 13 46 27 19 27 47 9 27 0 11 29 39 48 
49 31 41 48 47 31 39 4 4 33 0 27 5 36 
14 14 18 44 28 21 26 1 48 21 21 0 5 46 
19 16 8 2 19 3 37 31 4 31 12 35 0 37 
45 39 2 44 31 20 22 34 14 34 41 34 33 0 
8 0 14 47 1 10 20 44 2 13 23 46 3 14 
24 19 0 5 10 34 6 10 42 27 38 50 5 41 
2 33 12 0 5 33 18 19 36 46 23 35 3 21 
43 42 35 33 0 16 6 42 17 47 4 30 5 1 
36 24 42 32 27 0 47 47 19 19 11 41 8 41 
29 34 29 29 46 21 0 7 13 14 18 7 44 22 
44 13 24 6 29 32 1 0 33 33 45 44 14 47 
38 6 2 24 31 45 26 26 0 27 8 39 18 9 
9 48 39 22 7 36 39 6 4 0 34 46 14 32 
9 7 8 47 40 35 15 50 34 2 0 11 41 38 
12 19 46 18 6 36 38 21 24 4 45 0 11 39 
9 26 42 35 22 7 10 50 37 19 18 30 0 18 
4 4 10 26 47 28 32 20 24 20 10 36 29 0 
11 0 27 11 36 4 14 37 2 26 40 8 50 30 
4 31 0 38 26 50 29 38 38 32 34 12 48 7 
17 30 20 0 36 6 32 49 44 47 33 39 2 16 
5 44 17 29 0 14 2 27 17 25 1 32 49 21 
32 49 41 29 43 0 50 38 47 48 7 33 41 35 
27 2 36 8 48 50 0 24 35 25 44 22 4 21 
11 22 40 43 29 38 38 0 35 1 50 3 18 41 
40 14 19 7 37 34 38 30 0 26 26 32 17 3 
33 25 37 8 6 19 26 23 39 0 17 7 5 29 
45 4 50 26 2 33 40 8 11 11 0 16 18 7 
38 16 41 36 46 9 26 26 6 13 49 0 44 45 
35 43 18 1 47 12 3 9 40 35 31 50 0 24 
49 27 46 22 15 21 40 49 32 10 33 4 21 0 
48 0 29 3 40 41 1 32 8 49 48 40 11 14 
5 15 0 49 49 32 11 36 23 11 50 31 34 48 
29 4 47 0 3 33 36 47 26 14 24 6 1 44 
30 19 17 50 0 29 6 12 2 16 26 1 33 29 
22 18 49 38 30 0 23 6 44 22 28 12 47 16 
5 14 38 41 42 43 0 49 38 31 18 6 11 21 
25 23 47 13 29 46 20 0 4 14 30 28 27 44 
34 45 1 8 41 6 4 14 0 2 49 14 26 34 
8 35 41 42 50 44 27 10 48 0 33 47 9 49 
16 27 12 41 35 11 15 48 9 4 0 38 23 28 
50 8 7 24 24 34 38 46 38 36 13 0 23 30 
34 50 35 37 12 5 49 42 41 28 3 12 0 15 
4 12 37 50 31 4 20 23 44 20 3 25 10 0 
13 0 22 4 28 41 49 19 5 27 16 13 23 42 
33 24 0 36 10 30 5 13 10 31 27 9 39 5 
10 4 7 0 40 30 32 12 3 42 28 38 14 38 
4 44 10 27 0 46 24 27 40 21 46 37 35 40 
49 13 50 33 45 0 46 39 36 40 15 49 37 36 
31 11 39 42 46 49 0 47 43 1 20 1 5 31 
36 13 16 39 8 21 6 0 40 34 50 4 9 33 
43 25 2 15 29 12 40 11 0 43 16 1 30 50 
39 39 48 48 44 50 29 15 11 0 27 20 1 8 
29 32 46 48 12 36 33 14 7 22 0 41 37 41 
39 15 20 43 47 16 10 8 32 18 43 0 36 7 
5 31 19 33 49 33 14 22 34 9 16 46 0 5 
16 47 37 33 17 7 12 3 11 14 45 18 30 0 
5 0 42 50 47 14 4 12 5 32 3 45 24 23 
9 23 0 20 6 7 5 47 43 1 13 22 50 1 
36 25 5 0 44 17 24 15 20 28 23 23 37 45 
12 35 1 34 0 45 42 9 45 48 40 33 5 8 
40 22 38 5 29 0 28 47 13 18 37 50 38 37 
21 10 4 31 50 48 0 20 13 43 12 42 17 19 
30 42 7 39 36 22 40 0 10 35 43 32 24 45 
45 41 32 45 48 1 47 9 0 21 49 41 18 40 
36 36 45 47 10 46 38 10 49 0 6 7 30 2 
29 48 27 37 18 22 7 6 3 30 0 31 49 14 
42 20 11 9 44 16 22 46 37 5 15 0 38 33 
37 37 35 47 35 26 16 47 22 49 32 35 0 32 
20 11 35 33 7 15 49 46 4 19 49 40 12 0 
41 0 8 6 43 44 13 50 35 35 21 21 7 45 
6 33 0 18 21 21 30 25 13 47 11 12 4 48 
1 39 38 0 33 18 37 7 24 36 8 42 30 5 
19 36 47 35 0 40 15 26 12 9 17 29 34 48 
20 15 50 44 48 0 44 39 46 13 11 48 3 3 
35 1 22 21 25 27 0 41 16 12 40 16 12 21 
48 28 36 42 23 9 50 0 21 17 42 24 42 11 
48 42 9 6 26 50 33 38 0 30 26 41 39 42 
3 44 32 8 26 35 33 27 47 0 11 10 22 38 
39 3 33 18 9 48 29 15 29 50 0 8 6 15 
16 30 34 18 3 46 3 31 7 7 40 0 10 17 
39 9 34 2 31 49 35 38 12 30 5 13 0 18 
44 10 28 24 44 25 3 12 19 3 43 29 9 0 
15 0 20 7 32 47 44 9 43 9 21 31 28 19 
9 22 0 27 5 50 29 5 36 2 43 3 33 13 
15 7 5 0 21 7 42 23 23 34 15 31 30 33 
12 5 25 35 0 40 48 47 26 17 31 35 15 4 
15 24 23 14 27 0 4 50 35 29 2 38 39 14 
40 5 47 25 7 46 0 25 17 17 1 11 18 3 
6 36 37 49 26 21 6 0 4 27 50 50 21 39 
28 31 49 34 4 38 46 27 0 9 43 30 43 25 
39 41 37 48 24 13 46 25 49 0 14 48 31 26 
18 34 11 13 6 47 4 19 19 44 0 19 34 48 
23 22 27 47 44 8 6 2 32 15 18 0 30 27 
37 25 14 29 18 1 3 28 21 13 16 47 0 38 
33 40 7 21 48 18 14 26 41 25 48 2 21 0 
41 0 25 24 36 19 44 33 30 10 29 5 40 26 
19 31 0 20 3 10 12 50 6 26 17 46 12 18 
50 16 1 0 47 1 17 27 48 11 29 4 35 44 
22 15 9 23 0 11 2 31 22 50 34 6 39 16 
37 2 15 15 8 0 29 25 2 44 17 29 14 28 
39 13 29 8 3 17 0 18 16 40 36 48 3 7 
44 31 46 1 33 45 9 0 36 30 25 34 46 21 
26 10 42 29 48 30 9 33 0 14 18 44 42 31 
40 21 50 48 17 17 13 2 35 0 45 6 43 34 
34 6 43 9 39 46 13 33 41 8 0 25 12 38 
18 44 24 31 14 3 10 3 6 38 37 0 33 9 
17 34 19 41 16 36 36 15 47 4 41 5 0 30 
49 29 49 49 13 26 37 29 49 19 29 4 31 0 
4 0 34 32 29 18 7 27 30 29 29 14 50 42 
39 26 0 24 22 41 33 27 34 5 31 5 7 25 
12 47 31 0 18 16 40 38 35 33 3 34 19 36 
35 28 1 20 0 1 35 49 21 37 11 5 28 28 
46 28 48 50 3 0 28 22 44 46 31 49 11 14 
24 13 8 6 24 41 0 4 5 49 49 34 35 31 
20 9 4 25 37 26 41 0 38 45 10 38 33 50 
6 47 43 40 48 2 9 37 0 11 36 14 31 37 
15 24 24 47 29 14 15 22 8 0 13 40 21 45 
23 21 27 30 4 20 23 25 35 7 0 13 10 2 
33 26 45 9 23 40 44 1 12 18 15 0 48 31 
25 19 28 49 35 3 19 3 29 39 10 32 0 33 
45 8 12 30 17 11 38 27 32 40 28 49 41 0 
50 0 28 45 12 3 13 32 23 46 5 47 37 23 
11 41 0 50 4 37 35 28 40 46 36 39 33 2 
4 11 5 0 43 29 1 50 44 3 42 9 18 37 
48 50 11 49 0 3 16 43 44 1 47 28 29 3 
44 22 2 5 42 0 7 29 2 9 22 18 3 27 
46 38 29 8 50 42 0 36 1 37 29 29 47 33 
24 40 8 4 15 27 15 0 26 8 29 43 49 50 
3 39 35 39 28 43 47 27 0 20 6 15 43 47 
37 43 3 7 43 23 8 10 34 0 40 45 6 8 
42 38 1 39 9 37 10 1 39 47 0 17 49 1 
37 1 6 4 34 43 11 18 41 23 24 0 2 36 
21 41 40 20 50 41 33 21 2 9 27 31 0 48 
29 34 47 48 46 36 8 43 36 8 4 30 7 0 
2 0 46 40 2 16 27 38 24 17 20 11 20 48 
27 16 0 30 35 42 30 23 37 15 28 22 43 27 
39 44 44 0 35 33 37 40 44 39 38 31 50 44 
50 44 25 13 0 15 36 28 49 10 43 13 2 17 
25 7 20 38 18 0 19 9 39 39 45 30 32 37 
25 31 4 38 29 49 0 36 48 30 30 13 2 14 
36 15 28 29 2 31 34 0 17 13 33 24 1 20 
13 41 5 12 50 45 31 28 0 12 48 46 22 14 
14 16 19 45 28 8 36 5 33 0 45 12 11 43 
49 49 20 12 48 31 38 9 37 45 0 43 18 30 
18 22 36 25 17 33 7 38 18 18 48 0 18 6 
16 15 15 31 47 44 2 7 46 33 8 50 0 1 
15 35 5 28 22 26 28 48 41 15 19 8 28 0 
29 0 4 6 32 31 23 45 42 15 23 45 6 48 
50 17 0 23 22 39 28 25 16 18 22 33 40 46 
22 41 8 0 26 1 47 23 19 16 48 2 15 2 
36 5 10 1 0 13 11 22 25 27 11 26 19 27 
41 33 13 11 32 0 24 42 36 1 5 35 39 23 
48 34 30 35 19 22 0 8 37 43 21 7 17 10 
22 18 22 46 30 33 8 0 24 6 40 7 5 17 
28 23 17 35 50 26 13 40 0 13 39 46 43 43 
4 11 40 49 13 6 44 22 2 0 24 15 6 26 
2 31 49 43 44 23 30 2 45 35 0 21 9 21 
32 5 21 9 30 26 3 37 30 48 35 0 7 27 
1 11 45 26 49 3 29 25 24 33 42 21 0 45 
23 13 41 10 26 20 41 43 25 40 2 44 45 0 
39 0 3 40 23 34 14 37 17 23 20 8 19 36 
18 30 0 46 8 22 30 39 35 4 41 46 21 22 
16 17 35 0 26 21 44 33 5 15 27 36 2 49 
28 34 28 50 0 43 34 41 40 2 12 47 17 18 
23 6 10 35 12 0 44 3 12 49 21 33 48 50 
15 36 32 4 4 11 0 7 23 2 5 7 5 49 
13 30 32 14 5 38 10 0 3 21 28 45 31 15 
42 49 37 29 14 46 3 44 0 20 6 9 49 9 
36 10 46 21 1 4 31 14 31 0 24 31 35 16 
46 38 47 44 8 37 24 39 19 9 0 36 24 41 
12 2 5 44 24 23 16 47 2 50 8 0 1 27 
42 50 1 12 26 7 44 49 50 15 47 26 0 48 
23 25 20 18 2 10 48 10 42 29 9 38 50 0 
8 0 20 19 45 39 39 44 31 45 24 39 8 33 
30 30 0 42 12 37 8 18 27 1 41 28 35 48 
49 4 18 0 50 22 42 24 27 49 25 31 6 26 
9 33 17 28 0 2 32 10 20 30 18 18 31 42 
2 20 24 8 29 0 42 10 42 41 40 14 46 3 
47 34 6 31 5 12 0 6 12 50 35 10 23 40 
46 26 29 19 36 50 20 0 30 41 5 4 42 47 
39 47 35 18 43 3 33 49 0 35 26 14 49 13 
7 25 31 2 35 14 35 39 46 0 35 13 22 5 
15 26 24 7 30 3 40 9 24 10 0 27 33 43 
8 41 42 12 50 15 21 24 43 45 49 0 40 20 
40 7 8 44 12 23 46 39 38 7 26 29 0 46 
11 9 5 33 15 5 20 43 7 45 48 35 35 0 
48 0 2 32 22 31 25 17 11 13 34 1 30 49 
4 37 0 4 20 34 16 33 4 4 12 20 11 31 
44 20 27 0 34 13 11 10 27 25 45 8 16 26 
1 12 36 49 0 26 4 3 17 1 34 40 38 11 
32 2 31 44 41 0 12 12 1 31 47 34 30 21 
41 21 22 30 42 46 0 4 8 15 21 19 6 36 
16 8 15 44 37 38 47 0 2 29 8 46 31 5 
46 5 26 20 15 3 20 5 0 14 33 45 22 42 
44 34 3 17 31 13 39 5 47 0 5 37 38 11 
46 34 20 12 14 26 49 38 1 50 0 33 45 7 
17 37 32 3 26 20 22 46 44 13 50 0 12 28 
34 43 50 50 50 39 33 5 7 36 36 2 0 19 
19 23 5 44 35 20 23 25 47 2 24 44 30 0 
18 0 16 15 3 21 20 1 36 43 6 38 1 50 
45 13 0 2 11 1 46 1 7 1 49 41 1 29 
30 40 3 0 38 42 27 6 20 22 17 40 5 16 
16 2 34 27 0 17 18 43 35 26 10 24 36 1 
28 43 24 17 17 0 25 2 43 41 11 33 6 15 
11 46 31 23 46 12 0 7 36 31 50 24 25 32 
24 8 44 5 30 30 2 0 41 49 13 47 6 1 
16 3 23 26 41 1 21 3 0 7 48 5 3 14 
12 30 16 48 44 1 42 35 1 0 44 50 37 31 
4 5 25 12 33 34 18 46 46 4 0 14 5 9 
23 4 30 18 11 40 2 16 19 22 26 0 2 20 
47 14 16 16 9 24 40 11 48 17 28 45 0 16 
21 36 19 17 26 3 44 35 28 38 5 33 34 0 
10 0 35 15 35 33 50 11 14 38 5 31 30 46 
40 16 0 49 26 38 3 23 45 19 16 48 2 46 
24 9 35 0 19 26 11 34 25 14 5 46 13 34 
29 35 3 34 0 32 39 37 31 13 28 37 2 1 
3 10 40 42 20 0 18 34 38 27 3 29 19 29 
20 47 21 27 11 3 0 14 5 24 39 43 36 35 
9 15 15 11 31 48 17 0 26 8 24 36 23 35 
29 29 47 3 33 24 15 3 0 20 41 10 37 18 
34 38 47 29 22 47 6 36 9 0 19 23 16 22 
32 3 4 12 24 36 4 26 25 35 0 8 22 7 
19 22 32 40 25 6 25 14 14 30 29 0 29 3 
39 17 50 20 10 24 38 11 43 13 50 8 0 18 
25 33 42 10 3 39 8 15 29 35 5 19 45 0 
18 0 41 9 18 23 25 33 22 48 38 27 5 26 
35 35 0 47 27 10 32 33 7 31 43 22 5 27 
41 22 38 0 11 32 46 2 16 6 47 3 25 40 
25 25 47 28 0 45 16 5 28 4 24 19 2 26 
23 37 38 37 48 0 37 13 47 34 12 34 37 6 
31 4 10 29 38 45 0 3 21 7 8 11 4 48 
6 50 49 37 48 20 10 0 7 24 16 28 20 50 
16 12 43 42 14 13 41 40 0 35 2 19 26 37 
25 50 6 16 29 27 33 50 31 0 14 49 48 14 
14 28 49 8 38 33 10 38 30 41 0 28 16 44 
48 14 9 22 49 30 12 12 46 10 2 0 8 37 
1 37 50 35 49 44 45 1 49 13 41 28 0 14 
37 17 49 46 9 28 50 36 29 20 42 10 15 0 
20 0 36 3 19 18 48 50 2 32 23 39 45 42 
35 22 0 44 50 2 18 44 36 44 46 13 50 2 
25 8 2 0 22 18 8 25 35 25 9 49 31 45 
44 28 12 5 0 44 10 1 17 43 29 42 30 18 
24 17 30 26 41 0 40 19 17 23 43 1 10 6 
31 21 8 11 14 46 0 20 7 25 17 24 40 2 
4 50 35 32 30 10 42 0 50 34 8 5 49 18 
10 12 29 21 36 12 45 38 0 29 30 9 32 15 
47 11 11 50 1 6 36 40 37 0 20 32 41 13 
42 19 7 48 13 4 12 46 37 9 0 29 4 31 
13 45 14 25 20 27 1 15 13 32 39 0 35 8 
49 14 29 23 42 47 31 23 20 27 31 32 0 17 
6 21 20 11 3 32 47 20 44 41 26 12 50 0 
6 0 41 48 29 37 19 13 6 5 49 17 14 17 
33 23 0 8 43 19 34 43 4 21 30 46 3 29 
7 38 39 0 6 23 4 12 43 42 40 26 42 40 
13 19 12 2 0 23 3 48 37 50 24 12 2 23 
43 20 47 35 11 0 3 27 9 13 26 17 50 27 
14 3 25 41 34 33 0 2 29 21 24 42 20 8 
44 6 42 7 14 27 4 0 50 12 42 46 8 29 
24 15 31 50 44 46 3 46 0 40 45 13 9 41 
30 1 44 22 47 6 15 4 9 0 22 17 6 13 
40 46 27 3 11 29 34 5 9 37 0 49 21 31 
47 18 12 5 11 30 48 23 48 4 6 0 40 46 
41 43 26 15 44 15 45 32 6 7 20 37 0 35 
34 26 36 21 14 46 1 17 9 48 42 5 11 0 
37 0 8 40 43 43 21 13 15 39 42 30 45 44 
34 27 0 50 41 11 43 18 26 47 23 38 28 41 
11 40 30 0 32 45 34 10 33 28 37 42 14 15 
50 25 20 46 0 34 7 27 21 12 25 18 19 37 
50 38 35 41 36 0 3 16 2 11 23 36 7 47 
46 35 11 7 41 8 0 28 47 43 43 7 2 39 
31 2 21 49 16 13 14 0 9 35 22 48 37 1 
40 49 13 40 2 34 39 38 0 12 42 10 6 34 
10 41 40 7 46 29 40 47 22 0 14 32 12 8 
24 43 39 11 13 13 20 40 18 30 0 35 4 41 
23 13 2 20 10 11 44 32 3 24 19 0 29 27 
20 48 5 18 35 31 28 45 11 47 50 1 0 29 
47 36 44 42 11 6 3 6 6 27 46 3 5 0 
22 0 19 26 21 20 20 33 37 44 23 36 1 46 
4 27 0 47 12 17 2 20 32 14 8 39 12 13 
13 26 22 0 14 21 9 16 30 10 9 19 41 27 
30 18 42 4 0 14 8 42 16 2 26 10 45 11 
45 34 23 8 11 0 38 10 8 7 7 16 30 2 
28 35 16 45 18 28 0 22 40 22 2 40 11 45 
31 20 47 11 50 12 20 0 10 15 33 8 2 49 
31 32 19 23 11 27 24 12 0 31 7 50 8 8 
32 23 22 23 33 34 47 16 8 0 40 12 47 8 
4 11 42 14 3 9 43 20 47 41 0 21 49 41 
14 37 33 50 13 47 4 42 31 47 39 0 42 50 
24 6 33 24 42 8 27 4 23 14 21 18 0 4 
42 15 39 35 33 1 25 42 20 11 34 9 27 0 
