30
29
41 0 41 12 50 24 45 48 1 2 39 7 8 28 13 47 16 41 20 42 44 40 38 44 2 34 9 39 25 20 
12 17 0 42 27 5 20 32 7 13 33 1 21 1 40 15 16 19 24 14 33 6 1 40 15 8 28 3 47 10 
17 15 6 0 24 31 40 22 15 32 24 44 16 10 28 38 41 24 39 49 30 37 16 35 26 43 14 12 28 28 
19 28 18 36 0 47 47 18 46 48 20 50 43 1 37 1 21 17 47 23 2 25 35 39 4 17 23 2 31 30 
31 18 29 45 38 0 13 46 27 30 13 31 21 45 27 19 50 38 36 29 34 6 26 17 39 26 3 35 39 14 
19 24 46 37 16 17 0 3 21 49 14 25 6 45 37 35 43 32 30 9 20 4 30 38 24 47 25 5 1 41 
19 35 29 7 13 12 39 0 35 34 30 10 16 30 40 23 4 29 11 39 33 47 45 24 26 20 10 40 37 23 
41 41 12 3 31 30 29 46 0 49 32 26 46 8 49 1 50 4 25 40 15 20 18 15 17 18 44 24 12 3 
38 4 23 3 13 43 39 48 14 0 50 10 45 9 31 30 14 37 40 46 23 27 16 35 50 23 4 23 27 46 
35 37 6 17 43 12 28 3 43 46 0 6 12 2 41 26 30 21 12 38 35 3 32 5 29 39 27 23 19 24 
31 9 20 12 3 29 13 5 28 16 20 0 2 11 45 45 41 11 26 25 10 20 2 43 36 43 43 4 33 28 
29 17 40 10 30 13 37 36 1 50 12 14 0 26 44 46 18 34 42 37 11 38 28 2 48 10 4 29 17 35 
20 10 26 31 27 49 50 31 43 32 32 8 5 0 11 27 14 46 44 9 47 19 9 1 17 23 40 1 16 42 
50 26 34 21 2 31 40 36 33 50 45 47 38 41 0 10 6 3 33 18 25 34 14 11 21 20 17 11 9 9 
8 37 49 34 39 43 7 49 38 4 31 37 28 14 45 0 15 1 31 19 41 12 21 7 34 41 9 36 15 14 
2 36 20 31 28 26 13 47 13 50 48 4 8 15 30 37 0 39 7 1 16 7 19 36 43 18 48 38 30 15 
44 30 8 42 35 37 19 11 6 1 38 32 19 38 32 21 38 0 5 6 28 47 3 3 36 50 8 33 50 28 
14 30 38 34 32 20 20 41 12 23 29 12 27 33 6 13 35 38 0 31 5 23 30 44 33 2 19 42 28 22 
43 28 4 19 34 43 21 1 49 38 18 12 30 27 32 28 17 21 20 0 47 23 15 20 2 45 5 34 37 6 
32 13 29 42 19 19 46 25 43 43 41 36 13 37 1 14 43 44 4 12 0 5 36 48 22 32 50 28 8 3 
24 29 10 34 46 17 25 40 21 11 8 37 4 25 28 30 12 11 29 19 39 0 3 12 31 26 1 46 16 8 
11 20 42 38 23 19 14 32 2 17 20 27 24 23 33 46 25 1 12 20 43 21 0 40 49 40 14 22 18 30 
9 45 22 9 33 10 42 17 50 32 6 15 49 10 44 10 42 15 30 29 35 1 1 0 35 46 15 41 30 43 
48 9 47 47 3 43 23 49 18 42 13 42 30 25 20 6 6 45 11 47 40 48 49 42 0 39 45 8 45 37 
14 18 20 12 25 2 23 10 18 46 18 21 12 24 24 18 37 6 27 31 29 40 21 31 34 0 3 50 10 5 
8 8 36 29 12 5 25 44 31 6 23 47 46 39 49 44 26 29 24 26 25 3 40 32 14 8 0 25 47 40 
28 22 2 13 5 11 39 32 43 50 20 50 24 6 1 4 34 34 2 23 38 9 25 27 35 30 6 0 18 4 
15 4 31 28 5 4 34 21 34 41 28 11 12 33 29 5 27 2 47 40 28 31 25 23 25 2 20 47 0 26 
29 26 6 21 28 29 46 39 22 20 3 17 33 50 43 24 12 26 26 46 22 9 29 9 29 26 34 30 8 0 
3 0 3 34 37 45 6 16 23 40 34 4 34 16 5 32 44 24 46 31 33 50 13 27 44 2 5 20 48 47 
43 2 0 45 17 32 19 18 19 30 38 44 27 2 23 43 22 13 6 4 47 15 6 31 4 47 9 40 27 41 
36 41 36 0 19 26 48 32 10 18 35 36 15 25 44 8 37 7 49 41 34 22 40 49 17 2 32 37 22 42 
20 23 30 42 0 29 45 48 9 9 26 25 12 13 46 22 18 32 41 12 23 17 41 11 50 43 19 47 42 20 
18 44 11 10 18 0 48 12 7 24 47 49 11 29 48 23 16 23 10 45 28 49 20 42 26 49 25 30 13 30 
49 10 49 6 39 42 0 32 14 2 45 48 10 12 9 45 13 13 39 43 38 34 21 10 2 15 22 48 3 36 
11 44 19 50 28 25 37 0 1 5 41 7 42 2 22 15 47 18 38 12 48 13 37 37 37 25 47 29 50 47 
42 18 44 30 29 41 2 30 0 11 35 34 8 13 8 48 36 47 32 50 46 6 47 35 37 5 24 25 7 32 
25 31 47 37 5 13 23 14 13 0 24 31 13 18 8 4 29 41 1 30 39 1 28 15 30 5 42 46 33 7 
25 6 17 46 48 36 4 37 21 9 0 45 26 23 35 8 19 33 39 40 32 9 15 23 45 18 31 48 17 18 
32 13 18 41 7 38 19 15 18 20 22 0 50 42 20 43 35 14 29 44 7 12 23 3 7 2 49 10 33 22 
29 17 39 37 20 39 46 28 36 17 47 40 0 4 16 19 18 32 17 46 31 11 4 3 4 10 7 10 10 12 
39 8 29 37 44 40 4 34 13 23 31 47 8 0 29 12 47 18 8 7 35 39 21 32 15 2 12 25 14 35 
28 13 30 36 16 47 9 19 4 11 27 16 35 19 0 45 16 34 3 25 41 8 42 49 4 26 23 18 26 14 
35 32 15 40 49 36 10 2 12 42 32 4 28 15 48 0 31 20 4 3 38 49 18 9 50 23 27 36 14 27 
10 44 29 33 5 19 29 12 27 36 33 35 15 22 11 44 0 38 30 28 2 23 7 19 16 38 15 17 24 16 
17 22 50 46 26 2 49 3 21 23 47 19 20 43 18 20 4 0 35 46 49 7 36 47 9 13 4 4 25 14 
45 41 2 6 47 10 15 34 39 40 20 13 41 17 8 32 34 3 0 14 2 47 35 31 21 25 9 31 25 42 
34 22 49 25 40 26 33 45 14 24 33 4 36 15 46 26 36 17 20 0 40 28 29 2 40 24 17 11 10 31 
31 38 30 40 43 5 19 22 38 1 41 25 37 20 30 31 48 11 21 35 0 45 39 43 12 36 14 5 20 9 
2 24 16 23 14 33 36 4 15 44 10 28 5 49 17 29 16 41 10 22 10 0 26 6 41 25 37 42 46 18 
5 29 1 49 13 37 27 26 2 24 37 45 28 33 17 11 8 41 41 26 34 21 0 24 46 49 50 26 18 26 
49 28 42 40 36 11 16 10 30 42 12 40 4 14 17 23 28 33 44 40 30 18 46 0 1 20 35 34 5 5 
50 14 12 10 50 4 47 46 5 42 23 2 1 29 49 30 37 30 7 7 24 21 18 33 0 29 46 31 32 41 
20 1 27 11 6 30 29 1 30 4 10 21 28 23 41 21 38 30 39 48 22 34 6 28 48 0 32 29 46 29 
32 4 23 16 6 35 41 46 41 46 50 20 29 7 27 47 37 47 49 28 12 41 17 43 35 19 0 37 46 50 
13 24 1 33 22 49 50 38 6 22 38 50 25 48 34 40 28 43 27 29 31 12 36 31 19 18 41 0 38 31 
31 37 48 45 47 28 22 50 37 8 8 27 10 32 25 11 28 37 43 33 4 7 26 11 17 20 2 39 0 20 
15 5 9 13 8 25 36 41 5 29 20 13 40 41 36 19 3 21 30 12 21 42 31 48 5 28 24 11 38 0 
29 0 28 26 34 30 23 4 50 14 3 8 40 21 23 9 23 21 14 17 41 42 14 49 23 28 50 24 25 11 
9 30 0 1 25 3 27 2 45 29 11 18 32 19 40 19 23 23 1 19 22 25 34 14 8 20 46 15 30 4 
6 31 50 0 30 40 5 23 7 15 18 47 8 29 42 4 49 9 23 25 30 1 6 50 5 3 36 25 17 43 
5 7 13 23 0 41 24 30 19 3 30 35 47 16 8 33 23 15 47 42 11 9 12 24 41 50 4 1 32 46 
28 5 30 7 15 0 11 12 34 35 38 19 24 31 7 44 40 34 35 49 18 32 38 39 34 6 35 44 34 23 
23 38 23 49 24 26 0 26 5 40 2 48 21 39 31 9 24 38 29 5 30 1 17 19 3 15 14 40 16 47 
1 31 17 29 12 13 50 0 46 25 8 31 19 35 44 34 1 47 43 8 31 11 19 6 39 4 22 7 20 21 
35 10 36 11 9 40 22 31 0 43 27 18 9 28 13 22 24 12 17 23 35 2 18 22 33 35 37 32 25 29 
26 41 6 31 26 41 48 46 8 0 27 5 13 21 5 16 40 22 34 7 35 15 42 6 35 36 19 18 39 4 
26 22 8 47 3 18 37 12 29 2 0 23 24 29 4 41 19 22 31 14 6 44 14 4 26 41 14 34 36 22 
46 8 23 10 42 33 5 47 17 19 37 0 30 28 44 32 34 11 36 38 16 16 14 38 4 34 11 12 19 33 
6 39 34 1 40 33 45 50 14 38 22 36 0 23 6 13 27 26 16 20 22 42 30 28 47 21 7 33 20 20 
27 32 21 36 14 11 30 4 29 38 11 38 35 0 47 49 17 30 44 8 26 28 8 45 42 48 41 26 12 37 
31 34 1 25 31 38 6 1 1 9 46 33 24 48 0 28 10 34 8 34 29 31 42 14 25 44 43 20 37 29 
38 24 35 19 17 48 5 10 14 5 10 44 16 29 36 0 13 44 5 10 18 33 15 34 43 33 7 40 21 27 
32 39 18 19 22 14 35 12 14 7 50 23 1 21 4 25 0 35 15 13 28 13 50 39 10 20 47 24 41 42 
36 11 9 34 34 32 16 42 26 45 16 1 2 30 48 10 45 0 33 45 30 19 48 42 27 43 15 32 1 8 
50 25 40 45 20 29 47 42 39 17 39 38 33 10 21 48 28 11 0 20 41 1 25 15 29 11 24 38 19 33 
42 20 50 16 34 27 20 26 7 32 2 2 19 7 16 6 43 36 39 0 22 29 15 4 13 10 8 25 11 12 
34 47 41 29 9 48 48 39 22 50 34 1 22 22 30 19 39 32 19 50 0 23 19 38 50 47 4 27 17 38 
7 26 2 10 15 23 36 11 24 11 9 18 17 21 37 6 22 7 44 24 44 0 21 27 7 11 39 15 10 42 
32 5 22 32 2 16 24 32 42 8 49 44 8 16 22 10 33 7 49 1 45 26 0 47 33 43 44 36 50 46 
49 26 9 27 20 42 6 38 36 16 5 13 24 30 50 45 31 36 6 5 47 29 33 0 16 9 48 7 9 39 
40 8 31 25 37 44 32 41 17 39 24 17 23 47 41 44 38 21 46 48 38 12 9 30 0 45 50 20 44 43 
18 22 36 47 49 47 9 25 39 38 36 18 5 14 48 32 39 24 33 42 23 22 28 11 11 0 1 28 50 1 
30 37 25 39 48 50 18 39 20 24 1 33 20 49 33 11 30 33 48 11 48 6 26 37 3 21 0 47 45 26 
36 49 19 9 24 9 1 12 30 8 15 31 44 20 50 33 9 3 23 45 1 31 18 30 39 3 25 0 12 38 
36 28 4 23 14 34 26 32 25 47 40 33 49 1 26 34 31 5 37 26 5 45 18 24 1 25 6 31 0 39 
20 21 35 40 25 44 31 12 8 31 37 25 2 35 7 33 12 2 31 43 47 9 49 38 36 33 42 10 30 0 
23 0 39 29 46 43 5 26 6 44 24 7 45 23 23 24 1 2 4 11 12 41 39 23 25 39 43 12 23 48 
4 42 0 3 22 32 36 43 8 29 9 30 32 28 19 29 24 48 25 36 25 38 35 30 32 49 40 34 16 4 
7 50 43 0 4 9 41 33 5 24 41 37 32 43 23 45 31 30 13 21 45 1 41 19 26 48 10 19 12 22 
23 43 3 27 0 5 22 9 38 28 20 29 46 20 24 34 50 43 46 12 35 2 19 27 14 21 3 17 32 18 
6 49 22 21 33 0 2 49 35 5 39 1 36 43 2 44 43 50 32 18 36 27 5 15 7 27 21 5 17 40 
7 2 6 28 21 23 0 22 7 26 37 23 35 15 39 8 12 50 9 17 33 22 22 22 49 47 41 1 34 15 
44 13 47 33 46 49 37 0 45 9 23 30 23 36 25 45 46 1 12 17 8 46 28 13 38 34 18 36 31 8 
32 30 23 38 43 32 25 26 0 3 20 40 21 17 41 36 37 11 36 48 27 4 47 30 34 27 20 16 1 9 
50 28 14 7 38 28 44 8 36 0 44 43 21 20 48 42 28 37 29 38 27 2 23 32 39 4 4 36 50 39 
11 23 16 25 17 4 43 27 15 30 0 14 42 30 26 43 5 7 34 49 38 7 41 41 29 24 8 27 46 25 
3 35 43 44 19 25 21 27 47 4 45 0 50 1 22 50 24 36 22 48 40 34 48 20 37 12 33 21 33 38 
1 9 28 47 2 13 45 22 48 11 1 23 0 28 11 31 5 39 6 19 41 6 39 37 29 7 42 6 15 6 
33 37 5 38 40 46 45 18 3 49 10 5 2 0 38 11 47 18 6 37 40 33 24 27 3 42 32 13 23 49 
41 11 7 31 16 16 25 47 35 39 16 37 38 36 0 8 9 36 4 1 26 33 40 36 19 25 24 9 11 3 
46 8 33 22 20 13 38 4 24 37 23 37 1 33 18 0 22 4 45 39 19 44 7 29 12 48 16 2 26 38 
7 43 8 14 45 39 31 33 15 19 23 20 6 12 18 29 0 39 32 7 18 47 22 29 20 42 9 40 29 21 
24 4 11 12 16 18 44 15 23 7 45 37 40 39 27 16 50 0 39 45 12 34 10 35 46 8 41 35 14 38 
23 36 49 3 12 41 15 13 9 40 45 24 14 16 26 12 32 8 0 34 3 4 43 20 46 18 38 15 20 16 
4 25 34 31 28 1 21 46 35 29 48 12 4 42 50 1 38 20 44 0 9 34 27 34 2 12 34 31 17 4 
35 24 26 46 47 5 16 11 43 37 16 5 16 47 29 36 41 1 2 20 0 45 30 19 22 11 32 28 41 32 
20 44 20 4 43 1 6 22 16 7 37 34 40 46 33 29 4 18 30 5 17 0 21 34 30 47 9 5 6 5 
36 16 27 25 30 24 44 46 2 24 47 24 14 25 45 15 37 6 35 36 43 7 0 15 48 37 16 49 11 41 
7 35 46 50 18 31 42 11 10 10 22 39 34 3 45 33 31 3 47 40 16 11 4 0 21 20 13 30 1 29 
39 15 26 34 5 45 40 2 25 47 44 3 4 27 46 13 48 10 4 21 15 6 13 2 0 22 26 47 31 26 
31 5 2 41 32 21 46 47 6 29 9 5 32 7 6 3 37 12 34 8 8 23 3 26 31 0 14 34 2 24 
13 30 49 9 27 44 42 43 13 23 7 50 16 42 31 45 16 34 49 8 49 35 15 13 24 18 0 9 3 26 
10 18 38 45 24 43 49 11 47 5 14 14 10 25 39 28 9 42 31 22 31 16 31 35 44 25 28 0 16 36 
36 10 35 40 18 3 6 19 6 43 49 33 35 19 30 36 44 39 11 26 35 16 26 29 31 45 45 38 0 4 
1 49 16 34 25 12 46 30 25 43 23 34 9 4 49 32 40 47 47 1 49 1 36 18 40 1 21 34 6 0 
10 0 24 9 19 16 5 45 34 49 11 8 34 7 20 47 39 43 27 12 27 47 41 48 48 37 5 1 13 48 
44 24 0 42 13 24 15 19 14 15 44 49 5 48 42 37 40 18 43 32 40 30 48 25 9 7 9 19 26 11 
33 12 5 0 33 37 5 37 17 22 34 5 28 25 28 34 14 23 50 50 12 9 19 12 19 24 18 47 50 34 
6 15 47 44 0 4 33 32 45 23 12 37 50 23 46 10 28 12 6 20 42 45 34 10 20 14 2 14 50 36 
9 19 8 38 34 0 17 19 8 35 21 46 2 19 1 38 13 13 36 24 2 42 12 13 28 8 39 22 5 27 
30 2 20 33 9 14 0 44 30 13 40 30 41 20 28 35 25 41 27 34 23 7 2 17 40 48 45 48 6 31 
30 46 45 15 32 5 20 0 26 20 11 38 45 34 50 47 45 11 22 35 29 4 18 13 38 33 20 29 36 30 
35 14 16 38 50 34 45 35 0 27 39 23 16 49 22 16 47 28 24 3 20 46 37 24 14 28 27 12 33 7 
33 12 27 34 46 36 47 22 8 0 35 17 3 10 35 34 12 13 5 47 47 42 5 47 26 16 35 48 41 3 
10 23 22 12 28 45 28 47 32 3 0 36 20 26 21 40 37 17 36 3 41 2 16 22 16 37 16 29 15 1 
18 12 38 7 19 48 12 45 42 33 41 0 6 16 32 3 11 28 16 34 8 40 49 49 45 1 1 45 2 6 
25 12 17 13 46 14 42 49 13 8 23 28 0 42 26 4 13 35 37 34 20 6 10 50 45 8 12 20 14 44 
7 18 4 11 40 17 21 25 44 21 19 12 13 0 15 9 11 31 49 24 45 33 16 15 11 32 1 16 12 22 
6 34 45 28 5 7 40 20 17 3 9 34 39 42 0 16 16 9 43 45 42 35 27 14 46 20 11 41 3 44 
30 39 2 9 3 38 37 24 34 8 8 20 42 14 47 0 15 12 45 25 49 46 24 9 22 21 38 29 21 49 
9 45 17 37 27 38 15 8 25 36 4 30 42 25 35 37 0 22 43 14 17 32 8 17 16 5 48 6 31 31 
39 16 9 16 26 26 14 42 33 16 27 33 7 37 10 21 20 0 4 49 24 35 49 45 16 4 18 1 28 1 
33 29 32 34 28 36 21 45 14 17 50 22 45 40 28 37 35 25 0 22 8 45 35 45 8 7 46 40 21 44 
12 9 25 36 42 1 37 45 49 30 2 40 27 6 38 49 2 40 10 0 18 29 19 43 30 21 6 48 34 25 
28 32 47 50 2 2 8 25 36 4 39 41 43 37 46 20 19 19 29 7 0 9 5 6 31 4 15 44 17 46 
16 36 4 4 21 21 48 6 40 25 5 30 25 17 37 22 27 37 33 47 10 0 3 37 19 27 16 23 27 16 
46 38 9 42 29 21 18 36 38 23 17 49 15 29 45 25 28 35 39 20 10 28 0 29 11 20 37 13 49 35 
27 5 49 22 40 44 37 46 39 46 46 19 36 39 14 16 49 45 25 43 45 50 32 0 35 7 7 19 10 48 
23 43 9 20 2 12 18 18 28 26 35 8 29 39 39 43 2 24 39 15 45 21 42 39 0 7 40 27 23 14 
15 33 26 28 49 17 3 38 50 35 28 47 49 22 19 40 36 16 11 44 42 6 33 31 46 0 3 2 1 20 
14 12 35 46 5 13 43 10 30 31 23 36 5 3 40 11 19 47 50 23 49 21 25 16 30 22 0 10 1 46 
33 46 15 2 18 36 24 44 1 44 9 27 31 6 36 39 8 38 3 44 20 27 6 2 28 22 43 0 38 19 
17 33 4 43 15 48 35 8 34 38 17 16 18 18 4 42 47 19 16 39 28 23 35 7 7 26 6 40 0 13 
24 47 44 37 25 35 12 6 35 17 9 1 31 24 1 37 28 2 10 3 11 32 4 28 49 42 44 48 47 0 
36 0 39 42 46 46 10 41 24 30 44 33 42 36 13 2 7 39 47 49 35 21 29 24 47 37 2 43 44 16 
38 33 0 41 15 9 49 29 17 6 36 14 10 13 49 9 27 12 25 20 2 21 11 45 46 13 27 7 15 46 
9 44 18 0 48 8 42 12 43 28 28 15 24 41 33 12 35 26 8 31 16 20 26 27 24 42 46 28 38 46 
2 33 42 14 0 22 47 43 47 12 6 7 48 35 35 48 6 28 31 28 34 11 38 19 27 49 27 33 17 45 
6 12 14 24 47 0 26 46 23 10 20 37 19 39 15 3 25 19 36 42 30 19 14 16 1 4 35 15 14 16 
15 45 14 27 3 6 0 44 43 24 38 9 2 33 18 12 42 15 22 23 16 3 31 42 42 37 27 42 47 13 
20 13 12 32 8 45 25 0 23 43 37 9 9 32 45 48 33 28 36 47 4 10 39 13 42 49 14 35 4 23 
40 26 14 47 30 4 26 48 0 21 26 23 38 19 23 36 15 8 21 36 44 9 9 41 46 43 4 31 50 20 
34 45 11 21 1 4 11 45 12 0 2 42 23 36 7 11 24 17 41 17 28 27 42 43 50 11 14 31 36 18 
5 27 23 26 29 38 31 13 17 19 0 20 25 20 46 20 44 22 24 3 31 23 27 13 15 23 43 43 3 11 
11 37 23 26 28 8 25 19 47 8 20 0 30 11 1 23 48 3 8 46 23 6 39 40 29 5 45 29 15 9 
4 36 46 29 2 6 32 47 50 43 38 46 0 26 25 17 33 2 13 26 41 17 20 36 47 30 6 22 48 44 
21 33 30 11 10 43 22 25 1 9 45 41 1 0 4 15 9 28 30 15 24 47 4 33 3 25 43 35 1 49 
50 47 35 35 3 29 11 8 35 16 32 46 9 1 0 5 32 50 16 16 22 38 3 26 8 25 48 18 50 28 
36 18 9 22 26 2 12 11 6 49 26 4 1 43 15 0 33 28 39 3 29 21 25 27 19 30 12 48 21 27 
11 6 11 11 31 50 48 24 24 33 50 43 22 45 18 41 0 18 37 10 12 26 47 10 15 22 7 12 42 40 
43 15 4 41 34 45 43 15 43 21 44 17 10 5 6 4 36 0 50 31 10 29 12 25 38 10 2 15 46 47 
39 24 38 7 34 32 19 46 2 39 50 25 26 26 16 17 45 16 0 43 5 12 37 8 31 33 12 31 40 16 
32 32 31 48 18 4 48 6 10 27 23 37 8 35 12 32 35 3 37 0 9 22 16 37 23 42 36 3 17 8 
25 22 1 30 31 21 7 19 28 8 22 19 11 35 40 20 18 4 3 46 0 50 48 10 45 32 45 16 46 9 
6 33 1 32 49 36 5 22 8 28 14 5 13 7 45 16 41 12 31 47 3 0 24 32 1 21 8 27 13 7 
49 36 5 12 11 22 26 21 38 13 50 35 49 11 27 39 41 38 42 15 30 41 0 34 36 49 7 33 2 1 
11 42 9 43 15 10 42 10 44 2 35 20 45 3 49 32 12 4 14 5 13 31 20 0 36 48 28 8 3 19 
13 5 40 25 21 27 21 41 43 34 2 36 29 48 36 7 46 35 38 35 4 37 3 20 0 47 39 31 22 24 
45 38 2 39 41 32 48 46 45 25 26 29 41 20 20 12 20 34 33 34 30 2 43 20 19 0 15 26 3 21 
29 33 47 50 18 48 47 50 47 39 17 39 11 2 11 12 6 14 18 33 8 27 5 48 38 44 0 43 45 33 
21 26 6 46 26 17 43 30 30 24 22 24 13 24 45 17 45 19 1 33 8 13 2 9 20 13 3 0 28 50 
12 24 6 2 17 26 13 11 44 36 35 19 33 27 40 46 10 45 3 10 31 43 26 42 13 25 8 24 0 48 
26 13 15 15 30 18 1 17 22 47 48 32 7 2 34 17 15 25 36 13 13 11 19 50 18 19 19 48 14 0 
39 0 42 18 40 14 19 23 21 4 3 9 39 30 38 49 5 28 25 42 43 26 49 50 23 11 35 16 45 15 
48 12 0 50 3 4 34 5 30 43 43 34 11 46 12 23 27 24 33 23 20 46 40 45 27 6 38 41 42 46 
29 29 3 0 29 7 6 42 10 37 27 5 45 25 36 33 9 32 31 38 28 46 37 2 43 25 20 8 17 24 
48 17 43 13 0 35 14 14 31 32 40 6 31 18 38 7 19 26 21 5 13 18 24 7 3 15 1 42 28 11 
5 37 48 25 36 0 40 10 12 32 41 22 19 29 1 42 33 48 28 50 45 25 49 49 4 5 6 24 10 41 
49 34 23 37 20 28 0 3 8 6 32 49 48 7 44 30 33 44 40 24 16 21 17 23 43 33 37 6 38 44 
21 31 16 1 22 34 7 0 50 32 9 23 40 25 42 47 1 48 18 5 20 22 11 17 50 45 20 32 12 30 
5 34 23 15 14 36 2 33 0 47 36 11 24 34 12 31 2 27 46 25 27 43 35 19 1 19 23 10 14 17 
6 2 2 46 20 28 26 1 25 0 11 7 45 18 2 33 45 47 38 50 36 49 19 25 8 36 38 21 16 22 
46 42 27 38 17 42 35 9 28 15 0 35 6 1 2 36 19 32 25 33 37 6 23 35 10 29 18 37 28 45 
10 32 7 10 29 29 20 30 8 1 10 0 49 37 19 24 15 31 48 18 39 39 5 13 38 30 16 24 7 17 
10 49 5 7 14 19 34 28 46 22 23 16 0 39 25 25 24 38 19 5 12 46 49 21 20 39 7 6 19 20 
31 13 6 14 14 48 3 5 42 24 50 41 38 0 35 26 45 24 1 30 39 15 42 47 20 45 22 12 29 36 
19 8 14 15 9 16 10 17 2 26 27 23 19 47 0 46 5 22 9 14 45 25 15 6 26 30 6 40 16 37 
20 43 37 24 20 23 17 37 26 30 20 17 28 22 26 0 4 17 46 45 2 15 24 14 48 34 11 4 2 38 
36 3 26 44 31 33 34 41 49 49 25 30 18 46 30 45 0 29 48 44 31 23 13 10 46 15 22 46 29 39 
41 10 19 15 50 41 27 44 24 48 39 43 14 19 48 20 22 0 48 28 35 4 5 13 11 22 16 23 44 31 
29 9 37 5 2 8 39 6 16 19 6 3 1 6 50 5 38 9 0 44 13 26 43 25 19 45 36 36 47 8 
44 34 18 33 14 45 39 2 39 13 12 9 14 7 29 23 32 3 50 0 13 7 34 7 29 31 5 36 34 19 
10 16 22 42 49 22 35 38 21 38 11 12 3 50 47 33 5 12 37 46 0 47 13 33 37 35 2 10 28 39 
2 9 10 5 34 29 47 40 17 16 35 45 35 12 16 40 2 4 34 10 46 0 27 44 50 39 23 48 33 36 
8 47 12 8 49 19 29 2 7 19 22 1 44 38 46 2 2 12 2 17 48 33 0 49 27 18 44 25 16 10 
17 12 32 14 4 9 20 24 38 36 43 38 38 45 35 12 10 3 40 48 49 38 11 0 46 16 39 26 49 36 
40 6 44 14 42 41 8 41 37 40 30 27 28 14 27 9 30 10 38 14 15 9 41 36 0 18 12 30 2 36 
49 16 34 22 38 48 30 50 24 46 5 28 21 24 13 11 22 21 24 34 37 37 29 38 35 0 21 31 15 8 
47 31 11 6 6 39 25 47 6 41 16 47 10 7 14 33 37 45 36 29 26 47 41 7 18 50 0 13 37 46 
37 18 18 16 42 28 16 45 22 16 36 39 15 17 31 8 38 27 30 16 6 49 27 46 37 33 50 0 41 5 
39 6 26 38 1 19 23 49 32 19 29 49 39 15 29 1 41 12 31 11 50 30 23 33 22 40 39 42 0 22 
29 10 29 25 40 34 10 10 1 14 48 8 9 7 9 2 17 17 35 48 46 46 21 20 31 6 9 33 44 0 
16 0 11 31 32 28 3 9 1 24 49 31 19 42 40 49 33 3 41 24 15 31 5 24 4 45 27 33 39 9 
45 35 0 26 28 16 35 3 18 27 31 5 50 2 44 19 4 29 5 6 23 37 28 15 35 19 14 12 38 27 
38 2 20 0 20 42 29 15 6 42 26 6 47 15 27 10 20 15 30 12 5 1 16 23 28 17 23 17 20 41 
10 3 24 15 0 42 39 30 35 31 10 15 4 49 38 29 1 27 22 2 5 16 4 34 1 34 26 22 30 43 
3 20 13 45 16 0 33 24 33 32 24 38 31 35 35 20 47 1 3 29 44 27 41 1 16 16 25 6 19 24 
32 16 18 1 43 28 0 41 3 10 33 5 5 19 45 49 15 25 32 19 15 4 33 24 44 36 16 13 19 47 
30 41 27 5 9 1 8 0 21 31 42 8 29 45 42 20 24 40 9 47 3 1 42 43 38 5 20 50 43 24 
16 27 16 23 6 31 43 29 0 50 10 45 42 45 44 41 12 36 10 41 4 21 46 8 16 17 47 39 49 40 
1 40 2 15 47 16 15 43 7 0 39 12 28 45 40 49 2 11 7 48 3 26 20 11 9 39 4 20 20 50 
7 10 42 44 40 50 21 44 27 48 0 29 26 20 29 21 30 27 26 7 9 14 6 40 42 46 14 31 29 43 
27 44 46 46 43 1 29 20 34 6 41 0 29 9 35 10 19 28 7 41 40 29 12 29 14 11 36 1 20 1 
49 27 19 43 1 1 5 33 30 27 29 42 0 11 44 21 16 30 6 21 31 23 18 7 41 39 15 15 16 33 
35 8 50 10 19 35 29 22 37 9 35 5 36 0 48 31 12 49 19 19 8 48 32 31 30 40 29 31 20 29 
4 37 36 40 1 46 19 30 33 42 9 42 45 44 0 47 37 26 38 21 27 29 41 46 46 8 36 4 28 20 
21 41 5 10 43 33 23 49 16 36 3 12 33 16 27 0 11 17 3 38 34 44 14 42 11 43 1 14 41 41 
32 16 42 42 10 13 2 4 33 2 11 24 38 11 2 18 0 16 46 25 20 35 42 33 16 44 26 7 49 44 
17 43 20 33 9 34 21 11 21 23 3 25 7 35 2 28 11 0 7 4 40 43 28 5 39 22 6 41 33 27 
48 34 6 3 10 16 9 41 42 29 27 32 8 45 23 22 45 29 0 8 31 39 34 20 4 10 2 40 38 32 
11 4 44 38 35 24 39 48 23 47 20 43 37 19 28 28 8 36 33 0 33 17 28 28 34 2 38 15 15 3 
43 9 26 22 10 31 26 33 45 23 22 34 25 22 32 39 39 2 15 43 0 27 3 17 7 6 16 34 26 11 
36 47 10 25 45 30 39 44 22 28 39 2 45 14 13 12 49 42 6 46 46 0 14 36 50 22 26 41 43 19 
16 44 47 50 23 9 27 13 10 30 43 44 45 18 25 27 42 33 40 4 46 8 0 24 29 31 16 23 11 10 
3 20 39 46 25 6 34 42 2 23 5 37 49 40 12 13 3 1 47 12 23 31 44 0 2 39 24 8 21 19 
20 8 37 16 3 7 11 5 48 20 12 41 36 40 10 36 18 47 19 12 16 28 15 26 0 49 38 22 26 38 
7 2 49 14 23 32 15 18 21 47 33 2 9 6 32 35 22 38 42 35 17 22 27 40 9 0 3 43 44 11 
17 16 35 36 17 41 18 14 28 13 8 45 18 47 1 36 11 8 23 33 42 28 50 31 42 22 0 36 25 9 
5 20 40 22 7 4 31 49 16 42 15 14 22 45 25 34 40 49 25 27 4 49 46 21 11 20 40 0 16 4 
45 46 6 44 5 23 43 19 23 11 44 21 38 46 16 9 20 20 34 26 48 3 23 11 49 6 7 25 0 20 
12 37 15 15 45 22 46 9 21 18 22 32 16 17 38 32 7 16 3 30 13 41 1 7 41 7 43 24 46 0 
46 0 50 17 19 50 12 25 30 6 44 24 21 50 50 2 12 44 33 36 36 30 42 40 4 45 7 21 37 8 
24 38 0 30 23 14 25 19 5 14 16 6 14 3 2 23 30 10 13 42 49 45 48 25 7 39 16 4 10 14 
24 43 41 0 38 22 32 7 45 48 37 25 34 8 30 17 31 22 28 41 18 25 36 45 30 38 14 27 13 23 
35 48 22 9 0 42 40 23 15 26 31 20 16 35 12 27 18 15 38 18 9 26 17 39 13 43 39 39 49 12 
50 8 6 44 22 0 14 39 3 26 16 40 44 16 46 47 22 2 40 24 18 12 24 27 9 5 48 18 9 10 
16 3 2 25 4 27 0 24 15 22 13 48 38 15 39 22 29 15 10 21 43 42 41 50 15 31 50 27 32 47 
40 25 46 31 44 10 13 0 39 19 13 20 24 7 30 27 26 31 48 35 5 31 40 38 47 17 18 26 4 37 
45 5 1 42 18 33 39 2 0 8 21 29 9 41 46 48 2 20 35 11 23 39 1 2 42 27 17 50 38 50 
14 26 35 10 2 25 9 20 32 0 39 48 39 24 24 28 6 47 40 45 40 46 48 34 15 31 49 45 3 9 
16 2 33 1 3 44 45 45 50 40 0 21 40 33 38 46 14 35 16 27 25 36 31 27 6 48 5 17 43 20 
29 4 31 6 11 16 38 15 38 21 31 0 33 12 47 1 24 50 13 10 38 2 47 33 18 28 23 36 25 27 
4 49 27 2 25 21 36 40 35 23 22 8 0 49 48 45 47 43 25 34 26 33 48 42 8 5 19 33 21 14 
28 38 31 13 38 35 23 4 31 37 27 15 34 0 16 41 38 30 4 50 39 21 36 49 3 49 45 6 8 20 
48 7 39 16 27 7 36 42 46 11 14 22 44 12 0 39 7 12 50 33 2 20 26 16 34 32 43 42 39 28 
14 44 30 15 35 34 30 38 49 7 10 5 47 35 43 0 36 17 28 25 10 46 38 46 24 6 50 23 42 6 
35 34 15 47 14 32 18 35 8 9 29 9 20 13 43 23 0 47 24 41 23 48 15 16 18 30 33 27 49 7 
10 35 12 39 33 15 23 45 9 33 4 26 2 10 19 46 2 0 27 26 3 1 10 27 32 19 8 21 19 48 
18 31 6 19 28 48 25 17 21 37 48 20 29 38 41 38 48 46 0 5 47 22 28 7 1 46 6 50 9 30 
20 25 45 5 48 42 2 48 7 24 12 44 29 31 40 28 34 23 22 0 36 45 22 13 16 22 26 40 25 5 
24 23 49 17 38 2 13 4 16 31 47 40 40 41 22 43 3 43 48 18 0 24 13 34 29 23 36 48 12 29 
33 23 3 28 44 34 2 14 28 42 30 27 25 19 42 25 47 5 31 42 24 0 20 33 42 8 32 11 39 20 
45 2 4 1 26 33 9 45 12 47 8 20 29 26 1 19 41 50 45 42 4 26 0 31 18 21 6 14 40 11 
20 12 23 13 45 34 41 26 27 50 36 34 31 35 9 24 22 45 44 32 24 18 33 0 17 48 17 19 21 37 
31 20 20 19 34 43 35 35 7 35 42 11 43 15 1 10 8 24 41 23 44 50 11 20 0 9 38 3 30 7 
16 28 15 21 40 47 30 17 16 47 43 25 40 15 10 2 22 31 4 33 7 40 44 28 49 0 43 31 9 50 
11 47 40 5 28 42 7 28 41 3 18 21 44 43 27 49 48 4 35 1 18 38 7 50 48 50 0 26 35 38 
22 48 16 21 17 6 1 3 21 13 24 4 25 31 29 36 12 14 47 17 29 1 39 47 8 33 23 0 41 41 
8 28 16 22 40 19 6 3 1 28 38 27 47 28 42 11 48 43 7 29 15 36 37 30 19 9 22 9 0 19 
13 34 33 10 13 14 36 9 32 36 13 23 33 12 37 10 41 33 24 47 36 11 41 17 12 27 22 42 37 0 
4 0 32 48 47 35 38 44 6 17 34 15 7 3 17 8 45 6 32 25 50 20 28 26 48 12 33 3 44 16 
48 36 0 42 44 22 28 4 15 26 49 24 44 4 24 49 9 41 34 44 33 23 6 45 47 42 17 26 6 50 
36 2 36 0 1 40 19 48 23 13 31 39 4 30 31 34 1 7 17 4 27 39 22 50 9 11 44 42 42 45 
3 6 2 49 0 16 41 47 39 43 15 6 1 37 28 3 5 29 44 26 12 46 36 1 23 29 11 14 3 27 
40 47 27 7 28 0 11 25 38 6 14 40 37 13 14 2 49 27 3 45 47 4 32 1 17 31 50 17 6 30 
20 5 27 45 13 4 0 19 29 45 9 17 28 18 24 30 36 25 34 22 49 24 3 8 20 6 23 8 46 11 
27 29 44 20 8 36 9 0 14 42 1 11 34 20 32 45 28 19 37 9 22 31 6 16 45 8 7 18 48 8 
39 40 46 23 19 19 30 23 0 9 11 38 21 23 33 34 12 15 4 21 14 43 37 37 50 25 30 21 14 50 
13 2 19 12 6 4 11 16 12 0 2 14 15 5 11 27 21 2 9 24 33 34 43 3 47 34 16 2 4 46 
49 39 49 17 24 47 9 20 9 17 0 30 23 47 4 3 8 49 38 27 11 30 24 22 48 31 17 20 49 22 
28 41 2 8 20 14 13 16 48 31 15 0 18 1 43 42 44 10 37 40 1 40 35 28 26 44 17 25 18 1 
37 8 27 11 49 31 27 29 16 27 41 40 0 42 2 8 12 44 29 31 31 4 22 30 31 48 32 43 14 26 
15 4 39 46 15 12 23 39 7 3 12 15 16 0 45 10 50 12 49 34 20 14 1 38 45 37 48 15 29 46 
13 17 38 13 3 2 24 3 44 28 40 35 24 37 0 27 19 16 38 28 20 32 37 34 10 44 13 14 17 44 
9 17 47 45 43 45 36 25 3 14 43 37 48 18 21 0 44 36 40 15 11 26 22 10 38 9 15 26 34 29 
20 40 38 8 9 35 11 44 40 32 42 41 45 14 25 35 0 34 35 19 13 16 9 23 50 6 19 38 8 10 
37 29 19 2 46 33 24 5 30 39 33 11 1 46 9 23 20 0 31 8 36 4 25 30 8 22 13 12 18 38 
2 40 48 4 35 4 4 24 40 50 31 1 30 5 46 37 2 15 0 13 14 28 36 39 30 22 6 12 49 12 
31 33 22 7 18 28 50 36 8 17 42 6 50 31 32 28 35 24 21 0 35 22 20 49 49 4 11 17 2 18 
32 29 42 6 12 9 17 10 45 13 27 46 1 45 48 21 9 29 5 7 0 3 38 33 42 14 41 11 35 23 
3 7 12 49 19 26 39 50 1 38 22 15 18 40 12 44 39 21 26 1 29 0 46 33 12 45 15 45 46 1 
42 22 49 32 38 43 6 16 48 33 19 10 21 9 41 33 42 36 48 22 48 26 0 20 35 34 45 8 25 50 
5 4 32 43 50 10 16 24 34 31 48 6 29 41 39 8 42 8 37 42 29 3 30 0 48 25 4 16 3 14 
49 44 36 32 17 44 29 37 17 22 50 26 10 9 6 50 16 20 35 32 28 43 38 21 0 34 21 2 25 35 
19 46 44 14 10 35 37 13 25 13 48 10 21 26 36 38 17 19 44 24 48 9 34 31 22 0 36 7 7 15 
48 46 42 5 3 48 26 6 12 1 25 19 38 42 8 38 22 8 17 2 34 18 2 9 1 37 0 11 12 14 
43 24 29 31 48 27 17 6 6 18 28 10 32 5 19 20 6 11 17 27 43 1 29 40 5 32 31 0 44 34 
4 16 38 14 43 20 27 46 38 40 16 41 32 16 41 39 43 2 13 33 39 45 27 44 36 21 43 46 0 40 
27 17 46 23 23 3 2 41 46 40 36 43 25 18 21 2 37 12 35 38 1 13 30 19 11 45 9 40 45 0 
29 0 22 27 31 6 12 23 20 19 10 13 39 49 47 12 27 41 15 28 7 42 50 10 8 8 39 14 37 28 
12 28 0 44 13 47 17 18 9 12 19 7 48 33 19 2 23 50 3 16 18 42 21 31 32 33 3 30 13 20 
23 17 48 0 36 43 7 32 19 26 2 30 45 18 29 46 21 9 10 32 8 36 9 37 49 20 36 42 48 13 
30 44 38 6 0 40 40 2 10 12 40 12 20 4 25 1 36 24 24 42 35 12 25 43 49 5 34 15 31 49 
17 7 15 35 7 0 46 9 43 39 29 40 44 12 47 21 20 38 32 35 36 13 46 12 50 13 2 6 1 39 
1 6 26 22 11 45 0 33 47 36 48 29 43 43 35 46 3 42 50 28 23 30 18 3 30 45 37 22 45 16 
23 5 41 8 5 39 23 0 14 23 1 2 38 23 3 35 7 44 20 11 17 47 22 2 28 28 10 34 4 46 
27 25 24 38 32 13 43 38 0 35 39 47 24 40 19 50 26 36 7 16 18 24 2 17 11 29 20 2 4 13 
30 46 6 19 19 46 27 29 50 0 42 40 42 19 9 32 15 44 8 3 3 2 43 3 18 36 22 26 8 14 
10 13 12 40 26 6 44 42 5 21 0 24 23 48 37 16 26 27 6 43 36 47 36 12 50 1 11 38 43 38 
33 47 20 20 15 40 30 28 3 43 4 0 39 23 39 37 29 30 5 6 38 43 10 17 34 23 17 25 1 13 
39 15 18 2 5 22 25 5 4 33 47 37 0 48 24 13 40 48 24 47 26 22 21 7 32 6 45 23 31 37 
47 49 16 29 16 14 29 36 37 19 18 12 25 0 27 22 10 1 45 37 4 44 26 44 29 25 41 18 8 36 
46 10 49 45 18 7 35 31 8 32 11 35 4 11 0 5 29 14 47 45 35 23 5 1 37 27 43 22 5 38 
5 25 46 21 50 42 10 19 18 7 20 38 29 44 13 0 26 20 41 16 39 50 11 45 24 23 14 42 9 12 
19 26 36 30 44 4 7 15 14 5 19 46 11 47 41 25 0 48 44 12 38 12 7 3 6 17 39 44 31 23 
48 36 50 1 7 50 32 35 8 36 40 7 12 6 36 47 43 0 39 15 4 49 26 20 30 22 1 12 23 30 
13 5 10 26 43 17 19 19 45 4 48 10 41 41 9 22 32 50 0 2 17 10 24 50 30 28 24 23 17 21 
30 6 39 9 5 45 31 30 31 19 40 18 28 49 36 18 45 9 35 0 12 9 40 1 10 7 21 39 6 31 
49 19 44 2 49 16 48 9 1 36 46 28 42 2 31 12 49 32 26 15 0 12 33 16 38 5 13 40 5 29 
3 35 6 26 50 32 1 46 16 29 33 38 9 45 23 40 34 17 39 20 49 0 8 39 14 41 19 17 4 7 
48 37 26 43 31 49 2 40 3 43 20 31 16 34 3 43 28 4 39 43 49 22 0 47 2 36 31 46 47 43 
36 31 16 47 40 19 43 8 45 29 46 22 50 31 24 19 40 33 24 36 21 13 16 0 28 11 8 26 41 24 
8 1 3 5 47 18 13 5 34 26 15 11 36 33 26 43 22 49 41 23 34 46 48 22 0 11 23 23 15 38 
37 33 44 3 35 37 29 44 17 3 14 12 14 6 7 10 25 35 31 41 36 40 9 35 18 0 41 12 3 32 
44 25 45 49 18 48 44 22 9 2 46 47 50 5 47 27 12 20 41 42 13 37 39 43 24 2 0 48 24 9 
35 44 26 26 13 23 29 20 14 46 8 14 38 17 34 35 44 36 35 13 9 7 21 22 12 19 8 0 37 3 
25 16 1 20 14 24 8 21 21 38 33 19 8 49 24 33 28 26 20 5 9 30 16 13 12 1 29 24 0 4 
15 44 15 43 17 39 31 8 44 25 43 27 14 24 49 3 45 1 8 47 39 34 44 39 32 45 45 50 38 0 
9 0 14 46 35 18 6 44 18 26 41 10 44 25 35 2 27 29 46 7 18 11 17 50 21 27 15 32 1 27 
11 23 0 45 31 21 35 11 48 42 46 18 6 35 19 10 49 4 14 49 43 12 4 50 38 33 27 42 14 26 
8 3 25 0 44 42 16 19 16 13 5 1 41 30 37 50 40 13 26 49 40 22 24 2 34 9 15 8 24 7 
49 44 43 47 0 22 34 44 43 12 44 3 42 34 41 9 49 2 33 17 50 49 21 2 44 25 5 35 2 42 
36 28 9 45 9 0 15 12 8 44 8 3 6 47 1 33 46 49 39 33 43 35 7 32 41 24 9 28 43 50 
23 18 50 43 2 27 0 17 45 47 25 26 47 42 9 25 15 45 2 20 19 48 27 16 3 9 7 30 46 19 
21 50 38 20 8 22 41 0 4 14 46 24 17 2 2 14 8 46 44 48 7 27 30 8 8 24 3 47 2 47 
34 45 48 21 27 26 26 39 0 27 34 38 35 11 31 6 47 3 46 26 3 45 14 14 32 39 43 42 43 30 
47 6 25 39 7 31 1 27 46 0 26 26 39 19 19 10 11 23 16 50 2 12 22 7 22 50 3 20 31 16 
33 35 35 34 9 31 29 13 47 5 0 1 5 20 7 21 50 15 26 46 5 22 17 27 43 41 18 25 50 4 
40 5 11 21 12 14 41 41 5 11 38 0 32 48 27 11 49 48 43 15 36 22 36 27 25 27 44 16 8 43 
44 42 6 30 9 7 50 40 35 8 44 30 0 9 10 16 8 23 25 41 16 44 43 26 11 14 33 4 29 37 
44 18 48 34 49 12 19 33 3 39 20 12 10 0 13 35 22 6 13 26 11 18 4 20 26 42 49 1 17 46 
16 27 4 22 4 42 41 46 47 11 48 48 26 21 0 36 21 5 35 31 41 39 9 20 28 18 20 40 48 22 
42 50 12 3 37 37 12 17 40 6 22 44 26 9 3 0 29 14 42 33 34 5 37 15 20 26 7 8 7 26 
4 35 2 43 25 5 11 36 45 39 35 24 5 16 29 9 0 47 14 50 18 50 5 28 7 14 18 5 36 43 
28 31 30 5 42 36 22 21 2 2 5 42 44 20 4 49 10 0 1 22 36 11 29 44 9 40 26 50 8 45 
29 8 50 25 44 17 9 6 20 14 30 8 39 46 13 46 27 7 0 36 24 9 5 17 34 1 32 49 37 22 
16 16 37 14 26 23 45 5 17 50 3 45 43 41 37 42 28 23 34 0 31 13 13 20 15 34 36 25 41 17 
24 12 18 22 35 4 49 44 44 13 23 19 42 10 7 34 29 16 14 31 0 43 24 10 16 7 9 3 46 22 
31 41 49 4 38 44 39 35 24 9 37 39 48 34 10 11 13 22 4 14 31 0 5 21 12 10 25 1 3 3 
16 26 2 4 22 14 23 24 15 4 17 19 49 6 7 27 43 45 40 1 6 44 0 37 49 32 42 27 21 38 
45 14 43 36 33 8 33 36 36 26 21 37 37 49 19 38 46 32 49 14 35 18 30 0 11 3 47 22 40 3 
22 31 38 3 37 21 40 24 33 17 48 25 41 8 19 20 14 19 46 19 12 37 10 28 0 7 3 27 34 33 
34 36 37 44 34 14 45 34 34 1 28 29 14 13 16 1 39 45 11 12 41 39 29 26 21 0 41 35 22 10 
46 35 44 7 42 50 32 12 31 8 44 24 37 30 19 18 41 48 25 44 27 19 9 17 23 42 0 45 7 11 
24 43 30 24 24 39 16 35 23 23 13 34 40 9 37 17 38 5 9 11 8 31 43 11 28 34 28 0 27 27 
34 1 6 26 1 8 15 15 1 13 42 3 34 19 26 12 11 37 10 22 50 36 37 36 46 3 43 50 0 19 
46 41 11 40 8 39 22 8 9 40 2 23 3 37 43 18 8 25 12 17 50 18 47 19 6 28 49 14 21 0 
30 0 48 15 15 46 5 22 32 14 26 30 4 4 2 48 9 49 47 49 45 19 39 29 32 34 20 28 45 43 
34 31 0 40 9 38 30 42 37 8 8 32 21 36 45 50 32 13 46 17 49 10 7 31 1 20 3 41 20 34 
32 27 27 0 28 40 30 45 41 46 17 22 6 22 42 40 17 24 33 44 30 50 21 24 12 46 33 28 1 40 
39 36 39 23 0 4 26 31 5 43 47 15 5 42 18 29 45 44 38 16 42 34 46 20 48 40 35 12 3 16 
33 7 3 45 1 0 7 32 33 34 19 16 9 12 32 36 30 25 8 3 46 18 3 46 12 10 6 44 16 42 
33 20 15 29 40 11 0 41 12 10 41 11 47 12 10 20 1 33 23 15 35 18 15 27 9 8 49 31 12 42 
36 45 14 17 42 1 50 0 2 31 22 21 46 18 16 17 43 49 6 43 26 12 27 34 29 32 24 19 43 6 
21 42 30 30 21 25 47 47 0 31 21 10 21 50 3 1 44 40 1 50 10 17 10 43 38 36 30 9 11 36 
36 18 33 7 46 11 31 42 17 0 47 41 21 47 18 35 34 6 13 25 34 35 43 24 19 33 40 11 50 42 
44 41 16 36 12 46 4 27 14 4 0 42 21 3 23 4 9 40 21 42 9 5 30 18 35 28 1 44 44 14 
24 7 50 31 50 23 6 26 36 36 23 0 32 7 43 9 33 14 32 20 21 10 44 19 19 41 37 14 24 31 
9 11 2 11 14 40 47 43 40 4 1 48 0 34 5 36 20 28 49 38 9 3 14 19 25 23 5 31 38 31 
41 13 9 33 45 28 25 21 21 44 3 12 41 0 25 29 19 24 27 39 34 50 14 39 27 15 29 45 42 28 
38 9 10 10 12 50 42 42 15 39 28 11 49 7 0 6 35 48 13 40 41 6 50 29 42 4 32 27 24 33 
19 16 33 33 44 34 35 44 3 29 26 38 28 9 38 0 12 24 1 8 33 42 18 17 5 2 23 38 31 18 
6 31 23 18 9 47 24 45 28 6 23 22 42 45 34 15 0 4 29 42 41 31 31 31 19 42 42 1 50 29 
32 22 47 4 26 48 49 3 20 19 12 15 18 46 46 36 12 0 50 24 34 41 49 44 47 40 38 25 50 5 
26 18 46 25 17 46 35 27 18 16 47 36 13 34 10 30 27 13 0 35 36 34 31 42 28 16 38 34 28 1 
15 39 23 49 48 44 1 17 41 1 50 12 9 44 35 27 48 28 15 0 35 17 13 25 40 15 22 46 27 18 
9 29 13 7 27 4 28 25 37 15 40 10 14 37 13 36 24 25 37 8 0 2 19 11 20 44 34 2 14 34 
35 27 49 25 49 33 22 38 5 33 40 7 3 12 13 25 25 4 26 13 5 0 41 47 9 20 17 41 19 44 
14 43 3 14 42 3 39 42 35 15 5 41 49 20 42 47 1 50 7 48 45 19 0 31 26 2 29 44 30 40 
6 33 43 4 44 41 41 38 43 12 9 25 34 41 39 22 22 7 22 6 12 19 18 0 34 22 49 46 13 27 
13 13 10 10 3 30 33 13 38 5 29 2 9 8 39 49 24 12 29 42 5 31 23 23 0 25 28 37 15 9 
32 45 46 28 12 31 49 50 15 31 11 7 9 34 3 43 4 4 11 30 35 49 38 17 21 0 23 33 41 38 
36 25 43 18 4 6 10 34 24 48 28 40 49 9 31 18 36 46 47 21 30 21 25 26 36 25 0 34 8 29 
8 39 49 9 13 30 7 18 39 5 29 43 9 30 6 34 40 36 40 8 50 35 27 36 20 8 15 0 1 18 
32 30 22 3 6 17 9 29 31 37 30 25 1 48 41 18 28 21 41 19 42 47 39 45 50 30 23 12 0 13 
39 6 15 6 1 7 26 7 41 4 14 47 6 10 50 10 34 50 38 37 18 43 37 24 32 26 36 42 28 0 
3 0 27 44 47 17 42 32 15 19 50 41 16 12 37 18 28 23 37 37 39 35 16 31 36 26 45 47 19 41 
25 26 0 21 34 30 38 28 21 50 40 18 19 46 16 50 47 22 7 6 20 47 10 39 49 3 43 37 47 9 
22 22 46 0 13 24 45 25 21 32 33 50 40 8 23 48 20 21 40 1 31 39 5 39 42 50 45 15 37 23 
31 37 2 32 0 12 29 18 23 6 22 21 26 27 40 25 7 30 40 38 42 30 33 4 36 16 20 18 34 4 
14 30 30 38 49 0 1 46 48 9 46 44 30 48 15 19 30 5 13 15 14 35 20 5 27 46 43 48 34 16 
17 43 12 35 19 43 0 42 41 39 29 39 29 9 22 45 45 12 33 19 35 6 11 7 3 20 20 44 25 4 
42 6 3 13 33 42 3 0 33 45 29 23 27 40 17 35 26 36 27 48 11 33 35 11 30 49 10 6 37 9 
16 50 49 17 38 47 23 37 0 17 27 30 43 12 17 4 47 8 17 44 22 27 34 43 46 15 21 8 45 24 
14 24 37 17 24 30 30 24 11 0 2 21 12 40 19 1 19 18 21 18 8 34 42 43 12 15 33 32 7 4 
2 18 40 29 14 3 3 44 27 39 0 38 24 23 48 16 24 10 38 16 43 28 48 50 41 38 40 23 31 25 
3 42 49 24 21 9 34 32 34 27 16 0 48 26 42 33 31 34 11 44 28 39 5 46 17 14 26 5 19 49 
42 24 31 23 19 25 48 40 1 3 39 32 0 43 27 11 50 46 3 6 18 10 4 29 29 4 37 48 47 32 
10 45 5 16 33 43 4 36 26 7 18 35 42 0 34 8 6 46 46 29 35 18 19 23 50 1 40 38 45 2 
19 32 27 2 8 41 9 35 16 11 34 8 14 21 0 46 38 33 19 20 22 24 9 41 20 12 15 42 22 5 
15 44 6 9 34 7 26 42 34 34 43 50 21 30 36 0 45 28 4 49 28 12 19 21 18 24 29 11 41 7 
40 43 50 37 30 2 17 29 49 31 14 21 47 50 35 28 0 22 3 29 6 25 35 12 44 45 44 47 23 38 
35 6 47 35 35 44 42 44 14 42 29 19 17 29 24 35 7 0 16 19 36 41 3 26 32 36 32 6 32 7 
42 37 5 45 41 15 26 18 37 12 7 44 35 9 12 1 37 9 0 7 38 9 39 28 28 38 47 33 30 16 
50 4 38 10 38 22 5 24 25 26 15 49 18 21 5 13 42 7 45 0 14 31 49 24 50 44 48 4 10 27 
7 45 32 46 3 38 9 19 35 48 37 7 28 13 33 42 40 42 18 24 0 15 46 41 39 17 35 1 30 39 
16 40 18 46 47 18 32 33 4 16 34 47 45 8 10 8 7 4 37 42 8 0 5 6 37 36 13 12 5 43 
29 18 37 29 30 20 8 20 12 31 45 1 10 37 27 35 27 21 39 32 31 10 0 32 14 39 32 12 35 32 
10 35 7 28 40 25 48 47 18 16 39 3 39 46 23 43 41 49 18 30 2 10 42 0 23 23 12 20 37 24 
41 49 8 23 38 2 46 38 24 20 13 29 38 9 5 1 30 43 15 9 22 48 33 44 0 6 30 1 43 34 
5 28 6 12 24 28 17 31 30 1 45 27 5 18 30 6 1 14 1 38 22 44 20 5 28 0 2 44 16 15 
18 9 1 4 4 19 42 7 18 15 32 39 21 50 43 21 32 17 30 4 38 5 16 1 6 13 0 11 9 1 
34 22 35 1 16 12 43 44 24 1 50 39 49 34 50 20 49 2 45 28 35 46 36 15 13 27 14 0 43 1 
48 42 9 33 7 34 44 48 38 6 39 1 27 8 17 30 16 40 21 17 31 7 11 17 32 16 39 37 0 21 
39 39 49 50 43 27 9 42 6 42 1 6 23 12 47 6 28 9 39 19 35 47 38 43 27 20 41 32 42 0 
2 0 42 46 8 28 49 17 41 1 34 32 8 39 11 48 21 11 9 46 15 11 5 8 50 18 36 43 2 7 
24 24 0 36 28 50 5 1 6 49 46 13 30 16 27 25 7 11 46 37 40 22 16 11 46 17 31 47 34 46 
40 42 7 0 15 35 28 11 46 31 39 6 47 16 13 14 33 35 46 28 34 44 7 41 6 12 35 9 13 41 
11 20 8 18 0 11 9 4 7 15 32 50 14 11 31 7 31 44 7 4 48 13 32 36 19 1 2 34 2 2 
4 50 19 49 6 0 20 20 49 30 6 4 10 27 20 14 29 21 33 27 34 25 18 28 6 15 28 29 34 39 
18 9 26 3 6 12 0 32 31 15 5 11 37 33 15 2 50 38 36 13 22 41 31 20 8 18 27 36 23 14 
35 28 41 37 11 13 47 0 29 8 22 9 33 49 6 28 16 47 43 4 27 6 28 42 17 13 48 37 40 19 
35 29 26 10 17 31 28 20 0 1 22 3 5 22 31 15 4 40 43 25 42 42 21 34 33 46 9 8 36 25 
24 13 26 8 10 23 43 33 23 0 32 26 1 46 47 21 1 22 35 47 28 13 24 6 13 48 27 15 46 44 
14 9 23 42 46 27 10 28 48 12 0 9 23 22 17 11 49 42 47 25 13 32 25 24 11 9 12 1 7 14 
11 34 9 48 40 10 24 3 9 1 20 0 12 24 25 23 39 6 42 8 45 14 7 31 40 33 12 40 35 13 
34 34 27 3 15 38 29 1 26 32 8 38 0 47 33 47 6 2 8 50 1 23 4 20 43 13 50 4 4 19 
15 28 20 39 41 26 17 43 9 10 38 45 39 0 31 10 50 8 18 25 35 35 32 5 40 34 41 31 14 34 
41 15 34 26 32 11 5 38 50 6 7 30 13 43 0 48 13 7 34 23 10 44 5 33 30 19 35 33 24 31 
5 50 46 3 9 18 46 4 20 7 20 6 13 9 12 0 18 5 22 40 7 27 28 7 8 5 41 36 33 5 
7 48 29 32 8 45 6 12 28 5 25 3 9 37 28 4 0 5 31 47 21 12 15 13 43 17 4 28 44 39 
49 18 33 14 50 14 9 41 25 6 14 6 7 27 18 15 4 0 18 41 30 4 50 11 40 12 44 42 36 36 
15 4 17 13 23 30 37 43 40 10 24 19 14 30 26 33 15 5 0 39 46 28 14 36 38 14 36 49 8 44 
2 6 22 24 5 11 2 48 44 35 48 31 23 15 9 17 12 40 20 0 35 7 48 39 4 40 8 2 18 30 
49 38 31 30 50 38 4 3 45 9 20 24 36 22 21 41 15 6 50 28 0 21 3 46 29 23 37 5 17 19 
34 47 10 34 19 45 47 17 2 24 27 5 15 17 32 1 12 21 27 19 13 0 26 3 2 41 9 47 43 2 
7 13 34 38 34 11 13 11 40 18 27 24 24 13 32 24 24 7 36 14 29 12 0 16 29 49 6 9 44 8 
44 10 49 4 16 46 12 43 18 31 7 19 40 22 4 50 45 39 14 21 29 18 2 0 11 29 23 46 47 6 
39 28 3 19 4 47 8 28 21 9 18 21 31 7 26 30 46 40 40 13 29 4 17 46 0 24 29 27 8 38 
26 43 50 15 38 29 3 5 1 36 26 47 23 25 31 46 50 49 12 27 32 34 34 7 35 0 27 35 11 8 
46 25 21 50 41 45 17 18 6 43 28 23 25 45 4 15 16 7 30 37 50 24 31 16 32 6 0 43 9 44 
31 12 44 43 48 6 11 6 48 32 30 14 29 44 6 34 4 8 39 30 42 19 20 6 25 8 22 0 45 6 
18 35 3 8 24 26 32 34 31 28 40 43 10 18 25 50 24 22 30 26 32 28 49 4 30 2 12 42 0 39 
18 40 34 17 1 30 48 28 6 5 19 24 50 24 30 49 37 33 1 46 6 1 37 43 19 24 41 36 50 0 
29 0 23 14 41 46 13 39 7 27 10 39 27 23 18 17 11 3 32 5 20 5 43 20 11 47 34 18 3 41 
48 27 0 40 12 28 28 33 6 34 5 11 42 43 11 24 13 19 33 34 20 32 17 42 36 17 45 37 4 3 
45 13 46 0 36 16 29 33 49 15 46 41 35 6 20 28 44 29 12 32 46 49 29 1 34 34 9 32 35 4 
46 33 41 29 0 3 40 43 16 6 27 33 42 14 4 38 44 35 27 48 15 43 39 33 5 8 5 16 12 12 
3 8 48 48 46 0 20 13 50 6 3 31 35 29 23 35 50 5 35 25 14 41 49 33 34 21 11 8 50 36 
22 49 24 32 4 4 0 20 36 44 19 35 26 44 30 24 18 30 15 16 49 6 4 20 42 48 22 4 25 14 
28 35 12 13 14 35 5 0 8 4 25 19 16 14 11 17 41 39 47 20 9 17 42 47 42 2 30 18 29 32 
34 32 1 46 22 17 35 23 0 14 31 45 19 11 26 40 48 33 43 43 4 1 10 26 35 16 48 36 38 20 
11 34 17 26 26 21 43 19 20 0 43 45 32 19 26 17 25 41 6 16 7 45 19 38 26 26 32 24 7 16 
30 24 31 47 3 3 47 28 43 36 0 5 48 30 13 50 48 22 33 35 10 11 26 43 20 32 26 42 47 42 
1 45 48 36 3 41 19 14 36 16 23 0 20 47 48 21 12 10 16 6 39 28 4 49 39 48 6 4 32 11 
16 27 12 1 37 43 41 8 12 27 23 31 0 35 37 17 13 40 14 29 22 9 23 11 36 8 14 48 46 9 
39 48 38 38 4 21 39 12 20 11 5 30 5 0 48 39 34 8 44 17 33 27 9 43 25 10 3 43 17 26 
43 23 45 46 49 24 29 35 43 32 16 28 1 21 0 3 25 43 5 25 22 2 50 21 31 14 32 30 6 14 
28 1 28 23 36 27 39 10 35 6 25 11 50 16 13 0 2 5 26 39 41 1 18 48 19 45 25 43 2 15 
33 17 44 24 22 15 31 39 6 16 44 14 15 9 50 1 0 12 3 35 9 30 9 7 42 16 13 11 4 10 
28 11 34 37 46 2 39 32 37 28 1 32 13 50 10 45 27 0 36 10 49 19 34 22 9 44 36 24 11 2 
9 9 5 28 29 28 5 10 27 20 7 11 19 25 25 35 27 17 0 10 47 48 40 28 1 5 42 45 39 26 
44 10 29 29 30 29 20 46 5 34 22 5 35 50 17 3 39 50 9 0 48 24 17 19 14 15 4 20 32 4 
23 38 33 16 35 34 10 29 32 40 47 5 40 22 33 38 42 13 40 11 0 49 17 43 36 42 3 28 42 15 
15 26 10 39 43 33 47 39 40 1 17 7 25 7 11 13 43 35 46 36 27 0 23 42 30 21 6 7 46 47 
25 33 6 19 15 18 14 38 17 48 40 37 49 3 13 24 4 24 10 33 24 49 0 18 32 6 39 42 35 30 
19 37 26 1 42 15 19 11 39 11 40 47 26 27 38 7 50 28 21 30 7 17 33 0 48 14 24 26 15 24 
14 26 26 29 8 49 11 14 37 8 38 44 14 16 13 20 36 49 23 31 26 6 12 22 0 6 24 2 5 29 
37 19 40 4 37 26 35 15 18 18 29 27 43 14 21 33 36 44 2 20 28 29 26 4 35 0 48 8 15 5 
24 34 47 7 35 50 39 49 40 27 41 28 6 18 31 45 4 34 43 42 39 20 31 50 35 2 0 9 44 36 
20 39 18 21 11 44 35 32 21 9 14 32 35 46 17 12 42 23 11 45 9 31 15 16 24 16 4 0 4 48 
22 34 41 45 13 21 39 23 8 46 24 47 14 33 25 29 10 5 25 14 39 43 30 49 49 28 39 24 0 3 
47 45 41 31 34 49 25 24 37 22 25 29 39 34 27 37 49 46 48 40 37 15 12 30 40 10 29 5 43 0 
47 0 36 32 15 21 12 1 34 16 30 35 50 6 23 33 50 36 50 10 3 12 1 32 41 34 16 32 34 11 
42 25 0 20 21 31 41 37 44 14 19 23 27 3 33 17 14 40 32 42 29 30 4 11 20 3 31 47 4 42 
31 5 30 0 18 23 25 5 15 30 25 33 46 7 22 31 37 27 10 18 16 28 44 35 41 5 32 38 15 50 
19 1 45 34 0 3 34 14 43 9 30 9 12 49 11 7 10 34 24 33 30 34 27 22 29 39 14 37 21 40 
13 42 38 41 15 0 11 25 38 13 5 39 17 44 18 30 9 5 29 34 28 31 22 8 5 35 17 43 29 16 
45 39 47 44 4 47 0 38 21 22 34 1 33 22 21 20 44 13 40 9 43 21 34 36 4 43 9 42 35 33 
6 49 18 46 23 18 16 0 42 23 41 21 42 39 33 45 33 46 10 1 39 11 23 28 34 37 46 11 3 44 
2 45 5 4 39 16 36 33 0 37 50 3 4 3 40 49 39 1 33 1 41 21 47 50 41 46 22 34 21 35 
10 28 7 13 49 22 46 17 38 0 50 18 10 1 10 10 49 36 9 33 29 46 36 14 10 13 23 6 46 14 
9 17 33 15 49 27 23 46 41 4 0 19 4 22 14 33 34 32 21 37 40 43 11 13 2 42 39 25 14 47 
1 27 17 50 3 29 34 35 45 3 34 0 38 3 45 5 14 26 24 22 32 27 31 2 19 7 22 49 4 32 
23 10 3 9 49 40 28 3 4 20 35 50 0 50 38 19 4 2 40 16 9 38 17 15 3 33 21 20 25 48 
44 32 31 30 3 22 43 31 30 4 5 28 12 0 23 5 37 32 27 44 34 16 5 32 33 46 44 7 45 50 
26 29 20 4 5 10 38 5 20 47 17 26 23 23 0 37 11 31 27 44 10 16 1 45 27 41 33 40 50 48 
35 9 15 49 31 4 26 35 25 7 13 17 33 13 31 0 27 9 43 32 46 23 15 18 13 35 35 25 34 44 
13 23 20 39 7 36 38 2 27 42 20 11 26 7 20 32 0 43 33 39 15 50 32 40 9 5 26 20 42 2 
14 47 29 42 42 13 35 44 29 27 28 43 26 33 2 13 35 0 47 9 49 32 43 2 37 20 44 31 34 12 
35 31 17 47 1 14 45 41 19 34 45 36 38 15 7 12 22 25 0 50 38 46 20 30 11 43 21 22 46 43 
23 49 32 1 32 45 46 11 46 26 19 7 23 17 13 15 14 44 28 0 46 26 48 19 31 46 17 15 2 7 
4 30 43 50 49 47 36 13 35 7 20 11 1 26 50 32 32 24 4 17 0 46 30 27 44 1 17 25 31 1 
6 16 30 45 5 43 46 27 8 24 20 28 3 29 38 8 35 25 23 19 50 0 15 43 12 35 11 25 4 49 
50 32 23 5 12 29 41 41 17 47 34 5 5 25 50 34 40 44 1 39 37 16 0 43 3 12 2 42 23 18 
10 44 18 42 29 9 43 48 23 41 1 47 18 19 29 39 15 45 41 44 29 46 18 0 24 15 13 34 39 20 
44 11 38 18 23 7 3 16 13 27 17 7 36 17 3 1 42 19 48 15 14 48 7 2 0 30 40 15 26 45 
27 17 25 4 28 30 30 14 29 45 12 26 23 2 19 24 37 43 29 16 24 24 44 36 25 0 7 46 5 36 
39 33 43 28 22 37 11 42 3 8 37 24 37 13 24 36 39 42 47 38 28 43 47 36 11 21 0 4 23 40 
30 22 35 25 28 41 13 20 49 1 15 9 33 34 36 43 42 37 11 20 1 36 15 50 18 9 46 0 37 7 
17 2 33 38 3 24 36 3 50 10 23 12 16 41 41 32 30 45 10 12 44 19 35 44 4 39 44 7 0 35 
7 20 46 26 14 32 50 32 21 31 11 50 40 43 28 38 8 35 46 24 18 39 14 37 25 14 49 18 40 0 
35 0 14 30 29 19 43 40 27 37 3 9 42 50 9 15 49 12 5 26 7 6 46 5 48 33 17 19 7 10 
1 50 0 34 33 43 37 18 31 21 22 1 38 12 22 32 37 33 19 31 49 38 14 10 23 11 34 39 9 32 
47 2 24 0 34 18 36 4 26 9 7 22 48 18 42 33 26 20 45 25 23 12 1 49 39 8 22 38 41 11 
23 9 49 9 0 49 25 20 27 4 44 37 29 12 24 12 9 2 20 22 27 48 41 40 14 37 21 46 4 36 
27 46 48 14 15 0 37 49 23 39 20 18 14 49 16 1 39 45 1 27 37 30 6 3 17 14 14 32 20 35 
23 29 29 17 42 28 0 49 39 16 47 38 14 36 14 1 5 14 49 25 39 26 43 21 20 17 7 22 44 32 
50 2 5 30 39 17 41 0 39 47 8 39 3 50 29 5 39 24 44 43 2 12 50 16 8 31 10 30 8 10 
1 36 6 5 8 16 45 34 0 34 48 47 10 16 18 42 36 37 26 14 17 31 43 13 29 42 20 50 37 48 
49 30 37 34 30 47 23 33 48 0 43 13 10 6 40 46 46 42 47 33 25 22 45 34 17 42 29 8 23 27 
13 38 17 9 36 36 19 10 27 37 0 21 19 3 39 34 2 8 26 4 17 33 1 24 17 12 26 5 47 21 
42 2 40 1 7 36 5 47 1 20 5 0 28 37 16 10 13 6 19 6 50 15 35 4 4 6 44 13 15 50 
47 11 31 23 39 35 36 32 19 47 4 30 0 6 7 6 49 40 47 35 14 5 7 7 50 47 7 8 49 36 
45 13 23 40 47 4 10 25 6 49 31 25 31 0 37 23 3 21 10 28 48 6 16 48 28 2 45 41 4 32 
26 33 28 37 47 24 35 31 40 9 3 46 25 35 0 49 5 39 25 20 35 47 26 47 30 1 30 30 15 45 
39 3 14 6 44 30 16 4 38 35 14 38 22 32 2 0 25 2 32 32 50 24 13 21 21 20 35 1 36 49 
37 17 45 21 37 1 6 40 40 31 5 33 2 1 40 7 0 47 26 45 45 5 49 49 48 16 21 26 32 43 
37 9 29 30 6 2 18 19 18 35 31 46 36 12 1 27 17 0 23 12 31 15 24 10 6 42 44 38 19 47 
5 16 26 25 48 4 23 26 3 46 50 23 38 29 41 15 49 20 0 37 49 21 49 49 15 2 29 14 50 24 
39 12 14 50 23 13 20 6 22 38 9 28 1 15 27 13 9 27 45 0 19 42 43 25 2 21 27 7 18 11 
23 20 41 23 3 14 35 36 24 16 16 22 10 28 32 29 21 20 35 22 0 2 44 2 19 32 32 47 38 12 
29 46 7 2 45 49 19 18 6 49 1 43 27 35 12 29 47 33 16 43 24 0 1 7 23 47 9 30 18 22 
42 21 17 48 24 45 20 10 20 15 29 14 11 15 22 34 29 26 9 41 40 35 0 50 32 45 39 29 40 34 
6 36 20 1 46 14 28 34 46 3 40 42 20 27 18 37 30 13 36 35 39 18 34 0 22 28 33 8 22 36 
3 36 16 30 26 15 30 10 13 15 2 45 50 34 23 19 49 21 8 33 45 16 27 44 0 6 46 38 3 48 
24 14 7 7 49 44 18 24 12 45 13 38 28 18 48 34 41 40 35 11 3 29 12 1 39 0 41 38 9 23 
25 31 28 28 12 39 2 46 39 2 41 6 45 37 27 46 45 17 48 29 10 15 7 4 42 45 0 45 2 7 
18 8 6 9 2 38 14 35 11 17 30 47 39 3 38 44 5 9 43 36 5 44 24 40 31 13 11 0 25 25 
36 17 44 50 39 21 45 35 48 44 50 13 11 35 1 19 32 21 13 19 10 37 37 3 17 2 25 34 0 17 
28 39 28 40 11 25 50 36 48 50 33 44 10 8 16 43 24 45 9 24 21 49 43 48 6 15 50 31 41 0 
34 0 38 47 11 18 20 5 23 23 1 11 2 34 35 21 31 26 1 29 22 11 43 7 16 11 46 29 47 30 
34 46 0 26 20 45 15 13 36 33 42 39 11 21 1 45 49 23 38 15 22 18 31 15 21 9 31 41 32 32 
50 22 41 0 8 43 39 5 35 32 39 21 9 45 43 9 41 11 40 43 13 17 39 9 15 26 13 4 32 6 
11 14 25 32 0 5 34 20 49 3 29 12 41 15 41 49 45 13 24 38 6 30 49 42 48 19 15 12 14 26 
33 31 36 23 30 0 22 25 46 28 40 10 40 43 8 12 32 23 2 49 11 20 13 40 17 26 26 13 23 27 
13 40 23 7 23 21 0 48 27 18 36 20 24 49 36 34 29 17 38 41 31 17 47 14 13 4 7 20 42 19 
47 4 10 3 20 15 50 0 38 34 20 38 14 6 5 17 29 37 22 28 6 39 10 39 22 43 11 16 27 10 
3 17 1 7 8 21 32 11 0 21 30 21 34 42 33 18 4 17 11 42 47 34 17 35 43 36 31 38 16 38 
11 9 49 23 28 31 4 37 8 0 48 35 35 19 16 42 7 23 48 27 21 19 27 50 25 31 26 36 32 8 
21 28 33 17 23 11 22 22 11 14 0 3 15 17 9 14 7 12 16 2 44 37 14 33 11 46 20 35 9 25 
43 3 45 22 29 38 20 2 19 47 5 0 21 36 12 35 25 6 2 18 37 18 19 11 35 38 22 8 45 23 
22 4 27 13 47 18 11 8 43 38 22 45 0 6 44 20 47 24 1 2 49 37 40 18 17 23 8 25 43 10 
34 8 31 25 30 47 43 29 8 39 44 24 17 0 13 14 46 43 13 25 42 39 15 21 6 47 36 32 36 10 
41 40 44 19 48 9 31 42 20 26 48 27 19 16 0 13 8 26 21 27 5 21 31 45 50 2 22 20 37 25 
29 45 16 8 19 18 49 1 5 19 4 34 5 23 37 0 28 15 21 49 9 48 21 15 5 32 39 10 45 44 
18 27 40 45 17 42 32 32 20 50 49 14 8 22 3 24 0 22 17 8 9 23 37 2 21 28 28 8 30 11 
27 30 8 4 7 37 42 15 39 38 32 5 46 46 21 50 45 0 41 50 13 32 10 23 2 37 22 32 25 19 
17 40 34 2 22 43 20 42 11 1 35 11 9 33 30 27 4 27 0 41 31 21 33 38 9 18 29 17 8 6 
18 36 6 17 46 23 48 49 4 24 3 2 9 35 40 16 2 23 28 0 44 26 33 45 41 45 49 35 3 26 
34 44 26 13 36 43 15 30 44 14 11 32 29 1 4 38 30 13 48 48 0 43 17 6 40 15 31 35 42 16 
23 48 39 46 23 20 31 27 39 23 42 25 37 8 9 17 13 48 32 42 3 0 15 36 37 6 33 18 38 37 
49 6 9 24 14 21 17 23 37 6 31 23 11 41 40 6 23 7 9 47 24 3 0 33 3 50 13 8 12 2 
41 41 3 44 41 41 17 34 1 23 37 43 44 26 42 2 20 42 25 46 31 33 26 0 9 41 14 47 23 6 
25 2 14 6 21 47 16 29 29 21 50 23 23 22 35 22 5 30 27 42 2 31 21 34 0 16 22 8 15 45 
4 28 45 45 29 27 21 24 37 24 30 27 23 41 22 25 23 8 11 41 37 36 34 21 32 0 4 44 31 31 
40 50 39 1 34 26 43 5 29 45 46 15 49 18 6 47 16 29 41 49 9 44 14 47 24 8 0 18 44 25 
13 25 34 40 44 48 24 42 26 39 15 30 21 44 14 16 27 39 18 28 24 17 26 4 32 22 47 0 36 42 
28 27 9 49 31 17 21 12 25 5 21 33 5 41 40 26 20 39 50 50 32 48 20 50 16 1 47 49 0 30 
8 22 2 39 50 49 13 7 31 40 28 44 4 2 34 48 46 20 27 36 28 13 34 48 36 11 30 8 9 0 
34 0 30 21 22 33 17 34 20 44 5 43 28 20 40 49 22 7 28 47 36 3 20 32 20 14 3 46 39 4 
3 40 0 19 6 48 47 11 8 22 22 35 1 29 2 15 35 9 8 23 36 26 30 34 34 22 7 14 48 1 
8 30 22 0 45 16 42 16 24 22 23 43 38 15 35 6 12 36 25 18 18 36 6 45 23 3 29 23 6 36 
35 42 34 13 0 8 15 42 14 6 13 11 49 11 37 36 31 48 12 45 28 22 37 33 46 31 15 3 36 49 
43 38 19 10 38 0 38 32 10 25 8 21 14 49 30 12 8 19 25 19 9 43 6 18 29 29 14 48 9 38 
33 43 12 7 15 14 0 26 42 39 24 49 5 22 23 5 24 14 24 7 22 38 12 40 35 27 7 37 21 41 
32 25 41 23 22 43 15 0 10 8 34 16 36 17 31 2 20 4 22 33 13 5 15 40 41 38 1 22 3 27 
30 9 27 6 2 8 50 9 0 33 50 31 40 15 7 41 41 36 22 32 39 15 23 35 5 8 36 17 35 50 
35 22 21 12 33 28 26 40 31 0 16 24 3 11 22 22 2 23 40 9 50 50 3 29 41 15 13 7 24 23 
49 16 41 16 10 48 29 10 29 33 0 29 15 2 5 7 8 36 4 2 14 3 35 46 9 35 50 33 43 31 
47 21 22 3 18 33 1 33 38 2 25 0 43 42 45 8 30 36 49 48 23 33 29 9 6 10 20 14 20 32 
32 11 15 36 30 32 12 8 13 35 23 6 0 26 49 3 28 21 11 41 39 29 49 2 36 21 49 18 12 16 
43 48 19 31 1 7 41 10 7 13 13 47 23 0 24 14 25 17 8 30 6 29 40 9 24 32 4 33 9 30 
16 31 14 50 42 20 37 5 26 25 43 12 18 14 0 49 28 42 7 26 38 11 4 42 38 7 38 4 40 46 
50 48 24 33 31 42 33 49 47 31 4 27 21 42 34 0 38 44 11 26 11 46 40 47 7 22 19 12 40 26 
44 5 17 48 9 26 27 19 30 37 23 17 30 46 27 22 0 11 41 13 9 1 13 27 28 29 50 11 2 17 
11 13 30 43 23 3 27 38 30 12 17 7 19 14 25 3 45 0 16 44 21 36 11 29 50 32 26 31 28 39 
19 9 15 26 2 20 24 44 24 8 43 50 35 32 29 47 2 33 0 50 3 25 35 35 18 32 32 1 35 30 
12 48 23 49 49 11 4 2 32 17 45 1 10 21 9 1 21 2 29 0 50 4 31 44 32 26 14 35 25 48 
44 21 19 40 14 13 11 21 2 36 22 26 46 20 16 5 2 16 14 26 0 17 11 31 22 35 27 32 4 42 
24 36 27 29 4 38 47 26 12 46 9 49 31 19 17 8 25 8 11 28 27 0 25 49 21 49 32 34 41 47 
5 38 31 7 29 28 50 45 47 42 32 20 29 41 20 5 28 36 42 14 15 11 0 19 21 26 16 50 37 7 
30 23 5 6 30 7 9 29 42 2 42 17 13 28 17 29 9 48 35 30 16 22 46 0 42 27 33 45 19 11 
31 14 29 14 39 17 20 28 14 50 34 11 27 36 35 1 48 2 33 3 42 18 19 16 0 8 41 9 27 14 
30 47 13 40 18 12 39 13 3 24 12 47 2 45 48 1 19 40 37 12 41 29 31 13 17 0 19 14 46 14 
6 49 9 43 14 35 3 21 21 9 24 46 39 45 29 22 6 40 23 21 15 40 2 22 16 24 0 1 17 1 
24 49 49 44 50 48 26 3 4 39 10 45 31 48 31 13 16 3 34 3 41 11 30 41 25 50 17 0 48 38 
28 41 35 37 21 48 10 26 2 40 48 3 19 2 2 14 26 35 42 21 10 50 21 17 15 10 13 20 0 9 
19 1 31 29 16 27 48 26 9 10 1 21 37 15 14 37 50 23 10 29 28 50 15 25 27 28 29 20 19 0 
22 0 11 35 41 18 34 39 17 25 4 26 4 38 18 25 42 1 23 36 8 30 15 38 4 42 31 20 36 7 
2 38 0 48 29 7 37 50 16 31 20 31 25 20 26 19 34 26 40 32 41 33 27 6 44 13 39 8 24 32 
49 37 14 0 4 10 23 17 28 25 32 31 26 27 20 4 5 34 11 40 20 20 17 42 38 46 25 26 33 5 
16 19 30 27 0 35 32 33 18 21 10 3 3 6 1 9 2 16 6 7 2 39 30 29 18 4 12 33 45 27 
9 36 48 34 24 0 10 13 1 50 43 39 22 38 13 1 38 18 14 17 34 37 30 19 20 31 16 37 41 13 
23 23 49 38 42 13 0 25 5 19 33 42 46 1 16 14 18 30 2 17 29 30 37 48 17 12 40 29 18 29 
3 8 23 23 39 28 20 0 40 35 47 50 26 33 49 32 26 39 36 15 5 2 1 15 21 12 33 36 25 33 
27 2 34 7 27 16 26 19 0 23 13 39 44 28 46 5 17 3 48 39 17 42 23 5 15 13 27 2 43 3 
11 6 43 45 8 8 46 17 20 0 6 33 6 7 16 23 26 12 24 6 10 4 10 36 47 9 42 4 47 20 
45 1 14 33 17 12 8 47 49 21 0 38 10 1 34 42 6 12 36 7 33 40 2 3 47 33 49 2 20 46 
37 17 5 49 47 25 6 20 23 40 5 0 16 29 13 3 18 1 3 27 45 42 48 6 47 15 31 44 48 18 
1 19 11 38 2 12 5 34 11 4 9 37 0 37 39 47 3 17 11 39 50 30 33 47 26 26 4 40 11 8 
35 17 32 8 2 23 22 45 29 28 1 49 34 0 40 50 18 8 6 9 10 44 48 20 5 48 38 18 23 35 
12 48 23 44 26 27 37 28 29 35 17 26 9 39 0 34 39 2 46 44 47 9 18 49 32 1 15 38 48 27 
11 15 5 50 10 17 30 29 5 9 14 13 41 30 22 0 43 35 35 10 36 17 47 43 25 26 27 45 50 41 
44 12 39 40 1 19 20 12 27 50 23 5 10 47 38 31 0 35 18 39 28 40 17 30 29 12 11 15 23 31 
24 34 23 31 38 12 47 25 24 41 12 2 32 9 36 37 32 0 7 50 5 45 41 9 7 22 2 27 32 11 
28 40 5 48 31 3 16 1 24 23 36 41 6 12 28 28 27 8 0 8 44 42 30 4 15 18 37 34 26 16 
9 36 35 16 14 46 1 7 4 1 7 20 37 8 35 15 15 39 30 0 31 30 46 44 19 39 20 49 37 40 
30 45 19 41 35 16 37 1 26 43 16 28 21 23 8 2 24 5 22 20 0 1 4 48 5 45 37 13 42 16 
27 44 48 14 17 24 7 38 30 3 43 48 14 39 47 14 4 9 23 37 18 0 15 15 27 18 40 27 47 15 
47 48 4 46 35 49 49 19 14 4 50 2 14 45 3 30 22 37 16 2 42 42 0 29 41 6 49 13 29 22 
47 28 48 11 24 33 5 40 3 30 41 49 45 40 6 24 36 5 20 13 47 46 3 0 12 45 23 6 20 13 
41 37 36 20 48 18 26 3 42 40 13 48 41 20 8 26 4 47 2 23 17 21 44 44 0 17 25 1 26 36 
16 1 28 36 27 13 44 5 30 48 22 30 22 45 15 8 16 7 27 46 37 42 27 4 47 0 47 20 43 43 
3 23 17 1 17 26 39 35 12 15 8 15 21 25 49 30 44 46 27 30 37 2 19 25 31 50 0 24 25 24 
40 30 43 1 12 27 25 6 30 5 19 26 23 4 43 20 31 16 18 28 24 3 1 44 14 7 2 0 5 43 
20 17 2 15 12 23 35 15 14 10 49 24 25 14 41 8 4 14 48 26 5 50 35 7 47 50 37 30 0 49 
38 6 25 21 13 10 38 17 12 12 31 8 5 18 7 20 5 50 40 10 37 11 43 4 29 38 21 33 46 0 
19 0 12 37 6 17 26 4 24 4 13 4 4 42 43 3 17 19 1 32 28 38 43 1 48 20 13 28 13 21 
42 25 0 40 6 22 43 1 45 3 39 43 3 46 1 37 36 7 46 18 41 37 11 38 39 6 9 27 11 39 
36 5 48 0 42 4 12 38 15 48 20 50 2 23 16 12 40 25 42 42 15 13 13 17 10 22 34 32 38 2 
50 14 17 40 0 7 17 35 45 12 43 39 50 22 9 26 19 40 15 45 26 50 31 17 35 47 27 23 38 38 
21 20 31 1 13 0 49 7 34 13 17 49 28 45 14 49 3 16 41 5 42 42 33 19 37 12 2 20 47 32 
44 30 45 48 8 42 0 23 8 49 9 11 20 36 27 49 47 49 6 17 18 32 32 36 19 46 47 38 2 45 
40 11 29 10 2 19 37 0 5 31 38 23 27 45 17 33 44 23 7 6 20 41 13 47 4 30 50 13 44 26 
2 11 4 22 14 9 48 33 0 10 34 9 13 42 19 19 45 42 37 15 4 26 24 41 33 32 5 27 14 26 
31 3 7 44 30 29 27 20 5 0 32 8 35 12 13 23 47 8 49 45 29 9 38 13 48 40 1 28 21 22 
41 9 33 35 7 30 32 3 20 13 0 40 42 26 38 6 7 20 14 12 18 36 24 6 32 36 17 43 40 9 
4 29 1 7 49 14 23 26 1 5 33 0 42 45 39 37 6 38 34 1 8 41 21 37 17 3 36 17 4 1 
49 41 37 42 45 16 34 39 36 27 24 33 0 32 20 10 29 27 41 36 20 27 49 33 43 33 18 34 43 34 
4 13 47 20 25 2 14 47 50 1 24 3 17 0 2 7 27 25 10 1 27 39 26 45 32 34 25 1 9 45 
10 27 32 41 6 32 15 28 14 8 18 47 33 28 0 41 13 17 10 47 26 16 8 9 33 16 46 28 18 15 
36 50 1 6 2 40 24 42 13 12 21 43 50 12 2 0 33 31 7 49 5 20 18 15 5 33 29 3 19 50 
26 10 4 47 13 28 8 18 41 31 38 17 22 5 49 26 0 33 17 47 7 1 36 40 30 14 46 19 36 47 
23 23 38 6 42 38 2 18 47 37 35 45 16 41 26 11 38 0 49 13 17 29 50 13 6 13 50 40 21 24 
33 18 9 23 21 18 8 1 12 30 18 47 9 37 30 13 12 35 0 45 14 19 27 47 7 20 18 23 11 32 
43 43 48 32 44 14 20 26 22 46 23 19 11 27 20 46 20 21 14 0 33 44 1 15 46 8 6 7 21 2 
4 3 46 47 20 19 37 21 16 15 24 11 37 41 40 23 45 9 1 28 0 11 50 48 10 28 38 43 29 3 
24 39 7 49 24 19 43 28 22 41 8 33 26 4 6 40 23 8 11 26 23 0 13 47 7 44 42 4 6 36 
19 32 27 9 19 42 27 17 12 13 23 48 46 24 18 43 45 36 46 42 20 6 0 30 33 3 30 11 42 1 
6 33 15 37 42 3 9 32 25 8 13 30 23 11 46 38 28 27 40 30 15 49 6 0 9 15 16 14 3 44 
6 39 32 35 17 7 30 8 11 5 21 9 11 20 29 34 12 48 45 34 45 26 4 21 0 13 37 7 28 6 
23 26 40 7 38 20 19 32 45 7 5 17 30 18 23 20 21 4 30 27 25 3 19 19 19 0 50 31 36 11 
23 31 50 2 3 39 29 32 3 24 50 10 3 18 41 41 18 15 8 31 2 43 33 28 1 32 0 20 8 21 
39 39 40 34 22 23 26 6 15 28 29 45 39 19 31 30 18 23 36 28 29 2 35 23 5 9 31 0 48 23 
2 21 20 21 11 15 36 11 26 32 46 15 36 3 37 30 37 14 24 3 48 34 10 34 30 43 37 4 0 18 
30 13 42 29 33 14 8 9 24 28 5 45 20 42 41 41 14 43 49 49 43 19 45 7 46 26 18 12 36 0 
42 0 18 28 32 43 47 19 4 37 3 39 30 21 13 36 20 8 28 42 19 43 17 1 38 6 25 12 18 35 
34 8 0 46 46 23 33 11 27 14 27 46 22 37 27 41 11 19 23 6 10 37 38 48 27 44 44 25 18 40 
27 19 36 0 2 19 4 46 43 35 48 31 25 43 45 2 47 47 6 40 10 28 37 2 6 9 49 46 11 20 
3 30 8 44 0 38 37 9 10 21 19 24 46 19 35 26 25 35 44 43 46 30 47 38 36 8 12 41 17 30 
44 21 8 35 23 0 32 18 23 32 6 8 44 38 27 38 16 15 10 2 27 32 24 5 3 15 40 6 43 23 
36 27 47 42 30 28 0 48 17 11 46 3 8 2 3 39 35 3 43 21 50 20 43 3 39 40 49 20 17 5 
20 34 27 25 1 46 30 0 12 2 8 50 41 50 4 14 50 20 30 21 16 19 13 47 36 44 3 43 24 9 
3 32 8 32 12 42 13 27 0 33 2 8 10 24 1 36 22 10 20 40 39 39 21 20 49 1 37 8 37 41 
32 48 3 6 4 50 27 42 9 0 39 13 2 23 37 29 14 7 45 12 11 15 35 34 4 35 20 32 12 9 
31 25 34 26 36 2 4 5 4 20 0 2 10 30 1 31 27 38 16 34 42 36 45 42 46 26 27 48 15 50 
22 35 18 15 34 28 14 29 27 38 36 0 25 9 3 26 11 2 36 34 3 28 48 4 49 21 23 37 34 39 
50 10 5 39 6 33 36 34 46 46 24 18 0 48 11 29 49 17 27 43 17 36 25 42 14 12 22 24 31 20 
44 11 42 31 41 27 29 31 36 4 20 41 27 0 6 40 10 36 30 37 25 50 5 46 45 17 3 26 19 41 
28 34 10 5 15 2 36 33 37 7 35 1 18 31 0 24 23 27 9 19 2 4 27 43 37 6 20 40 15 47 
14 38 2 11 40 9 20 11 36 13 5 4 28 49 24 0 3 25 32 24 23 22 41 45 7 17 37 2 42 23 
49 46 12 22 36 23 19 33 41 29 22 5 13 41 46 15 0 49 27 28 20 34 32 38 17 43 25 24 44 45 
44 4 8 28 38 38 18 43 33 43 27 5 20 35 4 2 18 0 10 50 50 43 19 11 24 23 39 18 8 46 
29 11 50 26 39 47 25 15 27 25 4 28 22 16 35 2 15 15 0 47 34 15 25 16 24 45 2 26 43 34 
6 50 21 10 47 5 32 27 30 32 39 29 38 42 35 47 22 22 3 0 27 23 8 25 21 25 32 5 45 27 
32 37 21 33 31 22 26 34 19 25 12 3 25 36 33 9 5 27 34 32 0 27 24 31 23 17 12 49 25 50 
36 16 1 37 50 48 46 18 47 8 21 9 14 4 47 42 25 48 22 43 12 0 21 5 21 14 1 9 7 49 
17 20 23 2 34 33 10 12 16 26 38 38 41 8 20 14 23 14 20 34 31 43 0 14 27 33 38 16 11 30 
24 50 40 40 20 31 39 48 8 30 21 38 31 9 23 34 6 21 13 36 7 42 37 0 39 23 18 25 6 47 
19 47 18 49 32 43 26 49 48 22 27 32 17 15 35 50 46 50 34 42 43 27 17 3 0 25 23 32 13 2 
17 3 7 33 1 39 34 3 39 50 17 47 36 8 50 36 5 41 27 3 39 27 18 41 15 0 4 42 30 15 
25 10 11 13 47 32 20 21 49 16 26 1 47 7 1 18 45 8 20 18 18 20 32 5 11 14 0 40 35 16 
19 48 47 4 39 15 41 6 34 39 26 31 16 7 25 2 2 42 20 17 24 20 46 23 13 48 5 0 28 6 
3 34 42 35 5 30 19 29 47 9 43 11 12 11 19 44 38 2 14 8 4 9 22 20 19 43 49 2 0 25 
42 41 10 13 1 32 6 35 46 11 27 7 23 5 33 28 6 13 10 27 29 26 46 42 20 2 44 12 23 0 
16 0 13 32 17 5 6 18 33 48 12 29 14 10 42 42 37 1 32 4 39 43 13 30 40 25 46 17 46 19 
43 49 0 38 44 12 30 49 46 40 18 50 16 45 8 2 31 14 19 34 5 5 20 21 41 24 30 4 33 43 
42 9 39 0 23 15 5 13 42 21 48 12 43 42 11 14 4 24 48 6 29 9 12 27 33 42 15 24 28 48 
21 33 27 17 0 4 49 10 11 43 31 3 39 40 43 22 23 12 13 9 7 37 50 33 49 4 34 31 32 7 
31 1 32 36 44 0 50 16 35 27 39 13 5 44 31 18 3 41 20 19 6 11 30 2 15 22 12 21 50 29 
13 21 19 28 5 12 0 31 22 4 46 43 6 38 36 25 47 3 43 19 15 47 14 14 12 26 46 2 49 17 
14 32 30 16 7 15 19 0 45 27 39 19 38 31 37 24 26 50 24 45 27 19 19 19 2 36 33 49 7 7 
3 10 11 32 6 40 15 14 0 41 32 22 7 3 26 5 1 28 16 27 40 36 26 22 8 23 49 45 14 28 
31 24 16 12 38 25 30 9 6 0 26 48 10 13 10 43 23 21 16 44 15 2 8 18 22 18 22 27 38 4 
10 7 45 1 36 10 8 6 45 16 0 2 26 43 22 41 30 30 24 17 30 35 2 33 2 50 27 24 7 44 
45 17 49 42 5 47 19 4 10 27 1 0 35 18 26 1 42 39 10 36 27 43 38 48 11 9 20 8 25 43 
2 10 37 2 12 1 50 4 35 38 26 22 0 26 21 48 16 45 18 26 33 11 11 18 38 30 2 7 19 39 
34 36 40 45 11 8 17 15 34 6 26 2 39 0 5 22 11 5 17 18 1 45 14 3 32 42 33 41 43 49 
22 11 44 31 16 2 3 37 28 16 13 31 2 12 0 12 50 31 23 7 46 28 26 35 40 18 44 20 33 8 
3 29 18 25 17 12 45 32 21 23 4 19 24 28 2 0 5 20 44 3 41 32 12 10 35 47 21 47 26 5 
13 22 32 20 30 25 37 46 7 36 50 17 19 10 50 3 0 27 4 49 34 36 49 1 18 43 26 42 19 33 
28 46 16 20 28 9 2 23 49 45 3 16 9 14 8 3 24 0 14 2 11 32 20 17 49 43 19 15 22 15 
28 4 34 18 14 29 40 34 48 41 2 49 31 28 9 46 18 27 0 35 43 15 19 12 41 9 1 9 29 18 
27 10 44 30 8 22 42 19 49 46 36 19 20 27 24 50 13 2 42 0 8 3 25 42 31 29 50 10 43 44 
9 13 21 11 16 21 31 9 19 23 7 18 27 20 32 49 25 46 42 38 0 41 47 50 17 21 16 3 18 14 
2 9 12 49 26 40 33 15 8 4 7 43 42 44 29 36 41 26 5 10 32 0 4 5 19 6 3 13 14 5 
40 1 19 14 46 18 15 46 20 2 31 50 34 18 42 36 45 50 3 21 32 31 0 41 48 8 32 48 5 44 
44 23 28 19 11 18 4 38 30 47 27 15 41 22 24 25 11 48 37 13 33 11 4 0 10 43 24 10 11 21 
6 14 20 10 2 27 29 4 31 24 50 39 48 16 4 27 7 41 10 17 23 48 35 11 0 42 11 33 20 18 
26 38 9 44 18 24 33 7 5 39 46 46 22 30 25 37 24 36 46 1 34 37 33 50 45 0 49 9 29 10 
18 41 44 10 36 5 36 42 46 31 42 21 20 2 3 15 21 1 18 11 24 19 26 37 19 35 0 40 6 9 
50 19 15 5 48 37 48 2 36 37 25 40 46 29 6 5 31 14 35 30 36 24 48 42 19 36 50 0 16 8 
41 1 16 30 34 47 12 27 16 22 16 5 14 36 15 43 22 29 40 21 33 39 22 5 27 23 26 22 0 24 
36 13 37 33 44 45 37 10 10 12 33 44 28 15 42 20 26 23 39 34 49 48 7 11 46 26 3 30 11 0 
4 0 11 21 41 4 31 10 29 23 20 41 29 34 12 17 8 27 5 24 30 35 2 1 38 38 25 39 6 27 
38 19 0 43 7 49 7 1 12 4 24 34 33 42 3 3 48 5 16 37 41 3 19 21 29 50 26 3 11 33 
3 30 43 0 4 2 36 2 48 22 35 5 16 46 24 32 41 47 44 49 48 40 34 9 3 16 24 19 48 14 
8 24 5 41 0 30 1 45 42 29 40 18 2 1 34 32 32 25 8 46 40 39 4 33 4 13 43 20 21 41 
39 29 17 4 34 0 15 12 1 26 17 23 37 49 19 4 31 46 40 50 28 21 41 17 23 9 26 5 41 1 
29 37 32 25 2 40 0 12 1 49 17 20 21 31 50 41 24 4 40 35 29 24 17 3 20 43 20 49 12 45 
46 9 11 21 50 47 30 0 41 12 48 29 43 30 48 24 31 8 41 41 27 49 5 36 20 13 27 12 34 12 
33 32 42 1 7 4 9 9 0 50 32 3 11 33 42 43 7 37 45 20 30 40 36 30 8 36 46 41 23 42 
9 23 36 47 30 30 16 38 42 0 24 45 15 22 8 9 38 16 17 14 44 14 26 33 43 4 22 47 3 34 
15 11 14 37 18 42 9 18 15 4 0 12 28 19 45 22 25 16 19 28 21 20 21 30 27 30 28 33 41 44 
43 8 33 14 5 27 13 31 29 4 16 0 1 21 1 13 3 17 45 31 12 18 39 4 20 32 14 45 31 37 
7 40 9 19 24 23 47 29 14 15 19 9 0 45 37 15 12 20 50 20 18 25 14 34 3 29 26 4 4 14 
32 42 32 32 45 22 14 8 33 47 29 17 24 0 3 31 13 3 24 2 39 9 12 15 26 14 12 44 7 7 
40 48 19 43 16 33 24 37 28 50 15 2 5 38 0 3 42 1 2 11 4 40 27 3 2 15 6 20 28 7 
18 33 29 8 1 43 49 10 24 9 21 8 27 26 24 0 38 38 4 25 12 35 13 11 33 4 18 14 46 18 
28 10 13 46 30 10 18 37 44 5 45 4 32 28 43 41 0 47 13 1 30 15 28 2 46 16 23 5 22 47 
5 33 30 4 43 46 49 8 12 47 17 7 2 44 50 30 9 0 3 36 19 42 8 5 14 17 3 1 8 18 
31 8 5 46 40 40 22 16 50 40 33 45 33 35 17 35 23 14 0 34 3 16 7 20 20 4 5 48 29 16 
38 40 45 41 41 31 40 12 11 12 5 28 14 9 13 4 25 9 23 0 39 29 44 40 18 6 2 24 38 36 
43 36 43 44 50 12 50 38 4 43 4 27 23 13 2 29 25 2 48 8 0 17 30 46 25 40 37 45 1 27 
36 39 8 3 27 19 27 12 35 15 48 14 16 21 17 19 13 7 31 38 39 0 32 1 26 31 19 14 40 18 
4 13 18 50 11 19 4 47 24 46 45 26 17 41 38 1 44 1 9 30 7 28 0 31 14 13 38 5 39 32 
23 8 6 37 45 31 2 30 14 5 3 13 22 39 11 37 12 22 42 13 25 37 19 0 5 11 11 27 33 4 
37 23 15 15 15 2 38 40 40 23 10 37 22 31 46 7 17 36 39 20 27 2 17 14 0 27 8 37 40 1 
27 34 4 20 26 28 33 39 49 7 37 24 48 23 50 32 27 4 7 23 49 44 26 38 13 0 27 36 7 1 
39 8 16 49 39 13 39 6 17 46 4 14 18 19 29 3 47 30 29 17 32 50 4 31 17 3 0 33 9 17 
7 50 42 26 38 10 50 22 26 9 10 12 26 10 9 3 10 31 26 48 36 17 48 7 41 20 39 0 4 36 
32 37 31 31 40 11 47 12 39 30 9 29 31 22 21 20 6 6 41 46 28 8 22 8 11 31 40 2 0 35 
35 19 22 46 36 44 23 30 31 37 49 13 42 22 1 17 19 5 46 28 38 36 14 49 9 9 25 15 23 0 
20 0 9 22 45 28 4 12 38 34 45 28 48 41 25 19 42 34 37 36 21 41 42 27 45 25 48 50 5 23 
37 28 0 20 8 7 12 29 28 18 14 19 40 29 36 10 19 30 48 11 45 7 26 23 39 45 32 28 33 28 
21 31 4 0 7 15 47 18 9 40 34 14 41 15 16 23 18 32 13 7 17 26 45 50 39 10 17 12 6 32 
14 25 34 47 0 1 47 34 15 33 14 39 43 10 40 14 48 5 43 10 50 21 13 20 22 17 2 26 31 15 
48 49 36 12 28 0 26 10 31 45 14 20 39 3 49 49 18 24 17 5 36 42 6 25 2 6 11 2 5 12 
31 50 21 4 1 36 0 16 4 32 33 15 5 18 10 29 41 12 18 14 22 4 43 36 22 45 24 42 24 34 
6 17 25 5 19 15 15 0 49 35 3 14 33 15 43 34 41 32 24 46 46 12 44 43 38 34 9 38 15 50 
10 28 44 43 21 26 17 40 0 50 50 46 15 43 28 16 1 39 39 1 2 31 13 50 46 28 22 12 25 38 
22 10 27 50 49 26 26 20 41 0 45 17 18 1 32 25 1 32 20 17 28 38 45 20 38 13 20 47 29 49 
15 49 14 42 3 29 40 19 15 44 0 2 40 31 49 45 35 35 30 32 25 46 47 3 46 47 50 27 40 40 
38 30 30 48 22 27 46 3 26 49 4 0 36 32 18 26 15 38 8 47 26 3 28 40 16 4 4 18 47 19 
46 4 3 50 29 28 15 23 43 10 22 49 0 32 10 32 29 40 14 30 27 31 9 43 31 15 37 10 41 15 
44 19 9 50 35 30 46 1 36 3 40 12 43 0 46 48 25 28 22 19 8 38 15 40 39 20 38 37 11 23 
36 43 18 24 9 49 41 14 49 47 30 37 28 5 0 11 40 16 38 13 45 6 38 16 42 33 28 30 29 21 
31 47 43 35 29 50 11 23 38 35 47 7 12 29 26 0 39 22 10 11 29 49 5 1 25 16 17 49 28 27 
42 32 20 13 43 19 1 37 2 49 5 1 18 28 4 17 0 38 45 10 40 3 11 18 19 50 22 26 47 19 
20 12 2 34 46 46 4 28 45 19 10 26 2 21 11 6 29 0 32 27 47 9 28 23 40 38 25 32 14 2 
13 21 43 4 18 32 38 4 17 22 32 1 39 44 26 50 15 1 0 40 7 13 22 41 50 50 11 42 40 12 
47 22 15 40 27 32 49 17 22 35 40 24 3 13 10 46 47 20 35 0 48 40 23 25 42 7 39 42 31 44 
5 8 41 48 42 21 1 18 11 13 12 27 34 44 17 1 34 11 10 31 0 4 4 42 7 42 23 25 47 23 
33 38 41 19 23 18 28 49 26 12 43 9 29 36 7 23 21 7 29 9 42 0 24 28 33 50 41 1 16 34 
7 20 46 4 45 28 25 22 9 11 27 40 2 8 50 17 23 26 18 36 35 22 0 17 46 39 31 10 10 8 
20 33 17 12 15 20 43 47 5 34 8 32 2 12 46 3 19 40 16 29 16 28 15 0 34 30 50 35 3 1 
16 14 19 15 14 40 29 10 28 38 39 8 21 18 43 10 5 33 10 21 43 20 42 44 0 32 43 43 19 34 
32 16 35 40 47 40 21 40 17 38 23 17 43 42 3 27 22 46 11 23 24 26 17 25 33 0 8 46 23 25 
34 22 48 11 27 46 22 4 19 25 28 22 21 38 46 38 4 1 29 39 18 10 47 33 47 10 0 7 49 11 
7 39 45 48 15 33 16 26 7 17 46 31 24 4 21 33 1 4 38 22 38 29 8 17 34 8 24 0 25 16 
14 17 40 24 44 12 36 33 25 6 5 30 12 48 34 33 8 44 7 27 50 47 7 19 27 23 29 32 0 28 
14 8 9 41 10 43 50 7 8 30 43 35 1 26 48 34 43 26 31 24 35 27 14 18 49 17 18 11 22 0 
47 0 21 33 4 5 11 49 46 39 2 5 34 26 50 15 15 42 50 21 9 36 35 47 48 9 44 38 45 42 
43 44 0 25 40 36 11 9 10 32 46 16 50 38 4 25 27 40 9 27 50 3 8 17 48 2 36 13 25 35 
46 12 23 0 5 5 47 8 30 44 41 39 6 5 11 4 5 10 49 32 23 22 19 36 11 45 39 36 28 28 
39 50 49 35 0 25 36 35 44 46 33 8 17 47 47 19 38 44 49 47 13 44 43 38 32 2 14 28 26 12 
10 16 11 31 3 0 6 41 41 21 31 26 20 12 14 16 24 7 26 22 18 24 2 41 39 15 35 47 13 18 
34 12 8 9 32 37 0 17 47 36 44 41 28 48 24 18 22 43 32 29 23 8 46 38 6 9 39 9 26 22 
17 19 9 29 23 38 19 0 18 12 30 28 49 27 22 32 32 40 26 28 23 18 22 3 19 41 11 39 24 2 
50 43 29 42 26 20 26 33 0 50 26 37 50 5 32 2 1 24 31 25 6 25 20 13 31 3 5 45 16 41 
38 12 50 45 16 12 38 49 8 0 2 2 7 49 40 1 42 24 14 40 1 18 17 30 15 19 28 31 31 48 
39 21 25 10 42 12 14 37 5 39 0 21 15 2 17 30 23 50 26 30 13 39 30 42 6 15 24 21 33 36 
27 39 31 8 2 19 31 28 47 8 29 0 37 5 19 25 20 37 16 1 1 42 19 2 2 18 9 10 30 20 
45 19 41 31 2 29 1 41 8 1 48 49 0 45 3 19 1 26 35 12 17 36 29 8 21 33 44 8 37 29 
40 43 9 2 8 2 39 38 7 4 41 25 30 0 29 15 3 2 47 17 34 1 42 25 49 13 34 17 12 21 
49 8 21 15 12 19 9 39 47 37 1 30 14 20 0 31 22 43 7 50 44 18 31 47 42 3 28 48 18 11 
39 25 36 28 18 8 46 20 11 18 11 6 14 5 10 0 16 4 38 23 44 28 21 28 17 18 4 18 12 29 
12 34 21 42 29 8 13 16 2 47 12 36 2 33 39 40 0 38 4 27 37 27 49 41 26 24 34 19 47 20 
10 15 41 35 41 49 34 41 14 36 47 48 1 2 42 11 9 0 26 38 39 27 31 50 42 25 3 13 44 45 
19 45 40 17 47 43 33 22 2 11 34 5 50 24 18 30 40 27 0 47 50 16 15 9 32 8 43 30 15 49 
10 39 37 41 47 46 42 8 31 5 10 10 39 8 16 5 35 28 7 0 33 12 36 26 16 45 29 4 37 9 
9 4 13 18 23 42 22 47 15 3 29 26 22 9 23 38 41 28 8 43 0 27 24 15 23 32 38 25 13 22 
46 18 42 6 50 23 1 48 42 16 16 44 8 20 25 29 7 40 27 4 29 0 5 1 47 44 32 35 40 40 
36 36 18 10 26 19 35 37 21 23 36 23 41 49 13 42 50 19 4 40 45 26 0 48 48 10 43 42 18 46 
13 19 39 12 8 6 30 49 35 33 2 40 43 37 18 41 32 39 6 39 6 44 13 0 31 50 46 11 39 20 
50 34 27 18 42 8 5 48 11 33 44 33 43 16 37 3 50 3 39 30 8 28 5 36 0 30 40 19 6 8 
12 12 45 41 30 35 49 25 23 2 29 14 43 21 6 12 6 14 28 27 29 50 44 23 10 0 13 22 29 42 
39 2 39 50 41 50 22 50 43 13 32 38 28 28 1 10 17 15 8 50 25 24 27 41 29 29 0 13 19 23 
32 18 13 21 34 34 50 41 15 3 22 35 13 14 1 47 39 2 23 43 13 44 48 15 30 17 15 0 25 48 
21 12 38 3 28 11 46 19 18 44 44 1 20 2 13 37 15 12 11 27 45 41 28 40 27 11 39 20 0 48 
41 17 20 26 43 45 41 35 32 36 3 5 28 22 8 29 42 43 42 36 29 15 6 5 49 4 31 34 48 0 
27 0 17 23 27 22 27 27 25 26 28 8 22 3 34 27 8 22 17 19 21 11 35 18 48 35 20 26 12 15 
27 39 0 14 7 37 6 19 31 29 7 45 31 5 16 15 34 14 27 32 29 48 27 38 12 14 37 42 50 26 
42 2 2 0 16 11 50 40 44 15 16 28 9 27 44 10 24 40 7 20 3 14 21 44 44 34 18 50 2 3 
44 50 14 20 0 6 37 6 44 16 45 17 26 41 50 11 5 21 21 34 28 38 25 31 23 47 12 22 8 8 
33 43 50 39 42 0 22 16 15 39 21 7 5 31 25 13 3 28 23 21 34 40 13 47 17 24 15 20 20 41 
24 44 15 48 36 34 0 2 18 38 50 28 45 40 32 50 27 24 8 50 18 21 20 40 1 25 19 20 47 33 
15 27 3 47 24 16 27 0 43 8 46 41 11 36 40 24 44 39 50 31 47 40 1 8 20 2 21 5 5 14 
23 18 14 6 35 24 23 26 0 49 17 17 23 35 16 13 10 8 35 30 16 8 36 19 40 50 44 15 20 34 
45 3 12 23 29 36 28 28 6 0 2 17 1 18 41 34 15 25 5 35 46 11 45 37 25 40 6 37 49 25 
6 42 9 4 43 5 14 5 1 7 0 31 35 32 2 34 14 15 41 46 36 26 26 39 30 24 23 50 17 38 
34 23 49 29 3 50 11 8 48 26 37 0 20 10 24 49 5 11 29 44 3 12 25 16 41 14 50 31 3 30 
30 20 5 48 18 18 34 32 6 29 2 24 0 6 18 16 10 17 17 2 40 26 13 45 7 15 26 9 8 8 
16 4 19 8 29 18 6 32 23 42 7 15 23 0 6 50 42 30 6 8 1 32 48 34 30 14 5 18 26 49 
34 43 9 27 25 40 25 34 17 28 50 10 29 45 0 25 46 25 3 8 45 16 36 21 2 7 27 19 21 40 
44 24 1 31 33 39 50 48 39 49 16 25 9 13 29 0 8 41 4 3 9 35 39 2 10 31 34 49 23 8 
20 48 22 5 44 23 4 50 30 46 6 26 48 37 5 42 0 20 7 23 42 45 16 24 16 13 6 6 23 41 
50 50 41 27 41 19 1 45 21 15 41 25 8 12 9 48 33 0 37 2 48 19 11 27 26 31 14 4 25 6 
42 39 17 32 10 30 46 15 49 8 19 4 48 50 43 32 18 37 0 5 16 19 30 19 4 26 23 39 24 15 
47 28 15 27 39 29 26 24 44 49 33 13 33 34 30 34 44 21 12 0 35 45 14 27 50 10 38 12 21 13 
7 38 42 23 1 3 31 5 28 10 21 17 9 24 39 23 3 36 47 40 0 21 32 2 27 40 21 33 1 15 
17 1 18 6 12 38 12 41 41 33 32 49 29 16 12 42 18 37 40 39 28 0 7 3 16 31 42 25 36 15 
34 30 20 30 40 12 9 3 11 48 37 27 32 13 3 15 41 43 17 41 36 22 0 35 44 13 37 11 49 2 
25 20 13 27 27 8 4 12 19 39 5 3 39 7 39 4 12 47 45 50 1 40 50 0 8 45 30 12 46 27 
18 3 2 11 2 37 28 24 1 5 6 50 4 23 4 13 39 47 15 46 40 1 41 16 0 49 2 36 20 5 
33 48 46 8 36 2 37 4 43 38 21 12 30 11 42 40 1 48 18 47 46 6 33 47 50 0 37 17 13 36 
12 50 1 9 19 19 8 10 42 18 22 18 10 47 10 45 35 11 41 50 27 49 5 18 23 10 0 27 15 50 
9 49 35 24 18 31 39 20 3 11 43 35 30 9 30 47 30 37 10 24 3 16 27 27 14 10 14 0 46 34 
36 10 42 43 11 34 19 38 44 42 16 22 25 32 50 48 15 47 40 25 22 44 24 18 42 47 44 23 0 8 
11 9 18 43 37 18 2 1 42 20 26 11 10 37 45 45 3 28 34 28 29 49 13 24 21 12 42 37 25 0 
2 0 14 40 47 30 34 34 48 29 39 15 49 48 24 27 14 14 13 8 29 23 40 20 10 46 30 12 46 44 
22 25 0 26 15 26 40 7 37 15 30 3 12 47 24 40 19 29 32 25 36 11 8 50 35 9 3 13 45 30 
2 1 22 0 38 5 7 14 40 34 23 34 21 28 50 33 5 17 27 16 31 42 17 49 38 11 34 15 26 41 
7 24 28 13 0 7 14 30 32 25 43 17 26 30 45 9 41 16 33 9 17 31 42 26 47 14 39 35 3 34 
27 21 43 39 49 0 28 50 6 9 22 37 3 23 43 35 49 6 12 22 40 47 46 1 7 9 11 15 48 31 
49 18 29 28 48 48 0 22 25 37 31 17 10 35 7 12 22 14 8 49 42 49 9 27 13 13 38 32 21 37 
30 39 13 2 26 11 4 0 8 26 25 46 13 24 19 32 6 30 12 39 40 35 45 4 17 7 33 40 41 16 
15 11 16 2 39 7 43 5 0 9 10 47 8 15 39 33 4 29 25 41 46 8 34 27 44 32 2 36 35 47 
46 43 21 13 42 11 15 30 12 0 36 12 39 2 22 2 42 32 21 7 21 13 28 8 50 46 9 32 34 22 
21 37 22 8 8 13 17 26 45 23 0 29 18 24 17 40 29 8 7 13 25 2 50 32 29 15 34 18 36 22 
18 34 29 32 8 42 49 41 31 44 9 0 35 17 37 48 28 3 39 12 18 21 38 2 20 9 21 21 6 43 
44 24 46 32 4 28 40 50 37 17 25 42 0 39 27 13 4 41 36 14 35 2 12 45 6 18 1 31 32 10 
23 38 22 44 48 38 21 13 3 13 10 8 28 0 17 23 37 27 33 11 39 16 19 35 8 22 42 32 29 40 
14 3 48 8 41 15 29 4 49 41 40 43 42 38 0 23 4 27 24 46 23 20 42 19 20 43 45 5 3 14 
23 6 6 42 23 40 10 13 1 38 2 44 34 29 42 0 22 46 25 31 13 4 45 19 37 7 21 23 35 28 
15 47 11 27 41 27 36 35 2 19 49 14 42 27 36 44 0 29 37 13 27 49 47 20 24 41 10 28 38 20 
35 3 17 26 35 36 42 42 18 43 3 7 38 45 7 33 49 0 13 19 33 43 28 35 11 8 30 18 27 37 
37 31 49 48 15 17 16 33 39 7 41 45 3 12 44 11 21 12 0 3 14 42 42 47 9 6 28 8 18 7 
18 6 18 15 5 32 12 4 10 23 28 41 1 11 7 28 38 40 17 0 42 50 38 19 16 14 46 45 34 40 
43 38 10 49 26 21 2 24 30 48 30 32 7 12 39 26 24 42 32 41 0 32 18 38 41 27 7 31 37 3 
2 10 37 29 14 18 35 18 42 25 40 5 5 8 43 37 11 43 26 30 41 0 40 4 14 44 9 25 1 20 
23 19 41 15 22 29 38 44 4 44 45 4 8 32 18 42 36 27 10 45 4 16 0 14 5 8 12 12 7 24 
35 5 43 35 49 20 6 50 41 33 30 5 44 7 50 32 27 33 9 37 23 8 32 0 15 6 16 7 6 36 
8 10 17 32 20 19 39 2 20 9 12 12 42 46 45 30 40 10 10 15 24 31 30 4 0 20 2 28 23 28 
30 33 14 1 15 33 24 14 24 24 39 12 31 8 25 47 25 31 12 38 35 16 6 48 41 0 13 27 31 14 
12 19 42 16 25 40 26 49 12 28 13 21 17 17 37 21 4 44 24 5 7 45 21 16 35 43 0 14 27 17 
10 3 7 44 50 13 6 48 46 7 18 49 49 14 4 49 18 19 50 20 27 38 20 3 26 7 17 0 48 26 
32 32 26 49 33 2 26 7 28 18 4 31 24 9 38 7 7 9 32 18 18 18 25 15 8 40 23 34 0 4 
18 44 47 8 23 15 25 42 50 16 12 29 42 41 1 46 39 4 30 33 47 20 49 35 30 9 14 7 12 0 
42 0 43 30 42 4 10 25 8 23 2 45 13 16 7 43 20 40 26 28 24 19 19 37 43 2 8 48 45 12 
28 14 0 1 18 31 9 23 33 37 39 31 27 39 16 3 36 20 32 14 6 16 41 33 37 34 43 24 7 37 
41 47 13 0 30 46 45 38 44 45 35 48 20 38 4 37 48 48 30 3 35 8 32 26 35 40 47 38 32 14 
35 38 36 17 0 46 46 42 18 48 44 21 15 42 26 47 16 36 28 38 46 40 37 14 21 23 30 10 21 28 
40 50 8 7 30 0 10 48 13 4 43 8 46 30 50 37 32 20 16 7 30 19 5 19 1 36 25 49 25 15 
44 16 36 22 41 8 0 45 14 9 12 16 49 3 32 36 30 1 10 37 27 40 4 14 4 42 9 36 31 7 
22 5 12 24 49 11 27 0 22 25 40 42 43 18 11 4 42 32 17 23 34 22 35 16 13 48 26 41 3 33 
31 32 23 14 7 38 8 5 0 25 5 22 9 8 27 21 45 35 22 44 10 12 11 43 14 48 36 37 40 49 
27 23 21 25 40 45 8 20 29 0 11 23 47 38 7 12 2 25 14 8 45 18 13 5 48 43 21 20 39 9 
17 22 1 18 6 49 33 2 35 19 0 33 13 26 7 11 21 13 25 4 31 13 24 22 30 46 32 15 19 24 
32 19 25 20 11 13 40 22 30 33 8 0 30 50 41 46 25 32 42 6 44 27 30 46 16 8 47 43 50 22 
23 24 35 14 29 3 50 9 44 16 44 21 0 49 34 43 47 2 13 33 26 6 14 41 9 25 47 3 23 9 
12 14 20 40 1 8 9 24 16 22 38 47 16 0 39 27 12 24 28 47 4 20 7 35 11 24 17 9 34 27 
40 32 50 27 1 32 2 25 31 49 27 35 24 36 0 41 45 30 40 25 14 47 2 20 7 20 39 6 30 10 
17 35 49 26 47 27 41 38 20 16 7 25 38 43 29 0 21 20 47 21 44 16 45 27 35 20 30 39 13 44 
8 13 27 23 15 15 15 28 10 27 10 1 8 10 25 18 0 39 9 9 41 36 1 43 35 36 45 22 8 15 
6 17 38 28 44 12 4 31 3 23 28 15 43 10 20 11 43 0 9 35 3 17 32 22 30 23 9 8 20 42 
37 21 44 8 14 4 10 23 23 14 49 22 38 37 37 32 26 44 0 41 24 25 44 37 37 5 48 25 46 9 
6 36 5 34 39 17 2 35 8 30 6 10 39 20 46 37 32 29 46 0 36 48 47 15 17 47 18 44 35 7 
3 16 30 15 14 18 28 44 38 50 20 35 48 19 14 35 14 37 24 42 0 1 23 19 29 11 11 10 22 38 
38 21 24 18 28 5 14 26 46 25 3 18 44 45 30 26 1 1 28 1 33 0 33 32 20 44 7 30 47 2 
4 4 8 6 7 1 29 47 18 20 14 1 9 19 12 21 24 7 29 40 4 10 0 10 32 21 6 5 40 4 
24 22 26 18 25 42 22 45 13 37 45 2 30 34 32 15 1 24 14 20 50 21 50 0 1 8 48 44 44 27 
36 2 46 39 43 44 49 39 33 34 28 40 26 12 20 35 39 24 27 29 18 20 32 42 0 20 5 4 22 25 
11 28 48 29 19 27 36 49 13 38 40 33 26 18 41 37 30 24 10 30 16 19 25 18 15 0 10 16 20 5 
20 38 41 27 14 23 7 30 12 7 35 35 37 27 37 37 46 42 3 42 5 40 32 44 42 9 0 42 3 31 
14 10 12 16 45 44 50 50 6 13 45 34 7 18 17 26 46 30 43 38 31 20 18 14 29 50 30 0 7 47 
36 6 32 4 50 49 48 23 19 42 34 38 38 40 29 8 8 48 22 15 19 47 30 50 16 50 44 42 0 48 
38 46 15 43 4 21 8 14 30 7 20 20 3 28 39 10 1 44 30 39 7 22 2 8 43 28 39 26 32 0 
