30
18
4 0 30 28 33 25 14 2 25 34 36 1 29 50 27 12 22 10 29 
27 31 0 16 4 2 10 30 5 16 34 18 19 14 47 6 42 28 9 
1 39 39 0 39 48 48 25 2 26 35 37 5 29 34 37 42 15 46 
18 1 29 18 0 3 21 48 18 7 15 23 5 24 9 50 4 22 22 
41 38 33 19 29 0 50 35 46 18 12 6 35 33 23 32 10 24 28 
30 34 36 18 42 31 0 42 10 30 22 11 28 6 25 13 16 1 28 
14 49 22 30 33 8 3 0 37 12 23 33 50 23 14 35 22 25 38 
36 23 47 2 28 20 20 14 0 35 41 6 32 23 18 22 5 47 26 
6 1 1 29 16 5 19 19 27 0 31 49 48 43 35 1 25 30 28 
31 12 22 3 10 20 23 13 32 31 0 50 16 28 18 18 10 16 24 
38 8 8 43 34 9 43 40 15 38 48 0 22 32 49 38 45 25 36 
4 4 41 31 6 3 24 38 19 12 3 32 0 30 34 19 27 37 23 
21 39 29 13 11 21 5 36 16 10 50 2 29 0 34 44 33 6 13 
33 7 2 5 19 46 40 31 37 34 8 15 3 5 0 12 16 25 36 
8 41 43 21 27 21 38 14 39 18 34 19 38 48 28 0 6 44 31 
21 16 20 33 24 30 34 22 28 1 7 46 41 14 10 8 0 26 16 
20 13 31 31 18 5 8 23 48 19 46 10 37 48 12 32 45 0 9 
16 25 18 14 37 5 44 37 7 43 27 21 10 31 23 12 37 31 0 
50 0 41 48 15 26 1 32 16 26 18 14 10 34 9 19 1 42 1 
48 6 0 27 26 38 31 49 15 47 28 10 16 38 25 12 31 32 4 
12 2 50 0 17 33 21 29 26 23 47 9 18 2 9 39 22 15 31 
5 24 3 18 0 17 11 5 4 7 11 31 40 49 4 28 15 40 41 
2 31 24 6 47 0 13 8 2 6 29 27 1 27 16 11 31 26 8 
2 44 35 39 13 29 0 15 19 45 34 49 6 41 37 19 49 20 34 
7 50 28 41 11 16 6 0 27 28 7 34 15 29 18 29 20 14 47 
6 14 19 46 42 28 18 24 0 4 1 38 41 32 29 46 28 25 27 
31 11 34 20 33 36 2 9 36 0 31 6 31 28 21 23 23 43 7 
15 12 9 50 24 37 12 6 39 37 0 25 5 20 1 44 2 39 4 
14 37 31 33 45 33 43 37 19 23 23 0 18 19 10 37 40 13 14 
19 32 37 47 8 28 48 15 34 31 11 5 0 37 26 33 19 10 6 
26 32 18 26 7 37 19 39 33 22 19 16 18 0 30 38 30 34 8 
18 17 29 4 36 30 50 12 26 14 36 48 35 50 0 50 32 14 32 
47 43 25 50 29 19 45 27 47 19 14 32 17 8 42 0 25 2 44 
28 22 47 38 27 46 11 5 3 36 37 20 16 37 17 7 0 34 42 
34 18 39 10 10 10 34 31 49 45 48 29 6 11 49 7 4 0 43 
36 9 17 30 39 24 17 10 40 28 3 27 15 11 24 1 42 34 0 
6 0 18 13 38 5 46 47 16 8 25 30 26 21 10 33 24 22 25 
25 4 0 30 15 44 50 20 7 28 23 30 37 6 6 19 16 2 37 
31 49 5 0 21 34 23 17 42 31 15 7 44 44 42 39 49 26 38 
5 41 25 13 0 19 49 19 25 36 21 19 24 7 6 8 47 44 23 
21 5 21 7 49 0 2 20 6 50 35 29 39 48 7 30 32 12 11 
13 18 31 7 3 9 0 37 46 24 7 8 2 36 47 48 17 29 22 
18 49 43 23 43 14 49 0 34 46 48 23 13 45 26 45 47 35 26 
43 15 2 12 20 3 29 14 0 48 49 49 32 42 32 29 9 14 14 
19 40 26 18 9 19 13 40 24 0 12 13 32 8 40 12 22 24 15 
20 6 29 41 45 30 16 50 36 14 0 7 41 34 36 13 32 29 46 
1 26 6 34 49 30 30 18 1 17 42 0 9 21 20 9 15 39 8 
35 29 46 46 3 9 33 50 34 33 28 27 0 19 26 11 17 22 48 
9 37 7 50 11 27 30 49 9 28 44 37 33 0 20 48 5 47 1 
50 6 24 48 1 50 46 47 40 24 48 16 49 4 0 49 11 6 2 
1 35 18 19 17 4 50 6 6 47 1 8 30 15 29 0 11 17 17 
25 11 37 8 4 15 37 6 1 43 29 41 39 22 14 46 0 5 13 
33 32 39 21 48 45 45 49 47 33 45 34 37 38 37 32 37 0 45 
16 44 32 4 32 11 3 8 27 16 9 29 44 35 10 17 28 36 0 
28 0 5 14 42 13 5 18 5 12 18 7 42 4 7 36 20 31 11 
31 30 0 50 29 18 41 19 30 41 18 39 10 24 20 11 1 5 32 
32 24 31 0 27 36 28 50 36 1 36 12 2 44 25 4 50 37 49 
37 49 37 23 0 24 34 14 1 17 2 44 37 31 4 2 4 38 7 
30 4 44 23 29 0 33 40 33 18 40 25 14 6 25 34 12 15 6 
46 10 1 48 14 36 0 11 48 42 14 5 9 50 40 38 48 20 33 
5 15 20 5 33 42 16 0 25 26 3 46 20 4 19 40 46 9 28 
7 33 41 9 12 32 42 26 0 28 10 41 36 27 9 5 2 8 50 
37 42 27 9 32 39 11 9 2 0 23 11 36 20 4 31 10 41 38 
42 47 4 39 13 7 14 6 35 41 0 27 38 16 3 12 40 10 18 
2 48 1 3 49 3 30 20 16 42 41 0 37 5 17 18 17 10 12 
47 48 29 20 46 27 5 20 32 15 7 9 0 25 30 44 14 9 44 
38 40 49 1 9 44 42 22 15 48 37 11 20 0 49 43 1 44 13 
40 32 3 24 48 29 21 16 13 7 18 12 44 42 0 9 25 29 21 
13 47 39 35 29 24 12 8 34 22 45 8 17 25 37 0 31 24 27 
42 14 42 20 30 44 32 35 5 4 4 45 3 46 21 22 0 38 47 
24 5 3 29 13 40 46 50 21 5 41 44 25 13 18 32 34 0 15 
30 44 17 45 4 45 20 8 4 39 20 50 38 46 37 40 7 19 0 
25 0 13 2 2 25 31 24 27 45 11 29 42 28 22 12 6 42 45 
31 30 0 2 9 9 5 37 7 30 21 17 46 7 35 6 50 7 21 
14 28 19 0 37 22 27 50 9 29 13 12 49 38 33 4 43 10 28 
17 16 5 47 0 16 19 1 3 11 50 5 44 36 29 15 42 43 15 
26 44 9 26 9 0 50 26 24 46 31 33 35 42 14 26 29 33 42 
16 17 12 1 36 19 0 17 1 5 36 27 34 35 47 40 39 17 16 
20 42 7 6 22 43 24 0 21 21 26 8 42 19 8 46 23 26 26 
3 26 9 41 10 9 46 41 0 47 12 47 36 45 4 47 11 9 42 
36 11 45 20 28 16 48 41 44 0 13 17 20 38 13 22 15 37 42 
8 30 32 49 11 32 46 12 25 35 0 31 5 45 9 49 5 38 15 
31 33 48 43 43 19 15 33 24 28 25 0 34 15 31 18 5 3 30 
10 37 1 14 25 16 42 14 11 40 19 9 0 21 33 25 8 34 4 
44 15 38 13 35 28 8 19 38 41 21 50 38 0 40 6 20 46 1 
15 17 9 33 2 29 9 25 15 16 7 42 10 8 0 47 14 12 39 
43 47 3 23 7 7 29 2 44 11 3 29 3 2 38 0 25 43 17 
45 12 14 9 5 10 14 42 12 46 31 14 3 24 29 18 0 27 49 
48 42 11 3 4 1 36 48 23 37 13 6 5 36 15 31 20 0 50 
25 35 43 44 9 15 45 33 21 31 8 30 50 35 25 39 27 2 0 
7 0 43 9 13 23 7 38 28 29 7 42 46 49 23 4 30 43 43 
7 5 0 33 46 9 21 31 6 40 43 37 28 32 16 10 14 25 28 
42 13 12 0 36 6 32 36 39 41 25 32 36 26 20 43 32 33 22 
19 11 34 38 0 33 18 18 45 41 1 26 27 37 36 49 27 39 31 
32 21 49 2 10 0 20 31 6 25 5 17 18 36 50 33 38 45 14 
44 4 30 44 19 12 0 41 35 14 15 39 46 37 50 32 12 50 13 
23 17 1 15 8 28 44 0 13 29 24 16 26 44 49 41 35 33 35 
2 39 2 38 12 25 7 17 0 17 29 18 18 36 24 50 21 15 29 
14 30 47 2 50 6 33 17 20 0 38 21 40 5 3 17 48 11 12 
11 36 5 26 8 42 11 15 46 12 0 39 42 26 24 34 13 22 4 
38 50 39 47 5 45 6 20 46 28 25 0 16 1 39 14 39 11 30 
24 38 23 6 42 36 11 22 29 29 12 47 0 6 42 31 14 10 12 
23 14 31 10 21 38 46 34 40 30 11 1 28 0 38 14 5 39 34 
32 33 8 4 36 33 17 27 8 49 22 33 35 37 0 30 3 16 47 
49 15 18 35 10 8 46 31 12 29 1 25 34 2 4 0 48 33 27 
4 20 29 49 43 44 31 47 13 7 45 24 21 26 22 17 0 6 25 
16 47 24 50 8 5 22 39 27 34 16 20 30 38 5 3 49 0 46 
18 1 22 25 5 14 46 39 37 38 8 25 3 17 46 30 32 36 0 
4 0 4 13 24 27 5 18 47 32 43 28 8 20 19 28 27 50 6 
3 42 0 42 11 5 19 19 35 32 2 31 49 24 50 7 19 50 45 
34 45 24 0 17 8 8 32 3 12 29 18 40 48 27 18 40 27 40 
44 44 50 44 0 6 43 24 16 17 33 19 28 2 1 19 33 44 5 
33 36 35 35 29 0 2 8 41 17 42 4 4 32 35 23 17 25 7 
45 40 40 32 44 42 0 41 50 34 34 28 17 21 16 34 13 8 42 
5 10 15 49 37 16 26 0 32 13 13 2 35 5 35 27 12 38 4 
16 1 43 44 44 30 18 25 0 13 50 22 39 21 19 27 32 13 16 
42 47 4 25 6 13 29 29 48 0 50 29 44 41 9 28 30 47 7 
50 12 17 36 32 13 3 26 11 25 0 43 34 9 23 23 12 21 42 
1 42 45 30 15 16 32 19 46 20 10 0 13 11 41 22 20 33 2 
49 7 16 42 22 31 2 5 36 15 41 6 0 22 30 39 37 29 5 
13 20 47 1 5 14 17 33 17 49 14 2 12 0 40 41 21 13 15 
27 10 21 15 28 11 30 18 28 40 49 30 24 25 0 13 18 8 14 
6 48 3 2 25 40 15 4 42 35 4 2 16 1 18 0 25 10 19 
35 48 42 36 22 37 36 28 34 38 26 39 40 45 32 27 0 16 15 
12 25 36 32 1 25 19 46 15 27 24 49 12 49 16 44 33 0 10 
22 20 27 16 17 48 6 27 29 4 45 9 20 39 35 4 13 36 0 
34 0 4 48 17 18 26 23 10 4 36 26 27 23 46 12 22 6 47 
38 47 0 9 38 27 24 47 16 1 6 7 36 15 9 36 31 10 30 
13 5 3 0 2 43 7 45 20 2 2 31 50 47 48 34 38 16 17 
27 46 28 24 0 21 2 26 18 4 19 21 18 42 43 37 33 10 1 
45 37 5 2 44 0 7 23 45 36 2 9 9 2 28 43 20 4 14 
2 39 35 1 27 26 0 4 27 49 35 11 38 13 14 39 34 43 30 
13 26 3 22 2 26 17 0 24 9 46 17 44 25 23 40 23 32 21 
16 45 11 29 48 18 8 39 0 35 48 39 45 20 18 35 14 7 28 
12 31 38 9 35 3 17 9 10 0 5 10 39 49 41 33 18 18 49 
19 34 28 35 14 14 42 19 35 14 0 26 49 10 11 16 12 12 1 
34 8 10 8 12 40 8 3 29 47 50 0 49 12 2 50 37 45 24 
1 27 18 25 18 17 18 4 33 12 46 49 0 23 37 29 33 35 11 
39 11 22 38 27 11 35 45 19 37 2 24 49 0 24 16 42 11 35 
34 10 40 44 41 9 7 47 8 30 24 13 20 30 0 18 40 48 35 
2 13 50 7 40 24 49 32 2 10 13 23 34 32 26 0 45 50 26 
22 46 21 13 31 31 4 5 21 6 17 23 6 10 26 32 0 40 49 
36 27 20 17 45 10 8 48 35 35 47 43 37 26 31 43 18 0 2 
14 39 32 20 3 36 3 43 15 29 4 3 47 2 42 28 9 23 0 
6 0 6 1 12 6 34 46 20 9 28 19 42 42 14 43 25 19 1 
17 16 0 24 35 14 3 45 29 45 32 39 46 2 10 17 8 37 13 
1 3 34 0 49 24 34 28 25 25 23 37 41 11 22 34 41 12 43 
49 22 43 49 0 17 27 39 15 32 13 27 10 25 35 27 30 25 16 
18 18 43 40 7 0 39 29 22 42 5 21 17 13 11 48 24 9 15 
20 2 36 8 11 9 0 3 15 49 15 49 3 14 32 48 18 24 45 
1 9 16 4 21 45 35 0 35 45 15 1 16 12 1 26 12 10 23 
31 11 8 34 38 43 41 14 0 24 40 41 40 19 45 38 4 24 50 
50 17 31 41 23 26 15 38 15 0 33 3 48 28 2 22 25 38 14 
38 17 22 23 14 8 22 46 45 5 0 46 6 29 9 28 26 13 44 
42 40 38 32 20 50 29 8 11 27 12 0 39 19 45 8 25 17 8 
29 28 3 24 20 27 32 11 42 9 5 45 0 20 2 40 28 33 49 
26 6 48 23 45 6 47 46 34 6 37 2 49 0 4 43 21 48 36 
42 19 20 11 1 9 8 20 4 17 7 11 50 41 0 13 9 49 12 
10 6 33 47 28 25 43 26 24 41 10 1 2 50 4 0 5 37 15 
29 15 5 39 15 25 3 30 39 24 7 46 40 40 5 32 0 11 42 
3 45 41 46 18 26 36 17 10 4 15 7 7 45 5 48 31 0 35 
7 22 42 8 45 48 36 20 19 29 2 21 46 21 40 12 2 43 0 
24 0 34 47 30 4 48 15 50 15 33 17 12 42 42 10 21 25 39 
1 45 0 50 43 10 49 7 7 16 40 8 44 18 46 43 12 25 47 
38 28 18 0 44 44 46 33 4 4 8 37 11 12 26 47 1 11 8 
43 32 25 49 0 23 47 33 26 42 22 15 21 19 30 18 13 34 47 
22 8 2 5 10 0 6 46 50 20 6 29 32 48 17 35 36 20 44 
22 39 5 22 11 18 0 4 12 40 33 39 8 43 49 43 50 30 3 
6 39 22 20 4 24 27 0 28 48 10 24 48 37 34 11 25 42 45 
43 50 48 34 1 48 17 13 0 11 13 13 30 40 48 38 32 30 31 
22 3 36 32 45 34 21 44 39 0 42 46 5 48 19 8 48 8 30 
6 23 39 24 4 41 13 15 16 18 0 20 26 11 5 4 30 3 39 
10 12 6 14 14 7 10 26 17 7 16 0 44 23 43 41 9 26 8 
43 49 50 45 19 30 19 3 25 13 31 42 0 1 18 17 19 39 47 
25 43 10 32 14 28 24 7 50 22 46 28 36 0 3 29 47 37 5 
40 15 43 26 46 11 33 48 45 26 6 48 28 4 0 4 45 35 34 
48 12 35 22 21 12 31 47 8 47 28 29 13 4 32 0 13 30 25 
4 49 47 49 50 17 34 49 2 3 45 43 24 41 19 46 0 50 26 
20 18 44 32 45 49 4 36 20 17 13 2 16 16 24 30 41 0 36 
37 49 12 19 39 23 11 29 3 16 23 37 10 18 5 6 43 13 0 
31 0 23 4 48 46 14 48 18 36 50 37 30 19 45 1 33 9 1 
14 2 0 30 21 21 17 47 39 14 34 7 46 48 11 23 12 49 19 
32 40 3 0 49 22 22 37 12 43 23 47 29 37 28 9 4 42 41 
33 11 2 38 0 1 8 1 14 11 40 3 27 7 7 46 32 2 20 
48 16 31 9 34 0 10 24 25 42 35 47 30 38 44 19 32 29 39 
17 45 39 46 49 8 0 11 48 9 17 17 40 33 5 26 39 7 27 
11 25 27 43 14 27 17 0 16 18 32 3 10 8 25 28 8 16 8 
32 3 18 24 49 37 1 8 0 8 2 2 43 4 49 37 42 22 5 
13 24 31 12 30 33 40 29 45 0 50 9 42 12 26 39 19 8 5 
10 37 26 40 43 6 19 15 15 25 0 29 5 23 17 4 24 46 42 
27 20 24 35 34 20 42 1 50 17 40 0 27 4 35 41 33 33 35 
29 23 32 25 43 15 19 15 50 41 28 42 0 38 39 31 47 42 38 
32 25 3 7 48 43 6 3 25 38 22 44 14 0 40 34 19 45 23 
11 2 28 9 17 19 20 1 23 9 29 1 46 7 0 43 3 2 8 
32 23 26 40 20 41 41 31 44 7 28 39 8 20 45 0 9 37 41 
11 24 9 35 37 47 20 48 24 24 43 15 2 11 38 27 0 38 22 
48 22 33 37 18 36 26 14 24 35 1 10 7 38 21 3 43 0 29 
49 48 37 29 20 22 18 17 39 30 6 18 1 32 32 23 11 15 0 
8 0 25 6 23 9 23 24 35 48 14 18 5 44 49 19 10 28 40 
35 20 0 2 12 19 1 48 47 9 7 35 19 28 34 28 7 46 18 
24 27 40 0 15 5 36 24 5 50 34 36 7 49 41 4 43 38 42 
13 46 6 5 0 26 13 14 18 50 29 36 34 28 38 3 1 36 2 
1 21 15 17 38 0 15 1 14 12 2 8 44 16 36 46 36 45 50 
13 19 2 27 1 38 0 36 46 19 17 7 49 4 49 5 3 42 18 
28 46 9 41 4 12 2 0 12 10 7 14 50 38 43 44 4 39 18 
1 24 20 27 32 43 47 35 0 8 13 48 10 39 13 45 29 8 49 
42 22 15 40 26 40 29 30 32 0 19 29 15 6 1 11 38 3 19 
48 2 15 16 45 20 5 39 14 1 0 18 1 6 10 35 45 12 17 
3 11 48 31 48 2 12 28 7 43 8 0 48 49 2 11 26 31 7 
34 27 28 46 36 38 26 28 13 31 14 19 0 31 11 40 44 35 42 
21 18 4 14 5 18 14 12 31 17 2 17 41 0 30 30 29 12 36 
40 8 26 11 6 21 40 31 15 38 13 48 9 6 0 17 20 6 14 
3 21 23 11 33 25 7 9 26 47 41 34 39 2 49 0 4 5 28 
17 11 12 34 24 24 3 26 49 34 9 47 50 21 25 17 0 26 41 
14 30 26 1 4 48 45 44 40 31 49 11 49 5 1 40 3 0 46 
2 20 47 49 8 7 26 24 50 30 47 20 10 23 27 9 41 26 0 
2 0 16 7 15 39 31 34 23 27 38 36 5 47 10 19 30 15 7 
45 15 0 22 19 26 30 48 16 47 21 22 26 35 41 14 26 38 38 
39 38 31 0 17 15 36 31 39 39 46 33 37 2 31 9 21 14 26 
4 33 41 27 0 18 24 34 14 1 1 3 45 41 21 23 31 41 27 
26 29 1 37 39 0 38 42 2 33 10 19 42 18 15 27 39 22 5 
47 12 21 7 33 1 0 35 30 36 44 6 12 15 21 40 33 45 36 
26 18 45 4 36 16 42 0 24 46 10 34 39 18 3 50 18 34 30 
7 20 47 50 3 9 2 48 0 47 21 46 48 2 36 21 42 13 5 
11 44 27 5 16 9 6 25 47 0 47 26 3 13 48 37 11 27 25 
40 26 15 36 2 38 20 21 29 48 0 8 49 19 27 40 45 7 41 
4 2 4 38 45 28 13 6 23 44 8 0 48 11 42 10 46 3 38 
40 25 42 39 36 46 30 8 18 48 29 50 0 14 18 41 47 7 25 
22 2 31 38 23 47 16 27 13 31 38 16 40 0 23 25 3 5 32 
49 15 16 9 8 37 11 15 27 24 31 40 8 15 0 36 35 25 1 
7 3 3 46 24 10 33 50 21 2 9 6 25 11 14 0 10 48 42 
10 13 44 45 27 8 20 43 47 23 24 23 31 6 49 24 0 47 3 
30 4 42 7 27 9 17 9 7 21 49 20 27 49 17 44 26 0 12 
8 13 27 45 26 32 13 10 26 48 22 4 7 2 15 11 30 45 0 
1 0 3 37 35 28 18 2 50 44 27 46 26 7 38 31 37 17 34 
27 36 0 28 11 44 17 34 19 38 3 15 48 5 16 19 22 43 23 
26 23 35 0 9 43 27 38 37 14 1 42 35 24 21 35 32 35 45 
17 41 9 20 0 2 9 31 50 36 47 23 31 7 35 45 8 12 45 
49 18 44 2 23 0 8 4 33 28 4 29 45 13 24 31 25 6 3 
15 7 21 26 29 43 0 42 41 15 34 44 7 41 17 9 41 33 17 
2 16 18 2 17 20 32 0 27 22 41 35 49 50 33 30 42 44 5 
25 23 40 1 11 33 44 20 0 40 22 14 12 36 23 42 15 24 41 
36 14 41 2 45 2 22 1 7 0 16 35 12 28 49 24 5 17 10 
28 1 5 35 8 47 30 11 13 10 0 6 13 8 35 9 40 6 31 
15 23 29 39 30 10 27 28 35 29 44 0 15 39 32 6 33 37 23 
36 1 6 44 22 35 39 12 45 44 9 50 0 3 39 43 44 40 44 
32 40 22 46 9 30 13 2 17 49 21 25 7 0 25 49 36 5 6 
25 22 2 44 50 18 16 33 20 35 26 6 22 46 0 42 13 2 48 
2 40 42 26 32 21 19 41 42 20 38 34 2 17 34 0 38 19 19 
42 38 40 5 30 27 11 28 26 11 27 25 34 45 24 1 0 35 15 
14 50 40 32 26 9 26 46 45 37 34 9 22 35 28 23 21 0 14 
8 48 11 15 16 4 45 8 15 17 37 44 10 2 33 20 24 20 0 
29 0 11 13 32 29 35 33 25 44 18 39 42 48 11 24 11 43 38 
5 50 0 34 36 38 18 44 10 9 2 27 33 27 3 11 9 45 10 
2 27 19 0 26 33 42 10 28 19 23 20 27 20 50 9 45 16 25 
36 43 24 46 0 38 19 26 31 48 12 41 37 32 40 17 14 10 16 
19 29 17 43 26 0 11 49 21 41 33 32 28 24 32 37 36 23 2 
37 6 40 50 1 2 0 44 49 37 32 42 30 11 6 41 43 26 38 
9 44 17 14 47 17 29 0 44 49 21 38 9 1 46 17 15 28 4 
27 19 29 15 49 28 24 17 0 30 11 23 26 37 31 7 50 28 30 
35 24 10 23 22 7 3 24 11 0 29 32 47 14 46 29 38 17 8 
10 44 46 40 40 30 37 18 22 24 0 34 7 3 1 18 38 31 5 
44 4 48 22 12 25 18 45 35 34 48 0 27 48 50 15 49 40 35 
34 46 34 31 36 4 36 30 41 4 27 31 0 29 26 15 25 44 13 
10 38 32 21 23 45 45 4 21 45 26 34 43 0 4 12 34 4 36 
21 14 18 44 36 32 35 14 19 4 6 22 13 23 0 6 3 40 2 
3 14 23 39 36 33 34 42 5 7 12 23 20 45 23 0 30 4 31 
45 17 3 50 37 9 27 41 49 49 32 3 28 41 15 10 0 31 41 
13 33 28 36 10 45 28 29 3 46 35 11 50 34 20 26 8 0 24 
50 3 28 14 13 45 34 36 10 2 29 22 9 11 15 32 17 22 0 
3 0 10 7 9 23 8 7 31 7 39 49 49 34 3 33 41 10 28 
13 49 0 21 33 2 25 35 27 50 31 37 24 47 18 18 48 23 49 
17 42 31 0 20 8 32 39 46 37 11 19 27 39 18 2 37 20 18 
2 21 8 32 0 24 47 9 26 45 34 42 32 32 37 30 35 25 18 
48 44 42 39 45 0 6 39 24 9 24 43 19 22 11 49 50 46 3 
41 36 19 35 11 32 0 38 5 4 5 30 32 47 4 44 35 40 26 
26 13 26 2 44 50 39 0 36 34 26 13 32 33 32 41 28 45 40 
50 13 33 11 2 40 2 34 0 45 27 27 39 26 38 21 23 25 33 
27 39 42 19 47 26 48 12 43 0 22 23 49 42 20 10 5 35 27 
44 15 12 37 1 10 6 12 9 45 0 1 25 11 10 8 8 1 7 
48 31 16 7 13 40 47 30 12 47 35 0 8 30 21 3 45 30 10 
22 41 39 33 14 35 18 3 12 19 12 13 0 41 34 20 4 8 5 
11 37 2 22 40 21 49 10 28 2 16 30 22 0 17 31 48 37 10 
18 15 17 32 40 11 29 29 19 50 6 1 38 27 0 14 49 34 43 
8 50 2 19 35 5 8 16 38 32 47 45 32 44 48 0 10 36 43 
38 30 48 42 44 11 2 49 4 27 14 39 17 24 34 38 0 40 37 
9 50 31 13 25 24 23 47 33 25 18 12 4 29 41 21 11 0 5 
46 17 7 41 18 36 1 31 3 49 16 23 12 45 5 12 2 37 0 
12 0 26 6 24 20 47 29 27 31 43 24 36 48 46 14 29 43 24 
30 19 0 33 45 12 44 22 24 31 10 14 24 8 43 28 5 9 35 
49 22 47 0 10 12 41 5 9 8 17 1 21 10 33 2 31 32 33 
5 18 15 12 0 2 46 17 20 14 8 35 32 9 44 37 29 30 21 
27 20 7 42 41 0 3 36 6 23 11 1 31 22 27 11 45 1 42 
21 37 21 1 44 42 0 28 48 24 27 9 8 34 31 3 32 5 13 
26 13 28 12 27 47 24 0 6 20 33 36 8 21 15 44 45 9 43 
50 26 26 16 15 43 29 10 0 48 16 27 20 29 40 23 49 19 38 
15 9 11 24 28 39 23 45 12 0 16 7 44 15 40 22 10 32 29 
37 11 48 35 33 17 50 8 29 50 0 5 46 36 23 47 6 31 50 
33 27 49 38 43 21 32 14 4 4 2 0 38 49 19 8 45 12 8 
40 31 27 45 24 20 10 23 40 16 31 34 0 48 9 10 22 28 6 
31 50 18 28 4 20 14 47 7 42 2 37 39 0 41 11 39 16 50 
24 39 4 29 28 21 31 16 33 20 6 43 29 27 0 41 3 15 13 
40 13 28 7 31 28 13 19 22 4 28 40 24 9 43 0 10 48 40 
2 2 22 48 48 38 38 45 41 15 14 26 46 36 27 48 0 50 4 
23 18 8 27 16 10 49 27 38 43 46 48 50 19 29 2 1 0 13 
41 43 16 40 20 37 37 49 5 47 9 43 14 27 10 40 38 31 0 
32 0 26 37 13 49 21 1 45 49 44 15 45 47 44 35 15 7 8 
39 34 0 49 22 40 18 5 3 19 45 30 20 39 11 32 49 20 25 
26 29 44 0 45 39 25 38 44 34 10 50 16 8 49 20 3 1 4 
32 11 37 20 0 8 46 2 6 16 30 6 5 14 49 24 10 39 29 
14 44 45 24 34 0 47 34 46 4 4 38 31 50 36 11 28 17 9 
39 7 22 48 43 34 0 10 9 39 30 47 2 42 49 10 42 39 7 
10 9 27 40 36 13 43 0 49 19 35 30 20 45 36 32 15 21 33 
7 16 1 12 15 26 8 5 0 49 2 13 39 22 8 48 4 19 9 
33 50 21 10 6 45 15 26 29 0 20 36 12 20 27 28 28 35 23 
6 48 44 2 33 32 14 42 37 30 0 13 22 23 41 17 24 33 22 
12 48 11 7 47 40 48 39 20 38 32 0 36 12 45 24 25 48 21 
15 31 18 40 46 15 8 36 13 7 48 45 0 45 47 44 6 16 38 
13 50 2 5 5 44 12 27 10 1 19 19 49 0 49 44 46 9 3 
5 23 3 47 50 12 28 41 42 25 43 36 43 6 0 30 36 12 48 
20 11 27 24 28 19 5 7 18 44 8 49 1 49 38 0 41 2 43 
36 16 1 40 27 14 2 38 34 24 9 13 40 14 37 46 0 27 49 
26 31 46 34 42 43 45 34 34 43 25 45 48 2 4 37 1 0 46 
48 30 34 13 22 41 36 31 49 5 5 45 13 6 23 40 15 21 0 
48 0 3 25 8 46 44 30 10 13 40 26 7 9 3 13 41 48 47 
15 14 0 10 5 49 11 45 41 30 40 31 19 23 9 37 34 39 49 
22 41 35 0 41 34 13 28 46 6 42 46 2 32 22 8 26 25 2 
12 43 5 14 0 14 6 14 41 30 45 18 18 20 26 15 15 20 8 
12 24 30 47 28 0 3 6 3 45 28 9 9 12 47 35 35 22 46 
44 9 27 30 27 43 0 33 34 29 38 23 20 38 17 3 50 14 1 
22 15 16 2 8 11 11 0 37 33 22 33 21 34 35 5 19 21 11 
31 33 48 38 14 44 25 18 0 31 25 41 42 6 12 33 34 13 7 
30 43 1 17 19 41 11 12 1 0 8 5 38 16 19 46 43 19 32 
4 35 1 23 28 40 30 37 46 41 0 16 22 39 50 22 48 39 29 
11 15 15 7 28 2 43 17 13 44 10 0 22 47 14 43 2 30 29 
6 8 15 11 37 33 46 20 47 30 19 5 0 16 19 31 17 32 5 
18 47 8 50 30 11 28 37 28 24 45 3 29 0 38 21 44 42 31 
15 50 28 32 12 8 6 13 49 9 28 41 41 30 0 32 39 34 33 
22 7 29 4 34 50 6 22 26 45 2 32 35 23 27 0 50 3 33 
27 36 36 50 44 17 13 19 10 37 33 15 21 41 4 38 0 23 35 
3 11 17 29 27 41 33 12 12 17 24 6 15 41 28 50 12 0 49 
48 22 14 12 42 15 41 19 39 11 24 12 28 48 1 42 48 43 0 
17 0 49 9 46 17 33 6 46 46 5 23 42 38 22 29 5 40 1 
22 42 0 19 2 38 8 2 22 38 1 40 27 5 23 44 35 34 14 
41 3 5 0 31 7 46 20 37 47 47 24 3 33 23 8 50 21 7 
24 15 12 1 0 44 45 46 6 7 20 50 1 49 3 38 16 15 38 
46 42 36 23 33 0 2 12 5 49 35 18 17 19 6 2 38 12 19 
2 40 9 10 36 2 0 40 50 38 47 49 22 15 17 9 20 5 30 
21 1 32 11 39 40 47 0 11 38 41 2 45 49 11 42 20 14 25 
30 36 6 35 34 33 15 16 0 7 27 21 2 9 49 1 23 17 11 
37 42 1 20 14 26 14 49 49 0 43 49 38 31 46 3 34 40 19 
24 37 17 49 47 24 33 21 40 37 0 33 3 44 26 45 31 33 22 
25 11 23 31 21 36 35 22 18 19 47 0 26 49 25 9 33 50 30 
44 38 46 28 37 43 36 28 17 47 50 23 0 44 50 13 31 10 30 
46 44 17 32 15 25 7 14 25 15 38 8 44 0 11 26 15 38 45 
27 47 25 31 46 43 20 39 23 45 26 47 13 18 0 16 30 37 7 
14 12 24 22 21 23 19 21 40 9 3 39 47 29 13 0 19 5 13 
6 16 49 24 13 27 3 13 38 28 3 21 43 14 24 20 0 2 26 
22 6 27 2 12 25 3 11 36 34 48 47 35 44 13 4 25 0 22 
9 40 50 48 19 9 35 41 18 20 17 39 15 28 28 37 47 50 0 
36 0 4 4 24 22 2 41 19 16 42 44 9 9 40 40 3 12 13 
26 25 0 37 19 17 22 8 34 45 48 20 21 20 48 48 14 18 21 
18 35 19 0 48 7 50 44 44 48 9 11 28 50 12 16 16 12 23 
13 18 38 33 0 17 38 8 44 50 45 22 46 12 45 22 19 36 27 
44 28 18 38 26 0 23 24 49 23 18 48 8 5 4 37 25 1 50 
34 35 19 32 41 14 0 50 49 22 2 48 17 6 31 27 39 22 34 
6 26 43 16 10 18 15 0 41 46 43 40 18 10 38 45 23 36 1 
8 13 38 4 38 27 1 22 0 1 7 12 18 32 17 33 4 19 26 
8 18 26 2 17 1 19 8 9 0 5 43 10 22 33 45 26 32 9 
46 3 39 16 15 38 17 8 29 29 0 11 24 36 6 20 20 16 18 
26 7 47 38 36 30 19 47 30 42 36 0 29 23 6 36 24 8 17 
37 42 4 39 35 9 23 40 48 35 19 37 0 41 3 18 27 1 25 
13 9 17 9 47 19 8 26 23 50 6 6 39 0 13 49 3 33 24 
15 38 23 38 16 46 33 34 28 43 1 33 12 46 0 6 11 11 50 
1 29 45 35 31 9 37 23 35 43 47 7 39 38 20 0 45 13 14 
2 26 44 21 27 14 41 16 26 40 39 10 50 28 2 50 0 3 5 
29 31 7 15 1 43 12 41 38 22 5 13 13 17 34 43 9 0 35 
7 30 3 32 44 16 33 47 35 25 43 19 5 40 36 16 17 32 0 
7 0 38 26 1 10 36 26 20 11 13 28 22 26 8 20 17 43 24 
3 47 0 37 42 32 5 8 37 48 20 17 16 28 48 50 2 37 22 
10 6 20 0 17 7 25 5 20 20 13 50 36 50 38 47 13 14 20 
46 15 6 22 0 43 24 39 6 3 45 36 31 22 25 22 48 8 38 
4 36 41 12 37 0 12 35 46 38 13 21 29 20 16 34 31 6 22 
16 39 13 47 29 1 0 23 10 35 40 41 25 15 2 31 9 9 28 
30 35 28 45 37 48 37 0 26 36 24 26 21 47 42 19 50 32 19 
25 7 8 40 40 28 28 46 0 5 13 49 19 49 11 7 6 1 22 
44 22 3 15 11 3 15 49 35 0 14 43 49 7 15 21 12 34 2 
20 40 46 1 17 42 44 24 27 17 0 25 16 14 42 42 47 7 10 
17 11 47 6 25 41 44 14 3 6 6 0 35 49 38 27 5 36 11 
27 44 5 11 22 37 27 49 24 19 1 2 0 8 10 8 11 45 24 
6 15 15 6 8 4 39 38 19 43 18 38 39 0 9 6 32 21 14 
6 7 39 11 30 27 17 25 14 1 49 46 27 39 0 43 3 50 21 
46 21 36 1 22 35 19 34 31 37 30 42 46 27 40 0 45 5 39 
36 45 36 39 39 34 41 39 39 23 16 29 45 37 10 35 0 36 50 
28 5 35 4 43 46 46 31 45 22 5 23 7 32 34 5 18 0 5 
36 8 33 3 11 34 46 46 19 2 42 44 32 12 41 40 18 1 0 
5 0 32 3 41 43 9 39 19 34 17 17 34 45 41 19 5 50 29 
18 26 0 45 1 9 47 28 44 39 1 40 44 33 18 15 34 50 36 
2 46 15 0 24 14 42 1 30 30 35 8 1 25 28 12 13 22 43 
7 4 24 7 0 14 50 21 39 30 40 35 50 20 12 41 34 3 5 
15 45 12 3 1 0 30 18 43 37 38 26 13 32 20 46 23 27 47 
13 46 32 16 4 26 0 13 11 46 31 16 46 11 42 25 8 49 28 
31 4 4 45 39 21 13 0 33 13 17 9 15 4 47 35 45 22 8 
23 49 42 37 41 40 34 38 0 28 41 28 35 38 25 22 19 43 24 
43 19 7 12 3 21 13 46 3 0 31 27 20 12 16 21 18 36 50 
36 44 14 15 11 2 44 22 5 29 0 30 34 43 36 5 12 3 3 
1 11 47 21 24 45 37 3 11 9 30 0 13 14 21 39 23 33 49 
11 28 8 5 18 31 16 34 17 19 39 42 0 15 50 13 18 17 25 
3 16 20 19 28 8 41 36 43 43 16 9 46 0 20 4 6 1 25 
46 46 44 16 5 41 29 18 15 20 44 30 50 46 0 4 15 20 17 
29 43 50 1 15 33 39 24 19 8 24 20 38 10 49 0 38 23 22 
32 38 11 30 40 10 44 22 43 13 43 20 6 32 50 37 0 28 9 
26 45 32 11 28 32 22 21 45 46 32 35 31 12 24 33 33 0 33 
7 49 3 40 8 43 40 27 31 50 3 43 20 2 32 41 13 28 0 
40 0 21 10 30 9 20 16 48 40 9 32 32 46 24 49 17 31 29 
7 36 0 38 39 21 1 1 23 19 3 26 30 3 41 49 46 43 12 
23 27 41 0 34 25 10 4 32 45 50 4 29 44 3 22 4 34 28 
40 1 50 10 0 29 37 1 13 23 10 6 41 33 1 31 37 45 4 
39 24 11 29 36 0 40 7 2 19 40 9 24 9 50 8 21 6 42 
13 14 49 5 33 12 0 37 44 26 4 17 4 49 7 9 19 15 11 
18 12 16 11 3 28 18 0 12 5 49 2 7 34 12 45 39 25 31 
5 35 41 49 42 43 14 3 0 35 16 42 2 15 40 35 47 4 45 
27 2 11 22 37 22 8 38 43 0 20 20 6 10 10 33 29 14 31 
20 19 20 24 48 1 43 3 20 3 0 35 12 22 37 8 50 13 24 
20 34 48 20 42 4 50 45 33 29 6 0 32 20 37 27 5 28 35 
25 4 4 11 29 35 2 6 4 31 48 34 0 48 10 48 10 9 30 
33 1 28 17 24 4 19 14 47 38 33 48 36 0 18 10 23 26 9 
20 10 6 14 18 36 50 19 47 50 32 47 35 11 0 28 47 22 28 
8 8 31 1 42 15 38 14 23 6 46 30 24 25 34 0 40 41 49 
24 20 33 42 17 5 7 19 33 1 4 23 20 39 47 32 0 16 18 
28 19 18 42 27 4 14 45 24 18 26 7 13 46 21 29 23 0 2 
46 16 42 26 45 23 32 38 11 50 36 8 34 43 10 16 12 22 0 
32 0 33 44 29 28 23 32 40 44 27 38 8 3 41 16 45 37 50 
27 3 0 25 45 10 40 44 15 9 16 34 34 48 48 35 49 48 41 
9 17 39 0 19 45 5 30 6 50 3 47 45 42 39 6 10 40 9 
48 37 24 4 0 35 14 15 16 6 11 30 41 24 5 44 26 36 20 
12 8 8 20 16 0 5 40 41 18 14 24 45 28 38 9 26 1 12 
17 5 33 25 5 30 0 50 20 27 10 30 43 2 17 4 36 49 32 
2 29 22 20 15 45 46 0 2 42 12 33 42 32 48 4 33 9 31 
38 37 4 28 20 47 28 30 0 11 26 12 8 42 43 39 27 24 23 
41 48 41 38 29 3 38 39 37 0 35 28 33 39 20 8 23 49 12 
28 24 9 26 42 36 34 21 40 35 0 20 41 4 6 24 31 42 11 
41 50 8 2 41 32 10 44 2 29 37 0 42 50 19 44 27 50 50 
15 15 7 5 5 9 13 4 19 47 32 23 0 9 9 28 47 32 49 
4 27 34 27 16 48 34 6 34 49 35 1 47 0 27 6 24 17 28 
5 36 46 50 39 37 14 13 13 29 20 29 15 4 0 38 46 23 24 
17 38 49 10 22 49 25 15 20 18 1 5 18 36 42 0 1 43 46 
4 5 39 48 14 4 35 5 37 5 35 32 14 2 4 33 0 8 29 
29 46 15 47 25 24 17 46 13 9 12 34 38 14 11 42 43 0 19 
36 19 25 46 25 17 13 21 31 39 5 49 1 36 28 14 23 48 0 
31 0 7 30 16 31 18 41 27 44 3 18 21 21 22 10 36 48 39 
4 33 0 22 49 35 5 43 29 42 14 8 27 6 24 41 14 11 36 
39 20 39 0 8 5 48 24 10 3 11 19 33 40 16 39 40 10 40 
27 33 22 26 0 23 2 27 27 20 18 47 44 30 7 11 24 47 28 
1 47 28 24 26 0 26 3 32 11 9 25 42 39 17 15 1 38 29 
15 14 48 37 31 28 0 28 6 13 9 31 12 23 16 19 12 39 13 
12 3 8 46 24 41 42 0 19 3 29 30 31 30 29 19 33 9 34 
30 14 17 1 47 20 13 44 0 2 49 37 9 23 27 28 3 39 36 
21 19 41 7 46 13 26 50 27 0 33 30 2 43 40 8 35 32 26 
47 12 6 38 34 30 40 43 32 44 0 6 3 3 27 41 34 12 40 
44 24 19 4 25 48 43 31 14 1 7 0 47 2 39 46 3 6 28 
30 33 36 11 17 3 31 33 44 25 30 3 0 12 10 28 18 42 8 
8 43 38 9 45 3 17 40 37 35 42 18 7 0 1 21 14 4 29 
5 34 7 16 24 43 4 19 1 12 39 47 20 35 0 47 39 46 14 
40 21 39 34 45 28 17 46 42 27 18 30 32 49 6 0 49 14 8 
1 42 20 46 6 27 2 5 1 40 16 7 21 18 6 8 0 24 34 
41 22 40 29 49 28 2 27 1 22 30 41 42 22 22 40 39 0 4 
45 45 16 12 32 40 28 27 31 35 7 50 25 25 25 23 8 42 0 
19 0 22 44 42 45 30 26 30 26 10 49 45 36 32 30 2 13 29 
19 30 0 40 1 2 22 48 17 21 1 48 5 16 19 14 30 21 17 
11 3 1 0 36 37 2 14 19 29 36 49 26 21 23 12 47 5 29 
2 19 21 22 0 45 28 10 25 33 22 44 31 31 6 11 14 41 10 
28 33 43 39 37 0 34 44 12 19 45 31 25 43 20 14 36 28 3 
47 40 9 24 27 12 0 20 43 25 48 6 44 15 7 32 3 19 23 
36 14 32 37 28 34 10 0 15 44 8 29 25 17 46 28 9 17 2 
2 5 6 32 20 45 9 46 0 7 25 31 24 44 41 1 42 50 15 
21 10 12 26 15 13 18 12 14 0 50 32 10 16 7 41 30 1 15 
17 5 45 38 29 33 27 35 35 21 0 15 38 25 25 47 14 38 8 
41 26 40 44 14 8 31 9 14 47 10 0 24 34 14 40 36 26 45 
20 34 32 29 49 31 28 48 48 27 26 8 0 13 2 19 33 40 26 
25 23 42 38 7 20 19 30 25 11 37 1 48 0 39 50 2 44 5 
26 13 27 10 16 16 10 5 33 7 34 8 5 1 0 25 15 11 3 
4 33 27 12 10 19 6 18 11 48 29 38 8 12 9 0 15 7 27 
49 16 8 26 28 3 37 13 46 18 6 37 27 34 28 48 0 48 11 
28 15 3 8 4 48 6 13 26 46 50 23 50 41 44 48 16 0 46 
46 29 5 24 26 48 24 39 13 25 21 45 11 11 14 48 38 43 0 
25 0 42 12 10 20 16 27 42 13 24 19 16 43 29 19 33 3 20 
6 4 0 40 5 35 16 36 31 42 31 35 39 9 2 4 1 23 25 
34 36 9 0 40 47 34 35 50 20 48 33 43 27 29 8 45 42 34 
4 21 7 46 0 24 40 25 47 7 25 15 17 13 42 6 45 49 17 
11 17 8 6 20 0 36 47 39 49 50 5 7 31 15 11 20 47 3 
18 39 13 20 16 1 0 27 11 35 4 36 41 37 33 30 42 35 26 
27 49 1 22 50 36 41 0 25 42 1 44 1 7 43 45 4 27 11 
5 42 1 7 29 9 1 43 0 4 9 13 23 27 40 31 36 44 49 
2 47 39 27 29 41 10 27 18 0 35 48 43 46 34 6 20 38 43 
25 20 20 43 22 7 33 32 12 20 0 25 4 21 22 49 47 2 31 
22 28 13 11 48 3 42 16 46 11 14 0 30 17 7 3 38 11 24 
30 10 25 32 45 48 29 40 2 14 15 26 0 44 49 32 26 48 10 
31 15 23 17 2 6 12 23 19 33 4 18 2 0 34 11 26 18 42 
6 41 34 16 32 8 2 28 2 20 17 15 48 41 0 10 43 7 47 
2 13 9 20 21 23 29 47 37 35 13 31 16 19 32 0 41 21 8 
27 16 34 15 16 24 5 42 6 5 35 13 9 10 28 14 0 24 5 
33 37 20 11 37 35 22 17 16 21 5 48 33 8 21 2 17 0 41 
14 37 48 35 15 30 17 24 12 24 27 4 4 2 46 28 8 34 0 
38 0 16 30 49 44 49 9 34 37 9 23 28 42 7 43 37 1 38 
7 49 0 22 41 45 13 23 48 41 13 18 3 3 5 1 38 14 1 
12 16 44 0 49 27 32 43 9 2 35 33 20 11 17 2 9 22 10 
13 48 21 17 0 26 46 9 47 17 34 7 18 28 5 44 42 26 36 
44 8 22 40 48 0 37 12 39 16 21 3 1 2 44 34 41 25 17 
31 46 40 48 40 30 0 16 9 2 35 8 28 27 19 42 16 15 14 
38 23 50 35 6 38 31 0 39 45 16 33 13 35 37 30 28 12 31 
46 46 18 43 25 39 35 27 0 31 38 44 34 9 36 30 20 4 3 
17 46 40 2 18 2 36 50 27 0 40 50 22 49 50 7 12 20 19 
46 46 48 12 50 29 7 43 45 11 0 8 47 34 15 33 28 11 17 
41 44 29 17 7 26 12 46 28 10 40 0 45 28 48 16 11 24 9 
5 5 47 12 46 26 7 26 42 31 6 35 0 39 21 39 41 22 27 
41 30 39 23 50 4 1 48 3 50 34 11 31 0 23 42 24 23 7 
20 29 49 4 10 32 34 31 41 43 21 19 7 37 0 27 40 21 45 
20 33 6 43 11 48 23 8 42 32 1 33 44 16 49 0 33 21 43 
28 38 20 8 40 19 14 9 28 35 44 47 35 41 3 47 0 4 41 
1 28 19 2 32 3 40 2 31 8 50 6 21 24 17 35 13 0 33 
25 13 43 37 29 3 21 38 14 46 48 11 31 47 12 9 32 43 0 
24 0 27 7 18 18 39 39 7 9 22 15 21 30 1 28 20 23 42 
48 14 0 49 16 31 44 40 45 4 20 28 3 45 12 42 24 11 37 
27 8 46 0 5 49 23 44 49 24 43 16 48 33 11 25 20 11 18 
44 9 46 13 0 29 24 35 19 30 6 28 3 29 6 40 41 44 15 
47 44 16 27 22 0 33 20 47 29 6 37 17 29 25 2 24 30 2 
42 15 29 22 21 30 0 43 38 21 21 15 10 8 42 18 10 24 18 
3 18 37 13 43 32 45 0 29 32 13 28 4 2 5 27 38 50 29 
37 25 23 36 35 35 13 50 0 32 19 49 45 50 19 1 34 22 13 
16 30 22 47 28 42 48 30 11 0 17 20 10 34 20 43 39 24 50 
45 17 33 3 1 44 1 26 31 37 0 14 10 3 18 34 14 23 21 
8 40 48 31 38 5 25 46 30 23 36 0 29 3 12 45 2 40 5 
30 14 29 29 47 2 12 12 17 1 15 3 0 27 20 48 23 31 35 
2 14 30 29 29 6 15 29 41 2 35 2 15 0 2 29 30 34 9 
42 30 43 47 20 27 39 24 32 28 46 16 31 31 0 31 11 1 26 
26 2 36 24 14 19 11 10 27 15 37 13 25 48 36 0 39 31 2 
42 6 45 3 41 5 25 38 33 25 22 5 22 4 2 3 0 4 33 
24 18 16 24 36 10 1 24 37 19 3 49 30 42 50 29 19 0 46 
32 24 12 31 50 27 37 36 39 23 44 33 12 22 44 4 16 14 0 
