31
16
8 0 34 5 45 9 11 27 29 31 21 20 2 50 26 42 21 
19 17 0 42 10 35 42 7 49 15 49 30 21 31 2 50 29 
21 2 16 0 13 39 24 50 2 41 15 48 24 41 48 4 43 
13 1 16 23 0 10 35 48 16 27 7 30 11 32 6 48 29 
22 41 32 49 10 0 30 32 45 18 40 20 21 45 34 8 18 
46 37 9 31 37 27 0 20 36 4 1 36 33 45 39 20 35 
17 19 3 1 16 5 33 0 33 19 21 6 20 16 28 21 44 
49 13 16 45 48 18 43 45 0 21 47 45 10 45 50 1 29 
21 35 4 26 31 8 2 41 5 0 26 12 16 22 1 21 27 
30 42 34 32 24 26 38 50 26 9 0 31 20 10 24 39 19 
21 27 50 31 24 46 13 42 12 25 41 0 23 7 28 23 20 
26 19 30 4 17 19 6 45 48 5 50 23 0 27 32 31 31 
38 43 46 45 2 40 3 35 29 42 21 49 35 0 15 43 49 
36 11 44 41 44 35 3 2 22 5 34 19 46 41 0 15 30 
45 10 36 14 33 28 18 37 16 46 25 26 49 7 10 0 33 
12 1 38 17 38 40 37 3 41 44 24 48 7 35 39 39 0 
27 0 42 5 26 30 30 17 8 43 8 26 49 10 27 4 15 
45 1 0 7 45 4 49 42 5 23 34 23 39 4 21 30 32 
8 37 49 0 8 3 35 4 32 35 30 24 30 15 39 43 15 
41 10 3 6 0 28 44 36 28 50 1 3 47 8 28 4 22 
28 44 42 24 28 0 46 12 10 48 25 11 24 25 12 40 35 
41 9 49 45 18 25 0 5 14 2 21 8 2 33 8 25 7 
26 2 3 21 48 20 37 0 45 48 44 8 3 34 12 4 38 
11 18 6 50 30 10 5 4 0 40 28 22 8 39 11 28 41 
1 5 48 23 10 19 38 22 22 0 5 47 25 17 2 30 41 
18 21 42 15 2 25 27 17 48 49 0 31 20 48 30 7 38 
16 18 2 30 14 31 29 43 31 34 28 0 26 13 30 37 39 
49 32 40 18 20 13 39 26 28 32 25 11 0 38 18 24 43 
49 10 9 49 50 1 27 37 42 49 35 18 48 0 2 4 18 
12 43 22 17 40 39 19 4 29 27 2 33 6 18 0 5 14 
11 35 28 4 22 38 39 48 5 3 26 21 29 22 29 0 26 
28 8 49 46 47 8 4 10 41 6 21 24 49 44 32 25 0 
45 0 21 8 13 25 1 47 25 5 24 12 37 13 49 25 8 
48 27 0 6 49 19 10 17 3 32 18 13 16 18 15 50 12 
22 2 26 0 8 14 16 2 27 11 25 41 23 46 17 48 43 
32 13 26 23 0 38 33 6 36 5 5 32 7 39 32 7 40 
25 1 16 11 23 0 17 45 33 25 30 39 45 19 44 7 15 
21 20 35 6 40 27 0 24 39 46 40 4 9 35 45 38 30 
18 1 49 46 1 37 20 0 15 19 44 48 9 45 12 18 11 
48 17 37 19 47 2 1 48 0 27 28 15 34 14 36 49 30 
42 9 27 18 46 12 14 35 1 0 21 37 46 30 15 44 35 
23 44 11 18 9 20 33 17 1 2 0 20 24 22 37 2 33 
46 18 18 36 36 50 15 37 4 3 19 0 27 15 5 19 13 
34 31 11 20 25 31 22 23 27 10 18 45 0 43 40 13 14 
19 5 1 12 48 8 50 24 29 25 14 7 1 0 6 2 46 
33 8 41 41 26 32 8 15 47 46 10 26 33 21 0 45 14 
40 5 8 11 5 8 15 26 32 38 42 1 18 16 22 0 21 
8 22 12 35 50 22 38 38 47 36 16 2 49 24 42 8 0 
30 0 1 17 46 49 42 42 26 43 15 10 39 41 8 48 31 
24 39 0 18 12 10 10 14 18 18 21 15 19 42 14 27 9 
47 34 22 0 17 50 27 23 17 30 36 43 35 13 50 48 40 
39 35 28 11 0 6 30 49 20 37 49 29 29 28 23 34 29 
38 1 43 7 36 0 31 32 48 16 2 32 24 17 30 6 19 
23 25 30 8 36 17 0 3 17 35 2 31 2 48 45 39 8 
3 15 47 12 7 42 4 0 9 4 30 45 5 49 26 3 8 
44 11 6 3 44 27 43 22 0 49 27 22 34 50 31 1 22 
13 24 21 3 33 44 12 32 22 0 22 5 6 23 49 18 10 
49 24 9 38 39 37 15 27 22 26 0 14 30 20 20 9 23 
30 23 42 25 5 1 25 50 49 25 32 0 22 22 37 49 50 
10 13 35 27 23 13 33 27 10 45 32 7 0 31 32 12 2 
13 32 27 50 7 43 5 49 49 9 39 15 6 0 43 5 35 
27 14 21 7 35 33 1 17 41 16 16 11 19 18 0 20 17 
13 30 10 41 11 49 44 17 9 37 28 14 25 18 21 0 18 
41 48 31 17 12 6 17 30 31 11 10 42 28 45 30 32 0 
40 0 22 3 27 33 15 24 29 21 4 49 49 5 38 43 24 
45 48 0 21 22 38 3 6 8 13 30 10 1 40 3 40 15 
7 47 25 0 3 16 45 36 26 24 3 47 8 7 19 25 44 
18 36 47 31 0 25 9 44 38 16 46 14 3 6 24 39 19 
15 35 43 9 13 0 40 8 1 13 45 49 36 6 49 1 45 
5 16 33 4 6 10 0 40 48 4 38 37 21 32 33 21 1 
14 29 44 23 26 17 31 0 29 29 46 19 30 11 8 32 18 
45 20 49 40 41 35 13 5 0 45 45 5 26 3 38 20 30 
24 49 22 28 6 29 19 39 35 0 5 26 10 42 11 38 46 
6 20 26 12 35 32 10 30 17 39 0 28 31 12 6 26 41 
27 39 6 12 36 4 13 17 1 11 5 0 37 9 3 13 35 
8 10 20 34 13 8 46 43 39 43 12 17 0 1 39 27 30 
29 36 34 4 5 26 10 3 8 9 12 25 27 0 24 22 14 
27 44 24 3 36 42 29 20 44 14 24 44 43 46 0 17 13 
34 26 8 24 20 10 30 32 50 18 27 4 47 21 16 0 16 
21 48 41 8 15 24 45 38 8 14 10 42 3 16 10 12 0 
43 0 49 41 2 16 49 45 17 14 43 3 18 16 25 24 23 
48 8 0 24 45 6 9 49 10 31 21 16 6 50 39 29 35 
9 15 11 0 48 31 15 1 23 4 25 44 22 22 27 22 33 
41 38 44 46 0 43 15 7 34 1 31 21 46 33 40 17 26 
15 19 10 2 14 0 26 43 34 8 2 42 32 16 27 39 5 
50 34 15 13 45 33 0 43 44 9 28 48 50 44 5 40 15 
8 18 8 4 18 20 19 0 16 46 11 39 42 24 26 19 25 
43 17 47 49 25 5 31 32 0 27 17 44 37 29 43 40 3 
12 28 24 48 19 35 37 30 15 0 49 17 34 45 1 21 34 
9 24 7 28 9 41 40 4 37 27 0 28 2 27 33 38 3 
22 37 30 46 2 21 6 9 30 17 35 0 27 38 48 38 26 
46 11 28 5 37 13 44 21 39 21 12 43 0 8 36 3 33 
12 15 13 8 22 25 32 39 18 49 48 43 7 0 13 16 40 
40 2 6 17 5 33 17 10 44 10 8 31 9 14 0 1 44 
14 2 16 24 35 30 5 22 29 39 38 38 15 2 14 0 26 
5 22 3 6 31 37 29 29 48 4 15 12 18 1 30 5 0 
48 0 4 29 5 48 43 5 11 48 34 39 16 46 29 45 42 
46 32 0 27 38 11 45 14 28 24 37 26 32 15 43 5 28 
9 33 40 0 11 23 10 29 12 17 43 8 47 49 14 34 20 
9 23 17 36 0 25 43 44 4 41 2 32 12 18 24 47 6 
30 11 7 13 39 0 34 20 37 4 15 21 18 38 17 30 11 
4 6 24 42 27 19 0 3 17 40 37 20 22 28 18 45 44 
47 3 18 38 7 22 31 0 25 4 30 33 10 22 26 16 25 
22 21 8 12 1 6 29 12 0 9 40 24 2 14 48 9 36 
21 27 22 35 49 42 4 32 26 0 49 38 48 36 43 45 14 
22 46 50 7 10 33 44 42 25 6 0 30 17 48 30 12 6 
22 47 40 46 5 32 26 31 18 27 37 0 2 18 32 26 16 
46 11 31 19 49 2 27 38 34 31 11 44 0 13 37 35 46 
37 32 26 39 4 50 10 40 20 20 40 34 46 0 42 24 43 
31 15 22 38 49 43 8 20 20 2 12 24 21 33 0 19 31 
43 41 16 36 6 37 12 47 2 41 49 30 13 44 43 0 42 
7 18 13 48 16 47 48 44 25 7 20 3 38 36 19 37 0 
1 0 10 42 6 27 38 38 44 3 26 37 8 45 29 8 27 
10 21 0 18 3 20 21 15 46 44 22 12 49 18 10 9 16 
22 13 29 0 3 3 37 16 19 31 20 46 41 10 41 50 46 
50 43 43 18 0 19 17 18 31 45 46 12 6 27 39 26 43 
17 21 36 32 50 0 5 24 23 5 49 23 1 26 24 37 4 
22 16 50 26 17 41 0 48 6 46 49 9 8 25 10 43 43 
45 3 25 39 5 18 47 0 45 19 21 13 21 45 17 6 21 
10 9 34 11 39 1 27 26 0 24 30 37 2 47 17 48 46 
6 30 6 23 50 48 49 4 20 0 5 7 47 29 28 12 29 
43 38 49 17 26 32 5 44 27 49 0 16 25 31 45 49 3 
23 18 15 15 12 33 21 12 10 31 42 0 34 45 30 48 46 
18 9 10 10 19 32 20 25 26 13 47 2 0 33 24 23 26 
7 5 24 11 14 47 18 11 17 37 7 46 41 0 21 50 47 
1 20 7 22 35 39 34 42 48 41 40 49 36 20 0 30 36 
8 16 27 40 7 38 33 22 42 49 44 33 25 25 34 0 5 
13 1 2 13 18 1 41 19 21 32 13 23 8 19 25 48 0 
8 0 21 38 25 44 10 41 14 38 36 31 37 46 2 17 24 
7 35 0 37 36 19 17 19 7 26 9 19 25 25 10 14 24 
24 47 25 0 5 37 10 12 3 10 38 26 32 21 5 23 20 
16 39 17 23 0 32 40 29 41 2 32 49 36 41 17 39 28 
23 7 13 50 27 0 13 38 47 24 34 26 31 41 38 37 22 
36 50 9 36 43 41 0 43 34 18 34 3 6 11 26 12 44 
50 49 10 15 42 24 44 0 3 2 20 50 48 15 49 1 15 
45 28 50 42 8 4 35 32 0 15 30 33 43 10 33 36 48 
22 32 32 43 29 22 31 13 7 0 7 35 24 42 45 20 19 
34 39 11 34 26 21 37 46 14 28 0 1 12 41 1 43 19 
34 2 26 33 18 8 36 24 47 38 36 0 2 19 12 40 20 
10 14 9 22 23 3 23 2 46 36 29 1 0 22 19 22 6 
14 17 40 41 19 38 2 27 3 37 37 39 35 0 36 28 3 
39 31 3 27 43 22 46 32 30 25 37 33 29 36 0 3 29 
16 31 38 3 23 49 2 23 13 33 19 36 16 34 17 0 11 
8 27 13 41 16 45 14 43 21 8 12 45 1 20 48 18 0 
35 0 9 23 5 48 25 31 40 30 31 15 11 3 11 16 46 
8 27 0 25 2 24 12 13 22 18 46 33 15 38 8 22 44 
35 2 1 0 8 11 13 13 33 47 23 12 36 31 3 40 11 
43 17 37 25 0 46 47 45 24 46 2 38 3 43 17 3 23 
10 21 26 2 10 0 9 35 46 14 42 6 1 1 28 41 15 
7 22 23 21 21 48 0 49 39 7 28 12 10 25 11 41 31 
20 39 27 10 28 38 1 0 34 32 42 11 4 41 44 23 19 
11 24 46 22 44 32 3 12 0 23 38 46 32 47 26 21 3 
2 26 31 12 1 32 37 19 22 0 39 40 29 37 45 48 13 
5 44 49 2 15 19 37 38 37 15 0 38 40 43 20 37 7 
21 8 3 16 13 12 18 30 37 28 50 0 6 43 24 26 28 
40 33 27 4 27 20 39 33 39 43 25 37 0 45 48 27 2 
2 34 8 29 42 33 1 44 26 20 15 38 20 0 32 46 14 
39 10 50 11 43 33 30 2 20 21 28 20 38 32 0 36 40 
1 49 4 9 17 47 37 8 33 34 29 7 5 1 14 0 8 
48 12 48 35 48 17 10 19 4 7 9 21 6 31 7 45 0 
35 0 26 37 21 28 37 48 42 24 43 28 10 5 24 47 19 
8 20 0 23 26 34 1 42 35 39 35 6 10 39 16 3 3 
28 35 23 0 30 15 43 30 11 15 6 12 6 39 1 15 31 
10 41 13 36 0 8 31 11 34 34 3 33 44 32 38 4 8 
40 26 32 20 1 0 18 5 16 41 13 12 28 40 37 46 39 
21 26 1 48 3 18 0 45 48 25 39 46 12 11 37 29 28 
2 4 16 13 19 45 30 0 43 36 48 45 46 19 33 45 47 
7 44 24 7 37 6 6 23 0 32 35 46 13 22 44 6 5 
34 35 27 37 22 33 20 26 46 0 9 13 6 23 50 29 42 
45 50 6 17 13 23 41 46 49 43 0 32 35 49 17 21 43 
42 41 12 35 7 9 25 24 24 48 11 0 29 44 50 1 32 
7 5 19 23 38 40 42 12 45 31 38 29 0 2 36 27 30 
38 21 14 32 38 45 36 36 25 33 43 16 12 0 12 3 49 
43 1 28 45 49 49 5 3 49 1 40 26 21 47 0 23 39 
21 32 41 23 36 19 45 13 19 33 49 6 47 27 50 0 33 
28 40 36 2 9 33 31 40 17 12 34 38 5 10 16 28 0 
10 0 5 45 31 22 30 13 25 6 16 26 16 50 50 6 23 
1 8 0 48 32 11 22 31 39 1 1 7 25 35 8 9 9 
18 21 46 0 43 32 20 11 49 27 11 46 43 7 16 41 17 
7 11 37 47 0 12 35 18 39 25 7 30 22 24 39 40 49 
8 18 49 30 4 0 13 41 32 48 50 5 50 26 38 32 36 
11 40 18 25 21 12 0 48 33 3 7 19 26 41 40 25 39 
22 47 36 40 17 11 14 0 44 20 5 50 12 31 18 13 37 
25 44 11 34 21 16 28 46 0 20 16 27 48 45 16 42 8 
25 17 29 30 3 43 19 1 27 0 24 5 17 13 36 3 35 
44 32 1 47 30 42 18 6 19 40 0 20 2 34 17 50 4 
14 43 38 14 40 34 35 33 25 11 8 0 48 12 12 34 35 
13 43 4 13 16 45 29 34 49 24 11 13 0 24 18 17 11 
24 1 3 21 49 39 46 11 48 19 22 19 35 0 21 44 8 
6 35 39 42 13 38 39 19 14 4 16 17 23 22 0 9 8 
44 47 24 12 9 14 37 24 47 44 15 48 23 10 49 0 29 
30 4 8 39 30 26 48 37 13 35 7 45 24 30 38 27 0 
10 0 15 26 38 48 33 49 43 49 15 45 20 24 41 47 5 
6 37 0 37 19 15 21 29 18 50 37 49 25 8 43 1 18 
6 39 38 0 8 35 12 32 48 6 15 41 15 32 28 14 22 
39 3 40 37 0 43 20 12 40 37 8 38 11 34 24 36 6 
15 27 15 35 4 0 39 20 44 6 40 14 50 30 14 37 23 
24 28 37 6 4 14 0 25 37 27 49 21 28 24 22 14 32 
30 35 50 5 13 29 19 0 50 33 46 32 4 7 13 10 24 
21 16 37 6 38 30 3 2 0 3 29 9 5 18 43 21 35 
26 32 20 45 15 33 10 46 10 0 37 23 8 32 21 31 15 
40 48 7 9 35 9 45 50 33 49 0 3 35 20 14 33 40 
25 48 29 25 43 15 10 39 6 42 46 0 1 8 46 20 32 
49 45 16 20 36 13 50 18 38 20 13 16 0 30 26 26 47 
5 33 33 35 43 6 22 25 39 19 3 44 13 0 44 43 38 
29 21 36 26 49 13 5 13 48 12 37 23 2 44 0 9 31 
16 50 47 25 13 36 40 43 23 41 32 18 10 7 5 0 45 
28 26 38 9 40 50 48 42 29 20 37 31 19 49 23 46 0 
11 0 23 28 13 47 19 25 43 32 44 3 8 32 38 3 42 
7 43 0 46 26 6 50 41 17 2 5 46 43 50 9 24 25 
18 36 7 0 38 30 42 49 9 2 45 28 47 48 41 11 42 
18 46 24 27 0 4 47 40 11 32 12 12 42 24 33 44 23 
20 29 41 46 31 0 16 13 15 45 38 25 12 23 45 20 12 
44 5 26 4 36 48 0 22 21 47 47 6 18 31 7 36 20 
1 5 27 19 50 16 11 0 2 34 9 33 16 23 28 39 38 
43 50 48 19 7 40 38 23 0 8 20 49 34 11 45 35 38 
2 6 11 18 18 1 12 29 44 0 24 21 27 15 6 49 19 
9 18 26 31 9 17 13 11 18 5 0 12 31 17 27 42 39 
25 45 14 17 17 21 21 42 39 20 26 0 34 19 12 8 2 
21 30 26 43 19 4 30 36 43 1 1 13 0 40 32 12 17 
32 32 3 21 42 32 2 38 48 35 43 39 42 0 30 42 6 
48 10 10 37 2 50 21 21 16 29 24 17 21 8 0 3 8 
9 9 2 38 9 38 11 40 28 39 45 35 12 41 44 0 14 
9 45 16 31 22 25 16 33 12 32 6 13 9 36 18 40 0 
32 0 35 31 34 29 5 47 10 49 21 9 14 5 36 9 25 
36 11 0 9 26 42 23 36 34 43 19 26 28 33 48 32 43 
21 6 3 0 27 11 11 35 4 48 7 32 1 16 3 29 26 
23 31 28 48 0 27 43 48 10 49 47 41 11 30 20 28 2 
40 17 43 50 34 0 33 15 26 26 5 28 36 41 35 19 41 
41 50 5 2 20 34 0 16 29 8 43 28 14 20 25 25 28 
29 30 12 50 10 29 43 0 41 17 3 23 23 15 12 20 15 
29 1 20 30 16 26 32 7 0 1 15 42 42 5 2 6 1 
31 1 8 12 24 19 31 12 8 0 14 36 18 12 44 15 46 
24 14 35 20 6 45 13 4 48 6 0 49 46 38 2 36 15 
47 22 42 15 5 8 41 11 20 9 23 0 2 40 15 46 7 
1 46 18 42 18 37 46 37 38 4 14 19 0 20 36 25 7 
29 21 21 40 3 50 42 16 24 24 1 47 23 0 12 14 34 
11 42 45 42 34 45 48 11 27 5 27 1 45 23 0 41 34 
34 16 24 19 44 6 5 1 5 3 18 44 36 49 15 0 27 
41 30 9 28 42 34 24 34 24 11 14 48 24 41 21 1 0 
34 0 17 13 7 39 45 41 5 38 45 37 31 27 4 25 28 
41 1 0 11 16 15 13 43 1 43 40 46 34 43 8 28 15 
32 18 11 0 19 36 8 39 47 39 4 41 48 47 43 7 20 
36 36 7 23 0 31 6 37 21 25 13 15 49 50 8 12 31 
17 22 49 10 44 0 6 43 33 13 15 27 11 23 46 4 50 
34 26 48 8 1 5 0 35 27 31 40 45 24 44 40 48 32 
43 11 31 26 45 47 27 0 30 44 25 11 17 29 27 49 29 
9 15 15 24 10 5 30 12 0 37 22 30 5 12 19 40 23 
17 45 19 12 15 29 6 37 50 0 19 14 27 45 19 48 5 
41 16 15 29 26 24 23 38 31 19 0 39 23 18 23 18 25 
35 38 50 35 8 37 15 31 10 29 25 0 41 41 4 18 19 
25 25 14 46 5 12 48 44 23 31 32 47 0 40 33 20 27 
1 40 42 7 20 14 47 4 2 35 19 47 50 0 32 48 28 
2 20 49 43 10 23 21 24 41 7 12 27 6 19 0 41 27 
9 48 40 1 12 11 50 11 29 10 45 20 43 1 44 0 41 
34 4 45 20 35 28 18 29 19 19 17 14 3 20 49 34 0 
45 0 42 39 2 42 47 16 42 21 38 15 1 28 1 31 40 
13 21 0 44 2 24 21 42 32 30 11 32 43 44 36 9 9 
12 11 26 0 2 13 43 50 37 39 3 50 48 14 18 2 19 
39 27 2 32 0 27 47 10 25 50 7 22 31 15 23 48 36 
30 7 40 17 26 0 30 28 20 22 7 14 22 22 45 19 13 
10 14 5 18 35 27 0 32 15 2 2 2 6 21 19 23 17 
6 14 18 8 29 35 43 0 10 49 32 11 20 33 39 3 6 
39 10 22 1 19 31 1 4 0 25 25 16 25 28 23 50 4 
35 48 16 8 28 12 35 26 22 0 45 19 4 17 13 33 13 
49 47 17 11 47 22 48 25 14 15 0 33 5 19 18 32 27 
32 7 35 36 23 46 28 28 26 46 30 0 25 12 48 37 12 
43 4 27 32 6 39 7 14 50 42 45 13 0 29 31 7 5 
13 42 22 10 28 47 40 3 19 39 36 2 43 0 24 14 16 
28 21 13 16 42 1 21 43 50 21 36 32 2 15 0 50 46 
40 25 12 20 26 28 35 46 14 24 14 17 4 6 22 0 27 
28 29 36 8 19 41 13 12 21 29 10 7 11 9 2 4 0 
40 0 40 12 18 12 44 40 1 37 17 3 18 38 4 39 45 
50 10 0 4 24 30 42 28 49 13 50 50 48 18 28 35 6 
22 10 28 0 14 44 5 15 35 39 36 21 2 39 46 25 17 
40 16 8 2 0 5 29 24 48 13 14 6 13 45 43 34 9 
33 48 46 28 27 0 26 1 45 46 20 35 45 21 26 10 17 
26 33 8 2 21 34 0 2 44 36 30 2 31 50 3 41 46 
3 13 20 42 50 48 41 0 15 16 13 6 35 45 30 27 37 
4 39 38 12 36 32 39 49 0 47 3 42 47 24 20 46 44 
29 39 43 9 7 19 18 28 42 0 43 37 9 28 17 50 7 
4 15 28 12 15 29 11 21 24 21 0 46 47 6 44 41 46 
17 13 7 6 37 18 30 35 21 10 20 0 43 46 30 21 30 
4 35 44 10 43 35 29 1 28 22 35 37 0 24 22 23 49 
2 41 42 16 11 44 20 36 35 43 41 6 9 0 18 26 45 
50 16 44 21 1 32 4 32 34 6 28 16 34 44 0 12 50 
37 22 42 5 39 6 20 10 16 9 25 1 45 23 42 0 11 
47 41 37 8 28 2 49 20 38 10 33 5 17 5 2 42 0 
31 0 41 19 38 27 22 6 45 46 34 6 42 8 4 38 11 
15 18 0 20 43 7 4 22 35 24 22 17 29 24 16 44 11 
7 34 20 0 4 4 5 34 25 35 43 13 44 47 7 13 35 
23 22 41 49 0 36 10 35 27 19 34 14 6 5 28 22 31 
41 45 36 24 34 0 35 8 10 35 45 8 15 42 28 39 17 
9 33 7 2 26 46 0 26 47 50 43 35 20 41 29 20 8 
21 32 4 3 21 40 1 0 38 15 31 15 41 2 21 35 42 
46 48 47 23 22 20 6 46 0 19 39 25 41 50 38 20 6 
25 1 44 10 25 36 46 20 32 0 19 38 45 31 35 46 29 
9 44 25 44 33 48 37 2 27 9 0 34 33 15 11 39 27 
12 9 17 2 27 25 17 10 2 28 42 0 3 32 11 15 35 
44 46 33 7 14 26 24 28 15 42 34 17 0 3 14 5 22 
31 12 33 23 19 44 2 34 27 15 43 5 7 0 34 20 16 
44 50 39 20 28 32 14 36 36 40 38 36 42 1 0 8 38 
23 21 23 21 28 43 17 50 44 50 30 49 34 19 22 0 32 
22 18 23 4 25 36 44 49 48 48 38 29 7 17 42 27 0 
7 0 5 33 36 11 50 38 2 33 40 26 28 3 15 3 17 
19 7 0 14 25 28 5 13 38 27 25 24 31 6 38 44 28 
9 4 43 0 30 37 36 21 23 30 22 21 36 11 17 47 33 
46 21 11 1 0 4 17 49 3 42 46 10 37 26 8 46 46 
46 49 20 50 23 0 23 30 33 36 41 45 7 35 28 27 10 
28 42 36 35 27 43 0 24 42 5 41 38 42 26 35 47 23 
26 26 40 13 48 48 10 0 23 41 28 16 14 22 43 18 15 
19 50 9 35 22 12 19 4 0 25 28 45 33 36 39 8 1 
44 23 31 9 38 15 13 30 32 0 14 44 50 28 11 20 12 
23 24 24 26 26 12 1 15 7 37 0 38 20 3 28 38 3 
21 15 20 50 13 9 27 4 38 30 4 0 9 19 19 26 15 
9 34 11 12 16 33 26 33 22 17 3 2 0 28 44 28 5 
27 42 30 14 42 21 50 14 47 21 39 47 9 0 43 47 38 
11 24 12 20 18 26 38 38 39 38 28 46 7 26 0 26 44 
3 50 33 28 40 13 24 38 35 47 15 46 45 30 24 0 30 
21 15 41 5 33 9 38 1 4 42 25 5 43 4 7 22 0 
45 0 45 45 9 11 19 49 49 1 24 35 21 12 42 44 10 
14 49 0 26 43 36 22 12 44 13 32 24 49 38 20 46 32 
41 44 2 0 50 36 16 19 2 16 42 4 9 24 17 40 12 
48 16 41 44 0 28 14 36 23 33 1 47 29 46 50 12 32 
28 3 31 18 41 0 45 25 49 30 25 28 45 19 4 21 46 
43 12 2 23 29 2 0 4 27 8 29 17 35 19 41 6 17 
31 23 31 21 37 22 21 0 4 42 43 14 4 37 42 5 30 
31 1 36 35 49 40 3 26 0 49 4 10 13 28 40 30 40 
19 11 14 46 23 50 9 22 41 0 48 31 36 39 1 41 17 
25 38 5 18 5 22 18 42 20 5 0 22 34 12 9 26 2 
13 24 35 26 28 9 8 32 42 15 44 0 1 9 18 38 49 
14 44 38 40 36 12 36 48 44 23 26 18 0 28 26 10 32 
23 30 23 15 16 15 39 17 31 24 27 40 28 0 18 34 3 
18 24 21 18 22 36 17 2 39 38 33 5 33 40 0 4 17 
6 13 29 29 45 24 34 49 6 22 10 13 36 46 20 0 26 
40 24 1 4 6 42 10 37 14 22 26 28 32 34 34 41 0 
20 0 10 35 15 39 5 9 44 41 22 13 1 27 5 16 43 
18 7 0 16 10 39 50 12 14 3 42 16 23 48 6 17 22 
39 19 43 0 26 12 6 37 36 16 7 14 34 29 10 11 10 
7 33 10 26 0 19 25 3 20 49 21 13 48 40 36 46 35 
6 42 13 8 12 0 40 32 13 21 30 44 32 37 28 35 43 
32 6 17 15 46 42 0 3 14 17 24 28 41 43 40 46 30 
12 29 29 38 48 3 48 0 17 2 48 5 39 31 21 34 21 
37 20 16 34 20 31 40 14 0 39 49 41 39 13 41 21 31 
35 15 21 8 50 48 46 29 9 0 1 14 49 37 15 34 47 
41 7 5 24 25 13 11 31 40 15 0 50 50 13 10 5 12 
28 25 5 17 50 26 22 39 25 37 26 0 20 18 41 28 25 
15 45 48 6 36 47 7 22 4 41 19 36 0 48 46 17 49 
46 2 22 12 10 18 48 15 36 16 50 38 38 0 42 13 49 
38 26 35 19 12 49 27 31 19 34 13 10 7 37 0 42 29 
21 27 24 17 20 16 15 48 47 34 21 20 48 19 34 0 13 
28 21 48 23 12 49 38 48 26 42 44 27 5 38 9 50 0 
25 0 21 18 12 19 47 29 23 12 38 22 29 29 7 33 50 
50 1 0 32 37 39 19 18 22 40 26 41 29 22 38 43 10 
25 22 45 0 27 2 23 44 31 42 26 12 24 28 9 20 20 
9 45 28 5 0 7 22 11 7 4 46 22 43 6 1 1 24 
46 13 4 7 12 0 6 49 27 7 1 45 13 7 44 45 31 
7 22 21 28 10 38 0 3 4 11 39 23 6 1 2 26 42 
25 39 29 16 5 13 8 0 3 46 2 48 6 27 49 50 11 
2 42 36 35 30 24 14 8 0 10 1 47 24 34 43 26 6 
26 4 38 19 16 30 26 45 14 0 18 32 9 41 48 27 13 
39 13 5 10 16 41 12 2 25 21 0 6 5 16 35 20 4 
26 42 30 24 11 32 46 23 16 42 21 0 13 42 5 17 13 
25 35 36 21 38 17 41 36 42 36 45 45 0 24 22 29 30 
49 28 34 49 18 3 2 8 18 33 44 24 20 0 50 11 20 
5 44 30 31 49 49 17 10 2 45 32 25 38 2 0 49 45 
13 41 14 14 22 18 45 22 34 29 4 6 23 17 16 0 43 
26 25 41 30 42 48 31 50 12 24 48 24 22 27 20 16 0 
34 0 50 11 30 37 47 49 37 50 9 48 21 46 11 38 35 
30 40 0 50 13 12 20 3 15 10 14 2 48 21 22 1 7 
9 38 22 0 23 6 37 7 29 27 4 30 34 1 10 5 1 
37 14 44 32 0 28 8 5 15 48 46 20 23 45 1 16 29 
8 42 13 8 40 0 16 29 44 34 21 37 8 40 20 15 50 
9 1 11 8 28 19 0 29 2 33 8 26 10 17 34 34 26 
38 2 26 9 48 48 12 0 22 35 1 49 8 21 48 25 28 
32 20 14 44 40 9 1 40 0 13 12 25 33 40 19 27 50 
37 12 20 38 44 6 3 12 40 0 40 23 27 21 22 31 35 
33 48 29 48 20 40 36 30 1 37 0 47 36 23 30 32 16 
25 49 21 10 29 37 34 26 17 3 5 0 1 37 25 20 42 
32 41 50 43 40 29 30 47 26 41 38 8 0 10 17 40 11 
8 7 2 22 1 21 7 47 14 4 31 18 36 0 36 43 27 
17 5 5 32 30 40 27 46 20 25 35 39 50 27 0 16 1 
13 44 43 30 23 49 42 11 35 3 29 37 49 12 11 0 41 
48 11 41 6 13 8 31 19 31 6 3 26 37 18 47 38 0 
38 0 31 6 42 43 13 4 19 14 44 48 28 11 40 48 8 
14 44 0 42 39 36 11 38 6 14 25 50 18 47 16 25 17 
7 42 50 0 19 7 19 48 35 8 23 43 20 10 4 8 42 
9 46 12 43 0 27 8 2 28 43 1 29 18 14 37 23 48 
19 31 22 20 41 0 29 1 46 46 7 32 14 19 19 46 10 
18 9 9 2 5 33 0 41 49 40 22 27 7 41 31 22 22 
50 46 1 29 33 38 1 0 31 45 17 47 20 27 39 10 24 
5 19 1 6 28 22 44 36 0 41 23 31 19 3 44 5 16 
36 11 15 24 19 17 28 31 8 0 29 7 38 37 21 22 2 
13 3 3 22 31 16 44 28 2 15 0 39 10 8 33 28 2 
12 31 35 17 25 37 6 39 42 21 49 0 50 16 6 50 20 
2 29 6 50 42 34 36 20 17 37 22 4 0 29 19 23 25 
1 6 26 6 36 6 27 27 48 14 31 11 18 0 45 13 47 
16 19 9 29 27 29 10 29 46 16 50 38 16 3 0 10 24 
48 24 50 11 30 44 35 47 3 30 3 28 3 26 3 0 23 
25 25 39 11 10 45 49 22 46 48 11 21 6 40 12 46 0 
5 0 8 13 44 46 2 17 22 35 12 27 47 27 32 26 20 
14 28 0 14 41 14 50 14 3 26 28 15 32 33 14 41 13 
19 8 24 0 46 13 9 28 23 8 17 26 48 19 2 46 14 
23 42 8 29 0 26 21 32 5 45 11 19 18 38 36 39 21 
22 14 29 19 9 0 30 7 5 50 42 33 48 24 16 35 24 
32 1 10 42 7 13 0 38 48 27 19 2 3 40 10 35 23 
28 6 27 5 24 27 6 0 43 35 3 29 35 38 34 32 30 
26 46 37 38 26 48 14 9 0 27 31 43 40 29 5 15 41 
7 11 20 18 39 30 50 5 45 0 17 8 4 35 3 10 43 
38 23 27 45 23 48 47 31 43 19 0 29 43 35 16 15 30 
39 38 29 28 15 14 41 46 46 33 43 0 10 40 11 24 24 
22 1 3 7 28 20 18 9 14 39 26 20 0 2 8 21 30 
3 28 16 48 24 32 28 25 32 32 49 41 6 0 38 42 32 
46 5 22 34 14 9 3 19 21 21 15 27 38 22 0 45 39 
12 13 8 12 46 27 50 40 24 29 25 47 21 27 3 0 27 
48 44 25 47 36 37 17 44 26 47 27 4 18 2 37 11 0 
37 0 11 30 43 31 30 37 19 5 33 11 35 34 7 48 44 
18 39 0 29 44 47 49 3 26 47 14 37 49 50 47 22 22 
42 15 10 0 11 48 11 46 19 8 6 42 4 27 32 10 20 
49 34 37 30 0 23 43 14 39 8 4 46 17 43 39 20 9 
11 39 43 20 47 0 38 47 7 43 11 37 42 7 50 50 16 
4 18 50 17 10 43 0 50 50 1 22 3 44 15 30 26 19 
37 34 44 38 39 41 23 0 12 38 31 38 12 7 22 32 9 
5 31 14 26 39 3 50 19 0 40 44 19 25 35 3 43 14 
36 18 6 24 6 12 27 14 45 0 38 30 30 5 38 43 30 
40 44 40 34 16 1 31 34 34 25 0 49 45 22 49 28 35 
38 25 27 39 17 9 3 44 4 50 31 0 1 24 21 14 3 
2 40 36 41 14 9 48 35 38 23 40 32 0 14 33 43 47 
11 45 42 31 11 5 13 32 42 46 30 17 21 0 30 10 14 
11 47 44 32 13 37 22 30 28 42 1 45 19 22 0 30 22 
8 34 41 30 30 34 42 47 28 4 50 18 29 31 15 0 9 
13 27 21 18 39 12 34 25 23 12 4 20 4 19 13 20 0 
16 0 9 10 37 40 30 35 28 5 48 5 10 37 5 1 47 
28 43 0 32 42 2 13 34 46 1 16 8 18 31 23 43 9 
41 31 2 0 21 22 29 20 34 43 44 13 42 8 25 38 19 
12 7 42 12 0 37 22 19 4 26 14 37 24 23 17 47 33 
5 46 19 7 3 0 31 25 49 24 49 50 8 50 42 39 26 
29 39 7 24 31 31 0 23 20 12 49 46 9 42 46 11 26 
48 30 37 13 7 32 17 0 31 33 43 39 39 22 11 4 34 
25 11 46 34 11 23 3 24 0 23 49 45 5 36 17 8 28 
38 24 11 21 5 27 20 48 23 0 26 42 38 43 35 49 1 
45 12 34 31 1 27 16 25 27 14 0 40 8 37 12 46 17 
36 12 1 49 1 34 30 49 42 48 12 0 35 31 16 32 39 
1 44 10 25 33 27 27 11 8 36 44 42 0 37 12 11 11 
31 26 2 31 34 50 1 12 33 35 40 3 16 0 32 45 11 
32 2 8 44 2 22 34 10 35 40 41 16 40 38 0 12 31 
38 2 4 6 15 1 5 1 44 49 42 48 38 24 46 0 27 
42 33 10 36 4 18 9 10 43 42 47 45 10 36 22 45 0 
24 0 9 16 14 28 39 47 32 47 7 50 4 30 36 23 12 
44 14 0 24 7 29 27 27 21 43 45 13 24 5 10 42 8 
27 48 25 0 29 9 33 50 3 37 28 39 48 18 6 31 7 
19 35 1 47 0 12 16 16 48 32 46 22 34 27 23 28 38 
16 42 27 32 11 0 45 4 12 14 22 21 1 38 30 3 38 
14 6 6 20 9 45 0 47 12 33 28 48 14 11 17 27 14 
1 2 32 26 29 49 47 0 25 32 40 33 41 45 16 10 3 
43 34 20 21 18 8 29 21 0 46 15 50 34 47 41 1 48 
46 7 50 37 48 27 10 15 10 0 31 39 20 13 6 18 18 
18 46 21 28 48 6 46 44 23 11 0 31 14 50 13 28 42 
39 36 46 38 16 24 5 16 25 5 11 0 38 19 9 9 40 
48 33 16 2 20 23 50 40 12 6 14 38 0 47 46 16 48 
4 48 31 28 11 30 2 45 42 5 4 43 46 0 9 25 15 
3 41 17 18 47 26 22 16 36 6 27 10 11 17 0 19 29 
40 14 34 22 29 32 30 19 31 22 11 15 20 8 44 0 4 
31 50 35 7 30 48 1 29 26 15 42 5 3 42 35 25 0 
36 0 25 4 33 25 4 36 21 11 48 37 26 15 8 47 29 
13 24 0 29 12 32 13 50 42 14 6 47 14 40 25 16 39 
38 37 29 0 46 4 12 29 28 14 15 46 32 12 25 14 18 
19 14 43 30 0 14 24 43 24 25 13 20 20 7 22 32 37 
33 48 39 29 29 0 2 25 1 45 2 48 18 17 19 31 39 
42 29 46 27 33 36 0 26 14 44 6 21 42 43 10 21 42 
33 10 49 14 37 36 40 0 18 39 43 35 13 26 25 7 6 
32 31 28 29 27 5 5 47 0 23 25 35 24 31 34 8 36 
31 6 35 8 21 18 3 7 40 0 29 38 41 1 14 39 20 
49 16 10 12 33 43 16 29 5 2 0 41 12 2 16 37 5 
35 50 32 21 41 49 36 15 29 21 40 0 49 18 15 47 9 
37 16 26 16 25 46 4 39 41 7 4 19 0 27 41 6 24 
42 33 6 2 32 19 30 50 30 45 34 12 4 0 18 11 41 
6 32 26 37 41 22 31 39 47 44 30 34 46 18 0 39 38 
16 16 7 35 9 45 28 19 36 26 36 30 13 43 35 0 24 
46 13 13 45 16 20 33 21 3 18 6 39 39 46 4 13 0 
7 0 46 47 38 11 27 33 12 5 8 1 16 36 1 26 4 
9 7 0 38 34 5 44 23 46 33 37 32 41 40 39 30 41 
22 24 24 0 17 46 48 13 19 31 2 41 9 20 18 35 2 
43 2 30 33 0 8 21 8 14 24 1 5 25 45 42 22 16 
28 10 44 13 28 0 9 9 12 44 19 3 4 4 15 27 15 
2 31 49 39 10 48 0 33 2 16 11 44 46 43 39 24 40 
30 25 31 10 25 23 25 0 34 44 18 39 39 18 5 10 9 
25 41 24 15 44 34 7 30 0 28 42 47 18 16 14 20 6 
46 14 24 29 34 17 41 29 7 0 16 46 42 10 44 34 11 
1 35 21 3 15 10 47 47 19 1 0 33 33 27 7 19 31 
49 33 44 5 32 32 26 9 50 45 9 0 28 39 15 21 34 
9 36 18 31 43 18 41 36 18 27 11 33 0 35 8 2 50 
48 15 44 27 50 30 30 20 10 13 3 21 1 0 19 9 4 
31 49 25 41 40 38 38 32 42 8 37 5 21 43 0 25 43 
43 9 31 24 22 44 35 30 7 49 21 31 15 21 36 0 50 
19 7 2 36 34 12 11 10 28 13 35 42 43 25 49 17 0 
