32
14
11 0 38 33 7 43 9 2 33 28 6 38 26 50 24 
22 20 0 27 5 7 39 4 31 13 37 50 42 43 8 
44 35 36 0 12 36 12 4 17 27 10 11 15 33 32 
21 46 7 12 0 20 31 48 18 44 5 4 24 29 31 
26 46 7 1 16 0 44 39 43 21 27 41 39 21 6 
43 18 45 43 7 23 0 10 18 31 39 23 13 11 26 
41 32 8 12 34 24 41 0 32 3 10 49 39 43 28 
25 30 21 32 10 42 25 27 0 11 12 18 6 21 9 
15 18 29 3 34 14 3 39 19 0 29 6 47 16 12 
16 35 44 18 31 33 43 1 19 41 0 3 20 1 14 
22 47 45 28 4 33 17 35 32 47 6 0 30 26 37 
12 43 27 14 27 14 12 26 18 1 26 39 0 17 15 
50 38 50 15 13 39 18 22 35 28 44 34 46 0 31 
4 48 12 1 8 7 40 27 15 40 44 38 3 46 0 
30 0 45 3 16 17 2 35 45 47 42 18 37 19 40 
8 49 0 20 44 18 31 23 21 39 25 31 11 26 24 
23 10 21 0 25 37 22 43 41 26 29 17 44 46 9 
2 20 34 21 0 38 50 19 16 21 50 21 22 24 10 
6 28 35 7 27 0 12 22 37 21 43 1 47 48 18 
24 41 27 24 36 14 0 20 19 41 11 23 26 6 8 
40 22 5 15 49 34 35 0 48 45 11 18 35 38 15 
50 42 21 42 3 1 43 30 0 24 47 37 11 40 37 
38 25 34 2 6 14 48 50 39 0 36 49 14 34 26 
47 16 7 2 27 5 20 50 40 32 0 24 6 16 10 
48 8 29 39 44 49 11 21 28 17 29 0 24 17 50 
3 35 43 39 17 17 34 9 41 35 35 36 0 17 39 
35 3 28 1 49 39 2 32 8 11 21 35 16 0 26 
39 41 24 3 39 20 47 5 39 36 39 49 26 40 0 
17 0 44 4 9 32 23 36 26 39 29 25 28 48 22 
27 33 0 19 32 2 9 20 1 12 32 47 48 42 31 
14 43 12 0 1 14 13 15 15 7 12 4 43 41 14 
2 45 28 11 0 22 26 28 7 17 7 48 18 20 17 
33 23 12 35 31 0 6 12 46 17 25 15 36 7 13 
27 7 29 9 19 7 0 49 17 4 37 26 17 3 8 
26 5 3 46 44 49 33 0 34 1 20 13 35 2 6 
29 4 46 37 19 15 30 10 0 29 40 50 13 19 16 
19 25 10 15 4 5 21 12 22 0 19 43 9 31 43 
7 10 46 34 5 43 39 50 42 39 0 49 38 28 17 
27 14 47 31 31 17 16 26 10 49 32 0 48 36 17 
33 27 45 11 35 38 4 20 44 16 8 26 0 28 19 
34 22 16 16 27 4 36 8 23 13 29 14 28 0 32 
50 48 3 8 7 23 18 15 44 39 4 40 14 8 0 
21 0 31 23 5 40 47 42 39 33 16 21 32 31 25 
5 33 0 32 21 11 22 20 46 14 1 19 5 2 20 
28 28 13 0 38 41 29 37 42 40 24 25 32 40 11 
16 37 37 25 0 42 43 11 12 7 33 30 42 38 26 
18 22 36 35 46 0 23 12 5 4 34 41 3 38 13 
43 9 47 30 32 10 0 30 28 14 45 14 9 9 16 
22 30 8 50 41 12 25 0 19 38 40 36 18 50 12 
33 4 34 39 5 48 20 48 0 37 1 10 29 46 40 
9 42 21 37 14 47 33 25 27 0 42 13 27 39 25 
21 7 44 15 11 19 46 10 11 26 0 4 12 47 24 
43 7 40 13 17 35 10 46 19 50 4 0 3 29 8 
28 43 27 29 10 46 28 30 8 45 19 27 0 45 49 
32 46 34 3 50 9 32 20 2 50 10 4 15 0 25 
39 45 12 8 40 38 33 18 50 26 2 2 47 13 0 
50 0 46 45 41 40 12 15 23 16 1 4 20 26 9 
41 27 0 20 6 31 3 42 13 34 11 37 8 16 14 
47 9 2 0 49 13 20 20 7 6 20 14 4 11 16 
29 11 5 21 0 12 25 28 23 7 46 21 44 22 37 
12 34 4 33 46 0 1 27 8 50 5 8 7 39 35 
22 50 43 27 43 27 0 35 23 7 17 47 42 37 25 
3 6 28 19 48 33 45 0 22 16 32 9 10 40 21 
12 50 13 5 36 43 1 7 0 4 45 2 46 3 40 
27 38 36 4 15 3 6 44 27 0 40 9 7 40 50 
35 11 19 33 38 15 12 7 4 42 0 6 44 24 46 
2 34 17 3 31 6 45 29 46 5 46 0 37 15 18 
24 24 46 30 3 1 23 44 26 20 8 39 0 29 21 
34 45 48 21 30 11 43 43 23 6 27 35 6 0 6 
16 14 38 1 50 44 34 30 46 27 42 23 24 9 0 
9 0 48 45 42 28 25 45 2 8 25 8 5 26 31 
2 40 0 3 19 46 17 28 13 32 8 39 35 37 4 
49 21 30 0 7 37 34 35 25 11 35 7 31 12 14 
6 13 43 46 0 19 4 29 7 24 23 27 8 31 46 
17 38 4 43 38 0 41 4 37 46 1 18 43 46 27 
29 19 12 15 5 15 0 7 20 15 44 17 34 26 43 
47 7 31 30 3 39 9 0 24 31 14 44 21 11 20 
17 42 28 26 8 2 28 6 0 11 13 3 17 40 48 
23 11 27 5 16 12 40 40 21 0 39 40 8 19 6 
38 49 22 35 4 38 3 24 16 41 0 27 24 15 42 
46 19 27 37 50 12 2 21 38 39 6 0 50 30 28 
22 39 37 1 34 23 19 13 41 19 13 3 0 45 50 
45 36 29 42 47 49 44 3 13 4 8 7 5 0 17 
11 34 29 5 8 25 2 28 5 27 41 43 24 34 0 
28 0 9 24 47 17 2 27 2 11 14 4 31 35 19 
26 33 0 43 27 19 2 2 8 40 9 45 20 48 17 
32 3 2 0 4 26 11 26 5 31 11 41 3 41 10 
24 15 2 28 0 41 34 2 22 34 15 25 23 32 20 
19 16 3 47 5 0 10 20 8 13 50 6 25 44 22 
3 32 36 16 11 43 0 35 25 8 18 30 15 15 11 
19 37 29 4 29 6 36 0 15 9 44 49 31 40 16 
3 2 23 17 40 31 19 3 0 29 10 12 39 36 45 
8 36 18 40 45 10 40 26 21 0 2 46 38 37 38 
23 43 18 30 3 20 23 6 46 14 0 25 35 42 16 
9 20 43 41 21 42 8 24 27 9 37 0 31 27 27 
31 21 22 3 45 32 30 36 42 32 36 16 0 22 3 
41 5 16 11 19 24 18 1 10 6 18 45 31 0 50 
17 10 44 23 43 47 25 25 42 23 41 11 37 23 0 
29 0 11 5 5 21 5 33 22 43 27 12 4 9 31 
12 16 0 35 50 1 30 20 33 38 13 23 25 28 16 
13 44 20 0 8 37 45 23 50 1 13 25 26 17 45 
17 18 11 40 0 38 45 14 27 38 41 10 7 4 47 
23 42 32 46 28 0 17 10 50 7 5 17 15 8 13 
15 22 26 25 14 26 0 16 21 3 34 38 33 3 37 
6 29 49 31 42 27 27 0 10 32 30 49 50 35 18 
11 7 24 24 38 2 12 17 0 16 35 44 29 31 3 
40 49 8 46 15 24 44 29 6 0 36 24 32 36 6 
41 46 27 14 41 48 10 46 10 14 0 46 2 25 40 
13 14 38 14 46 25 21 34 22 3 36 0 12 25 33 
2 38 1 6 16 7 26 20 9 31 38 34 0 43 44 
39 45 1 14 49 4 16 43 48 11 37 12 35 0 7 
25 24 28 30 24 27 45 22 14 40 36 19 14 43 0 
5 0 8 26 13 32 27 45 28 3 22 13 21 18 9 
40 41 0 20 5 22 20 46 35 3 9 10 17 50 17 
31 11 29 0 31 40 23 38 41 35 25 31 9 12 47 
21 6 17 3 0 9 36 32 23 21 32 48 45 48 20 
6 17 3 16 27 0 29 47 42 44 33 31 46 21 50 
6 46 25 14 8 49 0 14 47 42 7 8 14 35 8 
41 48 33 46 25 18 36 0 18 22 15 32 34 1 30 
13 34 22 14 16 33 18 25 0 7 34 38 49 7 9 
25 46 9 13 44 39 1 47 50 0 36 21 3 14 38 
24 10 33 24 49 35 35 9 35 44 0 49 3 41 17 
41 50 9 27 12 27 43 26 7 19 41 0 12 29 16 
35 37 43 13 19 30 1 48 2 14 50 22 0 25 17 
11 15 15 41 48 35 7 1 28 45 42 38 45 0 49 
4 14 33 37 7 19 24 49 2 37 35 12 16 43 0 
48 0 45 27 41 3 27 15 42 5 50 14 44 10 34 
10 49 0 21 32 35 3 44 38 31 13 15 6 43 13 
14 28 7 0 37 20 14 3 34 18 1 36 19 34 12 
10 34 23 13 0 10 41 40 3 16 4 27 14 50 10 
14 14 26 47 34 0 3 29 27 44 27 25 46 31 26 
32 21 47 17 19 33 0 29 48 41 2 47 3 24 11 
12 4 11 7 15 43 20 0 4 26 39 36 32 34 33 
41 46 39 14 10 14 22 46 0 8 11 45 17 32 16 
24 24 50 31 30 18 16 40 17 0 18 32 39 6 29 
45 8 31 38 50 46 8 45 14 34 0 44 11 40 16 
47 1 12 48 12 5 30 2 40 5 3 0 16 18 1 
30 22 33 22 8 43 2 50 30 7 18 36 0 9 30 
11 17 38 20 29 50 44 16 6 34 27 2 50 0 43 
19 26 36 34 29 8 15 43 2 23 3 47 15 47 0 
21 0 5 31 26 47 50 42 23 18 34 38 18 8 14 
16 49 0 45 6 44 9 32 4 22 34 7 1 16 19 
16 16 17 0 32 35 47 46 2 4 2 6 50 2 46 
9 2 47 12 0 1 1 27 3 28 48 3 7 16 17 
33 47 19 46 34 0 24 8 2 18 6 33 11 19 15 
45 43 1 44 8 37 0 46 21 38 46 1 15 42 13 
38 20 30 29 32 29 19 0 8 33 11 16 29 38 7 
35 42 29 40 33 13 9 36 0 47 9 49 30 22 13 
9 24 45 20 32 45 15 48 27 0 4 30 41 46 38 
10 41 29 30 49 39 36 46 17 12 0 33 29 5 3 
23 21 31 3 7 6 49 10 16 47 47 0 43 43 37 
16 26 11 42 17 21 26 7 31 20 31 34 0 28 14 
7 34 37 4 41 13 26 6 24 27 34 41 39 0 1 
25 32 34 6 47 49 31 42 1 41 12 34 28 16 0 
40 0 12 22 24 28 36 4 33 11 44 3 30 12 10 
2 34 0 9 27 32 25 32 50 37 26 37 29 33 15 
33 46 42 0 7 36 10 17 13 6 10 13 4 47 43 
21 40 3 17 0 37 21 41 18 33 36 3 3 35 40 
26 46 37 49 3 0 39 50 16 2 46 45 3 44 40 
29 49 14 28 29 40 0 30 47 23 20 43 13 25 15 
13 7 5 33 26 27 38 0 10 24 14 2 8 44 6 
39 8 22 35 27 1 40 35 0 22 25 25 46 11 30 
24 18 7 40 15 35 3 46 41 0 12 28 18 3 19 
26 50 27 21 47 25 8 16 49 8 0 36 24 26 29 
35 31 9 31 16 8 37 7 8 12 44 0 9 3 44 
17 10 8 10 49 21 9 23 48 4 50 37 0 22 8 
19 50 5 41 10 24 11 11 4 47 2 45 33 0 20 
43 15 28 38 22 15 50 39 1 26 26 5 20 13 0 
33 0 6 32 30 37 29 38 8 8 3 50 29 33 6 
7 11 0 8 5 39 40 31 34 27 12 15 7 9 31 
50 29 16 0 5 4 49 28 49 16 23 8 4 33 35 
8 25 39 43 0 33 44 32 40 18 22 16 31 32 50 
29 20 15 31 20 0 7 9 29 37 45 26 34 28 9 
45 36 47 35 8 46 0 26 2 23 23 25 16 49 10 
11 45 39 24 17 29 20 0 47 8 28 35 26 27 29 
39 45 18 49 16 24 46 33 0 25 32 23 37 24 27 
47 43 6 5 9 49 18 42 6 0 2 18 50 39 49 
29 19 1 33 20 47 14 29 5 27 0 1 26 15 29 
20 8 1 31 5 44 50 16 23 30 17 0 28 12 47 
40 17 32 16 35 47 4 7 31 41 18 27 0 13 19 
38 30 5 34 35 40 23 48 1 37 45 46 50 0 13 
47 22 16 42 36 18 40 39 46 35 41 18 25 14 0 
28 0 11 13 29 31 31 29 44 25 34 44 22 25 42 
16 45 0 22 40 48 42 10 9 26 26 42 46 30 49 
34 21 43 0 17 15 9 20 41 25 17 15 19 35 4 
47 32 49 14 0 44 48 23 2 13 2 21 34 4 19 
36 38 37 36 1 0 30 10 5 42 27 8 16 23 26 
21 6 26 29 7 7 0 13 44 27 28 2 33 27 33 
8 41 47 32 5 1 5 0 37 30 29 18 6 44 42 
41 23 7 29 25 48 32 8 0 27 42 27 48 7 42 
11 10 35 19 4 28 48 1 31 0 27 11 22 21 34 
26 47 12 2 13 22 4 5 22 24 0 8 29 2 1 
15 5 5 8 45 14 26 21 45 50 3 0 17 45 40 
42 30 18 4 27 48 32 30 31 26 35 35 0 39 7 
38 11 11 25 26 47 37 27 23 3 27 8 8 0 6 
3 12 49 47 27 14 13 42 7 4 3 4 19 35 0 
25 0 29 23 11 26 20 33 34 39 28 41 48 4 16 
8 15 0 28 19 41 27 28 19 27 39 9 25 44 46 
5 7 22 0 23 29 2 2 44 31 17 33 38 23 19 
24 21 6 29 0 11 48 35 42 27 35 13 43 8 7 
2 35 2 1 27 0 38 30 32 7 19 20 2 14 14 
35 11 37 3 4 9 0 45 6 34 30 14 46 11 14 
31 38 10 37 45 46 43 0 46 15 32 12 36 40 43 
15 38 10 9 34 22 7 16 0 49 10 40 49 12 46 
2 23 37 31 27 17 2 20 9 0 34 8 19 22 40 
47 5 42 18 20 3 42 46 20 6 0 13 40 7 15 
40 50 47 47 35 47 44 43 45 31 10 0 24 41 46 
29 27 1 16 50 18 20 44 19 22 29 9 0 5 6 
3 32 19 37 10 37 30 9 37 12 35 25 46 0 4 
10 12 8 46 12 47 18 43 5 47 41 39 45 46 0 
32 0 26 18 26 43 39 40 14 12 24 14 4 16 20 
41 40 0 32 25 23 16 35 7 14 34 47 8 39 10 
27 22 47 0 22 43 35 27 12 45 9 33 7 15 46 
50 35 33 8 0 31 48 3 16 16 16 16 30 12 26 
12 35 29 35 1 0 30 38 41 28 43 12 32 44 30 
46 23 43 16 2 39 0 8 30 2 39 28 41 8 12 
6 31 6 14 23 2 50 0 11 31 48 7 35 9 10 
8 40 47 50 5 23 21 44 0 23 50 28 24 19 33 
34 40 8 10 22 27 35 47 37 0 49 9 42 30 36 
43 45 10 18 30 48 22 12 43 28 0 37 36 41 13 
8 7 36 50 34 18 27 41 41 48 13 0 33 25 12 
4 48 41 13 43 36 2 29 41 10 44 21 0 11 22 
47 31 23 37 36 23 39 31 14 10 9 13 9 0 2 
5 12 6 47 24 11 8 46 37 25 43 6 11 30 0 
16 0 26 6 14 7 6 44 11 26 26 48 3 23 24 
35 31 0 5 31 28 50 24 30 5 47 48 1 15 2 
44 49 44 0 30 12 9 15 38 5 45 6 4 8 45 
36 30 50 21 0 38 35 12 7 20 13 29 11 7 37 
21 9 16 7 41 0 43 18 28 33 18 41 15 9 47 
27 10 25 25 43 30 0 44 26 48 27 13 31 41 37 
29 31 2 2 3 29 17 0 47 30 49 13 15 28 9 
48 32 31 24 26 15 31 11 0 38 5 19 27 43 46 
12 40 45 11 3 31 50 2 17 0 40 12 31 31 31 
31 27 12 28 3 36 28 16 46 40 0 5 26 7 19 
44 48 33 26 37 21 35 40 5 3 13 0 47 10 47 
16 42 12 46 35 1 30 12 43 41 25 8 0 18 46 
44 5 6 28 24 31 9 20 7 37 44 10 46 0 41 
22 10 16 6 27 32 1 5 28 9 42 7 39 32 0 
5 0 42 1 29 3 40 47 50 47 35 23 29 38 46 
36 26 0 2 25 5 40 40 33 26 20 32 36 46 40 
28 47 37 0 18 43 27 15 15 36 16 7 7 44 23 
14 31 33 49 0 45 5 20 3 8 17 2 49 43 23 
17 32 48 18 45 0 8 23 50 49 6 36 12 31 21 
41 37 19 49 46 18 0 19 45 37 33 42 41 21 26 
40 20 16 44 35 43 48 0 4 18 40 12 37 1 15 
32 28 13 33 25 49 13 21 0 48 3 4 25 4 23 
46 15 26 4 38 48 10 30 40 0 42 27 38 23 37 
19 30 37 10 18 5 13 10 21 10 0 17 22 14 19 
23 14 41 10 40 26 9 3 15 9 50 0 3 5 3 
38 21 6 37 27 26 2 19 16 45 8 49 0 10 36 
45 17 38 16 34 41 7 27 2 18 49 48 28 0 17 
15 29 10 15 50 10 22 50 4 30 46 38 17 4 0 
48 0 47 2 42 16 24 9 49 21 34 19 15 46 12 
20 39 0 39 29 49 36 4 38 35 44 49 50 14 45 
13 8 21 0 47 25 4 30 5 16 7 32 5 9 17 
9 26 46 36 0 14 11 30 16 42 17 39 32 1 11 
13 9 43 16 10 0 14 36 13 14 23 40 43 32 16 
23 32 48 45 28 37 0 29 9 49 14 36 4 16 48 
16 4 9 44 3 19 43 0 8 15 16 45 45 32 46 
13 24 46 22 29 15 43 11 0 20 45 4 14 32 4 
11 30 31 7 48 38 48 10 14 0 47 40 14 23 15 
17 32 50 33 5 34 47 25 18 15 0 25 2 6 6 
35 15 40 40 38 40 48 36 36 39 47 0 44 48 4 
10 50 32 16 42 28 45 38 45 21 9 48 0 8 36 
12 16 33 47 33 43 25 50 7 1 26 34 18 0 32 
47 12 36 12 36 43 16 19 34 9 10 28 12 48 0 
20 0 20 31 41 32 12 24 20 7 1 12 6 29 10 
43 31 0 40 8 11 13 41 33 35 48 12 15 20 44 
33 24 37 0 6 32 28 30 38 21 36 3 6 8 27 
6 36 50 31 0 15 6 27 3 19 3 18 49 7 38 
35 33 29 18 43 0 31 38 33 14 6 25 2 31 5 
10 5 5 5 6 14 0 28 50 48 32 1 15 17 30 
5 34 39 33 21 43 4 0 38 8 35 14 27 40 23 
22 44 6 13 26 23 44 15 0 48 13 43 44 10 35 
35 48 18 28 14 9 28 30 18 0 42 32 38 1 22 
47 21 41 29 25 5 28 4 27 38 0 39 45 37 41 
37 26 41 27 33 20 4 11 18 36 14 0 32 46 42 
27 14 32 38 22 22 18 28 23 15 19 6 0 7 31 
22 31 40 20 23 38 44 43 2 5 6 32 19 0 37 
3 5 16 44 10 36 28 13 7 1 23 15 23 9 0 
4 0 26 9 28 13 23 39 38 47 45 9 9 49 35 
12 27 0 33 41 3 31 25 18 49 26 47 22 4 9 
24 39 47 0 8 15 36 40 27 47 28 19 47 49 16 
9 22 35 1 0 38 44 2 30 19 32 13 43 34 36 
27 33 32 42 19 0 31 14 9 48 2 45 13 45 36 
30 5 22 6 33 10 0 10 28 42 46 34 11 8 45 
20 15 45 22 2 4 50 0 15 47 28 29 18 3 1 
24 33 7 25 49 16 50 14 0 11 7 10 25 27 50 
42 36 8 9 24 20 39 34 7 0 23 12 41 36 16 
8 45 28 16 7 10 4 9 40 9 0 12 42 45 6 
5 38 13 28 28 1 23 12 21 20 45 0 34 12 41 
26 34 14 8 31 34 6 17 30 45 18 18 0 46 33 
47 50 48 32 25 33 29 20 11 35 14 36 43 0 47 
25 9 21 24 48 14 33 6 46 4 12 11 1 39 0 
9 0 18 10 11 5 41 16 21 23 13 9 30 12 7 
24 30 0 45 45 41 10 43 22 24 44 20 33 1 41 
5 44 21 0 15 33 41 11 43 25 4 31 3 32 4 
37 8 16 19 0 2 26 32 16 10 18 20 41 47 38 
44 16 41 23 40 0 25 17 29 43 45 48 22 47 32 
5 42 14 39 28 39 0 36 17 28 2 31 25 9 39 
35 4 45 42 45 24 49 0 9 13 9 13 8 37 9 
16 22 21 31 30 1 12 18 0 4 32 14 8 2 28 
38 39 43 16 16 29 44 40 50 0 6 27 23 33 46 
29 6 26 21 3 28 1 7 31 50 0 46 9 27 18 
50 13 29 37 22 21 22 25 16 48 42 0 9 15 26 
22 16 4 7 18 17 40 48 7 43 6 25 0 27 32 
8 43 21 7 2 26 40 37 28 40 2 12 25 0 5 
40 28 29 45 13 26 35 16 46 39 42 11 28 2 0 
7 0 36 32 47 44 40 17 24 28 35 7 39 36 36 
38 15 0 6 6 42 36 9 30 14 11 13 2 47 42 
47 32 16 0 42 49 39 31 43 9 5 18 35 38 16 
50 45 39 24 0 40 50 29 32 34 36 19 43 44 28 
22 21 35 42 43 0 25 28 47 20 15 41 48 5 46 
7 2 38 8 48 43 0 30 20 23 39 13 48 14 15 
48 31 24 6 46 4 21 0 38 20 26 42 13 39 4 
26 24 33 42 45 33 26 33 0 48 12 45 1 49 2 
49 46 30 46 11 13 49 39 42 0 35 3 2 25 19 
32 13 16 35 5 26 45 49 7 21 0 3 32 40 16 
34 13 12 45 5 19 40 25 47 47 3 0 26 6 37 
33 49 40 43 9 7 1 36 46 11 47 23 0 8 50 
40 9 43 30 24 33 6 29 24 8 47 6 30 0 8 
16 20 33 29 20 8 17 9 32 10 23 33 15 48 0 
17 0 2 49 33 12 40 35 39 4 23 2 23 32 4 
25 32 0 46 3 28 44 20 27 28 18 3 50 34 32 
27 33 7 0 42 18 8 13 23 10 15 45 40 23 28 
16 11 27 48 0 27 13 34 50 15 21 6 22 28 40 
24 31 30 12 7 0 4 12 21 16 11 5 24 42 2 
23 32 8 38 21 43 0 11 18 41 6 23 21 48 28 
19 37 37 47 30 24 50 0 29 35 34 33 20 16 46 
45 17 43 4 22 33 28 33 0 13 18 1 36 29 7 
41 25 39 37 6 35 2 30 25 0 9 44 18 3 45 
47 25 5 1 27 16 23 25 14 20 0 50 16 1 37 
24 19 47 45 45 43 38 11 45 47 15 0 32 44 16 
43 35 10 4 30 33 37 39 14 50 9 13 0 35 17 
12 20 37 41 34 16 6 6 13 50 24 10 7 0 36 
31 8 37 45 23 7 32 29 10 47 36 18 50 36 0 
6 0 47 36 32 9 22 50 25 11 24 48 28 10 37 
23 11 0 30 20 26 1 8 6 14 14 41 28 35 33 
10 41 5 0 17 16 21 1 16 14 42 2 35 37 6 
48 14 47 45 0 47 46 7 49 17 17 42 50 28 50 
34 23 42 31 38 0 17 16 21 20 32 13 40 37 7 
48 38 19 41 14 3 0 9 50 17 46 31 40 27 11 
24 39 25 16 43 2 33 0 42 1 21 48 20 41 28 
44 16 33 8 9 50 2 29 0 49 1 36 26 42 34 
6 46 50 48 41 5 47 32 8 0 47 47 35 24 7 
38 48 44 45 12 31 7 2 14 24 0 31 27 10 45 
40 24 31 18 10 50 36 5 21 50 29 0 37 31 13 
9 36 11 25 27 46 41 1 8 42 15 11 0 27 4 
33 26 18 15 45 3 42 34 17 30 25 25 21 0 33 
27 44 16 25 1 44 44 28 14 7 1 15 4 40 0 
16 0 40 4 50 23 33 23 46 33 15 42 29 22 25 
20 31 0 50 3 25 9 25 15 26 40 10 33 11 5 
13 12 15 0 31 49 3 18 28 27 26 2 39 11 32 
12 2 34 23 0 23 19 9 33 7 49 40 46 15 2 
14 14 40 40 22 0 19 33 21 1 12 31 19 7 43 
5 25 1 37 48 44 0 3 25 6 38 11 42 46 30 
5 17 41 3 38 17 14 0 13 36 12 17 42 49 41 
1 23 42 4 13 16 29 33 0 48 4 49 22 49 39 
9 2 30 31 23 4 16 35 21 0 28 32 41 29 43 
39 40 20 6 45 12 25 34 47 7 0 30 31 2 23 
19 37 5 17 18 25 5 35 32 37 20 0 45 26 17 
2 14 23 23 37 37 44 8 35 43 27 38 0 15 25 
6 24 2 43 3 44 16 34 24 15 23 5 38 0 5 
8 33 37 50 37 8 33 33 34 7 44 15 29 12 0 
3 0 13 40 31 10 31 29 9 36 28 43 32 1 19 
41 8 0 50 33 49 40 1 2 6 27 1 8 43 24 
40 45 49 0 38 15 5 31 12 25 43 45 8 26 49 
48 10 8 5 0 8 14 42 27 7 11 17 39 11 1 
7 14 30 3 39 0 6 20 42 29 5 17 47 38 30 
33 8 39 41 15 2 0 5 47 20 46 50 29 32 14 
38 39 22 27 44 31 5 0 12 13 42 20 20 29 7 
31 3 39 12 27 13 44 50 0 23 26 25 10 47 11 
44 35 3 10 25 7 4 41 34 0 41 3 8 25 22 
46 47 21 45 23 49 16 17 8 39 0 2 20 20 39 
16 46 2 35 34 45 18 29 39 10 46 0 23 3 41 
20 48 9 20 38 23 5 27 6 30 37 49 0 45 28 
27 15 9 6 37 16 26 39 39 18 24 30 4 0 17 
8 12 49 1 47 25 48 10 31 32 32 48 34 39 0 
41 0 22 49 36 1 41 2 25 2 41 36 37 16 32 
9 41 0 46 9 20 38 19 44 32 36 2 20 31 17 
35 27 24 0 40 32 37 48 18 20 39 30 13 16 34 
11 9 16 10 0 10 17 2 40 37 24 29 47 21 47 
41 13 34 31 11 0 35 41 25 17 46 5 30 34 42 
22 8 29 7 22 36 0 34 24 21 43 11 15 16 45 
41 1 11 36 17 2 27 0 7 5 50 3 31 43 36 
42 20 6 30 33 10 19 29 0 45 23 25 35 13 18 
43 42 20 47 20 46 34 16 36 0 20 14 32 15 15 
4 29 5 42 43 49 32 1 38 31 0 32 6 26 13 
7 39 11 32 39 10 15 14 30 6 12 0 47 2 26 
35 36 17 2 45 5 26 17 18 34 42 15 0 36 42 
4 39 16 14 21 22 10 47 9 32 43 6 1 0 40 
49 49 30 47 47 7 17 2 15 30 11 22 38 41 0 
22 0 27 41 25 24 23 10 42 41 49 27 31 16 39 
27 35 0 9 40 5 36 18 19 5 46 18 30 26 3 
25 36 3 0 49 35 20 25 33 42 19 33 28 31 8 
9 32 20 17 0 41 29 25 30 21 22 18 3 23 3 
23 45 7 44 47 0 8 17 5 46 29 47 47 14 45 
43 41 7 27 6 10 0 10 23 26 2 40 48 28 45 
15 31 32 32 47 23 10 0 47 12 40 31 23 41 5 
36 42 20 44 15 30 38 31 0 16 41 48 14 44 1 
19 6 4 50 30 23 40 15 48 0 15 50 42 36 46 
30 18 46 33 19 6 37 35 32 46 0 33 48 8 35 
16 41 35 34 30 10 28 7 36 32 43 0 19 15 21 
44 6 45 24 45 42 2 48 45 15 45 38 0 14 35 
24 8 17 33 15 6 50 7 30 17 12 27 19 0 23 
32 15 40 50 42 16 41 27 2 9 4 17 33 18 0 
46 0 20 39 42 46 44 34 29 16 11 5 9 22 38 
26 29 0 12 18 24 29 17 31 26 45 47 48 44 48 
6 8 29 0 49 23 32 12 10 28 21 31 25 40 3 
49 29 46 33 0 45 4 1 24 47 37 43 4 2 15 
45 45 46 49 1 0 37 23 8 33 6 36 40 26 16 
1 42 37 49 40 14 0 32 47 50 14 3 40 47 33 
11 43 6 19 31 47 16 0 34 26 33 24 4 31 42 
47 41 47 5 28 35 23 6 0 50 45 15 38 34 49 
46 32 46 12 40 41 47 41 50 0 17 10 30 1 18 
17 5 25 37 34 41 50 9 17 49 0 12 12 10 6 
43 12 5 43 14 17 39 44 37 13 14 0 40 45 6 
41 30 46 49 34 6 40 45 20 29 5 43 0 49 37 
16 48 50 28 32 42 48 38 13 17 17 35 30 0 24 
19 13 23 44 47 44 18 37 3 14 29 5 17 49 0 
43 0 27 38 21 18 2 29 39 14 37 9 4 9 3 
18 29 0 32 50 26 17 27 8 6 12 47 5 19 29 
45 37 50 0 28 26 50 46 37 30 47 17 28 45 30 
50 37 35 44 0 36 16 20 25 32 29 29 1 23 36 
21 27 25 13 34 0 50 45 27 37 32 28 10 8 31 
50 36 33 49 22 47 0 9 20 27 4 20 4 9 21 
6 21 49 26 28 11 17 0 3 23 4 45 46 36 23 
1 4 16 27 8 39 25 47 0 47 31 30 26 28 1 
1 21 44 31 41 24 22 16 33 0 3 32 48 15 47 
14 29 4 26 12 36 20 23 39 43 0 46 21 46 9 
25 19 46 2 33 16 3 2 11 15 5 0 12 2 35 
21 13 45 11 25 29 33 18 27 4 14 42 0 32 28 
33 1 35 21 28 13 41 15 7 31 15 49 45 0 12 
19 40 22 50 35 35 2 26 49 35 46 18 26 8 0 
43 0 43 38 42 34 26 20 10 30 35 34 39 44 7 
6 15 0 47 26 34 22 50 37 32 14 8 47 26 7 
3 50 26 0 11 37 34 23 15 43 24 15 20 43 9 
11 38 16 46 0 42 46 21 34 39 20 34 5 9 6 
11 24 34 37 50 0 13 7 30 10 24 3 11 35 42 
22 23 11 15 29 41 0 26 45 49 12 6 31 36 19 
12 6 27 32 26 17 4 0 19 40 29 20 30 3 32 
28 43 44 32 11 30 13 16 0 9 20 26 19 30 17 
26 22 31 20 28 39 19 4 47 0 21 35 19 39 4 
34 33 45 50 38 45 17 6 19 25 0 20 7 7 46 
47 8 7 8 37 38 43 18 48 1 3 0 15 13 25 
46 24 47 43 42 9 33 26 25 27 31 36 0 50 21 
4 7 50 21 32 24 7 39 15 28 32 1 11 0 16 
36 45 48 24 33 43 10 46 29 28 16 49 13 22 0 
