32
15
38 0 3 18 18 15 2 25 8 34 25 25 15 34 50 7 
1 48 0 36 8 9 11 43 21 5 5 24 36 39 8 25 
5 25 6 0 13 22 19 18 44 19 43 22 46 50 1 33 
6 37 31 3 0 25 50 28 40 34 39 45 32 14 13 41 
17 36 1 9 21 0 50 10 22 29 39 33 5 18 16 38 
16 44 20 22 50 38 0 5 37 33 25 28 35 22 25 28 
37 5 31 28 27 36 45 0 41 31 33 46 16 3 14 42 
46 11 25 47 23 1 12 42 0 13 4 12 49 18 35 43 
16 38 47 2 3 28 24 40 39 0 2 21 4 40 40 4 
23 3 24 42 30 17 11 26 2 27 0 25 14 19 25 16 
38 28 7 38 18 9 19 1 12 15 22 0 22 36 46 3 
48 23 3 9 32 9 26 26 5 26 6 13 0 46 26 28 
15 6 15 24 14 43 47 2 22 46 4 3 12 0 28 9 
46 25 30 49 30 3 12 10 44 8 12 2 2 12 0 13 
46 23 26 34 1 16 7 13 32 10 1 21 31 14 28 0 
6 0 14 49 47 31 31 33 47 46 26 3 47 22 17 2 
41 46 0 40 10 50 31 28 28 28 43 40 13 49 40 29 
32 31 47 0 16 2 49 4 6 32 32 13 27 30 9 48 
20 36 46 30 0 20 6 32 22 14 47 28 36 22 5 41 
19 35 8 18 44 0 22 1 6 15 4 38 41 8 28 38 
5 49 20 30 23 4 0 17 19 20 24 1 10 33 19 24 
14 32 1 41 14 29 20 0 12 16 26 20 30 31 27 32 
15 24 44 27 43 30 17 42 0 32 37 2 17 38 44 44 
12 18 38 42 41 6 40 18 15 0 9 36 37 4 5 4 
25 37 43 38 9 27 17 7 26 45 0 47 41 19 4 13 
12 32 19 22 14 2 42 40 37 27 26 0 7 30 18 8 
43 13 38 29 13 16 25 50 35 17 46 11 0 12 47 44 
16 21 14 3 48 4 19 32 41 2 33 47 6 0 12 34 
21 38 40 19 2 34 3 41 42 47 38 32 34 6 0 19 
42 31 43 43 12 5 44 27 21 4 25 31 48 28 30 0 
19 0 19 39 2 46 8 22 44 46 10 13 31 22 6 10 
23 35 0 27 22 10 3 5 14 50 29 28 11 20 15 27 
4 6 13 0 12 28 19 44 33 10 12 20 37 47 33 50 
25 22 22 11 0 32 41 5 26 18 28 15 5 39 23 18 
47 3 30 19 7 0 7 19 10 28 42 30 3 17 11 41 
16 8 31 1 5 6 0 40 9 33 37 49 31 45 34 13 
14 5 10 42 15 18 8 0 29 27 44 6 12 44 20 3 
38 39 16 28 13 8 25 39 0 19 13 8 44 47 33 9 
27 24 27 15 28 25 44 25 47 0 23 9 30 5 7 49 
45 46 40 31 50 11 15 18 22 6 0 40 16 41 30 7 
25 12 46 19 18 33 36 29 42 28 45 0 14 20 6 4 
29 21 32 20 18 12 4 17 33 49 12 7 0 5 10 38 
10 3 45 40 48 48 34 37 40 17 9 18 49 0 3 6 
47 46 12 18 27 20 34 22 13 46 21 45 14 21 0 7 
27 32 20 4 19 42 20 30 8 7 46 34 43 4 10 0 
45 0 6 15 28 3 16 45 37 33 19 27 32 33 45 28 
3 21 0 17 34 41 28 48 45 35 14 27 16 5 12 32 
36 42 18 0 3 1 16 31 36 19 41 32 46 37 36 43 
10 38 36 31 0 5 26 18 9 14 33 47 12 30 15 26 
50 40 25 2 33 0 35 15 30 44 12 23 35 49 44 9 
32 11 9 43 4 40 0 31 25 7 7 18 34 5 21 4 
5 1 22 43 41 42 21 0 36 3 8 46 8 42 19 33 
41 20 16 6 1 36 3 38 0 11 37 20 16 19 45 16 
2 10 10 41 8 22 14 6 3 0 17 12 26 7 35 9 
33 39 6 25 16 48 19 50 21 18 0 3 13 11 7 22 
27 3 41 38 7 36 49 2 12 11 27 0 15 13 39 39 
11 46 4 3 5 32 11 44 30 18 34 11 0 39 23 6 
9 3 50 32 41 10 35 20 28 23 34 37 45 0 15 40 
34 6 11 32 8 7 10 9 3 40 17 10 12 20 0 24 
25 10 30 7 2 25 16 32 49 30 26 27 26 31 21 0 
46 0 16 29 41 34 28 1 8 16 49 50 44 47 42 25 
1 23 0 50 5 48 25 7 38 13 15 19 24 12 2 32 
31 35 29 0 33 45 1 31 22 36 46 25 2 15 8 3 
31 19 41 25 0 30 3 27 21 33 46 39 29 16 26 16 
5 39 6 34 19 0 15 16 15 47 25 20 2 15 9 23 
23 43 31 11 35 1 0 33 38 23 29 4 14 46 37 7 
23 15 47 21 41 36 47 0 31 39 39 15 4 45 1 10 
2 12 12 10 24 46 48 6 0 41 16 23 2 33 6 16 
1 20 29 41 3 6 5 45 18 0 38 27 13 43 23 21 
47 39 38 14 27 42 2 37 14 11 0 25 9 7 5 19 
35 14 25 24 38 46 26 4 49 5 47 0 18 44 23 48 
34 5 34 21 19 35 14 20 29 24 49 34 0 16 30 28 
47 49 40 50 3 13 38 20 35 25 22 35 40 0 9 30 
25 9 14 16 27 20 26 37 37 35 21 44 46 50 0 39 
13 10 25 21 9 49 29 45 20 35 47 36 50 46 47 0 
50 0 25 12 49 49 41 20 50 3 8 22 13 3 16 33 
19 42 0 20 46 12 12 11 19 1 32 47 14 44 32 31 
35 27 41 0 40 35 47 33 47 2 49 43 11 22 14 38 
37 26 30 38 0 17 6 17 4 34 35 40 6 11 18 3 
27 27 19 23 24 0 45 22 13 31 36 36 45 19 48 20 
2 39 6 14 46 22 0 35 6 15 26 19 23 7 6 45 
41 22 30 49 22 17 42 0 49 41 43 15 13 49 2 31 
11 48 7 15 34 1 1 48 0 22 32 43 21 4 48 5 
23 15 8 37 46 14 15 20 26 0 3 10 41 16 21 32 
9 37 5 35 15 21 17 43 22 44 0 40 25 9 18 29 
47 39 1 36 21 50 5 13 7 17 46 0 29 31 12 24 
11 36 27 41 23 7 16 20 34 35 6 23 0 36 43 6 
40 7 2 48 7 22 40 30 1 32 4 24 49 0 18 19 
42 37 31 49 34 5 48 18 45 23 31 20 18 1 0 15 
27 19 21 1 28 40 27 34 6 3 21 6 26 9 19 0 
33 0 18 2 15 44 19 43 38 9 2 42 40 8 25 26 
3 23 0 30 36 5 35 4 48 41 30 15 4 25 46 13 
50 23 9 0 26 41 13 18 3 8 46 35 32 12 50 36 
50 20 9 31 0 50 49 27 40 5 35 29 20 11 36 29 
16 19 42 46 2 0 20 31 32 35 13 35 20 22 40 21 
4 42 49 6 30 45 0 45 45 46 15 24 33 5 42 12 
43 8 18 30 31 17 40 0 17 48 17 20 39 25 18 16 
30 5 50 35 31 38 22 6 0 6 34 21 24 46 32 29 
38 27 40 23 21 28 2 42 10 0 4 15 26 2 39 11 
7 21 27 31 36 19 33 21 12 25 0 22 3 13 46 11 
43 44 36 19 30 44 50 3 48 38 28 0 13 41 31 16 
12 20 17 45 28 1 48 16 46 11 5 6 0 28 49 49 
26 40 46 49 12 22 41 33 10 18 8 19 30 0 43 9 
6 42 41 46 13 2 36 18 19 11 46 29 40 9 0 25 
38 22 4 49 13 38 18 43 20 45 21 38 7 27 21 0 
32 0 18 23 38 6 13 16 32 36 47 40 22 28 38 16 
44 2 0 25 36 31 36 15 31 30 21 39 50 21 2 42 
15 30 41 0 49 29 28 6 2 3 12 22 40 19 3 24 
17 40 5 4 0 2 20 13 22 47 35 18 38 43 18 18 
14 45 31 44 33 0 11 31 29 10 39 38 50 23 24 9 
46 47 29 7 4 49 0 46 18 1 23 2 8 45 14 12 
40 14 34 35 49 27 10 0 25 21 14 36 12 46 15 14 
20 41 49 39 39 21 10 37 0 14 20 19 28 30 22 31 
3 37 15 48 50 25 16 38 26 0 32 37 22 9 43 19 
37 50 3 37 3 12 10 7 26 41 0 31 27 21 16 30 
50 30 4 40 12 49 47 48 16 40 4 0 4 23 7 3 
50 2 44 46 33 19 25 44 19 20 43 31 0 40 8 19 
48 46 22 46 33 7 19 19 32 20 41 3 38 0 48 49 
8 37 50 23 42 29 34 25 34 12 25 36 35 21 0 19 
19 8 41 47 42 8 32 28 24 46 31 33 12 26 43 0 
17 0 38 47 20 12 7 31 17 16 40 15 22 39 35 9 
21 35 0 49 14 1 33 12 41 6 41 27 10 27 28 12 
47 22 49 0 41 45 37 40 15 9 13 39 41 25 7 28 
37 44 43 16 0 25 47 35 49 26 10 5 48 42 30 36 
47 4 40 5 44 0 43 23 48 40 23 32 20 40 2 13 
43 38 34 28 5 33 0 18 12 3 16 12 23 24 32 41 
39 49 36 24 16 35 2 0 20 14 35 15 46 3 43 44 
27 45 48 13 17 17 14 14 0 26 3 30 43 37 40 32 
21 50 17 50 34 34 35 17 36 0 28 42 19 21 44 41 
38 15 19 10 39 18 26 11 15 24 0 25 35 11 21 37 
42 15 30 32 15 15 29 4 10 10 42 0 29 13 35 26 
49 44 21 35 16 15 24 27 1 15 45 39 0 3 26 9 
49 25 46 49 37 27 39 40 29 26 9 12 10 0 50 48 
39 14 27 39 25 32 15 26 6 22 19 38 29 17 0 20 
27 27 28 1 12 18 33 14 49 49 11 5 42 10 7 0 
4 0 15 27 4 27 32 13 14 2 28 34 49 41 27 18 
39 10 0 24 10 49 33 35 9 39 30 7 50 28 41 15 
28 24 16 0 50 19 4 12 26 40 39 15 13 26 24 29 
19 43 37 31 0 10 2 31 33 12 24 19 6 39 25 21 
32 35 24 37 1 0 11 34 41 9 15 28 35 34 21 35 
21 9 36 10 11 15 0 13 47 31 14 47 42 4 27 50 
48 23 1 20 7 30 40 0 40 24 19 36 2 29 17 32 
18 48 12 28 4 11 21 29 0 14 7 19 39 43 24 4 
19 30 15 9 18 6 34 14 15 0 5 31 20 13 42 26 
13 35 31 49 47 50 30 27 24 40 0 28 44 38 14 38 
42 47 16 20 50 6 37 21 49 27 34 0 34 48 23 23 
42 8 38 38 44 35 8 45 28 5 40 3 0 42 19 41 
12 46 1 27 14 35 4 44 43 21 27 14 32 0 22 13 
16 33 5 1 49 20 7 50 21 4 34 3 39 16 0 11 
3 45 2 9 16 38 34 21 9 38 38 15 45 18 17 0 
21 0 26 23 15 39 7 49 41 21 22 6 46 30 24 31 
32 16 0 28 33 18 32 13 23 7 25 33 13 46 14 11 
5 13 33 0 4 33 8 30 24 27 4 5 4 32 38 11 
42 4 48 29 0 6 23 37 13 50 35 9 4 16 41 7 
45 3 28 10 17 0 44 14 26 41 23 3 42 2 29 14 
29 31 36 47 33 29 0 15 18 8 39 18 50 34 20 25 
5 15 34 21 10 2 26 0 23 21 17 29 28 8 6 4 
31 36 34 37 7 29 18 20 0 8 28 30 36 21 21 50 
44 30 7 17 19 38 9 31 20 0 13 3 8 15 30 4 
2 8 12 4 9 32 17 48 13 46 0 37 46 26 44 30 
16 6 3 22 24 49 22 42 38 17 22 0 5 15 24 4 
21 4 40 4 26 23 25 18 13 18 27 33 0 44 21 32 
43 34 38 40 47 48 6 43 6 6 31 16 24 0 38 37 
28 3 24 9 26 33 6 22 18 8 41 38 40 4 0 48 
17 28 22 6 24 39 17 26 28 7 15 11 34 49 46 0 
7 0 2 31 27 41 24 10 35 45 49 37 12 21 32 7 
10 16 0 39 9 39 3 45 18 14 48 11 28 47 3 11 
22 23 24 0 22 1 40 8 14 14 24 7 43 27 7 37 
28 47 44 21 0 48 49 22 26 10 43 12 34 17 29 30 
47 13 33 34 28 0 15 39 49 31 17 2 3 26 35 33 
10 18 11 27 21 14 0 34 26 5 13 50 47 14 29 40 
7 42 35 34 28 44 11 0 44 30 22 40 49 14 5 47 
47 47 42 28 34 45 23 40 0 9 17 13 38 29 22 28 
19 26 20 42 11 11 18 43 8 0 39 50 25 31 5 32 
15 21 22 8 16 4 6 36 46 46 0 34 2 27 17 15 
7 32 22 3 4 14 30 22 44 37 30 0 5 34 40 34 
20 43 35 28 2 43 17 21 6 24 14 40 0 24 47 28 
9 41 26 44 32 18 4 29 2 18 35 50 28 0 22 37 
50 22 47 13 26 42 17 49 16 23 41 12 16 30 0 41 
25 7 26 17 28 39 29 41 8 16 16 15 34 11 17 0 
43 0 39 50 19 25 42 44 12 21 37 42 42 11 22 42 
7 38 0 49 11 43 29 25 12 44 49 21 32 39 47 10 
28 34 39 0 49 30 3 13 47 5 50 32 46 5 30 37 
47 19 20 17 0 9 29 16 23 18 39 19 27 6 21 4 
10 5 15 11 10 0 8 4 13 43 40 45 41 45 12 12 
34 20 32 8 3 3 0 13 23 38 32 13 11 21 10 11 
26 7 27 2 40 27 31 0 44 21 29 43 7 27 27 15 
39 21 12 7 5 50 45 49 0 18 2 48 33 27 30 47 
48 33 3 32 15 39 14 44 22 0 36 3 26 11 29 10 
46 36 46 24 43 42 50 15 6 12 0 31 9 9 50 43 
44 4 15 24 32 11 5 46 13 27 25 0 28 41 22 3 
24 35 20 9 6 12 38 4 37 6 49 18 0 48 21 34 
31 5 44 29 42 49 12 38 48 50 42 41 33 0 47 19 
14 10 44 3 39 47 39 1 44 32 7 1 28 19 0 34 
43 8 26 29 47 20 34 12 31 4 12 48 23 9 15 0 
22 0 5 7 18 42 39 25 45 32 38 42 5 1 48 35 
49 34 0 19 15 8 35 16 4 1 49 31 48 14 50 27 
50 16 43 0 30 11 3 44 10 27 45 18 13 44 42 5 
16 34 15 46 0 6 28 29 9 2 30 7 1 7 20 12 
42 12 46 5 39 0 26 12 21 38 32 5 24 43 21 40 
22 22 13 47 34 47 0 34 18 44 49 22 8 42 50 4 
3 38 41 16 3 7 18 0 39 3 29 4 13 27 15 1 
5 36 38 12 8 35 38 11 0 36 15 8 45 2 6 18 
19 21 22 34 30 18 33 28 18 0 34 5 34 10 18 30 
35 7 3 43 45 36 20 31 43 20 0 15 28 6 1 46 
12 16 33 36 11 34 42 44 36 34 22 0 9 21 28 4 
2 28 43 6 31 2 42 9 12 33 49 41 0 30 14 15 
40 28 27 22 23 39 1 25 8 47 44 13 18 0 9 24 
27 50 3 39 18 38 35 50 21 45 21 7 22 4 0 13 
43 13 30 21 44 44 33 49 6 15 1 4 36 10 38 0 
39 0 24 50 38 7 49 38 41 46 28 6 29 6 28 2 
32 30 0 22 45 4 31 33 48 16 31 44 1 48 25 18 
34 50 41 0 34 6 47 7 34 47 14 6 23 34 44 39 
16 27 21 4 0 33 21 33 41 6 7 6 27 35 8 13 
49 41 16 29 44 0 6 39 23 22 6 26 46 25 32 49 
9 50 4 27 15 18 0 30 44 42 47 2 9 36 28 1 
21 22 27 35 16 16 7 0 6 1 33 27 4 49 49 8 
25 8 10 7 49 7 23 9 0 43 46 19 47 24 32 42 
48 4 46 22 35 4 20 40 16 0 34 2 44 4 44 38 
14 31 46 35 22 44 50 29 29 45 0 48 14 34 40 48 
19 33 24 9 36 24 9 28 14 5 6 0 18 44 23 47 
13 20 16 5 33 38 2 40 11 49 49 25 0 17 28 38 
40 37 1 19 15 20 21 46 8 15 5 4 32 0 30 17 
26 6 6 33 32 29 49 29 8 11 18 44 14 11 0 38 
50 42 1 27 15 19 18 26 9 28 43 24 8 41 28 0 
34 0 20 10 44 23 43 19 34 46 10 42 8 44 9 48 
26 7 0 36 21 15 13 4 6 16 48 9 31 48 6 40 
5 42 39 0 30 27 49 34 21 39 46 31 9 5 18 24 
12 24 17 11 0 2 36 39 38 27 15 31 15 45 46 14 
12 22 29 7 6 0 1 20 14 32 49 43 37 48 26 35 
5 49 39 42 37 35 0 14 37 5 4 16 5 13 16 47 
35 40 25 25 34 10 31 0 49 13 24 43 11 36 12 9 
50 42 12 42 10 32 27 3 0 10 29 49 35 24 3 40 
47 8 49 36 15 4 13 23 43 0 25 25 1 27 19 44 
25 29 25 46 4 24 43 21 6 15 0 9 37 15 46 35 
25 7 46 23 28 36 13 50 48 6 38 0 20 20 18 36 
32 50 35 16 5 20 10 28 49 16 4 37 0 43 21 7 
18 48 27 8 1 18 5 4 42 9 13 30 28 0 41 17 
5 23 4 21 34 9 2 50 42 16 16 29 47 7 0 24 
49 20 30 41 39 41 43 13 17 18 27 47 44 8 42 0 
41 0 32 38 33 12 32 34 23 37 49 16 49 36 42 35 
39 8 0 48 19 11 43 50 38 2 27 13 11 37 3 8 
13 9 43 0 50 26 34 42 15 46 42 15 48 43 42 24 
43 7 21 33 0 29 20 49 25 47 49 41 45 36 7 49 
22 48 20 30 37 0 7 7 36 17 2 48 44 2 27 46 
46 8 46 29 34 6 0 40 5 25 38 14 34 46 1 35 
40 7 8 48 21 18 28 0 13 6 17 37 22 5 31 32 
26 48 49 2 4 33 49 7 0 23 43 33 44 46 42 24 
23 11 35 32 12 42 36 5 6 0 29 18 45 41 12 48 
35 35 24 43 13 16 36 44 48 2 0 42 50 35 5 39 
24 33 22 33 45 26 38 24 19 40 40 0 43 43 23 37 
39 8 45 26 9 48 21 3 30 8 38 17 0 38 30 21 
43 2 1 18 5 35 24 9 18 23 47 12 5 0 4 23 
24 43 22 11 14 34 5 10 46 41 4 30 42 26 0 8 
9 50 44 49 48 39 43 26 18 2 15 50 28 3 12 0 
37 0 16 50 7 34 45 46 27 16 37 38 42 5 27 2 
5 33 0 33 11 15 48 18 7 6 34 31 18 4 10 50 
35 28 8 0 34 5 39 31 35 42 14 13 24 28 12 11 
48 39 49 17 0 47 33 17 17 39 15 19 10 44 23 4 
27 43 18 17 3 0 11 35 21 23 14 25 48 42 48 2 
24 40 45 46 37 43 0 20 37 13 17 18 11 19 19 36 
29 38 13 38 37 21 6 0 12 10 50 14 18 27 4 23 
36 25 20 38 41 29 15 48 0 37 11 7 6 5 50 35 
50 16 3 37 35 37 35 4 11 0 32 18 29 36 46 24 
26 44 34 41 32 43 42 32 28 8 0 15 40 27 27 31 
15 2 12 25 1 48 16 40 19 36 1 0 21 9 6 24 
50 29 2 13 36 14 22 15 18 42 8 35 0 25 29 21 
48 9 27 31 17 17 17 12 45 27 11 4 16 0 6 32 
22 34 26 5 8 36 38 14 42 18 44 38 45 33 0 44 
13 41 11 49 38 42 45 28 39 7 34 18 7 37 26 0 
10 0 7 9 37 20 24 9 20 22 35 10 46 36 14 24 
30 23 0 30 2 14 20 43 17 18 41 28 6 38 49 25 
18 31 28 0 16 8 37 29 8 13 20 5 22 40 14 29 
46 9 15 16 0 27 11 39 6 24 7 17 40 42 47 42 
19 22 21 47 17 0 29 19 20 6 37 2 15 17 32 10 
48 4 3 39 45 20 0 42 23 22 14 30 26 4 10 42 
48 37 12 21 2 33 1 0 43 47 50 28 39 9 29 26 
47 22 24 14 9 14 38 3 0 2 23 28 50 50 34 38 
4 15 10 15 40 15 4 47 31 0 27 47 11 6 39 18 
31 33 45 46 18 8 2 41 2 29 0 11 34 10 48 25 
34 2 10 10 47 13 29 45 39 12 43 0 25 44 38 12 
4 32 15 35 42 45 6 4 16 30 2 25 0 9 37 30 
31 44 49 7 43 46 1 47 43 5 3 39 6 0 35 25 
34 9 3 41 26 29 20 25 7 30 29 48 45 31 0 46 
39 21 9 9 31 50 27 37 46 16 3 36 22 31 40 0 
7 0 50 20 41 47 43 23 19 11 1 12 19 43 27 15 
48 7 0 17 47 17 32 30 48 5 25 7 22 8 25 23 
44 48 45 0 18 24 29 29 4 34 3 17 3 48 8 20 
32 34 11 31 0 19 47 19 26 15 8 27 3 15 17 40 
22 16 45 39 8 0 14 24 26 4 36 19 3 33 45 50 
30 33 40 36 44 23 0 12 27 6 26 25 23 30 10 47 
27 15 38 44 32 1 9 0 9 1 6 8 9 7 46 50 
45 37 31 15 28 45 13 30 0 23 17 10 40 39 14 33 
41 44 16 8 9 5 16 39 14 0 50 22 24 40 30 36 
15 6 31 7 32 39 43 16 32 2 0 14 35 15 28 23 
12 20 46 18 15 14 44 49 37 45 29 0 48 18 16 7 
22 24 1 37 3 5 9 32 32 44 49 29 0 34 7 45 
21 1 12 41 38 2 28 22 15 23 21 7 44 0 12 3 
41 25 50 26 31 41 35 28 25 19 4 38 14 24 0 16 
36 10 43 43 25 29 37 27 29 5 44 3 36 15 32 0 
48 0 15 21 30 4 25 29 9 26 5 37 23 38 23 35 
14 15 0 48 50 38 12 15 2 37 25 5 49 22 22 37 
39 49 14 0 43 21 39 18 35 21 42 7 2 17 38 39 
6 49 4 45 0 41 30 5 37 28 21 34 14 34 6 49 
27 7 37 39 16 0 38 10 45 3 46 47 31 27 8 31 
11 48 14 49 19 7 0 45 28 31 8 34 13 36 23 38 
25 34 29 23 16 50 15 0 28 23 2 47 5 2 49 45 
50 29 29 47 10 36 50 36 0 38 43 32 29 7 32 32 
25 24 23 15 22 13 2 4 43 0 32 47 20 42 48 23 
2 43 30 37 9 6 35 39 13 2 0 26 49 42 31 34 
21 9 47 41 27 23 33 37 28 32 48 0 25 37 16 14 
17 9 39 15 41 40 50 20 23 26 40 35 0 10 14 47 
15 10 24 9 11 39 24 2 21 50 20 6 3 0 6 11 
32 49 24 49 36 18 11 27 41 45 22 39 25 15 0 37 
38 23 24 31 18 39 1 28 6 26 43 7 19 16 21 0 
34 0 47 15 12 45 42 12 12 28 30 5 34 34 15 39 
50 50 0 38 34 12 48 33 22 38 23 32 21 18 24 43 
11 43 12 0 20 11 25 25 13 21 46 27 12 47 2 14 
5 18 14 17 0 27 44 20 35 5 24 2 25 27 39 14 
22 44 39 36 19 0 12 22 15 4 14 25 37 17 39 36 
36 36 20 25 18 14 0 8 2 47 49 42 8 8 46 10 
1 49 24 8 24 33 24 0 12 34 2 34 4 10 3 2 
8 3 47 19 39 16 5 2 0 21 50 15 43 42 37 28 
5 15 20 45 14 27 14 10 15 0 3 13 25 37 24 35 
11 48 49 46 42 39 11 39 7 45 0 46 47 3 8 10 
41 33 25 6 47 19 35 16 39 25 44 0 44 33 17 26 
41 19 29 36 40 18 44 46 45 40 45 27 0 13 1 19 
31 11 2 6 13 31 1 32 27 17 27 32 11 0 21 48 
46 29 22 31 4 28 18 17 19 42 47 37 30 17 0 3 
42 22 16 21 45 34 42 27 4 46 41 38 2 20 13 0 
36 0 34 25 47 45 17 5 32 47 42 13 44 33 14 17 
44 21 0 15 25 26 5 17 40 27 14 4 2 18 36 14 
41 17 48 0 6 7 13 12 34 23 36 37 41 19 29 33 
41 10 14 38 0 3 21 23 28 45 9 20 44 49 33 42 
16 38 47 34 1 0 47 46 27 8 4 33 38 43 39 39 
14 48 12 45 24 45 0 38 31 33 43 18 39 4 48 38 
20 14 1 32 21 50 45 0 36 28 36 45 33 7 35 20 
33 30 39 6 45 23 33 4 0 10 47 28 8 14 41 34 
8 43 30 20 35 20 38 12 19 0 39 20 12 34 9 29 
12 32 46 13 10 39 1 48 3 16 0 37 10 41 35 44 
43 32 45 45 29 3 3 37 50 1 46 0 19 21 17 26 
11 50 46 31 36 46 12 1 31 45 8 45 0 28 5 48 
11 47 28 25 47 38 18 39 30 27 9 46 46 0 13 15 
20 30 31 27 5 38 14 10 49 49 31 31 14 50 0 22 
8 26 32 3 41 50 42 47 21 38 43 12 16 5 27 0 
1 0 16 39 17 26 28 14 1 1 11 47 37 29 27 16 
8 4 0 39 9 19 34 14 44 22 15 29 34 11 39 12 
26 49 6 0 23 48 16 43 48 25 44 44 26 32 42 45 
13 13 20 5 0 31 40 23 7 36 44 37 23 17 2 47 
45 4 13 39 35 0 48 31 6 29 1 15 7 14 16 25 
8 32 2 28 3 16 0 14 7 8 23 3 42 20 30 12 
43 27 46 29 50 41 14 0 44 7 47 32 8 42 5 17 
33 10 42 12 36 5 21 40 0 50 31 31 48 5 16 32 
7 12 26 18 8 38 12 36 17 0 34 45 39 46 31 21 
9 23 3 42 40 44 1 9 45 7 0 23 38 46 48 19 
44 9 28 25 41 21 32 24 47 29 22 0 25 25 28 41 
17 26 9 30 22 8 45 14 26 39 6 3 0 32 12 35 
1 16 38 48 40 37 11 21 41 50 28 50 6 0 13 18 
20 27 31 5 41 48 29 17 26 11 49 46 3 37 0 36 
18 50 13 12 28 7 37 27 38 5 6 5 19 30 45 0 
9 0 40 2 9 20 30 22 28 21 38 23 49 12 38 42 
41 9 0 35 6 32 29 37 44 35 12 33 50 44 1 35 
44 11 37 0 32 3 10 45 44 17 6 47 23 42 25 6 
8 26 40 47 0 14 48 21 14 49 17 23 46 17 47 38 
30 29 28 37 45 0 13 13 30 36 32 47 15 18 50 36 
6 45 19 29 4 8 0 11 47 37 38 23 47 39 16 31 
14 28 48 30 26 18 46 0 6 31 44 46 46 5 15 17 
33 3 14 13 11 28 27 38 0 44 31 20 32 41 49 22 
16 25 14 6 19 20 18 38 24 0 18 10 40 39 36 9 
12 6 33 21 6 20 33 27 6 3 0 37 40 5 50 6 
37 6 7 10 29 22 32 50 47 48 16 0 15 41 45 1 
38 39 3 35 19 15 50 20 44 2 33 48 0 9 3 32 
30 14 39 18 32 5 33 30 7 38 31 7 36 0 24 41 
5 43 32 5 16 49 37 20 32 42 37 36 14 8 0 47 
24 23 47 16 18 2 27 23 13 46 6 10 47 47 39 0 
8 0 14 47 4 47 40 17 5 38 34 43 44 8 27 45 
20 20 0 22 11 15 8 10 21 6 39 29 21 19 9 11 
39 41 23 0 44 35 23 39 10 11 7 7 19 10 32 25 
9 19 46 19 0 27 36 39 36 33 31 48 44 42 15 19 
19 48 46 27 45 0 3 21 15 43 22 32 10 11 4 8 
39 1 39 31 31 10 0 25 1 33 25 1 5 41 13 37 
30 48 46 43 39 9 24 0 33 38 23 38 5 4 47 46 
27 28 33 25 42 48 6 11 0 35 9 45 48 13 3 45 
48 31 2 6 43 35 15 18 16 0 49 16 18 2 9 43 
5 22 5 38 49 23 22 16 22 40 0 24 37 11 34 44 
12 11 31 44 26 7 3 49 4 11 12 0 10 18 27 26 
31 5 2 42 5 24 43 26 4 22 26 16 0 31 17 19 
48 5 35 22 38 6 37 8 34 37 3 23 1 0 27 37 
14 5 40 46 10 20 35 19 30 21 20 35 27 22 0 50 
42 23 33 36 14 8 26 47 40 21 44 47 19 6 2 0 
1 0 42 50 18 9 22 27 36 7 49 13 36 5 1 18 
21 11 0 37 34 45 31 41 16 14 30 38 9 1 26 17 
24 17 13 0 28 21 28 36 10 14 29 15 37 26 37 1 
22 21 47 22 0 50 34 11 35 11 22 10 27 37 39 21 
14 27 10 41 26 0 46 24 27 30 41 36 2 23 6 31 
44 16 30 13 8 18 0 12 29 27 33 14 33 2 6 12 
2 50 21 44 16 39 27 0 35 11 6 49 44 17 31 15 
33 38 29 31 29 44 47 25 0 32 4 2 48 34 8 13 
14 22 22 19 40 36 31 30 41 0 42 17 31 19 7 9 
24 46 49 12 1 26 4 22 28 18 0 5 26 40 41 15 
41 44 28 49 42 28 23 49 42 29 2 0 9 39 39 13 
14 28 18 24 31 6 49 22 7 37 10 50 0 44 1 35 
11 41 40 26 1 24 4 21 16 31 1 48 8 0 34 50 
17 16 33 15 5 27 9 17 10 9 43 22 21 12 0 33 
28 30 48 7 18 12 20 13 38 40 11 8 3 43 30 0 
9 0 42 39 8 20 45 18 30 47 9 3 25 30 18 9 
2 33 0 9 33 3 22 50 1 16 38 48 3 46 26 44 
20 7 24 0 31 1 1 34 13 42 38 11 1 1 49 16 
38 41 46 29 0 38 28 49 20 41 9 9 42 23 21 23 
43 22 4 3 39 0 47 1 50 17 9 19 21 18 46 42 
22 49 3 1 1 8 0 7 17 38 17 21 37 33 22 42 
10 11 43 20 45 39 47 0 49 10 20 37 42 29 21 20 
7 32 24 50 38 10 39 23 0 20 16 36 6 17 36 19 
10 18 28 25 50 8 28 49 1 0 3 25 1 43 31 14 
17 29 47 19 10 40 14 34 34 33 0 21 39 23 5 10 
34 31 13 41 11 19 14 4 22 12 30 0 34 23 47 13 
9 47 42 7 49 8 10 48 26 30 46 35 0 45 43 29 
20 5 44 42 20 45 39 2 20 45 3 25 26 0 8 31 
6 41 38 21 24 25 47 17 6 2 25 33 37 12 0 15 
35 20 12 43 42 25 40 31 28 19 21 45 22 12 47 0 
34 0 35 41 46 24 5 47 24 20 5 23 39 39 41 45 
12 2 0 41 6 11 34 13 33 16 7 17 11 10 3 3 
30 25 5 0 10 19 41 43 42 38 10 38 47 43 38 20 
37 1 41 33 0 7 19 5 17 2 13 21 2 25 40 8 
45 38 21 17 26 0 48 34 30 22 5 19 11 3 46 23 
38 21 46 46 21 16 0 20 28 46 34 26 8 4 47 48 
39 19 3 31 16 1 26 0 26 13 22 3 22 19 28 38 
9 2 22 30 26 1 7 29 0 19 42 26 10 25 33 50 
40 31 33 25 16 1 9 23 30 0 22 12 46 33 24 18 
45 1 50 9 26 24 37 25 22 48 0 33 40 34 39 41 
42 2 43 13 33 23 39 45 13 38 50 0 30 42 8 14 
5 24 5 2 48 25 11 17 8 27 4 7 0 12 28 33 
12 26 34 40 31 11 3 20 42 46 6 7 38 0 21 26 
44 45 17 8 43 9 35 33 41 17 31 35 36 37 0 30 
17 27 18 30 26 25 46 3 28 4 3 5 14 6 43 0 
18 0 24 46 32 33 9 41 5 35 25 27 43 43 24 50 
27 17 0 34 13 30 29 40 8 45 2 48 43 39 5 41 
5 22 27 0 49 49 8 39 5 4 21 27 23 33 6 50 
32 4 29 29 0 28 36 22 1 27 14 29 16 1 30 35 
17 2 1 45 20 0 5 17 44 26 42 38 13 30 42 4 
7 7 3 46 20 45 0 14 10 28 5 34 21 1 36 21 
43 38 25 19 5 25 22 0 39 36 45 16 10 4 37 40 
24 42 9 23 8 22 13 6 0 11 41 3 43 24 40 37 
35 17 9 5 50 50 38 12 38 0 30 35 19 18 1 5 
36 11 24 38 32 43 12 28 29 50 0 30 33 15 29 2 
33 49 49 49 11 49 1 49 37 41 36 0 31 22 44 23 
3 46 5 6 5 42 19 36 9 45 23 40 0 31 6 21 
17 24 33 37 48 36 21 19 41 6 35 12 37 0 48 46 
13 41 34 6 48 34 28 9 24 10 14 13 41 5 0 38 
10 21 44 17 24 13 48 35 47 37 32 28 15 1 21 0 
31 0 33 39 13 33 33 7 25 8 38 40 15 10 27 34 
24 31 0 14 3 47 15 19 21 25 34 15 6 37 19 16 
6 14 9 0 4 30 31 25 28 23 6 3 46 36 29 34 
48 38 9 14 0 14 2 15 13 4 6 12 13 15 30 18 
27 20 6 43 32 0 27 7 7 47 3 49 3 42 48 44 
20 33 42 41 36 28 0 48 24 6 15 42 1 5 48 18 
19 10 49 6 30 34 40 0 44 48 8 42 32 12 11 15 
50 24 15 10 37 30 22 25 0 44 41 29 46 1 29 40 
26 2 10 29 35 39 4 36 19 0 11 30 39 44 33 44 
46 37 14 41 15 19 37 46 11 39 0 48 36 6 15 1 
38 39 16 8 33 41 23 33 26 26 46 0 38 47 50 8 
41 28 42 50 45 43 33 11 14 22 40 6 0 49 41 37 
4 49 22 18 23 41 24 37 1 4 24 4 38 0 15 20 
32 40 47 4 48 20 45 6 21 8 5 29 3 37 0 44 
35 24 43 40 23 48 16 30 27 17 18 42 41 46 21 0 
40 0 46 46 44 40 50 10 46 43 18 9 43 1 10 18 
13 22 0 50 8 20 1 11 49 43 23 16 11 20 38 30 
29 4 10 0 1 19 10 34 9 47 44 25 29 50 23 15 
5 16 20 9 0 5 47 42 34 27 20 29 48 3 22 24 
40 40 8 14 39 0 5 33 1 42 9 29 13 3 15 46 
23 12 27 29 19 1 0 42 11 34 34 37 21 34 31 41 
13 31 38 23 4 35 21 0 37 34 10 22 15 28 1 26 
34 40 20 31 48 17 21 25 0 3 24 49 29 25 30 2 
35 50 21 2 46 48 26 30 11 0 11 3 25 43 19 47 
36 14 11 8 50 48 1 3 34 24 0 42 6 35 50 6 
6 46 7 32 25 23 45 27 6 28 9 0 10 9 21 45 
43 29 7 7 39 35 19 17 30 5 35 47 0 38 28 4 
43 42 31 6 6 8 18 11 45 25 42 37 6 0 31 42 
38 42 33 39 32 14 50 29 12 21 37 29 28 28 0 41 
26 8 49 2 36 18 30 4 16 38 25 18 12 32 48 0 
