33
30
35 0 6 39 12 32 43 31 38 36 23 19 3 19 41 32 31 15 1 46 17 43 41 20 40 24 15 31 3 5 42 
5 31 0 13 45 7 10 11 9 26 38 17 48 9 19 46 18 43 32 20 4 28 42 2 46 39 45 37 50 38 18 
13 28 33 0 44 19 39 40 25 35 23 21 6 26 8 1 45 32 2 44 7 22 49 33 2 15 13 29 17 6 12 
24 11 21 8 0 26 39 16 16 50 8 28 19 47 47 34 22 17 44 46 45 14 35 6 32 46 14 45 32 29 7 
10 24 19 24 50 0 10 36 18 32 13 30 17 2 36 29 4 2 37 18 44 46 35 22 11 49 39 5 40 12 13 
44 34 37 44 49 5 0 50 24 48 25 37 49 12 34 16 47 33 21 3 43 13 9 15 36 11 25 3 9 26 12 
5 47 7 20 19 46 30 0 9 38 25 5 28 39 44 7 48 24 38 45 2 6 35 37 20 50 35 19 1 33 24 
3 41 49 36 20 40 43 42 0 15 20 17 25 33 29 38 35 20 22 29 14 2 15 14 25 6 20 10 37 21 34 
27 30 26 14 23 14 30 3 24 0 17 5 32 23 26 35 31 3 8 32 16 15 48 22 19 23 39 28 25 31 1 
31 7 22 32 43 38 50 20 7 25 0 5 18 48 13 10 21 42 39 40 26 18 3 5 6 19 30 9 7 41 35 
37 6 23 24 37 49 10 42 33 47 32 0 33 2 8 11 48 50 10 10 3 47 39 35 5 33 29 2 17 13 14 
30 43 29 23 38 50 45 25 26 11 11 50 0 7 43 44 35 1 47 45 22 30 49 48 39 38 49 22 18 41 9 
47 43 30 19 18 40 5 30 20 12 4 26 35 0 49 42 48 32 42 12 49 28 5 22 42 35 31 46 40 35 40 
29 27 35 17 14 18 21 39 26 5 30 21 28 34 0 18 5 15 49 47 40 17 30 7 42 32 43 22 38 34 38 
45 16 45 31 33 27 41 18 36 25 27 44 17 8 19 0 8 28 39 24 31 16 47 43 45 23 49 20 43 36 22 
47 34 5 38 10 15 26 47 1 41 14 47 14 23 14 24 0 14 50 24 25 15 33 14 4 23 48 23 50 8 35 
8 49 33 14 28 44 39 29 48 5 32 32 38 34 18 19 34 0 20 32 50 35 21 20 11 8 14 20 2 16 13 
43 26 40 17 34 15 15 50 46 20 35 35 3 19 43 34 46 31 0 36 4 14 3 19 8 50 37 29 22 7 14 
25 38 14 35 13 6 43 22 50 3 5 35 25 12 16 50 19 1 19 0 24 19 40 16 13 50 40 8 32 17 48 
37 43 44 32 46 47 22 18 7 38 42 25 31 34 49 30 29 7 43 1 0 19 29 4 33 46 35 23 2 36 23 
48 11 6 3 17 13 41 43 17 20 28 1 44 31 32 45 9 32 14 20 11 0 1 40 17 29 8 39 11 37 11 
24 21 33 35 40 31 19 29 18 37 39 37 41 23 23 18 36 24 1 2 27 42 0 38 16 13 47 22 40 24 9 
24 31 7 6 46 8 19 10 41 2 26 30 15 27 31 25 11 17 44 12 23 16 10 0 36 34 33 33 17 22 43 
10 30 6 9 14 9 30 35 28 15 50 26 33 50 26 48 28 12 35 38 37 6 46 13 0 37 8 21 21 22 13 
25 2 38 48 42 46 24 6 13 23 45 26 39 29 12 47 33 10 10 37 6 22 32 35 7 0 5 35 44 23 6 
38 10 14 15 41 49 38 35 8 30 24 22 49 13 43 11 17 17 1 40 25 12 11 36 7 4 0 20 4 42 38 
12 31 34 7 36 36 13 25 39 13 9 49 2 30 13 35 23 20 42 46 39 18 43 33 31 27 49 0 29 8 38 
29 35 44 21 19 43 39 42 27 8 49 43 29 38 31 27 10 32 23 23 31 50 13 46 50 44 38 1 0 27 10 
38 35 17 1 34 25 6 32 12 20 46 31 44 34 48 46 40 5 3 5 17 18 6 36 7 30 23 48 22 0 26 
6 39 16 18 21 15 27 28 4 7 22 28 20 3 28 50 7 29 49 4 4 33 49 22 43 20 29 31 45 5 0 
2 0 8 11 37 15 8 15 26 14 34 20 13 2 46 34 39 48 4 9 7 23 45 50 18 22 23 41 45 25 1 
37 46 0 33 49 5 14 18 34 38 20 36 31 15 15 34 42 32 3 39 5 23 25 23 38 33 8 9 43 15 43 
18 21 2 0 14 48 25 30 3 41 21 22 15 17 39 22 42 30 35 35 31 41 38 6 21 29 12 23 46 17 48 
5 25 19 45 0 3 15 30 2 18 10 12 30 12 19 33 8 9 35 16 41 28 25 9 35 3 30 15 31 35 36 
2 35 36 44 16 0 47 46 22 36 8 12 28 17 25 19 11 26 38 38 21 4 38 30 27 20 30 16 34 42 23 
50 50 17 32 8 28 0 45 19 3 37 12 37 50 9 29 1 8 34 16 43 5 28 43 15 33 15 5 10 24 36 
31 12 30 13 9 13 11 0 36 18 42 17 7 36 2 9 17 39 22 48 20 23 33 19 50 19 23 7 3 50 43 
23 35 45 17 7 50 7 37 0 1 17 40 23 16 24 26 48 42 42 7 16 26 34 12 5 14 49 44 30 45 36 
6 9 36 25 19 32 12 20 46 0 9 10 2 21 31 30 50 17 45 25 21 31 16 47 34 18 40 23 40 3 8 
7 27 43 15 12 32 37 42 6 45 0 36 23 47 48 6 24 13 32 26 14 33 49 6 24 6 41 12 3 8 29 
9 22 17 38 3 33 10 7 20 48 14 0 26 40 30 35 9 19 49 28 44 28 42 15 39 26 8 22 20 10 21 
20 35 34 27 36 15 6 9 46 23 15 6 0 12 29 1 8 10 26 40 47 22 14 25 14 2 17 8 29 13 45 
12 41 47 49 28 29 42 14 44 21 4 10 4 0 5 29 22 31 37 38 19 49 46 30 14 50 7 10 20 25 20 
7 27 47 2 12 25 9 13 1 23 16 46 32 19 0 43 12 11 20 36 30 37 22 41 44 46 17 11 34 50 21 
19 22 39 25 14 27 14 2 44 5 13 18 36 16 3 0 3 14 12 21 38 47 41 35 46 33 36 37 4 6 46 
15 26 13 30 4 44 8 7 5 17 49 9 27 32 17 20 0 36 25 42 44 3 50 14 12 25 29 38 44 43 29 
40 10 47 49 40 38 5 7 13 9 46 7 7 4 40 39 15 0 4 29 14 50 13 12 13 43 16 12 1 6 25 
7 15 15 27 27 39 12 28 42 30 15 30 12 33 49 46 43 10 0 23 36 15 34 15 30 30 28 49 35 6 24 
27 4 1 39 2 32 43 31 28 1 27 37 12 50 49 20 1 30 14 0 48 23 2 29 20 10 24 50 36 48 49 
41 28 22 18 3 12 30 24 32 18 4 13 33 23 10 29 22 16 31 10 0 28 19 21 9 2 25 26 31 30 29 
32 7 33 29 10 49 15 45 47 38 41 28 49 47 45 11 19 6 11 32 2 0 34 6 38 22 22 8 14 17 28 
36 49 45 3 36 47 30 5 13 11 14 28 20 43 19 50 21 24 15 42 7 20 0 20 48 28 49 2 45 7 39 
42 2 29 19 3 42 34 46 12 48 31 15 44 1 18 24 15 13 20 23 1 34 50 0 26 22 16 30 47 25 37 
46 35 48 25 19 12 50 1 41 27 17 26 13 17 11 42 26 20 31 4 34 40 26 35 0 38 9 3 3 48 37 
13 37 21 25 3 46 17 20 32 6 25 15 22 43 6 26 22 33 15 30 41 10 17 22 3 0 6 10 14 37 11 
10 47 4 5 14 30 5 38 15 16 26 7 38 25 29 20 18 33 29 12 38 21 39 18 47 3 0 21 50 23 47 
37 3 33 22 47 29 11 17 29 27 22 34 18 50 4 34 23 42 43 34 38 27 35 25 24 39 9 0 36 9 12 
9 5 16 19 29 24 24 17 29 1 9 2 5 3 41 4 4 39 14 13 31 30 8 40 9 11 18 9 0 48 8 
20 26 8 18 18 17 19 50 22 31 11 7 14 42 25 37 23 33 34 21 36 21 23 47 31 30 48 27 11 0 19 
6 16 19 21 32 34 44 37 36 25 35 5 18 33 3 25 16 16 15 22 39 36 25 28 22 50 4 12 37 39 0 
19 0 43 39 3 26 45 38 43 11 41 43 36 48 10 37 32 3 40 45 7 14 33 12 39 31 21 42 42 50 32 
31 33 0 50 48 7 42 16 15 8 8 38 24 6 24 30 3 39 15 42 40 47 14 17 31 25 36 32 1 23 6 
4 46 44 0 29 11 10 36 1 4 45 17 39 33 38 20 41 28 38 9 28 32 27 1 10 36 17 17 20 23 21 
11 15 42 2 0 4 42 30 27 14 21 18 38 12 47 23 8 32 30 12 35 9 45 43 46 24 28 46 35 43 44 
44 17 28 33 35 0 3 48 31 34 28 11 1 24 39 11 45 15 5 37 28 35 37 9 38 12 17 23 47 29 26 
47 46 35 20 27 1 0 10 29 13 21 11 2 46 34 25 8 21 4 36 30 13 42 48 15 9 7 8 41 21 19 
31 2 3 9 32 16 17 0 5 12 10 35 37 42 17 18 34 41 26 14 5 46 19 11 49 13 6 49 20 11 21 
44 20 8 45 40 10 50 38 0 2 10 41 17 42 26 46 27 50 31 48 26 16 33 28 17 23 13 41 4 46 27 
17 48 44 42 17 15 29 48 27 0 8 35 3 25 5 14 30 27 36 4 36 6 18 22 36 5 11 43 42 22 28 
20 47 43 25 43 44 23 50 10 31 0 49 2 5 40 41 14 9 24 3 43 36 5 50 10 22 50 26 9 38 6 
23 38 26 50 39 39 11 50 12 21 7 0 27 26 23 38 4 14 33 45 42 3 20 39 29 43 15 47 34 4 43 
18 15 13 4 9 11 26 5 2 3 3 9 0 12 33 37 9 30 27 22 18 37 44 14 47 4 4 50 48 8 25 
42 28 46 20 3 43 15 22 15 27 29 9 32 0 43 39 44 8 6 43 34 36 21 12 37 7 25 2 16 1 6 
12 29 48 28 11 26 14 43 30 45 45 8 12 45 0 40 28 13 21 9 10 46 44 5 24 39 22 16 10 13 29 
41 49 22 10 16 50 11 5 33 13 31 16 26 49 40 0 28 9 17 47 29 12 31 8 41 10 18 24 24 39 39 
10 4 30 2 4 46 37 3 30 40 18 8 39 46 30 31 0 19 7 35 11 14 50 13 35 17 11 42 31 1 49 
26 38 16 44 4 28 37 25 45 44 42 6 38 8 12 4 42 0 12 12 30 50 18 39 28 26 10 41 45 35 44 
4 7 3 31 15 30 43 46 43 3 44 44 12 41 20 8 13 6 0 24 13 19 31 20 21 50 9 49 39 19 44 
37 42 40 2 41 36 4 7 44 32 12 46 20 9 36 6 7 49 9 0 18 48 35 22 23 25 24 38 32 32 7 
32 5 28 49 16 3 5 10 1 34 5 6 13 42 1 23 11 11 36 45 0 2 1 30 1 46 3 21 18 28 18 
49 22 26 38 1 8 19 21 43 34 1 48 48 25 14 43 23 30 22 2 13 0 27 47 38 5 32 25 27 3 14 
32 37 32 34 36 33 31 26 42 44 5 40 18 2 44 5 3 5 37 4 30 42 0 47 26 5 22 26 38 33 20 
34 42 18 29 2 15 16 15 40 32 12 47 38 29 48 23 9 45 45 50 29 20 41 0 50 34 41 41 7 29 14 
8 43 43 23 10 13 22 39 1 29 40 39 16 6 42 33 5 19 29 33 13 31 44 33 0 41 14 2 19 46 12 
25 9 37 27 25 19 5 15 19 35 1 21 45 16 11 41 5 35 8 2 37 22 28 47 1 0 27 50 10 32 46 
12 4 44 40 5 31 3 39 32 23 29 40 50 45 32 43 36 28 23 1 10 17 11 44 25 3 0 32 40 26 48 
20 45 33 23 23 48 27 6 12 31 38 16 4 35 23 47 23 33 15 9 42 22 38 32 37 45 43 0 50 15 2 
49 13 14 35 4 34 7 27 23 35 17 31 17 43 14 44 14 26 22 29 31 50 25 18 6 48 8 2 0 36 28 
5 27 42 10 32 26 3 20 32 39 40 46 11 31 42 12 6 46 19 44 32 17 29 36 22 50 38 46 29 0 6 
27 6 41 45 30 40 39 7 11 38 41 45 45 33 39 35 39 45 26 45 43 12 34 43 47 38 49 6 38 33 0 
38 0 8 42 26 13 35 5 17 2 3 23 49 35 31 4 37 23 46 48 38 11 44 20 34 14 15 23 49 48 42 
41 34 0 20 29 1 33 4 20 21 4 30 23 43 24 23 45 28 4 40 11 16 3 8 1 22 45 38 8 13 48 
13 7 20 0 10 12 40 30 6 30 21 34 4 26 45 8 39 1 47 12 19 38 19 10 37 27 39 26 19 8 7 
46 46 7 23 0 42 24 4 34 12 33 16 22 24 20 27 13 27 14 44 34 44 42 47 44 11 44 48 33 34 24 
15 11 49 24 26 0 38 47 4 4 34 35 18 36 29 4 16 46 41 10 14 12 12 26 24 13 4 50 13 12 48 
27 22 50 38 19 5 0 24 1 45 40 16 24 11 10 49 27 6 18 41 46 49 8 23 20 12 3 36 25 11 22 
38 34 42 6 8 14 18 0 48 11 49 43 46 47 21 48 39 2 16 25 37 49 33 22 16 49 20 49 30 26 17 
20 49 40 23 2 33 32 5 0 3 36 9 9 7 43 4 4 12 2 23 24 2 21 50 24 24 5 12 26 7 38 
15 38 22 45 30 44 6 24 19 0 16 7 47 13 40 29 40 26 30 13 46 9 47 8 3 16 49 49 17 50 47 
21 6 48 15 21 21 37 13 14 10 0 48 38 34 8 18 5 8 11 46 34 30 33 14 12 30 19 31 20 29 31 
46 39 24 22 45 2 49 49 20 8 4 0 14 17 4 48 21 14 1 35 11 42 39 22 17 18 38 43 37 36 3 
41 18 35 34 15 10 15 12 13 17 6 10 0 41 38 30 17 17 11 14 9 5 31 35 19 39 8 18 7 4 8 
9 12 13 18 17 37 29 33 40 39 6 3 39 0 19 5 33 48 34 37 2 22 32 24 27 48 11 33 16 45 7 
42 9 8 5 8 45 47 23 22 44 38 34 22 25 0 3 3 42 17 14 6 10 35 20 3 36 28 39 36 20 7 
5 14 38 33 48 48 45 34 11 11 36 25 13 43 15 0 38 11 50 24 46 19 16 3 39 48 8 39 6 20 31 
6 11 4 15 40 24 46 40 28 6 8 9 6 3 21 36 0 23 27 38 48 17 40 13 25 38 39 11 49 36 40 
10 39 14 31 5 26 22 48 4 41 43 22 22 19 39 10 10 0 50 19 13 36 12 19 22 14 17 49 30 27 1 
14 47 4 38 46 19 45 25 49 45 14 25 24 47 6 46 18 44 0 36 28 29 12 31 24 5 48 21 42 18 39 
27 43 21 3 28 46 18 35 23 20 16 35 2 25 49 11 38 22 17 0 19 50 6 44 49 22 2 17 31 34 48 
48 3 8 11 19 22 5 22 19 10 28 34 21 17 13 44 11 7 25 44 0 11 49 26 49 39 22 50 22 31 27 
30 37 1 25 22 13 28 42 6 28 7 17 4 7 41 17 35 28 37 29 42 0 11 6 41 38 50 28 9 22 48 
23 33 41 43 31 41 33 47 45 1 17 20 1 48 37 44 46 19 9 23 38 22 0 36 3 35 19 32 11 38 23 
35 19 20 9 5 25 26 11 27 1 34 39 34 36 12 23 11 9 4 44 4 10 1 0 50 10 1 48 39 9 13 
10 22 10 22 17 49 50 42 43 13 19 35 43 9 39 50 39 1 42 13 9 23 8 44 0 19 26 18 21 49 5 
28 37 3 14 41 13 29 12 19 13 24 19 16 41 26 20 17 43 11 11 12 47 48 47 4 0 37 15 16 4 42 
31 29 43 39 36 32 33 29 18 27 21 27 32 29 39 40 8 17 19 50 9 25 11 39 43 31 0 40 7 10 4 
48 14 9 28 33 45 26 28 6 44 37 39 26 35 41 36 16 20 8 15 30 48 48 4 34 6 19 0 5 46 6 
43 27 19 14 29 7 19 4 46 45 15 30 12 25 13 20 50 26 48 8 15 20 49 46 25 50 16 5 0 45 27 
27 21 32 1 1 11 21 12 6 34 17 12 24 14 1 50 37 24 41 14 7 43 8 39 41 23 28 23 40 0 29 
42 14 10 20 19 44 49 11 24 3 50 38 21 14 41 4 47 36 46 25 14 43 15 31 20 34 14 44 10 28 0 
33 0 48 23 27 43 3 3 4 45 7 2 26 50 38 15 19 23 44 48 38 27 42 27 15 16 49 50 29 50 35 
30 5 0 2 46 21 2 15 44 22 39 1 43 41 39 24 38 44 27 17 2 12 20 46 23 1 42 21 9 11 44 
4 24 5 0 11 27 47 25 4 18 14 4 29 23 10 37 35 1 39 42 29 6 24 13 49 24 10 9 29 45 29 
31 7 33 28 0 35 28 38 31 12 27 13 40 9 3 48 33 48 37 36 16 41 33 18 33 39 31 11 6 37 18 
39 46 9 39 33 0 48 47 45 25 10 48 20 27 15 16 16 15 10 2 42 13 22 44 30 39 49 39 50 40 5 
17 33 44 45 38 18 0 32 20 21 50 36 3 12 27 19 21 7 3 17 23 16 2 5 46 5 17 3 30 1 35 
10 47 6 21 44 15 27 0 32 28 49 35 45 40 3 6 10 10 18 11 18 42 36 34 18 39 16 29 49 41 22 
16 2 20 37 41 40 48 42 0 33 4 45 26 26 19 39 21 12 2 40 46 7 35 20 33 43 24 14 38 32 28 
37 28 42 6 34 33 26 3 12 0 17 12 19 35 7 24 17 11 15 30 18 4 27 9 46 16 31 33 37 44 17 
26 10 10 6 18 17 35 21 36 6 0 46 10 41 24 34 38 1 13 9 27 14 49 9 15 25 11 20 47 41 3 
50 39 9 46 41 2 9 30 40 8 33 0 40 30 24 23 45 37 36 12 28 31 20 29 18 4 28 2 46 32 7 
48 39 30 33 7 8 1 45 33 32 30 22 0 24 2 45 24 20 36 43 31 25 34 35 14 23 30 11 42 42 14 
1 14 49 33 10 45 11 48 18 16 44 42 4 0 31 48 9 46 27 24 31 8 16 4 1 32 14 4 17 10 27 
47 10 4 19 31 17 24 42 43 50 14 22 19 27 0 37 34 31 5 16 15 34 34 18 12 6 36 10 48 1 47 
41 44 39 41 19 35 38 35 50 32 36 5 35 24 18 0 37 48 27 15 49 33 50 2 46 43 13 42 43 13 46 
7 26 41 47 10 20 34 28 9 3 46 47 6 34 29 30 0 50 45 44 20 39 33 33 3 14 42 42 43 49 6 
44 46 22 4 25 10 15 39 15 48 3 20 19 12 3 37 45 0 18 17 14 14 47 49 44 8 24 44 38 34 18 
29 41 30 3 10 1 25 2 9 19 15 12 30 47 17 19 15 22 0 50 27 47 24 27 35 43 47 47 29 46 2 
17 28 6 47 20 12 40 16 3 2 12 43 10 48 50 2 18 2 27 0 40 9 22 38 7 21 5 15 45 11 13 
5 47 7 8 3 37 7 33 28 6 29 50 19 49 15 5 15 29 36 41 0 30 46 2 7 43 45 40 49 26 15 
47 46 5 41 48 16 37 2 46 13 46 35 24 22 11 10 4 40 42 17 40 0 37 9 21 34 10 46 50 16 8 
47 8 7 13 9 34 46 28 1 50 18 13 33 24 46 45 22 31 47 34 41 1 0 7 10 26 11 37 35 7 39 
21 38 37 39 16 38 28 11 14 28 14 26 40 43 50 27 5 36 26 39 38 15 4 0 32 17 47 2 48 38 49 
47 12 22 12 30 31 27 45 8 8 18 11 18 20 20 15 12 15 10 49 6 2 10 18 0 1 6 34 5 22 19 
37 30 24 15 31 3 5 28 14 20 1 11 28 18 22 28 48 35 13 2 36 37 39 39 43 0 46 3 4 11 24 
47 22 23 39 22 38 37 3 39 17 11 34 2 41 49 46 24 42 46 24 9 50 43 20 34 50 0 42 35 23 36 
1 1 18 40 23 29 38 39 47 35 41 45 46 46 42 2 36 48 41 47 22 11 9 38 16 48 30 0 3 6 22 
47 3 30 4 17 10 17 13 19 20 8 36 46 12 33 14 4 48 29 33 14 44 45 26 15 40 43 31 0 24 26 
50 36 34 25 38 39 16 43 29 32 36 24 30 21 40 36 16 47 5 3 44 33 25 23 9 3 9 5 39 0 28 
17 37 39 43 21 23 2 21 24 45 48 11 19 47 48 40 14 25 37 29 24 47 26 21 32 18 11 11 17 35 0 
31 0 12 4 2 16 49 36 37 50 18 34 46 23 10 6 34 14 29 26 19 40 34 18 11 4 21 11 19 12 3 
12 42 0 5 39 15 37 7 17 32 49 5 27 25 19 45 29 24 17 16 49 4 33 35 48 46 47 44 44 49 45 
39 17 26 0 48 6 43 42 34 46 19 27 47 48 28 14 13 10 50 16 25 48 45 3 14 49 30 7 7 44 19 
44 14 19 37 0 11 38 2 28 13 3 38 40 22 47 23 8 36 8 34 34 37 44 28 24 48 44 14 13 49 27 
37 35 41 27 26 0 13 28 11 17 27 12 33 37 14 38 8 23 6 42 42 45 49 23 11 32 50 36 46 40 17 
24 40 29 37 16 3 0 50 45 22 10 30 25 41 8 23 5 8 15 36 41 22 9 22 7 33 38 12 31 46 27 
28 33 22 1 3 22 4 0 1 48 35 8 29 35 33 13 20 8 16 38 27 42 22 11 49 46 16 18 23 4 29 
42 20 49 46 32 48 3 41 0 6 1 2 7 17 2 33 43 24 40 45 13 30 47 43 20 35 6 22 24 5 37 
5 32 47 20 44 39 30 39 1 0 15 18 18 11 38 26 36 6 10 16 3 42 29 28 42 50 45 28 30 12 26 
26 30 37 19 47 21 10 48 8 45 0 14 36 39 31 46 12 37 5 44 49 1 13 8 2 45 26 4 6 20 49 
12 50 28 25 40 38 32 42 42 5 26 0 9 2 22 40 7 41 48 47 38 9 23 36 13 26 13 23 35 24 21 
17 5 28 10 34 14 8 15 42 8 31 45 0 13 40 24 43 12 36 13 38 36 7 10 32 40 39 14 15 50 27 
16 48 18 21 39 22 31 43 39 26 50 27 7 0 39 8 15 10 47 39 33 2 37 22 37 36 10 45 47 20 45 
1 44 15 15 42 34 27 43 1 3 13 20 48 37 0 39 10 1 21 25 25 29 17 26 17 26 29 26 32 35 29 
27 35 23 44 26 6 12 42 48 24 39 18 46 37 21 0 32 39 36 48 27 9 25 22 46 17 34 18 48 39 14 
9 45 8 23 27 29 48 5 11 33 48 10 24 2 37 12 0 22 40 47 45 40 40 35 9 20 2 13 28 27 43 
39 15 3 35 16 44 10 24 11 43 35 35 25 15 30 50 1 0 21 9 6 13 29 1 45 24 19 11 50 3 25 
16 21 28 19 45 34 7 40 36 43 2 48 30 5 10 6 15 20 0 29 21 1 43 19 22 30 11 14 9 11 47 
34 11 22 36 27 15 7 6 21 46 44 12 35 17 5 15 50 47 35 0 18 5 41 21 32 24 24 2 7 40 34 
21 49 29 40 9 41 26 44 28 46 50 9 49 34 28 40 8 3 18 15 0 12 17 24 44 43 43 40 40 13 4 
13 50 17 38 26 46 34 45 8 14 40 6 20 40 19 46 43 38 5 35 16 0 50 40 25 23 5 25 36 48 16 
2 37 32 24 33 50 43 12 9 32 7 13 45 5 26 6 48 34 26 48 1 3 0 36 28 38 14 11 43 15 21 
21 48 48 42 13 3 25 46 7 19 3 32 29 23 29 3 5 35 49 17 8 41 10 0 1 16 49 2 4 36 20 
39 50 47 38 12 9 16 4 43 24 32 2 28 7 45 19 24 13 50 36 9 26 45 49 0 14 30 38 47 27 14 
2 21 10 37 31 4 36 42 12 20 37 2 43 26 36 6 14 4 7 47 25 40 5 1 11 0 13 6 48 24 32 
21 20 27 29 22 12 42 41 26 41 34 33 1 31 49 8 34 19 14 9 17 35 41 30 39 13 0 17 10 27 19 
49 38 18 30 50 18 25 15 4 25 14 23 29 16 14 43 39 24 3 4 30 37 35 16 16 37 29 0 48 41 10 
45 33 15 8 43 47 15 21 32 31 33 19 15 40 45 44 6 25 17 46 25 43 7 24 40 12 3 3 0 15 13 
40 28 25 45 30 32 9 21 23 17 28 18 43 22 21 11 22 46 21 23 31 4 31 45 36 3 26 41 19 0 32 
44 13 7 19 42 6 45 20 10 14 35 35 3 50 18 7 50 36 4 29 40 7 32 43 33 36 47 30 10 28 0 
6 0 18 3 42 23 16 12 25 31 15 16 2 37 8 38 46 2 31 27 29 3 41 38 40 42 38 32 14 36 6 
9 16 0 11 33 8 17 33 11 28 3 46 26 5 39 14 38 21 24 5 38 34 17 4 32 25 15 30 14 1 36 
34 48 39 0 26 6 1 42 4 50 22 14 42 4 24 34 28 37 50 27 5 18 8 9 49 22 43 13 30 8 44 
37 19 10 43 0 19 48 37 30 33 14 46 17 25 34 24 43 14 30 48 48 29 31 38 47 18 27 40 40 4 14 
38 13 47 7 35 0 45 32 12 6 36 41 7 17 13 9 1 34 25 25 30 30 33 32 10 15 7 32 14 25 43 
9 47 26 20 26 34 0 20 18 50 30 11 2 25 13 8 22 14 25 38 18 43 15 16 24 35 5 32 37 43 29 
14 18 38 13 28 44 32 0 48 38 25 31 17 26 46 19 28 9 20 3 43 43 7 27 7 1 45 32 3 36 21 
3 33 26 21 17 44 15 12 0 35 14 41 16 37 13 37 26 39 20 6 7 47 12 35 50 37 7 42 31 13 34 
13 29 13 18 23 48 41 5 30 0 26 13 48 35 39 3 27 21 14 21 25 6 12 47 29 25 41 49 27 35 10 
2 35 50 2 1 12 4 20 41 39 0 36 34 41 31 44 49 28 46 48 10 37 28 10 38 28 1 33 34 44 33 
50 15 21 20 24 29 48 33 39 41 23 0 1 24 33 40 22 22 17 36 26 14 3 29 25 24 25 26 12 25 1 
30 20 26 9 39 21 14 21 7 16 1 45 0 8 7 37 36 5 27 49 6 29 16 49 19 19 48 37 46 47 50 
3 37 9 38 11 4 26 16 44 20 8 2 11 0 20 25 19 45 22 38 39 20 49 13 19 22 14 21 8 40 42 
35 19 25 8 13 15 37 21 47 34 10 40 33 30 0 49 28 6 30 44 1 4 15 8 8 30 5 24 41 17 48 
33 18 27 3 35 40 27 3 7 11 33 25 26 5 29 0 31 16 34 21 44 9 42 15 39 39 20 11 17 29 9 
42 47 4 49 1 43 13 30 45 9 1 4 23 34 19 29 0 39 3 30 49 39 40 21 23 39 41 4 38 15 16 
29 11 25 49 20 37 21 27 4 36 18 36 39 12 44 6 20 0 31 21 10 32 9 38 30 21 2 27 32 11 11 
40 26 16 30 31 41 29 25 15 32 8 12 50 44 32 3 2 9 0 29 34 22 23 18 6 34 21 23 45 28 19 
11 40 17 44 47 43 21 10 31 3 27 46 17 39 2 20 9 44 49 0 18 50 18 3 27 39 17 9 10 46 11 
18 34 47 47 22 19 46 6 47 39 32 42 29 27 8 27 6 29 4 15 0 12 29 47 11 19 43 37 40 5 31 
35 12 14 21 36 43 49 21 17 33 25 3 48 10 37 9 40 27 20 13 11 0 30 6 32 49 39 38 37 29 30 
32 6 2 17 4 21 29 8 41 15 28 36 12 21 40 9 32 37 24 10 4 11 0 21 42 20 5 6 32 23 47 
6 13 43 38 1 20 2 31 6 16 30 32 36 5 36 26 18 35 43 40 8 1 13 0 19 26 22 35 10 48 49 
15 47 36 45 10 15 44 25 20 21 8 1 31 9 31 22 25 16 7 44 38 21 40 33 0 40 6 1 24 13 30 
35 42 34 7 1 33 46 42 46 22 33 44 15 22 32 7 20 5 39 4 47 20 4 4 12 0 45 8 4 6 5 
15 20 13 41 37 16 18 24 8 48 26 34 20 35 12 44 6 18 1 33 36 47 36 9 33 16 0 39 30 46 7 
26 43 36 42 8 13 32 25 36 17 39 46 47 41 28 14 50 19 43 18 39 40 3 23 19 18 34 0 4 9 22 
28 39 29 2 22 34 48 29 28 50 13 32 33 35 45 40 1 45 31 19 16 21 38 28 18 36 41 14 0 23 40 
29 28 16 15 40 1 18 45 20 45 16 22 41 44 6 8 8 19 29 29 18 40 24 40 6 7 1 2 34 0 36 
43 35 6 39 21 35 16 19 46 44 23 6 26 36 4 45 30 45 22 11 29 23 35 44 22 40 5 27 9 33 0 
50 0 16 12 34 3 31 16 3 23 21 42 40 23 36 7 13 14 38 37 12 28 7 30 24 8 21 1 12 17 31 
31 39 0 10 13 44 7 44 43 34 23 29 28 22 1 19 40 50 50 38 10 27 17 41 48 6 44 37 38 27 32 
31 5 36 0 43 41 3 30 11 42 50 19 22 4 14 33 50 36 29 5 18 22 1 24 8 4 14 49 12 8 1 
21 7 16 3 0 42 24 42 29 11 16 11 40 9 38 41 6 14 27 15 6 9 8 34 9 11 31 31 29 40 27 
5 18 3 42 30 0 13 6 2 22 9 9 7 19 39 8 32 43 37 18 49 1 22 48 2 43 13 24 7 42 12 
44 14 40 34 12 43 0 37 18 8 28 50 12 6 7 48 2 40 45 2 29 38 45 12 41 27 33 21 2 49 18 
40 49 10 11 16 46 17 0 35 28 15 46 26 29 40 49 39 17 41 5 41 24 29 6 13 24 49 2 50 8 29 
22 36 19 41 39 2 3 45 0 41 2 35 6 18 37 33 13 17 22 42 39 17 30 47 9 45 11 44 47 37 18 
44 18 28 49 44 11 8 38 1 0 48 37 23 1 4 6 18 12 19 31 12 32 30 8 20 13 42 39 10 47 29 
8 6 8 24 9 18 29 19 44 23 0 6 30 22 44 2 45 30 44 3 27 49 26 17 26 36 14 11 8 36 2 
22 48 42 23 41 31 15 28 45 39 40 0 44 25 8 6 3 9 14 18 19 13 46 7 21 30 33 39 32 38 45 
8 21 33 43 1 8 38 49 4 22 30 2 0 49 15 37 6 1 10 21 33 5 47 41 18 39 27 41 21 44 8 
43 33 40 50 32 20 11 33 8 48 15 10 10 0 47 40 11 47 43 34 24 32 30 12 5 40 11 30 16 4 24 
18 18 6 47 30 47 12 49 34 17 46 19 2 23 0 18 46 37 45 29 29 31 48 37 21 27 13 22 35 11 21 
40 45 29 34 31 48 5 14 17 43 49 49 10 18 28 0 14 28 40 38 45 25 36 38 26 44 20 31 36 20 17 
26 28 39 13 27 2 40 18 42 21 42 23 28 36 30 33 0 39 20 43 14 35 32 48 16 47 4 7 4 41 11 
18 20 44 50 17 22 10 47 41 26 24 10 48 18 4 2 9 0 3 46 12 32 11 43 7 33 45 30 23 16 24 
46 37 28 32 3 23 29 28 20 8 23 42 30 17 40 25 34 31 0 13 46 46 5 8 29 29 8 27 38 18 23 
43 37 32 18 31 38 33 17 15 32 23 31 33 39 39 40 31 26 18 0 8 11 50 11 21 28 42 29 49 3 46 
46 42 10 48 16 36 11 13 37 3 43 18 16 31 23 16 22 20 40 40 0 27 1 20 10 12 43 26 11 40 40 
9 34 14 20 36 31 21 36 23 4 30 19 40 15 16 43 34 31 48 13 21 0 10 9 14 19 46 22 1 36 23 
11 50 23 48 44 9 5 47 45 43 45 36 47 37 10 8 11 6 45 19 10 46 0 13 28 20 50 25 50 1 41 
9 21 1 50 43 30 47 43 22 7 39 37 36 6 18 35 13 22 4 12 35 17 6 0 17 13 15 38 45 29 45 
35 5 47 4 34 24 36 47 44 31 12 19 35 39 31 23 10 7 11 35 37 3 46 40 0 7 43 16 34 37 29 
43 2 15 27 23 35 41 33 23 45 49 16 28 24 50 16 33 18 37 41 6 31 35 44 8 0 32 9 7 48 42 
9 2 11 16 38 10 5 8 16 46 33 28 35 17 36 21 25 23 40 41 10 48 48 47 24 13 0 18 21 19 41 
27 34 35 32 36 48 6 13 36 40 12 26 2 41 8 28 46 19 8 37 7 37 18 7 32 11 5 0 14 43 26 
43 34 39 25 20 49 43 4 31 39 16 13 37 50 30 34 47 8 39 46 17 49 13 33 35 40 17 29 0 50 25 
43 43 20 11 48 28 37 27 21 10 35 43 38 20 22 44 50 18 28 48 15 48 25 48 10 44 21 7 41 0 31 
32 15 4 6 46 23 44 27 3 2 48 20 37 30 11 24 12 44 11 41 41 49 1 2 11 46 19 23 1 5 0 
8 0 31 37 41 28 21 39 32 24 49 1 24 16 27 1 45 11 45 37 36 33 28 46 50 40 34 14 3 46 1 
5 21 0 26 49 45 17 34 47 2 41 36 30 20 13 41 17 34 25 1 16 35 24 37 16 22 30 36 38 1 45 
7 37 37 0 24 44 31 49 18 32 35 12 14 44 47 1 3 8 34 10 24 50 40 3 30 16 32 35 11 27 15 
32 47 47 8 0 34 50 43 47 19 11 19 17 43 17 5 22 30 40 16 19 23 3 29 27 46 18 35 8 8 13 
46 39 41 18 4 0 16 18 37 13 2 11 11 15 49 6 34 47 37 26 45 2 45 45 8 42 29 19 20 13 17 
16 36 39 7 15 30 0 26 25 13 40 4 44 28 15 9 12 38 30 22 12 22 49 33 14 11 1 44 34 27 25 
48 49 25 47 36 25 23 0 9 34 26 9 22 24 36 41 9 18 31 49 31 41 39 49 1 45 18 4 26 47 15 
37 42 49 38 43 6 20 31 0 29 34 40 30 46 46 3 1 25 47 23 3 34 13 35 47 35 9 1 24 2 19 
22 48 12 20 40 17 23 36 44 0 36 39 37 3 15 41 11 44 3 48 45 43 8 3 45 31 24 8 3 4 34 
6 47 29 10 13 43 18 26 6 37 0 28 39 3 37 14 47 11 20 6 24 16 48 26 8 27 14 45 18 40 17 
10 20 33 10 31 43 9 44 3 49 44 0 18 47 12 18 4 5 16 31 35 14 38 48 31 19 8 21 22 33 49 
48 50 37 40 27 8 7 43 7 21 38 17 0 18 7 30 48 1 15 41 23 10 30 38 5 3 23 23 2 42 24 
23 37 11 4 2 44 31 8 35 10 48 13 10 0 10 47 47 21 41 1 21 7 6 32 11 40 18 13 32 37 5 
35 5 2 34 49 2 7 14 6 37 17 44 30 31 0 26 48 21 28 9 7 2 33 2 21 17 17 6 50 14 35 
31 49 21 31 25 43 12 26 12 46 40 7 36 15 4 0 13 27 1 35 43 48 35 24 31 3 3 4 31 17 33 
46 7 1 21 6 19 24 49 6 34 36 45 17 13 17 46 0 47 38 18 4 40 5 16 22 38 47 26 40 29 23 
39 32 10 29 50 34 7 15 9 36 40 28 45 2 7 3 19 0 12 15 8 6 17 13 14 43 41 42 29 34 10 
43 35 21 34 45 5 36 38 13 34 40 33 29 32 15 12 10 14 0 15 35 28 14 26 22 17 23 19 46 37 9 
42 28 31 49 43 5 8 12 7 2 18 31 49 31 18 23 38 32 50 0 31 32 28 15 50 32 30 10 50 18 23 
37 40 2 4 43 12 2 30 39 10 5 49 8 13 18 48 16 45 4 44 0 35 37 47 6 28 14 13 32 18 14 
46 8 45 35 16 28 29 45 39 6 22 9 43 41 27 33 21 2 32 35 14 0 15 47 24 39 50 44 47 27 29 
50 21 13 26 14 47 5 23 48 40 20 22 6 48 23 26 45 7 29 46 44 11 0 50 33 1 31 12 21 46 16 
35 32 19 11 7 2 46 18 27 30 29 48 5 43 16 43 10 49 1 13 6 38 18 0 32 36 39 21 30 25 34 
36 34 28 32 6 38 4 46 41 22 31 27 30 50 18 46 7 8 18 8 22 13 21 33 0 11 47 14 38 26 19 
31 16 43 44 45 45 21 24 37 28 40 15 9 30 33 29 8 19 14 40 33 14 13 17 12 0 23 14 45 22 9 
24 17 20 22 42 15 35 37 5 23 25 34 21 40 19 8 5 41 1 32 39 45 24 36 37 18 0 4 26 32 23 
32 26 2 28 5 24 45 37 39 18 45 22 15 42 16 50 43 23 49 5 19 23 45 41 21 29 43 0 35 36 25 
12 9 5 33 42 49 32 43 36 46 14 18 3 33 37 17 31 32 21 38 25 31 28 28 4 9 32 12 0 8 26 
31 10 2 15 7 36 18 33 1 17 18 1 38 3 41 1 21 13 4 4 49 12 15 48 50 32 31 27 29 0 33 
18 21 36 11 16 4 16 39 26 1 49 49 32 4 21 24 43 26 37 4 39 20 9 4 27 19 45 5 15 26 0 
5 0 42 4 18 49 48 15 28 37 37 35 33 37 3 5 1 30 11 28 26 39 6 40 26 45 49 13 32 34 47 
9 12 0 24 1 47 8 45 15 6 23 10 16 39 50 19 6 33 6 49 26 40 35 27 39 38 50 2 29 23 1 
35 34 44 0 41 28 23 9 37 7 48 7 16 6 5 17 23 18 40 8 39 17 7 33 9 8 25 36 36 14 47 
7 17 42 6 0 38 26 23 49 22 46 48 46 50 2 20 24 30 22 22 15 32 12 21 34 35 29 1 35 33 4 
38 24 24 10 41 0 41 25 50 17 41 50 20 18 13 42 21 7 32 39 34 46 14 14 49 16 45 46 8 22 10 
26 38 16 19 8 25 0 23 41 11 30 50 30 6 31 16 13 44 9 43 14 22 19 46 50 9 25 10 26 45 47 
45 17 29 7 16 12 4 0 50 5 18 48 17 21 10 35 16 8 34 33 3 2 37 15 8 39 7 42 17 10 34 
15 48 47 15 35 33 2 49 0 16 4 10 45 4 25 17 5 49 37 15 43 17 27 43 42 45 9 2 22 19 9 
20 38 40 22 3 1 21 6 26 0 2 15 10 18 30 44 8 33 40 41 34 9 6 2 17 18 39 5 5 20 26 
31 30 30 8 34 22 5 33 23 17 0 35 43 11 13 29 7 9 14 49 38 26 13 31 36 50 14 36 23 5 15 
46 17 36 50 22 35 30 11 46 22 3 0 1 18 25 50 16 46 39 39 11 31 42 6 32 1 19 50 45 8 20 
37 32 29 8 22 19 8 11 42 45 28 48 0 19 28 36 26 45 6 36 35 19 47 35 45 35 4 11 4 50 4 
35 36 4 26 35 21 22 10 4 32 9 36 48 0 45 34 33 24 29 47 26 25 44 9 24 2 40 48 35 24 18 
8 4 11 39 10 42 45 43 43 15 4 35 3 5 0 26 34 49 41 12 2 31 32 8 25 29 41 27 30 25 45 
24 38 37 36 24 6 25 10 35 42 38 31 37 33 22 0 40 42 4 48 19 42 8 24 23 38 27 46 37 10 19 
16 16 19 48 42 16 49 17 32 21 9 40 6 20 14 50 0 46 26 3 40 50 24 32 6 4 17 15 15 49 48 
10 38 1 16 27 23 13 39 42 7 42 25 23 28 10 2 2 0 4 9 39 31 21 35 21 20 42 34 13 44 25 
1 35 18 34 12 22 39 41 44 41 37 7 35 47 48 25 1 5 0 47 2 16 12 6 11 17 39 4 31 47 35 
40 50 45 17 6 8 8 39 17 39 14 12 10 18 2 24 37 38 23 0 45 42 29 17 43 10 40 29 8 18 23 
18 9 44 10 2 38 13 18 42 40 18 12 39 9 39 5 2 39 10 43 0 3 17 8 3 43 12 34 3 8 16 
30 50 22 44 21 6 18 1 17 14 12 20 47 34 27 30 40 9 4 6 38 0 41 48 25 21 2 1 42 17 40 
5 10 11 26 11 18 41 46 38 34 37 2 22 46 32 34 20 25 26 13 22 25 0 49 2 29 39 2 47 24 20 
6 27 34 27 10 2 9 22 24 10 40 45 22 21 19 37 19 3 44 38 32 26 17 0 4 18 30 12 9 48 22 
17 44 23 18 28 10 18 45 36 30 25 49 2 16 24 28 4 29 34 42 21 50 3 36 0 39 30 11 30 9 31 
41 1 25 3 44 46 23 4 43 9 19 24 18 14 13 34 25 1 31 40 26 34 26 6 1 0 17 42 37 30 49 
50 38 36 5 40 25 25 49 23 28 6 1 36 25 23 47 33 40 23 5 5 11 50 19 5 7 0 26 19 2 27 
5 37 24 45 10 32 38 13 25 39 9 26 28 3 35 26 48 1 33 5 35 3 14 25 44 39 39 0 17 50 33 
50 6 48 47 24 20 27 42 16 42 9 20 15 35 47 30 34 47 35 30 9 25 37 47 42 3 23 50 0 1 21 
44 22 13 42 40 4 28 31 30 16 50 7 36 42 47 16 38 29 29 15 6 42 33 21 24 25 20 2 6 0 21 
47 27 42 45 48 38 8 24 46 43 2 3 18 20 30 3 39 46 50 27 16 45 21 36 15 3 39 42 18 15 0 
35 0 27 26 9 19 23 16 41 44 10 8 15 34 37 14 4 25 14 41 22 37 24 2 29 6 3 7 6 31 46 
49 16 0 6 31 9 25 27 9 1 8 37 48 2 41 19 2 11 35 22 12 28 26 1 47 29 11 26 48 4 17 
17 10 11 0 48 11 42 10 3 28 40 27 17 13 34 36 39 23 11 10 5 42 22 35 19 19 24 15 9 3 48 
50 30 6 34 0 41 27 37 5 31 27 42 8 7 32 35 12 13 18 12 40 39 15 38 49 26 46 26 42 30 38 
27 1 1 31 41 0 47 12 30 43 9 2 18 31 34 13 34 15 3 35 7 12 48 48 14 10 35 43 7 9 46 
1 46 25 44 1 42 0 8 27 42 38 1 33 26 3 39 21 35 4 36 42 31 23 8 24 26 30 3 38 21 7 
5 5 22 47 8 7 44 0 38 33 22 27 38 12 47 6 29 22 46 25 39 50 39 21 17 16 29 38 2 18 21 
39 20 6 36 34 47 12 29 0 45 32 28 48 22 15 16 43 12 11 18 48 8 8 13 33 7 16 34 5 32 30 
19 43 20 13 33 7 32 27 14 0 10 17 44 2 44 12 2 18 6 2 23 17 27 35 21 13 32 8 24 29 18 
13 7 48 15 13 36 29 9 33 9 0 12 36 48 8 31 15 7 19 21 6 48 29 4 10 14 43 9 50 50 1 
49 8 48 46 48 11 46 37 31 27 24 0 10 24 44 12 32 30 27 40 48 26 39 4 24 20 35 4 39 2 21 
27 29 9 32 10 4 38 2 10 21 19 20 0 39 45 32 39 5 11 49 33 13 32 10 2 26 11 5 25 27 14 
7 8 36 11 50 46 1 42 34 8 44 29 18 0 20 30 6 1 9 42 31 30 44 41 20 9 46 20 7 7 50 
49 14 26 46 14 11 35 28 45 37 39 14 27 41 0 39 34 15 40 23 21 10 46 33 46 35 14 18 17 3 4 
26 44 36 35 10 31 4 22 7 19 22 23 15 6 43 0 17 17 50 31 25 32 30 34 37 40 3 31 31 12 1 
44 19 26 41 11 45 28 43 32 9 31 43 34 5 50 38 0 32 28 3 19 47 19 36 28 23 47 10 50 46 7 
50 23 11 7 26 3 47 24 46 48 39 25 19 22 44 39 46 0 30 37 2 22 4 28 43 4 26 33 49 18 14 
36 29 47 25 10 8 33 27 30 47 41 9 32 6 31 22 50 15 0 35 35 1 31 13 44 36 47 46 18 3 1 
21 49 6 32 13 10 28 45 13 36 6 19 1 41 12 13 22 22 13 0 33 26 19 15 34 14 6 17 4 40 13 
13 16 25 29 27 43 3 1 44 21 44 6 2 49 29 32 30 22 33 23 0 25 25 5 21 25 2 35 22 19 8 
44 25 6 50 24 40 45 22 14 19 10 22 29 42 39 21 17 16 5 32 26 0 45 22 17 39 39 12 4 5 25 
9 31 32 37 28 20 1 3 25 40 37 8 8 14 13 4 46 13 33 4 36 19 0 18 38 32 50 3 39 12 36 
29 42 18 40 11 29 40 42 15 19 21 15 42 16 45 18 37 8 4 36 43 49 22 0 1 40 41 14 45 5 29 
18 12 42 40 11 46 41 19 4 34 14 4 49 14 34 22 28 2 43 15 13 45 35 27 0 44 31 20 17 50 20 
16 45 38 36 2 10 23 2 6 49 27 18 5 20 22 39 50 9 18 19 13 13 2 41 16 0 23 27 16 46 30 
26 25 20 34 19 20 17 13 12 25 49 26 47 45 38 46 41 16 5 5 31 12 49 32 8 4 0 44 47 21 30 
33 8 6 26 23 3 49 21 2 3 22 37 47 44 21 38 16 8 4 21 33 12 11 41 50 15 26 0 39 27 16 
26 21 43 33 42 41 20 22 22 36 48 21 14 3 34 44 16 6 11 21 38 36 43 50 48 22 48 15 0 26 9 
27 11 44 36 27 2 45 15 3 30 18 45 36 19 24 12 48 8 8 6 49 20 28 7 29 41 28 43 35 0 20 
43 5 46 14 9 37 27 29 27 33 50 1 4 31 3 44 1 25 27 36 24 40 8 21 10 7 33 38 8 37 0 
24 0 2 30 33 38 14 49 23 10 37 36 20 32 26 6 48 17 47 5 35 41 3 16 50 47 4 48 25 4 2 
5 39 0 21 41 9 48 22 22 44 40 45 28 15 41 50 5 9 32 15 12 41 37 34 23 47 21 37 30 37 34 
16 24 20 0 9 32 48 49 42 17 9 27 46 3 15 41 13 39 26 1 42 45 16 11 42 12 19 6 48 45 39 
12 42 35 10 0 24 21 9 7 9 3 6 17 16 7 36 45 34 19 33 34 33 11 30 45 40 1 14 29 48 14 
42 2 48 29 48 0 35 11 44 42 20 5 32 17 49 37 29 1 5 6 17 36 37 16 11 6 1 13 41 21 24 
7 30 10 45 11 5 0 20 37 9 2 34 41 28 13 29 1 45 32 9 11 1 10 23 31 29 6 36 37 23 47 
22 21 23 19 13 25 23 0 22 38 32 9 14 46 5 33 45 10 4 33 5 7 32 33 10 23 48 8 29 17 6 
20 33 14 13 30 14 18 10 0 50 4 28 23 44 27 3 37 15 18 48 34 46 33 5 19 40 41 39 13 46 16 
18 45 6 33 13 26 50 33 26 0 19 28 1 4 29 27 35 39 6 8 36 34 40 31 33 10 37 29 46 23 39 
26 6 14 34 37 34 17 11 15 27 0 38 32 43 29 7 46 29 27 42 6 3 33 6 10 33 29 14 23 23 26 
48 4 11 37 44 23 37 20 42 44 18 0 28 41 31 49 2 47 2 27 15 9 3 5 17 37 43 50 5 2 8 
21 44 39 39 30 34 22 7 36 35 9 9 0 35 49 38 25 42 25 11 32 32 12 47 8 18 46 50 44 50 1 
23 33 19 34 23 25 40 3 1 16 30 41 17 0 42 7 1 18 7 30 12 2 26 44 21 27 9 47 31 22 35 
34 29 7 36 12 26 41 1 26 14 36 40 24 46 0 2 42 46 5 2 18 28 43 15 39 50 47 40 49 8 15 
28 9 31 17 32 2 35 32 31 31 11 17 32 16 26 0 12 2 49 20 35 14 43 29 5 7 41 14 18 37 16 
37 43 43 11 36 28 9 8 14 50 7 14 25 21 8 11 0 12 49 13 38 46 41 29 23 1 36 30 27 10 41 
38 17 45 15 45 19 25 21 31 49 4 45 35 20 29 50 18 0 9 48 46 30 16 6 49 20 46 14 20 11 1 
48 32 48 23 12 40 20 10 26 40 37 42 19 14 35 2 7 10 0 45 2 19 22 30 14 12 23 12 47 46 50 
6 5 11 30 2 22 47 12 8 39 31 8 33 8 9 38 48 42 15 0 19 40 4 26 9 32 27 2 35 12 40 
29 24 15 27 35 33 31 39 13 14 5 45 2 6 21 11 39 22 5 24 0 26 20 32 27 10 2 29 2 48 26 
20 13 1 19 11 8 43 6 24 27 7 9 30 2 15 45 3 20 38 22 38 0 31 30 38 14 9 42 39 18 33 
4 30 41 37 44 43 44 33 46 14 18 33 48 29 17 17 40 31 13 15 50 10 0 14 27 38 40 33 14 6 2 
17 5 39 42 23 28 19 44 8 22 2 20 25 25 4 5 33 2 21 47 20 11 26 0 3 34 45 16 14 50 5 
10 31 28 45 48 13 44 7 7 40 49 47 24 41 14 30 36 40 24 33 8 32 43 9 0 33 6 30 37 8 28 
13 5 44 3 13 22 43 30 27 41 11 26 45 32 49 23 37 35 39 5 10 27 41 17 48 0 29 38 19 12 43 
34 8 50 29 28 45 3 21 29 43 37 6 13 34 22 32 37 12 11 10 19 45 48 4 19 37 0 14 28 6 34 
34 24 19 35 7 4 27 17 5 4 20 17 7 47 18 5 14 8 45 16 42 26 9 3 24 40 10 0 46 11 42 
31 26 16 45 9 14 38 29 27 19 6 21 8 7 40 3 39 2 37 14 23 7 33 40 43 9 16 16 0 12 18 
45 31 6 14 24 45 1 12 38 5 18 36 31 27 10 22 19 3 13 21 2 8 10 47 19 24 43 26 3 0 1 
48 22 18 9 25 25 15 45 33 45 2 27 15 33 47 38 26 7 30 22 40 13 3 41 17 37 22 10 45 1 0 
3 0 26 9 38 7 46 18 23 3 36 7 24 21 19 20 25 44 28 50 31 48 36 46 32 11 36 19 27 43 38 
4 6 0 50 33 42 27 18 27 26 2 20 4 5 45 15 17 43 35 21 43 43 45 10 15 3 17 30 28 27 21 
27 42 30 0 15 32 2 24 38 27 43 7 17 2 49 11 44 32 1 18 45 44 34 6 50 46 10 47 36 31 26 
48 41 1 6 0 25 29 24 40 14 13 43 5 9 29 36 26 43 11 5 9 36 29 11 33 28 43 36 31 20 23 
6 39 8 2 46 0 17 17 47 24 32 21 43 38 5 2 39 26 28 15 20 17 36 32 22 40 19 30 18 28 32 
44 44 20 41 8 4 0 47 8 33 20 10 47 37 23 39 43 41 7 31 39 18 8 16 1 6 20 8 37 12 28 
37 49 19 43 39 27 23 0 47 47 48 43 18 46 46 11 21 49 9 34 48 28 24 37 40 15 36 29 20 35 38 
46 11 47 6 33 11 28 45 0 34 12 21 44 10 33 47 50 13 21 40 36 21 49 3 14 50 14 13 30 29 3 
49 3 13 9 2 32 22 40 14 0 50 43 5 25 22 28 34 14 4 43 15 24 8 31 50 18 48 9 33 6 19 
49 49 17 32 14 18 32 1 31 16 0 28 23 8 40 44 17 25 31 37 17 50 9 38 14 29 41 23 13 42 5 
24 40 35 45 2 45 39 44 9 10 2 0 14 23 28 37 2 1 41 6 1 23 28 46 40 20 41 11 3 3 23 
45 19 10 26 43 39 39 13 39 50 29 31 0 22 28 15 37 36 10 27 28 41 33 8 41 33 46 45 45 25 12 
34 36 41 37 15 33 4 47 35 49 14 38 2 0 7 23 42 7 19 26 34 5 1 26 25 33 13 12 19 44 47 
45 44 39 27 16 43 41 36 13 32 33 39 26 29 0 15 3 31 1 19 41 40 27 20 42 7 33 10 16 5 3 
21 36 4 39 5 21 50 25 42 30 2 21 6 44 1 0 17 26 48 11 30 32 12 50 4 8 18 24 47 21 33 
33 25 31 11 11 48 36 37 24 45 4 7 9 40 39 19 0 21 27 41 41 7 13 6 25 21 10 36 50 31 37 
47 3 5 9 47 27 40 45 33 4 32 39 25 16 27 26 3 0 11 16 40 48 47 6 31 27 21 20 7 41 2 
12 36 7 37 48 1 2 1 43 12 29 26 44 38 9 18 39 40 0 49 45 7 25 35 42 40 1 48 25 33 27 
8 34 5 31 42 46 33 38 18 27 25 3 19 4 11 22 4 18 22 0 9 33 30 8 46 46 38 2 16 48 48 
4 28 19 17 4 45 22 13 47 14 36 2 22 23 21 5 7 31 31 18 0 48 30 3 24 44 29 27 9 36 4 
44 17 40 21 23 48 34 3 50 17 50 41 21 9 23 32 8 36 26 41 31 0 22 36 30 1 24 25 45 23 26 
19 13 28 43 20 19 12 2 50 24 21 5 31 15 18 7 9 45 2 13 22 42 0 34 45 24 23 32 10 20 50 
23 40 31 25 48 38 14 29 39 4 20 7 36 3 21 27 41 22 12 44 16 30 44 0 10 5 28 30 33 20 48 
38 2 32 1 1 32 25 6 17 31 44 31 7 48 43 16 6 32 25 47 32 11 48 27 0 34 44 46 21 21 21 
8 32 9 42 17 18 25 36 2 39 3 36 5 32 1 35 24 46 17 40 23 49 8 24 16 0 28 5 6 17 8 
36 4 35 47 23 13 23 15 32 26 41 20 30 36 44 47 7 17 26 50 20 50 4 32 49 10 0 24 35 26 40 
14 20 20 44 4 50 1 9 9 39 13 9 15 42 49 3 19 23 30 19 22 38 30 18 38 36 1 0 4 49 14 
40 38 40 42 12 22 1 36 33 45 47 48 9 38 37 12 35 13 34 46 42 1 5 7 19 26 40 2 0 7 18 
50 47 10 45 50 26 20 24 30 28 3 33 41 36 23 24 30 43 32 27 1 38 21 3 23 39 33 33 24 0 36 
33 49 30 15 46 50 39 14 39 11 42 12 33 7 44 9 11 20 35 46 46 47 21 30 17 12 27 8 23 11 0 
44 0 38 50 44 46 4 3 26 41 23 35 17 5 21 36 40 6 15 9 14 28 14 48 29 41 36 28 1 49 35 
24 31 0 41 28 18 5 12 39 11 41 6 36 29 12 11 30 43 1 45 28 6 13 49 9 34 30 40 22 4 10 
26 3 28 0 7 50 5 27 28 4 31 28 18 4 19 8 43 35 36 18 11 44 28 6 21 29 11 33 32 44 38 
15 41 35 2 0 15 4 8 23 13 7 3 15 48 14 1 39 10 30 2 41 46 4 4 43 17 49 47 7 28 40 
22 45 34 16 16 0 37 33 2 5 5 35 12 24 12 9 29 31 43 21 41 1 4 31 4 43 12 37 42 35 16 
7 2 46 24 35 8 0 32 32 48 14 6 8 25 47 7 35 31 43 35 39 19 5 37 37 39 19 15 31 24 5 
1 42 18 40 48 34 16 0 1 28 1 47 49 45 7 36 44 29 34 48 8 32 45 7 47 48 3 15 9 35 16 
44 2 9 44 14 15 41 36 0 50 24 19 30 15 35 42 20 11 30 2 46 41 32 33 16 24 7 35 21 42 45 
19 7 16 12 7 46 41 1 44 0 22 3 43 34 25 40 2 30 23 6 28 43 35 8 40 26 13 19 43 20 7 
31 20 44 5 5 12 14 4 28 46 0 29 10 37 30 43 48 48 9 26 22 27 12 16 14 3 34 49 27 36 45 
27 49 31 37 42 34 49 30 20 29 38 0 27 45 10 49 33 49 29 48 29 15 10 17 49 31 19 5 30 3 22 
13 38 18 33 20 31 29 50 39 10 49 19 0 40 48 35 1 17 7 16 20 35 21 30 8 31 18 32 33 7 23 
30 19 28 48 16 50 9 13 41 19 5 49 40 0 39 30 47 21 19 14 31 2 48 15 33 37 42 9 11 3 3 
50 46 44 16 30 31 42 42 33 35 42 5 17 47 0 16 36 31 41 29 34 47 13 20 26 21 32 4 45 12 24 
41 49 10 38 19 10 6 24 9 49 6 29 37 30 39 0 48 32 19 18 1 11 18 32 19 6 37 27 18 45 49 
27 47 31 9 44 44 45 29 28 7 31 8 33 30 29 19 0 27 40 38 24 50 36 28 11 13 24 17 41 33 33 
33 38 30 10 23 10 48 28 36 46 3 4 41 11 21 4 36 0 3 41 38 11 37 31 22 50 41 19 21 46 21 
27 5 46 46 24 43 28 24 8 19 21 49 5 43 22 47 46 17 0 40 9 39 15 50 46 23 47 8 8 11 32 
42 28 32 16 19 48 8 45 38 28 26 12 46 23 17 12 32 39 50 0 4 46 2 31 37 33 13 5 1 24 27 
36 21 13 26 28 43 17 40 24 24 39 1 30 13 34 27 20 28 29 11 0 15 20 9 8 37 40 48 46 34 7 
44 8 22 11 43 6 50 20 45 24 45 43 15 27 15 45 22 19 4 6 44 0 27 22 13 13 16 13 6 40 38 
46 22 7 18 31 32 30 20 20 28 28 50 34 5 17 22 5 32 43 43 18 29 0 42 28 14 17 36 10 48 28 
44 44 31 7 29 24 37 48 47 33 15 3 49 27 29 44 44 17 46 41 11 31 13 0 47 21 17 31 29 5 14 
47 21 22 43 34 34 19 28 27 44 35 8 36 11 28 16 31 15 49 20 24 19 14 8 0 17 14 32 34 37 12 
43 8 44 34 37 45 32 6 43 46 26 16 41 3 7 4 45 3 20 5 37 16 31 36 40 0 28 7 15 27 21 
2 35 41 16 1 27 15 3 24 33 34 25 23 3 44 8 29 11 2 14 19 30 15 32 26 27 0 28 9 44 10 
38 18 30 22 45 41 26 25 3 30 39 43 29 37 22 12 44 29 42 32 49 47 14 13 3 22 21 0 10 40 24 
50 6 9 15 46 17 45 1 9 4 33 4 9 22 25 27 1 28 11 15 34 50 17 12 11 42 5 18 0 20 23 
21 16 36 29 30 33 34 15 42 6 17 43 20 38 50 46 38 42 38 27 22 43 50 26 41 1 39 48 5 0 4 
12 28 31 37 34 17 19 31 43 42 43 37 37 6 48 41 30 30 13 15 4 14 30 44 1 28 17 10 39 29 0 
45 0 37 11 38 44 39 13 34 5 33 28 8 49 47 34 36 6 45 28 50 22 10 35 40 50 49 49 38 36 6 
1 9 0 42 14 48 7 26 50 12 10 29 46 25 31 38 47 15 33 10 16 22 23 32 39 8 35 2 22 38 45 
40 25 49 0 49 32 19 16 35 49 27 10 7 33 19 22 26 36 4 2 4 34 16 28 20 34 29 27 4 7 14 
5 5 12 17 0 20 5 48 26 50 19 31 30 35 34 7 16 40 14 18 33 49 49 20 35 12 24 47 30 16 4 
43 13 29 35 22 0 5 46 16 50 17 29 10 5 33 23 4 32 45 14 19 39 14 37 24 15 7 36 28 6 46 
9 19 11 46 27 19 0 1 50 12 2 21 25 14 1 4 39 44 37 12 8 43 2 16 47 15 30 27 6 21 15 
20 18 11 5 9 11 50 0 9 7 4 3 33 34 12 49 14 50 36 21 26 14 49 16 48 3 7 3 15 32 48 
43 46 30 47 32 3 15 10 0 42 44 40 35 31 8 5 11 19 5 49 2 30 41 35 45 2 22 3 13 2 3 
8 36 28 10 12 8 3 37 30 0 46 50 41 44 27 37 29 19 8 43 43 39 48 16 30 18 3 11 35 46 11 
50 3 9 40 36 5 8 22 47 48 0 8 32 25 3 2 40 47 9 9 24 3 46 20 9 14 10 20 48 42 9 
47 18 42 20 47 48 32 5 41 32 21 0 47 11 45 35 8 24 14 29 28 6 3 27 22 8 5 33 50 26 26 
35 10 30 38 2 40 40 6 7 5 8 43 0 18 27 3 6 35 25 25 7 37 6 20 14 4 44 42 20 12 42 
15 33 29 16 47 12 18 23 44 46 18 19 8 0 24 21 14 35 1 20 2 21 9 26 20 40 30 41 17 35 9 
49 20 44 15 41 26 14 3 30 42 39 12 32 30 0 40 19 49 47 44 41 9 41 1 10 22 7 7 10 26 18 
21 1 39 36 47 48 25 43 33 45 50 33 22 28 13 0 9 27 47 30 22 31 44 23 45 50 8 20 34 44 35 
19 4 27 12 21 38 24 47 33 42 44 6 14 49 41 27 0 20 23 47 13 30 11 30 5 38 27 28 44 36 39 
29 41 50 49 26 46 6 11 8 26 35 31 14 38 28 25 31 0 24 4 23 39 47 38 31 5 9 24 22 25 44 
10 30 11 45 14 3 7 16 24 45 21 10 16 22 29 50 47 43 0 28 13 47 5 41 13 50 32 4 19 44 18 
22 35 37 14 16 6 20 20 25 25 19 15 1 10 3 30 31 16 3 0 6 12 32 45 12 47 6 40 48 45 32 
50 39 22 6 23 37 24 3 7 23 30 28 18 3 44 32 4 31 11 21 0 1 38 16 38 7 40 40 25 17 10 
16 22 26 43 26 30 44 45 37 17 7 29 10 30 27 35 15 43 18 16 3 0 9 38 25 31 12 23 35 50 33 
47 49 36 48 8 8 2 26 27 15 39 9 45 45 14 23 29 36 12 22 26 48 0 7 2 7 8 35 2 12 15 
8 9 46 4 20 8 44 12 23 20 33 39 16 4 27 45 15 44 11 9 33 38 24 0 28 7 50 43 34 41 50 
23 1 15 13 7 30 13 41 25 6 29 18 13 42 40 38 32 3 26 13 44 42 41 3 0 32 21 36 18 48 21 
16 10 22 23 47 32 25 4 47 47 32 24 19 5 30 16 25 32 39 20 18 40 9 28 7 0 32 11 12 31 37 
45 46 44 5 41 20 46 41 46 9 14 29 6 29 32 20 23 36 23 17 46 5 30 28 3 26 0 1 44 17 15 
22 13 24 11 3 36 31 15 15 11 20 35 37 31 7 40 34 31 47 37 10 25 39 14 41 40 16 0 16 2 15 
19 3 24 31 37 1 5 46 27 46 40 8 22 13 48 12 19 50 22 14 42 21 48 30 6 47 24 10 0 20 13 
20 15 13 50 42 17 11 6 44 7 35 39 4 1 48 2 4 27 17 29 22 17 45 39 23 49 6 45 25 0 41 
27 46 27 14 26 26 46 22 21 31 2 13 6 16 29 4 17 47 33 5 44 47 44 41 41 4 20 25 27 44 0 
12 0 17 32 4 30 40 12 40 25 22 7 32 7 36 28 10 11 30 11 20 32 10 13 21 48 30 2 37 24 23 
6 22 0 46 28 20 36 31 3 36 39 42 27 22 11 48 12 41 9 13 32 43 41 15 8 12 3 5 11 6 50 
39 26 17 0 3 16 36 37 30 16 43 29 8 44 22 28 6 38 2 23 36 40 43 24 42 30 16 7 38 17 18 
32 21 48 37 0 1 16 11 19 45 13 26 12 43 21 3 36 47 43 30 7 15 3 38 21 11 46 3 25 24 1 
29 49 13 49 12 0 9 11 8 22 12 46 19 8 11 11 29 1 4 39 45 19 15 9 11 3 29 33 27 27 5 
14 36 46 45 35 27 0 49 45 9 45 25 40 22 18 11 47 46 28 11 33 45 50 37 30 32 14 41 3 46 33 
26 34 32 17 49 10 23 0 13 26 34 30 7 45 45 20 30 43 41 50 7 34 5 17 44 10 15 50 17 13 21 
37 46 49 27 19 41 9 6 0 20 1 24 33 3 27 3 39 6 43 10 2 22 50 4 40 50 22 18 38 7 35 
11 7 1 6 48 35 9 18 26 0 29 22 38 22 49 33 1 3 41 42 22 9 7 7 12 50 38 42 9 27 48 
24 22 49 35 40 18 33 48 30 19 0 31 38 17 32 31 34 28 6 7 49 20 27 46 36 26 5 50 40 6 11 
43 50 42 28 5 1 39 37 9 16 19 0 5 12 24 41 22 41 25 31 16 10 37 3 28 29 47 26 14 10 36 
18 44 42 19 27 32 47 40 27 31 46 41 0 48 42 31 15 16 23 45 5 15 25 9 41 1 7 48 14 50 8 
25 25 28 23 48 26 14 43 48 10 26 1 49 0 1 21 19 39 11 48 14 32 3 20 5 22 43 35 2 18 20 
35 33 40 20 6 21 13 25 44 6 2 24 26 35 0 30 14 27 9 20 33 18 37 17 36 27 22 6 24 1 5 
41 13 25 28 26 44 11 29 45 1 6 14 18 43 13 0 8 28 35 26 9 17 27 33 36 3 48 16 4 43 34 
16 40 25 39 15 40 50 49 10 37 3 48 14 20 27 4 0 20 25 24 20 45 21 48 42 39 15 30 39 25 28 
28 7 37 11 35 17 40 29 28 24 9 29 26 40 7 19 13 0 13 10 50 28 42 31 24 40 46 42 33 50 1 
10 11 25 32 9 46 12 3 35 11 14 42 47 50 11 16 46 9 0 36 21 3 18 30 25 1 37 27 14 22 40 
25 7 29 28 15 48 5 44 31 11 8 10 29 49 36 37 45 31 13 0 24 50 34 47 30 48 42 31 50 32 23 
20 48 32 45 36 8 13 20 36 13 11 3 28 26 13 43 39 31 40 14 0 43 46 2 48 40 41 10 49 30 23 
18 6 12 9 42 11 29 34 13 29 25 25 46 50 13 48 7 22 18 6 4 0 1 11 19 31 24 47 34 5 46 
48 14 40 13 46 6 41 19 34 3 15 6 18 11 40 18 50 2 35 43 34 38 0 32 25 20 17 45 44 29 18 
14 46 29 18 32 11 35 33 4 8 8 39 39 15 42 48 33 50 30 14 24 45 49 0 13 12 10 33 16 44 29 
11 47 41 16 39 20 28 1 30 30 33 18 49 28 36 46 50 18 34 22 35 45 15 15 0 45 20 47 16 6 22 
28 20 39 25 47 11 48 23 26 22 21 33 21 50 31 7 47 21 28 17 10 15 33 23 45 0 16 33 26 22 20 
23 12 45 8 2 14 29 24 31 25 49 27 43 12 1 3 25 15 35 38 24 26 39 40 13 13 0 37 17 31 31 
29 22 2 7 50 10 38 14 49 18 28 23 41 4 18 33 23 22 22 43 42 18 42 34 46 47 23 0 5 46 39 
27 12 44 50 46 27 26 36 12 42 15 11 17 17 10 2 36 36 23 30 40 15 46 38 40 12 30 18 0 11 3 
37 34 19 11 41 17 29 41 8 42 8 37 10 30 28 32 2 26 25 45 12 38 33 17 49 12 16 6 11 0 35 
47 9 26 10 6 31 43 6 26 44 23 45 28 31 22 4 6 17 10 9 11 5 44 16 42 49 2 2 12 29 0 
1 0 24 31 24 45 49 12 1 25 48 39 46 50 31 23 17 11 2 45 46 7 50 46 3 25 43 16 11 18 7 
30 41 0 45 47 43 50 15 4 37 24 42 5 43 13 20 15 5 13 44 26 38 50 8 17 22 2 28 28 50 3 
34 1 33 0 18 18 48 2 3 39 23 2 7 16 22 4 2 8 33 33 10 38 3 17 43 19 31 34 28 25 42 
22 37 5 35 0 40 41 23 25 46 22 14 3 25 21 24 32 35 37 13 21 44 45 45 40 15 31 35 40 49 37 
15 24 28 47 2 0 15 3 32 32 13 30 33 38 12 47 36 29 47 20 38 47 47 16 5 48 28 43 15 20 9 
7 34 27 9 8 40 0 25 28 20 9 30 3 5 1 41 11 8 34 44 30 3 38 21 11 41 18 9 23 49 25 
23 38 12 24 6 47 7 0 29 5 7 12 1 28 11 9 44 43 16 14 38 20 9 21 41 7 20 13 16 19 40 
32 2 30 46 37 42 42 32 0 45 45 5 30 30 38 19 2 11 11 3 48 26 44 10 12 5 15 17 22 17 37 
34 42 10 15 25 10 22 32 24 0 17 2 11 21 20 34 40 29 33 23 6 9 3 13 22 14 39 43 18 41 23 
25 21 16 8 12 13 21 15 14 9 0 30 30 37 37 46 15 23 40 29 16 36 34 49 12 29 32 29 39 2 36 
18 5 42 2 42 32 46 13 9 21 20 0 14 20 14 27 30 17 27 27 49 16 3 40 26 37 41 22 5 30 30 
35 32 14 28 41 25 39 35 45 14 20 10 0 32 8 46 22 15 36 35 49 16 2 12 3 21 16 15 16 15 1 
11 42 33 29 36 38 1 43 24 2 42 32 32 0 13 30 6 21 32 31 16 27 37 20 32 15 33 20 12 8 26 
11 23 20 44 4 28 28 4 23 8 22 22 12 34 0 8 34 21 50 24 15 46 34 36 50 25 25 23 2 14 3 
18 39 36 49 41 19 12 38 10 2 29 17 10 23 44 0 5 25 36 25 31 13 21 39 44 30 28 38 21 20 30 
6 26 41 20 40 33 37 14 43 39 23 33 40 22 36 29 0 25 13 6 20 50 38 28 33 41 48 1 43 19 14 
32 42 18 31 46 3 27 40 34 12 19 11 43 36 9 30 32 0 17 8 2 3 25 15 1 30 19 49 8 29 43 
33 44 46 30 7 32 15 9 26 33 3 35 30 45 1 39 45 42 0 24 11 16 34 35 17 11 7 27 18 2 28 
5 19 11 41 29 25 16 14 29 28 16 23 41 26 49 19 46 21 1 0 41 24 7 35 19 27 50 10 29 19 1 
6 48 8 49 28 35 24 39 17 26 24 32 13 47 46 44 43 10 19 43 0 12 6 18 11 5 48 35 43 15 29 
16 37 46 29 23 18 15 43 48 15 45 7 5 25 18 42 45 39 23 34 8 0 50 11 26 39 50 31 48 45 31 
1 32 25 38 10 37 37 34 24 28 29 1 13 4 49 5 2 43 43 13 4 47 0 20 32 22 17 27 20 41 23 
38 18 49 18 15 14 33 17 15 31 6 11 15 46 5 7 37 7 28 34 49 38 5 0 32 27 5 12 44 17 44 
11 18 44 1 41 11 3 46 40 35 23 36 28 13 8 44 32 25 27 15 30 21 43 7 0 25 50 14 17 41 10 
2 39 1 22 21 38 17 14 6 45 5 42 17 43 11 14 11 43 25 33 23 38 18 2 14 0 41 26 38 27 41 
48 36 5 30 34 35 35 7 42 20 28 19 20 32 10 39 4 50 46 12 40 21 42 9 38 15 0 22 49 8 31 
13 30 38 15 47 19 37 37 9 27 29 5 1 5 6 5 18 36 42 26 37 26 42 15 2 27 45 0 47 43 20 
14 37 49 12 7 48 31 5 36 42 3 17 41 20 34 35 21 37 4 34 47 36 8 33 44 38 39 24 0 14 20 
25 41 45 40 13 43 7 40 49 8 24 13 1 1 24 21 35 22 31 17 7 8 44 9 23 28 29 16 18 0 20 
10 8 42 16 17 12 22 1 7 42 29 31 39 46 11 34 36 7 10 23 3 18 43 47 14 18 48 37 17 36 0 
14 0 41 22 29 49 16 22 35 34 12 49 35 15 40 39 26 19 48 48 40 43 22 6 45 17 43 16 46 2 49 
15 36 0 34 22 28 38 10 10 48 46 13 1 24 49 25 19 3 3 8 38 50 50 39 28 43 42 36 27 13 6 
50 26 34 0 35 47 14 1 43 12 2 17 9 50 3 27 42 49 8 21 49 40 13 38 15 50 15 48 7 30 37 
3 33 48 42 0 46 37 18 39 2 12 19 11 42 7 21 41 1 36 1 1 43 28 6 14 17 38 39 19 35 33 
16 44 14 26 49 0 34 11 8 8 41 25 11 6 10 30 29 22 31 44 10 15 12 6 29 44 25 27 35 26 8 
48 49 4 20 46 25 0 48 16 8 37 31 43 29 11 27 33 22 47 34 38 17 8 25 26 18 5 38 36 33 25 
8 27 33 50 43 26 8 0 37 14 6 32 6 23 7 30 23 33 46 2 11 3 31 1 38 42 41 25 28 2 42 
37 12 34 34 30 4 10 30 0 18 1 25 36 33 29 6 11 36 18 47 45 22 43 34 22 22 27 26 45 8 3 
2 30 35 23 19 20 23 40 28 0 26 14 4 28 2 37 18 48 23 33 31 6 7 32 8 20 45 29 12 12 3 
29 15 22 16 49 46 1 11 11 36 0 39 46 41 22 32 18 15 32 36 5 30 4 13 27 48 46 49 28 3 25 
42 11 28 25 48 49 32 13 3 41 17 0 37 13 47 43 10 16 11 27 2 30 47 27 7 23 25 2 46 18 4 
47 24 8 36 45 29 18 17 25 33 37 2 0 30 45 39 43 42 17 35 39 30 39 2 1 45 45 34 21 2 23 
48 37 46 49 45 44 30 27 2 15 42 50 37 0 44 16 29 18 33 19 31 34 35 11 30 24 8 23 7 42 1 
45 47 15 2 35 50 7 31 1 45 14 15 15 21 0 47 31 3 8 36 16 27 2 3 22 39 13 27 16 26 37 
22 23 35 2 20 45 36 35 9 16 23 38 32 24 17 0 19 20 40 33 44 6 15 22 27 24 43 45 44 14 23 
24 41 6 14 24 41 31 14 1 3 46 19 49 20 44 40 0 20 29 5 20 43 37 33 32 32 7 1 8 29 28 
50 42 21 37 43 32 32 19 50 27 39 7 40 31 49 37 16 0 3 33 34 23 17 39 45 30 38 8 24 33 18 
40 23 35 23 3 4 48 13 27 12 8 2 29 29 32 37 47 3 0 33 45 42 49 25 46 6 34 4 27 7 6 
24 8 36 33 37 16 22 17 28 46 40 3 26 22 26 21 38 11 13 0 44 41 6 41 39 26 42 48 40 18 20 
1 22 7 22 39 1 16 46 42 16 15 31 25 38 5 39 23 4 20 35 0 46 43 14 13 15 19 18 47 7 46 
18 33 49 9 45 19 47 5 34 26 5 43 19 48 30 11 32 4 34 38 19 0 44 20 34 24 8 8 44 7 20 
33 20 39 47 48 33 32 16 43 37 42 18 21 45 30 4 24 17 34 5 37 14 0 14 20 27 24 13 16 36 38 
12 3 48 14 43 36 4 23 50 48 29 16 11 48 46 1 24 26 5 20 34 41 11 0 3 33 20 6 20 21 25 
20 17 30 6 26 40 21 8 3 44 1 2 18 36 26 22 4 17 24 26 1 38 12 16 0 4 21 43 46 31 24 
31 34 2 25 28 13 36 5 22 7 31 16 23 11 20 32 23 25 27 12 16 40 46 45 24 0 33 5 15 3 5 
47 25 28 30 14 17 1 44 8 13 36 49 45 18 45 36 15 1 47 22 49 18 19 19 8 41 0 39 8 2 46 
9 22 3 17 10 7 38 44 48 3 32 30 17 14 27 17 46 29 50 39 19 5 19 31 7 30 6 0 10 22 23 
29 44 42 13 5 14 47 28 9 39 48 21 4 44 40 20 1 6 42 41 46 10 8 14 28 4 4 22 0 11 30 
1 29 23 25 25 39 38 5 10 13 21 18 21 11 41 48 2 25 42 38 30 1 18 32 28 19 36 29 36 0 1 
11 26 18 29 39 19 49 29 19 1 32 47 47 29 21 28 40 47 23 30 3 29 30 24 1 50 11 42 47 6 0 
3 0 10 19 9 3 45 1 42 23 23 50 23 7 41 6 34 5 40 11 50 30 40 7 7 49 32 46 44 28 39 
8 8 0 32 14 49 23 28 38 27 27 28 48 24 1 30 30 23 40 18 18 46 22 31 47 26 14 3 13 11 21 
49 7 15 0 34 15 43 42 43 43 34 6 17 14 35 23 33 16 7 27 19 10 7 27 11 44 37 27 35 38 35 
20 15 28 6 0 28 21 34 40 36 38 39 30 47 35 12 29 9 47 25 44 48 46 37 42 11 43 31 4 41 29 
16 7 6 8 14 0 41 40 8 7 2 49 26 21 39 30 30 10 43 49 15 28 31 11 44 38 24 29 36 45 36 
41 30 50 8 22 33 0 25 40 21 22 40 2 40 23 46 22 26 48 13 32 33 38 6 27 1 35 47 12 21 40 
12 4 14 22 11 20 27 0 13 18 48 6 21 22 27 25 27 42 38 49 16 49 32 24 14 3 4 24 23 7 38 
37 13 20 32 10 37 39 18 0 13 26 45 13 31 16 26 13 17 29 2 25 44 9 14 5 41 31 30 50 20 8 
46 4 7 30 11 43 2 41 18 0 39 39 25 26 23 22 37 2 9 38 41 37 45 22 33 45 28 50 15 41 30 
7 39 49 5 30 41 7 1 5 33 0 12 27 12 14 37 19 34 42 33 5 29 22 12 29 21 1 33 24 36 34 
44 37 50 38 32 50 27 21 43 31 31 0 2 4 6 29 11 34 8 46 26 45 9 32 37 2 36 27 20 34 30 
9 33 15 22 39 26 27 24 33 37 43 13 0 49 3 25 27 19 7 50 11 18 25 29 11 39 36 5 14 37 47 
24 7 38 14 23 48 38 33 17 4 35 11 26 0 9 33 33 10 30 13 25 18 21 20 24 12 34 5 4 34 4 
21 13 37 37 14 36 25 36 31 27 40 37 41 47 0 26 7 50 20 28 6 27 25 2 13 29 4 38 14 2 39 
44 34 49 14 34 22 24 40 45 48 8 25 50 36 35 0 32 30 24 48 6 34 36 27 28 27 46 11 25 8 11 
49 11 34 42 34 7 38 27 13 4 34 11 25 31 49 2 0 26 17 28 48 24 15 17 47 5 9 8 22 37 38 
12 50 32 35 49 47 41 8 3 29 44 4 11 44 22 24 11 0 46 30 25 21 45 47 10 38 35 45 38 37 26 
50 16 41 26 43 34 29 41 32 2 12 18 14 50 5 20 4 23 0 25 32 48 12 43 12 17 17 4 23 47 15 
3 4 22 28 30 28 13 35 2 39 46 21 14 29 14 3 32 48 6 0 18 31 23 13 6 28 38 24 30 9 27 
31 7 45 18 50 9 47 37 21 27 8 20 22 37 37 28 49 15 48 15 0 36 7 17 29 35 30 41 17 50 43 
4 34 26 25 8 39 26 47 29 6 7 45 28 30 11 11 1 27 19 1 40 0 10 32 45 42 25 40 16 33 20 
18 30 38 28 23 24 44 47 29 48 2 2 36 43 8 41 29 38 18 24 30 14 0 48 50 4 45 3 32 33 33 
50 10 14 10 38 28 8 50 7 38 18 4 48 22 49 38 25 39 37 1 46 2 49 0 10 41 5 32 38 25 29 
22 13 14 47 49 42 39 26 5 31 34 30 32 31 7 26 16 27 1 16 20 14 45 33 0 38 48 12 4 20 34 
46 20 25 29 17 6 41 2 23 7 49 50 35 7 18 16 21 18 4 15 39 5 38 9 10 0 8 18 32 10 1 
31 35 7 22 36 14 6 4 15 1 36 15 5 44 18 21 30 39 15 22 28 45 1 5 46 41 0 33 16 20 9 
38 9 43 23 27 15 43 13 21 5 11 17 3 3 30 24 1 44 42 39 29 29 18 38 23 36 35 0 2 27 45 
32 40 35 7 14 27 22 32 18 3 28 17 18 11 11 12 42 48 25 22 41 39 24 31 31 9 41 5 0 1 41 
31 42 37 27 23 21 33 47 40 3 2 20 27 39 12 13 12 8 27 12 45 37 28 6 5 43 17 5 27 0 5 
37 18 32 27 23 37 30 42 38 41 29 45 9 22 20 21 13 36 19 19 48 33 28 39 47 44 14 32 22 31 0 
5 0 29 21 35 17 35 38 1 16 25 33 20 21 37 33 1 29 6 36 34 30 31 36 8 8 4 40 43 31 30 
23 49 0 21 7 37 50 24 24 6 35 34 13 20 44 36 29 13 42 7 46 16 9 46 38 1 24 44 13 28 14 
46 46 20 0 37 3 34 50 14 1 33 27 6 1 2 1 17 12 42 23 29 42 48 37 35 15 15 3 33 6 13 
7 11 46 43 0 39 38 43 33 42 3 30 49 42 24 19 11 8 45 38 35 12 2 41 50 22 49 10 36 23 38 
32 17 9 38 27 0 17 10 9 13 13 25 29 50 20 50 43 6 13 16 4 7 9 46 22 1 5 20 47 21 41 
29 8 11 4 22 13 0 41 5 48 3 1 50 32 25 10 34 2 21 50 30 43 47 20 19 32 23 22 37 37 22 
47 14 39 23 34 17 19 0 47 49 38 3 2 16 14 4 8 27 21 12 18 3 49 47 41 49 33 39 42 23 49 
42 4 18 26 7 37 12 10 0 41 44 15 6 23 12 28 41 31 7 15 25 46 1 25 20 19 48 17 48 24 2 
29 27 24 1 47 49 35 41 8 0 17 46 18 30 19 4 48 27 35 14 8 2 33 27 49 4 41 30 49 8 9 
21 14 36 39 16 38 32 23 16 29 0 6 41 49 49 29 29 21 7 17 22 22 32 35 17 1 47 50 26 48 7 
20 37 33 50 47 33 32 41 4 16 16 0 5 20 35 2 11 34 29 21 25 20 23 33 37 38 39 30 20 39 19 
39 6 25 10 10 20 8 50 2 46 47 30 0 4 2 6 17 13 50 15 40 13 21 6 23 37 47 5 47 12 8 
3 12 3 35 27 11 30 10 25 33 4 34 27 0 25 28 40 20 32 32 21 27 31 6 50 7 18 1 3 23 14 
15 11 38 45 44 36 28 20 25 45 37 3 25 32 0 37 29 45 32 45 48 28 24 16 41 32 23 7 3 28 10 
10 28 38 12 18 43 47 33 32 43 12 1 7 37 35 0 25 6 25 13 28 24 19 8 26 37 42 46 47 14 21 
30 25 42 15 35 10 16 14 14 45 33 12 1 3 36 28 0 17 30 7 8 18 32 40 1 37 42 21 12 26 27 
48 50 20 11 14 37 9 42 2 26 9 42 11 19 45 12 19 0 5 40 9 25 16 41 6 3 48 35 42 29 44 
39 4 39 38 48 34 42 40 40 49 19 25 29 32 49 27 22 22 0 6 25 23 16 23 17 2 32 9 14 8 17 
2 18 14 8 37 6 4 24 22 12 20 30 16 41 41 1 37 9 8 0 27 26 14 36 5 22 24 32 23 36 16 
26 29 32 23 47 1 12 22 46 44 24 48 1 45 5 43 50 32 26 2 0 45 50 7 32 41 39 32 10 36 13 
25 31 39 6 37 42 49 43 44 40 39 16 14 15 4 29 14 42 50 30 24 0 50 47 35 21 26 22 1 33 9 
20 3 36 33 20 43 10 45 8 13 45 8 39 37 13 30 37 43 28 13 25 41 0 10 7 39 25 35 4 35 11 
20 49 10 36 21 37 30 31 46 12 19 20 34 37 35 17 12 10 22 42 39 30 23 0 21 34 30 44 30 44 45 
8 6 10 47 44 47 48 4 17 26 50 6 47 17 44 6 7 23 22 23 14 26 33 44 0 23 40 26 40 2 42 
44 50 37 2 4 13 10 37 44 39 20 8 44 46 42 34 33 6 28 28 23 21 8 22 31 0 33 24 16 25 4 
21 8 2 25 33 1 19 46 13 31 46 20 29 34 3 6 32 37 3 39 7 20 13 24 19 23 0 42 16 21 22 
40 45 12 41 18 12 7 19 14 42 16 38 44 47 33 4 42 25 20 25 1 37 14 37 47 1 46 0 29 7 10 
9 4 26 41 41 2 8 39 16 41 50 14 23 12 24 20 27 16 42 16 32 18 46 46 22 3 32 26 0 44 17 
16 28 13 5 34 12 12 3 6 31 46 4 9 29 26 38 14 2 14 28 25 31 38 42 29 41 8 30 20 0 39 
20 33 46 50 25 22 1 19 29 12 8 24 10 11 21 29 9 18 21 35 39 30 13 17 43 36 41 22 27 43 0 
4 0 33 34 18 12 13 8 10 4 4 37 46 24 2 20 1 22 27 21 1 33 41 9 36 50 41 21 29 7 40 
31 30 0 43 36 9 26 41 42 50 8 21 49 14 18 48 44 6 12 48 42 15 14 1 26 10 13 25 49 18 21 
43 29 4 0 14 23 7 3 39 43 45 11 30 28 14 30 35 27 42 38 7 35 10 32 16 26 17 30 17 26 46 
1 43 25 29 0 15 42 46 50 45 42 41 18 19 4 32 35 37 37 46 26 37 34 11 12 37 34 48 38 39 6 
27 36 13 48 44 0 19 6 50 49 39 40 28 47 47 16 17 41 29 34 41 31 44 21 1 10 18 32 13 42 32 
45 8 12 39 15 6 0 6 21 11 14 30 37 39 8 37 9 37 15 47 20 43 19 5 49 26 34 15 13 39 26 
37 43 8 18 45 32 16 0 9 33 10 12 20 19 21 11 45 6 14 14 1 32 18 17 23 39 27 4 14 14 31 
41 44 33 35 27 38 29 21 0 13 5 44 28 32 37 9 23 50 34 38 31 29 2 49 38 44 20 27 36 29 19 
29 3 46 2 20 19 37 34 45 0 24 16 35 1 9 8 4 36 30 14 17 27 20 26 33 3 40 45 46 42 7 
11 44 43 45 26 41 33 31 18 41 0 36 16 39 14 16 45 1 41 31 40 35 48 23 13 42 10 27 13 50 30 
25 42 43 39 14 22 42 6 33 17 21 0 5 13 23 31 11 32 13 17 8 39 4 15 2 22 14 22 31 3 17 
15 21 32 38 17 45 24 1 1 44 3 45 0 8 15 19 30 35 50 33 32 29 15 46 42 42 21 28 41 17 1 
1 11 4 16 2 1 24 26 7 37 38 31 12 0 23 5 45 47 1 33 42 29 22 49 22 39 1 25 40 46 47 
17 33 34 1 44 42 42 42 13 19 7 10 43 46 0 44 48 3 24 37 47 25 28 8 26 23 29 13 32 28 2 
27 34 30 11 20 5 48 12 30 13 3 5 38 15 36 0 19 30 3 28 42 48 2 4 50 22 40 26 9 29 15 
30 11 15 12 42 23 31 33 27 40 50 41 44 24 45 20 0 41 44 40 4 50 10 4 36 4 26 31 31 39 30 
30 40 34 15 34 43 40 26 23 13 39 47 27 39 42 7 8 0 30 5 2 50 32 19 25 16 20 7 29 9 17 
43 50 44 47 11 11 8 29 41 2 31 15 21 28 15 3 34 15 0 45 47 18 1 26 37 31 48 21 9 50 14 
37 12 17 6 20 39 3 30 29 32 50 30 40 4 22 35 12 42 11 0 13 37 42 35 13 50 43 25 8 16 14 
40 49 29 27 16 20 49 16 8 26 1 4 37 13 47 38 11 22 15 46 0 37 30 49 38 28 45 27 5 6 28 
15 46 14 16 42 1 1 14 39 3 37 47 35 35 13 33 5 22 16 13 32 0 3 43 21 27 11 1 42 49 21 
43 44 10 30 11 5 40 22 21 46 37 48 34 13 10 41 46 14 25 46 40 5 0 40 44 47 12 4 44 39 32 
1 10 15 18 10 43 37 5 24 8 43 34 1 20 26 34 20 30 11 37 16 37 17 0 4 32 38 5 16 34 50 
2 47 34 40 46 28 33 16 3 17 4 41 40 17 4 7 5 20 19 13 42 24 34 2 0 17 14 43 12 37 23 
39 22 22 25 7 47 1 12 25 49 1 5 28 45 34 25 48 50 1 25 34 35 48 21 8 0 29 14 33 24 32 
35 22 29 31 28 33 19 15 11 7 7 43 46 21 13 38 46 39 18 42 17 44 12 12 39 4 0 24 2 18 29 
34 18 38 43 14 30 26 47 17 2 7 33 40 44 19 41 40 28 9 20 33 25 15 33 16 42 11 0 17 43 25 
9 18 48 33 24 39 5 3 7 33 12 50 23 17 36 34 4 19 44 48 14 47 44 48 46 9 4 6 0 28 23 
20 10 5 43 43 39 35 8 20 31 37 38 21 26 8 34 3 49 47 32 38 42 24 45 11 13 25 1 37 0 15 
36 50 26 35 14 3 45 30 24 47 49 47 49 13 12 27 27 18 40 13 7 5 9 46 35 28 36 10 32 31 0 
14 0 35 22 6 46 38 12 37 12 6 39 23 26 1 34 41 44 11 34 34 37 7 11 24 8 31 41 31 50 37 
17 35 0 49 43 34 14 26 43 18 25 16 41 7 34 24 35 30 9 12 45 34 26 27 48 45 8 25 48 48 15 
47 32 37 0 25 40 5 25 33 17 20 15 2 44 10 19 46 50 27 50 24 1 32 19 6 4 42 9 1 49 27 
40 29 45 3 0 28 35 4 32 45 20 11 48 42 43 30 33 33 18 30 49 8 48 48 25 15 16 13 32 22 48 
46 24 35 41 31 0 37 7 41 32 35 43 19 32 31 14 4 40 27 26 22 10 42 22 50 20 42 31 21 39 13 
22 23 11 48 24 37 0 14 1 12 43 26 42 36 45 7 39 17 18 12 11 26 37 6 1 39 5 3 35 22 40 
7 36 2 20 13 20 8 0 35 7 28 41 39 15 33 46 18 6 27 43 31 25 13 10 28 37 36 17 10 9 19 
34 29 30 23 37 40 40 17 0 32 37 32 32 11 34 21 37 23 23 6 22 50 27 42 42 15 44 27 25 33 28 
4 49 26 38 44 12 10 42 47 0 6 28 40 45 7 49 44 2 26 8 1 14 45 5 38 20 8 37 38 9 43 
14 16 34 4 34 34 6 24 41 9 0 27 31 27 50 44 10 32 36 43 22 42 1 17 33 15 9 44 39 18 37 
26 23 34 4 43 12 6 41 24 16 38 0 29 36 50 24 33 19 5 44 11 26 2 45 38 2 13 50 2 40 25 
40 18 6 4 34 5 48 23 8 32 4 41 0 12 27 35 13 16 18 9 32 41 39 46 8 12 25 28 46 3 31 
13 5 2 50 27 20 24 33 17 20 36 46 48 0 13 7 36 40 18 4 39 47 32 43 8 34 1 23 48 43 9 
27 2 21 27 19 50 39 13 1 15 40 34 2 40 0 47 46 42 34 2 26 35 11 43 14 34 32 13 45 16 27 
48 26 40 8 43 35 26 22 44 8 47 27 18 39 49 0 14 31 3 11 39 10 40 47 17 25 17 9 7 43 38 
37 45 48 24 17 14 44 45 48 13 21 21 40 44 30 8 0 43 4 15 21 1 10 34 28 18 9 30 24 33 26 
26 19 29 6 21 3 30 44 23 36 20 37 5 49 19 39 50 0 3 38 17 24 6 43 23 38 27 11 20 7 9 
35 21 12 22 37 2 43 35 24 27 29 50 32 30 1 15 5 35 0 10 29 10 27 37 17 3 21 27 6 19 44 
42 10 38 15 2 50 25 34 12 17 47 15 30 11 38 25 24 13 23 0 23 23 26 11 29 49 8 35 45 20 17 
26 37 17 30 35 19 12 18 29 1 40 22 24 43 32 45 48 26 29 28 0 47 14 34 46 22 17 50 9 16 45 
16 30 15 45 41 11 49 50 26 20 13 7 35 22 33 1 3 18 47 4 10 0 9 17 43 21 13 4 21 9 19 
20 4 2 35 36 11 8 29 3 22 47 49 50 10 15 40 29 13 14 21 14 32 0 13 12 35 7 14 22 25 29 
8 28 41 8 1 10 6 1 36 23 44 25 16 26 7 11 10 8 28 31 35 41 8 0 38 5 38 41 40 50 29 
47 36 4 25 15 20 9 43 9 5 35 28 27 42 28 40 17 38 6 25 48 7 44 45 0 44 17 21 3 3 14 
20 16 2 8 26 9 21 41 11 38 2 17 49 24 46 7 15 16 11 16 21 4 35 25 31 0 41 42 10 31 49 
49 6 40 46 36 20 26 20 16 19 19 26 27 18 23 31 8 21 49 37 3 5 42 38 44 16 0 32 27 27 36 
17 12 11 13 40 46 28 3 39 27 31 45 1 43 47 45 27 18 2 50 33 22 11 44 47 44 15 0 2 3 20 
38 50 43 31 2 7 16 15 28 27 4 6 32 22 7 8 5 50 42 49 40 14 25 27 3 46 1 17 0 17 46 
32 27 1 20 39 32 2 20 41 40 30 13 40 26 47 28 40 39 38 39 40 15 10 4 31 25 25 17 28 0 6 
6 49 48 33 46 27 5 13 34 25 6 35 10 3 20 27 25 50 30 26 7 13 30 28 6 17 18 47 40 15 0 
8 0 36 43 35 34 31 15 8 30 21 23 27 6 14 34 6 6 8 35 4 50 25 37 2 50 44 20 20 27 29 
10 8 0 24 19 17 20 42 26 19 39 12 17 21 10 3 31 7 16 45 1 12 10 13 36 15 34 50 41 36 40 
12 45 32 0 2 12 16 4 38 47 14 14 31 40 46 42 34 5 27 50 20 38 4 26 26 18 50 45 38 4 34 
20 2 40 29 0 28 18 36 20 48 38 27 20 20 31 38 32 21 18 45 32 29 23 42 17 3 9 20 6 34 12 
21 16 34 14 44 0 12 41 11 19 25 48 36 29 13 43 18 35 45 39 37 30 28 44 22 5 48 11 24 26 20 
48 30 36 37 17 12 0 37 7 37 26 41 11 50 21 35 44 44 29 24 36 25 25 18 48 33 44 23 12 9 47 
2 17 35 49 27 18 50 0 43 46 31 32 28 9 13 46 19 28 24 38 12 4 32 1 41 46 24 13 38 4 23 
40 25 49 40 25 24 26 1 0 44 17 44 2 34 43 5 47 17 6 2 14 16 49 24 47 44 20 17 44 4 3 
6 13 39 23 42 7 30 19 39 0 23 43 28 30 21 18 3 49 8 37 50 8 7 37 40 8 41 1 2 47 5 
8 33 47 41 12 32 13 11 2 49 0 17 48 18 30 21 39 19 4 30 42 22 10 8 5 46 49 26 49 16 1 
6 29 22 34 15 11 31 40 10 37 41 0 39 7 39 33 10 40 7 20 19 22 48 23 6 33 48 26 42 45 13 
6 14 45 1 43 38 27 34 15 11 8 30 0 44 43 2 34 4 19 22 37 10 20 30 47 30 8 7 17 1 18 
36 39 45 48 31 27 44 6 46 46 34 6 42 0 10 12 42 5 30 4 50 45 7 20 8 3 37 34 48 21 36 
31 10 34 48 25 19 36 47 13 25 41 48 24 27 0 4 4 28 21 36 38 4 28 13 2 24 30 19 37 45 44 
44 46 36 11 15 24 23 45 35 43 7 9 17 30 10 0 47 33 44 5 49 9 13 13 34 32 4 47 32 25 45 
50 50 2 19 31 45 13 14 12 30 32 34 37 44 31 46 0 11 34 42 27 47 26 33 46 36 31 34 2 29 12 
28 41 21 40 43 8 7 49 49 15 35 20 33 25 18 26 27 0 20 3 37 44 14 40 49 49 25 17 6 34 1 
12 11 35 1 3 41 14 47 1 24 39 13 35 28 42 28 43 8 0 29 10 5 15 49 42 19 15 2 22 42 18 
41 1 15 49 3 24 35 32 22 27 13 30 19 29 49 31 29 13 7 0 21 32 10 28 25 46 48 12 44 33 39 
40 42 6 33 34 38 48 36 25 18 43 12 37 2 47 25 46 21 44 38 0 36 39 16 21 37 32 24 41 4 6 
12 42 50 34 38 22 25 36 46 11 33 43 38 39 28 21 23 27 28 21 3 0 42 50 45 4 1 26 35 47 3 
15 8 33 20 6 2 12 4 14 26 1 10 25 34 5 43 1 27 43 16 9 48 0 14 33 4 21 42 6 30 37 
46 41 40 43 46 26 11 19 33 26 10 20 13 3 21 43 17 17 40 11 50 50 42 0 32 44 18 44 1 16 36 
11 7 24 28 30 11 21 32 38 30 33 33 44 18 7 39 36 12 13 11 4 25 16 19 0 37 47 49 9 50 29 
32 10 3 47 16 4 47 35 23 10 23 36 29 11 29 18 6 25 26 6 33 33 39 6 33 0 37 41 5 41 33 
12 13 33 10 48 23 30 47 2 3 42 1 39 3 39 19 46 5 41 20 41 25 33 44 47 50 0 22 48 15 29 
13 43 45 40 49 11 3 20 13 7 39 9 23 23 14 32 44 37 17 15 41 37 15 22 42 38 30 0 40 14 49 
1 32 33 23 41 50 7 49 4 29 16 27 42 34 32 33 2 11 31 15 6 36 32 50 39 26 29 23 0 49 12 
31 13 6 15 6 7 27 50 32 15 26 45 33 39 50 14 45 31 41 10 36 19 10 50 44 16 1 34 35 0 15 
21 34 1 43 48 3 22 28 29 25 6 3 30 16 39 11 4 44 1 25 32 49 33 39 27 13 4 7 22 41 0 
6 0 43 16 17 44 43 45 41 41 47 43 17 3 16 4 33 40 44 11 34 13 8 34 10 34 23 2 13 16 36 
49 15 0 7 38 20 13 37 13 23 47 17 14 3 4 33 15 46 17 35 44 23 11 47 38 29 48 10 6 33 21 
42 32 25 0 5 48 28 11 15 46 41 46 27 22 14 17 49 5 30 27 19 27 35 29 23 13 39 19 19 10 22 
4 32 30 2 0 6 35 40 49 7 6 5 32 21 44 48 47 40 33 22 30 44 31 30 15 45 8 4 2 43 9 
9 42 5 25 38 0 15 47 20 9 33 10 7 23 22 15 46 14 35 25 17 49 36 48 30 29 24 3 16 8 49 
32 38 6 48 47 13 0 27 47 6 33 50 20 25 39 20 37 8 8 50 50 44 19 27 26 10 24 45 25 46 15 
13 32 13 10 2 23 1 0 25 26 3 19 17 30 43 18 30 12 9 11 42 16 45 16 8 5 13 11 31 38 24 
18 2 1 42 21 18 8 16 0 38 48 36 33 33 48 31 28 40 35 8 31 12 36 15 5 50 19 16 5 6 39 
12 21 38 2 35 17 16 39 22 0 50 22 46 22 14 6 33 12 19 28 27 24 27 23 7 12 33 37 47 43 2 
3 4 10 50 36 16 46 32 14 14 0 12 2 13 9 10 16 15 2 49 17 7 48 28 29 15 36 48 31 41 2 
30 20 47 21 48 19 37 22 28 41 38 0 31 6 14 16 23 14 15 48 46 19 36 49 26 46 6 26 32 36 50 
18 16 41 12 34 43 6 43 12 41 30 43 0 25 8 29 26 42 14 14 42 23 34 33 45 34 45 22 21 26 42 
43 5 37 28 23 23 40 44 30 23 18 21 4 0 7 16 26 12 41 47 20 14 13 19 44 28 35 33 47 28 40 
22 35 18 20 49 26 6 47 36 7 37 49 35 41 0 24 2 31 27 29 8 34 31 24 6 29 31 37 44 1 38 
40 44 16 41 2 34 4 34 9 41 21 15 5 41 34 0 16 29 28 21 26 4 7 18 20 6 41 12 12 41 19 
39 13 47 48 17 43 33 44 39 41 49 47 18 39 38 20 0 27 33 23 14 3 9 24 25 34 34 26 47 36 12 
22 43 43 41 3 9 18 7 25 41 33 35 39 30 28 8 39 0 30 33 37 15 29 39 28 16 30 40 23 15 33 
17 37 9 28 20 6 5 28 36 30 2 20 9 33 31 18 21 44 0 47 27 46 47 14 49 47 43 4 15 25 23 
20 46 43 42 24 47 27 11 11 22 3 11 44 4 35 45 21 6 48 0 49 10 46 27 38 38 21 23 10 32 27 
3 40 4 14 11 7 28 18 9 35 42 10 34 25 24 35 3 11 15 3 0 23 48 18 27 13 24 19 6 4 3 
24 17 30 35 20 14 8 31 43 29 18 4 48 13 8 1 13 2 14 4 19 0 12 46 29 5 5 22 27 1 37 
38 23 14 7 11 25 30 50 5 11 27 23 18 36 36 20 1 5 20 13 12 18 0 42 1 35 12 22 1 31 16 
43 31 30 7 41 45 41 41 3 33 21 14 47 4 27 47 45 10 44 35 4 17 8 0 39 25 21 31 13 22 49 
4 29 20 40 18 46 43 12 45 41 29 10 3 37 42 49 21 38 24 39 18 12 8 46 0 12 26 24 42 32 21 
14 28 20 4 29 43 44 8 36 32 4 33 15 3 6 45 15 22 48 27 50 44 39 34 31 0 43 22 24 29 43 
23 2 30 25 27 2 41 49 8 49 5 14 2 43 35 36 47 5 40 18 11 3 45 6 21 21 0 40 37 24 37 
22 20 29 44 9 3 4 41 27 5 4 16 14 49 23 37 42 46 49 46 46 17 35 12 32 21 7 0 25 4 6 
12 5 26 22 28 35 35 9 34 33 32 7 29 35 14 45 39 46 34 35 30 44 38 28 42 6 36 18 0 12 39 
46 30 38 21 43 50 41 42 21 38 2 33 12 17 14 40 39 1 48 37 32 11 42 20 27 19 17 49 30 0 23 
50 18 47 46 37 3 20 8 42 15 5 48 26 46 33 47 32 22 14 2 17 36 20 26 8 35 39 18 45 25 0 
34 0 43 13 49 39 35 37 17 31 12 21 31 9 34 33 35 36 46 37 30 37 45 35 28 6 14 49 22 39 2 
15 2 0 14 18 32 12 35 27 8 49 11 16 42 3 32 37 28 37 43 23 50 43 32 15 39 39 9 35 44 25 
37 15 29 0 29 47 20 17 41 3 21 50 10 39 39 19 21 4 32 47 19 37 13 29 16 3 22 21 50 29 44 
4 1 34 33 0 13 47 38 13 6 13 21 37 34 23 24 40 5 43 46 18 35 27 39 25 38 25 37 13 27 25 
49 18 13 10 17 0 49 26 6 27 23 34 41 26 34 49 1 29 7 42 13 18 28 4 11 9 28 13 9 45 39 
10 25 36 32 14 4 0 24 25 6 25 14 50 17 24 35 44 1 5 27 38 46 30 22 15 8 22 14 2 1 40 
37 18 11 39 13 10 6 0 45 20 45 27 4 1 18 49 18 12 31 27 15 28 9 33 8 43 30 4 22 24 43 
40 23 24 16 39 47 40 28 0 11 26 39 6 35 32 11 43 30 4 17 41 10 34 25 37 13 29 36 3 46 33 
6 35 22 28 6 4 31 35 29 0 2 29 34 20 2 26 22 24 1 47 1 1 50 5 34 33 6 48 38 4 11 
12 37 33 28 20 5 35 8 26 7 0 13 45 26 15 12 27 15 24 12 41 5 35 6 46 33 7 30 38 45 1 
7 43 32 19 41 42 2 43 33 21 37 0 17 25 41 39 7 25 40 22 7 41 25 26 13 6 27 31 37 46 13 
26 48 13 26 1 20 13 8 25 20 25 23 0 42 41 4 39 11 16 8 26 33 40 16 38 10 32 17 20 13 14 
12 15 47 20 46 40 4 50 40 19 45 17 16 0 3 33 19 34 36 9 18 17 15 30 21 31 36 32 25 17 19 
3 44 45 11 9 10 26 22 46 14 35 12 27 39 0 32 16 25 14 6 41 49 32 11 45 48 47 36 27 40 10 
9 29 33 21 17 1 22 5 45 23 44 12 41 45 33 0 6 39 41 39 15 12 19 20 26 21 21 33 1 14 12 
25 49 33 36 6 7 29 6 22 31 44 20 20 34 48 37 0 41 17 13 42 8 45 38 26 49 41 10 8 1 46 
18 22 42 33 48 45 30 6 40 27 28 34 20 9 21 43 49 0 36 29 34 31 17 38 22 5 30 11 8 38 16 
47 21 6 26 13 23 29 38 36 3 8 36 28 36 15 25 26 30 0 5 6 42 24 29 17 16 1 34 20 29 19 
35 22 18 24 30 7 28 44 46 49 15 12 1 27 26 45 40 3 8 0 30 5 31 3 32 24 24 42 39 10 12 
39 9 9 18 19 37 19 4 7 8 47 33 35 7 42 30 23 3 41 22 0 12 32 13 49 14 4 20 36 1 6 
15 39 34 34 11 6 3 33 9 40 26 37 47 50 33 23 47 47 41 45 1 0 40 48 39 1 7 47 11 4 15 
18 33 3 1 44 9 49 2 47 37 27 41 45 2 46 25 36 13 16 42 8 23 0 46 7 6 26 41 46 33 4 
9 43 29 44 23 44 34 47 7 25 24 45 1 4 18 11 45 47 43 27 22 34 45 0 13 8 45 37 47 45 18 
18 4 20 43 28 35 12 1 30 3 41 39 7 41 18 13 23 43 40 45 31 45 3 7 0 32 25 48 17 37 28 
8 38 2 39 8 20 26 8 27 34 50 45 18 41 36 34 28 4 45 45 23 45 8 1 38 0 23 2 14 12 3 
37 45 15 2 45 4 38 19 34 49 38 15 16 7 45 37 28 12 21 49 48 44 23 42 5 13 0 30 1 1 35 
19 13 47 24 47 6 30 16 46 33 46 9 21 47 8 9 29 2 6 2 46 40 43 14 6 43 23 0 23 47 32 
24 37 18 49 30 25 19 43 10 40 7 12 16 38 3 39 24 26 34 47 35 29 45 50 39 30 20 34 0 19 4 
33 8 19 14 10 9 42 22 18 34 41 37 42 17 45 34 24 6 11 17 19 47 39 1 48 46 43 18 11 0 50 
5 35 24 6 8 50 44 3 29 45 48 3 9 1 7 48 37 29 6 5 6 15 24 2 36 36 19 19 17 15 0 
17 0 24 12 18 29 6 13 37 9 46 41 22 27 16 20 17 38 38 44 50 9 14 13 6 44 41 12 23 21 22 
32 25 0 36 15 29 24 42 42 23 2 35 50 20 10 15 35 39 8 32 19 48 31 26 17 6 3 11 6 24 38 
44 41 17 0 38 15 16 36 12 38 46 26 47 16 42 16 9 44 3 41 10 3 5 41 2 24 1 50 20 10 26 
14 36 19 36 0 9 45 34 33 46 49 50 27 21 36 44 2 16 34 2 47 9 8 16 14 36 40 50 15 14 14 
16 16 3 12 33 0 41 28 31 34 21 26 12 7 42 11 26 34 5 9 22 36 17 19 13 18 6 21 5 50 20 
45 20 19 33 34 34 0 24 10 3 4 25 36 1 31 22 48 2 24 4 11 6 46 7 43 29 50 48 40 45 28 
21 23 31 15 27 6 44 0 25 9 27 2 25 2 5 48 1 16 38 42 21 4 47 2 40 14 50 14 27 5 34 
36 34 16 25 34 2 5 37 0 5 16 4 27 15 27 9 32 44 2 45 29 34 10 49 25 25 24 22 42 1 27 
43 18 21 26 42 18 10 28 22 0 47 46 30 34 26 17 28 32 25 32 32 7 12 32 27 50 26 35 41 1 10 
31 14 36 28 24 37 7 40 36 41 0 23 17 30 49 33 4 27 24 8 47 42 48 11 19 21 31 36 44 26 16 
34 19 27 12 16 33 45 7 2 30 21 0 43 39 41 10 41 33 34 44 47 50 12 33 5 19 33 4 18 7 43 
2 14 15 21 8 5 40 19 33 1 10 21 0 23 29 27 49 9 20 10 31 49 3 50 30 17 22 36 23 44 34 
29 27 50 10 29 8 29 19 34 6 1 14 1 0 44 37 29 40 5 28 20 24 34 8 26 45 50 14 35 4 36 
19 18 26 50 22 33 21 13 50 20 21 41 36 4 0 31 35 2 7 44 39 33 31 45 24 10 46 19 24 15 30 
45 44 15 49 37 33 39 2 22 4 8 27 5 9 50 0 34 48 5 46 10 48 7 42 16 3 38 24 2 41 27 
14 48 49 21 25 27 27 38 17 48 46 50 36 40 31 7 0 27 36 24 27 48 15 29 6 32 38 3 49 46 50 
10 38 12 46 40 11 28 35 34 23 7 11 38 48 14 49 22 0 2 36 46 12 38 28 14 29 50 20 43 39 37 
25 28 42 18 39 9 39 40 1 21 29 42 3 2 20 38 28 31 0 42 34 17 1 14 1 38 23 10 48 17 41 
42 36 46 48 49 30 19 20 10 6 11 32 2 16 17 20 36 27 45 0 42 23 39 2 6 21 24 14 42 30 17 
50 41 24 11 30 44 47 5 3 40 19 8 22 37 24 35 50 49 35 18 0 37 33 3 25 19 3 35 41 27 26 
17 28 41 44 7 20 9 42 36 23 24 31 25 6 24 15 18 15 32 36 25 0 15 8 12 30 17 38 49 43 28 
10 6 29 28 24 41 18 28 31 4 27 8 13 12 45 7 8 48 1 4 35 20 0 9 42 1 2 21 29 14 40 
32 10 49 9 14 19 3 48 32 33 48 40 35 28 10 17 2 46 18 23 9 40 48 0 39 43 41 48 38 27 22 
21 39 15 41 23 17 9 4 49 27 5 11 16 19 6 45 35 31 32 34 50 25 11 41 0 31 42 12 11 16 23 
21 16 21 10 13 10 26 44 6 44 8 49 48 42 19 49 25 30 34 49 7 17 6 43 23 0 46 28 24 11 31 
5 49 38 26 6 40 40 7 6 47 19 41 25 39 27 2 28 20 22 33 18 33 28 18 17 4 0 10 29 38 17 
32 2 34 26 39 10 11 23 37 30 9 19 25 37 30 16 43 18 17 22 19 9 3 28 13 23 22 0 21 9 2 
30 12 19 39 16 18 7 50 50 17 42 6 34 43 24 50 8 41 38 2 12 43 12 16 48 23 50 7 0 13 17 
38 40 14 35 50 48 50 36 21 13 10 44 18 50 30 14 26 10 4 13 15 32 34 8 40 37 1 3 42 0 43 
18 1 37 33 30 2 42 49 43 27 1 23 20 25 42 19 26 12 37 35 48 40 3 1 3 7 7 6 45 14 0 
48 0 47 45 29 46 10 7 35 21 29 22 27 18 27 13 42 12 9 16 22 12 39 17 7 46 28 48 37 31 24 
46 37 0 4 30 30 4 29 42 30 33 12 41 42 8 13 21 23 27 38 11 45 48 40 24 2 9 30 38 33 18 
12 21 4 0 47 33 36 24 39 47 9 14 21 29 34 10 22 48 9 45 26 6 22 49 21 30 48 48 31 28 22 
25 41 10 13 0 22 41 37 45 26 27 47 35 30 30 47 25 20 7 14 31 12 21 43 7 12 41 23 34 18 35 
38 44 11 26 35 0 23 12 16 13 19 35 3 34 18 29 21 42 20 24 5 29 42 17 48 11 4 49 3 1 31 
19 4 28 41 40 4 0 25 4 46 24 13 4 45 46 47 9 38 25 29 41 49 4 10 13 7 47 28 13 16 31 
25 9 16 32 1 31 26 0 43 29 25 47 39 25 50 42 25 48 21 2 2 16 24 24 10 32 16 45 15 35 43 
27 12 39 15 50 5 39 13 0 46 16 34 45 47 4 45 11 29 10 21 33 50 7 12 15 15 1 36 6 50 35 
37 11 9 37 49 35 50 11 1 0 38 37 35 26 36 18 21 28 21 16 22 37 35 45 3 43 21 1 25 50 50 
19 34 13 11 30 23 37 10 6 10 0 11 19 10 33 46 16 31 26 47 45 23 15 40 29 49 2 17 7 44 29 
35 26 11 1 19 4 22 16 6 45 35 0 18 15 6 11 18 25 12 7 28 40 26 29 6 27 5 44 35 13 28 
7 30 17 28 26 36 9 9 14 43 44 16 0 20 2 10 5 50 34 18 31 28 6 1 17 39 9 48 6 25 15 
11 38 4 29 39 5 2 38 31 26 10 16 48 0 14 35 25 6 27 46 22 5 10 17 33 1 2 30 1 39 17 
38 3 35 49 33 6 13 42 13 5 4 13 4 43 0 21 12 8 37 33 15 4 21 10 3 11 1 22 21 28 38 
26 2 50 14 39 7 32 50 32 29 13 14 15 41 19 0 43 6 25 12 40 44 44 18 25 14 18 44 33 39 32 
35 42 15 26 30 2 13 41 5 14 31 9 6 4 2 41 0 7 19 35 19 46 48 9 39 44 33 34 25 1 21 
14 50 12 50 45 21 50 40 12 18 30 16 20 49 9 36 38 0 15 23 23 12 25 48 20 37 37 33 26 32 48 
18 39 40 34 50 32 48 6 10 32 41 17 8 17 40 30 28 11 0 30 8 45 20 3 28 10 40 2 42 14 8 
39 24 8 14 50 42 27 37 49 28 39 33 5 42 33 45 18 31 31 0 7 10 23 47 24 4 49 36 12 24 11 
31 6 42 3 44 18 9 44 18 49 4 41 12 3 20 12 15 12 46 16 0 23 21 11 8 48 16 28 35 11 2 
6 15 14 39 48 33 42 3 48 15 36 24 14 33 3 19 12 45 5 42 34 0 25 17 8 39 10 45 34 5 28 
41 25 34 17 43 40 28 24 5 37 20 12 14 31 31 49 7 29 5 30 5 33 0 31 19 18 31 49 6 50 38 
38 8 49 21 25 11 41 48 40 14 42 38 40 18 23 23 12 36 28 40 4 17 30 0 26 24 8 45 15 49 13 
41 23 24 18 49 12 13 43 6 20 9 10 39 41 39 17 44 13 47 46 19 14 28 10 0 35 22 29 24 48 18 
17 27 49 28 24 19 15 23 19 11 10 19 30 8 32 44 28 39 37 7 14 32 18 4 44 0 28 45 14 33 28 
34 40 46 39 4 32 11 12 18 20 2 21 45 36 36 50 34 20 28 41 44 41 37 41 4 35 0 9 46 34 46 
24 2 40 42 28 21 23 41 5 1 34 17 21 18 5 44 38 33 19 44 44 25 36 43 34 43 3 0 6 35 19 
24 16 29 23 46 1 32 3 9 15 27 43 16 28 8 28 20 20 37 11 48 27 28 40 2 49 16 48 0 8 35 
19 18 7 36 27 19 38 49 22 4 12 35 24 4 18 1 10 8 36 6 24 33 19 25 22 48 39 39 21 0 48 
35 35 45 25 47 9 37 31 2 39 40 22 49 33 49 13 3 24 23 1 40 8 12 3 12 36 50 33 14 29 0 
30 0 49 29 25 19 28 41 50 7 9 15 29 7 47 16 3 35 37 26 10 46 15 17 20 8 28 23 43 13 12 
10 5 0 17 23 9 42 43 25 14 22 23 3 18 15 37 11 2 16 37 10 2 14 7 5 34 16 32 9 17 42 
6 48 37 0 46 49 10 13 35 38 25 10 11 23 5 37 43 47 3 33 47 26 7 7 4 10 47 48 12 39 44 
10 34 8 23 0 16 26 17 23 16 27 49 17 28 12 50 42 41 3 18 42 20 30 27 21 16 49 41 33 36 2 
13 1 46 45 16 0 26 3 1 39 12 27 25 37 6 49 9 30 46 5 19 6 46 44 48 25 30 8 38 7 18 
35 34 37 15 15 48 0 22 34 46 25 39 41 14 7 16 45 43 21 23 8 20 46 29 17 46 17 7 49 21 36 
18 16 44 21 28 43 39 0 23 42 1 38 46 50 30 31 16 32 38 32 30 38 38 16 50 49 40 5 20 19 49 
42 23 14 10 7 24 47 43 0 30 23 7 20 30 22 20 24 46 49 37 31 36 20 18 41 49 31 1 45 23 38 
38 19 5 44 9 16 32 40 23 0 8 19 39 9 9 24 19 9 44 30 25 44 6 34 38 13 23 6 23 12 27 
23 3 21 42 36 38 15 36 14 5 0 42 6 27 30 13 47 11 9 17 31 23 7 15 49 44 32 36 17 31 37 
10 9 28 47 35 16 19 17 24 37 4 0 23 31 26 33 39 30 4 26 17 12 48 7 32 5 16 38 22 48 4 
2 48 6 27 45 33 28 30 45 47 29 45 0 35 31 27 50 27 40 16 6 3 33 42 15 26 13 3 47 43 19 
28 47 20 21 35 6 17 4 31 50 11 1 9 0 29 38 17 13 26 6 5 39 49 6 42 1 20 7 42 1 33 
31 32 38 27 19 33 26 14 46 22 33 24 9 17 0 46 3 24 13 27 9 50 28 42 38 30 30 41 28 20 16 
50 26 3 49 20 29 13 33 11 6 42 49 31 34 23 0 16 40 40 47 49 47 44 15 43 33 4 41 1 47 40 
42 48 45 31 23 7 21 11 47 17 40 41 3 22 17 2 0 47 8 16 14 40 1 31 21 19 6 11 11 16 17 
39 13 37 21 14 44 5 50 12 16 46 30 44 30 10 7 41 0 44 26 32 7 34 35 33 50 41 18 24 12 17 
47 11 45 31 29 27 5 33 8 23 47 48 46 1 19 11 8 1 0 12 13 16 18 35 35 11 5 28 4 22 24 
27 31 38 46 20 35 35 14 2 33 2 9 37 4 35 9 39 35 14 0 39 34 17 13 49 2 29 27 11 20 24 
50 1 11 35 47 16 10 1 31 35 27 45 50 29 11 7 31 32 50 2 0 17 43 40 33 40 10 19 39 45 41 
9 24 44 28 34 2 48 3 7 19 50 38 5 30 13 39 18 35 38 45 48 0 45 12 19 8 7 11 28 45 37 
48 21 7 41 27 3 2 22 46 10 9 29 25 31 2 29 39 11 21 2 42 35 0 2 50 43 14 13 25 21 27 
41 21 9 21 22 30 32 14 4 10 38 47 39 29 36 20 21 31 17 29 18 50 8 0 43 45 14 20 7 48 13 
41 27 1 19 20 39 21 4 10 23 48 26 8 11 15 46 46 23 15 23 43 32 8 42 0 10 41 13 16 26 8 
11 26 16 41 19 11 46 21 9 47 50 17 21 45 32 43 43 47 29 49 19 47 43 26 20 0 10 19 9 9 30 
27 5 29 3 12 22 10 18 43 4 1 25 15 18 24 27 11 14 11 17 49 16 38 27 40 14 0 33 41 21 10 
42 37 12 30 21 45 39 19 33 10 34 25 5 25 49 44 32 26 2 44 49 6 49 43 31 11 18 0 2 13 48 
40 19 48 34 13 14 13 36 47 29 38 42 31 2 34 24 12 13 29 46 33 8 40 27 11 36 39 20 0 49 11 
28 38 6 35 21 16 28 21 13 36 32 47 29 24 7 8 26 48 10 7 49 6 23 18 16 32 30 21 24 0 27 
26 44 38 37 1 1 36 46 31 19 47 41 50 44 15 37 30 16 21 3 11 41 11 42 12 23 15 39 20 40 0 
36 0 7 48 37 10 39 9 42 23 7 22 31 17 42 11 9 6 30 4 30 2 14 1 21 16 35 33 46 26 29 
36 48 0 27 42 33 40 44 14 34 27 28 39 44 14 32 31 25 20 32 4 17 35 36 40 38 23 7 28 22 26 
6 14 16 0 44 21 24 5 26 10 21 15 43 47 28 2 14 20 37 39 36 11 14 15 23 12 1 13 37 4 10 
34 16 42 9 0 21 15 23 50 43 8 27 50 11 11 39 25 39 9 38 25 4 20 39 36 16 43 50 44 33 20 
12 18 22 50 38 0 50 1 38 7 38 42 21 44 32 9 11 4 4 35 37 13 4 49 30 7 14 28 6 44 29 
16 29 18 24 46 9 0 28 11 24 40 25 1 2 50 34 33 27 7 28 5 40 46 10 46 8 8 20 43 44 24 
22 45 45 28 23 13 3 0 21 36 1 34 43 30 46 13 13 3 49 47 24 37 21 29 40 40 20 20 22 16 38 
39 36 17 50 18 30 6 25 0 28 21 30 6 22 27 21 47 16 15 33 46 6 22 46 21 37 1 16 6 39 4 
43 32 5 48 12 48 26 30 28 0 34 7 29 22 26 44 31 50 3 19 44 4 6 39 21 33 18 40 47 13 17 
14 1 36 24 29 49 2 24 16 24 0 21 37 37 50 39 28 1 21 27 6 2 14 37 46 1 38 43 35 16 44 
9 30 17 11 20 6 43 48 47 45 30 0 26 37 46 23 18 19 40 32 5 18 19 20 7 16 1 15 41 24 41 
7 17 9 22 15 41 20 26 31 34 36 3 0 24 33 27 26 27 42 23 33 19 4 3 12 27 40 10 10 46 20 
42 3 24 7 39 14 18 16 31 32 48 44 10 0 49 20 15 46 38 31 40 24 23 18 41 23 4 14 48 45 26 
32 10 30 11 42 33 29 18 44 13 9 11 11 41 0 35 26 44 5 42 12 45 23 29 7 46 19 36 34 34 36 
50 21 21 6 1 39 14 49 8 37 37 28 45 19 31 0 13 13 27 7 48 10 10 6 34 31 9 31 24 16 23 
48 46 34 8 14 38 41 6 41 47 12 46 48 6 26 18 0 29 11 26 33 7 9 28 37 27 40 16 38 25 42 
9 41 34 35 39 41 44 37 5 43 23 7 37 10 36 15 13 0 50 8 14 31 20 48 33 16 40 19 48 32 25 
23 3 31 49 39 22 13 13 18 35 24 42 6 33 11 1 23 18 0 2 13 27 16 30 11 12 39 43 1 19 50 
23 47 5 31 21 21 27 39 22 14 2 1 33 24 41 39 14 15 23 0 16 18 2 47 20 48 7 24 20 37 1 
29 12 44 18 13 28 38 26 13 41 24 34 46 38 11 27 34 7 21 23 0 25 28 29 4 33 22 50 35 34 14 
48 7 2 22 36 41 7 15 11 13 2 39 3 33 42 34 6 10 10 22 23 0 17 49 15 26 1 33 41 36 41 
28 3 42 49 44 18 33 25 3 20 20 19 46 9 22 36 26 47 12 50 17 41 0 26 13 41 31 8 37 46 35 
8 16 30 21 35 49 47 4 39 25 2 31 7 40 2 5 22 41 44 41 26 37 30 0 37 25 37 28 30 8 13 
10 46 29 18 13 4 39 26 24 23 39 22 8 38 48 36 34 36 11 37 9 18 44 6 0 10 22 37 44 46 48 
21 18 47 26 15 6 3 40 28 48 16 47 18 21 2 4 29 43 39 40 4 43 20 22 4 0 43 2 23 9 42 
18 46 31 26 3 22 26 32 23 42 34 45 9 13 22 13 50 23 5 6 43 45 6 6 45 29 0 48 26 22 23 
5 30 31 37 31 21 16 43 19 31 29 48 20 47 7 9 35 7 50 42 43 29 19 4 50 23 41 0 25 31 24 
24 50 10 1 38 4 15 22 33 2 47 8 5 24 28 45 25 9 50 36 45 42 26 31 30 26 11 27 0 38 8 
30 42 12 45 7 29 38 20 9 3 45 13 24 49 45 36 25 45 27 5 48 32 26 45 30 33 25 29 21 0 13 
44 38 35 26 22 6 47 10 18 49 7 6 50 47 42 32 18 27 37 45 1 16 1 34 10 49 17 17 16 25 0 
4 0 10 49 47 10 8 29 49 28 40 40 15 28 28 48 43 32 29 4 48 15 48 43 27 12 28 38 2 16 23 
39 30 0 45 44 45 48 7 4 37 35 4 20 50 48 6 36 39 23 36 18 18 38 14 18 10 7 17 22 36 33 
21 28 33 0 6 1 10 21 35 34 50 36 28 43 19 45 46 49 46 22 26 40 15 16 49 6 2 16 27 34 39 
32 36 19 5 0 15 27 37 44 47 46 16 4 40 36 32 40 46 46 24 15 8 22 1 10 44 6 12 35 1 50 
45 45 1 45 19 0 1 10 39 5 19 9 5 49 27 11 36 25 31 18 16 7 21 4 19 31 10 36 9 12 9 
15 3 44 48 1 22 0 4 46 17 32 30 8 42 6 6 4 23 24 50 8 31 32 17 35 43 25 41 33 14 9 
16 1 27 46 4 7 11 0 1 26 39 33 30 14 37 36 49 30 49 13 28 38 12 10 4 28 33 36 10 5 27 
31 22 32 8 16 30 31 46 0 2 50 43 22 48 11 26 2 19 31 50 45 46 43 20 36 22 5 42 24 18 22 
21 2 47 50 9 12 49 6 21 0 7 19 34 48 14 36 16 14 49 28 27 15 6 10 11 32 38 2 46 37 12 
38 7 29 30 30 41 26 49 2 15 0 4 13 11 43 26 13 46 7 1 6 41 43 46 41 7 16 42 36 19 21 
10 3 20 9 20 12 5 18 34 45 41 0 16 47 14 24 2 45 18 36 20 43 46 46 31 22 45 12 38 24 14 
49 41 31 32 6 1 44 2 24 15 8 29 0 23 6 16 26 46 33 18 5 21 25 1 50 28 14 7 39 38 25 
1 17 44 20 46 1 35 16 8 23 9 44 44 0 22 12 15 24 41 16 46 49 29 21 19 44 25 41 31 4 42 
45 6 14 50 14 41 35 3 10 16 41 31 25 46 0 47 27 32 29 38 14 41 17 24 42 26 22 47 25 27 22 
11 5 12 16 29 4 31 45 8 21 30 21 31 50 6 0 19 4 25 23 17 44 12 44 41 2 28 32 22 24 43 
44 10 26 38 6 37 19 9 18 43 47 38 22 17 34 20 0 36 24 37 8 18 23 2 11 29 49 11 22 15 1 
22 9 21 16 27 21 46 43 45 19 50 46 8 31 20 7 41 0 27 7 33 43 9 35 17 25 22 8 16 10 7 
26 48 45 18 21 39 17 6 41 14 25 43 29 19 9 23 15 22 0 41 23 9 35 16 32 9 14 24 5 42 6 
13 30 34 39 44 2 1 41 10 32 40 35 37 43 8 50 30 17 8 0 2 8 36 25 38 49 41 33 14 9 8 
15 13 15 35 1 45 10 41 25 7 23 25 13 10 33 25 49 23 24 10 0 34 7 47 40 48 27 5 46 41 3 
20 38 32 2 17 27 21 2 43 14 40 40 42 1 30 33 24 16 6 24 43 0 10 40 50 24 8 16 25 38 25 
40 15 1 23 37 36 44 11 43 6 5 48 31 11 20 45 16 46 11 16 4 40 0 41 17 10 11 48 32 28 10 
12 46 15 18 24 25 39 20 15 44 40 14 23 50 20 46 30 29 30 30 43 20 15 0 22 22 50 25 35 14 27 
38 12 33 34 45 9 33 13 37 46 6 47 32 18 27 40 18 41 47 15 31 19 2 49 0 17 42 32 43 47 24 
1 5 6 38 6 28 31 40 5 11 13 18 43 35 24 47 39 48 46 32 33 34 38 50 47 0 20 10 35 17 4 
28 41 16 14 45 2 41 45 12 49 10 29 37 36 2 14 27 18 25 21 4 34 48 16 41 18 0 17 7 42 37 
18 47 23 2 33 23 2 29 41 23 7 45 36 47 23 5 48 3 48 33 43 43 10 47 1 45 43 0 50 23 28 
35 34 4 25 31 13 6 35 3 29 12 48 27 2 15 10 48 1 44 37 20 15 9 9 45 26 37 26 0 2 39 
30 3 7 14 39 23 42 12 16 10 49 13 50 20 22 45 16 8 33 41 47 42 6 37 8 20 25 45 31 0 6 
26 31 33 14 50 10 42 14 14 42 18 37 36 35 38 8 16 40 38 50 10 29 44 11 43 38 47 20 6 19 0 
48 0 47 31 11 34 19 30 36 20 12 3 3 45 41 23 10 7 22 50 1 5 36 8 31 46 47 37 23 22 12 
14 22 0 9 46 45 22 6 25 1 19 28 30 20 27 48 8 35 4 38 33 32 25 21 6 14 13 40 1 15 38 
33 8 15 0 9 48 32 45 49 46 2 5 33 22 31 23 26 16 32 34 39 12 33 35 39 31 40 2 3 33 32 
33 6 10 14 0 36 20 16 12 29 17 14 37 9 37 29 50 4 40 33 39 48 9 17 27 26 1 24 26 29 9 
30 42 17 14 20 0 49 23 8 46 4 10 5 4 18 26 26 25 49 10 31 36 12 20 45 35 25 39 34 39 36 
46 41 33 20 37 22 0 20 45 18 30 28 46 45 29 29 44 6 50 1 50 26 26 16 48 24 19 22 23 30 45 
10 39 20 10 8 20 22 0 34 32 4 6 31 31 30 4 41 17 41 16 42 20 40 33 39 10 21 25 35 47 18 
50 48 15 23 21 39 27 35 0 22 10 22 22 18 47 44 46 45 36 45 33 2 31 7 39 26 21 6 31 50 38 
46 38 38 14 5 9 16 9 10 0 15 14 32 20 7 20 48 23 37 46 15 26 39 41 14 16 19 42 27 47 50 
34 46 36 34 15 34 35 4 43 36 0 30 36 26 30 20 21 11 1 19 28 49 20 35 36 12 7 48 24 49 36 
18 40 12 11 32 18 47 37 43 36 14 0 19 44 11 35 41 14 12 45 46 8 41 8 19 2 15 11 50 22 8 
37 11 6 7 19 41 24 16 48 2 24 25 0 8 33 15 30 26 25 1 22 44 37 30 3 28 27 32 44 9 17 
7 47 15 35 49 4 14 37 43 45 17 48 14 0 43 23 34 34 26 5 22 39 37 50 1 15 1 31 3 30 42 
10 31 7 32 45 27 10 24 34 12 17 39 33 7 0 6 46 23 38 31 45 43 6 39 38 28 21 48 15 20 49 
23 11 8 1 35 36 42 32 48 46 25 11 42 44 5 0 1 4 44 46 20 28 44 23 36 50 4 43 19 4 25 
30 45 4 36 39 7 32 33 22 20 5 42 40 36 21 33 0 15 45 33 28 18 4 20 1 21 29 39 23 1 32 
44 23 29 24 16 30 8 7 6 49 19 21 22 26 16 37 5 0 38 16 17 40 48 37 26 7 26 26 3 16 10 
18 10 32 40 27 32 13 16 20 41 26 9 40 35 10 47 33 45 0 36 34 25 2 8 35 43 46 37 3 17 40 
5 5 41 46 31 10 39 32 50 34 25 39 18 25 42 31 9 2 17 0 11 44 31 18 33 36 17 2 48 48 31 
46 10 49 30 37 22 18 45 4 50 8 1 45 2 10 36 34 33 44 12 0 38 35 37 7 47 24 37 9 10 15 
8 42 35 20 38 15 41 38 39 20 14 15 49 17 3 44 37 17 24 1 33 0 19 4 36 43 12 24 43 34 13 
36 10 35 39 43 17 16 26 15 45 46 47 45 24 49 24 36 20 5 3 37 20 0 36 10 33 39 38 50 27 27 
42 49 5 26 35 4 30 10 25 36 28 12 3 29 5 37 24 31 37 20 26 4 38 0 31 26 16 24 25 7 4 
30 17 49 38 3 48 42 20 40 45 44 26 46 20 26 26 18 7 5 46 15 8 13 7 0 1 39 11 25 50 20 
31 5 4 22 7 12 13 15 26 8 45 5 41 43 26 50 8 19 6 1 48 17 21 12 39 0 22 5 42 38 15 
37 18 21 21 15 40 23 25 13 14 14 4 32 48 1 11 17 20 32 1 31 43 19 49 22 14 0 35 42 33 35 
7 21 27 11 21 28 34 21 28 37 27 34 6 42 38 44 36 24 11 28 6 35 11 38 34 45 49 0 22 49 1 
5 31 42 29 8 43 27 21 27 24 27 46 42 46 24 48 37 28 12 28 28 12 32 6 29 23 11 40 0 28 27 
29 13 23 27 32 46 42 28 35 46 18 16 48 37 1 11 43 16 14 37 9 22 11 21 24 44 50 37 50 0 35 
33 38 44 50 46 15 23 15 14 28 6 9 44 17 11 13 15 46 5 19 30 45 27 41 19 8 3 2 4 38 0 
47 0 6 29 50 13 30 23 48 42 37 38 28 2 36 31 50 28 44 10 11 30 4 32 32 5 38 11 3 32 39 
12 21 0 12 26 31 1 31 45 4 31 41 17 5 19 31 2 44 41 11 19 30 9 43 43 9 44 25 48 45 26 
20 20 16 0 3 25 17 17 26 6 31 20 34 41 30 21 13 50 14 1 4 45 21 43 14 9 4 29 19 18 38 
26 34 50 28 0 12 22 2 2 44 14 36 18 36 30 49 47 19 13 23 46 45 11 47 42 32 49 27 3 45 22 
38 49 9 18 5 0 37 34 13 18 50 12 48 21 38 18 28 36 14 16 13 35 16 46 23 44 16 37 9 47 14 
45 49 7 22 26 37 0 9 18 25 12 13 7 46 24 34 47 41 10 24 5 13 14 37 33 38 23 4 36 24 40 
50 26 17 5 5 13 41 0 49 12 32 19 19 39 4 50 29 21 23 40 48 25 28 35 42 1 31 13 25 35 4 
34 24 44 36 12 37 41 42 0 19 21 6 43 48 42 37 45 26 33 33 10 2 31 47 27 16 23 42 25 4 25 
1 17 14 8 49 45 25 3 43 0 14 38 29 4 19 42 33 30 43 6 6 6 30 42 26 3 3 27 17 21 40 
45 17 39 44 20 40 29 41 44 42 0 21 23 41 20 22 23 27 28 36 33 43 49 19 48 20 22 26 39 6 46 
18 8 33 3 19 22 41 11 49 3 5 0 40 49 15 36 33 39 23 4 30 26 49 32 38 47 46 48 41 25 49 
15 40 36 48 24 13 41 38 1 50 33 17 0 29 33 29 4 1 5 12 38 33 3 35 26 21 20 26 46 6 23 
25 1 36 1 39 15 4 1 41 23 43 1 22 0 4 48 9 20 50 9 44 46 43 29 38 16 12 5 10 28 5 
38 45 32 28 26 32 32 29 44 15 50 50 14 40 0 45 33 32 32 29 12 50 26 37 13 28 32 22 49 36 28 
10 44 24 37 36 48 19 44 29 16 28 42 6 45 44 0 47 29 40 43 34 30 24 32 17 6 12 9 20 1 45 
11 34 43 17 5 7 27 28 5 48 14 38 3 13 35 8 0 21 42 19 31 3 32 6 3 48 37 13 7 31 24 
39 50 44 34 5 45 49 39 41 38 20 2 36 46 21 43 21 0 19 32 49 42 18 1 20 43 30 28 41 20 18 
45 20 48 31 9 14 45 20 9 41 9 32 1 32 12 2 46 10 0 32 5 16 44 26 33 33 22 49 24 42 26 
17 8 20 23 43 1 4 6 38 7 49 2 11 42 40 10 17 20 9 0 42 34 18 9 15 3 2 45 15 49 38 
16 21 28 33 24 1 12 28 39 11 48 41 23 26 7 15 33 34 44 23 0 5 30 15 1 42 49 49 6 21 42 
7 40 7 50 41 28 24 28 18 39 49 40 31 49 44 44 46 34 8 38 19 0 11 22 27 33 37 7 28 41 26 
2 7 7 47 5 9 34 23 35 30 41 6 16 5 25 16 49 17 7 49 4 16 0 48 33 24 46 18 31 18 5 
21 46 37 43 38 42 33 34 44 36 10 23 49 28 47 14 45 18 3 18 38 40 22 0 43 23 36 10 24 24 9 
42 4 6 31 9 46 19 24 18 33 34 16 23 21 40 31 18 20 37 11 1 50 29 1 0 18 32 24 45 20 2 
32 9 11 35 45 6 17 18 20 2 46 21 1 20 34 23 17 2 3 42 19 40 38 13 9 0 42 26 6 13 28 
22 24 5 17 1 26 5 39 27 34 14 50 1 35 16 30 50 9 17 46 15 23 43 28 33 43 0 21 48 27 4 
31 12 5 42 30 22 17 34 19 9 18 29 25 19 28 19 40 4 48 29 42 18 40 18 13 49 31 0 27 34 9 
6 7 12 23 4 3 45 9 5 44 14 16 40 9 28 37 48 24 1 15 3 17 1 49 13 14 23 38 0 29 32 
41 41 1 11 3 11 18 3 16 25 24 31 49 4 16 26 28 31 41 27 1 8 27 19 7 39 7 13 11 0 41 
31 8 30 24 3 23 16 30 6 17 20 46 9 26 41 22 19 47 34 37 36 42 47 3 31 34 15 32 5 15 0 
5 0 5 42 25 45 16 2 26 1 43 11 49 26 25 8 5 49 1 29 35 21 10 30 24 5 40 12 28 44 20 
9 34 0 26 41 13 15 5 34 31 25 21 43 46 41 27 37 16 23 46 26 36 14 4 20 45 45 26 18 20 5 
5 25 33 0 32 35 27 24 35 12 43 1 15 20 4 15 28 15 39 48 18 24 39 32 18 35 45 31 6 47 19 
40 38 14 27 0 21 46 11 15 7 50 14 31 11 3 25 21 44 1 5 17 31 37 20 3 32 16 43 15 48 40 
47 18 39 44 3 0 14 2 44 33 19 18 50 33 48 5 43 29 29 43 14 2 30 2 31 39 4 18 12 46 5 
4 47 17 17 4 46 0 43 18 1 12 20 50 18 36 50 31 4 23 48 39 38 15 22 34 38 17 17 8 6 50 
47 40 49 29 16 21 34 0 16 44 9 1 11 29 32 45 3 13 16 31 8 50 45 14 8 18 40 25 34 30 38 
29 36 12 1 16 30 1 40 0 21 29 47 39 29 39 39 27 36 41 39 36 5 2 27 48 1 2 26 42 12 27 
47 1 37 7 30 15 50 29 16 0 16 2 23 45 3 12 11 17 26 19 41 4 34 45 44 33 28 9 15 1 14 
5 10 29 45 32 47 3 22 9 24 0 28 8 25 24 35 32 7 25 37 40 36 1 23 21 23 14 6 44 24 3 
7 35 28 3 11 43 45 1 21 15 9 0 45 17 46 13 47 9 22 9 2 21 34 28 11 28 4 37 8 23 19 
41 10 48 7 17 44 30 23 13 43 37 7 0 4 22 32 42 35 27 9 26 5 35 35 23 33 23 7 17 25 8 
6 38 28 3 25 50 47 10 30 20 17 37 9 0 16 16 14 31 7 30 37 20 10 49 47 15 6 25 26 25 44 
37 13 49 6 37 50 29 2 48 32 45 25 48 40 0 10 18 27 19 7 19 43 1 38 38 38 46 39 32 38 19 
25 21 36 36 33 4 39 4 30 16 35 29 10 48 43 0 46 13 10 37 47 30 7 19 6 2 36 26 11 18 41 
12 48 14 29 8 24 40 12 7 6 30 24 40 42 34 14 0 41 40 46 43 34 30 45 42 40 19 3 30 35 47 
29 28 36 39 5 38 16 32 41 19 6 1 3 32 18 7 17 0 28 23 38 46 37 16 26 8 32 3 23 39 39 
22 10 28 10 28 2 38 2 37 47 49 10 49 27 37 34 28 14 0 25 34 3 25 8 47 2 42 13 11 31 23 
35 44 43 3 47 46 23 43 4 16 19 16 41 26 40 36 38 39 39 0 24 5 40 49 6 37 47 3 31 9 36 
39 28 21 14 12 6 18 47 30 41 12 35 10 9 15 38 34 32 8 17 0 4 25 22 8 19 46 46 37 16 1 
44 42 35 18 28 42 45 28 15 34 18 42 9 48 13 21 30 41 42 50 13 0 22 23 42 33 14 7 13 46 16 
11 32 31 30 48 20 1 43 31 24 43 7 17 25 49 13 17 24 46 49 17 5 0 46 17 38 22 20 43 36 14 
35 32 32 49 24 37 12 29 1 43 21 38 10 18 7 6 5 49 44 20 48 33 18 0 48 50 6 36 14 43 27 
1 8 7 17 39 12 26 19 1 12 1 39 24 3 28 30 46 28 11 32 17 21 50 16 0 17 2 14 35 50 19 
1 49 37 24 43 13 31 43 29 46 31 37 49 32 20 9 10 16 20 20 10 9 4 11 10 0 30 8 41 1 37 
48 42 20 33 11 3 3 50 10 16 49 4 49 15 2 31 23 19 47 8 43 49 15 30 9 43 0 45 26 15 14 
6 41 43 42 49 40 17 16 21 17 7 11 6 5 22 7 10 40 10 30 8 40 45 43 45 49 27 0 40 24 18 
8 27 36 47 10 9 11 7 17 13 14 7 48 30 2 32 44 11 8 2 34 6 17 35 6 17 47 1 0 48 50 
13 27 43 3 9 30 26 10 45 14 47 3 23 48 16 1 42 15 41 14 6 16 33 22 35 3 11 1 41 0 44 
12 11 10 17 50 37 15 46 21 22 7 34 17 45 6 31 33 19 20 6 26 32 10 34 45 47 45 21 18 7 0 
