33
29
9 0 42 4 1 10 49 9 13 30 5 32 14 34 15 47 50 44 20 45 48 36 29 12 23 19 33 38 22 42 
2 36 0 18 43 43 39 7 19 25 17 10 28 35 31 13 20 24 26 31 15 48 22 20 16 36 29 31 30 32 
32 28 12 0 37 22 28 19 15 21 41 27 40 31 19 4 35 20 2 48 49 3 46 7 7 7 44 31 17 2 
7 14 8 28 0 37 43 40 49 42 13 3 45 6 3 35 5 25 17 3 17 31 17 28 33 32 30 37 21 6 
30 28 48 3 13 0 15 28 19 13 44 27 14 37 28 39 46 5 48 43 23 2 32 28 28 50 22 41 37 25 
46 8 6 19 43 12 0 35 6 42 43 39 8 37 13 24 26 3 44 39 39 38 27 33 44 49 4 48 1 21 
3 42 24 41 44 17 37 0 21 45 44 17 5 41 13 5 5 16 16 20 4 2 48 28 3 48 38 20 26 12 
21 40 15 35 35 40 2 15 0 17 43 46 38 6 9 50 23 35 48 14 28 39 34 39 28 47 19 6 14 22 
43 7 48 11 9 24 5 2 21 0 6 24 4 41 49 23 25 17 47 39 28 31 14 40 6 49 24 38 1 37 
38 17 34 39 44 24 36 48 27 47 0 35 46 21 15 43 41 24 49 35 16 3 31 22 17 36 42 30 18 43 
13 36 37 5 15 34 39 40 16 48 25 0 37 28 41 1 5 33 10 50 48 15 25 25 4 35 35 7 45 18 
3 2 45 19 6 14 11 49 41 6 31 4 0 1 9 2 11 30 26 41 22 12 3 32 30 20 28 39 12 33 
21 31 27 45 23 13 46 30 19 23 27 41 7 0 43 4 19 44 15 16 24 44 6 9 17 24 6 50 21 16 
49 28 25 49 16 21 26 5 10 28 46 7 31 11 0 4 14 32 6 11 28 11 27 13 23 39 40 15 22 11 
21 18 14 25 15 20 45 2 42 42 22 29 15 35 37 0 21 18 13 45 6 3 43 50 39 43 5 23 15 2 
11 26 6 4 45 39 10 33 32 17 41 9 12 40 15 40 0 50 47 42 26 3 22 28 20 17 8 29 18 25 
32 10 48 30 1 31 16 16 26 21 46 28 38 36 47 4 47 0 41 3 36 50 44 9 32 39 49 40 49 37 
38 37 10 43 9 50 8 44 29 12 9 49 24 24 27 46 49 16 0 36 32 17 20 18 27 33 25 38 2 16 
41 2 42 18 30 39 34 37 35 30 36 39 10 19 29 44 38 27 21 0 32 36 40 34 5 17 20 18 20 33 
10 34 12 7 29 38 11 18 31 45 36 43 10 14 36 50 43 7 2 39 0 33 45 49 18 20 31 1 18 38 
1 10 21 15 4 26 46 24 33 32 31 19 27 8 32 35 40 27 27 48 5 0 25 14 17 31 1 16 36 45 
38 48 37 44 31 30 35 16 28 6 39 40 26 10 25 21 20 7 38 17 34 30 0 5 25 20 33 27 47 5 
34 4 10 11 30 46 35 44 26 47 29 47 20 12 21 38 9 29 15 39 46 12 44 0 29 19 11 8 44 12 
24 48 3 39 12 44 3 30 30 46 15 41 28 45 11 10 20 15 19 34 38 12 5 12 0 8 9 23 11 32 
42 19 39 42 32 2 50 26 8 9 19 19 9 29 33 1 49 19 17 33 20 49 47 40 10 0 25 13 44 42 
32 3 21 42 48 38 28 26 50 46 43 12 34 12 7 1 16 30 33 22 11 10 41 7 28 13 0 44 23 50 
32 8 40 6 35 27 6 48 27 11 41 6 26 49 23 24 22 36 37 41 40 45 45 30 22 31 23 0 12 15 
15 35 45 5 27 18 38 4 6 50 36 1 3 39 19 43 16 36 11 18 34 7 28 7 33 10 37 13 0 11 
35 4 4 44 33 12 26 47 2 49 31 35 20 16 36 2 40 37 7 26 38 7 45 13 45 32 9 8 39 0 
22 0 17 31 26 44 22 47 32 7 20 27 44 46 14 37 30 33 14 41 42 6 44 24 31 37 23 28 9 42 
50 2 0 4 19 8 30 33 50 10 27 45 40 20 33 17 30 33 42 43 9 34 12 18 19 16 34 29 44 1 
39 21 45 0 38 41 8 19 24 25 39 35 5 30 23 38 47 3 36 11 8 2 5 32 35 1 9 38 34 36 
3 25 1 40 0 50 22 6 50 2 30 26 49 7 9 4 9 4 4 40 31 22 13 48 19 36 49 34 40 10 
38 32 21 35 38 0 22 14 34 16 30 1 32 47 2 7 36 10 45 46 29 26 48 5 49 3 14 40 28 33 
4 1 38 17 41 15 0 48 5 14 19 37 40 25 38 25 39 50 26 12 41 33 27 5 39 12 35 40 28 23 
33 25 33 36 2 13 29 0 14 16 7 37 10 31 46 27 10 39 2 11 30 10 4 38 29 37 50 27 47 50 
5 6 26 20 33 32 44 5 0 5 24 25 47 26 34 20 26 32 3 31 28 29 24 33 30 48 13 29 37 4 
50 3 37 32 14 11 1 12 40 0 48 15 33 6 35 28 36 34 35 20 19 3 5 47 46 19 22 32 24 46 
22 21 3 7 1 5 21 39 15 13 0 23 19 14 43 5 17 46 24 40 6 44 15 29 10 19 2 45 6 41 
13 42 30 28 16 18 28 13 26 5 30 0 8 48 20 22 47 1 40 13 43 30 24 49 43 19 3 8 43 44 
39 50 11 16 48 2 21 44 42 49 25 28 0 4 20 19 10 48 46 45 7 13 18 12 32 14 11 40 44 38 
10 14 10 35 20 38 6 20 42 50 19 2 3 0 10 41 39 15 26 5 31 33 21 7 13 36 31 21 38 29 
2 38 13 28 7 32 35 15 43 35 33 13 41 7 0 47 27 6 11 9 22 44 50 36 36 14 5 40 7 48 
50 40 17 19 41 40 13 6 25 47 28 6 24 22 41 0 22 18 43 14 11 37 31 21 12 17 35 3 2 27 
15 2 43 29 18 44 46 17 45 50 17 34 21 31 14 32 0 16 21 28 45 14 46 13 26 47 11 19 20 5 
2 7 38 11 30 11 45 35 28 6 29 46 6 24 43 48 27 0 16 50 7 31 2 15 26 8 14 20 40 18 
32 7 25 27 12 43 44 30 23 42 21 19 47 38 15 50 50 9 0 22 21 28 20 46 19 13 25 1 42 12 
4 17 42 6 18 46 49 4 19 45 32 49 19 4 24 30 38 34 14 0 50 26 8 6 48 20 40 13 12 6 
15 37 42 2 18 20 26 30 14 30 42 16 46 32 14 40 22 9 17 22 0 40 25 42 37 43 36 46 12 44 
37 28 34 38 48 5 8 41 48 2 34 49 1 25 4 23 34 31 27 42 9 0 48 31 47 40 16 40 46 5 
10 32 25 15 36 27 2 8 28 48 27 7 50 25 8 33 24 40 1 38 15 9 0 6 19 20 36 39 48 38 
49 32 16 13 36 38 21 10 35 15 48 3 15 6 33 1 35 9 24 24 14 16 27 0 39 8 41 2 26 7 
45 1 39 5 21 30 16 12 45 14 37 38 23 40 26 4 36 50 3 24 19 36 27 16 0 25 24 33 6 27 
5 46 37 45 4 40 14 10 49 45 27 17 39 41 46 37 36 42 27 2 35 22 41 49 2 0 38 10 25 23 
30 47 48 11 35 40 19 1 43 20 50 12 45 38 6 27 8 31 45 31 30 39 33 6 5 42 0 33 6 39 
44 16 31 40 37 19 48 30 6 4 2 27 37 44 22 28 40 41 35 35 23 45 8 15 44 44 42 0 14 42 
7 43 7 14 12 50 4 19 23 8 19 8 47 2 27 43 5 43 45 12 28 15 2 49 21 16 49 9 0 16 
46 44 27 35 38 50 11 46 14 25 45 18 10 18 33 16 28 26 44 31 23 40 1 47 3 14 42 42 8 0 
44 0 47 1 46 3 27 15 43 24 10 2 17 48 41 19 1 44 19 48 19 33 44 41 6 28 44 7 43 30 
32 25 0 9 19 38 21 29 44 23 7 41 19 24 4 17 42 15 25 49 33 47 10 45 44 24 26 50 6 46 
19 9 21 0 23 13 42 36 43 48 10 21 40 7 22 12 8 1 10 40 25 14 13 19 8 10 34 23 30 16 
46 13 21 24 0 48 4 49 20 46 12 13 32 50 18 15 28 44 40 39 33 37 24 16 11 31 33 6 40 13 
14 29 20 6 28 0 2 48 1 17 10 18 14 38 5 48 28 44 15 45 5 31 16 44 35 47 30 23 47 10 
43 15 48 9 8 33 0 33 43 26 22 16 18 28 28 31 21 20 49 19 19 33 38 19 11 36 33 48 36 35 
10 49 30 2 41 25 45 0 20 6 31 23 16 35 19 43 30 37 3 39 14 14 28 31 4 29 27 5 47 37 
23 25 35 47 9 17 24 37 0 16 37 3 37 2 14 19 47 3 49 20 27 32 49 30 10 23 21 33 18 26 
24 14 20 48 33 33 6 39 19 0 27 2 20 43 21 17 36 28 13 14 12 8 26 29 35 21 6 24 45 25 
25 38 34 6 12 43 23 34 39 19 0 31 14 9 35 23 18 7 40 28 14 24 46 9 19 7 18 48 36 35 
28 28 10 11 14 44 39 19 14 31 29 0 44 3 40 45 34 49 50 42 7 18 14 16 47 32 1 30 30 16 
50 45 46 38 49 11 41 22 4 45 41 34 0 50 44 9 50 21 22 6 15 36 8 18 7 29 18 15 13 13 
30 13 14 10 3 15 37 33 6 5 29 4 12 0 46 6 2 24 18 21 7 47 11 30 24 16 31 42 27 39 
9 31 46 29 9 24 32 27 24 48 29 23 17 15 0 17 28 12 24 13 13 6 6 50 45 6 17 19 34 41 
45 23 24 10 44 48 24 34 25 4 22 24 25 50 21 0 42 35 30 46 13 47 5 7 29 14 34 4 32 2 
24 42 6 49 37 30 25 5 13 23 18 44 45 37 21 42 0 39 31 7 29 3 22 37 23 21 44 41 16 46 
47 11 44 42 33 1 12 17 26 39 20 46 37 22 7 29 19 0 3 18 36 38 25 4 48 3 49 3 6 33 
28 43 40 10 10 17 13 24 2 12 36 10 26 14 43 37 33 16 0 50 31 45 3 41 23 30 8 22 7 47 
40 34 49 7 35 49 46 31 37 28 6 45 5 18 41 32 27 12 12 0 11 11 20 33 3 25 38 25 3 17 
30 2 46 6 28 13 29 38 4 42 15 47 7 47 39 45 37 41 36 50 0 42 4 47 10 47 36 20 2 47 
32 47 24 44 14 8 26 11 39 28 5 13 45 23 21 47 15 5 24 44 9 0 39 47 40 3 26 27 6 36 
10 42 44 27 41 23 45 42 4 43 39 14 35 48 14 31 38 48 31 26 13 32 0 32 46 8 38 43 50 34 
41 39 32 20 25 29 37 12 37 4 1 27 6 11 13 36 31 25 42 34 10 16 29 0 46 30 23 28 10 48 
19 3 31 45 8 13 5 8 44 10 20 27 20 2 44 30 50 8 22 20 11 27 14 1 0 16 25 26 11 36 
40 2 1 27 15 18 1 21 32 48 48 9 28 38 15 23 8 41 14 35 17 31 15 7 41 0 37 43 40 30 
29 34 37 44 23 4 8 19 1 6 34 43 10 19 11 24 11 34 40 50 29 9 35 12 26 19 0 10 37 45 
36 28 26 12 41 3 14 11 15 5 35 7 5 7 36 31 43 7 13 5 33 31 4 3 41 1 21 0 50 25 
18 4 44 22 24 15 28 9 31 19 16 47 14 47 29 6 43 25 2 49 32 34 13 47 33 13 6 24 0 23 
22 41 33 15 36 47 2 41 36 31 43 8 22 12 38 48 8 20 34 26 48 48 26 19 1 44 35 42 47 0 
39 0 11 10 5 37 10 29 34 32 28 50 27 15 8 44 10 42 11 23 25 50 25 44 22 48 26 25 15 14 
14 43 0 13 11 44 47 21 33 3 35 3 10 14 26 42 35 49 33 41 33 9 10 33 13 17 48 14 18 38 
8 12 36 0 14 20 19 35 38 17 22 11 24 27 39 26 21 15 37 49 2 38 50 43 34 33 5 5 11 50 
44 47 34 3 0 46 46 24 17 47 45 8 8 47 32 12 31 9 32 21 8 43 3 12 15 16 50 8 19 2 
32 15 14 25 38 0 24 25 27 21 32 44 2 4 19 42 41 45 42 18 31 4 24 23 35 4 8 42 36 19 
38 46 38 5 16 16 0 30 45 33 10 9 37 4 38 1 28 6 39 34 20 25 22 9 41 39 49 8 43 29 
22 30 32 40 9 34 37 0 6 48 38 4 13 47 12 32 9 44 50 37 23 8 48 19 8 17 45 16 37 47 
17 18 8 38 17 12 30 27 0 48 45 5 15 22 9 2 31 7 28 10 27 32 45 49 21 20 22 24 11 25 
23 15 18 50 9 31 21 46 26 0 31 50 3 33 47 6 32 9 36 40 18 28 10 17 7 10 15 23 20 37 
18 45 39 19 3 25 31 37 15 13 0 28 32 36 32 48 11 25 50 49 44 40 12 36 34 44 47 14 49 12 
40 44 8 1 9 8 36 12 35 30 22 0 25 46 44 24 12 37 42 28 19 46 36 16 25 27 48 7 10 5 
25 6 12 33 26 25 19 21 31 27 25 13 0 49 41 21 28 19 44 18 12 22 8 6 37 30 16 5 29 34 
25 11 2 26 7 10 24 10 43 20 19 5 42 0 6 15 3 7 48 46 45 48 9 4 39 48 33 18 1 26 
3 10 21 41 38 7 17 24 37 42 32 47 18 26 0 25 49 8 31 3 41 34 23 19 9 35 36 17 7 13 
29 24 42 23 35 41 11 48 15 5 50 49 30 21 6 0 15 48 31 33 30 40 40 3 16 11 43 30 42 12 
6 2 40 10 12 9 18 40 24 34 36 14 2 44 26 3 0 42 5 3 14 45 37 6 34 27 23 39 22 27 
13 43 11 20 36 9 4 10 39 18 12 38 25 24 47 48 16 0 39 47 27 13 20 38 28 28 18 20 46 7 
34 39 21 47 13 12 41 25 45 16 36 23 44 3 37 42 27 20 0 14 9 36 11 34 42 45 15 44 5 33 
42 19 39 8 3 6 30 42 41 13 12 7 23 21 24 11 5 19 17 0 2 37 2 48 6 37 21 23 5 29 
3 49 19 37 43 4 47 47 16 41 48 7 1 36 8 2 3 14 40 11 0 31 41 46 27 3 47 41 22 33 
21 33 33 25 13 39 14 44 20 31 18 28 15 39 28 19 46 37 16 40 5 0 35 8 33 45 49 12 3 43 
34 46 14 25 14 46 9 15 33 38 48 44 9 33 33 23 34 17 2 18 8 8 0 11 26 32 29 37 25 50 
31 15 27 12 2 36 36 5 3 1 44 20 4 14 49 18 46 47 2 26 11 12 32 0 11 35 35 27 35 39 
44 36 9 34 16 2 24 22 33 7 47 48 18 31 16 9 49 4 45 13 8 36 32 35 0 50 40 20 33 17 
27 17 10 1 17 10 16 35 37 39 12 25 47 14 40 5 29 43 31 16 3 37 31 33 23 0 31 8 4 25 
34 27 33 42 6 6 41 38 47 2 22 1 24 13 16 33 39 12 23 43 30 22 47 40 17 15 0 41 37 28 
29 36 2 12 11 3 13 30 33 42 8 50 18 32 41 9 16 29 25 16 50 34 20 36 12 45 13 0 30 44 
25 41 16 4 10 18 17 21 39 14 11 3 4 6 20 16 43 12 41 6 31 2 36 17 21 28 45 17 0 17 
1 16 41 33 37 9 1 42 46 8 14 25 39 27 16 14 13 47 28 50 20 20 34 23 25 13 24 6 50 0 
33 0 32 23 50 4 39 48 21 20 17 48 20 24 47 4 27 31 43 25 20 3 9 32 18 17 47 32 33 18 
9 25 0 35 45 42 13 27 41 25 35 39 18 44 44 30 31 30 47 23 30 46 44 20 49 36 48 25 50 6 
34 7 7 0 16 3 12 43 13 25 32 34 28 36 6 8 36 3 9 15 3 38 37 1 10 4 23 15 5 36 
9 45 39 27 0 35 42 28 32 3 42 33 37 18 6 16 39 2 10 38 12 14 34 40 10 48 19 47 7 48 
13 30 47 39 28 0 16 38 46 2 1 15 31 4 50 17 33 17 20 32 35 21 2 13 28 43 23 26 6 29 
29 17 45 21 34 40 0 12 36 48 40 40 28 43 50 9 24 32 10 34 23 27 32 49 16 22 28 11 18 19 
47 5 41 33 18 23 35 0 20 10 20 11 5 48 19 31 43 8 28 3 4 4 11 13 42 33 2 48 18 30 
49 7 30 45 17 2 36 49 0 46 26 27 25 4 23 40 24 18 30 13 19 23 15 50 9 14 15 36 43 50 
50 16 26 18 40 11 14 31 11 0 31 17 46 45 12 2 26 30 1 38 23 18 16 22 35 49 8 35 8 22 
32 2 16 43 49 47 11 2 7 15 0 12 27 44 8 50 47 24 29 4 48 33 34 15 48 20 32 35 45 41 
19 33 27 6 10 30 29 1 3 46 15 0 42 24 24 37 26 47 25 9 22 39 26 29 31 10 39 48 38 18 
24 17 13 16 12 39 32 36 21 34 28 22 0 46 22 34 39 7 10 11 29 22 24 8 26 23 2 44 5 46 
47 21 32 42 33 29 29 3 26 12 35 5 41 0 26 41 31 1 43 4 45 42 4 30 38 9 47 1 10 37 
44 10 45 28 40 25 13 47 31 13 43 6 37 31 0 48 26 24 32 48 17 46 22 10 40 10 5 44 42 44 
33 37 28 20 17 33 3 41 28 1 2 29 34 21 31 0 11 40 6 24 32 13 36 15 3 43 41 23 1 5 
18 36 31 22 4 48 26 16 36 20 49 46 36 46 31 47 0 39 13 2 29 30 20 49 21 10 32 48 23 25 
27 26 11 2 36 10 16 21 7 31 23 5 46 5 36 25 37 0 28 40 35 7 5 29 21 22 26 49 37 11 
12 22 1 4 41 10 45 39 44 50 37 15 26 32 32 29 25 34 0 16 14 46 23 5 9 38 19 22 48 40 
31 10 12 30 11 46 9 23 1 6 45 42 37 44 28 4 20 31 24 0 47 42 47 42 34 24 15 39 18 43 
17 22 39 47 49 13 40 25 36 16 37 23 7 25 29 22 22 9 30 27 0 6 19 39 49 2 48 34 19 28 
6 46 7 42 30 35 34 7 45 38 31 39 29 34 15 37 24 36 23 14 13 0 2 6 10 41 38 48 34 40 
46 2 30 22 47 31 21 30 31 28 41 45 15 27 22 49 39 27 35 24 12 28 0 13 11 5 16 4 40 48 
2 43 37 1 17 50 37 2 17 32 4 44 8 43 8 33 20 48 25 35 11 2 11 0 13 10 28 18 40 19 
17 32 27 32 33 30 35 4 44 49 28 35 48 22 46 32 30 5 36 5 29 35 19 29 0 5 37 50 32 24 
41 39 32 48 33 50 50 27 13 26 14 24 29 26 49 48 50 14 30 16 32 31 24 33 35 0 41 32 14 49 
27 46 30 4 31 3 10 47 38 16 23 46 6 18 29 23 32 1 10 20 32 5 23 21 17 43 0 11 15 50 
13 43 18 37 28 36 30 34 21 48 23 40 2 12 49 8 20 27 14 46 10 4 40 23 44 18 22 0 23 10 
37 39 43 46 47 26 24 5 9 28 32 49 39 12 3 37 31 31 44 25 13 48 17 48 20 40 10 3 0 45 
44 11 14 8 25 34 10 31 44 5 37 26 4 11 49 33 47 22 43 37 37 14 37 29 49 48 40 23 46 0 
26 0 7 17 21 10 16 17 18 42 15 28 44 6 37 26 7 50 9 37 18 16 23 19 17 17 9 30 24 36 
9 28 0 45 38 35 19 48 21 5 45 46 33 15 6 7 15 43 31 27 12 23 49 39 3 5 31 4 38 50 
4 2 36 0 43 33 33 37 33 7 22 19 28 37 45 15 41 36 1 18 13 3 24 28 3 13 13 10 39 42 
33 5 15 11 0 21 1 44 11 40 33 23 20 32 37 10 9 34 37 5 25 12 20 31 37 26 47 31 24 33 
31 20 23 49 41 0 24 17 4 18 16 44 22 31 46 18 45 43 21 37 18 45 29 27 6 15 30 14 25 29 
35 24 21 20 28 9 0 14 50 22 41 14 43 5 17 21 12 4 32 24 13 42 34 27 45 6 38 2 43 18 
34 11 10 43 26 33 42 0 23 2 3 37 4 45 21 30 23 26 40 13 6 45 12 49 41 12 37 2 48 27 
14 40 8 21 33 39 30 4 0 50 29 34 30 39 2 29 37 9 47 13 48 22 31 49 39 37 24 22 13 20 
32 40 32 44 47 38 14 30 34 0 13 32 50 20 26 11 30 27 6 11 21 4 3 40 39 1 6 34 42 19 
35 9 17 18 35 19 40 3 36 42 0 14 16 7 26 35 32 48 3 6 38 10 11 18 12 43 17 29 50 43 
44 42 5 22 11 49 5 15 32 35 7 0 22 27 41 15 47 5 47 27 6 8 3 4 29 5 9 24 41 6 
26 19 40 40 11 43 1 10 44 46 27 30 0 17 16 18 49 17 34 21 4 16 38 20 3 45 36 41 38 26 
18 3 26 14 10 7 17 18 32 17 48 14 37 0 12 1 50 26 42 38 37 30 39 26 4 38 41 38 49 38 
46 25 2 13 35 27 44 2 17 7 10 1 32 35 0 17 23 40 29 27 19 3 19 44 4 2 46 30 27 23 
27 20 19 19 30 36 42 46 2 3 36 7 49 10 35 0 29 36 49 4 9 31 48 12 12 31 35 28 32 49 
11 39 47 18 30 40 38 41 32 2 50 26 27 39 27 41 0 12 5 9 10 26 16 47 27 19 42 29 9 7 
39 46 9 11 48 41 14 39 40 19 21 48 38 5 48 5 33 0 4 10 35 21 19 31 19 22 24 45 42 21 
49 38 11 30 34 44 7 41 16 30 48 14 3 22 36 39 13 38 0 12 50 23 36 39 20 24 36 20 15 41 
39 24 46 22 18 41 32 10 19 5 11 41 14 18 24 12 21 19 47 0 45 30 10 37 33 42 49 14 50 41 
6 48 25 42 1 27 7 2 42 36 31 5 30 45 33 2 9 9 18 15 0 9 4 18 23 21 11 30 38 14 
30 19 28 33 19 14 7 36 50 14 42 18 10 29 33 17 41 1 16 4 32 0 34 41 47 35 33 2 30 2 
22 40 48 19 39 13 17 4 22 11 31 26 16 10 46 27 48 49 25 35 7 30 0 10 14 34 32 47 29 32 
48 36 12 27 34 29 24 45 49 21 17 16 13 20 41 35 28 16 24 46 21 38 34 0 28 46 46 43 31 34 
36 7 16 39 23 25 25 20 49 32 32 22 32 49 28 8 20 44 11 19 30 7 17 23 0 33 11 11 3 34 
32 39 36 43 11 14 15 2 27 41 46 16 15 29 34 43 24 39 40 6 21 27 2 33 12 0 4 29 41 44 
7 12 15 23 37 18 44 46 29 21 36 14 7 43 4 16 4 15 28 34 30 9 23 22 47 14 0 6 38 4 
32 8 35 24 9 21 29 32 44 29 12 41 48 46 18 4 42 15 34 48 18 9 40 2 8 14 48 0 40 43 
26 23 12 6 42 48 14 1 41 49 22 26 35 10 36 17 43 32 14 5 18 5 50 22 40 37 23 18 0 34 
17 45 24 40 39 18 6 1 35 7 48 4 3 2 16 13 23 34 49 4 36 15 32 34 35 26 21 24 40 0 
17 0 5 25 47 18 25 4 49 36 47 42 31 17 9 26 17 2 15 4 34 10 18 4 24 15 48 2 14 40 
6 13 0 47 32 11 19 2 23 8 35 28 13 15 37 37 8 24 20 6 6 18 34 12 18 41 31 49 2 2 
32 21 23 0 40 9 31 34 46 49 6 41 25 44 44 30 26 21 45 31 17 17 42 29 46 8 23 23 2 30 
42 31 20 1 0 22 26 15 5 23 7 6 4 13 25 14 16 32 24 40 32 42 20 36 19 35 35 41 42 27 
33 36 9 33 16 0 8 25 22 25 22 18 15 22 49 39 25 14 5 17 16 31 27 49 33 20 38 22 46 1 
16 37 35 24 29 41 0 21 48 21 47 18 40 44 7 3 22 17 21 22 47 44 22 31 25 27 47 6 38 27 
14 29 36 29 21 9 36 0 34 42 44 8 18 28 43 9 50 26 37 20 47 11 3 17 1 49 8 45 7 11 
48 32 35 34 21 8 18 33 0 11 23 49 17 39 26 28 14 29 16 29 22 26 1 10 36 41 16 11 13 36 
30 13 15 29 23 44 12 24 35 0 7 36 42 18 15 15 22 30 23 28 39 37 21 43 17 35 36 48 23 49 
43 6 48 5 48 31 11 35 39 17 0 33 17 41 45 9 43 31 8 36 46 15 12 44 34 24 49 10 21 48 
44 38 47 39 25 42 2 39 37 20 35 0 4 38 41 7 45 22 46 26 35 24 5 28 12 28 35 32 13 14 
31 49 22 40 37 46 29 36 29 17 3 7 0 5 45 38 2 42 27 21 38 39 3 4 34 37 25 40 10 35 
12 40 11 40 25 6 22 13 15 2 46 28 10 0 44 30 24 28 19 10 40 10 37 8 11 25 26 29 46 38 
4 12 6 20 2 17 27 42 18 30 40 17 39 27 0 26 25 11 30 9 25 11 10 6 30 21 25 26 32 1 
15 50 27 27 26 12 40 40 8 9 27 3 32 10 39 0 21 24 22 10 33 36 15 47 21 21 27 44 7 27 
50 27 42 46 42 3 31 13 40 14 16 36 35 3 21 32 0 22 29 50 17 10 47 4 17 50 15 1 3 6 
6 49 18 33 14 9 33 36 8 41 7 9 8 34 9 44 47 0 1 12 26 40 49 48 45 40 18 3 23 26 
46 27 3 29 8 35 15 49 4 22 45 39 46 15 39 43 9 2 0 14 46 23 3 14 39 28 17 7 1 24 
44 47 6 10 10 12 14 5 30 1 50 44 46 44 30 18 37 44 35 0 10 2 32 16 40 28 3 44 14 14 
2 41 28 14 26 11 26 39 30 37 4 25 39 29 2 15 2 28 9 35 0 22 41 24 23 42 23 12 31 17 
33 7 18 1 42 29 10 22 31 20 34 5 29 8 8 31 35 13 3 15 26 0 26 26 35 30 42 11 18 6 
22 3 49 45 23 48 30 37 25 47 50 42 43 21 8 26 30 44 34 16 43 7 0 10 10 17 42 7 32 33 
21 50 19 43 17 9 18 36 11 7 10 28 45 11 16 3 23 33 6 18 10 50 49 0 27 2 14 16 44 39 
28 31 41 48 4 4 48 32 50 27 12 41 40 20 37 24 38 48 46 44 7 44 10 2 0 15 24 22 2 42 
41 4 44 24 47 33 26 19 31 41 7 19 21 24 6 44 28 20 30 12 3 14 16 20 50 0 33 34 22 40 
34 31 33 46 40 10 24 19 17 44 38 12 6 8 7 40 25 36 21 4 9 38 4 42 40 39 0 27 38 24 
25 15 49 4 30 48 11 25 24 31 14 33 25 11 27 43 1 48 7 9 31 25 47 13 19 32 47 0 27 41 
6 2 34 36 46 43 30 39 8 26 11 46 15 2 5 7 21 34 27 28 50 40 41 20 30 43 50 18 0 37 
36 48 1 35 35 18 30 31 47 29 18 48 5 44 23 46 13 17 24 42 6 48 48 20 50 41 17 11 14 0 
7 0 3 44 12 3 22 28 10 12 31 35 26 27 25 5 9 30 45 47 19 24 17 27 26 26 31 39 1 32 
35 44 0 2 19 18 41 26 25 36 3 22 45 37 1 36 40 17 30 23 43 11 20 46 20 43 40 40 27 18 
36 22 34 0 28 29 27 37 33 7 9 35 30 35 45 43 26 24 38 16 41 37 10 1 16 8 21 16 48 32 
27 29 1 50 0 7 1 31 38 18 9 25 50 7 11 21 39 14 27 26 4 45 19 2 24 36 32 27 21 19 
20 8 12 40 1 0 30 31 35 30 28 45 12 38 7 30 42 42 31 50 30 27 45 45 40 45 38 9 27 27 
14 26 24 10 20 48 0 1 13 10 6 31 41 5 34 49 32 42 7 12 23 32 45 2 28 42 42 25 14 22 
46 14 21 5 8 17 3 0 21 3 18 9 29 30 32 25 19 40 23 11 47 9 3 32 47 4 45 19 24 47 
19 29 23 38 41 15 43 10 0 37 47 18 46 12 40 39 3 44 3 13 27 9 2 20 15 17 14 43 32 25 
1 13 48 29 24 34 40 37 42 0 39 18 32 9 4 26 44 1 48 14 43 45 11 43 7 48 38 18 10 9 
21 28 22 11 36 36 35 21 17 38 0 6 50 17 3 14 46 46 1 49 44 21 17 17 30 40 30 41 21 42 
32 36 17 31 28 21 12 46 22 23 19 0 42 24 35 10 8 44 28 8 29 11 2 37 19 16 38 5 11 43 
21 6 45 14 30 35 2 40 19 40 32 3 0 1 25 29 30 3 48 32 7 23 47 3 33 43 31 30 49 48 
16 40 17 1 3 1 17 24 28 44 50 8 19 0 25 39 27 27 11 28 9 39 14 41 23 5 21 25 4 13 
21 49 5 4 42 4 50 15 2 48 24 13 7 25 0 4 33 49 5 22 14 6 17 20 3 41 9 2 50 44 
47 33 26 13 12 8 46 45 5 27 22 39 13 25 14 0 4 46 33 40 37 40 6 17 3 40 7 5 30 3 
13 34 2 1 21 5 15 49 50 46 18 9 39 44 28 1 0 26 44 42 6 49 45 27 13 14 4 42 16 24 
23 5 3 16 42 43 43 20 39 42 21 49 6 47 37 22 28 0 2 12 39 2 15 13 13 24 5 19 7 39 
38 17 14 49 25 27 41 15 44 48 2 35 32 38 3 22 8 44 0 49 40 41 36 3 30 28 22 9 43 41 
42 38 24 37 31 2 25 8 50 31 20 46 8 35 4 10 4 21 28 0 10 42 17 11 20 18 49 2 15 34 
22 4 19 49 24 2 10 29 49 1 37 29 14 8 13 29 45 33 2 50 0 21 24 1 32 33 50 26 27 4 
20 33 50 10 25 29 27 2 47 35 33 44 32 6 21 41 31 28 9 49 42 0 23 16 50 16 13 49 4 37 
17 25 26 34 25 30 18 37 19 40 30 36 28 48 49 19 6 39 19 30 41 2 0 22 18 29 13 47 18 1 
45 12 31 24 15 31 10 8 11 8 26 3 5 13 38 30 13 14 26 17 31 10 24 0 30 24 47 15 3 9 
6 12 34 1 37 24 29 50 13 14 17 39 12 45 32 43 28 37 40 34 38 16 50 21 0 1 20 35 38 1 
1 18 16 8 49 6 46 43 3 18 39 10 30 1 50 9 29 20 16 42 37 46 11 26 19 0 21 40 13 13 
1 18 40 42 49 12 46 1 32 13 40 37 1 26 19 2 25 8 16 50 12 22 50 20 46 14 0 5 8 41 
39 29 16 34 30 2 1 49 19 32 39 4 9 48 7 26 6 36 21 42 24 45 13 24 13 1 29 0 18 20 
46 36 7 39 11 43 35 25 4 22 24 18 3 7 27 28 47 4 25 43 45 40 28 34 16 17 45 16 0 43 
21 29 24 33 30 23 46 32 16 49 5 23 2 3 15 48 25 22 38 37 47 17 48 4 25 26 6 8 23 0 
23 0 44 49 20 33 33 44 50 35 23 34 32 46 31 6 21 21 44 38 14 37 42 46 7 30 46 5 32 20 
9 5 0 17 38 9 44 5 7 4 20 20 22 48 40 49 5 5 2 36 42 34 5 32 19 45 37 31 49 42 
40 37 28 0 12 31 27 19 18 44 37 38 1 14 17 25 19 43 40 2 47 3 25 45 20 40 37 4 23 49 
44 23 13 7 0 15 14 33 43 10 18 14 31 37 12 15 49 41 20 38 8 1 3 48 29 3 40 16 43 9 
22 44 24 46 20 0 50 15 25 45 50 4 42 27 33 22 39 16 16 13 31 21 49 18 16 15 49 42 26 34 
5 26 49 41 34 38 0 25 40 35 18 13 1 25 47 20 35 17 24 20 26 40 37 24 3 12 39 24 27 8 
32 21 9 40 41 40 25 0 5 2 43 46 48 50 31 48 1 31 47 2 48 32 49 25 22 50 44 18 2 46 
29 46 15 49 33 4 48 4 0 11 34 8 46 30 16 32 25 29 41 7 27 3 32 42 22 29 27 34 47 37 
40 47 22 23 10 23 48 31 50 0 17 27 1 47 20 14 45 2 2 34 44 48 22 3 12 26 44 47 4 44 
20 7 21 1 18 21 37 36 24 21 0 43 34 44 29 25 30 26 6 13 29 27 28 25 1 4 39 19 44 11 
48 17 27 44 38 31 11 7 50 30 49 0 27 9 29 32 41 10 4 43 29 33 1 38 35 26 17 43 32 21 
48 30 3 43 26 26 4 17 41 7 49 14 0 24 26 27 14 2 19 49 44 10 44 35 26 16 28 48 30 43 
19 21 38 30 36 3 50 47 35 33 3 28 25 0 19 48 45 15 9 25 11 21 24 49 44 38 12 4 45 27 
28 48 29 25 24 23 36 11 35 39 23 27 18 18 0 36 46 16 35 26 38 32 1 20 23 19 22 45 23 45 
42 25 49 6 21 7 36 25 4 1 47 12 35 31 21 0 2 35 4 7 14 49 23 27 29 8 46 28 29 6 
7 2 29 14 17 44 15 25 22 47 11 1 22 13 34 29 0 26 47 20 49 21 35 19 39 9 47 20 48 21 
49 26 30 7 19 48 49 19 49 19 38 7 28 13 7 46 14 0 27 10 43 1 32 49 8 30 35 23 34 40 
5 21 24 17 5 23 22 32 44 3 16 35 10 27 29 33 43 44 0 22 12 43 46 20 10 5 20 17 28 22 
28 35 25 16 29 45 49 14 40 24 41 36 14 20 25 45 8 41 5 0 20 25 37 42 2 22 48 9 1 15 
12 35 6 44 10 17 19 41 20 32 33 31 20 3 21 31 27 30 27 45 0 16 47 30 13 9 48 41 43 24 
45 32 36 48 50 28 40 35 42 5 4 7 4 39 9 23 39 6 34 22 21 0 46 19 33 7 49 16 5 44 
36 13 26 26 17 26 50 47 34 21 25 31 46 35 26 23 39 12 9 21 41 20 0 42 7 22 4 49 14 3 
42 1 13 35 42 6 42 28 31 37 14 9 26 6 36 9 41 25 11 43 11 18 38 0 7 34 4 17 22 20 
5 14 27 37 44 43 21 13 47 5 29 34 45 8 25 45 12 15 15 7 48 32 30 39 0 21 43 24 13 6 
2 38 40 21 9 27 24 37 23 32 13 16 47 44 20 32 10 16 10 13 12 22 39 2 15 0 22 24 35 38 
16 2 20 8 7 46 17 40 14 37 32 2 9 40 34 2 42 1 38 10 7 12 28 14 1 44 0 30 50 39 
6 37 3 40 49 7 31 44 9 41 49 4 43 46 29 29 12 4 33 6 50 24 22 37 25 32 5 0 24 6 
7 13 16 18 1 9 1 29 12 10 33 4 9 34 11 39 7 15 16 50 36 40 41 48 45 39 32 16 0 17 
15 18 2 8 38 2 28 33 37 42 38 28 50 50 45 50 2 42 41 11 48 19 18 40 24 21 17 23 19 0 
23 0 13 27 36 13 48 42 32 47 21 32 33 6 21 23 28 22 36 41 46 49 43 48 41 5 19 46 1 13 
34 17 0 35 6 15 14 30 12 43 38 3 4 19 6 21 10 29 43 49 45 12 2 36 27 28 21 30 16 36 
31 44 2 0 41 19 13 4 47 28 42 7 44 17 30 49 38 43 31 38 27 32 27 27 48 7 2 32 32 8 
29 45 34 14 0 26 12 44 1 13 50 43 17 13 1 2 43 2 45 23 38 39 36 41 43 40 5 5 17 5 
35 18 32 23 39 0 49 48 24 30 42 18 5 38 30 31 45 10 20 26 26 5 6 7 9 45 20 44 4 41 
25 21 8 28 47 28 0 33 12 45 24 2 4 19 22 4 6 34 2 6 10 49 30 36 29 42 50 30 12 23 
28 20 6 44 33 6 21 0 10 28 41 3 49 33 15 46 24 22 37 34 3 4 12 18 39 45 43 45 36 30 
36 48 48 21 40 18 4 47 0 11 37 16 33 47 6 12 4 12 16 16 40 5 20 14 46 9 20 17 3 18 
49 41 12 36 31 42 44 5 28 0 44 48 43 28 11 1 19 21 7 6 6 35 33 28 30 46 25 16 35 3 
13 20 2 2 29 12 46 5 47 17 0 15 19 49 34 22 19 48 28 10 14 28 38 13 11 47 33 16 14 33 
40 6 26 10 2 15 24 46 41 50 49 0 5 15 24 41 41 38 36 50 6 11 49 48 7 21 25 25 8 41 
5 46 46 33 23 8 11 39 10 48 19 49 0 23 7 28 11 9 14 15 23 20 9 47 17 8 22 42 9 20 
39 28 41 17 6 37 4 3 22 42 17 30 3 0 29 39 31 8 38 42 20 47 12 12 11 36 21 47 49 30 
26 1 16 3 20 21 20 29 32 18 21 24 8 38 0 22 48 43 18 31 9 37 1 34 1 39 24 27 16 30 
32 35 41 6 24 47 42 1 28 34 8 19 2 26 21 0 21 46 39 25 40 13 43 4 16 41 43 25 18 15 
14 46 45 5 50 1 34 31 19 34 41 31 47 16 35 23 0 40 36 25 14 30 43 35 3 26 17 39 31 25 
16 31 22 24 37 14 38 14 15 2 26 37 41 28 5 34 10 0 16 28 20 44 2 8 1 5 36 22 12 43 
29 33 12 4 7 4 4 20 7 11 2 48 10 25 34 50 27 40 0 16 31 19 17 1 12 12 31 15 24 22 
20 1 43 26 21 36 19 14 34 34 25 2 15 4 6 26 22 35 27 0 25 1 28 46 6 31 24 13 33 1 
42 26 40 30 48 37 10 10 22 39 39 15 37 43 7 41 29 5 14 46 0 37 40 47 38 49 22 43 6 37 
46 47 24 37 14 42 8 36 22 17 17 46 16 1 46 38 10 14 35 39 15 0 3 20 50 37 14 3 30 2 
32 27 45 5 23 27 43 16 28 24 2 49 6 8 38 47 1 21 40 2 1 40 0 8 8 17 22 44 27 24 
1 50 40 29 35 41 41 23 41 44 25 4 22 32 41 34 41 10 45 33 3 36 43 0 14 28 1 43 19 37 
38 1 34 16 42 28 24 12 21 22 18 47 25 10 28 16 49 29 8 17 24 27 13 49 0 45 21 15 7 27 
1 34 49 23 36 3 43 41 39 31 5 17 22 21 38 28 36 29 27 16 49 30 22 35 2 0 13 12 39 35 
21 21 14 18 36 20 39 19 25 40 7 36 25 11 49 3 1 3 7 26 22 9 43 38 42 29 0 22 12 14 
21 23 42 5 6 18 10 41 50 37 1 50 9 12 40 20 30 24 20 24 33 2 11 6 13 14 12 0 29 26 
26 7 48 27 6 5 18 16 32 19 43 39 13 1 16 6 27 13 48 4 19 12 5 3 38 32 19 12 0 37 
42 43 6 32 15 24 30 4 23 3 7 22 4 49 6 27 35 20 2 46 50 37 1 15 25 7 14 3 46 0 
40 0 25 37 7 29 41 26 38 8 48 27 36 3 5 11 41 32 16 14 50 26 3 12 18 16 37 5 42 42 
7 8 0 10 28 8 33 29 21 16 25 8 30 40 28 22 25 10 48 33 41 24 43 42 1 3 20 37 13 19 
41 43 36 0 35 46 1 41 17 8 45 22 32 20 16 41 6 20 37 25 40 43 6 40 23 2 18 15 16 10 
25 38 47 16 0 2 26 33 22 46 44 28 32 8 2 3 12 9 4 28 2 45 34 33 12 23 27 35 4 14 
34 28 36 25 8 0 34 7 25 17 18 41 8 34 25 44 47 9 36 4 37 11 43 15 38 14 16 42 5 35 
43 26 42 30 9 13 0 16 42 7 1 19 47 37 43 36 37 45 11 9 40 15 15 42 31 17 3 41 14 49 
11 42 43 2 41 25 43 0 50 28 26 13 28 5 2 35 36 41 25 1 29 1 20 5 33 16 20 28 35 11 
14 6 22 2 43 46 9 27 0 45 47 18 44 38 17 35 47 12 10 13 7 46 27 29 41 36 49 42 38 10 
37 21 47 8 39 15 21 42 26 0 12 6 27 9 46 29 33 35 14 3 20 36 4 10 16 29 16 37 27 31 
17 45 5 22 17 8 26 22 36 49 0 3 15 6 37 48 7 30 37 31 50 9 1 36 39 18 24 34 11 31 
30 24 29 44 11 10 18 1 6 42 39 0 3 11 50 15 1 6 31 18 13 9 49 29 6 28 22 16 10 17 
4 44 25 16 41 6 25 24 22 45 27 31 0 6 25 46 43 47 49 2 21 38 13 44 16 49 23 32 46 23 
17 40 44 9 35 2 49 14 38 20 44 41 27 0 35 37 41 32 4 24 34 14 31 24 15 39 30 42 1 9 
17 19 25 29 2 6 6 33 23 22 24 47 29 10 0 29 8 31 11 28 8 25 17 19 9 13 10 36 16 30 
20 5 10 49 5 21 2 20 12 26 30 31 9 10 32 0 50 37 35 22 46 7 9 20 15 43 34 1 1 16 
17 42 20 40 3 3 18 15 49 25 39 28 39 19 36 49 0 27 17 8 37 9 27 26 14 21 24 12 36 46 
6 22 21 2 4 46 34 10 42 6 7 15 35 39 11 34 19 0 18 40 34 16 17 18 43 14 8 40 17 6 
19 30 42 32 20 43 4 18 26 36 24 2 39 35 12 1 23 25 0 39 16 31 3 6 22 2 30 39 5 28 
38 47 6 17 4 24 26 16 34 16 46 8 16 43 32 17 33 27 33 0 6 43 42 33 2 2 25 16 24 20 
31 40 4 50 41 38 40 18 35 35 12 36 35 39 9 43 9 16 11 25 0 6 20 4 7 49 36 47 14 4 
16 30 9 3 47 3 26 42 9 26 5 43 49 48 42 22 20 8 3 25 9 0 44 9 5 50 15 12 37 48 
1 5 42 27 15 20 6 4 34 39 36 34 2 50 41 7 32 7 22 12 36 29 0 29 45 40 45 22 21 4 
3 32 42 40 45 8 21 14 17 34 28 36 19 37 19 17 42 8 44 19 49 19 8 0 40 25 12 22 26 47 
37 20 49 36 50 31 7 45 44 8 43 20 44 15 23 45 27 18 43 10 29 48 38 28 0 3 6 35 25 3 
15 34 36 46 17 30 15 30 1 19 7 13 23 48 50 2 49 5 4 35 46 49 44 30 16 0 19 40 33 21 
33 45 46 33 42 30 25 8 25 27 36 9 15 26 50 36 48 6 1 38 27 5 1 32 40 8 0 17 40 6 
30 49 41 32 9 18 24 11 30 31 19 26 45 24 29 19 27 31 23 45 45 19 13 39 46 44 29 0 45 15 
44 35 13 35 2 46 29 45 27 6 9 26 26 18 26 33 12 33 31 22 14 13 27 44 46 12 12 36 0 2 
37 16 39 29 47 37 47 6 41 43 29 50 24 50 25 15 19 19 1 38 7 34 11 49 23 1 31 8 20 0 
40 0 40 35 43 43 41 41 20 47 29 32 30 27 22 41 3 23 40 14 2 29 28 43 11 49 46 4 5 41 
7 46 0 6 39 37 2 3 45 7 31 10 35 46 22 40 20 9 30 13 21 47 1 11 18 6 41 13 48 24 
45 48 37 0 36 29 41 34 26 41 40 20 38 8 16 10 5 18 34 6 4 42 41 16 42 34 45 6 35 39 
33 47 40 6 0 21 13 34 23 49 17 31 7 44 18 41 43 34 39 36 2 13 39 7 7 44 33 4 32 46 
3 34 35 49 38 0 9 44 31 32 38 3 26 33 20 17 25 47 48 24 26 49 1 7 21 34 26 45 40 33 
12 38 9 3 27 47 0 34 46 9 7 9 47 13 2 2 33 27 31 19 41 32 47 36 31 6 48 2 28 15 
15 12 15 4 48 21 50 0 44 24 6 24 34 29 39 42 15 30 37 50 6 38 8 45 26 50 2 15 3 29 
47 30 45 6 32 44 45 45 0 43 16 32 2 40 3 25 46 7 3 9 45 16 27 12 2 23 27 8 17 40 
5 46 6 47 16 27 27 29 28 0 48 46 47 21 37 21 19 4 49 5 21 30 43 49 7 9 13 20 19 44 
34 5 36 28 5 39 20 27 5 25 0 26 49 18 29 6 13 48 46 41 41 33 19 29 4 47 10 12 47 49 
39 3 8 9 36 45 44 10 19 16 49 0 1 43 49 25 29 22 13 15 44 44 11 17 30 28 11 15 26 33 
32 46 27 23 28 17 22 19 41 32 35 12 0 4 29 31 43 40 41 20 5 25 25 47 48 4 5 28 36 29 
31 25 30 18 27 38 21 22 28 15 33 3 10 0 32 31 31 32 41 33 37 37 38 20 46 22 8 7 49 30 
20 24 40 37 40 10 8 5 45 27 42 11 21 13 0 26 38 2 15 44 17 18 22 14 46 49 42 43 5 35 
46 20 32 22 43 9 42 44 17 21 23 24 26 38 15 0 41 27 17 26 45 8 21 44 14 33 12 49 10 44 
38 49 18 3 20 50 8 11 39 29 5 35 45 35 45 21 0 43 42 35 50 5 22 26 17 11 27 25 26 18 
40 31 10 33 50 29 22 6 21 7 38 8 31 39 38 22 11 0 14 36 49 43 40 21 15 10 40 16 23 1 
43 43 25 32 43 50 49 45 2 45 7 23 16 22 36 47 43 25 0 34 38 45 1 14 40 28 26 50 10 46 
23 10 14 50 5 29 14 13 26 38 39 40 28 9 19 30 26 27 19 0 36 18 18 15 33 35 6 42 30 36 
5 18 1 39 49 29 35 43 24 11 44 22 34 17 37 45 49 18 42 45 0 11 2 49 32 25 28 6 46 32 
15 50 37 35 28 22 21 39 1 29 30 34 37 2 17 25 15 34 1 29 38 0 37 39 50 36 26 3 19 20 
15 22 24 40 12 10 12 7 37 6 46 17 7 48 40 13 11 24 50 33 7 10 0 45 5 17 44 29 12 37 
50 3 20 2 20 37 8 6 45 25 43 5 19 28 28 6 12 32 39 50 38 25 2 0 3 37 13 5 27 19 
24 19 31 1 20 38 4 26 15 37 12 32 7 17 49 8 29 39 33 17 50 5 13 41 0 13 50 25 2 17 
16 7 32 31 38 21 7 12 4 49 40 25 30 48 45 27 18 32 9 3 46 9 25 23 11 0 20 19 7 41 
39 21 14 3 10 50 31 30 2 20 46 43 46 25 41 43 42 20 8 18 14 45 19 16 49 22 0 7 32 10 
21 18 3 1 22 16 28 27 23 21 48 15 48 17 12 14 10 50 35 35 31 19 1 11 39 28 44 0 3 48 
4 38 44 49 21 31 3 43 43 25 9 13 16 20 49 11 4 16 29 7 3 39 22 23 48 30 2 17 0 43 
12 44 22 25 30 19 33 5 17 27 36 10 21 18 26 26 22 15 49 2 1 36 12 16 46 45 16 17 22 0 
1 0 42 30 36 1 32 31 38 39 37 2 16 6 37 40 44 48 33 22 46 47 27 15 4 16 42 26 32 7 
29 35 0 3 17 34 16 36 7 25 21 36 45 39 34 28 47 37 45 49 23 22 49 13 45 21 25 25 27 26 
21 9 7 0 50 31 10 2 49 50 23 22 4 37 24 13 36 1 9 43 38 7 30 47 27 10 35 31 23 9 
46 9 42 10 0 31 5 12 30 46 8 25 27 49 37 23 28 19 35 26 1 9 20 17 32 40 20 41 13 30 
41 46 30 30 41 0 4 14 31 45 7 19 1 6 6 1 19 12 9 43 25 49 41 50 5 22 50 26 43 10 
20 12 14 50 1 6 0 12 46 47 8 33 9 48 24 29 7 50 4 15 16 14 29 11 49 38 31 50 47 25 
9 41 29 22 21 26 46 0 6 2 6 1 39 24 15 1 10 17 2 17 22 48 22 47 12 27 47 42 1 15 
12 20 6 16 21 39 18 5 0 37 27 49 34 2 49 49 15 28 40 14 11 40 22 29 33 25 27 37 45 18 
45 25 34 45 42 41 36 45 23 0 3 27 34 6 30 26 19 38 47 24 49 47 50 7 29 40 26 41 42 24 
42 45 2 23 37 42 2 15 39 11 0 8 13 20 5 37 37 27 34 42 4 15 37 30 13 47 21 46 19 6 
5 16 50 45 22 32 9 26 11 19 38 0 24 4 50 37 16 36 27 45 20 42 13 42 49 38 10 5 15 39 
27 17 47 34 10 34 45 9 19 49 24 29 0 12 17 16 4 30 11 38 44 48 12 44 2 49 15 43 24 1 
7 13 27 45 37 35 3 42 41 44 16 43 8 0 17 29 21 42 30 47 27 45 9 49 18 22 42 16 23 45 
36 46 42 21 8 12 37 47 34 26 32 14 13 39 0 17 22 1 40 45 16 31 7 35 46 48 6 49 14 10 
24 46 20 30 47 6 49 25 22 50 5 42 25 8 5 0 16 13 33 20 32 46 21 2 21 7 15 29 11 47 
23 3 14 23 37 11 31 13 34 16 34 18 47 29 41 40 0 24 7 49 31 30 36 24 29 33 14 3 44 49 
24 33 28 39 29 50 48 41 20 38 48 25 4 30 17 37 14 0 49 42 11 31 34 8 30 30 17 38 29 35 
41 23 8 37 14 11 34 7 30 19 30 44 49 5 19 2 7 27 0 6 7 43 19 16 12 33 18 40 25 48 
9 12 12 19 6 29 15 40 38 41 20 34 30 35 31 12 18 33 29 0 39 29 24 41 32 23 43 22 8 47 
4 46 21 9 9 21 8 18 26 43 26 5 12 19 37 37 24 13 35 35 0 50 16 36 11 37 19 35 22 30 
46 14 8 7 44 35 45 49 25 21 14 23 44 42 40 4 35 18 6 4 46 0 49 30 38 23 48 38 10 10 
23 41 37 37 39 30 30 19 48 18 34 42 38 49 43 21 13 6 25 47 8 2 0 2 29 18 35 48 35 20 
35 47 47 36 40 3 31 28 37 6 13 10 36 38 50 23 13 9 1 38 17 11 42 0 14 13 2 21 39 8 
19 5 33 46 49 14 22 37 6 49 46 12 44 27 50 12 38 23 14 3 7 5 26 47 0 47 4 24 5 34 
24 38 32 43 21 18 2 30 15 38 25 28 36 7 10 5 27 24 35 42 2 26 30 8 37 0 1 15 29 37 
49 45 40 17 4 33 11 14 19 24 9 49 33 23 35 40 25 22 49 17 42 21 30 40 14 32 0 49 8 25 
7 20 4 24 44 17 43 35 11 33 25 50 41 8 1 26 43 20 3 46 18 12 30 16 13 45 28 0 15 1 
4 22 35 4 40 13 4 6 25 40 6 43 6 14 40 25 17 2 14 30 15 21 13 46 13 8 45 41 0 38 
12 50 40 28 35 8 11 40 47 2 45 47 20 18 30 48 4 12 48 41 42 46 44 14 35 37 33 10 40 0 
41 0 32 18 14 19 14 41 17 15 22 7 29 35 21 50 20 34 45 3 33 49 10 46 48 50 46 17 6 26 
43 49 0 26 1 1 6 20 27 33 2 5 40 31 39 41 42 12 8 25 44 45 2 42 30 27 42 32 36 20 
15 23 48 0 35 41 22 24 32 28 34 16 30 43 1 44 49 43 18 21 6 7 38 38 42 13 31 42 7 46 
25 10 25 35 0 7 19 29 8 6 40 18 18 10 34 24 9 15 3 2 48 32 34 24 11 31 14 27 35 6 
22 11 31 17 37 0 4 25 42 46 36 32 16 42 37 28 3 39 47 5 15 33 49 29 40 10 14 41 36 14 
5 44 43 44 2 35 0 30 38 2 24 30 49 18 19 18 21 33 41 48 47 8 43 17 22 21 23 24 32 41 
8 23 14 40 29 42 42 0 39 22 40 3 49 16 38 23 25 16 16 30 11 20 27 23 44 40 6 12 27 22 
23 30 11 48 48 44 2 17 0 10 40 28 26 32 11 2 45 48 43 6 44 48 6 8 45 22 21 31 1 21 
1 23 30 15 18 50 11 43 1 0 19 44 22 8 6 26 2 36 38 17 22 50 42 13 7 34 24 18 22 16 
27 27 14 2 47 9 17 49 12 15 0 12 41 2 47 25 12 23 40 50 32 43 37 33 15 29 22 10 10 23 
32 44 33 39 27 25 42 30 21 12 47 0 9 4 24 24 6 31 48 45 39 46 11 35 18 41 23 41 44 50 
23 25 50 8 26 30 21 29 3 25 23 33 0 33 2 28 3 23 40 13 9 10 49 24 15 22 28 21 10 15 
49 4 35 48 31 49 37 48 2 28 45 3 27 0 29 23 22 6 13 10 7 15 18 34 29 36 41 25 2 35 
37 49 10 12 15 4 22 39 36 2 4 41 6 22 0 12 18 7 34 20 2 43 16 15 12 3 50 32 21 6 
13 41 25 36 13 16 30 36 42 12 25 2 34 21 11 0 7 17 10 47 22 11 29 8 5 1 42 22 34 48 
10 15 23 1 33 23 12 30 6 43 6 33 33 15 22 45 0 50 10 45 4 6 37 41 36 49 46 34 34 20 
36 21 45 46 38 33 48 3 1 2 49 50 27 12 17 41 39 0 29 15 36 10 1 33 27 30 43 24 24 38 
2 38 40 29 10 20 23 12 38 46 33 24 43 49 8 47 5 29 0 26 25 45 11 17 20 48 11 35 39 18 
16 45 10 24 16 49 15 10 21 18 42 45 29 2 34 32 12 18 2 0 25 31 26 15 48 50 43 42 21 20 
32 50 36 35 45 23 1 24 1 28 50 44 37 35 12 34 31 17 10 34 0 38 36 44 33 14 37 41 31 12 
24 24 8 44 40 40 18 7 10 35 29 33 9 12 41 3 31 44 41 4 15 0 20 27 33 37 33 46 7 3 
21 8 33 21 12 27 4 43 1 48 45 44 28 21 32 31 1 29 24 4 31 33 0 43 50 28 47 4 47 25 
8 8 44 12 4 39 27 47 13 47 35 37 10 31 47 47 10 37 50 45 2 36 4 0 22 3 22 39 15 34 
44 16 23 8 18 43 41 2 33 24 32 5 35 39 33 40 18 22 2 47 4 18 11 5 0 3 23 22 4 22 
9 32 1 13 14 20 32 13 29 42 38 6 45 28 14 18 40 18 48 22 33 36 1 37 19 0 31 26 5 19 
5 46 22 37 30 24 42 32 43 21 20 1 28 39 30 15 41 9 41 48 37 13 6 25 33 39 0 23 31 15 
44 34 44 27 44 25 47 17 20 15 4 22 37 47 47 28 21 6 48 22 23 28 22 35 8 32 42 0 41 48 
5 42 1 12 17 49 38 26 24 34 14 34 48 22 44 38 26 1 16 9 47 12 34 26 10 43 17 12 0 9 
19 13 33 7 20 15 24 3 10 20 49 10 2 47 23 34 39 25 7 28 48 32 32 26 32 1 43 8 26 0 
2 0 25 33 27 18 5 21 32 27 29 7 21 35 17 31 18 49 45 15 11 42 22 18 10 34 11 38 32 7 
25 19 0 23 16 28 9 45 16 33 35 42 2 3 12 47 50 8 14 16 1 9 34 6 28 48 34 31 8 23 
43 7 18 0 40 25 3 10 35 5 7 8 36 3 17 11 23 9 39 10 22 11 27 48 22 31 49 42 13 45 
19 44 28 38 0 43 40 29 25 12 29 10 37 16 3 7 8 16 7 17 46 6 39 45 22 36 13 17 9 47 
10 26 11 47 41 0 37 13 31 49 10 27 32 49 48 11 50 35 45 24 41 14 15 43 25 18 40 30 50 7 
2 30 24 20 29 3 0 3 49 41 25 17 45 28 17 47 41 14 7 42 35 22 2 18 44 19 33 45 34 37 
30 2 7 14 25 47 30 0 4 13 21 46 9 2 45 20 7 47 37 48 46 35 4 33 39 16 35 1 12 30 
1 46 8 19 13 11 24 10 0 31 3 21 17 38 2 37 47 26 20 7 48 38 22 47 47 38 3 27 19 19 
49 40 47 18 25 12 25 38 40 0 40 35 47 47 16 34 28 29 47 2 47 42 40 15 44 15 43 29 50 11 
31 10 34 6 42 33 14 24 50 13 0 40 12 9 37 31 23 2 41 7 13 20 9 6 25 23 28 9 25 3 
4 33 33 26 28 9 30 1 42 6 34 0 21 5 30 35 13 36 33 4 35 22 13 2 23 37 42 23 5 10 
33 15 24 39 21 46 31 7 36 31 28 1 0 23 11 35 24 43 15 30 22 13 37 45 6 41 31 42 31 11 
39 37 37 26 41 9 42 10 33 34 35 4 6 0 50 3 26 35 50 3 17 50 45 27 43 33 47 46 20 19 
49 41 5 1 47 47 45 42 26 32 3 43 15 11 0 32 46 19 8 38 42 30 6 32 40 14 11 44 11 44 
43 45 13 22 41 34 44 30 3 9 4 9 35 10 19 0 50 24 36 35 45 48 15 39 9 28 39 43 9 16 
37 37 3 34 48 33 37 40 22 24 27 39 16 16 50 35 0 34 46 47 13 40 40 26 10 16 47 28 6 5 
44 2 41 35 15 16 23 1 25 37 27 33 11 3 12 9 7 0 33 50 40 25 45 44 46 47 27 48 11 44 
18 2 5 31 36 28 22 36 4 2 50 28 35 10 9 20 31 29 0 37 14 1 10 15 29 16 30 50 9 46 
39 38 19 12 7 7 36 22 2 26 26 40 24 3 31 50 13 41 35 0 35 26 16 48 11 47 44 9 38 27 
16 6 28 14 41 16 14 31 16 28 3 24 49 30 4 12 25 28 7 34 0 29 4 40 16 24 20 23 41 9 
16 14 49 48 46 37 20 48 27 33 38 17 19 48 13 33 12 28 37 45 49 0 23 16 3 4 48 12 17 13 
40 22 43 24 23 1 15 5 26 3 44 35 14 49 46 19 17 11 7 27 34 13 0 42 37 46 10 43 49 46 
45 49 25 4 36 37 12 45 44 47 48 49 28 36 26 44 11 35 25 21 34 38 38 0 6 40 30 27 31 7 
28 13 8 17 9 32 4 19 31 29 12 34 25 24 14 9 29 6 28 16 43 36 26 19 0 28 13 7 12 19 
14 6 10 31 38 16 35 40 33 19 4 22 25 30 7 13 37 10 15 24 47 12 24 50 15 0 14 43 38 39 
39 47 25 43 1 18 23 2 3 37 8 30 20 46 38 24 44 19 7 20 6 42 3 43 38 22 0 3 32 11 
16 24 24 47 1 44 22 30 30 25 12 34 11 34 24 7 44 28 16 37 27 22 46 36 19 33 48 0 45 33 
5 29 15 42 42 37 13 34 33 19 3 16 45 14 45 45 37 46 8 30 37 45 45 38 46 35 45 29 0 39 
29 19 47 28 47 26 46 48 43 20 47 11 23 11 10 14 22 32 8 1 41 33 38 40 16 47 11 34 27 0 
47 0 8 43 34 46 5 1 6 38 48 39 49 48 45 26 11 19 14 34 36 25 24 3 37 28 48 47 31 7 
13 1 0 15 12 21 46 12 5 28 28 7 10 8 34 34 20 3 44 39 12 30 47 33 28 49 3 23 5 7 
6 49 8 0 20 49 26 47 25 37 27 49 15 7 41 37 27 27 17 40 19 18 26 4 9 19 28 16 19 38 
14 19 24 7 0 49 22 29 49 40 10 8 38 46 16 17 41 48 23 7 47 1 23 36 33 37 40 31 45 50 
1 21 11 29 37 0 24 9 25 8 9 20 8 28 37 8 32 32 22 11 38 19 22 5 10 23 37 41 33 41 
21 9 42 35 50 40 0 39 48 9 9 43 9 16 40 15 37 39 24 36 28 1 5 18 20 8 32 29 17 2 
7 1 33 26 34 37 50 0 28 24 29 48 20 35 23 14 19 29 3 32 41 23 34 14 6 6 41 16 42 22 
28 19 11 23 47 3 9 10 0 33 32 3 16 10 16 46 39 9 17 33 4 2 29 29 47 26 29 23 38 28 
21 44 22 9 7 46 10 38 47 0 38 20 6 9 47 22 30 26 14 18 18 18 47 24 34 38 20 50 41 14 
47 18 30 21 33 13 38 32 8 3 0 20 36 1 12 29 13 49 44 32 8 18 1 15 6 20 11 24 21 39 
21 37 47 20 25 1 20 40 35 27 35 0 34 48 18 11 48 33 17 36 46 21 39 27 18 34 46 46 3 25 
2 22 39 18 44 37 17 24 16 27 12 9 0 24 15 18 48 24 21 33 5 8 38 44 39 25 19 32 11 29 
37 29 5 17 15 34 5 46 16 5 32 45 25 0 17 40 24 37 47 25 10 20 10 26 13 49 18 14 28 1 
44 26 5 7 45 30 49 8 42 9 31 13 3 8 0 16 2 10 33 21 5 15 38 22 8 1 10 27 3 42 
19 48 20 27 45 23 29 27 39 30 37 42 17 46 39 0 45 47 18 2 10 12 39 36 44 24 37 6 5 48 
6 36 3 46 16 24 12 12 36 9 36 38 25 22 3 34 0 13 49 43 33 13 5 43 26 44 30 30 13 27 
3 9 18 25 29 33 45 35 47 1 23 28 33 11 9 17 23 0 37 17 33 10 12 38 13 22 35 2 44 28 
2 37 44 49 35 33 1 18 13 47 40 9 50 16 48 21 6 30 0 44 34 9 22 44 13 31 17 42 21 5 
3 44 32 2 8 45 15 29 29 49 29 9 49 10 41 28 24 11 47 0 41 43 17 5 8 11 19 31 43 32 
19 18 42 30 14 10 3 8 8 42 21 34 42 27 32 15 25 10 12 3 0 35 7 7 46 31 12 37 40 25 
41 39 15 22 48 10 31 37 30 36 50 39 21 17 19 26 7 2 40 23 43 0 36 9 20 41 47 13 12 46 
50 2 24 14 34 17 4 7 13 44 17 2 29 46 25 12 15 15 40 39 20 24 0 11 47 17 32 5 31 46 
32 2 48 20 42 30 35 27 25 38 1 16 20 45 8 24 22 15 41 35 8 26 33 0 24 23 26 27 41 27 
48 2 12 23 12 31 43 20 33 37 17 40 36 40 27 39 24 1 29 4 24 45 17 15 0 47 38 7 20 24 
47 16 3 45 50 28 36 39 43 8 14 15 4 39 28 25 45 23 36 6 35 49 26 48 38 0 4 3 36 48 
27 24 25 24 46 37 22 14 46 36 13 41 50 32 44 15 39 20 7 39 40 2 16 21 14 39 0 49 41 6 
7 47 26 1 42 16 35 40 42 9 3 7 12 50 37 24 15 35 18 33 33 49 34 47 47 9 26 0 9 5 
10 8 39 32 9 39 40 37 41 9 16 9 26 48 12 5 33 28 2 30 48 50 4 31 8 23 9 13 0 30 
4 34 41 26 36 32 1 15 25 4 11 47 37 25 27 2 24 7 2 23 42 15 31 24 29 8 11 4 8 0 
24 0 36 31 28 8 38 26 25 34 41 16 11 40 9 25 42 33 11 25 28 29 35 16 8 40 38 40 4 18 
47 28 0 21 48 7 1 18 31 20 30 38 2 28 40 17 36 13 3 6 6 33 47 47 36 26 29 39 20 24 
38 20 48 0 23 8 37 13 46 13 33 8 7 12 13 31 38 26 2 45 50 23 28 36 34 48 36 1 31 36 
22 29 12 48 0 7 33 10 40 30 20 4 4 40 50 20 48 50 21 34 17 48 1 27 45 21 1 10 35 14 
25 23 37 32 11 0 42 5 47 9 5 31 22 49 47 33 42 47 33 29 17 37 48 15 17 15 38 22 2 18 
28 7 23 25 27 5 0 47 18 22 30 9 15 2 42 17 4 45 50 4 45 3 25 19 32 19 28 28 9 20 
18 23 20 3 29 31 49 0 9 47 23 42 37 24 25 3 21 2 36 7 48 14 21 38 18 8 15 4 38 41 
7 50 28 38 48 5 7 39 0 12 23 11 19 45 49 28 12 8 29 50 16 12 18 42 21 11 7 47 36 2 
46 15 28 11 18 41 24 15 49 0 26 21 46 32 40 13 47 30 19 23 11 7 50 36 4 22 30 39 8 8 
27 42 8 22 38 17 9 33 8 27 0 8 5 48 10 3 30 21 30 28 29 24 32 38 25 26 46 47 29 25 
40 39 2 16 7 22 35 13 25 45 24 0 5 15 23 43 15 6 9 41 34 25 2 50 11 29 34 46 5 33 
47 42 20 30 8 19 39 6 39 41 38 19 0 17 47 36 5 25 10 10 45 11 20 37 7 46 50 38 39 41 
38 24 27 30 31 28 3 4 25 7 4 5 10 0 18 18 3 15 9 6 15 7 5 25 37 10 23 28 5 14 
35 9 31 50 15 1 18 12 39 36 19 33 1 50 0 3 6 41 2 2 20 4 31 42 33 24 35 34 49 40 
21 9 1 48 41 41 49 24 6 45 18 1 42 26 23 0 37 33 6 5 22 32 20 22 27 36 11 5 17 48 
26 31 18 19 22 19 28 19 35 11 10 5 33 36 7 35 0 19 12 5 19 46 42 29 29 28 9 2 37 25 
13 30 36 32 26 30 15 50 32 21 8 45 19 48 46 46 18 0 49 35 15 42 17 50 50 48 3 34 2 39 
42 13 18 41 45 23 32 24 24 8 6 43 35 38 41 48 24 27 0 44 34 33 10 10 17 23 33 46 31 37 
34 23 46 13 12 40 8 41 5 25 26 15 23 45 42 29 23 8 30 0 9 2 25 26 41 19 6 32 4 1 
19 12 27 2 37 40 35 11 30 23 48 34 7 20 3 18 20 11 16 18 0 39 1 25 17 22 35 10 48 6 
45 6 9 5 41 36 13 50 14 36 5 8 19 43 35 32 26 46 5 24 23 0 49 45 17 36 12 19 37 11 
30 2 31 37 5 35 17 40 29 17 35 40 19 7 25 12 11 20 8 41 35 46 0 40 6 24 33 46 12 43 
19 29 18 27 40 34 35 25 21 14 8 18 43 47 29 20 35 5 43 21 5 26 42 0 11 47 26 35 13 25 
14 23 40 6 48 11 39 18 13 30 23 41 37 40 7 50 23 42 49 12 36 40 29 3 0 41 38 44 37 7 
30 14 50 23 50 8 42 19 12 46 37 40 3 22 26 20 30 19 36 36 11 24 35 36 1 0 40 24 45 37 
16 10 18 3 11 34 17 24 19 38 33 16 32 12 46 13 22 34 19 3 33 12 20 8 1 46 0 7 29 14 
22 11 34 48 33 47 36 20 38 42 38 10 47 12 31 4 21 30 13 39 24 29 6 6 42 4 4 0 41 10 
2 16 28 38 11 47 27 49 19 49 15 10 43 35 42 31 44 37 1 39 5 31 16 44 40 41 43 5 0 29 
6 30 43 46 10 37 27 11 22 37 15 5 5 3 32 48 29 31 45 15 25 48 17 4 3 6 22 50 34 0 
48 0 20 5 22 20 13 19 23 15 33 48 16 20 23 1 36 35 50 28 35 47 12 11 48 41 4 9 14 39 
44 5 0 15 28 28 25 17 10 33 36 41 13 26 15 48 48 49 6 26 16 18 18 7 44 15 38 37 10 7 
32 16 5 0 6 34 22 29 34 38 43 48 34 27 2 14 38 22 21 47 13 1 42 49 33 48 21 26 49 22 
13 40 38 8 0 3 2 20 37 8 42 44 20 15 12 13 28 32 42 17 43 7 43 17 40 47 7 40 18 22 
8 13 46 30 12 0 25 4 10 27 24 1 45 2 15 29 4 44 37 31 36 6 16 30 10 7 15 21 23 49 
12 47 12 3 15 50 0 30 48 41 3 37 10 18 6 19 16 48 6 29 39 36 4 20 10 32 17 42 34 37 
23 48 5 31 12 16 27 0 39 43 37 15 50 7 4 35 44 27 38 11 11 44 10 10 42 35 13 8 28 3 
21 49 9 46 11 18 5 33 0 30 7 41 42 27 6 19 15 39 29 1 36 16 6 30 32 23 44 14 38 13 
47 49 8 50 37 22 39 7 5 0 47 36 30 12 48 31 21 19 17 5 42 28 46 35 8 43 38 16 20 27 
23 17 4 17 20 33 8 33 43 41 0 34 31 9 35 33 15 6 4 9 49 12 4 27 10 47 36 1 15 50 
8 50 7 19 30 32 30 32 13 43 15 0 23 38 27 27 21 11 20 11 2 44 38 34 8 22 16 19 40 45 
21 34 33 44 34 36 41 27 12 29 4 3 0 33 43 11 44 26 24 28 1 39 36 17 40 13 7 20 16 50 
48 14 13 40 38 43 10 33 30 5 41 36 45 0 50 41 8 49 11 45 23 14 46 43 41 40 6 35 18 43 
31 27 16 25 27 14 16 41 13 45 50 2 12 46 0 20 38 16 45 36 27 33 14 46 25 44 37 2 22 22 
1 33 9 43 40 49 28 25 11 18 37 25 17 37 16 0 46 21 2 1 23 4 25 12 49 41 10 17 31 41 
32 41 12 45 19 13 13 42 10 22 48 43 13 5 27 50 0 2 16 28 30 30 23 36 2 49 19 27 22 10 
2 31 32 47 34 29 28 25 31 49 24 4 5 12 30 3 31 0 42 20 35 50 40 45 39 2 12 10 5 10 
46 1 36 42 33 8 42 16 46 29 26 49 25 22 18 5 27 26 0 11 6 50 19 27 8 37 10 13 37 43 
46 23 20 23 16 35 48 38 13 22 4 39 38 35 14 44 37 25 18 0 27 35 26 37 49 50 11 27 24 29 
5 23 46 6 23 1 6 7 26 10 38 21 17 14 4 8 18 12 35 14 0 14 50 35 45 10 9 21 37 22 
24 5 8 24 10 8 50 8 34 15 34 8 38 11 16 31 7 19 12 33 41 0 33 49 43 11 15 6 38 2 
46 15 31 20 35 3 5 30 47 7 7 5 50 35 48 1 7 27 39 20 14 4 0 40 9 5 31 42 6 16 
14 45 3 13 7 38 1 4 39 3 9 11 1 10 12 6 29 42 49 2 42 5 39 0 17 18 38 42 25 22 
16 4 12 50 15 34 13 4 43 43 47 47 48 19 24 31 9 13 45 29 4 26 40 43 0 4 24 10 6 37 
45 19 47 26 32 24 50 48 12 37 26 50 2 37 49 3 6 45 36 15 37 9 25 47 47 0 19 40 15 19 
46 42 25 7 18 48 25 1 21 17 46 25 33 48 27 20 30 2 40 41 41 49 30 24 42 50 0 36 44 50 
30 13 34 35 30 16 46 1 43 35 39 25 2 35 28 41 41 4 11 49 27 18 18 50 25 28 48 0 12 2 
16 18 13 31 1 42 4 12 41 4 33 31 20 37 18 2 16 39 14 2 33 1 47 25 46 23 13 45 0 35 
11 2 18 34 49 27 17 26 45 2 44 24 30 50 1 29 18 8 31 1 49 9 39 34 11 20 15 22 39 0 
36 0 28 29 10 27 31 2 15 48 22 11 1 26 22 38 21 28 4 1 47 47 28 16 33 45 37 2 13 35 
23 30 0 13 46 38 10 24 16 15 3 20 49 14 21 37 21 50 23 37 2 14 33 17 14 26 43 8 13 47 
15 41 29 0 39 31 25 43 48 6 39 13 14 6 13 1 32 48 33 8 30 12 46 15 16 12 21 40 13 49 
21 45 2 11 0 19 1 12 42 10 33 46 45 23 44 34 25 39 9 21 16 33 28 10 50 34 35 20 27 14 
28 11 35 30 50 0 36 44 11 3 37 13 40 40 38 1 13 35 40 2 31 42 23 12 20 48 16 43 36 2 
28 35 31 36 29 32 0 22 11 15 24 9 40 14 36 23 8 27 44 40 10 38 49 45 19 46 23 5 49 15 
32 34 43 9 9 26 2 0 33 4 11 6 29 2 21 17 43 42 28 38 40 13 22 23 4 27 15 29 40 13 
40 7 28 24 47 34 40 16 0 32 5 11 21 26 23 33 34 31 37 29 29 26 5 45 18 9 3 11 11 40 
33 45 47 12 20 15 5 29 6 0 6 38 27 28 11 24 28 19 38 49 41 20 46 28 50 12 37 36 12 10 
15 44 23 30 27 49 11 14 10 6 0 9 28 5 26 32 42 2 49 45 22 41 40 15 13 20 20 38 17 47 
1 33 30 43 19 41 12 15 47 1 12 0 14 14 10 33 41 13 15 20 47 9 10 39 41 41 20 25 30 11 
10 7 12 44 17 10 23 29 36 36 35 21 0 28 5 48 33 9 27 31 33 22 7 6 18 21 39 41 45 39 
2 50 17 32 5 38 45 1 20 48 1 11 12 0 28 29 36 26 32 5 42 9 33 44 45 47 39 3 2 44 
23 29 19 28 41 34 37 19 39 24 18 4 33 39 0 29 30 23 10 30 27 33 45 8 36 4 31 20 6 23 
36 16 35 43 7 48 20 33 33 22 45 43 18 38 9 0 38 38 27 44 15 16 25 29 24 25 12 28 21 33 
25 11 14 31 46 4 8 34 11 26 42 10 47 40 39 36 0 35 16 8 49 49 16 5 27 42 8 11 37 12 
18 46 20 49 50 8 12 31 12 22 34 1 4 27 1 3 5 0 19 36 41 39 41 47 21 22 35 10 7 38 
40 39 44 22 23 43 31 23 12 48 32 28 5 23 44 25 49 45 0 39 4 25 37 40 26 46 23 28 49 50 
27 16 49 6 44 22 33 41 29 32 34 21 30 44 21 4 14 34 18 0 3 46 24 40 21 3 14 4 50 18 
26 50 16 32 23 36 33 34 22 12 1 11 34 21 14 5 33 45 43 19 0 23 33 40 10 46 4 4 26 29 
3 30 19 34 23 3 33 19 39 7 9 38 20 42 22 17 43 13 4 27 16 0 20 19 11 31 46 43 10 7 
36 20 32 7 6 20 32 33 28 12 18 31 37 45 38 35 31 3 42 19 43 4 0 42 50 50 13 33 12 8 
3 27 10 24 12 3 38 27 31 15 22 40 35 15 1 36 46 29 26 32 27 1 44 0 2 42 14 33 29 32 
8 43 37 21 25 25 36 8 8 25 42 1 8 50 38 20 29 9 40 41 15 4 35 7 0 30 32 3 33 9 
32 49 21 9 45 24 23 36 19 10 40 16 29 39 4 35 32 20 1 7 32 14 6 43 39 0 18 5 9 30 
42 44 23 3 50 26 27 21 42 13 27 15 35 10 49 50 26 37 15 31 23 49 13 3 26 27 0 19 44 28 
21 27 19 15 6 28 17 18 13 29 13 28 14 40 7 24 43 48 4 7 44 13 32 40 28 8 43 0 31 21 
27 23 8 34 44 22 36 8 50 30 33 32 33 13 8 2 4 9 9 7 29 34 30 16 37 35 8 46 0 30 
38 48 35 37 48 36 7 6 44 21 19 21 17 43 19 22 26 12 50 25 38 25 49 34 25 42 44 43 42 0 
48 0 10 14 41 29 13 32 48 46 36 28 1 47 10 39 41 37 13 42 12 45 11 23 8 22 42 13 49 1 
13 6 0 43 14 14 47 12 6 30 38 30 37 24 31 27 23 24 42 15 11 44 39 30 3 32 48 37 37 6 
20 38 1 0 33 47 34 30 36 38 33 14 28 36 7 25 12 25 21 31 47 36 48 50 48 39 8 24 26 40 
32 17 10 25 0 50 11 1 30 4 27 48 47 38 36 10 2 33 9 33 5 42 7 28 7 41 21 22 38 3 
45 40 10 5 46 0 6 17 4 4 36 46 25 32 22 45 34 50 48 13 41 47 6 50 42 21 49 26 39 4 
34 30 40 13 28 10 0 38 38 42 43 31 43 49 30 23 37 31 10 36 34 23 41 23 10 47 7 40 41 18 
34 47 31 28 1 20 6 0 6 12 4 12 7 46 9 6 32 48 48 26 27 5 41 40 40 6 31 44 8 31 
16 22 21 47 20 8 46 1 0 16 49 11 18 31 19 6 24 27 28 33 17 28 50 9 14 14 13 44 8 41 
22 20 26 48 26 46 33 42 11 0 26 1 10 32 33 50 16 10 25 22 34 16 30 4 11 42 3 17 13 7 
33 8 15 39 10 44 29 35 20 6 0 23 24 33 17 2 33 7 47 18 9 49 5 39 22 24 25 43 16 15 
7 23 30 20 35 28 19 36 22 22 39 0 22 31 41 19 50 11 34 14 3 29 35 7 50 5 9 29 19 43 
15 35 2 13 20 13 33 43 4 48 39 33 0 47 36 26 29 38 19 15 20 23 14 42 30 14 37 23 17 31 
16 27 50 50 44 7 37 38 9 11 28 37 7 0 8 36 25 20 32 50 32 21 17 41 14 49 21 1 44 23 
50 34 41 17 13 38 22 40 33 4 29 39 42 30 0 8 38 34 16 7 6 5 45 5 23 36 11 50 36 36 
2 24 6 43 16 10 27 37 20 45 20 15 35 37 29 0 21 43 29 38 33 27 16 5 45 39 18 6 30 18 
32 2 39 36 5 32 30 23 47 27 21 32 1 15 22 37 0 41 21 8 26 3 44 32 12 4 9 36 20 12 
5 48 5 48 20 39 43 32 29 30 5 49 48 46 3 18 2 0 27 1 33 8 48 47 48 4 16 39 21 27 
33 46 46 11 12 43 29 17 34 31 27 30 6 13 41 3 28 5 0 48 30 45 3 33 36 37 4 7 1 7 
45 5 1 23 5 47 35 10 38 37 4 24 1 18 46 25 4 2 36 0 7 45 27 11 41 41 32 31 14 11 
25 8 36 28 10 40 27 26 8 1 16 6 44 40 19 44 6 44 35 38 0 11 34 2 22 45 12 18 44 10 
32 24 16 22 49 14 29 19 47 42 28 19 49 46 2 20 1 2 37 42 48 0 36 39 46 26 1 41 6 14 
34 48 23 34 17 26 28 1 35 46 26 41 26 10 3 8 19 12 38 1 3 44 0 11 31 3 13 47 36 21 
46 48 23 23 5 13 44 6 36 33 20 25 20 17 7 12 2 23 26 36 39 8 40 0 4 6 12 40 38 42 
31 5 30 43 30 40 48 4 18 21 47 9 3 33 30 18 27 33 28 5 20 1 40 21 0 50 33 39 9 19 
18 44 23 7 14 5 28 41 32 40 27 9 8 34 3 29 28 36 25 10 36 29 29 13 33 0 22 31 15 9 
44 48 2 39 35 1 27 24 2 39 29 2 28 45 44 1 46 13 18 38 43 22 47 14 49 33 0 39 15 11 
25 43 25 13 32 39 43 26 21 23 34 26 5 26 48 47 9 9 35 36 12 37 10 13 27 17 22 0 2 38 
40 2 12 13 14 28 46 4 39 46 6 1 25 26 40 34 13 38 47 49 17 41 25 5 29 49 38 33 0 12 
37 15 18 41 39 31 22 23 13 42 48 2 44 20 13 29 35 38 12 21 30 14 29 26 3 21 49 28 8 0 
34 0 15 41 13 42 3 32 39 11 37 45 18 12 50 47 49 47 24 22 12 26 44 12 26 13 33 23 36 42 
39 18 0 33 45 15 30 27 8 39 2 17 32 40 25 2 18 3 19 14 33 27 7 47 28 16 32 40 4 15 
1 10 31 0 46 47 22 19 13 24 47 21 20 42 8 23 5 30 36 20 11 9 11 15 9 4 16 32 22 5 
29 34 40 24 0 43 39 42 37 37 43 3 34 5 29 22 44 14 36 49 25 23 36 46 21 44 6 41 46 22 
42 32 40 47 8 0 46 14 32 46 49 20 31 18 44 44 17 27 5 32 43 16 41 30 34 48 32 43 38 20 
31 37 49 47 15 45 0 11 13 37 47 34 9 12 18 37 30 44 6 43 3 5 17 2 10 4 7 2 3 7 
50 27 3 26 13 16 13 0 21 35 4 49 33 4 41 8 48 34 4 23 43 4 4 27 1 35 16 15 35 40 
44 9 44 9 7 37 21 32 0 33 50 3 25 9 10 3 44 21 1 26 45 12 20 4 29 10 3 47 50 3 
41 48 2 28 32 41 45 6 24 0 47 5 37 17 1 4 21 19 46 44 25 7 15 15 39 40 28 24 6 15 
49 4 40 22 30 43 3 2 47 28 0 20 8 39 47 4 22 9 46 19 50 9 41 8 4 26 46 27 33 13 
38 5 18 40 42 25 44 15 15 38 9 0 2 20 23 18 25 18 19 18 11 17 32 33 5 6 7 9 47 37 
47 34 16 20 39 9 24 2 18 47 22 11 0 8 44 9 11 48 39 19 40 29 9 27 9 23 46 7 23 13 
34 36 17 47 28 19 4 43 32 32 14 45 23 0 50 22 47 50 10 38 24 45 8 18 40 7 8 38 7 8 
48 43 3 2 40 34 12 6 14 30 25 6 18 17 0 8 6 45 7 9 5 13 23 37 19 49 18 26 18 28 
41 20 31 47 35 35 39 12 44 33 16 11 41 36 30 0 14 19 28 42 11 35 12 2 30 3 46 26 7 34 
3 23 8 44 28 24 11 45 9 33 33 20 44 1 24 44 0 45 22 37 7 6 30 41 35 8 43 29 18 2 
45 40 9 32 28 42 11 8 18 13 13 20 19 10 45 10 42 0 41 11 29 36 9 25 39 50 29 24 32 24 
36 36 46 43 43 15 44 24 38 17 10 14 36 27 9 25 38 37 0 20 47 26 17 3 18 40 16 37 16 21 
32 50 19 29 35 32 28 17 28 27 46 2 36 4 25 2 16 1 32 0 16 15 13 43 4 36 49 20 33 28 
3 27 29 28 4 6 18 42 35 2 46 31 8 11 11 25 46 40 13 28 0 17 25 16 5 50 6 20 8 15 
43 36 12 46 40 25 50 17 24 33 49 8 10 31 49 37 35 8 3 32 29 0 41 9 8 5 12 28 12 25 
29 48 37 11 27 42 16 34 36 19 36 11 8 22 7 15 21 8 45 17 19 15 0 49 18 26 36 2 28 5 
41 28 47 38 43 46 36 13 48 33 39 34 3 50 39 17 22 22 19 2 44 34 5 0 34 46 6 14 49 20 
35 42 40 39 29 46 41 39 23 15 27 22 3 24 25 6 33 16 16 10 1 4 15 33 0 26 12 7 24 13 
43 37 32 37 43 13 42 49 46 25 5 49 28 49 7 43 31 41 11 30 29 13 41 48 39 0 19 32 27 7 
14 18 39 17 27 31 28 45 35 10 12 34 7 38 42 11 12 23 5 9 41 46 21 47 45 35 0 31 47 34 
49 25 31 16 42 33 8 16 33 2 19 29 48 46 32 49 47 22 25 50 38 28 47 27 19 17 18 0 47 43 
22 42 50 32 12 37 36 31 19 16 6 34 45 29 21 37 30 44 1 40 48 49 13 6 47 47 21 28 0 5 
47 26 15 11 24 11 11 19 48 37 9 47 19 29 7 19 16 43 50 26 40 39 23 18 8 46 24 30 45 0 
35 0 15 17 8 26 22 40 42 24 22 18 11 18 33 8 43 43 29 20 6 37 32 5 22 3 15 9 3 47 
4 29 0 37 32 25 13 22 42 39 43 8 18 28 43 21 32 15 23 6 15 26 15 17 4 24 8 4 10 46 
6 12 13 0 37 45 20 43 31 30 43 21 36 1 4 37 13 39 10 39 34 41 38 43 3 38 22 40 13 34 
9 18 10 12 0 47 34 32 45 31 33 23 29 1 36 30 36 30 25 11 31 41 35 49 15 27 6 18 19 10 
49 23 31 31 48 0 22 26 11 25 4 21 5 19 9 27 17 6 40 3 13 18 9 47 29 32 43 24 19 46 
36 42 17 13 35 33 0 11 43 48 3 14 4 26 5 22 41 26 23 27 23 48 22 16 15 7 43 40 27 2 
49 6 48 8 15 40 13 0 4 43 34 26 17 25 9 37 39 9 43 5 26 39 7 20 48 47 48 14 27 2 
7 43 43 34 41 49 48 16 0 47 11 16 9 37 34 40 1 7 24 14 29 27 48 1 36 1 14 43 36 1 
11 18 26 36 3 36 41 34 33 0 34 10 40 23 13 32 39 17 2 24 31 48 41 24 1 48 26 10 43 8 
34 27 7 12 16 36 44 41 24 35 0 48 49 18 24 41 4 40 4 35 19 47 35 12 19 6 4 21 44 25 
39 28 27 49 26 50 7 4 28 8 27 0 39 49 44 18 26 33 30 17 34 48 9 22 25 25 12 49 15 38 
7 13 15 50 16 35 8 22 50 42 25 34 0 1 12 47 8 30 48 41 45 44 23 24 5 10 28 30 6 2 
25 15 1 42 16 21 45 13 40 34 9 10 5 0 33 38 43 1 47 47 26 17 45 14 9 21 45 34 40 11 
41 39 6 3 20 26 28 24 42 35 41 2 46 41 0 15 33 35 39 41 36 12 10 31 34 30 35 30 1 43 
22 22 37 6 2 49 45 4 8 35 8 11 19 10 13 0 6 24 21 5 49 27 36 6 44 4 49 32 8 22 
23 35 46 27 32 20 13 5 47 45 42 20 29 28 4 33 0 26 44 1 19 28 7 14 26 3 17 36 17 44 
3 3 18 38 32 36 1 12 34 37 40 50 2 27 27 13 29 0 48 9 2 11 28 6 32 39 45 17 21 20 
25 16 34 47 12 45 43 25 33 47 43 4 22 43 7 11 20 26 0 30 38 14 24 19 28 15 33 25 47 37 
49 38 19 30 43 10 22 6 3 41 33 35 39 46 1 17 48 40 36 0 49 21 20 19 38 34 7 2 47 7 
32 29 20 46 38 35 10 24 25 30 33 35 6 18 36 47 4 25 28 18 0 12 18 43 40 48 17 29 20 32 
47 36 9 25 50 21 12 13 39 1 12 42 43 23 11 3 14 15 3 33 41 0 30 32 24 29 46 15 36 31 
48 22 7 41 42 29 44 25 11 7 48 24 35 15 24 17 27 19 45 33 37 35 0 2 27 37 42 17 4 35 
47 4 6 26 32 42 30 5 1 2 45 17 28 4 9 6 9 6 16 8 8 3 27 0 21 4 44 14 20 30 
5 1 13 41 41 15 3 42 49 3 24 45 12 26 18 50 16 10 31 44 22 28 36 2 0 46 27 44 28 36 
23 39 29 11 26 47 1 33 27 38 40 6 14 11 4 43 14 47 27 10 21 38 35 34 26 0 9 27 15 12 
45 14 21 26 7 26 15 46 35 36 30 17 18 40 22 41 39 8 17 33 9 33 31 18 19 15 0 35 4 45 
35 18 20 36 22 32 24 20 31 8 35 39 48 30 11 48 43 4 49 13 43 38 1 11 33 3 13 0 34 3 
8 43 42 12 1 50 19 10 31 46 8 49 21 8 1 33 44 12 3 21 21 26 11 37 41 3 47 18 0 10 
4 20 20 41 18 24 16 44 28 48 30 42 38 12 8 41 15 22 31 50 28 40 41 10 13 32 32 32 5 0 
21 0 48 4 2 50 28 27 39 8 4 35 36 39 16 15 23 29 33 15 3 47 27 31 17 18 32 15 29 10 
28 36 0 42 34 39 8 50 27 41 39 35 32 3 7 19 46 15 40 24 27 38 35 49 18 29 9 45 18 38 
35 18 14 0 48 29 31 19 43 2 1 8 16 47 39 45 30 22 44 20 13 21 4 43 41 3 23 43 37 25 
6 30 14 32 0 40 7 21 21 34 25 27 50 3 13 39 17 11 41 47 5 38 7 16 25 6 17 31 25 24 
46 6 38 33 19 0 46 21 45 34 8 32 25 10 39 20 44 13 19 41 5 24 42 32 47 33 37 49 15 39 
26 23 26 46 48 38 0 19 39 17 34 17 19 22 27 34 15 30 29 19 46 32 43 49 41 21 50 4 25 42 
1 32 48 7 7 9 35 0 7 29 12 1 2 5 46 35 24 36 3 16 48 32 3 9 31 19 7 33 25 36 
25 49 35 44 48 17 2 20 0 13 16 19 50 9 1 17 19 45 28 48 15 17 35 47 39 27 10 49 24 18 
38 50 26 10 21 5 13 16 8 0 7 30 33 5 24 37 47 49 23 2 42 12 25 29 36 11 20 40 2 46 
18 39 19 29 3 25 16 44 40 38 0 47 5 3 38 22 18 32 12 11 10 43 29 37 47 32 6 13 22 40 
50 2 15 11 21 41 18 11 4 3 50 0 22 4 9 35 5 38 9 38 8 18 29 8 29 43 4 40 2 22 
47 47 12 45 4 41 37 33 44 33 48 4 0 8 28 10 12 39 40 21 2 42 45 47 26 15 22 21 44 36 
19 17 2 16 40 8 6 38 28 50 18 49 23 0 45 27 41 4 11 2 49 18 4 15 19 1 31 3 50 37 
30 32 21 44 47 25 16 47 38 19 21 4 25 11 0 40 3 4 19 50 21 36 12 12 20 46 19 16 3 33 
16 9 5 7 2 48 18 47 6 27 21 11 45 16 43 0 31 45 43 43 26 17 47 12 4 30 1 19 21 2 
48 28 10 14 14 23 10 17 48 24 14 22 7 49 43 30 0 11 42 46 20 39 1 26 23 28 16 19 48 2 
28 1 29 48 46 8 49 12 47 31 43 33 15 47 20 30 4 0 11 49 19 24 19 10 23 2 13 48 3 37 
37 49 4 13 15 21 23 35 24 11 42 45 18 14 11 4 37 25 0 4 7 44 24 6 21 29 28 9 42 7 
47 33 10 47 25 11 33 40 21 50 27 48 45 30 50 8 25 6 6 0 49 20 15 38 44 46 44 13 43 34 
34 37 13 32 29 27 29 32 49 44 3 29 14 16 26 28 9 49 44 7 0 14 5 22 3 43 37 32 45 17 
1 32 48 40 7 38 13 14 17 17 4 21 26 27 13 4 21 7 50 13 17 0 37 46 20 36 21 30 16 11 
39 43 45 34 16 48 12 6 39 8 28 13 14 43 33 41 36 38 28 9 50 23 0 31 33 32 50 14 37 29 
5 36 9 48 4 28 24 9 37 11 29 2 49 32 49 23 50 4 44 14 29 1 34 0 2 7 12 16 13 13 
3 16 34 26 27 35 22 20 16 10 16 9 33 49 27 50 8 2 42 32 11 32 47 20 0 24 50 4 3 7 
42 43 12 12 46 35 46 45 26 22 47 27 3 35 44 29 5 47 3 7 3 49 11 25 31 0 3 21 19 15 
3 27 32 19 13 25 18 4 47 37 14 31 5 33 30 45 6 8 48 4 41 19 4 2 47 5 0 43 33 37 
32 43 15 27 31 23 45 16 8 40 11 26 26 9 10 39 26 48 16 31 31 26 46 23 15 24 35 0 24 30 
23 9 32 35 17 15 44 50 4 25 11 35 29 48 18 38 28 16 10 44 14 21 7 27 2 7 7 48 0 42 
12 8 39 22 37 36 32 29 41 9 44 16 40 22 24 6 46 2 28 28 36 38 8 25 30 17 3 2 5 0 
34 0 10 8 47 8 43 17 22 14 43 13 37 9 37 7 17 29 24 49 34 22 7 5 30 21 7 25 50 14 
42 20 0 33 31 24 8 49 36 20 33 30 7 34 33 10 16 42 27 1 1 9 2 43 5 19 34 27 6 29 
27 1 18 0 18 9 22 23 30 7 35 30 8 31 9 42 19 27 38 24 46 14 29 30 25 49 6 41 27 28 
12 40 32 44 0 7 44 32 13 40 26 11 37 36 36 43 22 43 28 43 2 37 42 47 3 10 16 48 22 44 
19 4 31 46 3 0 45 45 49 15 24 16 11 6 37 12 13 10 29 44 38 3 7 28 48 26 42 21 44 29 
35 42 46 10 20 22 0 23 30 41 34 42 48 24 29 4 28 41 31 5 35 40 1 38 5 35 41 13 26 34 
21 11 25 2 20 31 33 0 20 1 37 16 40 34 20 45 3 41 30 28 24 21 36 12 16 9 39 34 5 42 
26 30 10 47 47 21 23 17 0 46 4 49 22 8 40 44 40 46 7 32 43 3 45 11 35 3 14 35 49 9 
44 32 47 29 29 26 8 7 43 0 37 50 22 36 45 27 30 3 13 46 18 27 13 32 3 13 40 31 19 26 
45 34 36 25 9 3 22 3 44 30 0 15 37 33 4 21 33 21 17 50 35 6 50 1 40 32 32 31 1 44 
17 40 45 39 32 48 4 14 48 27 43 0 5 28 9 34 31 32 44 10 11 21 42 23 32 35 20 45 33 46 
44 27 22 22 9 28 40 20 49 2 6 18 0 19 23 40 8 30 28 42 18 9 50 39 21 40 23 25 17 14 
4 12 3 21 19 5 1 21 34 19 32 44 12 0 34 42 4 44 3 20 33 24 5 43 4 16 37 44 39 1 
32 37 3 24 6 45 41 4 47 50 18 40 37 47 0 10 10 25 48 17 47 18 46 20 6 34 40 50 20 49 
6 32 12 12 20 2 33 29 21 6 40 2 1 47 3 0 2 43 38 9 33 45 42 40 27 42 34 37 17 48 
40 16 45 22 5 42 18 7 29 17 46 27 31 4 42 28 0 46 17 50 17 4 42 3 41 37 5 15 43 36 
20 37 16 16 32 31 40 45 30 47 6 36 46 15 21 14 7 0 14 38 48 49 47 17 37 50 44 49 14 5 
36 50 27 26 22 9 31 31 11 50 24 2 34 17 21 44 32 9 0 27 33 28 31 42 28 45 37 24 20 29 
17 38 33 27 40 44 47 29 10 24 7 40 34 46 15 14 46 16 31 0 47 44 19 36 23 32 27 6 9 50 
31 36 35 12 2 45 12 41 26 44 23 24 15 23 35 20 43 45 35 28 0 14 50 21 44 23 35 49 2 11 
46 14 39 39 29 30 39 22 28 32 1 3 24 21 22 8 24 29 46 1 3 0 39 33 21 31 37 32 15 42 
40 17 47 11 31 31 31 35 35 37 43 46 48 15 13 35 25 41 29 49 36 50 0 7 3 2 8 7 31 18 
8 43 48 25 31 39 15 4 43 43 40 42 24 39 43 3 6 5 24 20 37 7 47 0 3 16 7 41 11 45 
9 23 24 50 17 27 44 46 22 18 27 49 31 33 48 39 8 12 11 15 50 46 4 33 0 12 32 2 47 46 
10 24 49 5 10 34 21 16 43 8 13 49 8 35 37 48 21 7 24 50 14 8 45 31 47 0 46 13 19 42 
38 36 25 48 50 12 44 29 45 21 50 28 24 15 5 48 16 42 12 17 36 41 25 29 48 32 0 2 30 18 
8 15 21 2 25 5 22 39 2 8 23 43 19 27 36 24 23 41 44 41 33 32 4 2 3 7 47 0 11 47 
1 19 11 15 11 37 7 30 26 49 11 33 10 14 34 40 24 17 15 40 5 26 42 9 40 35 27 11 0 20 
50 19 8 12 43 2 40 13 29 9 41 30 45 47 42 33 8 24 18 21 12 29 40 33 22 42 26 27 2 0 
26 0 26 10 46 10 27 31 3 22 18 13 44 28 46 8 24 11 10 29 50 26 32 12 10 41 8 21 29 26 
40 1 0 26 14 11 4 33 31 34 35 20 12 31 37 7 6 27 35 34 32 10 11 32 47 28 27 44 15 1 
6 3 6 0 2 27 32 17 37 31 17 42 26 43 28 25 10 38 45 46 6 5 14 24 38 47 16 29 19 30 
36 35 10 19 0 31 28 33 14 11 4 5 40 19 47 18 42 7 17 34 8 38 40 32 49 9 46 42 29 19 
5 12 3 49 7 0 45 33 33 7 12 50 42 46 27 41 41 17 36 18 6 47 41 50 45 12 42 47 3 11 
10 35 36 5 46 7 0 43 3 42 12 2 36 9 50 5 35 16 43 13 41 9 43 11 25 23 22 14 12 8 
37 15 49 30 22 47 27 0 14 38 50 21 48 38 26 24 16 21 38 41 45 11 47 50 34 12 2 18 25 12 
32 24 43 32 45 5 47 4 0 7 37 4 28 21 28 43 43 44 21 18 38 9 3 34 24 18 48 41 16 15 
18 21 30 3 3 6 26 29 17 0 44 21 27 13 15 2 38 17 40 19 8 42 19 31 1 38 3 30 41 20 
14 48 14 32 39 39 17 24 26 19 0 23 17 15 27 28 47 11 47 38 33 37 1 8 23 8 24 49 40 30 
16 1 26 36 9 4 46 8 45 24 26 0 35 14 42 22 46 41 28 43 4 4 27 6 42 8 34 13 41 42 
24 16 41 28 45 10 18 47 31 6 24 33 0 40 16 24 13 48 23 10 36 27 17 46 7 37 26 39 45 35 
29 26 41 6 16 22 8 36 8 19 32 4 50 0 11 23 20 21 15 12 33 30 11 11 3 5 16 8 21 34 
42 20 22 24 13 3 30 33 28 24 45 16 27 41 0 5 29 33 27 7 24 38 16 11 28 12 5 19 16 38 
1 1 14 38 2 16 49 11 30 38 8 43 37 44 41 0 17 18 3 20 6 25 22 39 1 47 47 26 9 44 
13 8 35 15 46 27 24 31 29 25 25 6 19 3 39 50 0 32 1 23 21 12 45 3 49 10 14 29 12 14 
41 6 41 41 17 18 31 23 28 42 17 18 36 40 28 45 1 0 6 20 50 2 16 46 4 39 33 19 5 37 
6 32 48 13 18 38 20 35 16 3 36 9 27 4 10 7 4 26 0 5 25 4 10 8 10 12 13 26 10 38 
2 35 50 26 37 23 10 19 5 19 3 9 11 35 4 35 42 25 12 0 36 47 36 8 14 31 33 46 25 38 
1 5 12 10 48 15 19 36 33 40 31 1 38 49 7 3 17 44 25 5 0 26 21 38 14 25 41 16 27 36 
46 4 27 35 31 4 14 41 49 14 21 36 49 9 36 32 35 10 38 1 11 0 14 40 22 20 12 31 18 48 
36 8 49 42 1 38 36 4 16 7 45 43 13 18 30 4 19 28 12 2 33 40 0 31 29 27 25 33 15 6 
16 19 23 47 43 14 7 23 45 49 22 50 28 19 3 43 9 49 46 10 19 1 35 0 20 16 16 46 27 20 
15 26 6 22 49 1 38 22 47 20 5 24 31 25 30 40 3 5 21 28 36 18 27 37 0 5 37 15 35 4 
31 28 18 30 3 30 23 17 29 30 18 16 21 13 30 41 37 38 27 5 30 14 12 26 49 0 34 47 50 19 
17 12 37 3 19 16 43 37 45 29 46 7 24 25 26 3 13 16 6 47 46 19 49 38 31 24 0 18 17 43 
32 19 33 24 48 12 18 32 13 3 47 37 5 42 10 31 48 7 39 36 23 36 19 42 3 24 49 0 13 49 
23 46 48 27 45 14 10 13 34 26 13 8 22 1 14 10 10 42 27 40 8 33 17 29 31 21 46 50 0 42 
22 25 13 5 33 40 7 49 11 10 29 50 18 15 32 27 29 1 36 6 32 43 32 22 24 42 41 29 20 0 
47 0 25 18 10 22 13 1 1 4 40 12 7 11 50 32 49 40 40 19 36 3 3 20 11 45 10 29 43 42 
32 41 0 49 29 30 15 36 11 41 47 3 31 26 25 12 25 50 22 43 50 24 34 3 23 44 17 45 5 8 
16 13 34 0 9 10 23 49 13 29 31 36 47 38 50 43 17 5 27 28 8 37 45 38 36 43 18 48 39 27 
35 13 21 31 0 4 25 35 19 23 17 3 14 12 22 41 8 4 37 34 10 7 39 41 17 47 22 21 25 48 
16 42 25 11 36 0 44 19 16 16 35 26 9 48 33 10 26 45 25 24 48 29 40 32 15 29 21 47 23 4 
34 32 5 10 21 8 0 26 28 3 27 28 23 42 39 3 9 1 9 6 31 42 3 48 47 28 20 26 11 11 
33 16 48 47 12 32 3 0 21 50 27 26 35 48 43 49 47 25 37 2 29 6 28 12 41 42 13 32 35 8 
32 2 32 15 18 21 11 31 0 26 31 7 50 38 2 32 31 46 45 11 50 1 3 33 25 33 5 5 4 7 
5 50 1 19 14 18 26 44 21 0 30 22 38 16 50 7 45 29 19 27 30 10 47 18 22 36 7 30 20 7 
33 13 17 7 25 21 31 7 32 25 0 34 7 37 25 15 39 12 36 4 26 30 4 37 29 24 47 9 32 29 
34 7 39 7 38 39 17 6 32 42 29 0 27 39 48 44 43 24 24 22 4 33 24 22 27 44 27 30 26 38 
33 28 13 49 28 49 18 46 1 50 37 48 0 34 31 45 25 50 42 7 43 36 1 24 38 29 46 10 35 13 
13 11 10 42 18 49 14 17 28 12 49 27 48 0 24 25 35 6 50 44 28 2 44 36 23 34 3 33 5 26 
21 32 39 34 34 38 39 28 7 16 33 31 9 22 0 31 8 17 39 27 50 3 23 47 17 8 11 19 26 37 
8 16 16 10 42 8 30 10 44 15 37 36 7 50 35 0 11 47 44 22 5 16 17 15 7 6 23 48 36 23 
26 23 19 13 42 49 1 17 22 17 15 1 48 24 25 40 0 14 46 24 13 6 11 17 47 21 22 42 1 10 
4 19 10 45 38 18 42 19 24 16 1 34 45 25 27 8 5 0 18 43 40 17 43 27 25 23 17 15 6 22 
43 21 8 50 7 19 48 6 7 11 7 33 22 41 31 23 29 12 0 37 40 40 17 4 49 11 44 12 43 35 
22 22 3 36 47 32 45 44 34 38 7 29 2 48 8 37 7 45 3 0 47 2 45 6 29 16 32 26 17 9 
39 14 7 6 21 35 39 4 48 25 9 36 29 46 24 30 11 39 19 46 0 13 5 50 10 47 33 28 17 25 
20 16 6 29 36 45 25 1 24 31 13 19 34 10 20 44 11 23 49 32 49 0 5 44 7 22 47 35 15 47 
10 38 8 23 29 28 10 4 8 44 1 50 30 38 8 6 28 29 45 30 17 36 0 10 29 35 27 15 22 49 
7 40 11 11 4 15 43 6 47 6 32 11 40 4 30 49 33 19 18 37 1 44 18 0 40 35 31 24 29 29 
39 3 14 38 5 1 5 41 39 27 24 15 1 32 24 14 20 27 33 31 31 3 8 48 0 36 49 14 22 21 
26 24 41 15 27 8 4 19 23 36 3 25 8 44 43 45 23 1 13 45 27 16 4 41 48 0 49 37 45 16 
3 7 38 34 21 14 4 33 50 25 24 21 46 47 42 30 6 23 9 15 4 13 49 1 27 44 0 10 20 50 
18 29 22 9 3 20 30 16 42 38 31 40 12 23 27 40 25 32 19 12 11 42 26 28 30 13 40 0 9 38 
7 27 4 34 33 33 46 2 12 44 28 12 15 14 35 28 26 42 41 22 11 3 13 42 8 40 26 3 0 45 
29 40 30 22 28 36 12 28 7 30 41 31 39 13 38 42 50 47 29 41 1 5 22 50 37 27 4 14 12 0 
26 0 44 8 44 8 34 4 48 41 37 29 24 1 19 13 50 42 23 40 25 50 8 44 47 12 45 24 19 31 
36 2 0 32 49 16 31 37 34 38 31 29 35 45 10 10 50 18 50 36 10 50 45 4 15 39 13 18 1 11 
32 14 11 0 36 18 6 36 47 25 35 38 27 17 5 42 11 41 6 49 35 48 45 45 38 10 31 41 48 18 
11 4 14 36 0 23 6 18 19 50 27 5 24 3 43 16 48 34 33 40 13 4 48 8 19 17 14 37 20 23 
26 37 15 39 30 0 15 32 25 41 45 49 25 43 42 29 45 11 45 2 29 41 27 48 2 36 15 13 47 45 
20 10 20 49 47 24 0 40 40 36 24 29 34 24 43 39 42 38 12 7 29 25 6 19 35 41 33 50 40 14 
3 16 3 36 30 21 35 0 30 27 46 18 39 5 25 21 24 45 17 34 9 10 48 3 6 18 20 15 41 35 
8 15 25 1 27 33 8 26 0 49 44 23 5 12 12 16 40 40 21 31 49 11 46 16 17 31 4 6 13 47 
18 10 7 44 46 19 31 44 39 0 29 42 14 48 47 24 11 5 49 36 38 17 28 50 34 43 24 12 50 8 
20 23 28 46 30 31 34 17 11 16 0 44 35 46 2 42 40 36 14 50 43 6 27 5 20 26 30 41 11 24 
2 23 7 32 36 19 6 15 18 19 16 0 40 45 44 33 43 3 21 27 8 44 8 11 13 7 3 44 18 9 
20 50 41 24 44 10 44 37 4 10 34 37 0 26 18 45 34 4 12 33 23 27 24 9 14 3 30 44 12 44 
26 34 25 38 6 49 19 26 16 2 35 39 6 0 49 11 43 22 19 41 16 30 4 41 12 46 32 47 42 27 
22 14 16 32 43 28 27 10 50 20 20 27 8 38 0 10 48 34 21 25 48 22 32 11 4 47 15 22 43 13 
42 25 2 28 50 45 38 20 7 14 21 35 34 22 50 0 22 40 22 16 32 14 12 11 23 44 5 41 4 13 
36 28 7 34 47 8 46 18 50 9 44 23 29 27 8 4 0 14 38 10 12 33 8 44 7 12 50 30 14 30 
34 45 5 35 7 22 36 15 1 38 14 5 4 40 13 23 9 0 35 36 3 19 30 18 31 43 30 29 35 50 
23 47 28 32 39 16 15 40 38 22 6 23 39 13 1 46 7 29 0 18 31 35 3 15 45 11 11 4 28 24 
43 28 43 1 16 29 41 37 23 16 25 49 33 22 13 30 30 31 18 0 17 35 36 1 12 4 16 20 32 34 
21 29 12 38 16 45 45 13 23 24 34 10 10 35 14 44 32 2 32 2 0 16 32 30 37 11 39 8 27 32 
47 50 10 9 4 3 38 13 12 17 27 19 17 8 8 34 8 25 2 38 18 0 23 15 38 31 18 40 49 26 
27 28 38 19 32 26 24 25 2 7 33 27 32 21 35 6 34 49 24 23 3 4 0 15 7 40 15 25 36 22 
29 36 13 39 38 36 40 39 50 36 32 34 10 7 18 20 11 37 3 30 33 47 20 0 16 26 23 24 14 32 
30 18 2 39 3 23 22 20 38 44 36 45 17 34 14 43 40 44 48 47 38 29 28 23 0 6 40 33 17 48 
14 15 12 27 8 21 19 31 45 8 34 47 50 23 43 18 36 16 13 6 23 37 30 27 18 0 45 1 40 29 
34 13 41 6 23 25 30 24 19 10 13 45 13 45 37 14 50 38 6 35 6 20 24 20 11 25 0 28 36 35 
10 13 21 29 2 12 45 44 42 28 49 14 44 18 7 50 11 11 43 44 14 18 7 45 5 24 14 0 40 21 
46 48 48 45 40 9 47 43 17 11 34 42 20 9 10 8 22 13 3 17 21 50 14 35 43 22 43 7 0 27 
24 29 48 5 24 46 30 2 19 5 9 11 8 45 1 10 2 44 9 47 37 34 12 11 23 1 46 35 13 0 
3 0 18 17 41 17 43 33 36 38 47 13 31 7 3 8 45 7 13 5 14 26 41 28 34 10 40 41 17 37 
33 24 0 1 46 39 17 37 43 21 42 3 18 24 15 48 47 17 31 31 4 17 17 38 42 21 37 12 41 33 
31 28 3 0 16 50 6 23 13 35 18 37 22 2 37 22 3 46 3 27 31 38 43 9 11 14 20 16 37 10 
25 3 5 47 0 10 40 14 50 2 25 10 25 35 32 14 44 33 16 31 16 39 25 35 35 10 46 39 19 42 
2 30 40 37 4 0 11 16 32 25 42 47 8 3 45 29 18 6 3 11 45 17 32 5 36 22 21 50 19 20 
37 14 1 46 9 1 0 46 20 39 32 22 49 13 8 24 34 8 36 31 7 18 5 43 29 24 26 21 25 4 
16 33 11 47 12 39 29 0 47 13 45 45 33 48 18 22 39 47 5 25 32 3 14 35 20 13 3 32 22 23 
22 33 30 21 17 23 49 12 0 2 1 19 46 37 45 42 37 24 20 38 21 40 28 22 46 44 1 2 48 42 
35 10 7 8 24 41 13 15 13 0 32 45 24 28 46 5 6 36 16 19 44 33 40 34 45 1 34 45 12 34 
27 16 22 2 20 17 42 13 39 14 0 4 30 23 11 38 44 48 12 33 17 41 9 35 33 4 10 46 26 13 
7 41 47 1 31 37 16 23 22 9 29 0 14 43 48 3 16 15 10 29 46 1 3 23 13 45 44 19 31 39 
48 11 22 16 1 32 24 8 29 43 25 22 0 21 27 3 4 4 48 11 33 18 40 50 17 31 12 5 18 34 
7 38 18 36 35 25 48 7 48 43 16 30 8 0 36 18 5 24 31 27 20 9 41 46 8 49 22 8 12 5 
36 39 27 6 24 23 5 7 37 37 2 5 48 6 0 5 45 3 10 5 32 13 7 32 29 48 26 16 42 11 
37 14 17 37 3 13 4 40 24 35 14 13 49 37 44 0 25 15 12 35 41 13 46 12 4 30 43 29 8 48 
8 48 7 14 47 50 24 36 18 46 44 1 6 30 25 42 0 19 15 20 38 5 34 15 31 1 48 42 2 14 
8 11 35 47 42 17 37 7 50 2 37 21 40 47 17 42 41 0 8 17 37 13 12 28 9 20 44 25 34 27 
14 50 9 23 22 11 36 9 5 15 13 39 35 20 13 33 18 15 0 37 49 39 11 40 26 15 1 47 33 26 
28 48 42 3 30 36 3 29 49 18 37 31 33 36 44 4 49 28 42 0 16 26 2 29 39 36 38 4 10 33 
8 22 15 3 34 27 17 21 36 6 34 10 5 20 48 50 18 7 25 47 0 22 17 24 5 18 50 26 19 4 
18 43 33 44 46 41 47 22 29 50 9 27 33 13 23 8 6 22 33 32 39 0 19 32 29 13 12 42 48 11 
36 34 2 48 18 19 13 2 17 9 29 2 29 40 7 16 20 40 4 1 47 12 0 29 44 38 15 49 12 4 
31 35 50 49 12 43 17 8 30 16 45 11 7 39 14 4 30 11 30 25 14 44 22 0 39 47 14 25 5 9 
10 3 21 2 48 37 24 30 3 17 47 40 9 41 25 10 41 40 24 15 40 9 5 20 0 37 41 37 14 11 
2 48 19 12 50 20 13 25 9 9 3 40 24 27 44 33 36 6 4 48 30 7 24 1 40 0 19 2 49 1 
15 8 50 11 19 2 20 29 28 9 21 12 36 33 32 21 26 17 32 11 37 1 36 34 16 32 0 46 24 18 
23 32 19 15 24 44 2 4 30 5 26 25 4 8 47 33 36 45 25 43 31 15 2 21 38 14 15 0 22 16 
45 38 6 46 12 6 28 3 48 12 39 30 18 46 12 6 37 34 44 40 1 30 38 22 31 38 8 30 0 48 
28 10 30 30 38 36 18 21 30 43 2 19 31 39 33 36 14 14 20 41 16 1 31 21 33 15 15 50 35 0 
15 0 25 49 49 5 20 3 9 50 30 11 44 36 7 42 42 21 21 42 6 36 18 24 38 39 33 27 29 10 
48 24 0 21 19 36 15 18 4 21 26 19 30 28 14 34 9 47 30 44 40 30 12 45 24 44 49 47 1 11 
10 23 44 0 25 50 3 7 40 26 50 42 24 39 1 45 23 26 9 4 41 29 43 3 33 39 30 36 29 48 
25 38 19 18 0 43 11 4 26 6 29 12 28 20 21 31 2 17 42 12 1 1 18 41 44 10 32 17 20 11 
36 20 17 29 43 0 2 13 24 6 46 40 41 47 21 30 42 14 10 23 23 31 23 39 24 28 47 7 47 25 
8 12 45 35 16 21 0 9 45 50 27 20 18 28 11 47 23 11 4 48 11 2 47 22 45 47 30 13 32 44 
1 47 45 16 50 49 35 0 46 6 32 1 21 47 15 34 3 5 3 12 43 2 18 43 10 36 23 11 40 50 
38 36 8 28 2 49 31 25 0 3 29 13 12 28 5 23 47 41 6 33 39 42 42 27 2 39 43 33 4 36 
30 27 38 46 46 18 47 44 44 0 46 16 4 29 3 25 49 31 24 13 21 13 46 18 28 1 8 47 9 6 
39 10 16 27 39 24 2 26 17 32 0 37 26 4 47 10 18 36 14 40 3 3 9 19 21 34 24 34 10 10 
45 39 22 38 38 5 37 50 27 41 29 0 23 24 14 43 27 45 9 49 8 11 16 45 7 7 4 30 41 46 
44 16 40 43 16 23 44 16 39 17 43 24 0 18 9 23 11 31 29 46 27 45 39 15 35 2 49 29 45 15 
32 35 25 46 4 34 26 40 30 9 41 50 11 0 7 43 7 34 43 8 22 46 26 25 35 15 2 5 1 6 
42 17 44 49 1 7 33 19 29 15 25 48 22 2 0 21 5 28 34 32 22 29 18 7 22 23 20 6 10 41 
32 2 29 25 34 38 42 48 1 11 50 11 39 6 29 0 33 25 25 25 5 30 38 19 24 30 28 25 11 23 
27 32 1 23 29 47 13 46 24 38 14 29 8 27 23 33 0 11 40 12 29 39 49 45 32 5 11 45 34 6 
46 7 14 32 26 24 30 50 39 11 10 16 37 2 37 12 26 0 23 11 47 42 19 38 13 33 34 29 37 20 
18 18 3 30 41 28 32 50 48 33 4 43 33 23 30 3 13 2 0 47 8 20 30 38 35 38 15 27 19 1 
50 42 46 43 30 21 43 7 37 47 24 6 12 29 40 8 4 9 46 0 8 11 20 32 32 29 50 39 30 19 
43 26 2 13 50 49 41 9 1 4 3 38 46 26 6 24 3 9 1 49 0 28 34 7 31 12 41 30 11 14 
15 31 32 13 39 45 21 22 44 13 30 50 49 4 6 44 21 15 45 27 9 0 27 41 38 32 41 9 20 21 
2 9 20 31 45 36 23 22 26 8 32 35 2 10 47 21 49 29 31 2 38 42 0 27 35 35 6 39 40 44 
31 48 37 2 2 42 4 11 19 5 18 33 22 45 8 14 42 7 17 45 17 33 13 0 28 19 33 10 33 35 
47 40 48 34 28 46 10 45 34 1 18 43 11 31 25 14 19 16 47 20 22 43 50 22 0 45 27 48 36 9 
34 19 32 22 27 23 15 21 50 45 50 48 19 9 6 49 3 7 3 39 15 50 18 14 14 0 13 4 41 26 
39 2 48 25 37 1 32 36 21 34 9 10 43 20 22 47 22 3 35 44 23 42 20 46 47 44 0 34 2 19 
9 14 19 25 45 11 43 3 23 33 9 24 14 33 24 45 30 22 31 46 17 42 10 20 48 3 47 0 32 3 
28 43 17 31 18 12 20 40 35 49 9 30 45 49 21 27 20 10 10 47 1 18 23 3 7 2 18 4 0 50 
28 42 15 11 50 45 40 42 44 46 21 4 5 45 24 23 17 23 43 40 43 28 44 38 36 2 11 21 14 0 
25 0 16 45 16 41 8 7 44 19 46 4 31 36 26 14 39 44 47 23 49 31 40 30 26 15 7 50 49 27 
26 48 0 35 20 28 20 31 27 38 14 38 17 29 48 28 39 9 8 3 30 49 43 6 38 22 34 35 37 20 
2 35 9 0 9 17 44 48 20 12 8 7 34 13 6 34 36 33 2 43 3 37 7 49 48 20 29 33 43 47 
48 44 35 44 0 7 37 29 29 9 12 5 30 19 48 50 46 46 36 37 22 2 40 32 43 35 33 45 37 11 
40 39 11 5 23 0 14 14 22 40 7 20 5 7 25 41 38 23 18 9 49 2 24 44 47 22 45 9 13 43 
10 24 42 43 18 20 0 24 45 26 46 35 37 24 6 29 18 17 46 15 42 5 12 15 37 38 10 16 45 14 
34 29 5 2 30 31 33 0 29 13 39 6 18 43 48 23 25 13 28 18 15 30 5 50 45 22 38 48 10 6 
5 9 4 29 31 42 18 30 0 35 45 26 47 39 5 7 10 24 13 15 43 12 25 32 48 31 35 30 29 11 
30 42 33 23 24 8 31 2 39 0 13 6 5 46 28 34 42 19 41 1 44 35 48 26 34 17 45 30 27 7 
49 46 13 40 20 6 4 44 24 16 0 47 27 8 36 50 9 39 16 48 49 6 13 45 30 36 26 33 16 49 
7 30 28 4 46 41 17 44 15 27 23 0 30 48 45 26 4 18 28 13 26 25 29 29 33 29 1 37 2 33 
5 44 23 38 46 18 37 19 23 12 45 34 0 16 24 40 25 19 8 18 19 26 19 49 20 41 25 28 1 46 
25 46 5 15 11 11 33 50 43 3 28 40 35 0 45 16 18 43 10 5 40 8 10 43 19 34 7 36 45 4 
48 22 40 36 24 48 17 41 19 5 13 7 25 27 0 6 41 30 42 24 34 2 48 15 24 12 38 16 3 37 
32 4 25 39 47 45 32 38 4 12 47 49 28 24 5 0 42 33 34 34 38 28 4 16 13 12 2 50 7 16 
24 37 33 14 5 38 1 39 19 29 32 24 3 26 31 27 0 35 24 25 11 32 29 5 33 16 9 29 38 13 
27 45 45 26 22 31 25 15 36 24 37 4 4 15 5 2 15 0 26 29 36 36 28 28 26 47 34 45 33 50 
49 46 10 14 26 42 34 37 49 31 46 6 13 49 1 38 7 29 0 15 50 32 2 34 50 3 27 49 18 20 
29 39 36 43 15 37 28 28 41 28 23 21 15 16 45 34 31 24 29 0 28 38 40 6 31 33 19 48 13 10 
11 49 44 17 18 20 43 10 14 48 13 23 11 16 1 43 29 17 36 39 0 17 23 4 21 41 32 39 33 6 
10 46 40 15 18 30 29 30 5 47 46 2 24 18 27 17 5 27 24 5 38 0 5 2 12 25 43 39 46 24 
27 36 31 11 4 4 2 23 9 44 37 23 13 25 21 40 37 43 6 28 4 37 0 5 15 29 18 6 45 29 
41 26 41 34 7 29 11 15 42 21 14 25 45 46 34 38 33 26 31 32 22 38 50 0 34 19 20 41 32 16 
32 36 49 8 44 18 18 46 39 7 46 10 25 46 23 42 3 10 41 22 28 46 43 26 0 13 8 3 26 8 
16 37 39 30 49 10 36 16 18 1 28 16 43 44 19 35 23 47 43 28 43 16 11 1 10 0 39 37 43 23 
45 37 16 43 39 24 21 8 30 26 36 37 27 36 9 13 6 36 2 25 42 40 11 11 49 16 0 50 26 39 
21 11 24 43 43 23 15 13 24 5 21 49 27 43 21 8 41 17 31 3 38 5 4 35 19 32 5 0 26 5 
44 23 24 45 20 10 16 12 44 34 13 44 50 32 31 32 26 15 47 41 4 8 49 20 24 1 17 8 0 40 
25 12 18 39 9 30 32 47 5 8 34 6 46 48 34 18 10 39 23 23 3 44 17 8 36 2 37 25 5 0 
21 0 19 44 9 23 20 22 46 5 42 3 50 35 21 8 14 36 8 11 16 3 15 13 45 35 37 32 45 10 
4 7 0 44 8 43 34 39 41 47 24 28 12 23 5 47 20 23 19 23 10 45 1 45 26 9 2 7 7 50 
24 36 39 0 28 36 2 35 9 43 42 37 19 23 39 34 33 5 31 10 16 25 13 19 9 35 16 4 13 18 
49 42 28 32 0 42 24 39 40 35 37 4 12 12 31 27 36 42 22 12 11 44 5 22 47 42 26 12 18 30 
43 21 49 23 41 0 45 1 10 38 32 16 46 44 20 44 6 4 13 33 42 24 44 44 42 3 25 45 20 31 
41 17 12 21 10 43 0 17 6 40 21 36 26 26 5 41 47 16 50 35 29 41 38 13 30 27 7 50 27 7 
21 17 1 32 29 47 15 0 4 25 35 28 27 1 14 43 47 16 48 40 3 45 37 26 10 42 41 3 5 33 
45 4 43 40 49 20 5 36 0 45 48 8 26 44 41 16 8 2 41 24 20 34 11 9 10 24 13 34 42 41 
41 39 45 11 22 30 32 35 37 0 2 45 39 11 21 1 32 28 2 47 11 3 40 50 29 35 50 35 45 33 
16 37 37 13 45 5 9 14 15 22 0 11 34 23 15 39 30 32 23 40 9 29 47 11 38 32 39 1 39 16 
27 23 46 38 2 22 16 9 26 16 17 0 42 19 13 30 36 27 30 25 12 49 3 27 45 36 5 20 26 49 
32 7 4 21 48 38 50 15 47 21 44 23 0 22 7 8 24 18 11 34 32 2 5 9 27 28 17 24 46 2 
2 48 2 41 10 44 10 13 21 21 25 31 21 0 30 9 31 39 28 47 19 21 18 45 36 44 48 28 48 28 
43 31 15 4 14 45 24 42 33 12 13 49 11 47 0 40 9 2 31 25 1 46 40 39 28 27 31 35 3 16 
47 12 17 12 36 28 40 11 27 8 36 36 39 6 17 0 35 21 10 21 5 28 43 18 3 48 32 4 43 37 
27 33 11 21 27 37 50 47 37 26 20 1 48 25 23 40 0 15 7 34 23 43 7 21 14 49 39 4 45 14 
15 4 25 48 24 50 25 25 15 13 20 17 39 34 35 2 5 0 30 19 45 13 33 26 20 20 45 21 12 48 
23 38 33 6 33 23 22 45 3 25 26 48 16 1 44 15 6 5 0 23 37 12 44 10 36 50 2 32 29 5 
28 30 30 14 28 42 26 38 12 7 12 13 7 2 6 44 47 48 33 0 32 6 14 40 48 26 36 30 29 47 
6 32 41 43 41 25 45 46 35 38 9 19 27 45 49 12 24 5 42 5 0 43 3 4 50 48 49 15 41 33 
38 42 13 48 41 7 26 21 21 17 28 11 48 13 10 25 13 29 20 41 36 0 3 32 38 24 5 3 28 42 
46 42 11 4 14 48 47 46 22 37 39 24 42 4 39 15 44 46 41 44 25 36 0 20 45 50 47 36 11 25 
24 37 4 48 29 26 25 17 8 34 16 14 29 42 43 31 18 44 50 43 24 31 10 0 12 34 18 10 23 16 
5 17 13 36 22 48 1 35 27 14 29 14 49 37 12 26 31 47 44 28 15 33 3 36 0 18 2 44 28 42 
14 12 16 3 1 3 17 4 28 8 44 43 46 42 31 22 30 26 45 48 37 4 21 16 46 0 2 22 15 27 
19 20 5 24 43 13 3 14 12 48 34 45 23 4 40 1 36 19 42 23 15 39 27 50 30 6 0 11 41 50 
8 49 31 3 27 9 38 39 19 3 29 29 9 19 28 11 4 15 50 31 16 10 34 31 42 12 31 0 44 6 
44 38 2 12 14 4 50 3 42 46 45 3 12 17 16 13 45 7 20 50 39 27 41 11 11 34 48 16 0 1 
11 16 29 45 34 25 16 27 17 45 15 29 9 12 19 6 29 4 44 18 19 48 5 11 44 18 18 47 42 0 
1 0 31 7 34 3 32 31 17 8 29 42 1 36 28 13 5 22 31 15 23 6 33 30 4 48 32 14 11 18 
1 17 0 8 19 36 16 15 9 45 6 31 39 40 21 26 3 18 34 20 43 7 23 37 3 25 37 19 1 3 
37 21 19 0 21 49 8 13 34 32 50 12 49 47 27 25 35 34 17 13 5 2 30 48 44 18 12 28 30 5 
44 50 48 14 0 6 9 36 13 19 41 13 14 19 36 34 9 44 10 47 13 18 42 20 7 46 2 7 24 26 
3 38 30 33 30 0 39 1 15 35 41 19 40 23 16 26 50 42 34 44 14 35 24 2 32 17 37 3 30 41 
19 5 3 12 38 16 0 4 34 31 40 48 34 44 10 20 29 24 46 26 45 8 5 19 13 10 41 29 36 48 
17 43 37 21 25 17 37 0 16 28 36 1 23 16 12 45 47 31 42 15 32 4 44 42 27 36 34 15 37 41 
3 47 37 18 36 15 47 12 0 13 20 44 34 13 47 10 26 22 42 44 25 16 30 49 15 4 45 23 2 10 
36 42 3 50 26 25 39 14 5 0 31 47 48 36 18 23 22 49 42 48 33 1 14 42 22 12 25 24 49 23 
14 42 42 46 2 27 29 42 34 37 0 22 21 13 17 12 47 27 31 12 27 44 6 4 26 20 9 23 50 32 
39 2 2 41 41 42 40 6 3 35 41 0 45 31 15 5 26 12 39 47 30 25 36 45 13 23 30 9 38 16 
27 43 5 29 10 46 36 21 31 22 26 23 0 41 25 46 21 32 13 41 49 1 8 21 27 20 7 4 7 40 
18 12 34 2 40 26 42 37 17 21 20 19 6 0 31 18 21 8 34 11 49 42 41 17 18 40 16 19 23 29 
9 4 43 29 32 13 10 43 22 2 49 5 35 16 0 43 21 30 46 27 3 6 13 23 43 9 49 27 46 16 
13 25 8 20 8 8 17 28 41 24 19 8 28 37 33 0 13 45 7 26 24 47 10 21 42 20 23 46 32 50 
21 34 37 15 28 10 27 42 36 28 8 27 44 40 22 9 0 45 28 27 41 31 15 42 2 22 19 3 5 16 
50 35 13 36 28 20 41 32 44 1 28 6 22 9 29 19 48 0 4 20 49 33 25 46 20 42 20 7 42 35 
43 9 7 23 26 37 43 46 41 16 20 31 27 2 27 50 35 10 0 6 13 34 24 16 33 6 33 25 40 43 
45 9 14 49 48 2 43 21 33 46 23 37 23 8 39 1 19 7 24 0 19 21 7 10 2 29 2 19 44 24 
18 43 12 3 3 47 7 7 32 30 1 35 29 2 14 33 27 11 17 27 0 33 37 27 1 22 23 38 49 13 
21 46 33 49 47 15 3 12 34 21 11 32 44 37 27 24 34 42 5 47 19 0 2 42 2 17 42 32 17 12 
32 30 9 8 44 12 35 18 37 32 38 12 22 44 40 7 46 39 1 1 27 38 0 31 34 3 44 19 5 31 
32 6 34 37 50 2 42 3 24 1 25 43 6 48 10 18 35 48 9 2 46 22 3 0 31 17 35 45 49 26 
6 1 43 31 37 5 27 4 26 22 42 49 5 22 39 27 9 22 41 22 16 18 46 10 0 3 36 11 3 4 
20 16 8 43 27 19 50 32 13 20 43 34 14 10 27 18 3 42 50 15 5 8 14 5 28 0 10 38 5 34 
28 2 44 25 1 6 7 35 7 28 4 39 45 47 3 48 38 3 9 20 43 50 45 12 39 50 0 13 3 3 
15 17 32 46 49 35 18 50 10 14 5 20 34 47 14 46 26 10 12 12 8 40 8 29 35 42 28 0 7 32 
37 1 44 5 32 42 11 22 44 46 12 35 48 29 39 5 50 10 3 31 16 13 40 1 41 46 25 10 0 3 
11 8 7 12 18 24 13 12 16 2 6 3 25 33 14 1 28 10 12 19 25 36 33 26 27 17 24 12 43 0 
14 0 37 17 2 20 34 39 6 24 31 6 27 43 34 8 48 29 42 31 26 1 14 37 14 41 29 25 26 32 
35 2 0 50 2 19 3 16 39 1 6 49 26 45 5 29 7 43 32 2 25 28 49 25 44 36 43 50 50 4 
12 41 9 0 14 24 39 30 6 25 25 32 43 10 28 37 32 1 6 10 8 8 48 47 24 1 5 37 27 6 
16 26 3 16 0 36 40 15 40 13 22 16 50 1 18 8 20 33 18 21 39 13 36 37 40 43 46 15 45 36 
13 20 2 3 50 0 10 49 29 27 24 39 23 42 39 35 44 9 7 30 39 4 19 37 17 39 44 31 39 13 
24 40 25 20 5 50 0 2 15 47 2 9 10 42 6 44 33 16 21 47 3 47 35 40 35 6 32 44 34 36 
15 6 29 10 16 4 35 0 14 3 37 39 33 30 13 6 22 30 13 14 43 34 23 23 34 37 17 39 50 41 
14 24 6 19 30 32 46 31 0 50 26 2 10 19 14 35 9 20 18 23 35 13 27 19 31 41 2 43 34 45 
23 50 15 35 23 40 14 33 15 0 50 31 11 41 30 38 12 34 16 10 39 26 17 50 17 16 29 38 5 26 
29 28 40 13 37 27 27 37 25 47 0 25 21 26 6 18 42 25 22 47 32 19 8 37 33 45 19 7 50 49 
20 45 2 9 8 37 22 41 48 5 3 0 11 26 9 20 36 19 50 11 33 26 41 7 41 23 7 21 42 7 
18 18 21 27 39 5 2 23 13 18 20 46 0 1 27 18 44 22 44 49 17 48 27 19 46 18 23 29 39 11 
36 2 16 31 35 30 38 33 34 38 4 18 13 0 6 33 41 37 25 15 40 48 2 13 23 25 10 42 49 25 
10 16 27 14 12 27 17 5 16 17 47 30 11 38 0 7 45 50 35 21 37 6 31 49 15 50 14 34 39 44 
6 26 38 39 9 25 22 28 5 2 29 16 37 22 9 0 18 10 37 15 7 28 26 25 22 13 20 29 18 13 
14 49 43 28 12 11 42 9 42 3 14 35 18 45 34 42 0 22 19 9 41 47 41 27 20 33 17 30 1 17 
27 39 46 5 16 41 3 37 39 26 12 17 10 18 34 1 23 0 11 31 42 31 42 1 21 28 16 24 22 24 
46 46 31 42 43 16 14 18 31 2 4 31 6 34 44 48 24 38 0 23 44 19 11 6 49 9 37 36 39 26 
28 50 18 32 14 43 31 31 26 18 3 20 33 42 9 28 12 25 9 0 7 23 4 29 2 29 5 36 40 33 
33 6 31 26 43 3 3 37 49 43 41 14 17 49 20 20 24 36 19 48 0 22 48 12 27 32 3 24 21 17 
4 10 8 41 49 43 12 23 45 41 40 7 41 13 33 18 43 7 6 9 32 0 5 19 17 42 11 36 44 4 
44 40 30 32 21 46 34 33 23 18 6 9 47 29 46 30 42 31 35 30 9 40 0 47 19 12 35 49 41 41 
50 38 8 18 20 2 1 10 25 21 18 50 36 21 39 1 1 36 27 23 38 1 31 0 1 15 45 5 44 12 
20 36 47 43 42 24 31 48 41 28 27 45 20 18 11 18 31 24 19 9 18 12 50 23 0 19 4 50 8 8 
4 26 48 8 49 5 35 21 7 44 47 9 3 10 8 50 29 18 34 20 33 35 21 36 36 0 44 9 37 24 
25 38 25 23 40 38 3 30 37 21 13 26 47 24 31 22 50 16 3 42 24 41 36 17 39 26 0 19 5 12 
23 6 47 49 48 33 6 23 36 14 22 6 20 42 47 21 45 36 11 41 14 36 28 7 45 1 34 0 3 9 
35 15 20 48 18 15 16 17 28 50 41 25 50 14 2 31 36 4 50 40 46 44 40 9 15 49 38 28 0 41 
4 47 50 4 15 2 49 3 9 3 27 32 5 17 36 20 16 15 22 26 26 10 48 35 14 13 41 25 11 0 
