33
2
4 0 46 
11 13 0 
50 0 19 
4 36 0 
13 0 7 
38 10 0 
6 0 13 
2 6 0 
26 0 33 
8 25 0 
7 0 47 
34 1 0 
37 0 14 
27 36 0 
19 0 15 
38 12 0 
50 0 9 
18 49 0 
1 0 5 
36 43 0 
42 0 10 
8 11 0 
8 0 35 
17 10 0 
33 0 19 
15 11 0 
35 0 11 
9 7 0 
12 0 10 
27 37 0 
43 0 18 
18 48 0 
20 0 26 
10 47 0 
46 0 4 
6 22 0 
48 0 15 
34 48 0 
40 0 24 
43 2 0 
48 0 17 
3 50 0 
50 0 27 
28 39 0 
1 0 11 
37 41 0 
29 0 50 
1 24 0 
42 0 10 
41 33 0 
25 0 20 
15 30 0 
14 0 44 
14 20 0 
28 0 12 
18 39 0 
18 0 25 
39 26 0 
16 0 18 
49 43 0 
49 0 21 
47 35 0 
17 0 15 
44 48 0 
15 0 10 
6 30 0 
