33
28
33 0 27 19 40 37 5 36 38 24 36 45 24 50 39 12 18 23 39 43 28 29 16 4 5 14 50 45 41 
28 12 0 18 4 23 42 22 5 28 41 9 32 40 21 2 8 44 30 9 31 10 41 16 47 29 26 19 17 
24 15 27 0 37 11 45 11 12 19 41 2 8 18 8 41 32 31 12 39 9 15 46 12 35 42 14 31 37 
46 21 26 47 0 23 5 32 13 14 22 21 45 10 40 39 3 28 1 13 3 1 34 17 18 37 11 3 28 
4 42 46 47 15 0 24 17 49 16 6 36 14 26 28 18 10 42 44 49 25 8 9 8 42 2 28 37 12 
5 8 10 13 2 4 0 10 23 27 24 31 37 24 41 37 23 16 49 27 23 16 8 26 43 12 29 21 45 
35 5 46 37 38 5 45 0 8 46 23 13 23 18 46 34 18 14 13 1 18 23 36 26 3 2 15 47 48 
33 17 2 23 34 16 38 22 0 29 45 50 20 46 29 27 43 37 5 5 21 24 8 30 49 28 4 22 50 
29 43 36 23 8 48 26 29 22 0 40 40 3 8 12 40 20 14 31 22 44 9 34 16 47 10 27 24 25 
38 3 45 30 44 39 44 36 9 27 0 12 49 4 49 21 48 15 3 13 13 19 10 36 48 32 29 41 45 
28 39 14 32 24 1 42 20 45 10 9 0 20 18 4 11 38 20 24 40 11 13 19 32 8 15 11 6 28 
18 48 49 16 48 49 9 21 14 30 25 3 0 8 2 3 6 45 43 45 15 50 49 28 9 39 31 33 9 
7 7 18 14 45 14 3 47 12 43 23 19 46 0 41 24 40 49 38 4 11 16 27 14 22 17 42 29 19 
20 40 27 17 17 50 14 8 13 12 8 44 50 7 0 44 2 20 26 20 10 25 39 11 2 28 22 44 30 
43 46 47 4 35 34 27 22 17 6 3 46 27 17 28 0 38 30 10 12 10 33 12 2 41 22 20 45 32 
30 26 40 45 7 35 15 17 15 4 10 17 30 23 35 15 0 24 24 33 8 12 23 23 18 11 34 48 32 
45 7 32 15 39 46 42 42 17 9 40 43 3 11 23 26 1 0 46 31 11 27 38 18 49 37 38 20 7 
3 22 35 23 37 34 23 8 23 45 28 34 31 44 48 16 35 41 0 6 1 1 47 18 15 4 37 5 7 
40 34 29 2 26 36 39 46 24 17 6 20 39 15 4 6 18 48 30 0 34 40 3 14 46 32 20 7 7 
4 21 20 50 29 16 19 39 17 26 8 46 6 3 42 19 36 36 12 36 0 44 13 47 7 8 21 17 37 
21 33 20 7 29 33 42 4 47 6 41 24 46 16 40 42 40 35 29 38 11 0 45 11 46 9 21 13 42 
24 14 43 9 49 32 18 34 7 2 17 24 12 39 22 31 46 39 40 29 23 5 0 17 24 43 30 27 26 
23 24 49 9 20 1 31 34 13 33 25 15 48 7 36 38 18 5 27 23 24 30 1 0 21 31 35 20 19 
47 20 16 20 6 43 12 33 4 9 4 11 9 39 18 14 14 26 32 17 20 30 6 38 0 4 5 3 43 
24 28 28 35 32 12 38 44 17 6 9 5 45 4 35 9 1 16 14 35 12 38 7 5 4 0 3 50 18 
14 28 16 1 41 19 10 26 32 20 30 47 2 25 47 8 18 27 22 16 45 48 37 39 41 18 0 31 37 
22 23 31 29 13 20 30 40 41 8 15 27 45 9 28 32 36 18 34 38 41 49 38 27 32 34 23 0 17 
41 28 11 23 38 23 5 10 39 2 35 32 46 8 18 10 13 45 22 36 20 6 3 24 34 44 46 23 0 
35 0 4 47 30 48 13 49 13 48 42 39 22 5 18 43 35 34 3 43 34 32 29 15 37 12 37 47 36 
25 37 0 40 45 28 33 25 35 5 6 34 33 9 5 12 22 7 50 32 2 13 18 41 32 2 13 42 6 
40 10 18 0 11 17 13 38 12 2 44 45 23 43 9 31 28 19 11 25 27 18 44 31 12 5 45 23 8 
47 8 44 15 0 41 20 46 45 38 23 17 46 18 1 20 13 6 10 10 5 38 13 13 41 38 15 39 47 
30 6 7 22 40 0 31 15 45 1 30 32 24 13 36 40 46 45 29 10 17 24 18 7 46 36 19 20 34 
46 3 28 27 31 50 0 16 33 17 45 7 37 36 26 13 27 28 36 42 3 23 17 47 10 6 22 23 13 
49 11 36 22 11 32 49 0 48 3 6 43 14 21 8 30 50 23 23 32 49 5 31 18 1 27 18 11 29 
6 18 21 10 27 3 34 7 0 9 35 26 5 27 16 24 23 43 29 33 16 38 48 37 33 41 24 8 19 
43 36 45 44 21 21 42 35 35 0 34 38 18 24 23 41 38 47 27 23 40 7 46 8 49 36 46 41 9 
32 38 19 3 46 16 14 24 40 33 0 35 6 24 40 39 10 42 15 42 15 7 50 36 15 2 19 13 48 
28 47 9 25 31 33 4 47 16 35 23 0 9 10 18 48 15 43 17 16 17 8 49 8 21 4 26 2 33 
2 5 2 27 3 17 46 44 24 10 26 42 0 37 42 45 7 43 34 6 40 2 21 22 35 3 46 41 30 
39 38 21 5 31 21 45 11 33 46 6 43 22 0 5 42 33 42 25 31 16 5 1 29 21 21 13 32 31 
33 17 25 8 27 17 6 37 39 21 11 16 47 34 0 25 48 29 13 18 48 30 39 43 29 16 25 26 38 
10 1 35 19 40 14 28 16 22 48 17 6 49 5 45 0 22 15 15 20 21 27 32 42 8 45 34 2 45 
25 46 43 2 42 18 28 39 37 42 26 33 6 9 27 31 0 47 13 49 25 45 22 15 1 6 5 12 28 
9 28 25 7 13 34 42 26 6 15 15 32 28 7 35 23 40 0 37 16 19 6 12 11 32 36 27 50 3 
32 42 47 37 7 50 30 9 18 20 21 23 17 1 25 32 49 18 0 48 39 37 42 12 19 40 43 23 48 
17 43 21 37 34 40 44 15 19 28 25 29 27 26 6 20 17 43 3 0 5 37 29 34 19 30 12 16 41 
30 28 48 14 27 32 43 25 50 34 40 27 7 11 14 21 43 19 12 11 0 36 43 3 47 41 19 12 38 
9 3 8 22 24 4 35 42 30 11 3 46 34 31 21 33 3 26 48 26 16 0 14 26 11 1 5 5 38 
25 2 24 9 21 5 17 47 27 18 3 4 27 23 42 33 17 16 28 5 22 20 0 44 15 21 36 23 46 
28 47 22 20 49 47 17 29 38 44 26 30 15 24 7 35 23 45 50 44 23 44 45 0 35 28 1 16 6 
8 9 39 35 32 22 20 30 47 34 5 30 7 13 45 23 41 48 40 49 14 9 43 26 0 37 30 23 35 
3 37 43 49 31 12 21 29 6 42 48 44 5 27 39 40 40 20 38 10 49 22 45 30 11 0 18 42 49 
17 13 48 3 49 36 28 11 42 7 49 45 43 17 18 49 50 47 44 37 21 4 36 18 42 14 0 36 31 
43 13 38 14 20 22 13 44 45 45 46 19 50 29 48 34 21 43 17 33 5 46 30 15 24 6 29 0 13 
27 30 11 35 50 47 18 29 19 36 26 21 4 24 5 6 1 25 38 43 6 3 48 50 47 4 27 48 0 
33 0 24 40 15 44 50 17 15 34 11 20 3 11 20 16 35 17 46 29 31 41 25 14 50 18 36 8 25 
33 12 0 38 47 21 21 47 45 47 12 28 4 7 40 22 40 6 35 33 37 37 13 33 2 25 47 7 9 
10 41 47 0 8 43 43 33 23 24 23 33 40 23 21 39 6 19 26 24 1 4 24 44 34 4 22 38 20 
29 37 23 25 0 15 39 36 6 15 21 12 15 7 49 17 33 3 43 14 17 24 27 33 50 23 6 5 37 
47 14 4 21 6 0 14 45 38 1 9 26 35 36 33 41 49 14 10 45 5 8 11 31 12 8 22 46 2 
4 23 2 9 34 49 0 10 2 17 41 9 44 5 30 33 45 17 30 31 42 36 35 36 14 12 1 29 37 
33 42 14 35 18 43 34 0 28 8 18 2 37 24 39 32 23 1 1 50 29 29 36 46 29 41 5 16 20 
38 38 48 33 21 24 20 26 0 28 25 27 13 46 5 38 50 28 45 18 47 4 13 14 11 2 1 9 47 
47 35 44 13 27 15 41 20 20 0 19 17 1 20 7 46 26 25 37 33 24 49 46 1 47 38 19 16 25 
24 37 32 21 16 23 29 43 31 14 0 37 32 15 18 30 10 29 18 28 48 18 38 37 15 18 35 49 2 
35 48 26 8 49 16 46 34 38 46 36 0 48 28 3 46 11 1 1 10 31 16 42 19 20 42 19 8 37 
1 18 3 31 25 28 9 34 39 29 34 49 0 22 47 22 33 33 31 20 15 43 26 14 18 26 18 36 43 
30 6 16 31 9 10 34 21 44 5 23 1 45 0 12 23 22 18 11 10 20 20 36 38 12 49 44 44 25 
4 35 6 7 43 16 4 33 13 4 41 13 14 2 0 39 28 8 20 20 31 4 42 1 16 9 16 23 44 
19 5 32 15 16 9 17 9 50 16 8 29 9 41 10 0 14 20 48 7 18 48 11 5 29 24 14 22 13 
35 40 49 27 44 10 14 9 22 27 47 5 36 30 28 42 0 13 42 23 13 33 37 46 12 9 6 47 9 
1 4 42 3 38 5 25 10 18 31 36 49 27 1 43 44 1 0 3 33 18 33 13 17 32 41 9 30 49 
45 38 18 39 14 6 9 19 35 44 17 31 6 18 25 32 7 24 0 36 32 44 3 11 7 23 30 26 38 
37 10 13 29 25 26 16 30 13 48 36 22 43 25 9 8 36 2 12 0 16 39 35 26 17 23 49 5 42 
27 12 16 35 30 21 32 26 32 38 7 31 2 45 19 10 39 15 40 20 0 44 4 22 21 18 11 50 3 
34 46 7 27 21 24 3 2 32 1 42 22 44 33 26 48 46 32 14 44 16 0 17 28 9 9 36 48 24 
41 45 17 20 22 30 42 37 32 30 10 29 42 18 28 39 23 18 26 11 29 24 0 26 37 48 6 37 18 
18 48 18 35 27 30 12 38 35 22 50 15 42 40 16 16 22 35 3 49 40 40 36 0 42 10 37 46 17 
19 31 22 17 43 25 19 35 13 25 3 13 6 41 4 1 18 12 20 39 8 11 15 13 0 4 38 29 28 
13 27 26 40 35 45 19 4 1 34 22 17 21 32 4 48 33 40 43 50 36 35 24 48 18 0 7 9 9 
17 10 14 6 47 41 23 36 50 14 29 12 22 1 1 35 41 3 19 26 8 18 30 14 45 29 0 42 28 
4 28 22 28 36 10 38 41 21 17 21 30 10 18 48 20 12 32 28 36 34 39 8 15 38 34 1 0 49 
30 50 11 18 49 45 33 23 42 1 26 13 14 11 15 25 32 39 17 41 20 10 2 14 2 7 44 15 0 
20 0 7 40 3 9 39 11 21 6 4 32 15 36 26 29 12 7 16 23 24 25 33 33 50 17 11 30 20 
48 48 0 16 43 1 18 3 35 11 23 4 25 50 44 19 29 8 2 5 44 32 41 7 37 34 21 41 37 
25 41 37 0 49 9 42 23 9 38 39 14 18 24 45 2 35 12 48 24 31 15 5 43 15 7 36 39 8 
41 29 9 31 0 28 16 11 20 37 6 16 9 22 11 41 19 38 38 21 37 40 23 25 37 47 10 23 20 
49 22 43 24 3 0 16 18 9 31 34 41 9 35 32 49 7 33 16 10 4 14 24 27 19 16 2 18 19 
4 23 34 18 43 41 0 22 15 14 43 6 7 43 32 39 5 48 12 3 8 25 19 5 32 1 19 7 26 
45 24 8 1 48 50 5 0 9 50 23 16 44 10 34 44 40 10 3 12 32 35 23 22 4 49 11 45 36 
19 3 18 24 35 47 21 40 0 35 6 9 43 27 31 5 25 47 10 49 41 25 15 22 48 8 25 41 23 
2 5 2 38 6 20 40 48 5 0 42 10 14 14 4 5 5 45 20 6 5 18 47 8 40 12 4 11 4 
31 21 17 10 7 49 39 31 4 22 0 37 8 41 8 21 5 50 35 27 22 11 18 4 39 20 36 5 5 
48 13 26 2 9 37 17 35 26 50 8 0 16 16 25 1 23 33 48 14 11 27 3 40 28 27 40 44 14 
17 29 41 21 44 34 34 41 47 36 49 5 0 41 37 30 1 28 12 7 36 17 32 7 22 23 44 29 45 
23 48 25 20 43 4 18 47 9 38 22 32 41 0 10 26 47 49 10 21 41 24 40 1 16 33 8 47 36 
23 20 49 1 5 40 19 49 11 30 12 37 19 33 0 42 41 40 25 46 7 6 10 23 13 23 39 21 33 
48 10 37 36 8 32 24 40 40 22 27 2 42 28 37 0 20 48 34 22 41 49 11 26 9 13 41 31 14 
47 36 28 17 19 37 1 2 43 27 30 37 10 2 2 19 0 49 44 16 28 23 4 15 40 18 31 34 38 
34 29 23 18 2 11 44 4 44 11 34 6 27 36 27 22 5 0 35 32 48 9 8 11 19 25 3 41 44 
21 39 50 38 3 13 18 15 4 13 36 50 8 48 25 38 10 11 0 1 38 27 44 35 33 50 37 29 26 
18 4 43 49 20 1 33 6 12 47 3 15 18 12 18 42 49 33 40 0 12 33 23 10 15 2 4 17 28 
4 17 39 16 34 43 47 50 21 38 30 8 15 20 27 14 8 37 20 15 0 26 43 35 18 48 18 43 46 
45 28 47 16 34 6 2 45 8 38 31 26 16 19 22 12 3 33 47 14 46 0 46 8 16 34 3 2 11 
33 21 19 17 50 2 5 43 42 15 24 9 18 32 6 21 7 45 50 8 22 23 0 16 16 21 30 50 50 
21 32 32 32 4 42 13 38 19 15 27 14 14 30 21 39 9 39 46 15 40 38 9 0 40 3 45 40 10 
6 4 46 20 2 6 23 11 33 42 6 27 19 19 2 43 19 36 44 43 3 27 7 33 0 34 36 11 34 
23 43 29 9 2 4 32 16 19 7 13 9 7 10 6 18 33 20 46 21 36 17 22 18 2 0 48 7 29 
48 13 36 17 45 39 39 41 13 47 25 16 37 37 24 12 23 36 36 44 22 40 50 15 40 40 0 48 6 
22 12 8 5 48 4 19 6 21 46 14 18 22 16 5 37 45 31 34 50 44 10 45 17 12 14 8 0 8 
14 22 27 6 42 33 19 2 40 20 18 34 18 18 42 28 22 18 22 6 36 14 20 10 6 48 12 12 0 
17 0 41 43 35 46 11 43 49 20 9 27 39 47 3 48 25 13 1 32 27 18 18 45 45 42 3 23 50 
3 18 0 50 44 22 8 35 49 27 34 39 8 25 43 8 14 41 33 9 33 16 45 48 6 17 36 45 50 
47 49 43 0 44 39 44 47 2 9 33 18 40 18 50 48 29 12 25 2 25 10 32 4 10 44 41 35 9 
21 45 28 36 0 13 36 3 29 42 46 20 32 47 7 6 9 15 19 15 17 47 19 44 42 34 20 40 15 
46 33 50 48 9 0 38 32 14 6 32 28 33 48 20 37 17 6 21 29 4 26 46 45 26 26 19 12 2 
1 36 3 44 47 38 0 34 10 46 22 23 9 25 42 3 34 42 33 19 27 32 28 37 13 42 37 40 50 
38 24 23 41 26 31 13 0 20 30 34 37 11 37 28 21 34 49 20 30 34 43 12 34 44 50 36 20 24 
49 40 3 10 49 34 22 22 0 50 32 33 44 30 34 5 9 46 9 41 5 7 4 15 22 7 6 8 27 
41 29 42 41 11 40 21 40 31 0 27 12 3 7 49 35 17 37 36 5 10 8 26 48 41 45 16 17 46 
26 32 4 43 27 46 32 22 41 43 0 34 40 13 15 28 20 47 39 48 9 20 48 35 22 1 48 19 15 
31 1 47 46 23 25 15 50 24 20 26 0 11 17 13 27 45 2 15 47 43 49 29 44 6 18 9 27 28 
47 32 43 30 27 18 41 40 46 39 17 39 0 1 28 47 28 14 38 42 7 22 41 20 37 2 26 16 2 
8 41 28 15 49 38 4 42 27 47 34 50 23 0 38 49 14 48 9 43 22 33 16 43 31 17 21 6 6 
12 7 28 1 2 39 32 6 12 3 40 14 24 5 0 1 17 4 42 34 35 42 7 39 43 34 45 20 42 
48 47 48 28 32 49 31 21 19 34 49 34 6 44 3 0 46 19 29 49 28 15 27 28 25 37 22 15 6 
18 35 18 8 20 40 9 15 5 12 33 26 25 30 48 21 0 44 1 29 49 4 43 25 5 46 43 28 22 
19 23 42 10 34 25 4 35 16 41 15 16 36 38 41 7 47 0 24 4 35 29 8 31 37 44 16 3 25 
11 13 12 28 13 37 46 32 21 23 42 50 27 14 5 3 36 13 0 14 16 3 18 8 23 39 43 43 12 
42 6 17 19 23 29 24 4 30 38 3 49 43 9 37 25 33 4 8 0 15 4 29 1 31 3 37 23 43 
5 39 39 21 44 35 41 16 7 23 28 49 41 2 24 49 11 15 24 45 0 32 34 41 36 35 29 9 14 
6 37 16 36 6 31 49 41 49 33 5 8 19 21 18 10 26 10 25 2 5 0 2 21 39 14 29 12 21 
49 3 36 16 27 27 11 20 8 42 43 10 3 33 50 28 11 16 26 11 16 31 0 10 26 4 7 9 4 
17 28 23 28 20 28 43 47 48 39 32 43 11 48 2 35 17 16 50 23 2 43 28 0 48 3 2 6 18 
44 10 12 21 18 7 4 30 20 16 41 26 41 4 31 22 35 34 50 18 30 26 10 39 0 8 37 3 24 
50 25 25 19 23 25 3 38 27 12 25 5 45 23 15 2 25 24 33 49 13 7 14 19 2 0 38 39 18 
1 24 14 31 5 31 31 45 41 22 3 16 1 43 45 23 9 45 24 7 11 9 14 34 5 4 0 11 44 
12 6 17 36 36 36 38 4 48 45 1 14 42 21 11 4 21 17 48 21 12 41 11 7 14 32 7 0 43 
10 30 27 1 20 37 33 35 6 18 30 16 6 41 26 15 45 10 15 40 48 11 13 39 7 41 32 21 0 
46 0 10 22 5 29 46 45 19 18 50 45 6 38 27 48 4 37 32 15 21 16 46 13 5 17 18 45 49 
18 39 0 44 29 5 13 39 47 47 26 38 11 47 8 47 45 15 10 2 22 14 10 2 26 27 11 6 1 
47 18 38 0 11 1 47 1 30 7 17 1 26 38 1 7 11 44 5 25 9 49 18 40 8 16 23 35 8 
37 18 3 45 0 8 39 50 29 39 27 10 50 7 17 39 49 10 27 34 13 3 42 33 22 36 47 3 29 
29 31 46 28 12 0 44 44 39 14 7 19 50 2 29 22 17 46 26 3 32 30 41 48 40 40 23 6 45 
36 31 9 11 37 21 0 1 9 32 32 39 14 24 50 35 4 8 35 12 25 20 16 27 11 45 21 50 38 
33 7 39 40 38 49 4 0 34 48 8 14 31 28 14 36 14 37 39 9 31 6 45 32 5 11 31 26 21 
5 48 17 16 22 13 27 25 0 43 49 26 25 46 2 6 50 21 31 47 6 30 13 24 6 13 19 33 38 
25 34 29 8 24 34 29 1 42 0 49 10 16 38 11 21 39 14 34 35 5 40 32 35 30 34 20 41 42 
24 11 4 4 31 39 1 9 21 18 0 1 13 24 5 9 23 22 32 19 20 43 36 42 29 34 29 49 43 
50 49 24 4 44 37 27 31 45 7 36 0 49 11 12 19 46 34 23 31 35 24 12 9 3 2 22 50 39 
19 26 20 3 41 8 10 22 44 47 20 37 0 29 28 28 16 47 20 9 31 18 47 46 12 48 14 20 38 
41 22 3 23 37 39 12 20 37 34 9 4 3 0 47 2 37 4 45 7 46 35 44 7 32 13 20 21 23 
31 9 5 27 39 22 32 23 45 48 50 41 16 8 0 29 13 12 6 28 21 45 9 8 3 8 24 4 47 
15 22 10 18 18 40 40 29 29 32 16 31 16 30 42 0 7 45 16 31 27 15 44 21 8 42 1 29 22 
1 2 20 15 19 35 8 24 38 33 24 27 19 1 35 31 0 41 47 6 15 17 2 9 42 44 28 33 22 
2 3 26 18 11 19 28 27 12 1 13 32 22 19 19 13 43 0 4 8 15 10 40 18 45 45 14 5 49 
44 28 22 42 3 37 23 36 7 6 16 1 23 8 19 40 35 24 0 44 49 34 46 50 40 20 18 12 12 
35 31 23 48 15 29 33 35 30 22 30 36 47 33 6 37 38 8 42 0 2 22 28 11 21 21 7 16 48 
29 33 23 35 25 11 1 27 34 19 37 45 25 35 11 13 45 8 2 1 0 41 13 2 12 26 10 40 7 
21 2 27 8 14 35 6 48 50 45 11 36 33 30 4 20 22 48 27 38 18 0 48 26 13 5 15 8 17 
31 11 9 15 21 44 6 32 43 29 32 40 29 14 14 1 48 16 19 12 9 33 0 40 29 33 3 40 23 
26 15 4 49 28 40 17 39 36 47 16 39 24 22 28 44 17 38 9 5 34 26 16 0 40 47 46 8 49 
22 31 32 18 5 34 7 28 26 33 13 39 47 26 15 1 1 31 39 37 6 46 13 46 0 45 35 39 1 
50 14 3 32 33 19 17 6 15 48 34 41 16 50 19 34 25 21 8 9 12 15 39 16 8 0 21 44 27 
18 36 24 20 45 7 29 12 31 31 6 29 9 9 37 4 47 49 21 6 27 29 22 25 28 31 0 40 35 
25 37 25 12 25 41 38 29 24 15 46 10 21 8 4 45 15 29 1 3 29 36 20 10 50 38 50 0 40 
15 50 43 15 18 44 37 45 6 44 4 18 21 8 30 33 3 12 36 20 26 27 10 49 30 37 7 40 0 
18 0 16 13 38 42 49 15 25 23 32 43 28 22 9 39 21 26 33 32 21 7 38 7 39 3 30 15 39 
40 44 0 35 31 37 48 28 41 32 17 26 23 44 6 11 22 19 8 49 17 38 40 24 47 5 37 33 31 
9 25 36 0 13 35 26 35 29 47 13 41 24 32 49 39 9 8 10 28 1 27 36 20 45 32 48 1 1 
21 38 26 1 0 15 48 33 8 32 14 39 18 22 33 25 7 18 25 36 40 1 15 40 46 9 33 4 23 
5 41 32 37 26 0 35 8 9 37 40 10 35 17 32 28 44 21 11 30 45 11 14 27 7 13 12 50 7 
49 30 43 33 44 10 0 4 41 33 2 43 37 25 17 20 29 16 1 23 20 37 47 26 49 3 9 13 41 
15 25 25 14 36 2 11 0 7 47 28 41 7 28 38 11 19 19 43 20 45 45 49 42 12 40 30 20 3 
5 45 30 36 48 13 26 8 0 28 30 2 24 6 13 32 38 11 16 43 50 36 7 30 10 39 18 47 17 
34 13 25 6 33 9 3 3 48 0 5 10 15 12 4 41 40 42 47 39 32 17 4 1 24 38 20 17 49 
15 21 47 30 17 10 24 16 6 46 0 42 48 11 29 41 6 6 28 38 32 16 41 19 43 29 15 50 31 
12 1 19 13 42 4 39 28 9 31 49 0 3 30 26 35 46 6 42 22 38 13 46 18 11 33 35 34 24 
2 5 2 2 10 43 4 5 28 29 7 7 0 41 13 48 26 29 36 3 40 7 24 37 38 44 12 19 17 
34 9 31 7 21 15 27 4 29 47 43 37 23 0 30 18 28 35 15 48 50 48 42 32 48 33 44 18 29 
19 14 8 48 25 37 22 20 49 1 37 27 37 44 0 48 32 43 16 18 27 6 10 3 30 15 19 20 42 
27 33 24 28 48 48 36 16 39 45 13 36 9 49 29 0 35 28 22 14 4 45 50 5 18 26 41 23 10 
11 29 34 7 18 30 43 16 27 10 29 39 9 32 43 48 0 4 33 18 8 31 19 2 44 6 16 48 27 
29 7 2 7 26 27 5 11 12 6 18 30 6 13 8 19 43 0 25 46 13 7 7 15 44 23 16 29 43 
27 40 2 3 32 17 38 21 8 22 14 32 28 33 37 48 15 39 0 3 19 11 34 2 32 20 36 20 22 
42 8 35 11 49 13 35 23 5 15 49 39 25 38 11 21 11 14 35 0 25 21 17 29 35 13 11 32 43 
38 21 34 47 47 17 29 50 38 4 34 16 48 14 44 1 40 14 44 24 0 23 31 21 6 1 45 1 26 
30 1 48 38 31 42 35 35 32 3 43 9 9 11 34 8 30 20 28 8 24 0 29 45 50 17 9 21 7 
50 28 46 2 16 4 21 38 6 46 35 6 29 9 19 38 21 35 16 12 48 13 0 26 31 18 44 3 2 
6 48 22 23 22 28 35 4 7 42 43 6 41 47 2 35 35 23 29 15 10 7 29 0 32 43 9 10 37 
3 16 35 23 1 20 32 8 25 13 35 2 25 16 32 30 43 10 22 2 12 42 47 46 0 16 38 42 50 
20 40 30 13 19 48 2 42 7 20 5 22 15 45 10 23 38 28 41 44 25 50 40 34 38 0 8 26 11 
19 39 8 14 28 33 39 36 34 22 33 27 15 41 23 23 6 50 37 17 33 25 8 39 48 49 0 25 20 
50 47 25 11 22 41 23 19 13 42 44 33 6 24 39 17 45 14 30 35 27 18 28 39 22 9 29 0 45 
32 19 16 30 8 19 37 37 47 22 6 24 19 5 10 15 6 4 12 9 36 41 44 35 19 41 44 33 0 
19 0 37 40 13 12 28 37 45 27 15 25 37 38 2 20 24 9 6 16 22 8 14 33 18 48 20 10 41 
25 31 0 11 18 26 4 19 11 32 43 12 41 19 16 39 42 30 26 22 34 22 21 27 13 25 22 26 5 
5 23 16 0 43 19 47 20 46 4 8 11 34 34 10 42 17 45 26 4 43 26 42 39 23 49 26 20 5 
5 49 44 5 0 29 14 7 10 27 20 22 22 46 43 38 22 15 38 1 13 29 11 19 50 18 33 30 13 
35 44 44 44 27 0 15 41 6 15 7 6 20 3 33 40 25 4 32 47 33 5 17 8 11 26 7 26 45 
30 44 37 46 35 44 0 26 34 26 29 45 32 2 32 8 9 33 31 10 47 21 45 46 36 37 47 9 18 
36 34 18 21 40 47 26 0 21 20 10 35 10 7 6 49 25 37 16 31 23 10 50 29 45 48 29 24 36 
49 1 10 39 36 8 49 43 0 11 25 42 6 7 37 39 23 46 50 40 16 46 21 49 21 16 37 9 36 
5 23 23 11 24 40 23 19 50 0 47 25 50 8 6 15 13 24 26 17 23 12 6 50 48 39 8 40 28 
3 39 23 50 50 13 39 39 3 32 0 33 17 15 20 23 49 26 41 9 41 7 37 48 41 20 37 25 50 
24 25 22 16 1 45 17 12 25 26 50 0 45 18 26 10 42 44 50 8 42 33 1 23 48 50 50 21 16 
42 33 30 14 39 40 16 29 11 17 17 21 0 3 12 25 1 42 14 24 31 28 6 47 20 29 33 17 23 
2 24 16 1 24 2 21 42 46 37 7 28 11 0 32 32 27 34 38 40 21 26 23 7 37 26 41 39 36 
36 10 35 6 23 43 27 38 2 16 47 2 42 33 0 5 5 7 46 21 47 25 20 37 42 44 46 47 30 
17 29 25 34 14 36 6 37 3 2 6 19 5 45 26 0 19 42 38 30 44 18 2 31 31 20 43 11 17 
24 43 13 27 46 47 21 23 41 13 39 7 28 19 3 6 0 41 3 42 31 44 19 1 6 16 4 13 15 
49 45 15 21 25 40 13 10 39 29 23 8 24 4 28 29 49 0 24 16 50 50 26 41 18 1 31 23 6 
43 7 11 42 35 6 24 47 49 18 32 38 6 43 17 12 30 34 0 7 41 42 23 8 43 38 13 16 24 
5 47 21 44 18 8 18 33 18 31 24 19 31 31 30 32 43 29 44 0 7 9 29 38 17 25 33 15 21 
50 19 4 22 41 1 43 2 48 38 21 48 26 34 44 50 11 39 11 11 0 43 26 1 10 20 9 15 26 
10 4 20 35 44 48 34 50 27 2 28 30 39 28 34 5 8 46 32 25 35 0 39 7 37 23 4 28 24 
19 45 3 32 36 17 43 44 19 36 5 29 1 45 23 10 11 31 23 15 42 46 0 3 24 28 41 42 21 
48 34 13 40 20 11 31 33 49 46 45 23 35 41 37 22 42 3 25 40 17 47 27 0 42 32 14 32 23 
43 30 5 46 26 23 47 35 24 15 10 41 14 40 11 15 36 50 30 2 10 31 33 25 0 16 2 5 1 
8 21 8 7 29 9 41 20 42 50 48 13 44 2 49 27 44 35 27 27 36 12 7 32 34 0 30 14 12 
48 31 30 24 19 46 28 3 7 4 12 6 50 42 24 37 3 18 9 9 32 6 32 32 26 28 0 16 46 
15 27 23 50 45 29 23 12 20 24 45 49 24 47 20 41 23 21 28 45 39 20 30 17 22 6 31 0 42 
49 48 49 42 31 32 39 31 31 13 11 21 20 12 17 30 24 10 35 35 36 42 10 6 50 22 7 45 0 
48 0 7 28 40 48 31 13 23 25 3 19 43 9 39 10 11 10 7 25 27 3 50 44 12 21 46 6 8 
39 44 0 42 10 26 44 34 25 35 22 23 40 50 45 5 21 42 43 27 48 32 49 46 44 47 31 42 48 
14 17 19 0 3 25 5 34 32 12 10 18 16 5 35 26 39 35 36 28 9 46 23 21 29 19 9 26 40 
48 49 13 45 0 2 37 12 19 3 21 15 45 11 24 9 33 26 12 43 48 24 8 10 11 4 34 3 41 
47 41 34 17 30 0 45 34 14 47 23 14 19 24 8 36 14 22 33 48 22 15 38 4 8 17 29 17 40 
40 3 42 18 35 22 0 22 13 37 49 16 17 40 46 37 3 48 24 24 16 22 46 40 21 36 31 27 9 
37 26 1 1 28 44 25 0 44 31 47 35 2 36 24 27 24 18 31 33 20 2 1 10 43 5 2 19 44 
14 21 33 4 46 14 26 12 0 48 15 39 46 21 43 23 2 40 22 30 48 19 16 4 5 48 8 8 36 
16 8 47 27 26 31 31 10 15 0 31 7 23 49 16 26 3 43 38 49 9 29 9 4 33 22 21 26 48 
18 28 6 39 6 41 46 41 19 13 0 20 41 12 13 38 9 16 7 50 3 41 2 13 11 9 49 7 8 
5 14 6 6 6 34 43 37 25 19 17 0 9 21 36 35 30 18 8 47 17 22 45 18 15 21 23 7 16 
15 46 30 8 34 38 36 5 8 15 36 29 0 20 1 34 47 41 42 33 6 17 33 43 1 2 40 37 10 
47 41 35 33 27 27 23 30 40 10 25 33 50 0 30 23 3 23 18 48 21 12 21 25 30 41 2 49 32 
3 29 6 45 2 26 8 17 31 3 3 43 28 4 0 8 31 18 50 6 37 11 40 29 34 42 16 49 26 
16 5 42 25 29 41 27 12 4 31 31 25 23 6 23 0 20 16 6 43 8 14 44 13 42 47 13 22 13 
1 22 3 37 27 33 1 26 12 29 15 37 28 46 27 37 0 19 31 15 5 18 9 19 37 23 42 13 23 
43 1 29 16 20 15 12 33 28 45 48 41 5 48 9 37 42 0 6 31 18 17 26 24 16 48 17 46 42 
4 17 15 36 21 29 33 12 1 49 18 13 35 45 10 24 34 25 0 50 20 50 32 45 17 11 45 6 18 
27 13 19 4 19 20 29 12 30 12 20 27 16 48 37 44 39 18 33 0 23 17 50 32 23 17 26 42 22 
22 48 26 26 24 16 35 38 30 14 45 16 16 48 45 22 5 24 5 3 0 46 2 28 44 12 34 2 28 
32 47 37 43 28 8 41 33 37 45 4 50 14 50 15 26 24 18 7 19 6 0 11 18 44 22 40 27 21 
21 33 15 40 14 7 7 33 27 2 38 9 8 12 35 11 21 5 39 46 38 3 0 20 44 28 33 23 21 
30 44 22 39 32 20 12 5 30 14 37 8 44 32 49 23 31 48 11 44 26 7 23 0 17 1 31 33 19 
13 21 13 31 34 36 4 33 30 49 27 38 1 31 31 7 19 32 3 6 4 48 14 30 0 23 30 45 23 
21 5 38 1 38 44 43 10 1 6 24 8 28 17 43 32 22 24 44 46 27 17 49 19 29 0 27 15 15 
8 34 9 5 41 32 13 26 11 26 1 7 38 22 6 14 9 45 29 38 6 32 9 50 37 50 0 47 5 
7 20 23 11 29 28 2 18 47 19 18 47 5 18 21 46 23 37 8 5 11 36 11 34 49 28 10 0 26 
25 10 19 42 35 8 19 42 3 41 28 11 20 38 17 40 27 32 34 39 11 13 27 50 42 42 45 22 0 
9 0 40 12 1 19 26 43 38 1 27 13 47 49 29 43 33 9 48 36 23 19 21 7 18 45 21 16 13 
33 19 0 1 44 14 48 34 14 29 27 42 45 46 30 40 1 20 37 41 33 21 45 42 44 7 22 3 38 
33 45 7 0 48 11 31 5 32 27 19 34 1 46 29 5 32 7 41 28 40 32 7 49 9 31 33 42 39 
28 7 37 42 0 46 46 32 35 21 44 34 15 25 8 25 1 4 40 37 43 41 10 38 16 45 13 6 27 
47 49 17 28 40 0 17 5 20 32 42 5 50 47 20 12 13 8 14 15 25 32 48 5 42 47 50 49 18 
20 22 48 34 41 6 0 38 23 28 6 25 9 3 6 19 12 35 38 46 21 49 25 8 32 48 32 45 49 
44 26 32 40 18 37 50 0 11 45 22 10 42 32 39 36 3 39 7 22 27 29 43 7 10 5 28 20 45 
14 16 36 9 11 40 30 2 0 25 35 41 17 6 9 18 14 28 5 39 10 40 6 43 42 10 19 20 1 
19 23 36 40 18 5 47 29 37 0 2 31 43 10 34 28 4 16 6 21 21 26 44 32 1 40 10 6 8 
23 45 49 43 20 29 34 2 50 1 0 49 1 12 39 27 27 24 46 1 7 29 40 26 5 48 50 25 26 
41 36 1 8 50 39 6 43 3 39 23 0 31 50 26 5 15 7 21 9 37 17 6 27 44 10 49 30 34 
19 45 45 21 5 8 12 14 1 42 1 23 0 34 35 25 36 24 20 7 3 36 12 48 28 41 38 9 36 
9 7 48 1 9 23 24 8 45 2 27 43 15 0 41 14 15 20 36 4 33 31 42 21 40 43 28 49 8 
47 17 31 17 50 26 5 45 44 1 15 12 11 17 0 42 22 44 15 38 45 48 33 8 5 35 27 5 18 
37 9 9 32 24 17 12 28 22 11 43 39 36 20 22 0 20 22 43 22 15 1 49 47 29 40 5 10 14 
9 26 32 23 22 38 9 36 43 33 38 44 6 14 1 34 0 22 50 9 28 12 39 34 42 5 41 18 38 
12 31 42 20 8 48 19 46 29 21 18 49 12 36 27 39 5 0 29 10 37 48 14 7 41 46 33 3 21 
43 41 19 32 21 21 25 13 42 19 37 8 46 6 5 2 33 11 0 17 27 12 45 37 27 31 31 40 49 
24 1 24 26 46 49 3 38 2 36 29 42 12 15 48 37 42 3 41 0 43 9 6 9 35 16 26 9 49 
4 42 1 40 31 26 39 41 45 12 12 48 3 17 50 47 33 26 15 48 0 47 1 35 29 41 48 40 19 
43 40 10 20 40 5 35 10 36 39 11 36 26 8 42 31 41 44 41 42 6 0 13 3 41 12 12 3 4 
8 23 50 33 37 21 49 6 3 43 8 48 33 40 11 44 15 30 22 40 9 4 0 39 47 8 49 13 30 
37 19 9 29 3 31 3 14 40 28 50 6 9 37 29 48 36 43 9 17 2 9 27 0 32 41 13 46 4 
34 3 26 38 9 19 19 34 34 30 46 3 38 48 4 37 31 17 31 22 26 41 12 16 0 40 47 28 29 
43 27 39 40 36 49 30 38 3 12 47 40 18 46 14 7 47 7 29 5 5 40 2 24 33 0 24 29 43 
41 10 49 13 42 41 42 7 42 6 17 40 18 17 35 19 20 41 4 30 27 6 19 33 18 24 0 25 3 
26 15 8 12 20 37 47 43 14 35 49 28 4 8 16 42 40 40 37 39 6 33 5 42 20 50 17 0 36 
42 16 46 18 17 40 32 27 49 5 20 31 20 42 6 35 42 27 27 20 40 28 43 28 38 36 47 43 0 
10 0 16 43 21 21 11 1 49 40 32 12 15 26 39 43 36 21 6 19 15 28 21 1 44 23 47 46 15 
23 18 0 31 31 43 39 17 34 13 50 11 9 41 8 45 11 15 12 45 2 35 8 7 32 18 33 16 40 
16 49 48 0 25 16 37 26 22 1 32 23 38 22 10 23 21 46 11 24 20 26 40 29 12 3 45 30 15 
12 49 14 10 0 23 27 18 14 3 36 44 4 32 24 10 33 40 7 30 26 36 37 37 7 10 46 15 26 
20 37 23 21 8 0 12 11 3 19 13 15 46 42 9 19 10 17 20 39 2 30 46 23 46 15 5 30 26 
12 7 1 27 12 43 0 44 16 13 23 47 20 13 8 15 27 42 35 34 27 18 27 41 40 8 13 47 25 
14 28 6 3 33 36 41 0 12 13 39 34 50 16 3 47 45 23 19 40 23 32 46 4 31 21 3 8 36 
17 11 20 49 47 20 3 36 0 17 45 38 27 17 3 15 4 1 35 12 15 30 46 17 39 24 24 43 19 
24 26 33 30 28 6 46 2 19 0 35 4 46 1 12 28 29 32 13 6 29 32 50 30 37 42 44 6 21 
44 32 26 23 27 34 13 42 13 8 0 50 12 8 13 36 17 32 16 14 19 19 39 7 12 19 15 38 25 
46 46 39 35 1 25 8 38 9 31 19 0 18 50 36 17 25 14 45 21 19 14 14 5 26 30 37 2 6 
25 15 5 13 47 38 47 17 19 15 12 33 0 6 49 8 1 47 47 20 33 22 33 48 24 44 19 11 33 
41 13 5 14 23 3 13 45 27 7 21 12 40 0 1 6 49 34 38 14 16 6 5 30 33 18 20 34 42 
17 31 19 29 28 15 26 7 10 48 11 3 36 14 0 24 41 27 8 44 22 28 49 41 7 6 45 27 37 
34 22 46 4 19 21 28 47 39 43 34 26 26 49 40 0 36 28 11 30 43 32 39 7 10 26 13 15 19 
40 13 23 33 38 39 24 38 2 7 35 16 36 27 3 35 0 24 19 47 29 10 5 29 46 16 35 6 45 
16 37 29 6 6 10 7 26 20 2 38 37 26 2 35 22 26 0 15 7 5 37 23 36 7 17 36 9 36 
34 28 18 4 34 29 23 16 28 29 10 26 21 27 15 23 31 11 0 4 9 21 7 20 2 28 2 8 43 
1 22 40 21 2 22 42 43 34 35 3 47 29 19 44 48 5 31 34 0 11 8 13 26 7 33 50 15 28 
8 17 26 33 22 30 15 7 39 40 25 49 35 23 40 47 8 7 30 2 0 14 23 47 47 18 48 35 39 
46 34 38 2 7 15 35 18 10 20 26 49 5 38 9 16 7 36 26 36 24 0 30 49 27 20 13 14 36 
20 29 16 24 45 27 11 6 2 23 42 20 39 23 38 38 31 32 48 26 14 32 0 41 32 22 50 15 17 
35 12 32 45 2 49 48 31 5 3 4 28 28 3 14 34 44 7 48 2 43 11 47 0 39 16 39 22 39 
38 34 3 46 12 45 21 41 42 48 19 40 25 7 34 29 28 20 49 11 19 8 39 16 0 2 14 24 25 
15 44 29 14 27 10 43 21 50 9 17 33 33 23 43 47 38 9 27 36 28 18 12 47 40 0 11 21 31 
46 37 45 49 21 47 26 48 20 6 13 16 15 13 29 20 4 16 29 46 16 43 28 44 37 39 0 47 48 
32 33 24 16 40 13 26 14 15 19 13 37 47 45 27 33 46 11 22 16 40 43 43 24 33 25 16 0 4 
9 1 12 33 50 29 17 37 32 48 27 3 37 16 5 35 3 43 50 22 16 46 49 27 17 32 8 40 0 
40 0 50 34 16 47 23 5 14 8 31 37 18 28 41 1 48 35 20 29 25 38 8 21 41 25 45 39 13 
3 36 0 17 19 21 27 47 32 15 12 6 15 11 42 28 23 6 32 44 25 46 1 42 47 4 34 3 32 
30 43 41 0 3 34 42 12 22 15 19 48 2 44 19 34 24 15 14 14 46 31 49 36 44 1 14 18 2 
44 20 15 37 0 25 16 3 22 22 3 31 19 31 6 9 37 35 42 32 28 18 19 33 40 21 7 2 32 
8 47 2 20 25 0 10 29 45 4 11 27 29 16 12 3 12 33 45 16 25 40 49 9 10 33 41 35 26 
37 26 17 19 14 22 0 15 25 1 11 45 21 28 14 33 24 16 3 12 6 17 21 7 26 41 28 42 9 
39 43 38 35 26 3 8 0 29 44 9 15 45 48 28 11 22 1 46 47 27 16 36 44 31 29 29 10 17 
20 42 29 37 30 6 37 9 0 24 10 45 25 6 5 31 8 38 17 8 39 11 35 26 45 31 16 43 4 
49 8 6 47 44 42 9 3 30 0 29 15 43 42 3 49 41 1 22 21 12 5 37 43 13 22 22 7 36 
17 34 6 15 13 34 10 17 5 49 0 32 14 46 28 28 10 3 16 47 8 37 35 44 10 46 32 49 12 
15 44 26 22 36 24 37 47 24 1 31 0 9 43 32 37 3 40 7 16 28 10 33 10 7 26 49 50 32 
40 46 20 32 36 48 2 12 23 10 29 23 0 41 31 36 3 36 38 15 5 49 42 20 39 16 21 3 33 
34 19 47 38 25 6 7 28 31 50 24 46 31 0 25 30 31 29 43 37 29 47 8 22 38 34 45 34 49 
27 31 16 15 46 20 28 4 13 42 49 36 25 9 0 22 37 14 20 24 24 12 40 11 24 35 24 36 26 
48 10 4 30 23 9 1 1 34 10 50 11 47 27 18 0 38 45 1 5 39 37 36 24 15 21 10 38 38 
21 42 31 22 35 3 7 4 38 19 14 16 8 21 3 5 0 20 14 27 36 22 23 29 34 19 47 39 13 
37 40 9 13 22 14 30 42 30 29 27 45 21 15 50 27 38 0 39 31 16 34 19 45 8 33 3 16 48 
14 48 4 38 14 44 18 49 10 2 45 45 42 11 26 42 37 33 0 15 8 23 2 47 30 17 24 30 18 
45 1 31 19 48 32 29 32 25 39 31 27 47 2 17 37 45 37 25 0 23 44 4 21 50 38 8 25 13 
2 24 22 41 14 50 4 9 21 26 47 10 32 44 17 49 2 39 11 22 0 36 10 36 30 49 7 25 42 
31 31 32 41 8 17 31 2 18 40 14 47 48 8 16 19 40 16 42 50 37 0 23 48 50 47 4 27 42 
38 42 43 8 26 13 29 41 45 7 3 16 13 16 32 13 26 15 24 28 45 18 0 41 34 16 25 6 8 
33 33 44 4 40 40 14 26 48 6 22 36 29 25 25 34 14 26 37 22 42 36 25 0 33 30 49 47 21 
2 9 42 2 8 22 9 13 14 49 27 23 2 6 15 20 43 39 50 20 44 7 21 41 0 38 34 17 47 
9 11 25 41 44 44 24 39 15 21 29 8 17 12 21 15 49 14 21 36 22 5 41 42 50 0 27 28 46 
39 2 14 24 6 12 5 3 24 37 30 9 33 26 6 23 11 42 3 32 37 6 42 24 14 31 0 25 4 
21 34 41 17 16 29 50 13 7 5 3 6 8 18 41 13 35 13 4 47 50 18 31 9 25 47 9 0 34 
10 40 10 25 37 1 33 41 46 14 43 4 26 43 17 6 40 48 24 19 15 30 40 2 28 29 4 4 0 
3 0 33 43 20 20 17 4 18 46 28 19 7 36 1 18 21 20 50 21 8 2 26 20 27 23 41 20 31 
1 9 0 48 8 48 29 39 14 22 23 35 10 40 49 10 12 30 17 33 14 12 19 32 28 9 46 2 27 
14 16 47 0 29 47 23 17 38 31 11 10 8 13 4 50 48 16 11 19 3 17 8 48 7 9 6 19 32 
27 20 50 3 0 27 12 1 6 26 6 13 17 33 23 31 19 8 26 2 9 20 35 13 48 27 50 11 6 
19 40 21 41 4 0 36 11 12 12 7 31 1 4 44 22 11 48 2 21 44 27 29 50 34 5 11 12 43 
7 2 26 28 1 45 0 37 36 36 23 13 47 12 20 8 1 45 1 5 26 13 3 1 25 30 17 29 41 
41 37 37 44 25 19 5 0 10 32 3 1 10 8 36 25 26 39 25 32 8 21 50 39 4 6 36 30 5 
2 1 49 34 16 47 46 49 0 36 20 22 43 15 49 19 43 1 46 19 28 28 25 36 6 36 22 20 42 
49 33 38 39 40 1 9 31 5 0 17 44 11 41 27 41 20 3 39 43 23 31 47 4 11 17 2 27 27 
15 44 49 45 27 4 1 3 33 33 0 4 15 41 39 38 35 3 8 38 2 35 17 3 47 29 48 12 2 
30 27 22 38 24 32 17 12 18 50 35 0 37 26 38 37 20 36 28 32 43 9 20 9 10 15 26 43 48 
41 3 16 29 43 49 24 6 12 17 42 9 0 22 27 18 3 24 2 26 47 31 34 11 1 16 20 44 11 
19 13 23 48 40 19 21 15 35 6 44 27 15 0 32 9 20 37 24 21 32 3 6 36 14 50 46 18 8 
42 15 13 24 6 14 37 49 44 44 20 3 7 3 0 19 18 8 49 33 50 25 42 15 43 49 12 8 14 
27 10 48 44 2 14 23 20 44 21 22 2 45 11 27 0 43 4 18 26 50 37 19 7 1 14 19 33 1 
1 21 25 44 6 24 22 35 46 26 2 43 30 49 24 38 0 28 31 5 15 16 22 39 31 37 8 27 9 
3 48 31 34 31 23 20 24 46 29 46 21 39 42 48 28 17 0 33 20 38 45 20 24 33 14 19 36 29 
32 44 7 48 47 14 32 49 46 19 13 8 30 1 42 50 36 35 0 26 24 25 11 15 5 39 39 14 34 
24 48 20 12 37 42 43 2 22 49 25 26 11 49 33 49 20 12 9 0 44 28 25 48 30 44 12 5 21 
30 3 10 8 50 48 26 49 49 2 21 39 9 40 28 38 11 1 13 26 0 29 16 35 27 31 20 7 50 
1 41 19 26 37 22 23 19 39 17 27 14 24 35 1 19 41 21 36 38 47 0 11 20 43 49 29 42 15 
19 34 28 30 42 26 48 8 33 46 2 37 18 9 49 44 25 50 3 45 16 17 0 36 10 35 19 3 41 
22 26 27 8 30 8 1 6 39 47 22 48 37 43 36 46 20 49 20 38 13 26 19 0 50 27 48 50 3 
49 19 45 23 24 8 37 8 20 44 7 11 9 43 6 28 29 5 9 23 31 41 41 37 0 50 15 29 47 
7 27 32 33 9 49 8 20 2 50 25 29 7 29 26 26 42 10 30 20 20 42 22 22 39 0 27 22 9 
29 9 24 9 30 40 1 43 13 25 2 10 36 36 26 29 31 30 17 3 15 15 45 40 35 9 0 27 16 
6 10 45 33 28 50 42 43 26 17 50 17 28 33 13 18 9 21 35 35 16 43 42 10 10 19 44 0 14 
15 34 24 21 14 36 38 3 30 20 33 36 44 34 3 15 31 1 26 33 3 28 32 15 25 43 50 14 0 
19 0 35 23 9 7 29 29 43 43 29 4 42 46 10 38 40 39 49 41 33 40 28 30 10 44 11 12 37 
3 10 0 47 21 36 24 35 46 47 24 30 16 5 11 22 2 48 34 37 43 40 43 26 26 3 18 24 41 
6 14 16 0 46 17 42 40 34 33 33 7 22 26 43 43 16 20 25 28 30 7 28 13 10 24 20 47 11 
34 21 18 18 0 50 44 40 34 8 35 49 14 22 38 20 15 28 16 18 48 50 11 7 29 41 45 35 29 
2 6 22 48 45 0 30 1 12 16 39 22 32 4 10 8 36 26 15 8 19 9 48 33 9 3 50 11 23 
14 40 28 6 9 11 0 32 2 13 2 19 42 37 8 50 39 44 36 45 41 4 22 3 26 37 17 21 4 
24 13 46 46 19 29 48 0 26 12 17 23 43 28 6 23 25 47 16 32 1 49 45 16 17 5 21 19 43 
38 2 19 43 41 29 29 50 0 7 23 24 8 10 25 28 28 14 3 13 49 49 29 30 21 35 20 6 30 
48 30 42 49 11 6 38 10 48 0 30 2 50 27 24 18 24 43 24 42 25 18 38 3 3 9 21 44 10 
22 48 9 21 24 50 2 28 32 26 0 48 4 37 18 30 34 1 14 22 26 11 7 29 11 29 32 12 10 
27 39 40 41 13 29 39 50 22 31 27 0 28 22 41 42 18 27 38 38 1 9 20 2 46 49 18 49 15 
20 48 43 42 38 42 1 43 36 8 42 8 0 29 30 12 20 37 44 4 20 16 12 35 41 44 12 2 8 
38 45 42 45 31 24 31 25 39 35 41 31 41 0 49 32 19 46 31 22 29 8 32 9 6 15 29 50 9 
14 2 49 26 40 44 6 41 17 48 27 6 50 38 0 32 3 4 24 30 17 30 16 45 13 41 23 50 6 
37 36 31 2 24 22 11 37 36 15 41 47 44 41 3 0 49 4 16 30 21 50 6 3 41 50 34 29 49 
7 37 35 18 45 50 5 31 18 26 32 28 27 46 17 39 0 34 34 24 39 13 47 9 26 44 30 6 31 
34 40 3 41 44 13 30 50 30 23 3 44 37 23 32 29 34 0 2 44 5 39 14 8 16 10 41 36 11 
28 10 24 16 44 24 47 28 23 42 35 14 17 18 10 11 31 30 0 2 41 16 31 42 42 36 2 42 21 
33 37 31 3 28 19 22 20 50 38 50 14 26 4 6 43 18 31 39 0 22 5 47 35 30 39 45 46 48 
19 33 31 43 33 27 46 36 11 32 37 48 47 40 12 44 31 39 16 12 0 25 50 25 5 14 21 17 36 
2 1 15 33 24 25 2 17 8 8 31 50 9 20 32 36 44 41 25 16 36 0 42 50 50 30 34 23 19 
9 26 30 12 10 10 35 11 17 4 24 23 38 45 37 23 9 16 4 6 19 39 0 11 23 46 2 1 11 
1 16 3 41 2 34 9 32 29 20 40 50 36 22 20 41 18 3 28 42 5 28 42 0 15 31 18 1 20 
15 7 16 9 10 24 10 2 1 34 21 5 36 5 45 40 27 5 20 48 19 21 5 44 0 24 10 6 24 
25 39 11 35 33 39 18 22 4 31 41 13 12 19 40 35 33 24 6 1 34 3 38 26 48 0 4 1 44 
2 23 36 50 18 36 28 13 23 36 22 47 38 23 36 46 15 8 36 1 32 21 12 1 4 6 0 41 22 
1 35 37 30 39 24 20 32 46 41 45 27 41 28 12 47 2 10 13 11 17 43 12 41 18 1 12 0 32 
11 35 46 12 46 6 12 39 49 42 9 14 3 5 50 25 13 10 10 5 10 16 49 45 44 30 6 9 0 
24 0 47 13 38 12 39 21 12 45 34 31 36 17 24 48 11 1 50 8 12 44 38 29 9 41 8 23 46 
37 2 0 19 16 50 4 15 3 30 21 2 15 34 39 30 29 29 25 39 36 18 39 45 44 22 44 15 36 
18 4 48 0 5 17 26 25 44 16 16 36 13 9 46 31 30 48 44 28 6 8 1 31 16 19 37 28 49 
8 25 44 7 0 39 30 36 27 23 47 48 9 14 37 14 13 39 26 28 22 8 15 47 29 16 9 28 18 
23 32 36 30 48 0 27 36 41 22 30 25 30 11 4 8 1 46 20 43 22 37 18 28 44 10 7 41 43 
29 16 41 31 2 18 0 4 42 12 19 11 37 1 23 42 10 2 48 12 5 8 46 33 46 17 7 31 6 
5 43 20 42 37 44 13 0 6 39 44 28 43 1 17 40 28 9 6 21 14 26 19 42 12 45 37 36 34 
34 45 15 45 38 48 37 19 0 49 20 1 8 11 36 21 8 20 20 4 42 6 5 38 11 37 17 30 37 
2 9 48 1 8 30 23 44 30 0 34 6 3 30 22 30 40 6 13 4 41 48 35 42 25 33 45 28 29 
8 4 8 21 19 1 18 41 23 50 0 50 32 14 28 28 37 15 1 12 34 26 48 6 24 14 40 39 17 
17 23 18 14 2 44 36 27 27 35 35 0 30 5 39 18 6 13 22 28 21 7 6 11 32 33 45 4 10 
49 34 7 29 12 1 24 50 32 37 31 20 0 42 2 11 30 17 33 29 37 31 50 12 43 13 18 11 11 
12 37 31 7 41 26 29 43 29 6 18 5 16 0 18 24 27 42 8 30 6 46 32 16 50 16 17 30 49 
23 15 17 44 40 13 39 46 6 24 29 16 24 18 0 2 11 16 25 22 13 26 35 2 5 39 6 16 31 
21 32 42 25 47 30 20 14 39 24 15 3 30 29 21 0 18 29 15 33 28 30 5 34 41 45 17 24 38 
14 13 6 35 47 9 25 25 33 5 19 45 49 38 23 43 0 10 20 34 48 15 34 27 25 23 39 1 17 
48 1 30 30 6 33 1 27 18 31 6 22 4 47 36 25 46 0 39 29 43 33 42 32 26 33 27 24 30 
36 32 12 9 8 9 28 32 26 40 39 17 37 46 25 30 14 13 0 45 18 49 2 29 35 10 8 34 6 
20 4 48 30 9 22 41 37 19 48 14 45 20 4 50 7 50 13 7 0 37 17 3 13 20 32 6 32 35 
3 27 49 50 25 22 13 22 42 9 8 16 5 39 11 17 50 50 49 45 0 3 23 35 47 2 48 39 18 
42 28 48 3 41 7 35 42 49 14 20 48 42 28 15 42 5 42 33 29 42 0 47 21 33 8 37 32 30 
43 2 49 28 33 45 30 15 11 6 25 48 5 20 18 36 30 1 3 25 9 44 0 42 11 16 11 27 46 
7 16 46 4 26 5 50 48 16 43 16 47 49 50 31 50 17 35 25 23 30 36 3 0 7 34 7 22 49 
10 38 13 22 19 35 9 46 11 22 23 1 20 20 20 38 35 6 27 9 13 43 45 32 0 37 4 17 22 
13 39 20 20 33 2 38 28 30 44 28 14 42 36 40 45 12 24 3 10 16 16 22 28 30 0 14 36 18 
44 32 36 16 19 37 33 22 3 3 18 19 32 42 8 41 29 14 17 28 3 50 20 13 1 7 0 6 48 
17 42 41 19 16 21 35 49 9 13 46 6 3 19 43 9 7 35 28 24 8 32 50 16 48 9 15 0 44 
12 24 15 12 32 35 6 11 13 49 4 11 8 9 33 16 19 12 25 35 8 11 7 17 29 32 40 36 0 
42 0 25 22 7 7 42 38 36 49 34 25 19 13 32 46 8 32 17 17 49 49 35 48 36 35 31 36 1 
17 48 0 34 50 46 20 20 39 28 47 5 16 22 48 17 36 38 7 22 26 16 49 36 12 16 42 37 7 
27 36 23 0 26 6 37 19 2 1 25 24 43 13 8 31 35 13 1 28 2 19 13 49 29 9 11 36 19 
13 22 34 4 0 34 13 12 42 25 29 11 36 29 16 35 13 34 29 14 8 19 2 50 15 14 36 39 15 
37 44 18 46 1 0 1 39 30 42 20 10 1 46 39 10 34 41 43 23 4 28 37 46 30 48 28 50 12 
22 20 41 48 25 48 0 5 31 12 16 35 29 27 6 22 15 19 13 13 30 42 17 24 22 13 36 37 1 
49 38 49 24 1 28 8 0 22 30 13 27 48 34 29 22 26 9 45 27 22 16 32 11 35 16 20 20 6 
46 19 35 39 11 5 33 24 0 18 11 28 49 49 50 35 7 37 15 46 13 45 49 14 19 9 15 35 18 
28 14 9 32 8 3 27 11 28 0 38 37 30 47 49 9 48 18 28 24 17 47 5 48 1 24 8 11 48 
6 17 31 47 20 15 47 4 3 47 0 42 46 24 25 30 50 28 17 16 47 41 17 2 32 42 19 22 24 
17 9 8 1 42 30 6 12 8 41 10 0 33 2 6 45 22 37 28 44 22 25 49 23 8 42 15 7 40 
16 49 6 2 43 24 37 45 39 41 5 44 0 19 19 42 38 7 34 45 36 22 30 45 14 25 50 49 18 
36 1 9 28 23 17 46 9 36 9 40 29 19 0 1 33 46 24 50 4 7 7 36 1 9 20 22 18 36 
5 42 27 43 26 20 9 39 32 28 22 3 23 34 0 2 49 44 17 17 21 48 50 40 26 47 42 11 1 
50 1 8 1 49 10 5 44 32 48 4 49 42 45 14 0 47 28 1 35 24 34 3 16 4 5 48 39 5 
3 2 47 34 9 8 39 32 20 22 4 13 29 8 17 47 0 13 19 29 3 36 44 48 46 7 37 17 48 
36 4 46 2 22 50 42 31 1 20 41 35 6 33 27 7 48 0 22 46 27 36 20 42 37 19 37 20 10 
4 1 28 22 41 42 47 17 26 3 42 29 16 37 46 44 28 45 0 47 3 17 42 49 36 42 41 12 16 
13 9 33 36 30 33 27 1 43 19 44 15 37 11 31 45 31 17 11 0 49 25 48 9 24 40 18 43 13 
2 43 31 1 30 31 5 18 20 7 50 34 10 45 2 10 2 32 17 7 0 11 5 5 25 31 14 42 15 
50 10 46 13 40 15 50 50 38 43 36 6 6 14 26 24 18 27 39 30 47 0 50 22 8 1 37 2 48 
38 6 21 17 39 40 18 10 11 37 44 46 46 2 22 9 47 11 1 48 30 32 0 8 4 25 13 19 1 
38 39 12 4 13 3 13 33 23 20 17 16 47 16 13 32 34 44 35 45 28 13 11 0 40 36 5 19 7 
49 17 42 27 22 17 23 23 25 40 33 44 39 40 37 28 45 36 1 14 19 27 20 31 0 28 24 24 25 
28 22 19 9 34 7 35 6 28 40 45 30 43 41 7 44 12 42 6 39 27 34 46 1 4 0 5 38 22 
47 12 50 48 44 48 46 3 22 24 10 32 5 31 1 5 41 22 22 29 20 27 19 37 18 35 0 48 45 
27 18 5 30 19 13 9 17 41 47 37 46 45 4 22 38 33 24 34 47 33 42 10 33 33 10 2 0 21 
43 13 30 9 50 2 27 4 20 30 14 43 22 34 14 45 35 27 34 17 5 32 5 44 2 2 12 35 0 
9 0 23 47 10 11 39 25 28 17 28 46 44 27 18 19 3 11 41 25 50 28 16 48 7 27 36 16 11 
9 36 0 7 48 41 43 46 48 33 4 32 34 10 36 28 8 31 40 40 37 13 2 34 11 28 13 8 44 
25 40 33 0 26 23 14 20 31 21 48 4 35 23 22 21 7 10 42 40 42 38 41 27 37 46 29 49 7 
3 47 21 29 0 35 3 23 43 22 7 11 47 17 48 37 34 37 6 15 41 32 27 2 37 23 16 6 34 
14 47 31 44 15 0 13 28 25 27 26 50 20 49 28 36 4 31 43 26 41 4 44 50 40 15 8 26 27 
45 35 6 20 47 39 0 29 26 26 18 32 4 20 13 7 12 6 45 43 4 41 49 7 31 41 16 31 21 
47 41 30 8 38 2 30 0 43 20 31 23 10 49 11 28 13 11 22 21 42 38 38 35 20 16 23 37 47 
29 26 30 32 9 9 29 36 0 39 25 17 19 33 14 43 26 22 33 5 31 21 44 20 19 46 40 34 9 
7 10 42 15 15 34 15 45 2 0 42 2 41 32 42 25 36 6 3 9 24 46 9 48 34 18 7 26 36 
6 11 37 20 26 21 30 30 34 2 0 4 50 50 48 25 31 32 14 49 30 19 34 14 44 31 10 13 48 
12 9 48 9 8 30 39 41 6 32 16 0 12 13 46 3 4 49 9 25 48 35 18 3 4 8 47 17 23 
48 43 39 16 8 32 18 25 5 45 43 21 0 10 34 25 50 49 37 17 23 32 10 45 23 36 15 13 44 
7 44 2 11 13 17 44 13 44 1 4 31 28 0 28 50 5 16 4 39 2 43 3 6 21 31 45 42 39 
49 17 30 43 19 25 18 11 44 32 8 44 41 13 0 7 49 33 36 45 4 10 41 7 32 27 12 1 4 
39 31 31 19 25 5 15 27 21 11 12 4 11 39 11 0 35 47 46 11 31 47 7 38 45 50 39 30 8 
10 48 17 8 24 15 23 14 1 40 19 36 48 30 29 23 0 24 42 44 21 30 22 36 32 1 20 8 32 
43 37 20 37 26 7 17 24 45 5 30 46 16 48 34 7 27 0 26 33 18 29 16 22 8 46 9 28 38 
12 36 7 4 8 42 21 15 21 32 11 42 13 5 28 19 12 48 0 5 33 39 30 5 26 38 40 4 27 
15 12 42 17 29 29 12 9 49 27 39 25 27 19 37 45 16 42 6 0 24 38 3 47 48 5 46 50 33 
32 31 17 18 39 45 50 10 40 44 14 34 44 20 21 36 9 30 6 20 0 43 10 11 46 35 30 39 13 
15 44 13 33 30 29 28 18 10 22 37 33 19 27 5 22 29 22 30 19 33 0 11 40 25 41 30 40 22 
20 22 34 9 6 38 45 47 31 31 4 15 43 3 27 37 44 23 1 16 6 39 0 18 13 50 20 31 4 
5 39 43 50 39 7 49 39 39 28 27 32 33 9 42 48 19 15 27 31 35 3 31 0 18 30 24 17 32 
4 21 10 36 8 41 42 42 39 5 27 36 5 39 49 16 46 20 34 47 48 21 45 35 0 44 50 20 2 
8 25 21 15 40 18 35 18 19 42 24 43 17 1 10 14 39 41 27 47 5 15 22 10 41 0 20 35 34 
27 25 43 8 21 41 34 14 34 12 46 38 4 32 48 5 46 42 30 48 11 31 46 3 24 24 0 48 43 
4 12 25 21 34 2 42 45 49 17 22 27 17 47 31 28 45 40 43 24 18 17 14 50 41 37 23 0 46 
29 40 34 48 44 41 11 23 38 26 4 3 40 4 7 30 20 4 31 15 1 19 9 35 31 25 26 37 0 
48 0 25 30 47 29 46 16 10 33 24 33 26 36 8 41 19 36 41 34 15 11 35 30 37 7 9 46 11 
32 49 0 18 20 16 25 26 13 46 8 24 45 38 47 47 47 22 6 30 43 28 40 50 40 41 11 26 13 
45 44 40 0 21 50 5 28 34 6 14 10 12 33 29 24 28 17 39 28 14 39 34 16 2 30 4 33 43 
50 28 29 6 0 50 13 18 3 18 4 45 33 20 13 41 8 46 18 10 50 16 23 24 2 34 12 25 12 
29 39 42 47 23 0 36 35 28 35 5 13 20 11 21 10 14 45 45 45 26 44 8 6 12 44 34 27 27 
5 27 23 38 39 7 0 25 30 13 48 11 34 28 13 24 41 6 41 40 46 14 10 8 40 17 49 19 21 
34 30 4 40 9 8 23 0 9 33 25 32 5 47 31 1 47 34 11 48 31 35 15 6 4 44 32 14 46 
19 34 22 40 39 4 46 33 0 45 22 25 21 40 16 9 32 9 36 49 34 9 12 6 6 2 38 37 19 
25 50 46 28 45 28 40 50 4 0 42 16 44 35 19 2 12 36 28 41 20 7 25 45 9 33 31 37 8 
28 16 39 2 18 28 9 45 27 48 0 26 12 26 10 29 18 20 6 49 41 10 44 20 24 47 17 13 50 
6 37 45 14 42 32 22 38 4 15 26 0 8 11 7 36 39 2 30 44 47 47 28 39 28 32 46 48 34 
47 15 5 1 15 9 40 40 3 13 21 44 0 38 41 14 6 30 42 31 4 8 31 23 18 24 16 4 29 
48 18 32 46 35 39 42 40 11 26 43 2 18 0 47 37 40 9 50 10 6 15 34 48 41 16 45 27 16 
42 38 27 49 5 12 42 36 31 25 10 50 50 24 0 46 5 50 29 36 12 45 33 9 24 7 49 15 14 
20 42 30 40 12 27 48 23 49 44 48 7 5 1 10 0 35 41 11 7 41 39 44 41 38 10 15 21 10 
29 4 43 7 48 28 16 39 45 20 38 23 27 23 6 6 0 32 29 8 44 24 25 33 47 43 25 26 26 
2 43 31 48 7 39 45 46 1 41 10 27 36 22 40 22 23 0 34 14 17 39 35 7 31 8 27 36 5 
21 47 14 23 3 40 38 3 39 40 17 38 29 11 5 41 20 31 0 9 2 35 12 24 10 11 9 38 17 
36 1 41 30 3 40 25 5 28 37 25 46 35 37 33 33 17 27 39 0 28 30 17 11 27 18 35 20 10 
23 5 13 44 3 21 17 38 50 37 35 39 37 1 14 34 7 14 18 49 0 29 41 43 34 21 10 37 20 
41 14 12 19 21 16 32 23 24 31 43 14 21 45 34 30 42 1 42 30 3 0 28 21 5 17 22 31 33 
12 29 24 44 34 47 48 36 25 17 18 21 19 41 10 26 21 4 28 34 7 14 0 43 21 18 8 17 13 
44 8 3 50 35 50 11 45 8 50 30 24 48 48 5 26 33 22 11 13 19 45 35 0 13 44 47 26 49 
37 3 26 27 31 35 43 18 14 19 37 19 31 15 19 22 25 5 37 10 9 18 39 47 0 47 5 45 49 
24 40 6 38 25 12 9 5 24 3 44 13 5 37 12 14 35 42 32 4 26 14 39 39 11 0 16 41 19 
15 30 31 26 41 45 45 25 14 49 45 19 6 15 48 22 12 24 5 22 7 25 12 5 24 42 0 23 11 
2 18 28 9 22 40 40 44 23 18 23 11 43 38 1 37 48 13 48 12 16 18 27 37 12 19 13 0 41 
19 26 3 49 22 35 23 47 21 37 48 17 25 4 49 45 2 44 30 19 25 26 8 11 44 11 45 34 0 
41 0 42 47 4 28 50 26 47 16 24 40 8 15 5 16 11 16 32 38 12 19 33 36 19 40 44 17 43 
19 43 0 6 11 40 39 6 30 40 45 39 26 28 3 29 28 5 22 5 20 10 47 45 13 24 33 16 8 
6 29 14 0 34 34 33 28 24 19 29 18 26 49 36 22 22 43 13 35 17 4 9 14 18 40 47 34 23 
48 44 38 8 0 24 49 25 12 31 6 42 45 25 6 9 27 4 30 22 24 26 24 20 12 49 50 4 48 
15 46 44 37 50 0 6 26 26 41 11 2 50 12 11 42 37 21 40 43 48 50 38 15 11 26 11 48 25 
24 27 10 25 46 27 0 47 35 13 6 46 19 31 33 36 43 28 22 12 15 32 33 42 9 8 6 49 28 
32 34 12 40 9 2 2 0 15 2 28 5 36 14 8 25 16 45 24 18 17 2 23 33 4 49 33 43 42 
35 1 18 40 29 19 3 29 0 44 7 11 29 31 21 42 50 17 27 2 25 8 26 15 34 38 32 26 10 
1 9 41 26 9 11 30 1 11 0 15 8 46 5 47 22 39 13 39 36 32 31 33 37 23 32 19 34 10 
37 34 2 47 43 44 28 36 16 35 0 21 21 41 42 40 3 20 6 20 12 5 26 21 49 46 45 29 18 
22 19 45 41 27 21 14 27 13 11 3 0 11 19 37 23 29 19 16 41 40 44 35 4 26 49 23 6 11 
13 4 1 49 15 11 14 48 40 30 44 21 0 28 14 40 9 4 10 43 18 4 43 31 31 4 40 25 38 
15 20 43 5 16 3 14 10 10 4 46 9 24 0 26 39 40 22 21 12 30 46 45 23 39 30 38 8 21 
23 21 45 26 36 26 33 21 38 39 5 25 50 30 0 50 50 14 35 44 28 4 41 9 34 28 45 43 21 
47 4 26 28 46 43 37 40 9 21 23 48 44 19 2 0 34 17 38 31 16 45 23 26 45 45 30 18 32 
12 12 48 42 34 12 24 34 14 27 30 7 43 11 42 44 0 13 46 35 36 40 26 18 41 15 27 26 25 
29 31 34 16 26 6 28 47 23 32 15 32 45 19 20 40 9 0 24 24 34 32 32 32 49 46 33 43 36 
45 8 27 8 36 50 6 33 44 14 32 38 34 45 22 32 32 3 0 41 22 6 28 33 42 3 42 44 47 
50 36 20 43 13 42 3 16 5 7 47 46 13 38 47 45 42 37 1 0 38 11 1 17 44 43 22 31 18 
25 36 5 44 6 10 34 8 44 40 26 42 42 7 28 26 7 46 9 19 0 32 38 50 17 42 7 37 50 
19 27 1 41 12 36 41 19 3 3 40 4 4 39 1 2 12 10 46 5 23 0 42 37 47 14 12 36 38 
37 39 3 50 24 35 40 18 40 35 31 7 17 9 23 5 7 6 15 44 37 48 0 6 32 12 32 27 28 
40 4 28 50 50 3 33 15 50 40 30 20 50 34 13 27 30 39 39 14 19 33 41 0 8 47 43 1 39 
33 21 39 42 9 12 28 36 8 31 8 14 27 9 5 17 26 46 44 4 36 29 3 24 0 44 13 10 7 
13 20 3 7 3 45 32 29 2 39 12 38 6 28 20 50 31 26 38 10 29 25 32 2 49 0 47 3 5 
19 15 49 46 2 21 23 38 28 2 11 33 28 26 15 38 34 7 48 9 10 4 43 18 26 1 0 29 39 
38 2 8 6 42 27 11 37 41 16 37 35 5 32 22 30 15 6 32 3 11 45 18 43 49 45 45 0 15 
22 31 21 2 43 35 50 26 44 5 41 2 16 28 48 19 20 14 4 28 32 14 4 21 19 27 29 44 0 
34 0 16 8 47 32 46 15 10 46 35 43 21 33 47 37 11 15 31 38 33 48 50 23 36 42 17 34 9 
28 1 0 33 17 6 7 43 29 48 45 20 20 13 38 23 36 21 33 46 36 28 43 6 39 40 46 46 34 
43 22 6 0 16 13 7 33 45 2 27 15 26 4 8 14 21 11 18 21 11 27 38 15 9 22 48 31 35 
45 44 27 11 0 11 9 36 26 39 5 7 7 6 29 34 45 18 21 32 20 30 36 28 22 26 36 8 6 
7 47 44 16 26 0 48 1 9 50 5 16 46 23 38 32 7 12 14 5 49 4 20 42 2 16 12 6 10 
16 6 35 26 2 31 0 19 43 11 42 31 8 28 26 46 14 5 37 48 43 5 22 11 12 31 9 2 37 
6 43 50 14 43 42 43 0 44 20 40 45 42 19 39 47 20 34 48 21 29 25 28 47 30 15 14 6 45 
46 23 45 43 30 32 38 18 0 43 17 16 37 34 2 44 16 43 6 24 16 25 41 29 34 38 23 13 28 
47 21 50 30 37 48 49 48 46 0 2 12 37 1 29 28 17 32 35 46 24 35 32 37 9 40 40 21 6 
45 12 5 8 20 11 22 22 18 37 0 1 36 4 47 20 41 44 37 15 47 13 13 2 4 27 39 43 16 
34 42 40 47 28 43 4 35 48 5 17 0 41 7 7 50 46 34 10 21 39 12 46 15 3 26 24 44 32 
10 1 31 31 18 7 39 27 47 5 9 11 0 44 36 44 40 21 25 40 7 14 6 20 17 19 5 4 38 
27 37 22 4 50 22 25 47 24 36 23 1 19 0 23 49 30 2 10 46 27 3 26 33 1 35 38 18 4 
32 15 13 14 3 1 1 11 33 5 11 22 11 47 0 16 35 3 39 39 41 8 40 16 9 9 28 35 1 
5 21 20 13 4 21 16 10 24 9 48 18 23 39 48 0 47 50 25 16 7 11 49 49 46 50 28 47 42 
50 4 6 26 16 50 7 13 36 49 18 41 31 7 11 44 0 42 21 18 19 43 19 10 35 13 29 40 6 
23 24 14 27 24 25 11 21 4 23 3 23 33 35 12 2 7 0 25 26 5 38 5 5 29 10 28 49 31 
44 21 14 37 11 1 40 12 35 41 17 6 47 40 41 19 19 46 0 37 8 8 9 28 38 3 36 19 18 
20 35 18 47 27 30 27 33 10 16 13 32 46 50 17 17 9 20 8 0 49 15 36 11 14 41 41 24 36 
44 26 35 25 33 23 43 1 23 21 30 17 14 9 10 3 33 5 13 9 0 42 12 30 33 28 21 4 34 
24 4 6 36 7 42 40 35 32 39 50 23 8 17 44 38 41 42 36 6 27 0 9 32 36 28 15 45 32 
46 2 47 13 20 9 27 19 16 44 11 22 19 26 22 45 6 41 1 25 18 43 0 43 37 36 48 7 16 
23 20 8 42 47 8 39 30 42 38 4 49 41 25 23 47 31 14 38 2 37 38 31 0 38 15 20 14 4 
9 10 28 22 2 11 47 47 37 19 26 12 37 42 3 18 38 3 35 44 21 47 6 22 0 11 6 30 35 
39 21 28 28 45 35 22 33 11 32 48 31 28 26 11 12 39 27 15 46 36 14 1 13 36 0 21 34 13 
4 6 12 47 32 12 8 16 42 48 18 3 21 21 7 6 5 5 16 45 36 44 34 35 41 34 0 50 25 
20 16 43 24 1 9 29 6 20 1 49 17 18 45 21 41 9 13 26 16 8 45 8 31 6 40 27 0 10 
22 28 7 48 12 34 46 27 6 44 2 12 42 1 37 5 6 50 27 42 24 44 26 28 9 35 17 26 0 
9 0 12 19 12 32 19 35 43 45 2 5 35 49 45 36 16 11 14 24 8 9 3 26 6 14 36 37 28 
3 29 0 39 28 17 21 19 44 26 41 31 24 17 45 11 4 46 42 43 30 9 10 18 46 12 10 18 6 
37 13 49 0 47 33 7 40 16 13 27 18 29 26 42 41 20 34 1 42 15 43 22 11 22 44 7 20 43 
11 44 17 7 0 4 13 8 13 43 34 42 10 5 45 42 19 25 14 4 18 20 49 13 11 19 4 13 15 
3 27 4 26 38 0 48 5 20 11 11 26 14 35 29 27 50 10 32 10 48 31 42 48 30 3 3 23 13 
32 6 39 1 50 43 0 10 17 31 16 22 7 41 22 9 14 39 41 33 42 22 13 2 37 44 15 35 11 
30 24 24 36 25 43 39 0 6 23 26 14 42 19 11 19 44 11 4 8 9 34 34 42 13 20 32 41 19 
4 2 8 35 9 50 37 7 0 43 37 32 48 34 3 41 13 28 42 23 12 44 8 27 40 8 26 27 46 
33 11 16 44 2 20 2 22 19 0 29 34 20 24 13 2 24 22 10 26 31 44 29 36 29 9 30 26 46 
25 18 28 33 23 41 25 32 21 39 0 47 15 2 19 45 49 8 4 38 32 7 4 18 48 1 47 2 4 
26 38 35 22 44 7 48 1 1 1 47 0 34 38 21 4 34 14 11 30 25 35 37 21 5 43 44 40 21 
50 31 33 27 40 22 6 33 5 25 21 45 0 22 44 49 7 8 5 45 36 1 35 34 40 17 27 19 40 
18 30 30 50 17 27 1 21 19 21 44 17 16 0 21 29 40 41 35 4 42 39 14 48 39 50 4 21 16 
47 43 10 13 3 16 16 26 45 21 28 45 43 28 0 39 37 11 28 21 31 6 45 50 32 24 28 2 5 
32 42 1 13 7 36 24 27 11 32 14 50 5 4 45 0 20 7 10 49 11 26 12 28 23 34 41 10 3 
43 29 39 26 15 12 44 4 21 16 39 7 5 12 27 29 0 15 21 26 3 1 31 25 14 29 41 29 21 
14 28 30 16 27 22 35 33 43 39 35 44 11 41 50 42 22 0 43 7 14 35 50 9 14 16 7 2 13 
4 26 47 24 33 24 41 43 37 23 31 33 28 45 36 26 36 32 0 43 10 31 33 43 36 35 15 36 14 
20 16 1 20 20 22 29 18 42 11 12 38 1 7 6 49 13 24 37 0 41 15 33 28 34 15 43 32 21 
33 12 40 18 38 27 23 21 23 11 14 6 17 18 35 25 21 6 9 25 0 28 44 24 11 29 45 50 38 
39 17 5 28 40 8 36 31 21 44 50 25 35 36 27 2 11 31 25 47 49 0 3 13 10 34 8 44 40 
38 30 40 43 27 35 32 6 6 37 17 9 33 4 4 28 6 35 41 42 18 23 0 50 48 21 3 40 36 
4 46 44 33 14 46 44 42 4 7 48 50 4 22 46 25 15 16 15 45 50 36 5 0 50 18 2 23 16 
31 42 23 24 46 47 2 11 43 34 46 37 11 13 24 49 37 42 39 46 27 25 34 5 0 39 46 37 19 
41 45 16 12 24 28 11 12 35 24 4 7 21 36 33 31 21 28 34 37 12 6 13 26 14 0 27 39 7 
9 18 36 50 11 33 20 49 19 34 13 33 3 12 14 14 38 32 25 42 43 3 34 12 13 50 0 7 36 
32 40 49 48 40 4 4 18 39 5 47 38 16 34 13 38 15 1 35 50 42 50 39 33 2 48 15 0 7 
34 24 38 11 27 35 17 29 35 16 44 49 9 47 25 34 35 38 27 9 40 47 47 13 16 7 44 33 0 
1 0 17 46 42 40 47 34 15 17 37 12 32 17 34 3 50 7 36 41 46 25 6 48 15 22 6 17 38 
28 26 0 45 20 41 35 28 19 20 2 9 13 13 11 17 48 26 46 42 7 44 47 6 31 17 49 9 46 
19 32 21 0 35 31 47 38 42 43 43 41 33 7 34 31 5 28 29 33 15 40 50 39 27 14 11 44 31 
20 15 4 42 0 26 33 1 38 32 24 32 17 24 25 6 34 5 10 50 11 17 1 3 38 17 45 6 19 
43 45 22 21 3 0 7 22 29 40 49 7 24 34 43 24 4 47 16 41 15 45 6 22 5 11 34 15 19 
12 16 26 32 27 32 0 46 37 3 12 14 18 4 28 45 6 3 27 27 25 28 50 41 1 4 42 25 38 
23 18 10 20 42 3 18 0 24 24 26 48 3 48 37 1 35 3 24 12 18 11 16 2 35 7 41 42 12 
26 25 29 35 7 8 14 36 0 3 44 26 1 10 22 33 27 30 25 27 41 49 6 49 30 31 8 28 8 
16 26 14 2 12 6 48 49 48 0 13 46 41 23 16 33 9 49 11 8 40 33 25 5 32 14 1 14 20 
27 49 5 50 31 7 21 27 31 24 0 39 5 24 35 30 18 30 37 18 34 23 41 31 20 50 38 25 41 
21 32 39 11 42 29 23 49 8 46 10 0 17 45 7 28 26 23 3 17 49 46 38 3 27 33 31 47 36 
18 35 50 43 33 31 6 49 36 28 13 46 0 13 31 10 34 27 2 39 17 13 6 48 47 22 27 45 34 
29 12 29 12 32 37 32 24 46 18 35 15 1 0 29 40 45 41 21 36 15 29 20 50 32 42 31 23 12 
38 3 22 7 36 23 21 24 50 1 14 26 50 37 0 38 10 18 24 16 34 16 3 7 1 41 31 6 10 
12 47 20 1 14 20 37 44 47 29 29 29 9 17 45 0 40 8 11 15 43 32 41 15 19 15 39 46 35 
47 21 16 5 17 11 12 4 31 13 12 31 1 45 13 40 0 45 37 26 50 8 18 44 31 16 14 29 22 
33 2 37 26 24 2 47 26 13 25 12 49 5 42 9 45 49 0 35 43 38 28 25 24 28 14 47 27 29 
28 36 40 4 33 41 21 30 27 37 7 49 48 37 28 21 26 28 0 45 16 9 49 32 32 22 41 44 8 
29 9 12 28 26 19 49 27 35 9 16 15 22 30 18 13 29 44 40 0 41 48 3 3 37 2 11 20 29 
5 8 33 42 47 13 1 19 26 29 23 30 38 1 37 18 12 30 45 30 0 32 20 3 28 2 3 11 27 
6 25 26 16 49 21 23 27 26 24 19 9 30 50 38 50 22 11 3 48 17 0 36 26 23 16 41 48 36 
6 6 41 44 3 24 13 1 3 8 31 18 28 10 42 38 12 36 1 32 32 3 0 6 41 1 14 11 20 
50 4 50 8 24 38 22 20 34 25 7 6 37 38 48 15 30 36 20 8 45 38 11 0 31 40 16 4 3 
50 1 44 39 14 44 1 50 8 23 44 41 38 22 5 37 29 46 45 45 6 42 11 15 0 44 4 26 13 
43 20 19 8 35 20 21 34 32 18 42 44 37 49 7 7 42 29 20 23 34 25 2 45 21 0 9 47 8 
40 29 45 11 18 38 7 39 5 37 7 19 2 21 6 11 4 2 8 8 36 5 24 15 34 4 0 29 19 
18 24 38 27 23 13 45 3 23 32 27 50 42 18 2 6 23 2 21 13 20 41 41 20 1 40 23 0 35 
6 30 27 15 10 39 21 31 49 31 46 40 27 3 38 23 26 9 16 18 3 18 43 33 33 16 49 28 0 
34 0 18 26 34 40 10 47 43 5 12 40 4 47 21 7 43 6 32 37 17 3 18 45 42 24 5 33 39 
38 45 0 33 44 40 44 48 32 5 13 50 17 7 45 19 14 20 13 21 32 12 50 27 1 30 33 25 16 
24 35 10 0 36 28 9 6 10 30 47 15 4 24 26 39 44 33 20 11 8 49 31 23 11 34 1 28 39 
18 32 15 8 0 19 32 8 21 3 14 40 48 40 9 34 23 49 18 9 36 11 34 19 11 23 18 17 43 
12 50 2 27 32 0 17 43 49 33 8 36 42 19 19 41 19 30 13 18 41 47 50 13 17 43 42 28 34 
13 4 35 2 16 15 0 9 4 13 13 17 24 17 36 41 42 33 17 18 43 44 1 31 10 50 27 46 12 
37 36 35 40 39 9 36 0 29 23 34 27 4 10 38 7 17 46 45 24 12 9 22 35 26 25 36 41 13 
24 26 2 39 19 48 18 27 0 29 28 35 8 50 13 20 49 41 15 34 6 44 14 15 6 3 35 3 16 
2 10 16 4 19 23 6 48 32 0 38 35 13 21 30 39 18 10 17 12 47 3 37 35 11 3 35 20 10 
11 47 36 35 45 2 26 20 13 32 0 39 28 8 23 17 3 30 22 36 15 26 47 46 37 23 7 13 16 
25 6 2 35 4 46 37 35 2 1 19 0 19 5 19 6 28 28 35 40 31 20 32 32 31 49 6 34 14 
2 50 13 38 39 11 46 8 31 5 25 12 0 36 32 2 29 3 18 11 8 42 19 9 38 18 33 46 43 
25 21 36 49 12 23 34 3 39 31 30 44 24 0 48 47 24 11 28 45 38 31 3 28 32 46 27 23 33 
42 25 21 7 16 3 34 11 19 26 50 13 48 50 0 40 23 39 17 34 44 22 35 28 40 39 8 13 22 
43 5 3 36 1 2 11 15 10 24 29 22 15 37 5 0 35 28 32 41 32 13 6 44 29 44 29 12 7 
48 31 18 8 40 12 19 15 23 15 13 47 39 26 13 15 0 39 13 30 36 31 43 13 8 18 31 9 37 
12 25 43 23 40 4 17 30 6 21 32 3 18 41 12 14 20 0 44 43 37 43 29 41 31 49 26 27 5 
19 11 40 10 4 32 3 49 23 40 7 36 9 34 10 18 31 28 0 18 40 31 49 38 25 39 22 45 34 
35 12 25 15 27 13 11 46 32 23 50 37 38 14 42 30 37 8 29 0 9 20 24 1 21 9 38 25 20 
23 16 21 32 38 20 15 11 16 43 9 47 24 14 36 9 29 32 2 18 0 8 9 38 32 44 36 14 11 
12 4 7 40 38 41 23 16 2 19 49 19 49 31 14 45 49 32 36 6 38 0 42 43 27 36 7 13 15 
28 40 38 2 6 4 50 13 37 20 9 33 42 21 7 11 33 34 19 27 45 44 0 33 13 50 9 24 20 
11 30 4 31 29 9 39 13 31 48 13 46 32 2 8 30 23 4 15 18 35 33 45 0 2 38 36 20 35 
8 26 3 48 30 30 2 8 16 28 5 33 32 45 30 36 22 24 46 44 36 4 40 47 0 44 7 35 28 
36 2 44 43 40 4 6 6 46 15 16 2 50 1 14 45 49 33 36 41 4 9 31 15 41 0 27 49 4 
36 6 4 24 46 25 22 14 35 12 44 29 40 24 41 7 9 44 44 36 40 45 48 12 22 45 0 25 27 
22 30 2 13 6 2 21 40 12 42 7 26 29 50 10 37 39 8 1 31 19 25 6 47 33 13 14 0 41 
9 42 2 1 50 46 43 6 11 31 23 39 3 2 46 18 38 19 7 41 35 11 24 15 45 44 9 47 0 
24 0 6 31 43 38 30 32 20 40 7 26 34 8 5 27 9 35 13 28 18 30 39 10 15 7 24 6 48 
19 38 0 7 6 37 46 33 5 1 30 1 24 20 26 28 31 43 24 33 31 34 15 30 32 17 42 18 36 
46 16 37 0 15 24 34 1 3 50 20 47 13 23 22 8 6 12 5 48 4 12 29 22 33 41 26 14 4 
8 25 40 46 0 28 47 10 36 44 36 50 36 26 25 32 24 27 21 9 12 8 25 20 13 45 15 25 17 
44 4 24 49 21 0 47 45 26 31 2 35 26 13 23 13 26 5 12 28 37 48 49 7 21 17 2 47 34 
5 28 2 13 23 43 0 42 40 13 1 16 30 31 6 44 26 37 34 50 35 13 44 8 33 37 38 20 45 
48 4 32 19 50 11 22 0 4 50 22 3 20 32 23 14 4 47 49 6 43 6 31 34 34 3 12 22 11 
20 19 27 35 24 47 43 9 0 20 48 30 20 35 41 26 15 31 30 4 40 31 5 37 39 32 28 39 17 
20 49 16 39 40 11 34 32 46 0 19 47 35 31 5 35 49 20 37 8 16 5 20 4 23 9 33 31 16 
33 39 3 47 8 26 40 21 32 41 0 31 24 7 45 20 13 34 20 10 26 20 38 19 46 20 24 13 1 
46 44 30 7 31 19 50 8 16 50 27 0 6 16 14 18 29 6 34 10 11 50 42 39 39 23 5 46 45 
20 8 28 35 13 39 26 38 11 24 44 38 0 46 13 47 35 43 4 10 6 20 40 41 36 14 3 2 5 
5 42 35 26 23 5 38 9 23 42 43 28 39 0 30 18 32 41 22 15 38 45 5 47 20 46 40 25 30 
18 42 22 11 38 22 34 20 40 18 16 42 25 39 0 12 2 12 32 18 40 23 9 45 42 38 14 10 1 
46 15 31 33 30 8 42 31 21 32 41 17 47 48 43 0 24 7 24 13 6 43 45 8 14 23 35 8 9 
48 30 24 24 12 34 25 25 37 33 12 17 48 32 32 30 0 42 2 44 25 17 21 36 15 1 4 8 1 
8 17 11 45 1 33 34 41 9 17 6 14 23 18 37 25 12 0 47 9 12 14 28 23 22 42 34 43 27 
45 10 24 8 26 25 18 21 22 18 17 15 48 42 22 26 47 30 0 2 49 35 11 3 5 45 47 38 30 
45 40 4 17 41 8 46 50 44 48 39 49 50 17 3 45 30 45 14 0 23 7 48 26 12 32 44 43 34 
7 19 13 29 38 38 26 33 14 50 25 41 46 22 32 49 42 3 49 18 0 9 8 25 1 34 16 24 48 
15 42 35 47 16 13 43 25 35 10 12 13 41 21 31 30 20 23 28 35 16 0 27 21 30 45 25 26 50 
44 13 46 22 15 29 18 23 15 29 26 33 30 7 15 32 42 37 28 38 27 46 0 31 12 39 40 32 39 
21 6 2 41 37 43 32 23 15 40 49 12 3 9 15 42 47 45 5 10 12 39 38 0 9 48 38 24 49 
32 34 34 26 48 30 2 10 27 36 46 37 26 43 18 2 39 16 35 19 31 40 15 44 0 35 23 27 33 
19 44 44 50 20 34 41 31 6 23 15 24 7 6 15 12 49 18 35 20 22 36 20 33 4 0 6 19 42 
20 41 41 25 4 20 42 34 42 47 18 43 2 37 46 16 1 12 12 25 25 3 46 17 39 7 0 11 33 
24 11 47 15 15 50 12 16 32 40 21 37 15 32 20 2 1 42 19 36 41 5 32 42 44 44 18 0 17 
45 25 37 47 9 10 11 31 1 3 28 2 26 31 34 11 41 26 10 44 34 44 16 47 38 26 43 20 0 
30 0 5 22 21 32 45 21 8 4 24 28 6 22 39 2 48 15 17 10 10 21 21 1 18 35 24 34 2 
9 41 0 9 34 18 41 2 47 32 7 21 31 10 27 8 18 48 5 23 45 43 19 32 21 16 33 49 9 
4 4 37 0 9 11 20 49 13 15 45 39 31 38 5 16 8 47 29 1 44 14 34 21 30 2 40 10 41 
9 39 18 35 0 42 44 43 29 20 12 21 40 28 45 3 3 17 42 8 38 3 24 25 38 32 5 46 20 
33 8 7 22 10 0 9 5 27 28 4 39 44 12 38 39 35 9 11 17 19 32 18 14 10 33 23 38 35 
14 31 4 38 49 24 0 46 13 6 49 30 20 41 27 26 14 4 14 26 15 36 40 29 21 39 28 39 16 
44 47 40 38 21 20 13 0 48 50 2 46 39 43 26 30 10 32 48 28 5 43 1 7 19 48 24 50 25 
2 33 49 21 35 31 20 10 0 10 43 49 22 14 29 14 2 18 37 23 11 11 19 40 42 50 34 23 44 
40 21 41 48 21 39 46 17 3 0 25 5 13 7 20 1 39 50 7 42 15 38 5 1 11 1 39 14 33 
44 8 22 1 8 26 20 39 2 1 0 1 25 33 47 50 44 33 10 5 41 19 1 43 44 42 9 7 36 
21 30 48 32 25 13 24 46 4 4 6 0 31 1 12 38 49 6 18 32 41 6 8 29 41 35 24 15 43 
16 28 9 49 19 35 19 23 4 19 1 21 0 24 4 40 30 5 24 41 7 14 44 38 25 28 16 30 13 
2 7 48 2 48 31 31 26 45 7 12 16 43 0 16 46 37 17 12 18 3 18 50 36 11 34 8 30 22 
40 35 21 4 5 7 21 48 21 49 23 43 23 14 0 35 49 12 25 15 49 48 2 8 17 49 28 45 3 
21 38 19 41 1 9 37 11 36 9 11 37 45 49 16 0 18 40 25 30 5 15 38 49 9 44 32 24 39 
27 5 5 28 12 19 27 34 31 32 42 15 28 25 13 4 0 14 28 4 50 36 40 28 24 49 41 38 33 
40 10 47 20 35 48 34 32 5 34 26 26 22 33 38 8 34 0 15 27 40 26 46 45 16 28 25 3 37 
28 32 30 21 31 45 45 21 35 23 30 30 42 32 50 31 3 29 0 29 4 3 21 41 34 14 49 7 44 
16 32 42 11 45 48 4 23 4 5 45 27 38 17 23 12 35 47 49 0 45 47 14 14 50 46 50 34 8 
42 46 8 33 39 1 6 4 31 20 36 44 28 27 27 49 34 2 16 37 0 48 29 49 18 1 12 48 2 
18 43 15 46 14 47 32 9 48 13 39 38 11 19 31 16 12 5 18 21 38 0 16 17 45 35 48 10 13 
48 40 33 27 4 5 36 38 5 40 31 32 45 19 1 22 13 29 26 30 49 34 0 6 46 45 28 15 3 
26 21 12 17 37 20 11 8 30 13 34 7 33 44 11 23 24 36 26 19 15 46 32 0 6 22 31 15 14 
35 37 32 27 41 33 12 34 29 15 45 26 8 44 42 1 45 20 47 6 23 34 23 9 0 2 46 39 31 
40 6 45 7 6 48 24 44 31 8 17 1 32 28 44 10 41 1 12 21 4 31 12 3 35 0 10 42 1 
15 23 25 45 45 32 45 23 20 39 20 11 20 48 20 37 4 47 24 46 40 13 19 2 35 18 0 27 9 
45 43 22 47 6 24 30 9 34 22 7 50 34 22 41 2 31 1 1 7 12 25 49 38 36 47 11 0 3 
5 23 10 27 5 36 29 27 17 24 6 47 19 12 4 32 41 25 12 19 22 17 22 35 18 21 48 20 0 
44 0 35 11 9 13 28 4 12 13 30 46 48 43 15 35 7 46 5 38 1 22 18 48 12 35 42 31 39 
2 26 0 10 34 39 9 33 33 13 47 35 42 8 43 20 11 29 15 27 8 32 15 39 13 33 47 49 27 
37 50 25 0 21 47 16 10 37 21 12 10 34 32 3 44 50 20 47 44 30 49 38 33 21 16 24 8 38 
38 47 2 42 0 11 7 47 14 22 14 45 43 33 33 40 17 5 43 27 30 21 40 44 36 4 20 28 49 
17 4 6 24 8 0 23 50 25 11 18 24 25 6 31 28 7 2 1 47 16 49 17 16 24 48 28 17 48 
3 16 39 42 30 48 0 47 19 8 22 35 11 34 15 6 38 19 2 24 40 13 37 34 3 23 12 1 1 
39 33 27 31 6 2 22 0 46 29 33 46 8 35 9 50 31 17 36 32 35 11 29 5 46 5 28 36 17 
32 37 19 18 48 46 30 26 0 46 5 6 33 43 10 9 36 6 17 6 4 38 4 36 37 30 17 41 11 
28 31 27 28 17 6 15 43 15 0 29 11 39 30 24 36 13 31 50 42 1 20 19 40 38 23 32 30 28 
1 32 38 32 6 20 48 15 29 28 0 16 38 46 17 22 28 7 17 25 14 19 24 7 31 25 40 42 10 
41 39 6 35 27 38 42 34 41 29 34 0 10 27 21 34 3 35 5 6 3 48 12 32 7 8 16 10 27 
25 8 7 17 29 39 24 41 23 31 12 9 0 26 39 38 28 33 15 38 48 41 4 47 21 34 39 13 29 
7 49 28 11 28 15 9 33 23 18 32 39 47 0 44 31 4 44 48 27 9 25 5 24 43 29 12 37 22 
12 37 33 40 27 45 34 24 4 1 31 11 31 5 0 5 16 34 50 1 47 23 43 27 37 13 4 5 2 
26 36 33 16 29 37 22 37 36 42 13 3 10 8 1 0 43 18 16 29 21 50 9 9 30 12 40 49 19 
10 46 28 23 41 32 49 18 19 15 33 44 34 19 30 43 0 38 49 37 16 43 35 20 47 25 35 2 17 
27 4 5 39 39 3 27 40 15 40 12 28 9 33 25 3 34 0 36 38 32 29 17 42 13 4 33 27 26 
27 32 48 6 31 32 42 16 10 45 5 31 42 41 29 48 37 9 0 8 10 10 17 14 40 48 21 38 10 
12 43 36 6 27 2 14 33 42 6 48 27 42 10 44 39 31 7 40 0 39 39 45 26 45 26 17 16 10 
19 9 9 10 45 32 5 18 10 50 5 40 27 46 6 32 11 31 19 1 0 24 25 10 41 31 50 22 17 
17 41 31 10 37 5 15 34 48 39 33 10 6 26 30 32 3 1 12 44 39 0 45 34 46 48 15 36 44 
49 19 30 45 10 38 1 19 19 45 4 23 31 22 35 23 48 9 46 48 45 29 0 39 31 38 29 28 23 
8 35 12 22 19 22 35 30 10 38 1 18 26 11 13 9 47 39 13 17 11 11 49 0 39 20 38 49 21 
30 49 8 32 10 28 12 35 33 32 5 10 38 5 14 10 9 28 23 35 17 31 34 49 0 16 12 12 47 
37 24 3 31 23 15 50 11 31 19 9 49 50 29 26 16 35 4 30 6 48 39 31 42 16 0 15 5 50 
16 9 16 49 16 15 48 10 30 24 38 23 6 4 29 40 20 25 35 39 5 19 15 13 32 7 0 50 48 
43 11 16 8 10 50 45 22 4 11 33 36 31 17 36 12 17 7 50 44 11 41 23 42 31 17 46 0 48 
45 3 17 10 15 50 17 20 9 30 13 7 9 8 37 10 42 49 8 38 34 3 47 25 7 7 38 3 0 
39 0 24 27 44 5 48 27 1 44 23 21 32 50 16 3 37 45 44 35 4 5 13 50 32 10 8 14 42 
7 43 0 3 9 13 15 32 35 4 20 2 12 31 36 17 19 29 27 39 18 1 11 31 13 22 35 48 26 
24 46 35 0 47 34 35 45 2 21 13 20 36 35 19 34 25 42 24 23 20 47 31 4 33 20 47 42 47 
12 40 37 28 0 17 7 11 8 36 5 28 46 41 15 49 16 8 3 33 32 28 7 22 49 12 29 29 44 
42 2 28 38 44 0 49 40 31 26 42 20 29 8 26 40 37 46 28 29 32 33 38 26 18 15 10 20 6 
19 39 16 38 28 18 0 17 34 28 41 3 43 26 18 40 16 33 5 25 2 17 35 4 35 1 47 11 4 
26 11 24 34 30 35 13 0 38 26 33 1 41 9 7 10 5 26 36 7 15 49 10 35 10 36 18 40 35 
36 32 38 32 7 13 8 18 0 18 19 14 42 6 3 41 1 4 35 44 11 25 49 9 15 40 46 6 16 
26 14 48 12 45 28 3 44 46 0 19 34 47 49 43 37 7 23 16 10 46 20 35 6 2 25 29 10 37 
24 23 43 11 8 42 42 5 22 2 0 47 28 1 47 5 36 1 48 12 33 12 2 43 25 37 11 47 41 
8 46 38 17 19 16 21 23 27 23 39 0 7 2 33 36 21 19 32 46 24 30 21 2 28 17 28 26 22 
31 18 25 48 46 1 48 26 15 31 10 35 0 27 32 9 29 9 6 31 29 16 23 6 5 15 23 11 37 
45 11 50 41 41 49 43 9 49 42 12 1 36 0 11 7 39 23 11 47 49 13 23 19 12 47 47 6 9 
13 20 33 23 40 11 31 4 31 19 45 28 40 50 0 30 17 44 31 44 6 16 17 33 5 27 13 25 22 
42 39 44 44 43 35 47 29 10 39 11 26 31 3 9 0 5 17 20 9 13 44 3 18 17 3 1 43 47 
38 29 47 27 36 9 13 43 25 1 35 5 4 1 8 6 0 20 19 26 14 9 28 39 8 4 13 29 40 
21 28 42 43 43 1 42 31 43 34 40 22 41 17 30 16 35 0 5 9 43 45 13 47 35 26 29 38 10 
40 40 23 24 30 23 22 48 10 43 12 4 10 27 13 36 29 4 0 24 42 49 23 23 50 5 37 45 8 
32 7 18 14 13 33 42 3 11 17 43 18 45 33 7 43 43 5 34 0 18 50 11 6 22 6 47 11 18 
17 24 20 44 28 14 16 3 25 48 42 27 36 11 26 13 12 6 48 17 0 17 31 7 50 4 27 9 21 
1 46 9 17 22 24 37 38 48 49 40 31 17 4 18 45 14 7 33 40 36 0 44 11 50 49 45 1 36 
17 20 41 2 6 45 3 30 40 26 6 12 24 38 15 13 17 17 1 14 14 13 0 36 47 45 19 36 8 
35 10 18 28 24 1 22 28 9 39 26 22 1 39 6 39 1 21 16 48 29 49 33 0 32 44 38 23 5 
35 44 7 37 10 46 45 30 8 29 39 23 17 38 5 29 42 30 13 26 8 48 47 24 0 3 38 29 37 
27 36 34 37 29 17 44 16 32 39 12 6 44 26 31 23 33 44 32 42 45 5 40 15 25 0 48 48 38 
48 33 34 22 17 9 4 22 45 2 45 50 45 40 47 4 18 7 32 32 17 24 42 10 7 38 0 43 23 
47 19 12 32 20 7 19 50 5 41 40 36 23 10 28 31 49 33 47 5 9 37 48 18 16 16 21 0 24 
42 25 16 30 16 32 26 26 40 14 30 39 22 48 49 28 18 46 10 7 46 11 11 24 41 38 15 11 0 
22 0 44 16 5 36 45 8 31 25 10 21 42 35 2 42 36 3 9 34 11 38 21 1 20 6 14 28 32 
14 42 0 39 28 17 16 5 46 48 26 3 27 40 18 3 8 26 19 23 45 20 25 22 32 4 4 23 2 
44 46 49 0 22 18 27 18 33 22 43 25 19 48 46 39 28 6 8 21 20 18 43 45 38 41 34 12 39 
21 7 25 14 0 43 4 3 2 27 32 9 14 1 21 37 34 45 5 47 25 37 45 27 47 33 3 34 2 
2 11 31 35 15 0 29 13 15 19 11 27 44 44 37 1 25 49 8 20 48 6 11 44 37 37 38 3 27 
31 28 31 40 20 1 0 1 16 1 25 49 22 9 23 16 34 29 3 31 1 44 2 48 26 34 37 47 41 
18 45 48 27 27 36 35 0 41 31 37 24 43 36 35 25 24 9 48 40 34 46 11 9 34 7 2 33 30 
31 6 7 34 5 10 49 7 0 28 23 45 23 39 26 4 42 29 39 15 9 28 25 17 37 48 13 46 8 
36 14 21 25 4 6 11 25 30 0 41 39 27 37 18 47 37 3 17 46 20 7 17 5 19 38 24 2 6 
40 21 37 42 14 41 21 14 2 20 0 19 34 16 29 13 39 50 39 23 10 29 30 34 31 18 26 1 19 
9 2 38 30 4 5 36 10 5 48 13 0 46 47 33 35 33 49 13 5 29 5 17 19 50 2 42 28 10 
38 6 24 38 41 2 6 1 33 40 30 12 0 44 3 35 3 26 28 14 47 46 1 33 6 22 23 15 43 
33 38 29 12 27 27 23 49 24 25 6 45 27 0 35 1 9 33 44 36 2 33 17 24 25 29 32 14 37 
24 18 17 18 38 13 18 45 12 19 35 17 31 36 0 29 1 22 19 20 12 1 24 24 28 38 14 11 17 
15 5 33 45 13 36 26 6 9 38 8 15 17 6 48 0 14 9 19 21 47 38 23 3 11 13 3 36 50 
45 39 31 25 3 1 31 7 36 41 5 45 10 24 43 34 0 12 6 45 45 26 10 20 19 43 14 30 42 
2 22 32 10 50 27 12 20 8 34 12 16 26 41 28 19 15 0 27 38 15 31 19 50 8 9 42 24 35 
20 12 33 39 22 39 6 15 9 45 45 34 12 24 26 28 44 29 0 20 36 32 2 5 16 27 16 12 33 
23 25 2 9 3 27 1 47 1 23 45 37 36 14 10 21 32 4 3 0 7 44 22 15 30 22 39 3 19 
7 17 13 7 28 23 42 35 43 36 31 35 23 30 27 21 35 34 50 18 0 42 34 35 23 13 5 40 1 
10 22 38 15 24 33 40 35 11 39 9 14 23 26 29 46 24 18 35 14 45 0 44 46 38 40 35 27 23 
33 41 44 24 33 41 25 21 49 17 11 41 41 43 11 46 26 36 46 17 6 39 0 50 45 21 27 7 17 
27 50 26 39 6 17 3 20 45 36 31 32 1 8 48 8 7 44 24 3 33 50 13 0 4 40 10 18 44 
42 49 4 7 35 9 45 49 41 23 36 24 40 41 2 40 5 15 17 49 42 42 38 28 0 3 4 34 27 
37 22 50 46 50 9 29 46 32 25 47 43 14 49 17 35 8 50 13 43 49 23 49 25 44 0 19 3 50 
12 26 4 31 25 18 12 19 23 40 25 32 13 6 8 31 19 24 35 43 26 3 20 4 42 42 0 29 15 
24 26 3 31 6 30 35 7 22 16 18 47 37 48 13 19 26 32 31 43 15 19 7 20 34 11 25 0 9 
7 50 40 34 40 48 46 47 37 44 26 33 22 2 10 3 7 39 6 28 41 1 29 10 12 36 50 6 0 
20 0 33 47 46 5 27 50 22 27 35 7 39 2 16 32 32 7 48 22 13 9 5 14 46 5 47 18 7 
22 30 0 23 4 49 41 28 5 47 30 28 45 3 38 26 23 32 17 26 25 20 47 4 15 14 37 47 15 
20 2 41 0 9 9 44 50 47 12 4 41 12 39 28 35 27 20 28 11 21 29 42 14 38 22 44 37 26 
26 9 40 13 0 44 13 35 46 40 20 37 10 39 29 11 29 27 15 37 42 12 28 45 37 26 26 37 29 
39 3 38 16 7 0 24 22 4 14 28 18 26 43 40 38 50 42 2 33 50 31 35 12 7 8 46 15 48 
14 4 37 19 27 7 0 8 37 33 21 3 16 8 8 16 49 47 12 49 23 41 46 46 25 44 38 48 4 
42 31 9 12 10 24 41 0 11 42 50 49 37 32 1 17 21 49 18 42 24 20 13 11 47 47 43 8 18 
8 12 25 40 9 5 45 3 0 13 42 6 34 18 6 8 47 13 13 41 40 29 26 27 27 46 25 35 30 
20 12 15 18 17 23 3 30 26 0 10 28 28 7 15 8 7 12 8 7 14 5 15 35 34 3 18 40 32 
35 49 44 35 20 16 33 1 28 39 0 18 45 3 29 22 3 36 13 34 15 19 21 15 38 18 21 25 6 
28 32 15 49 34 22 45 27 17 43 9 0 42 32 7 29 23 41 12 12 27 43 33 48 41 35 25 14 15 
34 7 17 49 41 28 24 47 24 20 12 32 0 34 45 36 44 4 42 33 12 42 43 48 7 10 49 13 46 
34 25 15 9 8 31 44 11 26 10 2 5 34 0 33 50 22 50 30 44 49 47 5 37 43 42 2 23 42 
9 11 40 42 15 28 14 49 6 4 24 3 1 26 0 18 45 41 29 29 10 43 27 8 31 6 15 50 29 
39 22 17 7 9 3 2 16 21 10 40 7 20 1 17 0 47 7 42 48 21 37 42 2 14 24 13 49 33 
3 10 37 1 28 35 11 34 37 18 44 49 25 3 25 32 0 40 22 41 43 11 12 24 14 17 29 43 47 
20 4 33 47 5 19 13 11 23 39 29 36 41 33 10 40 48 0 50 47 34 18 20 24 2 23 7 23 42 
36 23 34 50 42 14 14 34 35 48 45 6 41 14 10 1 44 5 0 2 28 3 35 16 18 33 9 29 50 
30 32 24 48 46 21 26 50 5 30 44 27 19 26 6 1 6 41 44 0 5 11 24 8 18 5 46 40 2 
7 17 17 34 35 14 5 3 25 47 11 20 38 10 47 15 12 26 9 27 0 30 16 13 42 16 25 39 7 
24 6 44 1 32 25 43 39 13 10 42 5 21 3 27 9 31 24 17 2 27 0 44 6 29 37 13 22 42 
4 26 19 11 25 49 30 19 4 10 39 14 17 8 3 3 35 5 6 27 40 4 0 11 42 9 38 30 30 
50 15 15 19 3 2 35 37 42 32 30 23 23 8 6 22 36 3 35 20 42 4 45 0 32 8 46 3 50 
15 27 2 38 20 50 20 39 46 21 12 16 24 16 11 3 25 34 4 32 49 40 7 6 0 4 11 39 46 
21 33 11 8 49 35 22 15 30 43 4 24 39 17 27 15 42 19 46 27 43 42 8 25 42 0 21 2 26 
21 46 34 10 11 24 19 13 10 4 17 40 44 47 24 33 30 31 43 32 14 42 15 35 15 13 0 4 29 
25 37 17 28 34 47 45 35 9 45 13 16 49 14 5 38 2 7 33 47 19 26 45 11 28 20 12 0 29 
32 49 45 49 21 41 38 23 38 39 7 47 3 39 24 36 18 28 34 1 38 28 34 9 30 7 10 50 0 
43 0 6 1 14 36 16 4 10 50 15 46 8 26 33 50 13 1 37 45 30 2 9 44 1 36 12 42 4 
16 37 0 20 14 31 39 31 33 39 43 12 37 36 14 37 4 33 26 26 5 28 21 9 43 13 31 49 35 
13 50 29 0 24 25 50 44 13 45 32 28 38 3 18 25 8 26 8 44 38 22 40 18 10 37 37 27 46 
29 27 2 50 0 41 46 20 39 15 38 13 37 20 24 9 2 49 38 3 11 47 1 18 5 37 11 13 23 
33 19 38 38 24 0 49 35 19 31 28 48 7 48 36 44 38 46 8 19 49 32 17 12 49 34 17 50 28 
9 47 13 30 33 48 0 7 46 50 25 14 22 39 40 21 21 41 47 13 11 8 31 10 30 42 15 42 16 
8 40 5 7 49 8 11 0 35 15 18 24 1 29 49 39 21 44 47 10 42 46 41 8 38 4 39 21 29 
38 34 39 19 6 41 38 10 0 21 7 23 32 30 37 6 24 23 12 33 9 42 39 37 45 6 1 21 17 
33 18 4 11 37 33 47 32 30 0 6 46 39 12 29 1 38 25 28 12 10 36 34 15 42 7 12 37 50 
48 44 13 5 21 21 28 4 4 13 0 45 48 40 24 45 18 17 45 48 14 38 50 21 28 39 11 32 49 
3 12 5 25 47 48 35 36 43 41 18 0 41 2 48 35 13 33 15 20 12 40 47 25 13 15 23 12 48 
23 36 17 10 40 29 1 42 9 21 2 43 0 39 9 26 27 27 8 13 41 15 9 46 25 42 20 10 7 
37 43 11 24 36 37 14 8 25 9 2 23 47 0 43 5 13 13 27 24 31 21 49 36 8 11 22 34 15 
40 42 19 20 19 44 5 17 11 29 8 3 46 19 0 3 19 6 40 44 23 5 33 12 15 47 30 36 39 
7 3 13 14 4 49 18 33 40 32 5 3 39 39 3 0 35 20 22 35 2 46 17 2 22 28 11 11 7 
30 4 24 40 8 16 10 8 16 44 49 47 2 20 29 25 0 36 41 34 17 31 28 45 26 45 35 43 40 
2 42 37 43 39 11 4 37 8 15 46 23 29 46 20 27 23 0 38 1 27 39 28 36 38 27 45 27 3 
9 49 45 24 24 20 7 24 8 6 9 41 17 43 17 21 46 12 0 38 36 8 19 3 8 34 17 2 24 
6 49 17 44 35 2 28 10 21 22 50 9 39 46 20 18 30 10 10 0 46 11 16 42 16 7 41 45 41 
46 38 41 7 19 33 18 9 40 15 7 16 16 8 1 25 13 29 47 13 0 49 36 29 24 7 7 14 41 
8 1 38 44 7 37 14 34 31 43 41 7 29 12 29 15 4 45 31 4 16 0 18 4 29 44 33 42 11 
10 17 50 13 19 28 1 39 28 13 9 30 44 18 44 20 39 41 34 38 8 14 0 21 13 27 11 26 41 
48 9 1 25 45 4 24 14 43 29 38 1 11 40 37 41 36 1 10 48 24 34 40 0 4 49 4 4 46 
47 38 37 9 3 11 42 19 13 35 35 40 44 30 28 11 3 34 28 18 27 30 28 26 0 1 28 17 15 
20 48 27 41 1 29 18 6 43 29 49 50 49 19 29 2 17 20 5 44 6 30 1 16 27 0 36 19 17 
10 12 9 25 44 27 50 16 8 44 40 16 13 23 18 24 35 29 20 9 2 27 9 31 23 24 0 9 40 
47 12 15 16 10 1 46 32 21 25 6 22 19 13 44 23 31 40 32 34 12 27 31 49 16 10 15 0 34 
3 28 2 21 19 10 19 47 30 25 6 12 27 37 4 11 23 49 41 40 33 37 50 34 43 26 28 20 0 
31 0 17 50 1 36 13 29 43 23 36 4 9 44 47 44 7 35 20 7 26 24 21 26 18 20 26 1 17 
28 19 0 29 43 33 49 17 13 25 6 26 15 8 11 38 38 45 32 46 37 43 44 50 23 19 3 47 11 
41 33 31 0 11 13 13 15 5 7 11 27 46 31 31 32 29 44 43 18 14 33 38 23 39 31 14 24 35 
19 6 25 30 0 3 6 22 43 25 16 2 46 46 34 31 35 5 1 6 13 13 21 29 26 36 34 28 4 
10 43 30 49 40 0 31 36 1 36 47 43 25 9 39 5 29 42 23 18 49 7 39 34 31 8 11 22 49 
27 50 45 19 28 19 0 34 32 37 4 6 15 49 31 49 8 8 32 5 24 16 1 35 13 16 30 47 22 
10 49 41 29 10 37 25 0 37 3 24 47 40 6 23 43 38 17 3 50 27 40 26 24 27 7 48 33 26 
15 32 4 49 23 12 23 38 0 14 27 6 13 6 13 6 34 35 15 18 44 9 47 46 14 30 20 33 34 
26 14 23 12 4 49 22 21 21 0 49 17 45 1 5 24 41 48 38 21 27 21 40 42 43 30 40 18 18 
36 40 19 4 30 39 12 50 5 45 0 9 8 42 35 14 37 48 24 43 4 23 6 17 43 49 6 14 37 
22 30 32 14 31 4 36 31 30 14 15 0 12 44 25 36 4 29 14 36 37 27 6 45 7 47 14 45 31 
24 27 6 24 26 26 28 25 13 45 27 38 0 50 33 7 35 10 32 11 49 20 13 14 36 21 28 10 17 
36 26 17 18 9 6 8 4 8 41 36 19 47 0 12 41 34 37 48 37 45 49 11 47 16 3 47 11 11 
13 21 4 49 16 12 40 38 28 10 30 45 26 4 0 27 19 47 43 3 9 23 30 49 23 41 16 18 25 
29 2 16 13 45 47 41 38 38 37 3 35 22 4 6 0 27 19 43 19 45 35 29 19 11 44 2 39 34 
22 31 9 50 44 16 9 27 45 18 50 29 14 39 31 10 0 41 18 38 20 24 22 5 48 47 24 41 50 
34 6 19 44 8 7 17 7 29 3 42 7 45 30 33 2 43 0 41 32 46 48 10 20 26 15 20 10 50 
27 11 4 21 25 9 44 40 49 7 21 7 23 24 32 38 27 31 0 25 44 40 4 5 7 43 46 2 24 
36 43 29 39 48 17 31 18 50 21 33 37 37 44 3 37 20 25 23 0 25 28 33 50 35 46 16 11 24 
6 47 28 30 7 20 4 7 28 33 10 6 44 14 39 6 49 38 8 46 0 1 19 38 18 23 28 46 4 
44 45 44 32 7 7 13 3 43 3 30 18 40 47 9 38 15 17 31 15 44 0 44 36 8 9 15 23 38 
10 11 7 29 24 1 13 34 39 29 50 37 2 37 13 46 9 40 6 5 10 1 0 4 6 48 32 10 50 
9 37 23 42 34 25 43 33 47 2 44 39 34 25 49 37 18 44 14 7 31 41 50 0 19 10 19 28 10 
8 1 31 43 42 14 26 2 6 8 3 27 45 31 49 7 46 17 22 36 2 17 38 5 0 19 3 20 18 
38 5 33 16 48 34 26 46 21 2 48 21 50 47 32 11 41 37 13 1 42 43 23 43 48 0 43 8 41 
14 27 24 39 44 8 15 1 25 38 29 12 5 4 37 45 20 1 36 5 35 27 15 32 40 19 0 27 45 
32 41 18 6 26 35 33 44 28 9 27 42 33 31 37 3 8 2 46 39 6 29 23 47 7 4 7 0 37 
13 43 50 25 32 20 19 34 20 24 36 20 22 43 17 12 25 44 23 4 41 12 24 38 23 39 39 4 0 
18 0 22 49 23 29 47 32 36 10 2 11 13 13 3 34 35 17 27 17 14 13 12 23 13 31 3 46 2 
19 12 0 2 44 31 16 17 49 25 14 41 26 12 31 2 24 34 10 42 39 29 40 22 47 22 26 42 7 
50 36 42 0 27 1 31 18 49 50 18 32 47 37 35 10 3 36 42 2 32 10 49 30 21 12 7 24 29 
40 6 23 6 0 25 10 50 39 22 15 25 32 13 4 24 17 29 46 3 44 30 20 11 30 24 10 47 1 
7 22 15 44 7 0 39 10 45 45 27 23 27 36 22 31 21 18 21 19 7 26 14 43 17 5 31 50 20 
45 43 32 16 14 49 0 33 1 50 31 25 25 45 30 22 2 24 27 8 9 39 40 13 4 41 41 26 44 
29 49 40 27 40 40 50 0 3 46 7 14 37 39 31 22 37 47 45 13 46 42 41 43 29 23 41 32 5 
31 28 25 24 24 39 22 1 0 41 48 36 5 31 20 6 17 13 21 20 9 19 26 7 46 28 30 2 38 
6 12 5 49 8 45 22 18 33 0 41 14 1 9 21 46 49 10 8 16 23 35 27 16 2 22 24 37 6 
21 29 46 45 37 34 45 30 44 37 0 48 36 49 39 35 23 8 20 50 49 30 9 37 21 14 30 4 30 
47 3 28 35 9 16 47 4 46 19 14 0 26 26 17 6 23 11 31 24 47 43 43 45 2 24 38 26 13 
43 25 31 8 31 16 34 41 10 13 27 33 0 42 31 28 39 6 25 23 14 3 15 11 34 6 7 37 4 
8 26 11 21 41 34 12 21 39 7 45 10 33 0 15 13 48 4 42 5 12 16 6 46 50 15 13 10 28 
14 48 2 25 30 31 34 35 2 6 43 8 20 8 0 1 50 30 14 31 39 2 13 30 15 2 25 39 3 
30 12 6 28 24 34 7 41 6 21 31 3 32 29 46 0 49 50 48 43 9 5 47 20 2 32 22 27 2 
19 37 23 5 42 31 6 41 50 15 34 36 1 11 45 10 0 33 28 7 24 17 32 15 5 32 31 48 33 
42 5 47 3 8 6 23 19 48 26 12 1 24 6 49 36 14 0 7 8 45 3 10 19 4 16 3 35 37 
22 19 23 12 34 23 49 46 18 32 29 46 38 26 13 8 17 6 0 1 12 34 30 41 26 23 3 31 32 
36 43 38 5 22 36 47 29 3 50 18 1 7 3 18 32 29 13 7 0 27 48 12 37 10 3 23 4 43 
28 48 39 31 42 18 11 25 45 24 25 2 30 34 5 18 39 50 6 31 0 13 10 48 11 47 4 35 24 
7 28 3 49 33 5 2 6 11 38 9 40 42 43 38 5 39 6 48 14 8 0 20 21 3 18 23 31 19 
1 29 35 39 33 37 19 17 21 26 20 25 33 49 7 2 41 16 39 20 23 43 0 23 41 7 22 17 37 
8 1 31 11 24 33 6 33 3 21 7 6 24 21 34 13 37 23 31 9 13 20 13 0 3 34 11 47 8 
6 44 33 12 21 33 10 21 46 9 1 1 44 25 49 20 10 34 46 2 9 10 5 34 0 41 8 24 39 
38 29 27 14 36 49 27 10 39 45 35 42 12 14 18 28 22 31 16 39 21 43 43 50 15 0 45 49 47 
39 49 22 14 9 22 33 17 33 38 15 46 48 40 32 15 50 5 41 46 43 28 12 10 43 36 0 18 46 
36 27 49 41 50 31 21 41 24 21 33 40 31 1 45 34 17 20 42 32 12 29 1 10 5 4 4 0 11 
37 12 22 24 4 38 31 6 40 24 46 18 19 42 42 29 23 1 15 42 34 28 44 23 45 36 35 8 0 
27 0 39 37 47 27 10 4 12 50 10 36 44 20 40 45 43 25 25 14 20 38 22 38 5 39 12 28 10 
18 49 0 30 19 3 24 29 1 38 50 41 9 38 30 29 13 15 22 23 44 34 2 49 20 23 15 21 6 
1 33 9 0 15 33 45 45 2 31 18 41 47 11 44 6 25 34 6 33 9 43 26 40 17 40 34 26 17 
1 10 47 39 0 3 24 1 5 41 26 26 44 35 28 33 47 31 26 34 40 46 24 37 17 33 13 13 26 
43 42 26 49 19 0 29 1 22 22 3 44 38 44 1 34 9 30 39 24 15 44 43 37 14 1 37 21 27 
23 30 6 41 11 26 0 13 50 1 28 26 7 27 12 26 28 33 47 46 46 40 29 38 44 40 49 32 1 
6 12 49 32 8 24 49 0 42 47 3 28 19 39 35 9 2 14 17 38 32 17 9 31 4 41 25 38 45 
43 12 2 13 44 12 44 39 0 29 44 49 4 13 34 31 30 20 28 7 5 21 36 31 23 11 50 34 48 
31 45 42 33 37 4 50 36 2 0 15 25 27 42 20 24 20 18 35 20 34 28 2 35 13 18 33 25 7 
31 29 2 44 29 47 8 35 3 17 0 17 10 35 46 29 5 4 31 14 1 13 12 6 26 31 1 21 30 
10 29 15 4 29 44 5 23 14 32 48 0 45 13 39 17 2 18 10 50 32 23 31 10 38 20 25 45 20 
24 27 13 29 26 28 25 25 2 14 31 41 0 42 6 42 22 33 19 38 24 45 4 8 22 2 40 7 30 
19 28 35 5 50 36 50 37 19 20 20 36 14 0 43 1 5 29 9 40 18 40 39 6 1 37 21 25 20 
19 42 28 37 21 46 7 24 29 27 42 7 7 5 0 4 14 50 3 11 3 4 4 43 43 50 40 40 30 
23 35 18 30 11 30 19 28 42 33 15 19 36 27 26 0 3 17 34 12 36 36 42 1 34 11 22 17 16 
49 35 38 32 6 27 2 45 9 13 46 27 36 26 22 18 0 39 42 18 27 28 40 27 16 29 5 45 31 
34 34 20 40 13 3 29 7 45 34 13 10 26 31 45 5 39 0 35 50 10 20 34 46 19 5 40 39 9 
9 23 3 2 32 21 12 25 44 7 15 33 47 16 23 6 30 9 0 2 47 46 23 28 45 5 36 11 1 
39 1 35 23 15 21 49 23 31 11 28 5 20 20 11 32 20 17 14 0 5 11 41 39 47 39 42 14 37 
45 9 47 47 10 11 37 43 22 42 19 27 18 1 25 19 31 48 27 27 0 12 46 25 39 23 7 40 48 
13 39 35 24 7 12 29 22 15 31 45 9 34 19 11 29 49 37 38 11 16 0 20 16 41 15 38 25 49 
35 9 25 4 22 40 31 33 7 46 20 6 22 4 5 1 3 19 44 44 36 46 0 40 36 20 30 32 44 
24 44 9 20 38 30 37 6 6 42 38 44 38 28 23 4 17 32 39 13 15 15 39 0 47 44 32 13 40 
19 40 35 43 8 38 10 13 38 50 19 43 17 49 45 12 31 50 6 9 24 37 19 38 0 41 19 29 9 
6 12 26 7 17 48 38 17 8 46 37 1 18 10 17 18 14 47 47 16 20 27 17 45 26 0 5 17 33 
21 47 2 39 9 1 7 26 24 12 27 20 12 29 5 36 13 5 41 14 20 2 24 45 23 13 0 40 29 
45 32 31 12 32 6 46 11 44 48 43 18 4 41 44 2 21 27 5 42 23 31 32 21 15 3 13 0 19 
24 8 17 47 12 28 31 43 32 15 39 7 33 45 42 16 13 24 11 30 9 22 25 46 9 48 7 15 0 
