34
20
30 0 43 37 38 35 40 27 42 33 11 42 14 44 32 32 30 5 41 50 42 
8 31 0 8 39 20 1 50 42 8 3 43 8 17 45 5 46 17 22 18 24 
2 4 4 0 45 1 29 23 14 16 19 10 44 6 4 40 49 35 49 19 35 
41 35 34 31 0 18 35 47 49 27 36 13 34 23 27 40 5 28 14 38 41 
28 37 27 40 43 0 50 3 14 5 6 11 19 3 34 34 17 20 23 28 16 
32 24 37 30 6 27 0 21 29 14 36 21 22 11 28 7 4 8 45 38 19 
33 34 45 22 26 45 31 0 40 44 23 35 6 37 23 10 4 1 48 34 17 
29 24 50 20 35 40 8 26 0 28 30 10 26 36 9 33 48 30 15 4 12 
46 31 36 42 1 16 36 39 19 0 3 4 11 12 21 40 10 35 25 37 36 
38 6 13 14 14 10 20 28 40 12 0 24 36 44 23 22 48 38 9 20 19 
4 19 7 25 26 49 15 15 19 24 14 0 6 28 18 25 40 19 22 28 42 
47 8 50 7 29 18 17 39 49 43 22 26 0 6 19 33 19 50 39 38 15 
46 5 10 16 48 19 8 26 48 33 30 16 31 0 28 23 46 20 50 46 9 
33 26 17 27 2 39 1 10 36 6 41 31 34 14 0 46 42 49 34 10 11 
10 41 42 17 13 7 46 28 47 37 50 50 43 30 33 0 21 39 34 15 10 
18 49 41 43 42 49 33 18 33 31 48 36 41 36 49 43 0 35 50 14 46 
44 24 14 49 7 42 39 5 32 26 4 16 20 1 43 12 50 0 49 25 14 
24 28 46 16 40 14 10 7 32 40 37 40 20 20 17 45 35 42 0 36 1 
11 29 37 7 28 32 17 40 44 37 43 36 25 50 22 16 28 48 9 0 43 
32 32 23 42 40 14 46 50 35 48 27 9 14 25 4 46 42 39 39 9 0 
48 0 20 14 45 48 2 15 20 48 1 17 37 34 43 19 29 6 46 17 14 
36 17 0 6 46 10 35 22 1 47 26 24 40 10 1 46 13 19 28 44 39 
50 27 3 0 34 31 40 25 21 6 25 41 46 22 26 23 31 14 18 35 14 
30 15 24 23 0 27 28 28 33 48 7 11 28 3 29 15 10 15 23 15 21 
10 2 46 23 35 0 29 18 35 28 16 50 1 44 30 10 35 3 31 7 4 
13 42 24 50 14 14 0 44 44 11 14 17 41 3 15 5 29 20 2 38 49 
11 44 6 33 7 10 35 0 23 20 30 7 35 17 12 9 18 29 46 9 22 
35 24 24 15 50 10 48 29 0 26 31 16 2 44 8 43 19 37 42 43 4 
29 22 24 32 7 32 24 42 7 0 37 50 24 43 16 15 37 21 41 33 47 
13 6 48 39 15 6 42 10 19 40 0 31 37 4 6 44 13 1 43 8 18 
36 7 23 39 32 42 10 28 43 7 49 0 46 9 46 42 24 24 36 17 2 
41 15 23 18 6 13 21 38 23 2 37 28 0 33 16 12 6 34 9 8 23 
46 14 17 13 41 36 29 8 14 20 40 15 26 0 7 27 21 35 6 33 19 
22 23 6 42 20 21 14 44 35 37 41 16 28 45 0 6 28 49 11 27 21 
35 14 24 3 13 22 3 27 39 41 22 28 26 40 2 0 24 8 26 43 20 
22 36 23 28 30 25 38 31 1 49 23 25 29 13 34 9 0 49 4 29 49 
19 38 5 44 15 13 40 39 44 33 21 24 18 8 49 49 41 0 47 23 39 
35 22 26 40 19 48 50 14 6 43 26 5 47 45 2 35 32 30 0 13 18 
35 50 38 19 29 50 7 22 14 35 19 2 31 40 15 47 12 15 25 0 18 
13 26 33 1 7 16 27 24 6 15 18 11 35 6 4 36 35 8 12 20 0 
41 0 29 1 21 25 24 24 7 31 6 24 18 5 45 5 10 17 38 12 13 
23 34 0 16 50 18 8 18 26 37 29 13 5 3 6 28 35 26 12 27 34 
43 20 44 0 1 41 1 7 40 1 45 19 47 46 49 47 8 13 1 4 18 
6 49 21 2 0 44 19 15 50 18 21 34 5 12 28 21 4 41 16 9 17 
2 29 25 42 11 0 16 9 5 9 20 22 25 9 9 28 44 49 42 7 23 
37 7 23 31 11 14 0 36 18 28 43 18 48 43 37 16 28 25 29 42 28 
10 10 41 48 49 9 47 0 3 1 28 6 49 9 37 31 45 6 45 31 47 
31 42 27 16 3 25 33 22 0 44 50 19 20 1 29 13 27 17 25 32 3 
18 33 18 1 38 20 39 7 7 0 22 22 31 49 45 48 19 33 26 45 24 
27 26 10 1 9 36 48 30 24 4 0 29 31 13 29 30 48 24 27 28 34 
37 27 16 22 29 39 22 7 31 44 44 0 42 30 8 26 43 24 18 42 3 
23 9 33 3 44 41 18 20 16 1 46 7 0 48 12 38 50 10 39 23 21 
15 41 49 31 10 37 2 5 4 38 24 7 36 0 26 12 28 45 13 28 38 
22 3 42 31 49 38 44 19 21 26 33 36 46 22 0 39 32 10 2 44 7 
40 13 17 29 27 40 22 22 50 10 6 48 11 36 49 0 12 50 19 33 22 
44 33 35 28 5 39 11 15 38 31 18 43 20 22 48 9 0 37 13 4 10 
17 23 19 11 21 36 26 11 23 27 32 42 20 22 14 8 29 0 39 24 39 
29 7 35 20 43 13 29 40 39 41 26 37 15 23 6 21 14 25 0 7 20 
14 1 43 12 49 27 24 48 8 40 31 48 40 16 31 10 38 49 19 0 8 
7 36 23 32 1 46 27 47 16 43 44 4 32 4 25 28 15 24 22 16 0 
40 0 31 32 49 10 29 48 49 42 46 34 15 6 49 13 28 29 11 11 4 
50 27 0 32 15 46 27 16 36 42 4 45 15 28 3 19 27 5 24 22 22 
48 28 5 0 20 10 29 49 34 42 47 50 5 13 19 17 14 49 17 3 34 
14 12 8 39 0 2 19 38 4 31 37 24 5 39 40 6 22 22 12 5 18 
29 33 45 45 5 0 41 3 10 37 5 28 38 21 39 8 37 21 17 19 42 
42 45 3 5 24 45 0 16 24 13 45 43 38 13 36 5 32 18 14 35 11 
17 29 17 26 10 37 34 0 50 32 20 2 5 44 14 26 34 30 41 21 10 
25 29 48 43 13 41 26 36 0 35 27 19 7 32 9 25 14 29 27 45 38 
11 17 42 43 43 38 44 49 10 0 22 2 27 43 25 37 38 31 25 14 20 
11 49 16 5 1 46 24 35 39 13 0 6 4 46 34 50 9 38 5 1 26 
47 27 26 14 26 42 14 7 23 38 33 0 4 14 26 27 13 1 37 43 47 
14 10 10 48 16 49 32 10 26 28 1 27 0 24 38 23 35 24 3 30 9 
32 17 13 2 31 2 41 20 8 38 8 1 12 0 4 12 38 18 28 48 28 
11 5 31 45 37 6 30 26 4 43 40 48 7 34 0 16 48 47 8 18 14 
8 13 3 39 20 50 16 21 27 36 18 46 6 3 49 0 27 37 19 15 25 
22 15 17 16 49 11 44 29 39 15 42 10 11 34 20 48 0 3 42 25 38 
41 10 49 18 25 44 43 5 36 39 12 28 44 44 43 44 47 0 38 41 10 
6 37 32 13 45 8 36 22 34 1 25 45 44 28 34 12 16 49 0 41 5 
18 40 44 1 4 14 17 18 42 27 2 16 2 15 32 4 28 37 24 0 17 
9 22 22 35 14 18 34 16 10 31 28 48 47 37 43 17 44 32 10 31 0 
42 0 19 31 8 50 9 44 29 46 31 35 30 26 24 46 47 19 9 37 37 
30 1 0 8 12 49 4 19 15 23 15 10 46 28 43 26 41 42 15 36 5 
24 5 20 0 29 47 49 23 24 41 47 49 36 46 24 1 42 11 19 9 46 
41 29 7 31 0 21 39 2 33 48 6 5 5 24 32 13 25 31 30 16 1 
32 45 24 27 17 0 25 1 5 42 35 31 23 6 41 15 46 49 39 9 8 
47 41 26 36 42 45 0 12 15 12 26 11 32 4 8 14 46 6 31 15 46 
38 48 41 14 25 33 49 0 34 17 17 27 42 21 8 5 42 19 38 35 23 
13 37 44 16 24 50 19 49 0 27 19 41 19 25 13 20 49 50 13 12 10 
47 29 48 45 50 19 11 47 3 0 23 27 18 46 43 33 2 5 25 41 26 
14 50 7 49 27 9 18 8 38 6 0 42 7 27 26 27 35 39 50 17 5 
39 23 46 4 42 23 23 32 30 19 45 0 25 22 37 46 47 23 50 18 41 
2 3 9 47 32 21 42 21 17 49 13 6 0 9 36 37 42 4 3 7 5 
37 36 28 20 12 17 35 41 31 30 12 40 32 0 26 4 36 14 50 23 22 
32 3 16 32 6 39 17 37 50 5 43 20 43 14 0 5 16 26 40 36 15 
36 2 41 37 37 24 24 33 33 1 28 5 30 35 23 0 35 21 47 14 23 
50 49 41 26 38 43 47 19 22 39 11 25 14 8 37 31 0 13 29 45 33 
16 35 5 50 28 38 40 9 41 21 46 29 26 13 16 37 11 0 15 50 45 
27 6 11 45 40 4 42 22 49 43 22 42 2 32 8 16 45 41 0 49 50 
3 39 29 2 43 33 49 2 43 50 20 48 30 1 6 11 24 11 11 0 24 
47 18 10 49 49 4 27 44 6 50 42 21 16 50 42 39 27 10 2 8 0 
5 0 40 30 49 23 24 13 2 27 48 42 35 31 25 4 36 29 30 3 39 
6 5 0 46 44 8 50 33 30 9 17 34 15 9 3 20 7 39 11 26 25 
42 25 18 0 9 8 8 41 41 47 7 10 48 7 13 2 1 45 36 41 24 
42 33 43 10 0 14 28 26 28 6 47 47 18 4 29 47 31 38 38 36 1 
9 42 33 3 8 0 37 8 47 2 20 13 3 21 3 33 10 33 8 45 31 
32 14 36 1 10 42 0 44 29 16 21 14 7 1 41 15 1 50 41 3 28 
21 30 26 37 34 45 48 0 2 46 38 49 30 44 6 20 46 6 33 44 16 
43 30 31 31 7 7 2 30 0 38 33 10 42 6 17 10 2 38 50 17 16 
45 43 33 28 23 34 13 46 21 0 20 45 18 47 38 35 41 50 46 30 28 
43 18 14 13 29 7 24 27 46 18 0 9 7 16 29 22 1 48 3 9 23 
44 7 9 19 39 42 46 19 32 20 3 0 42 20 40 24 27 29 20 50 16 
10 36 1 4 11 38 3 19 17 35 44 47 0 38 8 34 36 9 45 25 37 
12 6 45 26 16 17 38 27 6 45 22 28 3 0 43 13 8 6 6 8 2 
40 27 3 48 26 6 5 13 6 38 18 35 46 14 0 4 5 41 25 39 45 
1 26 14 22 13 17 44 45 45 27 31 4 38 24 47 0 35 4 48 1 10 
12 26 21 19 28 38 33 40 39 9 17 32 18 14 1 14 0 14 31 36 10 
12 11 18 30 8 15 48 23 17 20 1 44 25 29 33 26 6 0 46 45 25 
34 5 6 37 10 49 36 24 23 33 21 23 12 42 48 2 8 42 0 11 14 
41 11 23 20 8 24 8 39 31 26 9 19 37 11 26 8 6 31 20 0 9 
29 24 50 35 49 29 33 34 32 32 18 14 35 32 34 24 33 36 30 37 0 
42 0 48 44 47 24 2 37 1 16 40 46 28 22 3 35 18 11 39 21 29 
41 24 0 8 49 8 46 35 6 28 3 26 20 2 34 17 31 31 3 11 48 
43 32 18 0 42 36 41 42 32 47 17 13 45 16 1 46 18 41 45 40 29 
18 31 24 13 0 15 27 26 39 36 5 37 8 28 24 37 10 7 16 14 18 
5 3 9 11 41 0 31 4 2 39 49 41 37 14 32 31 12 8 6 27 10 
16 3 46 43 30 6 0 17 43 14 36 12 25 31 22 25 15 23 14 23 34 
23 25 1 38 14 1 44 0 47 44 25 2 1 39 4 3 2 8 17 31 36 
15 12 38 3 37 16 6 43 0 8 16 40 45 34 43 37 41 3 9 29 30 
12 20 49 40 35 12 36 28 20 0 24 7 6 34 38 20 11 37 49 1 48 
46 2 40 28 36 8 18 47 17 12 0 50 49 38 1 24 46 14 49 18 26 
30 29 23 35 9 34 12 47 24 27 5 0 4 8 31 35 11 31 22 4 28 
44 40 11 8 24 9 18 33 14 25 48 39 0 31 25 18 18 29 5 19 2 
46 22 23 41 8 46 41 7 17 14 15 42 45 0 41 32 40 18 16 11 1 
17 30 33 50 29 16 23 34 14 18 32 27 4 3 0 32 23 18 20 1 29 
18 11 17 1 10 7 44 41 44 29 50 14 45 18 36 0 17 39 23 13 42 
23 8 44 49 32 39 39 43 9 9 23 49 15 32 34 6 0 13 33 40 23 
23 33 41 36 19 19 32 36 17 16 34 45 8 10 6 10 18 0 18 19 22 
18 1 32 35 6 2 49 13 35 31 4 7 34 41 19 41 18 9 0 31 14 
7 4 26 44 25 29 42 6 26 24 38 46 15 19 5 22 1 6 30 0 17 
21 19 2 37 12 28 12 17 41 16 42 9 37 5 15 15 25 39 10 28 0 
11 0 43 37 11 43 9 43 15 36 48 41 12 30 14 44 38 3 40 33 48 
17 25 0 16 11 32 30 9 10 4 41 47 12 47 3 7 28 33 41 45 4 
36 47 32 0 43 26 31 30 23 12 27 12 36 7 12 11 37 28 27 29 13 
50 33 12 45 0 1 29 16 28 8 17 6 12 46 30 13 21 43 23 35 2 
50 37 49 27 29 0 12 6 35 42 21 1 6 12 32 4 3 35 37 43 48 
15 3 16 46 22 1 0 41 28 50 41 44 5 42 27 13 14 35 36 17 40 
23 31 36 37 16 50 50 0 15 26 10 36 6 31 38 38 48 21 4 6 29 
22 29 35 1 28 46 15 35 0 19 41 19 50 21 4 26 35 17 30 30 22 
1 26 2 41 6 38 25 4 40 0 16 43 31 31 38 18 44 46 36 10 21 
36 15 46 35 41 36 36 28 13 4 0 31 42 25 34 28 46 27 45 46 40 
22 11 46 3 49 39 20 33 36 32 39 0 32 20 9 37 36 30 18 1 20 
3 48 42 37 35 2 7 47 11 23 17 2 0 40 20 49 25 20 44 37 2 
17 3 42 31 15 50 22 16 47 43 16 10 44 0 27 38 25 20 9 19 47 
32 23 23 14 15 37 43 50 11 13 16 37 32 49 0 3 50 6 11 23 35 
30 42 50 18 7 8 8 13 33 25 5 12 25 40 21 0 44 31 28 16 28 
8 22 6 35 27 29 28 46 24 39 19 9 37 34 18 41 0 24 5 8 8 
30 30 18 36 8 5 13 43 29 10 19 28 46 45 28 9 37 0 15 42 28 
31 13 40 45 6 47 26 42 23 30 21 26 21 9 49 28 5 20 0 28 23 
17 35 17 15 20 41 14 42 6 10 5 9 14 30 28 17 41 24 31 0 11 
29 22 21 49 39 43 8 37 46 50 4 18 38 19 12 46 46 25 25 15 0 
33 0 34 36 13 26 13 13 41 32 33 38 32 39 17 44 46 15 19 26 28 
34 27 0 47 6 6 38 21 46 19 33 21 16 49 16 29 46 36 8 23 27 
31 17 6 0 14 13 23 29 22 26 16 31 28 49 48 32 6 37 30 8 39 
42 18 23 50 0 12 23 33 24 39 48 10 7 46 50 47 18 22 34 44 34 
9 50 21 3 2 0 44 17 2 35 23 9 6 1 35 36 14 44 7 2 40 
40 6 33 28 6 25 0 32 50 1 15 35 4 37 24 30 42 48 20 48 18 
6 32 39 17 39 4 7 0 12 14 34 24 15 32 4 45 4 17 43 48 28 
13 17 1 20 38 5 20 27 0 5 44 16 25 9 34 35 8 17 17 39 2 
18 20 36 18 42 20 23 33 30 0 26 25 5 23 21 6 39 32 19 29 34 
35 31 8 21 18 49 7 48 20 37 0 38 1 5 46 10 44 32 34 29 18 
33 38 47 29 19 12 3 39 29 46 26 0 48 38 5 18 38 12 16 50 43 
14 26 13 43 38 25 50 27 11 13 8 49 0 41 11 2 47 34 29 2 7 
47 18 19 25 11 41 13 1 28 23 32 17 35 0 37 5 7 25 4 41 45 
12 26 28 17 39 28 7 28 3 22 4 34 14 43 0 47 46 7 39 32 48 
12 50 49 38 31 42 14 5 7 45 22 30 38 8 46 0 21 40 2 37 34 
34 36 48 7 20 49 3 42 40 9 50 37 23 44 33 12 0 27 40 37 47 
14 3 21 8 50 24 46 6 48 27 6 6 3 49 14 27 2 0 42 19 33 
39 23 15 49 45 36 8 45 26 34 44 1 16 40 20 32 15 40 0 8 46 
4 47 45 14 3 45 35 24 31 6 10 36 22 4 9 42 39 23 13 0 15 
17 1 31 15 33 6 40 14 30 32 12 12 35 24 29 42 29 2 46 1 0 
2 0 35 14 20 24 9 30 13 31 28 44 43 28 44 29 3 17 30 31 47 
6 22 0 44 49 45 48 1 48 25 17 14 37 27 13 14 32 37 12 41 25 
27 28 33 0 3 39 19 35 42 45 27 26 49 21 50 45 31 42 16 26 26 
8 32 38 14 0 14 7 17 15 31 48 16 5 39 7 20 29 39 41 11 26 
14 10 3 49 42 0 16 17 27 19 34 41 22 37 16 17 46 41 19 39 32 
3 21 11 48 11 21 0 10 15 30 16 42 1 6 1 13 49 30 39 23 48 
41 40 47 48 7 44 19 0 24 41 25 39 21 2 29 23 43 49 6 38 21 
7 3 47 3 42 41 17 37 0 4 18 16 2 47 42 42 13 25 14 42 17 
3 36 24 5 28 22 49 27 28 0 20 50 24 2 2 42 39 44 44 6 16 
28 33 20 23 9 38 24 11 37 11 0 19 35 15 21 19 21 29 42 26 21 
43 40 10 35 18 42 1 45 50 4 20 0 31 9 26 40 21 17 2 47 40 
48 38 41 17 1 16 10 31 34 22 11 2 0 19 35 24 38 24 36 5 17 
38 30 12 34 42 39 27 39 32 49 5 27 46 0 36 24 6 50 43 34 3 
33 20 12 29 44 19 12 24 3 2 48 32 48 30 0 3 19 26 8 26 12 
40 22 50 35 18 34 6 34 12 18 39 31 2 2 35 0 18 18 34 40 23 
27 3 37 30 2 23 29 17 33 5 30 43 18 23 14 12 0 20 27 11 10 
14 29 12 35 14 17 30 47 45 36 2 43 18 3 35 37 35 0 21 34 45 
5 39 1 8 39 46 14 30 38 24 48 41 23 31 10 49 42 3 0 16 35 
44 33 23 48 4 38 26 15 38 28 27 50 43 17 5 25 28 5 47 0 18 
4 1 9 21 38 11 20 38 43 37 45 32 5 50 2 23 17 4 4 1 0 
21 0 49 42 11 47 48 48 6 26 36 22 37 7 48 32 43 25 2 10 44 
18 38 0 23 2 33 46 46 44 16 33 8 24 2 46 47 5 9 48 24 40 
13 15 13 0 7 15 9 25 7 18 9 48 16 44 10 34 33 27 41 28 2 
3 5 41 43 0 28 48 36 12 1 28 35 27 28 21 32 4 26 16 37 25 
21 39 26 8 36 0 43 30 42 13 15 29 18 21 23 37 8 25 21 30 17 
23 14 6 41 25 21 0 38 24 29 30 8 11 4 3 32 15 29 33 7 35 
19 45 50 37 49 17 7 0 6 34 24 30 6 37 21 3 7 33 36 33 15 
6 7 13 33 7 18 15 18 0 42 23 30 42 14 45 49 29 15 19 42 9 
14 32 40 6 1 2 25 34 1 0 25 32 44 50 42 30 13 32 17 30 31 
3 40 15 12 44 38 43 42 22 24 0 43 14 44 25 2 24 17 8 32 6 
44 31 17 17 41 36 42 22 16 37 47 0 48 39 12 6 25 18 29 12 14 
10 34 12 27 33 18 50 25 41 6 46 25 0 36 25 38 22 24 48 21 9 
47 21 26 36 27 45 26 33 20 27 6 39 46 0 19 46 11 19 40 35 24 
36 17 31 11 41 23 13 15 25 34 2 21 8 4 0 18 39 8 27 1 39 
43 18 6 14 50 7 30 17 29 27 4 34 14 48 23 0 30 40 16 45 5 
32 11 9 36 26 36 32 42 2 8 4 43 40 47 31 19 0 11 17 11 35 
44 47 36 48 31 18 8 11 32 38 50 43 32 46 8 32 10 0 21 39 14 
26 38 16 22 24 12 45 17 17 5 19 23 5 11 12 36 26 11 0 5 8 
29 22 11 14 8 11 11 44 40 50 9 41 29 48 9 6 31 14 24 0 20 
24 41 44 28 20 27 39 21 35 22 6 49 16 31 36 5 28 3 14 13 0 
1 0 1 28 18 46 29 45 8 2 6 5 13 37 36 35 38 28 34 45 32 
23 40 0 10 18 44 10 25 48 12 5 29 29 50 12 19 23 13 27 32 41 
33 31 20 0 29 18 44 12 31 46 48 27 44 8 33 41 11 41 11 24 36 
5 47 46 48 0 27 27 13 26 18 12 26 2 2 4 49 42 21 32 1 50 
49 44 3 14 29 0 35 21 17 21 8 33 3 3 47 37 37 36 23 2 41 
32 36 13 35 23 26 0 43 5 34 49 41 10 10 25 38 11 45 32 20 42 
7 46 5 10 30 23 50 0 5 17 13 7 49 30 10 19 13 32 18 42 3 
42 16 33 23 18 24 43 28 0 10 27 43 4 4 11 35 36 31 4 6 50 
27 39 38 22 43 43 30 1 6 0 25 30 27 41 17 50 41 13 33 42 6 
30 22 46 41 21 4 45 20 26 34 0 32 28 13 42 27 4 29 12 31 26 
44 43 22 35 47 17 13 38 11 44 23 0 49 12 50 21 6 44 47 2 39 
48 11 25 23 44 2 14 50 40 47 13 2 0 3 17 13 38 50 11 44 4 
41 8 10 32 12 34 17 14 22 22 11 32 11 0 42 29 34 18 50 42 46 
3 13 48 14 32 21 46 46 37 33 6 33 4 48 0 48 40 2 43 12 10 
36 50 29 19 36 32 41 12 38 30 20 50 20 49 2 0 29 11 46 1 41 
39 21 27 39 16 28 29 14 44 40 32 26 38 32 10 4 0 35 30 28 50 
30 34 8 8 14 7 14 5 47 20 30 7 43 22 22 15 23 0 40 3 9 
4 28 19 49 48 45 13 38 39 48 44 31 18 1 11 5 14 20 0 26 10 
15 24 18 24 11 26 34 17 10 45 31 45 27 20 47 3 16 9 10 0 19 
44 27 16 49 27 49 39 42 11 18 2 4 15 44 45 30 11 45 39 22 0 
12 0 47 28 44 18 49 4 48 4 9 39 5 10 7 16 39 9 20 48 12 
37 42 0 6 43 44 27 31 34 26 18 42 21 20 39 8 48 49 22 31 28 
45 42 38 0 3 29 47 45 8 28 7 22 42 48 27 36 20 42 36 1 41 
19 20 23 37 0 17 19 35 22 50 19 40 37 39 20 18 46 4 3 14 48 
33 23 7 20 47 0 50 23 44 3 38 7 13 22 40 9 25 20 2 36 11 
12 23 9 9 17 35 0 3 29 10 41 17 39 23 4 9 46 14 3 40 18 
46 42 19 13 13 28 16 0 50 11 43 26 3 18 3 36 11 15 48 3 12 
48 45 34 13 22 18 41 18 0 32 14 12 17 13 19 16 20 5 46 47 39 
20 4 18 17 15 15 22 20 18 0 49 32 16 50 28 20 1 9 6 41 45 
38 48 18 48 32 10 40 49 38 16 0 6 19 2 15 43 44 27 18 49 8 
47 21 1 34 33 46 17 35 49 15 12 0 49 6 2 2 22 36 21 35 5 
25 23 33 3 43 13 15 36 35 27 25 41 0 8 34 49 18 48 35 16 37 
43 5 50 24 4 8 14 50 13 21 8 7 33 0 44 33 24 38 48 42 20 
32 31 1 23 41 21 41 22 4 35 25 2 5 49 0 13 20 23 10 49 35 
49 15 24 15 19 18 9 15 1 26 30 50 43 46 6 0 13 5 28 34 33 
18 43 47 29 46 7 2 35 32 14 1 29 50 8 22 17 0 8 37 5 23 
13 27 21 28 5 26 9 10 44 50 15 46 27 16 17 7 19 0 45 19 13 
17 24 33 38 26 1 1 36 25 39 5 19 24 11 21 42 22 19 0 25 21 
48 43 42 32 49 5 3 34 41 15 48 14 18 42 7 39 44 34 3 0 4 
26 23 35 5 46 47 22 16 46 26 35 1 21 48 15 24 33 2 40 21 0 
49 0 17 46 10 42 42 1 32 5 32 48 39 16 21 46 25 8 37 37 3 
33 37 0 39 15 31 47 43 21 28 33 7 43 44 33 6 9 28 26 14 4 
46 41 11 0 15 29 46 36 1 2 40 17 46 16 38 38 12 29 31 29 45 
49 31 5 23 0 25 5 45 33 16 38 48 32 24 33 7 43 27 25 37 35 
12 43 19 38 16 0 11 28 7 45 44 31 47 47 20 6 16 36 38 40 24 
1 3 35 15 43 35 0 23 33 31 45 36 5 45 45 33 6 12 17 8 15 
28 39 38 23 7 1 36 0 4 28 42 7 39 36 13 34 9 9 4 46 31 
39 45 26 1 8 27 3 3 0 37 50 4 19 31 25 46 13 15 13 9 42 
50 19 6 40 38 48 19 33 11 0 24 48 9 22 27 27 34 13 38 16 31 
49 33 18 28 39 39 8 11 17 22 0 45 46 46 4 31 20 39 37 13 10 
8 21 43 13 2 46 48 4 49 13 50 0 27 48 28 44 18 2 29 2 50 
41 9 16 39 30 3 13 19 47 8 46 27 0 25 6 24 29 41 5 27 44 
41 4 13 5 22 18 49 18 11 14 19 10 36 0 14 19 49 5 4 34 50 
33 29 8 42 17 24 2 42 5 15 28 47 3 9 0 9 37 47 11 17 13 
5 45 9 34 39 36 41 12 37 25 24 37 22 27 11 0 13 47 21 38 49 
16 7 14 46 37 22 8 28 5 33 3 45 38 21 46 38 0 21 25 3 32 
33 40 5 31 41 41 25 26 48 47 41 26 23 19 47 48 32 0 13 47 18 
28 14 8 5 22 30 50 1 32 24 42 23 19 7 16 26 2 33 0 5 46 
47 33 30 8 43 28 22 19 25 48 6 9 28 35 4 20 33 1 9 0 12 
42 25 44 25 6 19 7 17 4 22 47 50 8 2 21 46 35 1 13 45 0 
9 0 31 27 35 18 34 45 34 3 47 44 1 24 44 4 23 39 5 3 25 
21 5 0 16 4 1 7 1 26 15 9 35 33 39 15 4 11 48 10 8 22 
24 24 15 0 7 28 46 26 15 48 49 8 30 49 39 24 4 16 24 34 11 
34 19 20 44 0 12 12 13 10 41 43 26 30 48 31 1 48 40 9 26 5 
32 36 28 17 2 0 6 34 1 41 50 46 25 26 47 39 5 5 22 46 17 
34 17 25 5 23 29 0 32 18 38 27 14 7 48 30 30 48 41 4 43 6 
28 13 19 41 48 1 4 0 2 42 46 43 19 14 10 22 16 12 23 44 24 
25 17 13 14 37 40 27 47 0 18 42 14 1 30 40 40 21 48 35 8 23 
25 31 27 42 34 46 43 39 9 0 15 37 18 10 19 32 12 1 5 5 9 
24 8 34 1 32 43 40 25 21 1 0 18 28 16 22 49 44 40 21 30 41 
47 39 39 4 5 47 42 11 8 28 21 0 43 31 50 49 17 47 26 11 42 
6 18 19 8 47 10 3 39 20 39 22 30 0 26 14 12 36 20 31 46 36 
1 29 18 43 30 25 47 16 23 33 47 15 11 0 38 35 29 20 31 7 46 
44 3 41 20 7 42 18 18 39 13 48 17 31 25 0 41 28 1 27 28 23 
13 37 17 38 42 8 20 38 29 33 16 40 25 50 43 0 49 38 49 36 39 
8 30 28 10 35 31 34 37 47 8 29 44 3 35 34 7 0 37 4 28 50 
22 30 39 6 47 9 43 31 32 43 40 2 41 39 15 33 10 0 7 3 11 
24 33 41 21 5 23 37 40 17 37 13 35 21 36 18 28 41 23 0 14 27 
39 4 5 5 19 27 4 14 20 2 48 31 1 18 27 39 40 19 1 0 25 
23 3 15 46 30 5 32 5 22 38 42 37 43 27 23 21 29 37 3 29 0 
19 0 23 21 15 39 33 35 4 10 29 39 23 22 39 5 36 39 10 25 14 
45 49 0 42 32 10 11 38 25 46 7 11 3 17 23 6 50 33 50 7 48 
21 29 46 0 44 50 20 15 5 22 37 32 20 12 39 34 21 31 39 6 29 
46 11 9 3 0 18 36 6 50 33 5 4 39 3 28 44 17 3 49 33 41 
46 33 3 9 25 0 42 42 29 40 36 20 44 45 29 2 11 21 43 27 14 
14 16 22 18 34 43 0 17 34 46 17 18 33 6 16 33 13 9 50 29 27 
44 28 11 48 36 10 45 0 24 26 33 47 11 22 19 27 31 11 35 26 32 
25 8 33 23 18 38 38 29 0 46 39 3 21 15 1 20 37 6 25 32 24 
49 44 8 13 20 8 11 38 40 0 3 3 24 25 47 2 37 45 38 30 49 
22 16 28 37 31 27 46 22 49 41 0 26 36 4 2 34 32 50 21 3 11 
27 1 40 44 37 29 47 19 49 34 42 0 18 45 34 3 34 16 21 32 44 
12 39 39 50 27 17 20 23 13 21 37 25 0 35 20 22 21 26 35 1 2 
30 28 24 16 49 8 42 21 50 1 17 29 39 0 9 50 39 13 41 17 20 
10 25 6 29 47 17 33 25 12 32 8 31 21 30 0 15 34 16 24 1 20 
26 50 23 13 5 9 36 27 21 34 9 35 18 32 43 0 6 22 45 19 32 
26 17 9 19 43 36 9 9 45 16 23 40 41 48 45 10 0 2 44 25 39 
31 7 5 29 23 23 14 40 37 9 12 21 5 19 45 9 41 0 5 20 19 
50 28 32 6 11 19 45 21 37 34 5 29 21 30 1 19 12 31 0 46 20 
23 20 23 36 4 3 35 22 4 36 19 48 24 6 40 4 25 50 18 0 5 
29 43 3 4 5 34 1 25 18 26 48 11 9 1 47 31 5 46 2 9 0 
35 0 24 17 2 16 8 6 15 41 48 44 13 13 42 42 30 17 19 32 21 
2 11 0 4 29 39 9 39 24 10 9 49 29 49 10 21 6 26 2 39 48 
29 36 35 0 21 32 35 48 18 9 17 14 36 15 32 7 24 20 39 13 7 
19 32 6 32 0 49 16 15 4 22 37 4 16 31 35 42 17 26 34 47 4 
11 21 15 43 46 0 13 15 17 4 47 36 37 39 32 29 47 31 3 23 17 
21 45 47 23 13 48 0 6 31 40 41 49 37 42 10 47 49 18 13 37 36 
2 48 1 26 1 17 28 0 50 6 46 37 24 11 31 34 17 25 42 30 48 
8 34 28 13 48 50 45 29 0 35 31 29 18 16 38 16 23 45 21 23 46 
20 6 25 45 5 25 26 12 26 0 31 24 27 34 40 28 18 21 38 28 1 
23 49 15 26 17 19 8 24 16 12 0 23 4 20 34 28 3 9 33 9 24 
24 34 4 5 7 3 35 27 10 48 2 0 7 44 22 24 22 41 50 29 36 
17 2 46 15 8 20 7 50 12 25 9 39 0 29 5 27 39 46 11 20 14 
35 31 15 19 10 16 11 48 11 7 13 10 5 0 24 7 22 39 39 47 37 
47 35 16 35 39 14 29 40 45 36 26 31 31 15 0 1 37 38 28 6 43 
10 9 39 5 13 50 34 6 48 5 1 8 14 33 18 0 50 16 30 30 46 
37 21 4 25 32 32 30 40 23 21 35 11 34 4 28 38 0 46 11 22 40 
30 24 42 40 36 19 17 48 48 1 21 9 49 10 6 39 6 0 15 24 31 
20 45 33 28 21 40 25 10 6 31 4 5 8 40 17 14 30 14 0 40 14 
16 32 43 23 50 27 13 24 49 39 32 32 38 42 21 36 42 14 19 0 46 
45 8 43 18 47 16 1 9 44 43 10 42 25 10 16 39 2 10 28 45 0 
27 0 1 12 17 49 22 18 17 20 31 23 16 45 45 20 8 39 26 26 34 
26 5 0 31 6 30 40 8 28 26 33 35 32 37 25 19 44 46 27 19 25 
49 34 40 0 14 20 44 48 30 41 8 50 27 35 44 20 23 21 6 38 10 
15 40 42 38 0 47 42 30 21 26 26 12 13 7 1 36 42 15 17 36 36 
43 28 38 18 33 0 8 47 43 5 47 24 41 39 10 11 10 43 3 17 29 
14 27 5 15 46 37 0 20 34 9 28 9 4 20 2 17 37 3 24 5 39 
45 38 16 30 3 22 25 0 47 41 26 49 13 50 8 23 17 24 23 22 47 
38 14 34 28 39 21 21 38 0 43 25 8 19 48 29 34 27 11 26 13 24 
13 23 44 34 29 46 4 13 30 0 1 14 31 2 9 1 32 5 39 41 33 
2 37 5 16 19 31 15 22 25 46 0 6 48 10 48 34 15 20 50 49 43 
17 9 9 43 12 28 18 40 28 3 23 0 23 35 31 23 26 19 28 16 49 
32 32 39 34 46 16 21 5 25 36 12 5 0 40 49 16 44 29 12 5 42 
14 25 44 22 23 34 14 29 26 9 47 43 35 0 1 12 35 20 25 48 47 
7 13 16 42 41 19 33 37 16 29 48 8 24 25 0 36 7 39 17 11 13 
3 43 29 17 40 20 20 40 37 31 24 4 15 9 35 0 1 9 2 32 5 
1 28 14 47 11 39 19 11 15 6 47 4 14 36 44 15 0 35 50 3 21 
49 44 50 35 6 44 44 15 40 36 48 37 36 7 12 25 29 0 33 6 1 
1 9 25 32 35 20 41 29 15 21 17 10 50 11 6 7 29 30 0 42 17 
46 4 22 30 8 11 19 7 24 20 36 2 44 2 21 41 20 18 1 0 36 
4 15 1 20 20 39 37 25 2 6 47 50 42 39 6 48 38 45 25 24 0 
2 0 34 6 46 35 15 16 49 41 16 37 12 29 6 14 32 4 3 11 20 
24 44 0 6 18 23 37 11 5 46 24 3 26 43 27 35 20 9 6 35 5 
23 39 35 0 36 20 36 21 36 26 24 44 36 35 5 1 8 28 38 23 48 
5 11 3 18 0 14 12 19 3 21 44 23 48 18 6 47 36 10 21 49 38 
17 25 30 23 30 0 17 42 38 27 28 43 21 33 37 1 13 36 18 23 9 
18 19 16 33 1 46 0 19 29 9 15 49 8 40 36 32 30 32 31 38 47 
21 31 26 44 2 3 16 0 31 6 35 50 42 48 40 21 48 10 48 22 34 
49 13 30 12 30 35 32 48 0 6 21 31 6 30 26 39 37 43 22 31 49 
31 38 24 24 15 7 11 50 16 0 34 21 35 9 5 49 8 1 14 15 17 
21 18 26 35 4 45 13 22 2 34 0 5 38 17 23 4 12 40 7 48 23 
25 32 33 22 1 47 47 26 28 31 36 0 30 7 14 28 13 12 39 20 21 
45 39 48 32 30 33 18 37 1 37 19 45 0 17 43 43 40 36 5 35 7 
49 37 44 22 48 26 32 3 45 41 50 1 37 0 27 29 36 34 1 43 18 
29 11 25 42 13 41 13 15 22 39 28 7 5 14 0 23 8 45 27 35 4 
2 16 42 11 37 18 9 40 14 8 6 35 13 18 28 0 38 12 3 9 7 
13 17 32 7 13 44 47 23 5 21 41 8 17 39 16 14 0 19 15 5 45 
32 23 2 14 34 43 45 38 36 35 47 43 18 28 42 35 35 0 36 49 44 
22 37 36 43 17 49 19 25 2 15 20 48 49 15 25 40 16 18 0 23 21 
49 10 38 20 25 49 40 39 47 32 29 34 17 11 23 46 38 9 48 0 36 
24 21 36 21 16 49 44 3 3 2 19 18 13 28 45 13 49 17 18 19 0 
9 0 31 28 21 36 37 32 39 43 29 3 8 21 38 47 29 24 17 5 27 
6 37 0 37 46 13 12 21 39 16 10 48 21 41 29 27 44 43 16 36 30 
17 6 11 0 24 50 12 47 25 32 17 40 33 13 42 13 22 45 33 8 25 
16 44 23 33 0 32 32 17 42 11 3 36 8 32 25 10 50 27 13 46 2 
15 47 7 50 21 0 16 9 50 16 6 50 11 8 12 15 24 33 28 42 19 
45 6 14 29 31 32 0 2 38 32 14 45 32 37 7 10 20 37 24 13 17 
23 18 26 6 4 26 1 0 20 11 37 17 49 21 28 7 10 33 29 19 40 
14 22 18 3 11 19 24 2 0 3 46 37 10 16 26 46 27 31 9 26 5 
32 32 27 46 47 47 11 10 50 0 50 37 9 5 23 3 2 1 23 46 36 
2 49 18 16 1 8 34 46 33 31 0 30 24 3 14 9 33 46 23 6 15 
8 15 2 3 9 28 6 44 23 44 26 0 8 14 40 4 33 14 11 45 40 
14 16 28 20 21 13 6 41 15 21 7 29 0 17 31 29 38 48 16 8 23 
2 41 23 39 5 23 11 14 11 27 20 35 28 0 17 2 42 38 32 32 46 
22 15 29 3 38 48 41 33 12 16 35 49 4 23 0 38 24 43 39 16 49 
3 43 30 39 1 22 2 1 30 37 1 17 34 13 2 0 37 12 21 2 8 
32 29 2 46 42 22 32 6 29 28 50 49 17 34 44 29 0 36 41 2 16 
46 40 3 26 16 19 15 41 21 1 12 22 37 9 17 25 42 0 35 48 30 
40 47 23 2 38 2 1 1 19 23 2 22 20 36 12 43 26 27 0 31 23 
7 41 35 28 17 28 13 8 17 20 38 2 44 22 27 50 18 1 39 0 14 
19 15 22 48 50 41 3 2 48 25 49 15 5 25 23 50 12 45 36 10 0 
40 0 43 34 50 36 1 29 48 10 12 25 26 39 17 5 43 19 37 29 26 
25 11 0 11 43 21 23 47 19 49 28 38 24 15 29 25 27 31 23 13 49 
13 6 42 0 36 1 24 27 38 20 31 31 26 17 10 35 29 32 41 30 13 
4 10 49 33 0 24 2 11 10 42 29 13 47 25 30 14 20 20 26 43 48 
47 10 50 19 47 0 13 7 6 45 47 45 40 43 50 46 4 8 10 12 50 
13 17 46 42 18 34 0 2 37 47 16 9 7 49 32 17 45 11 30 36 12 
45 6 16 46 35 23 4 0 26 35 11 13 11 14 44 36 30 14 8 1 14 
12 20 9 29 38 38 41 12 0 33 1 44 28 24 1 5 8 1 1 8 46 
30 27 3 36 3 49 44 6 47 0 37 32 3 29 23 50 25 47 37 9 47 
32 43 43 34 18 35 37 13 39 28 0 29 13 1 6 34 36 18 23 27 39 
45 36 15 46 19 41 50 1 1 31 12 0 15 43 11 14 38 34 19 19 19 
12 31 18 19 8 20 2 23 39 15 8 24 0 11 20 3 47 28 47 16 27 
36 36 13 9 17 15 21 40 42 47 2 49 5 0 8 27 14 19 47 38 50 
40 27 13 36 24 39 4 24 9 18 10 37 4 43 0 34 27 18 10 3 44 
49 13 32 43 13 9 20 4 43 40 29 32 9 16 38 0 9 24 27 35 29 
12 47 32 25 37 15 46 12 25 1 46 10 44 45 1 27 0 46 20 24 15 
19 1 31 20 40 29 29 39 6 25 3 42 25 25 33 2 31 0 7 6 48 
14 8 29 42 44 19 39 15 15 11 14 5 4 21 10 11 17 13 0 36 9 
37 7 6 50 49 5 35 19 13 49 47 39 15 26 2 12 22 39 26 0 21 
41 14 24 46 12 49 38 5 16 22 36 18 22 47 12 7 3 30 44 39 0 
34 0 20 3 16 14 25 40 29 19 49 39 28 37 15 19 24 34 11 39 1 
18 31 0 4 41 14 29 18 18 14 45 9 43 46 38 37 21 12 9 32 37 
9 9 36 0 17 33 9 31 7 28 38 24 42 41 43 22 4 16 12 3 35 
8 22 15 25 0 40 46 33 50 29 49 13 25 29 3 43 9 46 37 8 6 
49 11 41 27 22 0 18 3 3 16 34 6 50 7 47 29 37 44 12 28 37 
27 31 29 30 26 49 0 14 38 1 13 8 29 5 48 37 47 32 39 4 23 
44 30 35 45 43 13 19 0 32 24 6 15 35 10 21 30 18 32 11 1 23 
4 15 3 4 26 27 46 10 0 10 33 6 6 9 6 44 47 47 35 37 14 
31 32 15 46 48 24 20 34 18 0 20 16 21 39 31 19 30 28 32 19 17 
18 10 23 42 50 10 27 4 28 33 0 21 48 25 38 43 23 50 7 6 3 
7 12 42 40 17 35 18 28 38 15 20 0 16 16 21 47 21 9 24 46 39 
48 17 7 36 50 18 47 2 39 46 30 21 0 26 17 10 6 19 33 25 15 
43 49 17 14 13 5 33 4 42 22 14 27 11 0 17 6 41 6 6 41 50 
39 17 39 42 35 49 40 49 11 41 2 27 49 31 0 47 49 50 43 23 45 
35 43 10 17 32 3 10 10 12 20 50 13 42 26 27 0 26 10 25 29 15 
16 34 44 1 20 38 28 30 21 7 41 13 34 47 15 46 0 7 23 11 32 
39 31 38 41 42 40 35 24 5 21 39 26 15 9 30 2 50 0 10 48 45 
25 31 39 5 29 37 30 46 11 31 20 38 15 47 26 35 46 3 0 9 31 
3 5 26 1 19 16 49 25 17 14 47 47 25 16 7 9 43 34 13 0 6 
10 39 14 25 1 1 11 18 33 45 6 47 2 17 42 21 5 39 36 14 0 
38 0 5 29 48 34 24 13 49 40 17 43 13 41 3 21 14 42 2 50 18 
5 32 0 42 23 9 1 45 9 24 37 5 4 49 49 18 5 10 17 41 28 
38 12 28 0 17 3 44 6 49 46 28 30 4 40 18 9 7 13 7 39 33 
29 5 25 4 0 13 39 14 42 36 17 5 26 11 22 31 43 4 26 21 16 
46 47 14 47 8 0 1 15 31 41 12 43 4 28 8 50 34 38 25 4 14 
30 14 14 30 24 4 0 43 18 38 16 3 38 37 24 38 33 42 29 47 13 
25 33 2 24 24 1 48 0 4 23 48 6 30 22 8 36 32 33 34 23 4 
8 47 44 26 10 6 18 4 0 20 17 43 9 29 42 39 47 13 40 6 24 
7 40 45 41 10 23 16 30 38 0 7 50 8 7 43 5 28 40 26 15 19 
34 44 34 7 6 48 2 31 19 40 0 19 43 28 50 48 18 2 4 16 37 
41 39 17 14 18 35 3 36 38 11 8 0 38 26 38 40 13 7 39 35 13 
22 35 11 48 39 7 30 8 46 37 27 36 0 10 28 29 46 28 21 39 21 
45 17 44 9 33 32 18 41 10 35 12 14 19 0 4 16 6 28 19 25 11 
5 45 40 1 35 22 28 49 9 45 35 36 1 15 0 18 5 42 2 16 7 
40 39 49 11 26 13 17 7 12 24 18 10 46 29 16 0 1 27 43 25 11 
4 19 33 16 1 26 14 5 36 12 14 27 4 19 22 16 0 47 29 26 22 
6 22 37 36 27 26 41 22 49 18 28 49 28 5 4 21 7 0 33 11 50 
50 13 21 1 10 42 6 28 8 50 4 48 18 3 6 33 33 47 0 39 25 
36 42 7 19 34 16 49 49 16 1 10 14 19 26 22 44 2 36 27 0 36 
20 14 15 49 15 30 32 25 49 22 39 10 45 36 15 9 6 3 18 45 0 
43 0 8 13 7 41 40 30 42 31 13 31 47 21 4 6 23 27 8 5 4 
34 24 0 1 44 12 50 20 34 12 14 38 49 19 32 43 13 1 9 8 25 
1 40 45 0 36 41 43 40 42 30 43 33 49 49 14 11 19 7 19 46 42 
21 47 31 18 0 26 32 28 39 11 43 22 19 50 30 4 45 30 15 4 20 
11 29 4 20 32 0 40 1 5 22 25 6 33 13 17 5 5 10 28 11 9 
15 1 31 38 21 14 0 49 19 11 17 39 43 15 27 32 42 43 11 36 37 
32 23 18 36 38 39 6 0 34 25 50 35 3 5 46 5 10 48 17 49 18 
42 33 45 6 36 14 18 37 0 36 13 12 49 42 24 28 42 34 46 50 32 
9 15 44 12 32 37 39 20 23 0 22 45 27 13 19 46 50 29 13 1 24 
22 20 48 13 38 37 12 31 19 13 0 27 3 17 17 10 27 39 34 25 49 
26 49 15 15 19 36 37 24 29 29 14 0 21 45 27 11 40 17 32 24 45 
26 8 2 10 45 42 10 46 9 19 11 45 0 39 2 49 23 5 34 44 2 
50 39 3 40 49 6 8 41 6 21 10 7 10 0 30 24 18 48 5 20 27 
26 42 15 10 18 19 33 44 28 39 35 34 38 23 0 46 37 6 12 11 40 
34 20 40 39 10 5 36 10 28 31 26 1 15 17 26 0 9 25 43 23 31 
24 15 13 18 37 27 19 38 35 38 12 37 44 30 43 7 0 2 26 1 14 
34 24 16 48 14 35 19 22 47 37 13 14 39 31 16 20 8 0 22 3 33 
36 49 25 41 19 40 7 35 25 20 7 49 43 10 48 50 50 15 0 5 2 
9 48 42 48 25 49 48 14 15 24 49 31 24 18 29 36 49 25 29 0 24 
28 34 47 27 30 15 21 30 34 17 20 43 18 1 25 38 8 28 17 21 0 
42 0 43 21 1 21 27 26 26 31 12 2 25 37 31 25 25 1 15 19 10 
28 18 0 31 48 5 7 14 23 43 41 29 22 9 8 32 36 13 47 7 3 
40 46 49 0 22 16 45 6 37 27 1 37 43 9 7 43 25 13 23 47 15 
14 3 33 41 0 34 30 17 29 49 40 12 5 8 16 21 33 20 9 33 10 
1 27 47 42 4 0 36 13 2 16 8 23 41 1 43 39 37 13 9 38 36 
29 28 38 38 40 33 0 36 43 36 10 6 4 41 37 14 37 7 42 37 49 
17 15 14 41 17 22 4 0 16 27 35 20 11 22 47 32 24 40 9 3 21 
50 20 16 6 3 19 50 14 0 30 2 30 22 22 39 19 14 15 47 21 18 
30 21 17 2 41 45 33 44 6 0 40 48 48 39 17 50 47 50 8 39 48 
22 41 37 25 5 49 40 33 29 19 0 10 43 38 35 42 30 4 15 16 9 
36 7 9 40 5 32 33 5 40 22 14 0 7 9 24 47 39 35 42 47 43 
5 1 16 37 31 5 10 5 25 20 44 35 0 43 31 13 16 32 47 21 23 
16 35 43 7 5 3 35 15 39 3 45 13 18 0 24 4 36 42 22 9 50 
22 29 31 20 29 30 15 28 11 31 8 38 21 25 0 27 20 8 10 33 28 
20 46 16 23 26 31 18 20 27 27 25 11 39 21 1 0 37 5 24 28 26 
39 7 4 9 46 8 42 44 47 34 28 32 40 32 31 27 0 14 8 45 49 
12 46 2 35 7 48 50 1 24 41 16 35 32 7 40 13 42 0 8 28 18 
39 25 23 43 49 43 21 8 41 24 24 48 29 30 14 43 6 20 0 2 49 
9 42 20 7 19 44 50 33 42 18 36 7 31 28 10 38 23 9 36 0 14 
27 43 10 50 17 19 6 3 44 47 8 22 6 29 10 47 5 17 25 6 0 
43 0 39 16 23 39 18 17 2 20 26 20 48 34 38 22 17 32 21 40 1 
38 48 0 40 46 11 14 1 2 18 13 34 7 34 31 22 39 27 37 11 50 
2 5 34 0 18 27 10 38 18 7 43 16 35 28 25 18 46 49 20 13 25 
17 15 34 7 0 43 14 14 4 17 34 40 45 10 40 49 34 14 23 19 1 
26 34 46 26 48 0 49 29 10 13 27 40 8 25 37 34 38 21 28 25 14 
47 35 2 23 4 21 0 26 38 26 35 32 27 2 13 49 34 20 9 9 44 
36 5 42 41 45 33 21 0 23 7 12 13 37 48 6 4 42 33 23 22 28 
24 41 34 28 45 13 6 12 0 38 1 18 13 19 31 28 43 44 11 29 21 
50 3 32 15 23 46 30 46 9 0 8 2 48 37 32 20 45 21 14 47 32 
27 9 36 6 44 50 19 18 28 12 0 48 22 44 2 28 22 10 20 6 50 
34 10 3 30 50 20 26 38 11 34 22 0 31 15 47 45 41 17 26 21 23 
27 12 19 48 10 30 4 36 4 49 35 2 0 9 47 49 18 7 6 7 24 
24 32 7 44 40 18 7 48 8 38 6 35 49 0 33 23 22 42 6 21 20 
17 41 34 13 49 20 22 18 49 27 35 11 19 47 0 49 46 6 25 8 42 
24 7 29 17 43 1 4 26 25 27 26 1 36 38 8 0 34 48 45 45 20 
47 39 50 31 3 45 16 2 34 27 17 17 49 29 46 10 0 13 18 20 49 
17 47 44 22 1 34 25 32 39 16 49 12 30 38 46 36 8 0 49 14 48 
36 2 43 49 11 10 3 8 42 49 22 30 25 47 4 1 46 28 0 30 19 
21 35 14 19 29 6 37 11 34 11 3 15 5 23 13 16 4 46 12 0 42 
32 18 40 41 45 19 37 33 35 46 40 30 19 45 28 2 39 25 20 5 0 
23 0 42 24 31 46 7 26 3 35 38 47 50 17 38 38 3 45 23 24 11 
19 5 0 27 38 21 23 46 11 45 12 28 30 26 7 19 40 45 10 45 38 
43 35 49 0 47 50 40 14 31 7 26 8 16 1 10 36 19 16 37 10 24 
12 16 9 24 0 11 17 25 10 20 49 9 36 28 36 18 35 6 31 39 31 
9 15 4 19 4 0 12 30 17 22 1 24 8 50 22 27 28 27 26 36 34 
16 5 12 9 18 23 0 39 15 42 1 13 36 48 29 15 47 13 40 20 49 
37 8 38 19 25 1 36 0 6 10 41 9 31 45 6 16 4 4 46 2 32 
24 15 25 21 38 39 11 21 0 7 30 16 37 7 38 47 9 18 44 34 18 
37 33 6 2 43 33 41 43 14 0 11 44 17 39 38 25 23 33 18 31 36 
40 15 50 31 25 22 24 8 10 7 0 37 10 12 34 46 42 10 24 29 5 
48 18 8 47 36 49 49 20 13 24 26 0 50 13 48 28 22 34 26 27 21 
10 34 34 7 24 34 5 5 43 34 13 10 0 39 26 39 23 8 3 45 27 
24 5 45 36 32 37 48 15 7 24 9 35 47 0 9 46 14 35 1 23 3 
44 45 27 30 12 16 12 37 10 6 14 31 32 1 0 48 5 40 49 25 37 
36 41 48 19 25 29 14 31 31 25 38 8 31 42 33 0 29 28 16 25 17 
26 12 5 2 10 29 4 47 11 42 25 37 26 36 17 4 0 47 9 5 33 
3 31 7 36 18 7 50 40 18 19 28 24 25 9 12 25 36 0 47 10 47 
26 17 20 39 50 2 32 46 26 30 32 20 11 42 15 46 5 20 0 35 3 
29 15 29 43 14 1 12 18 25 42 18 1 49 9 8 36 11 18 36 0 16 
25 5 14 39 38 8 14 33 45 16 20 17 12 7 18 11 39 28 26 50 0 
40 0 15 22 34 13 31 21 3 34 30 35 38 35 19 28 25 1 41 6 7 
38 30 0 23 9 22 1 39 42 42 47 48 34 43 37 26 11 34 31 26 7 
37 12 50 0 16 32 33 32 43 29 43 11 48 23 19 12 11 42 13 12 12 
43 29 11 37 0 32 2 46 49 44 18 42 20 15 49 20 27 30 8 28 40 
20 46 14 49 36 0 50 11 24 25 15 19 21 19 15 15 8 1 13 34 30 
37 34 50 12 2 41 0 33 24 50 36 32 35 36 22 43 47 16 13 1 33 
41 23 24 29 49 21 2 0 1 35 12 27 18 25 48 4 36 47 2 47 46 
17 38 24 40 34 35 36 47 0 23 18 43 38 12 2 40 15 11 21 13 31 
40 33 39 39 10 14 10 38 19 0 8 50 15 16 6 16 3 49 35 46 15 
36 6 29 17 20 39 6 24 9 39 0 26 27 39 16 6 35 50 36 30 20 
25 48 28 16 19 29 23 6 36 37 16 0 26 26 49 46 34 5 22 20 22 
9 37 29 31 32 24 26 50 50 31 4 14 0 5 26 40 38 28 14 49 41 
16 50 38 22 23 50 1 41 21 23 31 28 16 0 9 12 39 19 48 34 45 
4 23 7 6 34 3 21 50 9 9 6 42 23 29 0 6 9 49 8 8 33 
23 35 30 28 1 26 48 47 15 2 19 31 30 4 38 0 44 44 33 39 21 
30 2 32 12 17 40 5 38 4 3 40 12 40 2 22 19 0 44 29 5 8 
5 25 36 8 40 26 12 20 41 13 16 17 19 38 4 22 4 0 18 12 11 
21 11 43 13 13 7 42 29 33 20 50 16 28 32 16 5 17 25 0 22 42 
29 36 47 42 38 23 44 2 48 1 16 26 17 45 37 45 32 24 45 0 34 
34 33 38 22 13 50 39 38 23 49 6 30 46 21 33 36 14 2 25 40 0 
14 0 40 32 32 5 24 49 34 45 21 23 44 30 39 8 47 49 26 29 38 
34 7 0 30 50 46 36 31 47 13 2 32 31 49 6 21 45 2 6 17 39 
2 6 43 0 3 27 12 1 8 13 36 37 39 23 38 6 7 11 32 37 19 
44 2 22 43 0 40 42 46 25 19 14 46 44 9 41 36 29 14 27 24 34 
36 24 34 27 16 0 44 8 11 50 14 34 20 19 49 46 50 34 1 14 35 
17 27 39 50 41 44 0 30 33 3 28 44 34 9 3 33 21 19 45 28 47 
34 35 25 5 30 26 25 0 11 46 36 45 14 14 39 17 10 35 34 36 23 
14 26 9 23 21 50 11 16 0 16 25 32 39 23 18 1 32 2 34 20 15 
19 20 38 17 33 31 20 20 37 0 24 36 35 10 6 33 9 27 3 35 30 
16 9 45 21 5 6 41 47 39 35 0 9 1 15 22 4 45 39 43 40 41 
30 41 30 43 39 48 30 18 35 43 6 0 49 50 41 50 11 25 17 12 27 
40 24 32 2 16 36 21 39 2 38 21 35 0 13 45 50 25 29 3 32 8 
27 23 13 47 30 10 2 24 22 44 21 22 31 0 14 1 7 10 29 28 4 
27 42 17 48 22 22 36 5 41 25 32 22 36 5 0 50 17 12 36 22 6 
34 47 17 8 18 49 4 50 45 44 16 50 26 29 31 0 35 7 15 25 9 
25 47 34 47 13 49 37 27 14 34 46 24 8 22 20 31 0 26 9 30 24 
18 37 11 47 10 32 46 8 24 16 11 47 11 14 32 38 13 0 20 46 19 
13 28 36 11 48 42 43 5 9 1 10 49 36 2 42 38 37 38 0 38 31 
4 29 4 49 24 50 14 44 41 33 18 6 13 12 11 40 1 50 50 0 18 
39 42 49 23 6 13 12 10 22 44 1 26 32 15 16 34 25 38 38 49 0 
29 0 49 14 27 33 4 36 24 41 2 38 38 39 20 43 12 31 31 43 12 
39 4 0 22 47 33 43 24 49 47 27 16 13 12 1 40 40 28 22 41 3 
27 38 19 0 21 6 13 38 13 23 4 4 45 46 27 10 26 27 17 45 40 
30 37 27 14 0 36 25 26 38 31 3 34 9 40 40 35 1 35 2 42 20 
6 12 27 44 24 0 22 18 36 41 15 13 11 28 1 23 40 11 6 35 32 
37 1 33 20 20 45 0 5 6 43 9 41 26 26 25 35 19 11 34 41 15 
8 41 47 16 40 23 32 0 40 18 45 41 30 17 11 33 6 30 7 24 30 
17 13 44 32 24 38 36 3 0 17 5 30 27 15 21 24 46 4 17 30 47 
14 16 39 48 19 12 10 16 43 0 29 39 5 11 12 48 45 48 15 42 3 
38 29 23 13 16 14 15 47 37 37 0 2 14 27 27 16 2 25 46 14 13 
29 20 11 38 16 25 17 4 23 30 49 0 40 25 28 9 36 43 26 33 5 
47 13 30 6 28 26 29 34 46 47 21 3 0 2 30 25 19 18 36 47 42 
48 12 25 8 39 13 39 50 18 31 9 49 14 0 9 17 16 40 6 11 41 
47 33 9 26 9 47 39 46 3 41 18 8 30 42 0 8 36 39 23 17 15 
37 30 16 15 38 23 39 43 13 9 29 13 26 6 45 0 15 4 49 49 43 
24 44 47 28 14 2 19 23 1 32 27 18 39 46 4 18 0 18 44 38 36 
8 46 33 44 13 6 32 24 47 44 33 40 24 25 41 44 33 0 39 2 37 
4 17 43 32 32 12 24 31 3 28 48 10 11 14 36 29 12 3 0 16 9 
20 46 26 8 49 38 44 15 5 11 35 29 42 2 32 41 4 1 13 0 2 
32 2 22 19 47 23 29 11 40 13 33 31 24 44 17 9 41 35 33 45 0 
18 0 10 27 42 44 19 19 10 32 45 25 11 41 14 27 19 25 8 11 27 
9 34 0 26 42 29 4 6 48 35 24 1 19 19 18 34 23 26 30 26 28 
4 20 29 0 46 39 22 41 10 18 49 35 34 25 7 37 34 35 35 14 40 
14 21 26 9 0 44 7 42 24 31 5 43 45 32 33 23 39 5 31 4 7 
14 46 31 37 39 0 17 45 13 31 50 38 41 17 36 15 33 44 21 2 32 
31 18 30 13 6 40 0 2 42 34 48 29 4 32 7 27 18 41 39 20 28 
12 30 43 31 17 3 29 0 47 19 41 46 35 29 22 27 46 17 19 31 50 
15 4 30 33 22 35 10 10 0 10 47 43 5 1 25 21 1 25 49 46 4 
11 6 23 44 3 44 26 10 31 0 31 2 23 9 20 13 9 1 11 10 33 
43 20 37 22 48 41 35 5 2 26 0 22 18 23 28 39 10 31 36 30 28 
9 50 29 29 46 21 47 31 13 12 1 0 15 40 13 11 41 19 2 46 13 
10 21 9 5 10 34 50 31 32 4 29 15 0 31 32 24 44 41 9 26 28 
44 4 43 40 26 8 28 10 18 48 41 29 41 0 17 18 39 42 25 19 12 
21 17 50 10 34 36 34 9 40 18 1 11 26 19 0 20 7 28 20 30 3 
7 40 13 34 13 50 25 14 15 36 3 17 40 15 7 0 27 4 34 6 40 
24 20 21 1 48 30 4 23 48 11 11 22 45 17 6 31 0 4 17 47 35 
12 20 44 5 16 34 21 12 12 43 3 45 14 40 29 37 20 0 13 36 33 
46 2 17 4 25 31 22 24 10 26 24 38 38 22 29 5 26 17 0 36 15 
10 43 11 6 8 17 8 6 38 19 12 42 32 14 39 10 4 41 30 0 35 
12 47 2 36 20 16 7 43 12 24 12 4 28 21 24 4 42 11 46 9 0 
23 0 17 36 42 15 32 6 25 33 19 2 36 37 1 4 13 41 25 37 43 
10 16 0 45 15 7 9 15 11 41 35 19 43 45 22 13 45 12 11 22 38 
10 33 10 0 44 23 26 17 27 18 11 14 17 25 4 49 8 23 22 35 7 
18 46 35 49 0 1 9 41 16 39 9 2 30 4 50 33 27 6 2 43 32 
43 38 44 30 22 0 2 19 42 23 5 23 40 27 15 20 15 49 12 44 14 
35 1 38 9 9 34 0 13 26 22 22 2 22 30 4 15 31 2 5 27 49 
41 50 43 34 36 13 4 0 40 30 18 29 44 9 29 47 42 50 35 22 38 
39 43 21 2 4 2 11 24 0 1 40 14 45 35 45 23 36 9 5 24 47 
31 24 46 4 44 8 14 1 7 0 24 31 17 33 40 10 48 30 42 31 34 
2 31 39 41 5 34 9 14 7 11 0 34 46 12 26 8 15 48 17 8 46 
39 10 17 28 9 47 12 46 35 25 7 0 17 25 40 45 50 36 6 50 10 
50 50 45 46 41 36 5 8 33 45 1 13 0 34 35 46 43 15 12 32 8 
23 14 29 32 5 17 22 23 32 8 30 43 18 0 48 47 39 16 21 38 24 
43 4 14 41 25 44 34 40 44 2 36 24 24 42 0 38 36 22 13 41 24 
14 32 27 25 16 9 46 36 39 7 27 44 25 9 16 0 19 1 39 8 12 
34 33 30 30 22 7 19 26 11 12 18 4 30 14 10 11 0 28 39 25 16 
48 48 2 38 26 43 50 15 27 19 36 33 5 30 41 32 3 0 48 4 9 
40 21 26 28 39 23 14 12 49 5 42 13 14 42 14 36 31 42 0 4 30 
7 5 49 42 27 35 49 50 23 29 8 31 36 16 26 28 22 25 49 0 3 
29 39 17 22 28 23 20 13 17 5 1 11 44 24 3 36 22 34 2 4 0 
25 0 14 39 21 47 11 28 48 17 36 14 7 43 1 2 19 38 27 14 4 
16 36 0 34 18 28 48 37 12 14 41 6 38 24 46 29 15 50 46 25 18 
46 22 47 0 31 42 44 19 43 23 34 48 45 21 48 39 39 31 21 43 50 
25 16 34 26 0 30 27 34 48 23 37 19 43 2 47 8 44 39 4 27 35 
29 44 39 30 43 0 12 18 26 8 40 34 30 4 26 43 30 39 21 1 16 
10 21 21 36 16 6 0 44 25 40 45 50 28 45 9 21 31 28 4 34 19 
9 9 41 33 3 40 39 0 27 4 29 6 18 3 12 25 9 24 4 15 37 
19 44 36 13 40 7 35 46 0 5 13 3 35 38 33 7 1 31 38 33 26 
17 17 21 12 39 33 26 33 34 0 13 7 25 40 47 1 16 24 28 44 47 
5 44 23 41 27 22 31 21 6 24 0 29 37 21 39 20 2 23 25 25 8 
32 3 12 42 7 29 46 41 32 42 28 0 3 45 37 22 24 44 31 36 18 
2 5 28 10 35 20 4 1 28 49 43 50 0 4 36 15 3 32 31 35 49 
26 41 39 15 46 26 43 34 18 47 9 43 39 0 8 6 27 26 3 8 37 
25 46 14 33 49 29 50 9 23 20 42 13 47 38 0 42 12 17 14 14 9 
28 20 33 31 41 1 11 47 30 38 27 30 24 48 24 0 31 28 6 17 18 
27 35 12 49 5 46 47 2 16 45 11 13 39 49 10 5 0 13 33 42 48 
19 4 29 35 43 13 40 49 14 11 35 11 47 47 33 44 8 0 35 26 46 
5 9 31 36 28 15 41 25 39 19 18 45 14 19 49 23 6 28 0 6 43 
7 48 39 5 11 50 16 43 17 16 47 29 7 47 43 11 23 44 8 0 28 
23 15 10 45 44 40 47 29 48 10 38 31 29 34 39 8 20 26 26 28 0 
50 0 48 9 23 22 39 39 18 26 39 1 13 21 29 20 43 38 44 12 21 
4 37 0 45 8 28 17 1 23 9 36 41 48 18 30 28 25 7 38 24 5 
2 30 3 0 10 10 26 11 50 15 47 20 27 14 6 25 13 3 1 46 6 
39 16 10 41 0 48 3 45 41 1 46 36 1 21 8 19 25 35 36 48 3 
7 2 9 12 17 0 15 34 13 6 15 22 6 42 18 17 37 21 13 12 7 
31 21 49 19 11 19 0 6 7 37 1 29 18 3 43 50 37 7 48 24 34 
20 33 35 36 24 31 9 0 3 42 33 5 23 25 42 22 37 3 40 1 48 
9 27 27 6 37 5 3 49 0 19 30 31 23 39 28 38 49 36 14 46 31 
10 4 16 5 46 7 43 12 22 0 14 35 17 48 26 26 43 7 29 50 19 
28 10 35 13 3 32 34 47 5 24 0 1 40 45 20 38 6 12 23 10 30 
12 42 28 6 45 14 25 13 3 45 43 0 7 14 28 4 50 19 4 3 15 
23 47 8 48 13 46 23 28 39 20 31 35 0 20 20 7 37 33 30 18 39 
8 21 44 10 32 45 26 18 17 38 37 9 20 0 46 7 16 34 31 43 50 
42 47 25 33 15 9 38 44 21 17 18 40 36 14 0 7 3 4 48 17 19 
20 5 12 1 34 22 15 24 13 42 3 2 37 19 48 0 11 47 11 46 24 
7 33 47 1 20 47 24 7 40 5 13 37 15 24 30 37 0 36 24 50 43 
45 14 32 30 15 16 3 18 17 46 6 43 3 44 12 38 8 0 12 31 37 
49 8 35 8 29 17 38 13 40 11 26 23 12 3 30 44 2 18 0 37 4 
45 7 40 44 50 20 34 22 13 42 29 25 44 14 45 37 30 24 1 0 48 
29 40 29 7 21 34 32 50 15 19 37 41 26 27 43 43 19 42 9 9 0 
