34
2
10 0 29 
8 46 0 
29 0 4 
24 40 0 
22 0 29 
29 11 0 
25 0 14 
2 18 0 
27 0 33 
26 43 0 
39 0 11 
6 24 0 
32 0 22 
26 35 0 
9 0 28 
11 21 0 
5 0 22 
41 7 0 
22 0 8 
14 13 0 
11 0 4 
39 44 0 
26 0 36 
17 49 0 
28 0 50 
6 38 0 
2 0 20 
10 50 0 
23 0 34 
15 7 0 
28 0 40 
31 44 0 
19 0 9 
7 3 0 
23 0 46 
46 19 0 
20 0 13 
32 35 0 
22 0 13 
48 46 0 
6 0 27 
8 10 0 
23 0 23 
20 35 0 
13 0 41 
34 38 0 
44 0 7 
35 22 0 
23 0 45 
25 18 0 
30 0 14 
26 33 0 
4 0 37 
19 39 0 
38 0 25 
28 11 0 
37 0 20 
2 1 0 
33 0 22 
22 46 0 
40 0 22 
41 33 0 
12 0 9 
26 13 0 
29 0 11 
13 28 0 
39 0 31 
16 42 0 
