34
3
36 0 44 43 
7 2 0 48 
46 15 28 0 
47 0 16 50 
9 40 0 37 
49 48 14 0 
27 0 12 45 
23 15 0 42 
37 4 19 0 
16 0 23 19 
29 34 0 25 
23 8 9 0 
13 0 43 23 
41 50 0 18 
17 49 3 0 
30 0 34 50 
32 6 0 11 
11 38 31 0 
20 0 14 30 
2 21 0 48 
29 31 43 0 
10 0 19 33 
26 36 0 32 
28 36 6 0 
42 0 36 13 
28 6 0 16 
39 7 21 0 
20 0 34 17 
8 19 0 46 
45 4 45 0 
30 0 12 22 
25 13 0 19 
26 8 31 0 
20 0 5 48 
19 5 0 21 
6 19 2 0 
18 0 42 8 
14 13 0 15 
27 10 48 0 
26 0 3 50 
37 31 0 33 
38 49 25 0 
34 0 17 24 
45 3 0 49 
36 20 2 0 
23 0 1 30 
47 2 0 50 
45 28 13 0 
37 0 17 49 
8 49 0 4 
22 50 5 0 
31 0 34 25 
16 31 0 7 
46 22 3 0 
28 0 23 40 
10 29 0 44 
13 5 9 0 
19 0 29 1 
1 43 0 3 
21 1 32 0 
26 0 27 19 
21 24 0 3 
44 5 36 0 
27 0 7 20 
23 2 0 31 
48 17 5 0 
23 0 28 39 
6 45 0 44 
45 3 22 0 
4 0 31 42 
22 46 0 31 
25 20 45 0 
34 0 8 50 
38 16 0 24 
8 37 48 0 
39 0 46 28 
21 3 0 26 
49 48 24 0 
44 0 21 33 
25 26 0 21 
32 41 24 0 
45 0 6 12 
40 49 0 32 
36 14 9 0 
5 0 36 13 
15 49 0 9 
47 7 8 0 
44 0 34 29 
16 24 0 48 
7 31 50 0 
13 0 9 33 
30 6 0 25 
1 13 31 0 
37 0 49 47 
47 35 0 39 
18 44 13 0 
11 0 30 23 
25 29 0 20 
13 38 7 0 
46 0 30 33 
14 33 0 18 
32 24 5 0 
