34
23
9 0 37 42 20 3 21 44 17 2 16 3 31 47 10 37 23 18 34 4 50 28 18 34 
41 35 0 48 29 35 49 24 48 47 27 48 7 3 42 24 44 9 17 46 39 12 30 11 
24 16 30 0 38 28 11 15 34 20 41 4 2 36 6 43 9 18 29 18 6 4 49 3 
35 32 45 41 0 46 33 33 29 22 12 24 24 14 6 11 47 37 33 44 29 17 49 40 
38 38 17 8 28 0 11 45 24 7 26 13 46 7 33 21 19 2 37 12 33 41 13 33 
30 4 7 32 31 24 0 11 20 37 36 42 7 3 30 25 5 18 28 38 17 48 1 10 
5 14 17 14 42 42 5 0 17 50 26 6 37 4 21 30 14 1 47 6 27 10 15 26 
19 40 27 32 44 5 3 46 0 35 29 45 3 19 15 10 19 28 32 20 42 32 47 43 
21 35 39 15 37 21 42 24 1 0 41 38 48 24 15 10 12 13 48 30 22 8 10 19 
12 49 41 28 28 46 41 23 45 22 0 48 7 48 5 41 16 26 43 6 44 12 31 17 
36 5 19 21 8 45 3 26 35 11 16 0 28 16 47 44 14 29 11 19 44 27 26 9 
12 7 22 32 5 29 3 17 8 31 32 5 0 24 10 25 34 28 43 47 14 46 33 28 
25 20 33 30 27 34 44 38 41 10 46 7 15 0 36 14 48 48 32 45 9 48 34 42 
20 5 5 27 41 1 31 13 14 30 30 47 13 22 0 49 27 33 15 44 42 45 28 4 
11 49 15 45 49 32 2 25 31 41 29 13 26 23 7 0 3 37 11 48 33 27 35 39 
1 26 49 6 12 45 4 43 47 43 1 44 29 27 7 32 0 31 12 6 50 6 34 10 
24 4 27 13 8 31 48 46 27 26 10 14 19 50 27 40 30 0 27 49 32 21 25 30 
28 26 30 29 17 21 22 36 33 18 17 25 2 36 33 47 12 49 0 47 25 18 20 13 
38 32 5 23 26 23 8 2 40 50 25 49 37 28 3 31 26 6 41 0 28 47 3 26 
25 5 48 31 38 34 24 1 12 9 13 42 47 13 49 46 13 25 16 28 0 26 28 37 
46 19 10 19 22 20 28 42 17 36 7 30 18 28 43 21 19 16 50 13 40 0 25 37 
6 19 27 10 28 3 32 25 50 48 18 3 13 28 15 2 31 35 18 46 6 41 0 34 
31 18 21 5 47 12 27 15 48 22 33 4 1 45 10 1 40 36 12 7 33 50 26 0 
31 0 43 4 14 19 29 23 29 31 16 35 47 42 7 49 35 14 24 34 21 31 30 25 
15 8 0 22 35 29 11 45 34 1 32 42 41 13 43 48 9 36 25 44 2 39 16 49 
19 44 42 0 1 48 34 50 29 46 1 19 40 7 48 45 45 18 36 32 35 16 50 17 
36 42 16 16 0 48 47 38 28 36 50 9 3 41 37 10 48 50 2 3 47 40 44 4 
41 12 41 31 26 0 17 7 32 34 19 28 6 9 32 19 2 33 9 23 33 41 49 45 
5 8 9 39 32 33 0 13 3 27 43 39 25 4 7 17 12 12 29 19 25 35 14 32 
1 16 32 50 21 39 17 0 12 13 43 18 37 23 18 28 25 49 21 16 1 14 21 8 
15 46 17 47 12 4 23 24 0 10 42 26 8 24 1 33 43 15 10 31 26 33 37 20 
44 44 34 5 20 4 19 13 19 0 31 9 17 5 5 42 6 8 41 20 8 46 47 11 
5 25 17 29 2 41 33 45 25 28 0 26 23 4 28 50 3 20 42 29 8 28 16 34 
28 39 23 5 23 36 14 30 25 47 34 0 29 30 4 26 18 22 36 37 34 39 30 32 
39 28 9 39 50 16 17 40 34 40 41 39 0 41 30 37 10 10 12 49 2 26 20 49 
20 50 45 25 7 22 41 32 46 49 7 34 28 0 15 47 14 14 8 8 1 40 40 15 
35 39 36 27 28 23 41 28 6 19 29 40 39 6 0 42 11 18 43 8 46 40 34 46 
10 46 13 48 35 45 18 20 10 30 35 10 37 22 46 0 14 10 5 22 1 15 49 25 
9 8 23 48 41 8 33 45 25 1 43 27 31 16 25 7 0 34 38 49 20 10 4 47 
6 40 23 30 49 41 19 34 31 11 21 4 40 13 48 28 13 0 28 36 11 9 44 45 
16 49 36 49 39 13 16 30 16 5 12 18 9 18 29 35 4 7 0 18 13 17 10 12 
35 45 37 11 37 43 24 44 38 12 45 8 31 13 43 31 21 15 32 0 6 50 29 46 
40 11 34 44 33 4 41 32 29 6 37 1 5 3 3 30 38 43 12 24 0 6 14 11 
48 22 12 26 48 48 35 5 13 7 50 47 1 4 50 42 40 48 31 16 2 0 44 13 
38 29 18 36 45 13 39 5 40 26 50 37 22 21 28 43 34 44 2 25 45 6 0 6 
3 27 39 1 22 27 25 48 10 4 9 24 48 31 12 41 42 25 2 10 22 1 17 0 
28 0 21 12 5 47 23 50 20 18 33 24 15 10 6 12 17 29 16 28 40 33 14 47 
31 13 0 22 4 10 1 44 47 34 3 10 11 31 10 22 28 26 10 35 41 42 25 16 
3 35 30 0 8 23 45 44 11 35 14 24 32 42 25 20 40 19 25 37 40 13 1 46 
32 8 7 38 0 2 31 48 23 6 6 47 20 19 31 44 21 2 41 42 25 47 7 28 
30 4 7 20 17 0 17 5 36 4 3 40 49 1 16 7 42 31 37 42 19 27 45 6 
1 10 26 5 35 50 0 22 26 49 26 30 28 35 46 11 32 7 1 21 44 18 29 32 
43 5 45 49 11 38 6 0 39 2 35 48 6 10 41 13 21 36 32 27 42 23 22 39 
23 47 21 6 36 18 6 2 0 39 23 29 33 50 40 1 11 39 43 38 28 43 37 40 
1 41 45 31 35 13 42 37 9 0 22 17 23 3 41 32 20 21 47 34 10 34 32 8 
13 31 36 21 38 49 36 44 46 37 0 7 20 16 42 37 21 39 47 36 20 12 33 18 
49 21 7 24 17 32 9 27 6 20 33 0 32 50 50 42 4 39 24 28 21 36 46 22 
17 29 34 26 45 13 49 13 47 31 14 37 0 1 32 26 20 13 37 10 2 1 33 10 
38 21 48 44 48 47 35 12 32 4 49 40 45 0 33 7 14 15 8 7 37 2 37 14 
41 22 13 4 16 34 27 45 22 35 20 47 5 48 0 20 2 16 12 19 32 33 3 43 
32 37 6 23 46 44 44 46 9 2 8 7 22 35 43 0 19 28 6 10 28 5 26 37 
2 17 46 7 41 25 34 5 31 39 30 32 18 10 12 32 0 1 28 39 11 45 47 41 
48 17 24 44 41 27 24 25 38 7 50 5 7 1 37 3 22 0 26 48 27 19 43 4 
25 10 17 25 9 50 17 15 42 6 26 48 40 18 32 43 28 8 0 14 43 26 18 6 
5 32 14 25 18 36 48 20 22 5 14 49 35 24 3 15 25 22 42 0 9 49 31 3 
48 36 41 33 20 20 6 50 28 8 4 13 44 46 25 49 30 44 36 4 0 44 27 19 
47 20 26 43 39 22 34 10 7 24 30 17 40 28 3 29 1 17 5 36 42 0 31 12 
9 20 50 23 13 15 14 28 9 21 18 44 14 44 27 17 29 44 48 47 39 15 0 29 
36 22 27 15 35 38 39 41 27 17 8 18 24 39 49 22 45 43 47 21 46 23 35 0 
40 0 36 24 50 27 42 44 35 24 45 41 15 2 37 50 29 41 21 31 41 28 6 27 
3 29 0 31 23 4 4 42 45 33 14 38 37 30 12 38 13 49 33 32 35 23 34 25 
48 36 45 0 14 7 50 16 32 7 34 10 21 22 47 20 40 31 32 1 8 1 14 50 
21 18 3 9 0 32 8 46 22 4 20 5 33 37 10 40 36 45 18 33 31 3 20 41 
17 17 30 43 2 0 3 22 26 24 34 36 24 47 4 41 35 24 12 13 6 1 17 14 
33 31 41 46 6 41 0 19 34 47 1 27 37 43 3 15 44 19 32 44 32 49 1 36 
44 32 4 34 9 19 41 0 15 41 50 3 47 13 12 7 17 36 5 1 39 24 21 18 
49 32 9 18 44 25 8 36 0 16 32 45 47 15 2 7 11 15 7 37 37 38 41 7 
3 33 12 16 9 27 48 12 13 0 24 15 6 2 50 2 47 40 33 14 37 15 18 15 
43 15 29 45 37 33 37 34 31 8 0 26 7 35 33 9 50 10 18 20 33 24 50 47 
5 11 14 11 47 4 24 4 42 35 19 0 19 2 30 33 12 30 27 40 35 49 27 44 
17 15 31 34 4 19 45 36 41 43 19 24 0 35 24 22 40 30 7 4 35 22 17 14 
8 20 28 7 41 6 34 16 49 29 17 47 47 0 17 20 20 36 47 50 28 27 34 6 
48 39 8 37 10 28 45 43 23 50 1 23 14 27 0 13 5 30 7 28 21 46 18 27 
26 24 11 37 19 38 23 39 38 25 15 30 19 33 20 0 25 38 4 37 44 48 46 44 
6 44 23 43 20 22 50 14 10 31 13 33 13 50 42 26 0 6 1 12 14 49 49 48 
44 23 11 33 40 17 9 25 29 31 31 5 44 46 45 3 18 0 38 12 5 50 6 1 
7 25 47 29 32 43 36 32 45 7 47 30 20 10 39 10 47 2 0 6 34 2 33 46 
48 30 11 49 45 26 37 44 48 38 22 4 9 43 38 28 32 44 49 0 36 48 48 17 
26 44 29 29 15 4 44 23 49 25 30 49 50 22 45 42 7 9 13 49 0 42 48 7 
31 18 10 25 25 41 4 47 48 1 13 35 5 16 48 22 41 5 16 24 29 0 30 44 
38 6 38 2 43 28 35 50 26 28 37 49 12 6 30 20 33 46 28 32 49 38 0 37 
40 27 9 37 23 44 26 25 28 2 24 23 19 38 39 11 20 14 2 37 8 19 18 0 
37 0 17 11 36 33 28 2 48 46 1 20 48 26 34 42 12 6 1 3 10 47 39 33 
12 33 0 44 35 8 18 48 2 29 22 9 23 20 13 9 43 47 27 4 28 23 50 40 
14 28 29 0 2 46 37 6 9 21 49 35 50 4 40 44 44 31 49 49 41 27 17 12 
22 50 48 8 0 7 34 44 11 11 12 43 30 8 30 16 3 16 24 13 39 25 36 14 
5 4 4 33 24 0 30 24 10 14 48 17 7 3 48 30 50 26 27 38 24 38 11 10 
37 15 15 47 34 17 0 14 28 37 37 37 43 4 4 1 21 32 38 3 29 33 41 23 
14 5 36 25 38 13 37 0 13 26 45 44 17 19 9 34 40 43 1 21 30 21 17 5 
26 46 26 7 7 36 35 32 0 28 46 42 2 42 48 42 26 16 1 25 11 49 10 37 
32 12 49 49 10 29 12 12 2 0 47 1 11 29 13 7 31 27 41 13 17 21 27 8 
43 42 1 25 5 29 47 6 7 16 0 10 44 45 9 37 26 4 16 35 41 5 41 38 
14 14 10 21 48 20 37 44 16 5 5 0 7 8 9 4 8 33 6 42 45 45 20 19 
12 23 40 16 10 1 37 37 4 2 4 38 0 12 46 9 49 37 20 23 44 40 40 2 
30 17 50 9 2 35 14 47 43 45 46 48 49 0 8 4 27 44 30 18 1 6 4 22 
43 13 24 7 5 25 23 26 29 22 21 11 50 11 0 42 35 2 41 5 12 44 16 48 
11 42 33 44 30 15 22 40 47 27 45 7 47 29 29 0 9 23 21 19 18 26 28 48 
4 17 2 45 17 10 1 42 29 28 15 14 16 22 31 44 0 11 7 33 24 35 6 4 
46 7 24 33 33 42 25 49 22 33 45 29 27 29 20 6 30 0 47 35 17 30 32 15 
13 37 42 27 9 11 44 5 13 49 13 6 39 43 28 18 1 4 0 30 43 32 22 43 
5 16 41 2 4 28 50 39 25 14 42 12 46 42 15 17 39 29 28 0 32 31 14 23 
32 13 2 29 34 13 1 39 34 42 44 38 12 18 9 41 28 14 10 39 0 42 47 32 
33 27 37 38 41 15 4 41 13 41 43 10 39 2 49 17 27 25 25 9 20 0 3 5 
4 49 30 39 1 19 21 26 31 36 32 20 2 48 25 10 25 31 2 31 47 19 0 9 
20 39 29 47 34 15 17 38 12 30 23 33 39 11 27 3 23 43 15 13 24 7 32 0 
47 0 19 3 16 1 29 19 22 8 35 41 10 50 23 22 38 12 14 49 21 40 30 15 
36 49 0 49 28 29 39 32 7 35 14 8 32 29 31 49 17 9 43 9 16 49 49 2 
28 31 1 0 5 4 49 26 37 43 18 4 17 17 3 2 40 33 26 29 7 47 43 41 
44 7 13 48 0 40 28 31 14 17 38 48 22 48 29 35 29 9 10 27 16 14 25 15 
33 15 8 3 27 0 40 21 42 5 35 40 8 48 42 1 37 10 12 4 38 29 20 31 
4 12 48 48 20 48 0 21 27 27 20 43 31 34 32 25 5 25 47 46 44 37 8 21 
37 37 8 23 17 4 10 0 37 36 13 34 5 42 29 43 1 45 34 9 13 39 6 12 
18 6 35 8 30 41 33 27 0 45 47 42 12 11 12 25 4 24 17 33 7 18 1 28 
34 26 32 47 2 10 29 45 32 0 31 25 41 18 32 47 31 46 3 37 39 8 50 18 
32 39 21 30 35 46 7 50 45 17 0 28 2 32 49 45 32 18 17 2 10 31 37 21 
7 22 27 37 37 4 32 12 20 34 8 0 50 8 32 30 44 50 26 31 31 25 40 31 
15 32 1 22 19 23 7 41 37 46 18 14 0 8 9 9 20 47 13 6 9 18 25 49 
38 1 38 24 2 35 1 6 47 17 42 12 5 0 36 33 13 40 13 44 21 5 40 18 
22 35 41 6 35 18 19 32 14 41 34 14 21 32 0 50 5 7 37 41 22 47 17 48 
5 35 15 1 17 47 24 4 44 48 33 16 39 12 29 0 16 38 29 36 28 21 22 23 
12 31 40 8 38 34 15 19 21 6 38 37 22 21 18 3 0 35 41 37 40 17 38 17 
11 44 28 22 3 43 12 40 27 34 13 4 20 27 39 36 20 0 30 30 13 11 2 26 
7 46 21 26 1 38 34 32 7 24 15 30 15 10 13 12 26 10 0 17 11 4 10 18 
48 26 47 5 18 10 37 26 7 10 18 22 26 33 18 11 2 43 2 0 6 30 6 47 
25 26 8 19 4 3 45 41 23 47 29 23 1 5 34 17 22 20 48 9 0 21 47 39 
38 29 9 50 15 19 2 4 38 42 29 23 29 11 42 34 24 12 19 46 25 0 48 10 
18 6 19 26 30 37 33 48 27 28 38 21 40 45 4 30 23 21 43 42 31 22 0 33 
5 7 31 36 25 47 2 2 14 40 20 42 45 46 43 22 17 5 45 3 45 42 41 0 
2 0 39 20 33 47 26 32 6 29 46 23 14 19 50 2 9 1 26 27 24 31 21 4 
10 34 0 30 49 27 37 37 20 39 14 17 29 48 5 15 6 27 33 34 41 46 22 32 
24 23 16 0 47 45 27 19 18 10 32 36 11 49 17 27 6 20 43 27 35 1 2 21 
5 4 37 21 0 1 42 47 30 8 38 2 7 27 11 41 42 43 20 46 8 48 12 44 
16 39 50 27 15 0 49 19 38 32 22 2 12 43 8 7 19 27 14 2 28 24 47 10 
50 45 29 1 35 15 0 5 45 23 43 10 22 32 1 15 32 32 39 1 21 35 26 50 
48 34 37 2 20 44 47 0 35 21 19 29 1 32 36 48 35 23 27 27 29 20 34 37 
25 19 12 32 21 39 24 27 0 26 24 46 32 17 48 14 36 2 27 8 40 3 3 50 
34 47 34 5 29 44 8 47 30 0 14 48 12 33 9 13 26 47 48 42 4 27 36 4 
31 37 9 42 26 2 12 45 34 23 0 19 28 35 37 35 45 33 18 27 16 18 20 37 
31 28 39 2 12 42 12 49 23 48 43 0 4 18 20 3 32 46 19 20 14 39 15 31 
28 39 12 3 10 36 50 20 37 12 1 28 0 14 38 1 1 3 23 24 47 31 43 34 
17 26 30 36 32 48 49 6 48 17 48 11 13 0 50 40 2 14 23 28 7 42 18 43 
40 45 45 19 18 41 16 19 50 36 5 46 28 30 0 50 18 23 39 6 3 11 17 27 
39 1 14 21 11 24 3 36 42 50 33 41 42 38 30 0 31 15 33 49 48 26 8 5 
13 23 14 5 6 19 37 15 32 23 18 7 18 4 21 5 0 45 48 50 14 47 45 39 
9 31 44 8 41 21 12 20 2 31 47 2 48 48 19 48 18 0 6 35 1 19 25 31 
12 28 45 28 5 1 26 45 8 18 35 5 25 12 12 47 45 21 0 4 16 27 22 3 
23 8 27 50 33 9 13 44 21 35 50 32 30 46 44 8 20 27 37 0 39 34 14 43 
45 36 7 9 41 31 16 9 5 41 25 23 20 28 1 44 37 46 25 14 0 21 25 31 
32 1 2 13 34 40 40 33 20 9 15 33 15 27 50 23 13 6 27 46 42 0 6 24 
24 31 19 34 50 44 10 1 23 20 6 25 9 39 18 32 19 15 9 6 14 6 0 45 
37 18 37 24 12 9 45 30 39 26 27 28 33 15 7 41 39 11 9 43 13 9 2 0 
41 0 34 45 24 8 31 34 1 11 18 36 33 17 13 20 48 42 28 41 17 50 33 12 
36 17 0 13 25 20 46 6 13 33 28 17 47 41 17 35 37 49 6 26 17 10 48 33 
41 28 19 0 13 17 15 22 43 3 9 22 10 8 45 6 15 6 5 5 3 6 1 17 
30 31 7 42 0 43 12 24 16 2 38 35 23 48 1 33 39 49 11 36 14 38 19 7 
28 43 43 42 21 0 12 5 45 27 41 11 40 33 11 24 30 32 29 44 21 23 23 23 
9 14 23 17 7 43 0 21 37 30 12 24 30 50 50 20 3 5 47 43 8 33 38 11 
1 29 26 31 5 36 45 0 48 35 5 20 35 28 49 45 49 3 7 5 31 28 9 31 
25 30 12 27 39 25 30 16 0 41 22 3 23 39 32 13 16 2 36 14 40 25 30 16 
43 5 10 48 41 1 29 7 34 0 43 48 2 1 43 9 6 24 5 40 30 14 25 26 
6 18 41 41 4 45 14 19 6 45 0 15 19 22 30 27 40 15 13 15 20 31 42 31 
12 24 43 31 41 36 36 1 3 19 29 0 4 31 1 11 26 13 20 24 42 7 37 24 
38 26 47 15 26 17 49 5 46 15 38 29 0 18 11 15 23 34 21 45 12 1 43 26 
47 39 5 38 3 1 7 50 24 25 50 5 5 0 45 21 11 34 4 14 33 40 43 22 
43 15 48 47 41 21 13 25 24 45 1 50 27 21 0 30 47 5 40 15 14 4 19 7 
10 29 13 11 11 9 38 11 36 5 18 12 24 5 4 0 16 30 12 1 27 11 4 46 
45 40 5 7 10 44 25 29 18 25 8 38 19 28 11 2 0 17 36 35 16 46 9 9 
7 43 1 24 36 2 4 43 47 7 34 19 22 7 2 29 17 0 11 26 50 38 16 17 
36 39 19 11 35 41 26 39 50 36 31 48 15 9 20 40 27 15 0 33 12 32 36 9 
39 46 15 8 18 5 20 10 22 42 26 16 36 17 42 20 2 21 18 0 34 34 41 9 
38 20 47 22 49 35 6 4 36 1 30 31 15 20 34 8 35 31 26 10 0 7 39 44 
35 24 36 46 31 42 15 3 26 49 37 28 38 21 33 22 26 16 38 41 16 0 7 37 
27 50 19 13 34 3 8 32 2 49 27 13 49 14 40 26 13 22 48 4 32 29 0 43 
46 37 2 9 1 45 20 49 29 29 37 9 46 13 29 31 50 18 17 36 29 12 9 0 
35 0 9 36 40 26 19 18 3 5 49 8 23 26 32 45 8 38 33 50 48 35 12 5 
45 14 0 34 41 49 36 16 44 14 35 29 17 1 15 5 45 30 12 26 33 10 38 40 
4 50 6 0 11 30 3 30 14 24 24 4 42 27 42 29 19 17 40 6 45 39 47 15 
44 43 33 39 0 20 37 9 30 46 7 25 31 41 44 26 36 41 34 21 5 44 48 24 
28 3 2 43 10 0 43 5 44 1 7 35 12 18 48 15 10 28 15 44 9 35 3 12 
38 26 42 4 16 11 0 19 42 22 47 19 5 36 19 45 50 37 42 14 24 25 7 32 
8 39 27 25 44 41 50 0 40 39 26 42 14 17 18 39 39 34 33 15 14 16 49 43 
29 42 34 16 8 18 22 29 0 38 32 45 34 16 39 37 26 2 22 7 30 30 45 6 
28 33 48 3 30 42 10 43 16 0 9 46 49 33 11 25 43 23 18 47 5 32 23 34 
24 50 47 8 13 42 10 19 13 34 0 37 6 33 11 15 42 38 28 39 30 26 21 41 
4 16 27 30 35 13 34 41 24 5 49 0 25 3 34 35 48 2 7 40 33 15 47 5 
42 32 8 26 9 27 44 44 9 4 10 44 0 42 36 13 25 7 30 43 14 1 35 36 
13 9 4 31 38 24 36 38 27 8 12 35 48 0 27 37 25 14 31 12 40 22 44 40 
43 12 39 32 34 3 22 34 4 8 47 45 18 6 0 47 6 21 23 16 33 36 31 2 
15 49 20 6 30 33 40 45 15 20 19 11 19 49 42 0 3 35 5 25 8 28 2 33 
20 19 17 25 42 18 6 11 4 12 11 25 34 14 48 43 0 1 15 13 32 26 49 45 
28 7 29 20 32 29 12 24 24 14 17 1 37 13 9 48 28 0 10 9 15 50 9 25 
9 40 38 13 24 44 16 21 7 21 25 40 19 14 48 25 33 42 0 39 37 11 18 13 
11 30 43 17 35 22 17 35 46 20 32 20 31 45 16 39 30 9 44 0 10 31 13 24 
40 34 31 36 27 23 11 22 14 42 28 27 33 32 27 31 49 41 37 29 0 21 37 45 
17 30 17 4 10 29 18 8 32 49 7 3 34 4 37 41 12 35 48 19 28 0 3 19 
34 7 3 28 45 20 45 35 3 3 40 15 6 10 20 2 44 46 35 46 28 26 0 29 
44 28 12 1 25 44 23 19 17 14 12 33 47 7 2 23 39 37 15 4 50 44 40 0 
31 0 31 43 34 5 23 44 8 41 9 29 9 50 34 20 20 41 31 35 24 1 44 27 
23 45 0 42 23 46 9 14 22 29 50 38 31 20 33 11 19 47 23 7 22 25 19 49 
2 40 19 0 18 24 24 16 21 40 38 4 20 39 13 50 48 49 27 37 50 9 12 3 
50 37 31 12 0 38 2 44 23 3 4 47 40 34 28 42 41 48 13 30 49 44 17 14 
22 7 48 25 9 0 46 39 19 40 40 38 20 31 43 13 28 20 46 15 2 16 42 23 
16 21 7 36 39 37 0 30 13 9 33 24 10 6 41 27 36 27 14 36 8 1 47 9 
12 48 36 36 11 4 30 0 16 48 30 34 32 4 3 10 50 33 10 27 29 37 7 34 
8 38 43 11 39 38 31 35 0 23 20 13 46 38 4 2 19 10 30 18 26 30 22 10 
23 33 17 15 4 48 24 18 22 0 5 15 29 48 18 44 41 29 18 46 12 12 42 8 
22 46 31 42 18 49 19 31 5 36 0 29 20 28 22 23 28 37 50 2 41 41 24 26 
4 1 17 39 40 9 35 11 48 32 26 0 46 19 23 7 6 19 4 24 11 43 20 49 
16 20 6 41 9 13 10 2 17 49 21 27 0 41 1 11 30 23 20 26 31 39 2 27 
4 5 31 44 34 38 18 14 33 35 3 1 19 0 34 19 27 49 38 31 10 47 49 47 
16 5 9 25 2 41 18 39 10 15 44 2 36 28 0 19 27 14 50 36 39 43 38 50 
42 46 4 44 28 44 9 43 30 6 9 15 39 25 13 0 16 23 16 46 44 37 26 33 
33 49 30 11 17 11 12 10 4 29 5 18 29 48 48 40 0 46 1 23 15 47 28 13 
31 3 2 34 13 24 47 45 14 17 14 21 45 49 33 43 32 0 18 46 5 37 34 8 
34 19 26 26 1 43 15 11 36 6 36 50 9 15 27 50 37 8 0 34 42 1 16 27 
3 42 13 9 41 47 1 24 27 47 45 18 16 38 48 47 3 49 6 0 28 16 9 49 
25 28 5 19 10 48 4 42 7 19 42 23 34 38 35 25 15 36 33 10 0 4 14 48 
12 12 40 11 32 44 46 39 12 45 43 39 31 36 28 42 26 23 5 39 50 0 24 16 
14 10 18 24 42 42 33 50 46 11 30 44 8 21 37 22 49 12 30 30 29 41 0 49 
4 40 37 45 7 37 49 26 49 39 47 26 1 14 20 4 47 30 46 48 29 1 43 0 
21 0 21 40 1 6 27 20 45 37 23 12 14 35 5 47 27 13 47 36 32 6 11 45 
36 9 0 30 8 33 1 34 44 20 4 48 17 24 18 37 43 49 30 44 10 4 40 50 
35 49 50 0 4 33 1 44 20 37 10 27 4 43 27 19 37 44 4 29 42 11 38 39 
24 9 27 5 0 37 2 12 1 42 46 9 45 10 33 48 1 44 27 34 11 7 48 14 
44 16 30 43 1 0 7 25 49 40 48 11 27 45 7 47 8 18 26 9 36 8 35 33 
10 4 46 4 36 15 0 27 28 32 27 46 33 39 7 9 11 45 18 48 19 48 49 7 
4 44 47 20 17 35 48 0 13 6 10 34 20 40 5 3 39 34 14 21 29 1 49 25 
9 1 10 15 14 18 11 16 0 36 12 48 43 11 40 46 11 43 34 15 40 24 5 37 
20 7 43 29 14 6 27 21 6 0 5 19 39 20 7 21 35 45 46 44 49 9 42 13 
43 50 39 4 29 45 37 10 2 4 0 14 40 9 22 40 48 11 9 41 42 39 42 1 
27 4 22 50 21 45 30 7 29 28 44 0 50 30 26 2 49 26 20 45 18 36 7 18 
12 13 5 49 34 40 18 1 24 2 49 13 0 50 7 46 17 16 22 47 35 13 15 23 
10 22 9 10 16 23 44 24 16 21 37 11 38 0 16 47 46 17 11 28 20 48 31 13 
3 43 31 3 30 46 39 22 6 47 40 46 27 26 0 31 3 28 31 29 34 43 14 46 
8 2 20 27 31 25 35 45 26 29 9 7 17 36 20 0 14 28 28 49 32 14 49 20 
20 21 37 9 50 40 20 48 21 39 47 23 2 11 20 8 0 47 21 2 15 17 18 19 
14 18 8 17 2 6 44 33 33 10 32 50 6 44 17 35 6 0 6 32 39 19 20 13 
19 4 8 20 3 11 12 34 3 3 2 23 42 43 23 19 42 28 0 6 15 14 20 12 
15 15 31 36 47 9 36 30 1 45 5 40 14 44 37 41 23 21 26 0 29 47 4 21 
26 43 33 38 40 11 13 6 49 49 42 44 6 23 26 16 26 18 24 1 0 29 37 3 
10 25 6 37 34 44 39 41 15 11 44 5 43 14 21 46 19 38 40 7 41 0 22 50 
32 19 47 6 50 12 24 3 43 39 41 24 13 35 24 30 12 10 8 28 34 12 0 18 
33 2 5 22 5 14 40 30 12 38 26 25 19 37 39 39 30 42 8 2 17 3 40 0 
8 0 12 46 8 28 47 34 45 17 20 2 15 4 46 40 20 40 3 9 29 37 38 11 
6 44 0 23 22 29 36 27 11 2 31 13 47 11 9 6 12 34 29 43 9 5 17 23 
35 44 40 0 23 18 50 8 24 4 20 2 41 15 5 26 5 9 41 10 1 34 42 49 
30 11 35 41 0 26 1 44 30 6 39 22 39 28 39 14 9 11 45 7 10 28 9 19 
42 7 9 24 34 0 18 46 17 39 43 45 10 13 34 9 32 24 10 41 46 2 43 17 
48 16 46 32 49 7 0 27 33 22 22 42 44 34 17 27 10 12 11 23 34 46 33 30 
1 26 3 13 34 50 37 0 14 18 49 41 12 8 39 37 47 11 12 11 24 39 21 40 
26 15 48 50 29 36 30 10 0 21 15 37 45 7 47 44 44 33 35 9 25 45 44 6 
19 22 26 14 12 22 36 10 42 0 31 36 28 48 36 1 8 28 38 40 20 47 22 44 
30 1 17 19 28 39 31 47 46 32 0 9 30 28 4 23 18 38 36 6 46 15 21 20 
47 8 33 27 31 37 5 24 9 47 29 0 46 13 46 3 8 21 11 34 40 46 39 7 
23 5 5 20 2 35 42 27 29 9 32 21 0 12 46 12 50 10 42 9 50 33 50 8 
10 23 36 28 35 35 32 32 25 8 1 11 23 0 26 18 3 40 18 21 50 38 32 26 
42 13 9 12 24 48 37 40 25 23 47 45 48 17 0 7 8 43 48 28 8 14 11 36 
40 24 43 40 20 33 13 1 21 29 47 44 16 27 23 0 8 34 38 19 27 38 26 31 
20 36 34 10 29 3 11 24 13 32 27 20 38 31 9 18 0 7 13 23 27 17 1 24 
41 32 20 40 44 21 46 34 48 14 43 24 4 36 23 34 48 0 11 5 35 13 40 7 
35 28 25 20 12 15 16 50 15 19 13 43 29 9 14 17 4 17 0 48 30 6 45 8 
6 32 34 29 25 17 12 16 12 2 25 35 13 20 1 34 20 33 15 0 29 5 42 44 
45 25 35 44 1 18 15 11 2 41 20 20 38 29 37 41 33 3 3 2 0 42 5 25 
2 47 3 34 29 47 42 17 3 15 39 40 4 41 23 11 49 47 42 23 45 0 43 1 
14 5 34 42 32 26 3 41 2 40 1 34 48 48 35 37 14 10 24 18 6 49 0 40 
34 1 10 43 5 5 1 32 31 10 47 40 29 46 5 10 41 50 25 38 50 3 7 0 
26 0 13 14 11 28 14 21 25 46 15 16 1 42 22 34 48 36 1 8 20 25 1 9 
6 42 0 9 50 33 18 32 12 40 31 44 35 30 41 44 23 19 10 35 2 25 14 46 
13 39 8 0 3 39 37 43 34 33 25 5 9 20 19 14 38 7 15 4 27 20 49 38 
5 8 43 28 0 40 11 40 50 35 42 47 46 12 26 16 43 25 48 47 11 10 25 33 
25 5 5 23 28 0 38 21 38 26 15 2 3 46 47 9 3 24 43 26 21 17 24 24 
3 13 42 22 29 30 0 23 38 28 30 25 18 24 35 38 12 12 14 5 21 32 10 23 
21 47 17 45 24 18 34 0 5 16 1 32 2 10 37 17 42 8 3 27 24 23 21 29 
35 18 36 32 15 7 12 3 0 42 43 40 22 25 13 35 50 20 44 26 10 17 43 34 
29 25 46 22 47 19 5 37 1 0 50 19 32 27 39 37 20 48 4 49 40 10 21 16 
42 30 24 3 8 31 48 12 12 43 0 35 8 7 20 36 15 34 38 7 39 22 7 32 
8 11 34 25 29 6 19 4 24 8 10 0 4 43 24 16 48 6 3 39 7 40 43 32 
31 1 13 40 15 2 3 32 45 36 48 17 0 43 24 7 20 6 43 40 12 50 48 16 
43 42 19 41 1 36 33 50 42 16 29 4 24 0 17 17 5 2 21 26 15 19 45 8 
24 24 50 34 34 15 1 32 32 33 35 20 48 47 0 12 3 46 12 36 6 2 14 21 
33 4 40 39 38 41 25 33 47 48 35 45 18 1 2 0 50 36 42 34 48 21 39 47 
19 8 41 19 30 3 33 39 7 10 3 18 31 44 26 13 0 41 8 1 38 22 14 2 
45 2 44 13 1 15 18 17 1 44 7 21 31 48 23 46 30 0 14 10 29 36 15 34 
22 6 10 30 43 41 20 2 26 6 7 47 17 36 41 33 25 39 0 44 3 25 25 24 
45 16 19 12 21 24 13 36 17 30 19 23 7 41 35 25 26 31 43 0 32 16 25 2 
6 10 40 32 35 40 42 13 10 47 33 15 15 24 29 49 28 13 20 40 0 17 49 13 
34 43 40 15 18 22 32 44 9 21 14 14 2 32 43 28 47 25 18 9 27 0 25 26 
21 1 48 32 16 19 46 35 35 7 48 7 40 46 26 25 42 28 4 24 45 1 0 11 
27 18 35 36 24 16 50 40 37 9 17 19 14 20 40 17 25 14 36 29 7 5 25 0 
4 0 33 22 50 27 32 23 2 31 20 41 22 15 31 34 22 20 36 18 12 48 23 27 
12 5 0 2 11 30 11 10 23 5 22 43 31 4 3 16 24 9 14 8 36 50 24 49 
26 36 42 0 42 16 43 40 44 28 31 6 10 46 25 21 44 41 22 48 37 50 22 50 
30 19 5 13 0 9 49 41 38 28 39 6 27 25 38 19 45 30 15 29 16 1 48 44 
21 49 39 20 17 0 15 2 38 50 4 37 12 24 12 31 32 45 37 44 29 21 40 49 
46 7 22 27 19 22 0 21 6 50 33 26 35 14 20 29 24 23 27 2 7 23 39 27 
46 33 49 34 34 29 7 0 19 24 31 1 44 14 46 38 33 16 30 48 37 30 48 28 
18 12 17 13 21 3 19 34 0 27 7 30 26 44 21 38 37 27 43 14 2 4 14 27 
16 29 36 44 36 28 25 3 47 0 48 6 32 23 18 17 36 17 5 48 24 37 34 20 
44 13 29 43 21 44 16 46 24 4 0 35 1 35 36 10 34 6 2 5 34 28 39 39 
16 20 11 7 48 48 7 40 41 33 9 0 42 31 8 36 4 9 32 2 32 28 39 18 
32 1 7 21 42 23 32 1 43 6 24 13 0 24 10 37 18 49 18 14 44 19 27 45 
29 26 21 48 47 3 26 7 11 28 2 30 7 0 41 27 15 18 9 32 16 36 7 46 
12 44 22 14 4 14 15 45 49 5 7 29 46 21 0 25 36 49 17 49 14 36 22 30 
31 27 22 4 47 35 37 12 9 22 31 10 4 25 39 0 22 44 47 33 4 26 1 13 
32 45 43 24 34 49 38 44 10 41 15 42 37 33 11 18 0 10 13 43 48 7 15 12 
21 11 10 46 6 17 3 18 5 30 15 40 10 5 12 3 13 0 22 28 21 19 40 34 
3 40 33 30 24 42 33 3 6 17 33 22 13 25 4 32 27 7 0 23 10 12 22 43 
2 14 48 10 31 27 30 45 44 31 28 7 6 24 38 30 27 22 27 0 9 24 27 33 
50 29 9 40 2 15 46 30 22 31 47 32 17 26 33 3 27 27 23 40 0 42 36 18 
48 9 40 28 47 39 35 14 20 25 31 49 31 23 37 28 30 48 1 6 27 0 10 42 
22 5 45 20 1 33 1 38 42 15 11 11 31 13 38 50 42 38 18 27 7 36 0 28 
2 30 40 49 43 42 41 30 42 39 17 18 23 3 20 35 31 20 38 40 34 21 12 0 
6 0 16 43 49 10 19 9 34 36 36 28 44 40 11 34 9 46 1 35 19 23 15 45 
15 48 0 23 3 37 8 20 46 44 31 19 34 34 50 44 31 11 34 5 32 32 46 9 
30 24 48 0 12 42 39 50 2 40 42 22 29 1 38 16 22 27 17 41 34 13 22 27 
1 9 2 21 0 24 36 18 34 13 19 39 43 29 40 47 28 7 45 30 30 43 12 22 
43 44 46 12 29 0 15 42 12 47 9 47 48 3 41 19 26 16 22 9 9 10 13 45 
37 33 31 40 34 40 0 34 42 35 39 37 9 27 29 25 40 19 22 7 42 34 33 42 
44 37 38 19 14 8 34 0 3 12 31 50 9 30 49 26 8 23 14 17 12 10 17 32 
43 47 42 33 40 38 4 21 0 11 5 41 37 3 47 22 20 35 1 36 25 29 28 21 
46 41 44 14 35 29 17 21 33 0 27 6 46 23 22 26 44 15 9 10 39 4 39 12 
23 12 1 44 33 12 24 42 4 15 0 27 47 42 47 25 19 43 45 35 9 11 48 1 
49 48 10 8 21 16 19 40 17 8 29 0 21 3 34 35 35 10 10 35 2 31 47 26 
34 48 41 41 18 45 20 30 2 26 11 2 0 46 24 5 3 27 36 26 10 40 14 26 
22 35 8 10 26 50 26 46 21 3 23 26 10 0 30 26 1 46 48 28 28 46 43 32 
40 11 6 7 9 17 6 37 36 21 22 20 6 11 0 35 45 31 27 30 41 49 24 48 
45 23 1 36 31 12 13 36 31 30 3 18 50 20 43 0 17 30 16 17 37 6 39 11 
20 40 12 4 47 1 16 3 33 17 13 11 34 8 32 25 0 26 24 35 41 41 4 43 
35 25 39 10 1 25 33 37 43 7 13 32 46 20 9 16 36 0 16 28 20 2 37 9 
9 9 48 41 41 14 22 48 20 17 47 27 29 9 41 15 28 1 0 30 21 5 21 27 
36 6 17 9 50 26 14 34 42 49 16 30 1 3 35 42 24 22 9 0 43 16 49 44 
30 7 45 1 50 20 23 17 5 38 33 13 36 25 5 22 23 7 33 6 0 29 14 30 
40 13 43 9 7 50 47 29 11 37 13 38 2 5 25 14 15 19 33 12 42 0 19 41 
50 18 19 50 36 37 34 44 15 17 28 5 39 8 12 16 17 8 10 22 26 23 0 37 
4 18 49 44 19 37 47 2 39 22 22 44 41 38 1 12 42 28 44 48 22 25 1 0 
37 0 7 3 4 16 5 32 47 15 27 32 16 32 38 43 15 7 19 15 39 33 17 14 
21 28 0 17 47 18 45 33 26 16 30 17 12 38 16 34 31 48 8 26 8 18 10 23 
19 24 50 0 13 37 29 8 36 18 20 43 33 26 49 8 14 3 33 2 16 37 16 26 
6 50 24 39 0 17 32 8 9 47 12 6 49 23 19 32 46 47 9 44 50 43 45 34 
8 33 40 44 23 0 26 17 44 37 4 48 44 14 14 41 41 4 10 11 47 21 21 50 
35 45 22 37 5 8 0 43 16 34 12 17 16 6 27 39 36 34 30 18 20 46 25 25 
19 33 7 18 41 40 32 0 48 13 38 33 6 50 2 39 13 36 44 38 15 33 47 49 
35 15 16 25 28 18 3 1 0 5 10 20 3 5 48 41 3 26 3 14 5 28 24 22 
40 34 46 18 32 26 9 11 42 0 22 34 23 3 26 16 5 31 10 38 29 46 30 49 
35 15 46 42 12 12 19 43 22 11 0 44 27 42 32 50 21 25 47 50 28 31 21 25 
39 28 11 49 34 45 41 46 27 10 35 0 11 3 37 35 47 49 24 30 13 12 10 49 
25 23 31 39 13 32 46 2 19 14 41 7 0 14 1 14 36 48 31 16 17 17 7 21 
47 35 41 50 1 5 2 8 14 29 29 37 26 0 4 7 28 14 31 9 17 48 13 30 
21 46 36 38 33 32 46 43 33 18 2 34 5 23 0 33 46 47 17 6 27 29 36 15 
38 33 42 4 3 37 8 41 24 35 5 20 4 15 18 0 20 27 18 37 47 20 25 20 
2 6 32 35 13 50 42 36 2 36 32 48 6 41 29 44 0 7 26 28 28 50 1 3 
29 31 30 48 30 10 43 40 46 14 13 40 48 22 2 45 41 0 33 49 3 34 23 18 
12 29 48 25 30 21 42 47 20 2 3 3 5 34 2 12 27 10 0 47 37 35 43 2 
31 23 5 31 37 46 1 48 20 6 14 18 20 33 35 13 19 4 17 0 43 39 46 19 
48 12 39 21 22 44 38 36 33 19 28 17 3 25 41 5 2 20 4 34 0 48 42 16 
33 30 43 48 29 34 19 50 13 36 4 8 19 49 26 29 5 33 21 31 49 0 43 16 
33 38 28 49 15 24 35 13 22 7 46 7 41 30 46 10 3 15 20 15 31 49 0 18 
22 7 27 41 50 1 27 11 17 41 14 10 11 1 35 4 27 29 24 33 2 24 42 0 
35 0 50 10 23 18 16 30 28 35 35 21 6 43 39 34 35 12 45 46 29 17 27 21 
36 9 0 19 12 43 36 8 16 16 49 16 42 42 41 29 10 46 38 13 30 26 40 45 
43 15 43 0 44 13 39 7 45 26 8 29 24 15 50 5 37 43 28 19 6 7 28 48 
43 45 33 35 0 1 42 4 48 45 46 15 27 47 1 42 45 27 9 5 40 34 13 17 
15 11 41 1 21 0 2 7 35 38 16 18 1 49 30 4 7 3 22 11 34 29 50 23 
8 37 1 33 43 47 0 3 38 14 31 29 19 25 10 42 34 46 39 11 27 12 29 1 
43 16 23 2 3 19 24 0 29 39 15 38 33 14 21 20 15 39 36 28 5 21 21 11 
30 48 11 38 15 46 18 24 0 12 30 37 8 18 20 45 50 19 41 2 40 5 37 27 
28 13 27 25 23 41 34 25 30 0 23 5 44 5 42 31 9 33 21 41 26 4 28 14 
2 46 44 36 10 14 19 32 7 43 0 22 33 25 39 22 46 34 29 6 7 36 14 26 
41 9 39 33 19 20 15 12 23 1 50 0 25 29 29 5 24 11 12 41 49 2 34 9 
6 20 12 26 8 48 49 21 29 39 20 4 0 28 22 32 50 13 42 32 49 33 26 15 
43 18 29 5 45 46 45 15 25 7 50 33 14 0 8 44 7 15 25 30 22 37 9 25 
27 3 30 12 29 7 21 35 27 31 6 19 8 29 0 43 4 26 35 24 46 47 29 39 
19 42 19 36 17 24 3 4 28 34 43 2 2 16 34 0 16 9 5 22 23 3 8 40 
37 28 22 22 5 38 13 14 28 49 15 12 20 11 22 4 0 11 24 27 28 35 16 28 
41 38 42 20 16 42 26 6 37 11 3 33 8 46 3 49 17 0 16 21 15 4 38 5 
14 5 38 2 11 49 26 31 5 21 1 32 34 13 19 48 23 3 0 44 29 1 18 29 
15 9 9 26 10 13 15 1 24 4 34 29 15 28 40 15 7 11 31 0 49 12 7 14 
20 36 49 18 48 12 11 9 4 47 26 23 44 3 24 17 18 40 20 28 0 28 50 34 
4 20 33 39 37 19 21 19 18 9 45 39 40 12 46 18 39 14 45 30 33 0 40 6 
47 12 34 44 13 9 42 29 37 20 3 46 48 15 24 24 41 34 28 9 15 49 0 15 
34 5 23 23 32 14 33 21 2 15 15 36 28 4 25 8 11 26 30 9 19 38 17 0 
48 0 3 16 41 5 46 5 31 41 49 48 50 40 40 37 11 16 4 49 1 31 33 30 
47 20 0 16 26 18 34 36 41 46 46 39 26 21 16 24 29 25 48 34 25 38 31 5 
36 19 25 0 16 14 5 20 38 36 15 24 20 22 39 21 38 48 5 8 2 4 1 15 
16 45 43 26 0 25 4 48 9 42 17 16 31 8 44 18 23 36 26 9 4 11 48 47 
3 40 5 10 37 0 21 31 29 1 36 4 9 21 22 30 46 35 38 7 32 3 6 9 
13 44 30 33 22 26 0 46 47 5 18 48 41 36 20 44 11 39 12 38 16 46 5 35 
48 2 7 30 24 17 4 0 16 45 47 31 43 17 7 39 9 3 5 39 49 41 24 31 
44 27 42 27 19 21 16 41 0 14 9 10 33 32 16 46 23 31 1 2 4 45 6 28 
27 4 1 4 35 11 7 6 44 0 25 21 13 4 33 40 36 46 29 6 18 34 7 25 
7 43 7 33 9 48 39 20 37 39 0 50 15 23 19 18 31 30 8 3 16 9 11 4 
43 40 42 16 7 25 39 39 44 21 30 0 44 12 29 29 48 8 6 5 34 24 5 18 
17 18 29 49 26 10 32 42 17 47 39 15 0 43 18 33 33 45 49 1 6 45 44 26 
6 3 2 11 45 11 4 28 30 38 23 25 48 0 28 27 13 29 12 29 13 48 23 15 
36 30 26 23 10 36 24 49 24 23 43 23 47 25 0 50 38 32 13 19 9 27 21 43 
36 5 19 36 22 45 16 32 29 34 38 16 31 20 38 0 45 42 7 39 49 3 6 6 
31 39 30 25 48 50 29 14 38 16 38 41 18 42 50 2 0 5 8 42 15 40 9 9 
19 19 44 19 28 3 38 22 41 30 50 38 47 43 20 18 32 0 50 20 1 50 44 30 
20 4 42 5 35 41 12 42 16 23 31 11 7 4 32 2 12 50 0 45 48 11 19 4 
4 9 36 41 11 15 20 8 9 26 40 25 16 36 48 4 31 29 38 0 34 16 17 33 
14 15 50 49 8 1 6 47 19 2 50 39 46 49 1 2 28 46 15 22 0 35 18 30 
16 17 15 47 15 19 24 35 38 37 27 22 26 11 16 13 8 4 30 21 23 0 16 47 
2 5 30 28 11 39 2 45 49 47 35 35 33 44 5 41 29 46 17 13 3 20 0 28 
25 41 12 34 8 19 6 47 7 1 21 13 42 35 41 13 47 36 42 28 25 42 26 0 
33 0 20 4 13 2 26 7 3 44 32 27 5 37 49 5 45 27 43 1 29 34 13 31 
13 6 0 38 33 21 28 11 42 4 34 15 30 15 5 6 5 22 1 48 27 31 15 31 
4 15 42 0 42 16 36 25 14 43 21 39 41 7 14 43 36 26 34 41 24 21 23 20 
41 41 21 39 0 30 28 37 37 50 49 26 35 18 29 36 46 7 29 21 23 9 27 14 
50 41 29 16 22 0 44 41 41 10 32 46 2 1 46 47 46 36 6 34 39 43 32 29 
25 7 40 39 34 46 0 1 50 11 15 27 21 48 1 13 15 44 10 8 16 3 23 28 
36 50 11 34 35 18 25 0 38 22 19 12 4 9 33 6 8 46 9 33 36 38 24 25 
49 45 24 42 41 30 35 16 0 26 3 29 5 39 24 13 17 33 36 27 6 3 36 48 
4 33 38 3 13 8 21 38 40 0 12 26 12 39 11 26 34 9 37 3 37 2 30 28 
18 35 33 43 1 50 12 19 22 13 0 48 20 10 4 27 23 9 6 15 39 44 13 12 
24 6 7 2 18 19 1 50 47 24 6 0 21 19 30 15 21 38 29 43 5 50 42 42 
17 31 32 14 45 31 37 41 34 5 23 9 0 38 44 49 44 50 21 13 1 47 5 33 
9 44 44 35 27 11 2 9 12 33 15 40 21 0 36 6 7 19 11 33 22 17 46 21 
28 27 40 36 43 34 37 41 45 13 49 24 20 1 0 47 10 31 33 47 11 27 23 4 
28 9 45 15 44 41 14 33 17 14 24 16 9 38 26 0 9 25 26 42 20 28 23 13 
36 6 23 1 3 39 21 35 44 5 23 12 28 49 19 43 0 1 32 30 33 10 47 35 
39 22 6 25 22 36 36 4 27 6 46 9 10 22 40 11 44 0 46 29 30 11 36 27 
48 10 7 34 41 38 49 40 3 39 21 35 30 47 15 49 50 9 0 2 47 6 32 41 
9 22 11 21 36 37 31 17 24 3 46 8 15 15 3 45 16 29 17 0 44 20 39 37 
11 15 30 48 30 22 10 39 21 17 20 48 13 31 17 13 4 22 23 48 0 32 34 40 
50 34 48 15 36 19 40 39 21 21 35 1 7 7 40 2 46 15 14 25 42 0 46 18 
41 14 49 16 13 22 48 42 5 27 26 30 14 33 7 24 21 32 28 49 28 28 0 30 
10 7 15 21 27 33 18 9 48 5 17 8 1 37 3 27 18 24 29 30 24 32 27 0 
26 0 19 40 41 44 44 14 47 41 13 34 40 10 49 2 22 9 38 19 28 25 47 26 
7 37 0 19 5 11 26 49 48 7 29 30 39 2 38 42 25 16 35 8 27 45 17 48 
43 28 17 0 2 20 43 6 5 2 29 44 33 5 26 39 3 22 42 15 28 11 31 11 
50 35 18 13 0 3 44 18 21 31 40 39 26 28 45 24 29 6 2 24 28 10 9 5 
38 50 27 32 37 0 35 31 40 38 12 17 17 18 3 31 3 11 35 8 13 44 16 50 
12 9 48 13 10 26 0 37 4 2 42 30 30 14 27 13 32 37 1 1 2 14 11 28 
6 27 26 50 13 43 2 0 46 12 22 50 16 23 39 22 21 14 1 9 16 26 39 23 
17 27 49 4 22 13 43 15 0 36 2 31 43 37 34 27 24 11 50 46 19 9 14 11 
40 43 15 30 37 2 6 45 3 0 18 4 9 23 15 39 30 34 19 7 14 14 42 47 
36 38 37 27 48 16 30 20 15 3 0 16 9 12 8 33 6 14 31 7 29 25 33 26 
4 10 23 21 13 50 2 50 48 48 47 0 30 43 50 26 9 29 23 48 40 6 8 6 
28 23 1 13 44 34 7 14 22 3 12 34 0 17 26 46 17 20 13 3 19 12 15 28 
41 6 39 23 29 6 27 44 20 47 5 45 48 0 13 37 9 17 41 35 25 27 31 17 
9 33 34 6 29 27 3 40 45 13 45 11 8 6 0 12 29 8 46 10 43 37 13 32 
49 5 33 5 37 28 27 41 2 10 39 30 40 45 50 0 49 17 17 8 11 32 3 2 
30 3 5 12 28 29 17 39 31 47 2 35 2 46 23 17 0 12 18 23 44 2 19 26 
22 34 8 48 44 27 30 3 1 46 4 4 2 32 17 50 12 0 36 22 9 34 39 11 
49 3 45 1 47 43 9 10 1 12 27 34 28 20 32 24 12 2 0 45 2 40 48 43 
21 35 45 19 11 8 30 10 43 34 24 9 45 50 27 33 11 42 36 0 3 42 25 49 
39 31 31 13 10 8 39 37 21 2 10 24 16 2 24 49 2 21 2 35 0 50 4 11 
38 25 36 19 35 11 4 46 1 46 36 6 39 31 46 21 3 5 48 3 8 0 35 26 
11 32 37 43 35 32 41 41 50 35 20 43 38 24 40 5 27 18 6 10 29 30 0 46 
36 19 7 1 50 31 3 2 4 3 49 26 38 49 18 20 14 11 5 37 21 20 38 0 
8 0 47 14 50 21 36 2 26 48 31 36 1 25 29 32 42 11 47 34 17 41 40 49 
2 7 0 9 49 43 50 24 43 26 17 31 49 5 36 31 32 16 2 28 2 45 3 48 
44 41 33 0 19 45 40 38 3 48 19 49 12 44 12 37 10 27 25 39 11 35 44 30 
27 6 31 16 0 18 15 13 38 4 50 10 16 8 11 31 30 3 38 14 34 30 7 25 
38 20 30 43 2 0 28 7 43 13 50 12 6 14 14 25 20 39 35 31 45 13 34 47 
30 49 46 45 36 23 0 22 11 1 21 32 43 46 39 23 12 11 48 8 47 17 47 6 
17 16 29 19 25 49 50 0 12 12 4 24 1 44 6 33 22 21 41 39 12 35 33 22 
30 31 16 24 20 47 6 37 0 31 33 44 30 30 8 4 47 13 1 9 20 40 22 39 
29 7 29 27 38 6 28 36 21 0 35 45 49 38 10 26 30 16 7 17 44 18 1 27 
3 15 17 45 27 11 26 13 32 9 0 43 38 17 42 21 19 32 3 48 23 45 36 9 
16 38 37 22 44 14 24 28 21 29 31 0 27 13 21 12 1 26 46 23 13 41 46 22 
9 38 46 39 36 41 21 29 32 17 6 2 0 8 40 39 32 50 9 31 22 10 37 16 
8 48 20 2 22 27 22 24 19 21 16 28 34 0 48 26 38 38 1 50 49 10 7 20 
5 11 37 14 24 4 11 24 13 23 23 38 41 16 0 39 49 2 10 44 38 31 42 13 
5 34 25 21 44 22 10 38 6 1 29 15 41 36 14 0 49 20 9 47 4 5 11 11 
35 22 49 2 49 40 17 20 39 14 49 32 30 50 34 18 0 2 3 36 17 37 13 1 
48 14 39 12 24 30 35 38 8 44 24 40 49 46 20 11 49 0 40 32 40 2 43 4 
34 50 37 42 46 1 20 45 24 23 21 1 39 11 28 43 41 5 0 26 42 38 6 10 
35 23 32 43 38 28 6 23 50 6 10 6 12 38 39 39 38 38 50 0 1 17 29 45 
32 1 21 47 42 36 27 1 16 28 40 2 20 14 9 33 17 18 1 22 0 45 29 6 
16 6 3 16 38 4 39 6 44 7 28 1 42 17 32 15 37 23 5 45 28 0 23 36 
20 26 30 6 34 33 17 7 1 3 46 5 41 40 21 39 48 28 22 47 46 42 0 13 
17 17 36 3 14 49 40 35 28 44 21 33 40 9 49 5 23 27 50 27 49 46 12 0 
41 0 26 17 35 8 17 6 27 40 28 14 13 40 49 31 3 8 12 18 19 12 21 7 
31 30 0 49 23 50 20 46 16 15 22 5 45 28 47 15 32 18 22 17 31 6 27 47 
9 7 43 0 25 43 16 31 28 1 21 20 37 5 9 45 7 8 45 13 50 42 36 4 
3 6 44 30 0 1 48 45 41 1 4 34 41 16 7 45 4 50 34 45 4 25 8 11 
10 23 24 15 10 0 36 44 28 6 24 4 40 19 49 37 31 30 6 30 19 33 22 19 
29 50 13 41 13 16 0 48 32 29 45 46 34 7 28 33 36 5 8 27 29 17 13 18 
27 5 14 3 15 49 45 0 40 28 39 4 45 16 47 46 32 12 8 43 25 46 23 16 
30 4 48 21 26 12 7 43 0 3 16 33 36 36 49 13 34 34 35 6 18 45 3 33 
18 39 9 27 15 21 24 39 23 0 4 40 35 50 17 29 20 28 21 47 2 30 34 11 
10 33 49 25 10 41 40 5 21 27 0 21 31 32 17 36 43 23 29 28 11 33 46 15 
14 17 5 15 28 48 49 2 4 35 29 0 50 45 16 46 15 48 33 49 20 8 29 36 
48 3 43 29 24 23 2 23 29 14 18 36 0 9 5 26 13 8 22 25 18 47 3 18 
42 27 27 14 31 28 34 27 8 35 31 8 13 0 36 19 26 29 2 12 50 36 27 31 
38 11 23 21 42 49 33 11 40 45 36 2 2 48 0 9 22 45 45 38 11 2 28 47 
14 27 39 47 47 17 36 3 32 15 47 40 4 8 8 0 43 28 25 24 42 14 27 34 
18 29 20 31 17 5 49 17 29 10 14 9 44 3 3 37 0 45 4 42 5 38 5 8 
6 14 38 3 11 36 28 36 33 37 44 22 18 27 37 20 48 0 34 48 18 30 40 50 
14 40 25 39 29 38 23 23 47 13 21 15 17 29 3 39 32 2 0 25 31 22 1 32 
35 11 9 35 44 22 40 38 29 16 15 24 14 36 48 49 48 11 15 0 47 9 48 12 
20 41 46 45 17 17 6 10 28 14 8 41 28 21 3 29 2 7 26 43 0 50 3 6 
39 3 34 3 27 21 8 4 23 38 49 40 45 49 27 24 21 24 7 37 11 0 6 46 
20 29 46 33 14 40 34 6 12 18 36 8 43 33 15 29 39 21 10 36 3 30 0 31 
9 31 25 34 5 20 44 16 46 34 8 15 24 32 38 44 14 40 32 38 22 10 41 0 
35 0 42 7 45 18 17 1 21 43 41 48 37 2 39 7 29 37 18 2 40 25 35 19 
41 48 0 2 27 47 46 22 42 9 49 40 41 42 49 25 27 50 46 13 16 25 26 45 
36 5 7 0 12 46 20 21 20 17 50 24 16 47 17 40 4 25 21 49 40 38 13 49 
16 30 12 41 0 3 45 12 20 45 16 3 16 23 40 35 27 23 39 30 23 41 19 33 
28 11 10 42 38 0 45 26 37 7 24 7 42 32 34 29 18 25 6 31 30 1 45 1 
18 15 41 45 26 1 0 9 41 8 47 47 34 31 43 4 24 26 19 29 46 42 16 48 
3 43 44 21 5 18 11 0 40 32 34 10 43 27 47 50 50 36 49 34 49 46 35 50 
49 26 22 32 6 11 23 49 0 10 2 17 39 3 33 30 4 23 48 8 16 50 21 1 
27 28 26 19 43 48 9 18 3 0 18 44 46 46 34 36 5 29 10 36 1 42 10 9 
48 18 6 46 11 2 38 20 50 28 0 25 45 5 30 43 30 2 1 34 15 21 9 37 
35 20 38 43 29 6 15 21 10 17 19 0 29 1 37 2 49 17 15 48 44 18 21 40 
31 26 36 31 35 50 8 46 38 39 32 22 0 26 24 9 10 15 36 8 16 28 36 2 
42 43 50 3 18 1 23 16 19 14 30 7 18 0 43 25 30 21 2 22 32 40 20 16 
27 26 8 6 34 8 11 6 13 45 24 45 39 36 0 48 40 46 15 23 13 9 46 17 
42 17 40 6 37 14 6 5 12 23 28 24 28 11 45 0 40 8 9 9 18 12 44 49 
37 45 23 13 27 17 18 8 8 31 9 16 40 44 2 24 0 42 7 41 12 23 11 13 
21 29 1 26 15 4 50 29 6 49 18 4 12 14 2 30 39 0 45 15 20 43 19 46 
6 46 6 35 18 12 22 32 27 26 32 3 35 27 42 3 4 8 0 3 4 17 22 41 
41 10 40 28 2 18 8 42 20 2 33 45 30 10 20 33 18 34 18 0 41 28 31 12 
18 3 48 43 11 13 41 16 30 35 5 16 25 28 34 20 15 19 35 13 0 2 2 33 
12 43 35 25 36 20 50 31 14 11 49 23 25 5 25 47 29 30 36 4 11 0 25 44 
45 6 34 15 3 22 43 18 10 16 21 36 50 27 39 6 46 30 4 42 6 27 0 5 
9 16 40 23 7 34 17 49 23 37 50 40 20 2 6 47 10 21 43 40 8 5 19 0 
26 0 20 41 25 40 25 7 34 38 18 1 25 49 14 50 37 35 44 18 49 50 50 37 
19 4 0 41 33 45 21 14 38 48 5 47 15 3 17 9 27 24 16 4 13 23 19 27 
7 34 10 0 35 8 46 40 7 20 26 34 22 21 50 42 13 13 24 31 4 21 3 50 
48 20 26 18 0 44 33 46 38 15 1 27 34 50 35 37 7 42 8 48 27 40 20 46 
39 27 33 3 41 0 39 42 16 7 5 34 13 15 32 29 47 24 24 38 19 21 45 17 
42 29 27 18 40 46 0 24 26 10 28 25 38 41 11 31 6 49 24 36 21 30 16 23 
22 25 13 12 24 4 2 0 1 25 45 10 42 24 15 22 2 20 33 29 24 35 40 45 
39 36 44 19 40 45 36 24 0 38 26 7 5 43 28 34 50 23 9 27 1 44 31 20 
7 41 27 22 16 38 1 42 38 0 33 31 25 27 31 35 13 7 39 21 23 16 18 10 
30 25 37 34 6 16 8 40 2 8 0 16 37 28 13 24 21 37 37 34 19 23 12 4 
7 20 38 47 21 12 23 9 5 40 32 0 48 47 29 5 45 27 30 43 30 17 12 44 
8 50 33 18 35 36 32 49 38 18 22 30 0 14 18 19 37 28 29 49 11 48 47 15 
27 43 32 42 8 39 30 32 37 46 27 31 47 0 38 45 38 24 23 41 44 31 26 50 
41 28 8 44 16 2 18 1 46 11 36 7 26 3 0 44 25 10 8 36 35 34 38 37 
22 50 34 42 26 39 8 3 35 1 44 42 15 50 46 0 14 31 19 46 31 21 12 31 
19 35 30 49 31 36 45 41 16 3 41 36 44 33 10 43 0 13 38 8 1 7 33 12 
29 25 14 45 5 17 39 7 17 11 19 15 7 47 40 27 17 0 40 11 29 39 25 14 
2 32 21 27 33 44 13 11 25 36 24 1 25 17 42 40 25 27 0 47 24 26 26 18 
4 47 24 11 41 12 46 5 24 4 11 12 13 34 41 6 14 5 50 0 44 30 34 46 
15 10 26 50 36 2 43 2 39 27 14 18 30 10 33 22 50 29 32 1 0 47 15 5 
30 6 35 21 33 20 27 33 39 21 2 9 2 16 12 11 4 32 3 22 36 0 50 17 
11 47 32 33 50 15 49 33 49 1 5 47 45 2 32 10 32 13 44 26 47 29 0 2 
32 7 39 19 29 19 45 43 20 31 40 24 25 2 38 27 19 41 38 3 8 47 20 0 
17 0 9 22 23 21 10 43 24 21 32 45 50 27 11 46 21 15 5 9 36 17 6 29 
7 8 0 45 36 26 35 9 26 44 35 37 22 11 7 47 24 33 27 7 19 43 30 3 
11 17 23 0 21 24 49 50 11 4 12 30 16 15 26 25 18 40 12 6 2 15 40 39 
35 14 18 31 0 27 10 10 37 37 27 6 35 20 3 15 36 28 45 25 34 10 31 41 
33 48 8 10 17 0 8 37 29 38 22 28 39 7 7 18 24 2 44 26 44 39 10 42 
6 16 25 27 29 8 0 41 7 30 4 24 36 34 19 50 44 30 50 49 18 13 43 15 
8 29 10 21 23 40 35 0 38 3 23 6 3 45 42 31 8 22 47 15 49 35 34 22 
35 5 2 1 47 44 41 42 0 30 14 2 18 48 19 37 18 17 45 17 22 13 28 16 
6 2 49 43 27 22 48 45 30 0 25 8 26 16 22 39 39 44 12 31 27 40 44 25 
34 40 36 29 49 4 18 13 9 7 0 40 47 50 48 2 15 21 32 20 22 43 41 44 
21 47 28 7 24 10 33 1 27 13 27 0 16 3 42 43 50 41 12 13 50 19 27 26 
40 41 42 48 10 46 21 22 33 44 46 15 0 33 21 48 45 3 26 6 13 34 24 32 
49 23 28 32 29 10 31 41 25 44 22 39 16 0 32 13 23 6 7 41 44 23 8 28 
10 30 44 18 10 24 13 15 42 17 9 43 25 32 0 14 42 13 3 3 22 21 12 32 
33 13 41 3 1 7 44 30 10 42 46 18 3 36 42 0 21 18 12 30 30 22 7 40 
38 41 42 15 29 42 21 36 7 49 48 12 6 20 21 13 0 8 49 38 50 1 30 14 
12 7 21 33 36 10 42 32 10 26 23 3 12 9 42 16 38 0 40 7 40 20 5 25 
37 1 47 49 22 32 35 7 39 9 28 31 9 8 10 35 26 15 0 18 38 36 33 17 
10 5 16 33 50 10 45 41 45 7 33 35 32 40 11 20 50 26 19 0 35 45 35 28 
34 8 29 5 31 25 3 18 39 4 34 37 45 6 49 35 47 44 19 33 0 25 26 24 
28 46 15 45 18 13 17 49 23 25 28 33 26 22 6 15 16 43 40 44 31 0 49 3 
17 15 1 41 22 41 27 3 4 8 34 1 9 16 30 35 5 23 6 12 13 18 0 24 
24 13 42 30 3 41 36 33 44 29 44 49 31 17 22 45 8 46 23 24 25 43 22 0 
47 0 50 36 8 35 22 25 38 40 50 41 28 28 31 12 24 13 18 26 41 22 16 17 
50 19 0 33 28 49 16 41 44 50 31 42 45 31 17 33 1 12 19 42 4 50 40 39 
45 15 47 0 22 11 6 49 3 50 32 33 37 39 3 45 27 23 50 6 42 48 37 36 
31 7 30 18 0 15 22 31 12 18 10 31 39 13 2 44 31 38 1 29 43 14 49 31 
44 49 18 43 19 0 5 44 48 42 8 29 16 15 31 39 35 31 19 21 15 27 9 14 
32 25 29 20 19 42 0 19 45 23 33 27 36 20 48 30 12 8 25 12 39 31 34 36 
29 50 50 16 49 24 44 0 34 4 36 35 36 18 41 36 25 7 24 14 7 34 39 46 
19 38 2 8 13 40 16 21 0 33 48 39 1 20 20 26 20 21 30 49 23 1 35 12 
13 22 22 1 6 16 18 28 3 0 41 5 31 29 48 17 31 45 39 16 3 38 29 41 
16 6 31 4 43 27 35 16 46 34 0 26 39 36 42 40 10 5 16 21 37 10 16 39 
48 23 5 50 5 35 36 33 24 34 32 0 6 45 26 13 25 1 18 25 9 47 3 9 
31 39 5 30 11 37 18 42 31 1 17 33 0 31 39 28 31 32 11 1 3 6 5 36 
45 35 43 41 21 20 36 7 43 46 15 24 11 0 50 6 25 47 7 42 2 6 29 43 
32 37 23 37 44 49 46 1 4 27 4 11 45 19 0 47 48 23 46 45 24 38 17 16 
18 32 27 36 5 46 14 3 30 16 42 11 5 48 33 0 42 8 47 46 12 47 8 40 
11 7 50 9 20 7 12 5 6 15 22 6 6 18 14 42 0 5 40 24 24 45 4 8 
43 1 41 4 37 28 43 6 19 10 42 16 29 6 38 45 47 0 19 12 37 46 34 42 
27 25 44 6 41 22 23 34 46 8 50 8 9 29 3 25 28 14 0 10 3 46 15 2 
35 36 17 45 28 5 34 17 12 10 9 15 30 43 23 2 34 46 27 0 47 9 30 48 
29 16 45 44 34 24 37 31 46 13 23 10 20 24 27 46 29 12 41 38 0 49 50 15 
23 33 6 12 26 8 20 18 43 6 39 39 29 33 12 50 44 26 29 13 3 0 8 34 
3 28 8 50 48 35 19 42 50 29 2 22 12 29 12 11 23 27 45 30 4 32 0 36 
48 14 18 13 47 13 20 38 13 16 49 3 35 19 8 22 33 25 14 39 10 28 12 0 
50 0 21 32 15 6 37 8 28 30 22 42 10 37 31 23 22 30 30 42 40 6 13 26 
28 43 0 16 5 12 6 41 43 27 21 2 18 42 15 48 14 2 5 39 20 32 43 9 
21 42 11 0 3 34 9 18 39 6 37 45 5 23 41 32 46 23 39 29 16 40 35 13 
32 8 32 17 0 41 35 18 44 45 36 34 45 13 2 3 7 34 10 33 46 31 47 11 
26 23 20 10 16 0 31 3 28 20 36 30 29 46 3 43 28 4 39 44 1 20 39 47 
19 45 20 33 46 6 0 8 40 32 35 48 6 44 21 26 2 14 42 8 14 9 34 23 
8 5 41 32 29 8 38 0 47 41 38 27 2 16 47 48 8 22 13 47 49 45 49 47 
50 7 29 37 30 9 12 25 0 38 35 22 12 28 5 25 29 32 44 39 7 19 17 19 
11 6 16 35 37 2 12 36 29 0 10 8 42 26 1 21 8 38 30 13 40 17 44 35 
21 3 48 34 16 5 6 43 28 33 0 38 19 32 15 25 26 24 27 50 44 3 21 13 
50 29 12 36 2 28 7 28 3 17 21 0 46 32 39 18 47 31 23 18 30 10 38 32 
39 44 14 4 40 13 17 1 33 50 41 49 0 6 5 19 5 15 22 5 36 2 11 20 
43 37 6 30 20 21 35 41 4 12 47 23 43 0 39 24 18 15 36 16 39 46 42 41 
13 43 12 19 3 9 5 2 31 28 24 22 17 34 0 34 48 31 48 10 37 37 9 32 
26 17 42 5 41 50 36 23 24 1 47 43 38 9 3 0 33 33 49 10 17 45 19 17 
7 34 32 39 36 42 37 5 4 4 11 36 2 11 5 15 0 3 45 6 1 21 21 41 
46 39 28 15 28 39 27 43 38 8 50 35 21 9 12 1 32 0 38 46 43 40 28 23 
1 22 29 34 8 23 39 19 47 37 43 37 50 9 27 10 17 28 0 12 23 29 3 27 
34 7 41 45 25 14 26 28 2 19 17 28 44 50 5 20 21 49 39 0 4 49 28 23 
12 42 5 29 29 16 28 5 45 49 46 45 28 17 28 15 6 22 9 42 0 18 34 31 
33 11 13 9 42 24 41 50 28 6 34 30 3 20 36 47 13 24 14 23 29 0 49 5 
27 3 43 35 33 33 41 37 5 29 11 22 18 17 8 37 32 5 49 18 39 45 0 38 
26 45 21 25 46 18 5 11 3 35 6 36 6 49 40 8 18 38 20 30 1 42 49 0 
18 0 30 6 37 32 19 31 31 16 33 15 17 40 13 8 45 19 50 18 9 38 13 31 
2 38 0 43 47 32 31 20 16 37 35 47 4 45 41 31 23 43 22 5 40 4 41 33 
50 45 10 0 43 1 30 34 33 11 5 49 4 49 40 22 49 50 47 17 29 33 44 10 
13 4 39 27 0 25 38 33 23 28 11 6 43 3 22 38 20 37 4 2 36 49 47 38 
33 34 22 24 5 0 44 37 13 50 7 36 48 39 13 3 9 46 28 33 22 43 43 47 
20 28 12 27 31 26 0 32 8 12 17 17 6 44 4 14 29 29 41 49 7 37 18 25 
50 8 34 45 7 8 16 0 25 45 40 37 3 46 43 18 7 38 19 49 25 32 22 7 
9 6 32 50 5 32 45 37 0 11 2 4 13 20 48 31 26 50 46 42 23 17 8 2 
18 37 12 34 11 39 38 43 43 0 28 1 26 40 25 9 12 43 50 3 26 1 43 30 
48 10 7 44 49 29 40 50 40 2 0 4 14 13 43 48 34 49 23 10 11 36 19 22 
42 1 42 35 50 23 14 32 1 26 7 0 14 25 5 45 39 15 4 29 12 24 36 11 
46 19 46 16 5 4 42 33 45 29 38 15 0 43 8 45 41 27 26 20 3 39 7 29 
24 30 4 34 45 7 8 8 49 7 40 46 16 0 5 7 10 28 10 43 13 36 38 40 
3 32 20 14 2 36 5 33 23 40 40 22 37 2 0 21 47 26 38 22 40 9 4 12 
29 37 20 17 42 44 46 45 44 36 40 2 3 26 44 0 6 22 44 24 17 7 27 33 
21 8 8 14 18 25 14 49 31 49 20 41 28 32 19 13 0 40 27 45 46 36 47 1 
18 22 32 32 50 46 36 37 6 3 4 50 9 34 31 29 20 0 31 38 10 3 33 35 
17 24 3 32 35 41 12 31 47 25 8 40 43 36 43 15 3 46 0 13 14 38 24 33 
11 29 10 48 26 16 49 38 48 35 37 15 9 47 14 2 46 44 23 0 8 25 1 44 
39 44 28 16 35 14 40 20 48 44 41 43 3 25 43 37 15 49 37 10 0 5 6 21 
35 18 40 45 17 20 15 16 8 10 35 22 5 49 1 14 24 9 16 40 22 0 18 4 
11 27 4 8 9 10 38 41 39 33 24 43 49 46 20 24 50 33 28 33 34 18 0 4 
39 39 15 35 14 2 40 17 50 18 14 29 19 14 13 7 7 21 19 47 39 32 6 0 
2 0 18 4 36 17 7 44 35 21 43 23 16 20 45 25 25 40 50 16 24 26 35 18 
2 10 0 38 27 22 13 15 22 15 7 33 13 18 10 17 23 10 6 33 44 36 46 49 
43 13 33 0 46 30 47 23 8 30 18 1 3 26 30 31 23 22 6 22 8 9 37 32 
7 15 23 27 0 7 19 43 42 32 6 12 45 15 40 18 36 26 42 50 3 46 17 8 
42 44 29 34 12 0 38 15 38 41 7 31 26 31 7 20 17 40 38 27 19 47 15 35 
17 33 5 21 46 17 0 9 34 37 41 8 32 34 29 35 32 4 18 19 22 39 34 14 
37 29 7 26 11 16 19 0 48 11 28 9 12 1 7 18 19 22 32 23 44 35 24 26 
36 39 5 6 24 2 29 43 0 47 34 19 19 42 40 41 49 18 19 43 47 5 25 17 
34 25 36 49 47 41 16 41 29 0 13 3 21 38 6 11 46 47 33 35 13 29 32 39 
26 29 32 33 5 26 43 27 22 11 0 22 21 31 38 3 32 3 32 43 40 6 39 20 
4 43 8 23 46 15 20 13 39 2 37 0 11 20 16 8 11 15 37 36 32 10 16 35 
30 9 45 1 32 32 36 43 34 38 10 28 0 40 48 4 47 13 2 49 34 20 45 28 
33 17 46 21 29 4 20 8 10 38 9 28 14 0 2 14 38 32 3 10 4 23 11 38 
18 14 12 40 24 31 12 33 16 36 32 13 35 37 0 11 8 39 14 31 50 41 32 20 
40 46 50 14 17 31 10 41 5 22 29 28 8 17 15 0 47 28 49 5 43 43 33 39 
29 2 22 46 22 40 43 11 47 36 44 23 44 25 17 45 0 3 7 45 27 41 6 10 
4 41 25 18 3 2 36 40 28 7 8 21 13 46 35 39 2 0 12 12 33 42 15 45 
21 22 11 4 3 37 48 6 49 24 43 18 6 47 23 40 10 11 0 47 16 16 37 4 
5 50 18 19 44 16 30 24 18 39 46 5 46 43 48 34 3 31 1 0 9 48 21 28 
30 42 29 22 3 22 45 50 30 34 19 7 4 35 18 4 41 20 50 25 0 30 10 43 
27 48 12 28 44 35 15 28 7 34 23 39 28 15 44 28 3 23 40 17 21 0 28 36 
44 49 36 27 11 40 48 46 49 21 49 2 25 41 44 1 15 15 7 12 23 32 0 47 
41 39 47 43 47 2 40 43 23 50 12 19 29 9 9 4 39 9 38 25 19 29 14 0 
20 0 37 9 23 26 3 15 16 13 13 3 45 38 15 48 2 45 9 28 27 3 13 22 
16 42 0 7 11 18 4 36 7 29 13 26 27 6 38 30 14 41 9 35 50 6 26 15 
21 40 42 0 8 44 16 41 3 12 8 15 44 31 20 42 47 13 28 7 25 32 12 38 
42 14 16 45 0 38 19 18 13 17 40 28 36 22 27 47 42 41 38 11 15 20 41 45 
49 45 49 12 22 0 22 50 2 33 9 3 50 44 29 22 4 34 44 45 49 5 4 34 
21 21 17 37 16 37 0 22 48 18 2 20 17 1 39 7 46 42 17 38 45 27 19 27 
3 14 20 34 27 22 25 0 42 40 46 11 29 42 6 36 35 15 11 12 35 49 25 13 
22 16 27 48 4 32 17 10 0 7 2 44 15 24 47 4 46 26 43 10 30 22 40 10 
16 41 6 33 24 34 16 34 29 0 28 1 49 19 50 25 22 10 23 37 4 27 48 42 
13 38 12 16 36 43 40 45 41 32 0 6 12 7 48 50 44 26 42 19 16 37 23 48 
36 46 2 22 50 7 35 36 34 19 49 0 44 45 12 18 31 42 39 33 10 17 13 39 
18 24 11 30 11 13 9 33 6 41 41 27 0 20 34 22 40 39 7 46 23 43 9 5 
5 32 8 11 28 27 4 13 31 24 8 35 48 0 39 28 25 24 25 37 44 3 5 36 
49 47 21 49 45 4 22 40 46 9 19 6 48 4 0 2 31 6 2 29 10 4 13 50 
24 2 11 32 22 48 7 16 3 1 47 10 15 8 28 0 10 9 10 34 12 26 30 33 
31 22 22 45 31 42 25 46 33 36 47 47 48 35 23 50 0 42 39 44 17 6 2 44 
38 24 28 43 20 50 20 1 25 45 19 31 11 1 4 26 25 0 28 6 14 24 18 11 
30 25 37 10 43 24 32 13 28 30 28 35 21 4 49 6 46 14 0 36 22 3 30 4 
12 50 38 13 20 40 1 38 20 20 14 48 18 34 41 27 28 43 32 0 41 2 33 16 
34 23 26 23 10 50 39 47 8 1 21 25 11 6 11 13 24 27 42 8 0 16 8 6 
32 22 6 38 9 29 22 39 3 29 34 5 41 44 18 41 38 32 24 6 48 0 47 10 
30 22 17 31 8 15 10 25 1 26 17 45 1 5 13 31 18 36 12 18 46 27 0 1 
21 20 7 36 4 27 43 2 9 35 13 26 16 42 49 14 25 44 4 34 29 24 50 0 
17 0 37 25 2 6 20 36 29 14 3 21 47 11 2 29 7 49 9 25 9 11 39 30 
48 39 0 19 23 37 25 43 44 23 47 20 41 50 29 26 37 32 23 6 50 23 46 45 
38 13 46 0 38 6 25 4 16 39 28 7 28 13 38 48 50 4 21 10 48 1 42 11 
30 28 23 23 0 43 36 5 40 8 2 44 32 10 42 38 37 19 19 31 31 13 44 1 
13 50 35 24 2 0 29 13 48 45 47 3 17 10 33 3 12 30 35 39 50 27 19 7 
39 8 17 34 41 30 0 20 11 49 36 27 10 23 9 13 4 11 45 5 49 35 8 25 
29 5 16 8 2 47 24 0 44 25 45 44 46 16 36 45 22 19 26 37 4 31 33 23 
30 4 18 31 29 5 22 21 0 22 32 34 38 30 26 22 19 14 25 43 2 16 30 13 
47 19 17 23 36 24 48 4 44 0 46 32 36 4 35 17 46 40 4 25 22 15 33 48 
16 47 47 8 24 30 39 32 7 1 0 41 21 13 13 33 36 47 25 28 40 43 48 40 
18 35 48 29 4 49 42 9 48 15 21 0 1 26 40 16 25 25 6 15 25 36 14 14 
4 34 7 18 28 48 37 43 5 18 8 29 0 24 27 1 36 33 16 42 43 6 42 12 
7 47 31 50 4 35 29 23 4 5 21 44 46 0 47 32 15 12 12 23 17 34 19 11 
43 49 24 20 32 10 45 21 9 12 23 1 21 47 0 48 34 9 27 45 4 24 4 33 
6 40 1 1 31 32 33 26 28 38 36 39 2 30 15 0 47 13 10 35 12 33 23 46 
11 19 14 29 15 41 39 16 38 40 17 19 31 31 10 14 0 40 26 37 45 14 36 8 
47 4 44 30 32 45 40 42 1 33 44 41 33 17 4 19 36 0 39 23 49 50 36 12 
34 16 4 46 45 37 46 28 33 26 11 18 26 21 11 7 22 48 0 48 17 36 38 41 
27 47 36 7 1 7 41 38 9 12 42 10 14 29 49 45 5 5 6 0 11 15 23 50 
29 49 25 33 1 2 2 20 27 47 26 28 49 10 30 46 22 42 39 2 0 6 34 11 
47 29 23 3 44 13 31 28 26 4 47 8 9 27 24 41 36 8 42 16 14 0 39 2 
50 36 25 10 34 19 27 21 44 45 38 28 4 28 49 9 8 47 20 50 24 2 0 2 
22 19 48 2 3 45 14 19 48 9 28 24 17 19 3 47 9 49 33 4 14 21 49 0 
21 0 13 38 50 35 19 45 40 28 48 35 4 41 37 17 25 27 31 26 41 20 27 5 
33 40 0 5 50 11 1 41 49 38 2 21 28 40 16 46 30 50 3 19 50 26 32 16 
13 11 43 0 25 7 23 38 30 29 44 8 5 10 31 20 35 40 38 50 48 2 21 9 
27 10 32 1 0 26 38 1 27 30 1 24 42 40 18 26 34 26 50 22 42 35 33 11 
36 49 31 19 30 0 13 26 35 14 43 2 16 16 25 23 13 43 29 17 28 4 36 40 
30 17 14 4 24 48 0 31 29 25 45 49 46 3 46 19 22 15 4 17 11 49 39 3 
11 10 4 38 29 14 18 0 5 7 50 10 2 3 17 9 3 38 34 14 28 21 18 29 
20 17 24 7 3 24 38 26 0 41 42 14 3 45 20 10 2 16 8 41 42 47 44 45 
17 5 6 2 29 28 36 11 32 0 44 31 35 21 6 7 15 31 20 25 20 10 39 14 
15 33 28 32 48 20 31 26 33 27 0 23 7 3 47 23 10 49 5 31 33 10 15 36 
39 46 10 43 10 23 23 24 35 28 42 0 42 19 1 46 38 42 2 18 48 8 49 49 
5 19 9 11 26 15 29 7 4 50 47 40 0 36 38 28 21 4 11 3 38 29 11 5 
4 9 3 17 40 32 43 18 29 41 47 6 24 0 2 12 47 10 6 22 38 42 23 12 
11 50 14 31 14 37 5 11 21 44 15 5 2 23 0 48 40 25 12 33 19 49 39 33 
4 19 42 14 44 33 8 24 13 32 47 43 17 26 2 0 29 31 24 30 27 13 10 48 
11 24 12 17 48 26 10 4 13 23 18 11 12 22 24 12 0 29 13 20 2 24 6 31 
31 14 24 33 3 46 20 12 20 44 22 32 40 32 16 10 48 0 4 28 34 21 50 16 
40 7 8 12 2 14 43 9 24 5 44 32 3 24 44 7 9 44 0 11 49 17 41 41 
34 31 13 4 23 49 47 22 11 32 49 35 27 46 34 18 48 27 36 0 48 27 47 1 
14 37 5 47 19 40 10 2 49 50 17 25 32 39 11 21 11 28 33 33 0 50 5 40 
17 12 26 26 13 22 32 43 14 37 30 49 17 18 2 28 32 1 31 50 35 0 10 22 
2 29 37 6 26 20 45 14 1 10 47 38 36 43 14 47 30 18 7 4 38 2 0 40 
44 4 9 1 2 33 19 5 5 8 40 24 48 27 16 6 24 20 23 29 40 21 30 0 
16 0 35 19 4 2 32 29 7 34 1 40 43 3 17 20 43 32 33 5 42 31 46 20 
17 21 0 14 12 34 34 16 23 1 24 24 44 16 34 29 18 23 27 1 7 24 8 34 
14 40 4 0 27 42 47 36 29 50 20 16 2 34 38 21 45 23 19 28 39 20 29 24 
4 10 4 15 0 32 16 31 40 46 9 37 1 23 30 8 25 27 16 46 25 24 50 32 
45 31 3 32 28 0 38 47 20 15 35 17 50 17 38 33 4 14 19 31 21 43 47 37 
49 16 16 45 2 24 0 24 5 1 5 29 9 34 30 34 3 2 50 40 23 17 6 30 
41 37 44 13 33 6 43 0 30 40 49 45 5 17 13 44 45 46 41 30 17 46 39 30 
50 24 30 16 29 22 3 25 0 20 43 36 25 9 8 12 42 49 8 25 39 11 39 26 
18 41 9 5 45 32 37 40 34 0 3 7 45 39 3 40 15 9 37 24 25 12 31 39 
36 38 34 50 32 10 22 50 20 11 0 49 13 26 20 18 9 43 34 3 2 22 2 14 
24 40 9 43 17 2 37 14 14 37 3 0 24 17 11 33 5 31 13 3 37 35 40 41 
15 45 42 29 31 42 10 29 17 34 24 11 0 10 24 17 5 48 33 47 36 26 24 47 
1 49 11 29 22 39 20 15 30 34 49 45 48 0 26 24 7 22 5 8 36 41 44 50 
23 32 15 9 5 5 38 5 16 41 49 41 30 21 0 14 38 41 48 19 45 28 12 30 
19 30 25 27 25 31 18 38 6 7 49 38 47 8 31 0 15 11 42 29 34 4 50 35 
44 37 9 17 18 39 23 50 23 12 3 46 30 31 28 14 0 24 48 4 43 35 32 33 
18 30 10 33 8 3 49 28 27 20 45 31 41 17 14 50 49 0 34 8 26 27 45 13 
2 35 34 29 6 36 50 8 1 13 4 41 38 9 7 16 47 25 0 34 27 27 35 1 
37 48 10 48 5 9 27 6 6 24 18 9 49 24 25 44 43 27 13 0 45 18 37 26 
27 42 43 19 11 2 44 18 37 17 35 47 32 46 38 45 49 24 8 49 0 18 20 50 
9 42 23 32 42 50 14 41 33 50 22 34 7 13 41 16 4 13 6 32 42 0 15 28 
43 49 5 32 14 21 10 39 9 7 42 34 28 39 21 2 19 23 27 2 47 10 0 13 
32 32 9 8 4 37 12 39 9 45 14 30 34 38 19 1 20 23 12 14 27 15 30 0 
13 0 28 34 11 38 10 15 13 31 33 37 23 50 6 14 7 3 47 19 34 40 14 9 
38 15 0 1 23 8 29 35 47 36 18 3 46 31 21 26 25 30 44 32 33 47 48 16 
19 45 6 0 17 10 18 9 31 40 49 19 47 47 38 37 8 35 46 37 1 5 48 10 
33 36 27 22 0 39 40 8 31 12 41 50 32 28 2 12 26 29 28 38 13 48 12 25 
30 38 43 37 48 0 38 11 47 11 22 36 24 31 34 47 20 41 33 18 8 6 47 6 
10 6 23 21 9 23 0 18 35 12 22 12 47 35 46 4 11 44 2 44 39 11 42 29 
31 43 33 9 47 31 30 0 5 19 33 32 33 32 25 17 2 25 44 37 24 3 20 37 
13 24 38 22 24 6 13 8 0 45 18 28 42 29 26 15 21 5 32 17 43 14 3 13 
22 37 27 50 20 46 25 19 27 0 12 7 21 35 9 9 7 49 7 26 38 16 5 33 
39 26 10 23 33 42 36 27 23 10 0 11 16 36 47 6 44 13 21 50 1 31 23 6 
30 13 46 26 19 37 39 15 48 18 4 0 39 24 10 23 42 27 42 35 34 11 25 43 
24 10 43 13 13 17 16 4 3 17 21 31 0 11 38 16 18 40 34 46 13 48 33 9 
33 34 40 29 23 10 46 39 46 6 20 23 17 0 26 24 26 49 33 15 2 22 4 30 
13 5 11 24 46 1 16 12 45 42 2 11 30 24 0 38 43 44 7 29 26 25 41 16 
50 42 16 8 47 31 34 31 38 29 5 28 25 13 36 0 1 38 30 45 25 31 16 15 
45 3 11 40 22 45 43 28 5 22 39 11 33 30 43 19 0 31 12 11 14 32 25 47 
13 31 8 7 41 46 31 17 35 35 27 22 6 37 41 12 37 0 45 1 1 6 36 2 
4 22 46 12 14 14 21 2 33 21 6 48 10 14 39 3 32 24 0 6 5 27 6 8 
38 32 41 50 25 20 32 24 42 28 30 5 35 46 35 18 3 14 34 0 45 1 50 40 
32 49 48 42 20 27 50 32 25 49 14 9 30 24 14 47 32 2 47 15 0 21 30 10 
4 8 48 7 3 41 43 12 8 38 43 9 2 27 29 13 48 42 46 5 7 0 22 37 
6 44 39 18 3 43 5 35 19 2 39 44 35 22 20 47 41 33 37 7 21 37 0 15 
13 21 3 40 49 24 25 26 4 33 21 42 14 14 24 41 19 4 4 24 7 13 33 0 
