34
18
28 0 14 17 17 40 3 32 42 21 24 19 36 25 30 12 17 13 29 
48 3 0 45 7 42 4 10 37 14 30 30 23 6 31 27 42 20 42 
34 4 1 0 17 25 26 46 34 48 41 39 12 6 5 49 49 33 33 
20 22 23 14 0 8 4 39 2 12 49 18 38 10 33 10 21 33 10 
29 31 28 19 11 0 8 6 20 48 3 25 25 25 8 49 44 23 49 
19 21 47 48 28 24 0 15 48 16 11 32 7 2 35 23 39 21 3 
6 1 11 15 9 38 6 0 37 28 37 25 11 40 16 11 12 2 13 
14 31 3 5 5 14 42 46 0 38 42 1 40 3 36 38 47 39 22 
38 5 13 9 42 41 46 29 24 0 6 22 16 46 41 34 10 25 40 
50 1 47 48 24 13 1 15 37 38 0 34 39 24 43 28 39 24 48 
1 6 40 12 9 27 41 37 25 23 46 0 11 7 44 11 48 47 38 
26 41 32 50 9 27 5 9 45 35 32 29 0 39 8 17 37 10 20 
50 38 43 21 8 37 39 29 20 27 32 41 28 0 26 46 41 14 34 
17 2 48 13 8 1 32 6 6 46 34 39 44 20 0 35 42 49 10 
46 6 33 45 11 31 8 29 27 4 7 6 33 49 45 0 33 21 9 
23 37 31 42 39 2 32 43 45 31 33 12 7 37 28 37 0 45 8 
1 22 41 17 6 29 24 29 50 50 14 36 44 12 50 27 20 0 12 
29 4 18 32 14 19 36 27 47 15 48 20 29 46 4 37 33 49 0 
18 0 6 32 3 18 11 3 32 30 9 38 21 13 31 18 17 9 42 
41 20 0 8 23 32 29 33 10 31 30 21 18 33 8 30 1 9 14 
30 27 37 0 7 30 32 39 27 40 26 3 18 3 13 38 12 46 13 
42 46 25 3 0 21 9 30 23 11 12 27 30 42 12 22 4 37 33 
6 34 41 26 34 0 5 39 7 7 14 28 9 31 21 12 17 10 13 
40 28 7 28 28 7 0 22 27 1 10 34 42 46 49 26 6 7 12 
23 16 12 21 14 14 3 0 16 45 3 32 7 18 26 2 10 15 10 
26 28 7 34 5 8 4 30 0 24 16 19 29 33 25 14 50 45 44 
2 20 14 43 26 13 13 19 45 0 45 42 9 40 37 35 17 30 29 
6 39 12 5 17 35 41 38 47 17 0 20 8 43 19 31 9 8 45 
46 34 3 44 22 36 13 10 38 15 26 0 33 45 17 46 35 45 6 
33 47 4 29 3 39 16 46 50 38 2 24 0 28 32 29 40 22 47 
27 13 18 26 43 7 48 26 12 15 23 4 13 0 8 24 26 26 12 
42 18 31 15 29 26 37 25 9 14 37 45 5 5 0 45 49 9 33 
38 8 4 47 32 27 27 1 24 47 26 44 50 3 6 0 17 49 4 
16 12 34 43 40 18 49 35 39 17 11 18 9 14 49 42 0 38 19 
8 46 37 5 39 28 2 40 50 15 14 35 40 38 7 41 33 0 48 
49 46 18 37 48 47 38 10 41 6 38 12 46 8 15 37 9 4 0 
18 0 12 24 7 41 50 19 35 22 5 28 23 12 18 31 2 44 43 
1 22 0 48 40 17 29 37 46 3 38 20 6 21 3 29 4 24 22 
24 43 5 0 19 18 14 26 34 33 18 45 21 32 44 15 22 36 38 
6 29 45 46 0 20 45 48 31 16 16 35 25 44 9 45 10 29 2 
39 33 4 34 14 0 34 46 20 2 32 7 26 42 49 17 42 48 45 
28 29 23 10 21 38 0 49 11 49 8 25 36 26 23 16 13 34 3 
35 23 15 11 50 1 44 0 16 25 40 25 37 8 3 12 50 32 50 
29 29 12 17 36 4 36 39 0 46 16 6 35 11 29 15 15 8 26 
31 17 30 23 16 6 13 9 36 0 13 50 22 25 27 41 16 35 5 
41 18 37 11 26 11 6 28 10 41 0 30 47 22 44 46 36 20 16 
21 7 13 7 4 28 19 23 39 24 42 0 30 45 46 45 11 24 40 
39 20 42 19 18 39 46 23 30 40 42 6 0 26 39 7 25 45 28 
42 35 15 10 43 4 23 32 37 30 46 35 2 0 12 21 7 48 1 
25 3 39 25 12 31 49 30 31 33 48 3 24 20 0 1 17 19 39 
25 30 27 38 47 36 2 16 28 45 38 31 36 20 42 0 6 1 43 
40 17 24 34 12 14 23 40 34 35 7 27 35 36 43 32 0 32 18 
24 37 7 3 23 46 4 4 42 1 48 29 11 18 19 8 28 0 2 
16 41 19 14 16 7 3 18 10 1 11 2 39 4 39 25 32 15 0 
37 0 37 45 28 31 9 22 22 43 6 25 39 8 27 9 41 17 41 
50 11 0 21 50 1 6 37 3 43 40 13 45 41 37 36 5 21 41 
8 39 11 0 11 42 45 15 47 43 21 44 34 44 48 38 48 25 22 
44 37 37 39 0 42 28 16 33 10 48 16 39 3 3 7 19 33 28 
31 40 20 27 36 0 4 13 16 10 9 47 16 7 43 12 15 11 34 
5 20 48 34 45 10 0 36 17 32 5 18 41 28 26 15 10 18 36 
2 18 2 33 26 26 19 0 8 36 45 41 23 27 39 42 23 15 14 
31 47 45 10 42 19 23 8 0 49 19 31 21 1 48 26 26 13 44 
33 22 44 23 16 38 24 42 26 0 9 29 30 49 6 12 1 30 21 
42 43 27 34 10 18 28 50 27 16 0 44 44 48 1 26 49 41 43 
20 9 32 8 37 1 43 15 30 19 20 0 25 10 50 19 5 35 21 
17 49 13 26 45 16 11 9 48 33 11 28 0 4 1 16 19 31 22 
39 34 6 27 41 45 39 9 30 3 6 44 26 0 43 16 6 32 42 
31 45 14 17 48 28 3 11 4 2 16 20 10 41 0 19 47 16 1 
15 41 9 18 38 37 37 8 3 4 7 19 12 48 19 0 25 39 37 
8 23 37 28 24 31 41 37 43 10 44 16 26 29 27 16 0 41 42 
34 14 8 27 30 40 26 49 4 36 40 18 2 36 2 32 40 0 44 
15 38 17 28 27 1 44 27 15 38 29 29 42 47 8 27 41 26 0 
30 0 32 43 48 3 25 27 6 47 26 9 8 14 44 40 34 1 4 
25 6 0 37 7 33 4 25 38 21 26 45 44 11 25 45 27 3 9 
1 17 35 0 43 2 22 4 19 19 8 24 36 39 8 46 4 3 36 
39 23 49 40 0 24 15 5 1 11 4 15 34 14 38 41 32 34 35 
20 33 4 16 4 0 15 36 18 14 36 38 38 48 7 23 10 38 31 
10 11 43 20 38 2 0 11 50 4 35 44 37 45 8 25 11 35 21 
32 24 19 34 4 7 2 0 20 14 24 7 9 12 4 50 11 22 23 
43 50 45 3 5 5 11 1 0 24 28 41 30 14 37 22 2 29 15 
12 27 8 37 19 19 38 38 44 0 46 24 40 37 34 36 2 19 36 
26 29 19 15 24 4 34 24 29 34 0 11 20 37 10 26 36 50 46 
16 7 31 27 16 18 12 16 27 34 41 0 8 45 12 18 37 26 1 
47 47 3 5 3 45 40 5 28 24 9 15 0 15 2 34 41 37 13 
5 50 14 1 4 8 27 50 34 21 40 49 3 0 1 34 25 40 3 
43 12 4 37 37 11 41 38 7 13 19 39 24 4 0 26 5 32 27 
38 46 44 46 28 4 12 19 16 29 21 9 32 40 13 0 32 48 25 
10 19 13 3 11 16 1 15 31 45 48 36 24 48 19 7 0 38 44 
10 47 34 50 25 19 46 13 17 49 32 29 27 43 6 1 46 0 14 
15 36 35 29 45 14 23 17 22 30 6 24 41 25 3 19 22 2 0 
42 0 10 44 45 7 49 49 3 33 2 19 5 30 23 2 5 43 3 
10 32 0 3 21 28 9 47 16 7 44 9 8 27 9 21 5 10 36 
20 20 29 0 37 30 43 31 21 49 18 1 33 22 36 32 50 10 41 
49 22 33 36 0 49 41 42 6 45 26 26 10 34 25 14 17 36 23 
24 24 2 10 40 0 7 11 30 16 25 22 23 26 27 50 31 6 38 
3 35 22 38 45 25 0 49 5 46 39 34 26 19 6 1 9 27 36 
40 40 32 27 25 19 25 0 18 34 22 1 49 11 4 19 26 14 1 
2 37 29 27 12 35 12 22 0 46 41 6 16 23 18 1 14 42 17 
6 27 10 3 14 28 41 28 5 0 47 28 31 7 43 43 1 8 40 
8 13 29 47 15 4 24 35 12 19 0 49 34 49 48 13 3 21 37 
41 49 24 2 37 34 31 15 44 15 35 0 13 24 23 10 11 7 29 
39 9 12 7 29 29 17 23 29 22 49 31 0 19 5 23 7 10 9 
17 6 27 45 17 1 10 10 50 49 46 27 24 0 38 42 34 14 12 
25 34 20 45 36 14 6 10 17 14 46 30 41 17 0 13 2 44 1 
3 45 43 12 48 20 29 18 28 3 49 11 40 36 41 0 12 32 27 
39 23 21 14 40 7 34 46 14 20 9 29 14 22 45 41 0 31 20 
19 13 36 1 16 18 36 3 12 7 25 11 40 29 36 37 13 0 21 
30 40 6 36 29 3 6 9 10 50 39 27 17 49 5 22 44 19 0 
41 0 39 8 4 28 37 46 27 22 4 31 30 43 28 10 24 11 42 
15 33 0 35 34 45 7 8 37 15 36 41 26 6 18 36 17 46 24 
14 27 12 0 19 41 2 32 2 29 31 7 12 17 44 38 14 8 11 
35 8 45 2 0 46 42 22 11 37 46 49 14 45 27 32 36 10 35 
30 46 43 33 3 0 43 29 28 30 3 19 48 39 43 10 25 33 39 
30 12 32 21 47 30 0 16 37 4 15 36 31 30 32 34 4 34 13 
18 3 5 2 24 19 12 0 20 43 40 7 6 4 20 45 43 7 48 
3 10 49 14 17 17 39 14 0 42 50 24 38 14 35 9 48 8 31 
34 28 39 13 10 28 38 27 30 0 48 12 17 36 37 26 36 1 25 
15 5 36 39 13 10 27 12 46 6 0 26 23 47 6 12 15 9 29 
10 41 1 21 27 41 38 42 2 25 14 0 37 12 29 34 35 34 4 
45 46 16 29 36 48 32 33 1 8 1 6 0 5 22 28 47 27 11 
25 44 29 46 2 22 8 2 49 10 44 48 39 0 13 23 9 20 14 
14 31 5 3 39 45 40 31 41 47 21 43 9 16 0 3 24 11 40 
26 50 45 44 22 34 50 23 39 4 19 39 34 47 3 0 15 34 47 
7 22 6 34 6 22 32 12 32 7 2 29 46 16 2 34 0 34 21 
20 20 10 21 4 16 6 36 12 2 14 25 40 45 32 7 17 0 40 
34 42 45 24 13 10 3 43 22 11 9 4 37 1 14 33 46 15 0 
37 0 36 18 40 29 20 10 30 49 8 17 8 47 39 49 13 50 42 
27 46 0 8 50 19 12 45 45 28 8 16 13 12 8 49 18 20 32 
23 44 13 0 25 14 33 12 45 27 15 14 20 6 25 1 22 7 50 
7 38 18 7 0 46 34 43 2 15 36 47 9 9 30 20 18 41 6 
29 2 33 25 39 0 24 35 31 31 8 3 42 12 40 2 49 11 33 
14 16 49 30 33 13 0 19 26 49 19 6 35 50 39 34 46 43 5 
18 33 49 45 22 16 3 0 35 49 24 24 7 7 10 20 38 4 25 
8 50 20 21 7 13 25 17 0 25 47 8 15 8 17 47 48 32 29 
34 19 44 34 27 48 14 45 3 0 42 12 46 16 13 35 9 39 44 
36 48 26 36 20 6 41 7 27 35 0 16 7 11 10 29 42 5 36 
31 24 24 22 7 12 11 34 5 29 32 0 46 31 49 29 4 12 34 
3 48 49 38 44 20 21 29 30 46 32 2 0 18 25 8 49 28 15 
20 14 41 15 26 37 2 12 26 32 5 17 29 0 8 48 46 39 8 
37 43 31 4 1 29 33 16 2 3 12 8 38 32 0 22 14 34 48 
43 39 23 12 37 32 45 40 25 13 17 25 5 22 36 0 1 13 35 
35 16 14 13 32 10 36 49 1 19 44 23 46 15 24 1 0 3 1 
35 25 7 50 10 11 4 20 50 28 49 40 22 37 20 37 30 0 18 
35 31 7 14 27 38 32 27 47 3 18 2 1 5 20 35 17 38 0 
29 0 35 7 3 9 13 11 8 1 11 47 7 3 10 36 7 16 23 
44 22 0 49 19 18 34 15 2 3 48 28 45 21 37 21 33 8 45 
12 32 22 0 44 4 20 38 22 30 40 50 8 17 44 39 47 42 45 
39 10 18 23 0 39 7 11 13 30 7 40 10 36 21 2 41 45 34 
1 1 19 29 32 0 47 4 25 3 45 32 34 6 24 46 27 44 48 
28 40 44 16 34 41 0 40 32 32 21 4 29 6 26 50 5 47 41 
26 11 29 21 19 14 5 0 17 31 47 1 16 14 10 27 5 14 6 
41 36 17 28 39 50 16 34 0 22 24 39 7 35 2 28 6 1 34 
20 8 21 31 11 17 10 44 32 0 16 8 45 3 2 12 44 15 11 
25 49 22 29 5 36 43 31 29 25 0 12 49 38 9 9 44 36 6 
35 10 25 50 18 46 19 50 26 27 22 0 37 45 41 38 17 31 3 
13 41 3 36 39 30 39 36 32 33 28 50 0 37 9 17 6 9 5 
36 25 31 26 10 6 10 16 10 42 30 22 12 0 21 28 7 32 45 
4 50 21 46 12 33 14 36 22 27 41 14 20 39 0 32 33 32 7 
23 37 31 48 27 23 21 48 6 11 22 8 22 30 27 0 22 3 10 
35 41 13 48 13 25 34 33 26 47 22 42 40 30 40 21 0 34 46 
15 7 24 48 26 15 27 3 15 15 5 11 37 49 37 23 49 0 41 
44 25 24 7 14 44 48 24 26 15 22 42 18 2 47 32 8 47 0 
37 0 37 16 49 22 10 10 20 28 15 11 24 5 18 32 50 27 10 
22 8 0 43 30 1 2 39 12 32 23 48 4 15 5 41 40 36 12 
26 46 3 0 15 48 45 16 33 14 2 10 4 11 19 26 37 11 50 
5 7 37 15 0 11 10 28 37 23 25 1 7 33 16 32 20 25 32 
7 8 11 49 14 0 18 38 37 2 28 13 30 28 28 45 42 36 29 
26 11 35 43 37 11 0 23 42 33 8 20 45 23 42 45 45 31 4 
39 6 44 19 27 24 8 0 50 25 44 47 24 13 42 30 3 44 14 
47 14 21 1 27 23 36 31 0 18 8 6 22 35 34 47 41 3 30 
36 8 35 12 36 37 37 29 45 0 9 46 28 15 20 48 31 48 17 
33 39 30 21 34 46 6 1 45 4 0 9 14 27 22 39 50 18 37 
29 36 29 34 14 48 29 27 36 40 44 0 37 24 5 36 30 8 15 
1 15 24 39 6 35 43 34 21 31 32 24 0 39 15 3 12 2 13 
39 50 25 33 43 7 11 17 8 8 30 4 28 0 47 14 25 50 3 
13 41 30 44 41 31 27 48 45 12 2 29 34 12 0 3 24 42 9 
40 19 23 18 29 40 28 36 4 17 4 35 11 15 16 0 50 50 12 
34 45 9 45 6 45 12 49 15 29 24 19 2 5 6 5 0 35 31 
31 45 12 41 16 6 27 10 45 11 2 37 14 34 12 41 40 0 47 
1 46 14 28 6 30 25 50 12 36 16 49 30 6 30 35 20 5 0 
1 0 43 29 3 18 46 1 2 48 29 16 40 7 12 15 9 5 40 
18 3 0 40 32 16 17 45 42 45 47 31 46 7 30 15 8 41 48 
19 48 28 0 18 28 4 33 47 35 22 29 4 34 21 2 41 17 18 
16 19 27 13 0 9 27 2 5 22 3 22 36 26 50 21 18 41 7 
12 1 26 36 50 0 20 33 24 13 41 13 10 44 17 13 47 42 22 
21 6 40 1 17 24 0 33 31 25 49 46 30 33 17 31 45 29 16 
43 30 20 7 31 35 15 0 11 42 12 9 6 24 30 8 50 47 35 
18 12 35 2 3 19 46 34 0 29 33 8 46 30 50 38 47 5 12 
3 14 26 5 37 6 32 22 23 0 20 26 17 23 34 20 46 27 18 
32 41 28 1 12 47 7 32 3 46 0 32 9 18 27 25 46 47 34 
10 14 25 29 21 32 47 26 9 13 11 0 25 27 35 23 21 16 15 
35 2 2 30 48 6 4 36 41 14 2 49 0 42 27 38 37 36 14 
43 3 20 46 5 36 38 45 21 29 20 47 36 0 48 12 11 11 45 
32 31 17 20 26 35 42 33 25 10 21 34 37 41 0 50 10 28 13 
45 39 48 17 42 3 35 25 17 44 28 5 38 32 17 0 43 5 6 
48 24 27 35 5 22 12 29 25 37 42 30 48 27 21 49 0 16 22 
48 16 39 14 35 2 19 48 6 21 23 40 18 45 36 44 13 0 4 
36 11 35 26 5 14 29 48 34 38 46 2 35 39 16 45 45 40 0 
17 0 34 39 26 16 7 17 42 6 35 19 47 44 5 14 17 13 6 
38 22 0 11 26 35 37 19 32 2 4 36 35 24 24 50 46 27 29 
16 11 45 0 28 10 14 8 45 29 37 44 42 39 19 26 11 7 24 
30 42 50 3 0 8 35 6 14 6 22 12 46 48 48 28 35 1 3 
11 11 13 48 18 0 41 8 32 38 10 16 18 9 13 18 27 17 36 
30 14 3 10 23 47 0 8 37 33 34 40 47 15 4 18 23 1 46 
11 32 24 9 45 26 47 0 46 48 38 14 49 29 21 31 42 5 38 
1 1 39 17 40 32 8 25 0 43 42 46 12 1 36 13 22 17 36 
13 21 19 27 14 27 49 21 24 0 35 6 19 16 23 50 30 23 50 
8 45 42 42 2 21 34 6 1 37 0 37 28 36 7 5 46 30 34 
20 24 38 12 18 20 9 23 19 24 27 0 23 12 22 13 14 15 22 
44 22 20 49 44 9 27 12 34 46 49 49 0 15 20 44 16 11 50 
12 46 27 23 34 29 2 10 29 28 25 16 16 0 23 43 33 3 9 
15 21 30 30 36 6 37 14 24 20 9 7 30 47 0 12 14 3 19 
46 22 38 41 48 35 30 50 38 19 30 27 6 33 18 0 36 2 40 
20 32 11 21 36 20 5 32 1 22 49 29 4 3 21 25 0 37 31 
21 24 24 46 50 37 19 19 34 48 15 27 40 44 46 22 45 0 21 
9 26 36 19 37 16 34 8 1 9 15 28 7 32 46 37 15 28 0 
17 0 24 32 25 2 18 37 8 18 24 33 5 34 33 8 1 16 12 
46 3 0 38 8 13 43 36 10 5 6 41 33 32 4 29 18 5 21 
39 35 24 0 19 32 29 49 10 26 47 26 33 21 7 17 34 42 13 
40 10 11 40 0 39 43 14 32 17 36 43 30 26 16 28 38 12 32 
39 27 21 10 10 0 3 17 40 34 22 36 35 16 48 13 17 29 46 
10 49 46 32 6 50 0 13 13 17 47 21 11 5 33 45 36 46 15 
42 31 1 9 23 50 9 0 42 47 33 20 46 18 10 38 32 28 14 
36 8 22 22 47 47 37 21 0 19 24 18 3 40 31 3 48 25 48 
46 2 26 47 24 15 4 30 44 0 22 30 12 24 24 6 31 50 38 
43 21 34 5 22 3 32 36 25 45 0 43 40 44 20 36 40 37 26 
39 40 35 8 18 18 3 16 42 7 50 0 44 47 9 31 15 5 4 
14 42 30 24 15 39 41 10 38 5 28 10 0 27 34 38 31 43 11 
4 36 3 17 2 7 11 25 36 31 48 34 9 0 29 15 32 26 46 
46 15 25 47 18 9 30 49 38 32 31 16 7 17 0 17 20 12 20 
2 48 40 24 13 41 3 10 12 4 46 49 46 45 9 0 43 35 28 
37 8 19 44 37 4 20 30 44 20 24 32 18 39 18 46 0 31 29 
6 23 3 35 44 8 47 26 3 39 36 36 8 15 32 39 34 0 4 
1 8 11 37 4 34 47 34 36 31 37 8 32 1 15 31 37 13 0 
26 0 2 14 12 48 12 1 31 44 9 12 10 50 30 5 14 45 23 
18 19 0 19 20 39 11 22 17 40 46 8 36 21 28 28 20 13 33 
41 40 11 0 50 36 23 40 39 22 27 31 7 3 18 7 42 13 19 
44 7 14 4 0 40 31 22 6 24 9 38 35 32 31 18 23 24 5 
13 19 33 46 30 0 1 39 46 36 34 43 40 29 30 16 10 26 6 
19 37 1 30 28 31 0 50 32 1 38 46 50 40 31 45 2 29 44 
36 48 28 14 16 45 45 0 39 13 35 30 9 19 22 6 12 4 37 
5 34 41 3 47 48 50 1 0 50 37 44 13 45 28 1 22 25 28 
29 6 22 6 35 40 18 15 3 0 43 19 24 45 28 27 9 47 46 
3 34 1 30 14 15 45 9 45 1 0 40 2 9 47 48 28 33 49 
15 49 49 2 35 32 46 8 32 26 42 0 16 37 37 31 5 20 42 
27 50 42 7 12 27 45 17 26 1 35 23 0 27 18 46 28 44 48 
48 1 49 19 35 7 34 19 17 29 15 3 21 0 4 28 6 1 34 
7 9 38 22 8 18 7 45 23 10 50 25 21 9 0 44 33 8 19 
44 8 15 35 24 43 10 16 3 23 30 31 45 21 17 0 12 21 35 
11 26 44 31 13 40 35 24 20 43 9 6 9 38 47 10 0 13 43 
19 23 35 46 13 42 16 34 15 43 15 29 9 9 39 9 23 0 32 
25 14 46 26 1 50 23 18 8 48 15 43 35 36 9 24 44 49 0 
50 0 16 14 3 16 29 26 43 9 42 35 50 18 50 16 15 35 50 
48 44 0 22 36 23 45 35 18 20 23 8 30 21 35 16 40 10 8 
19 22 49 0 17 1 9 41 32 34 8 31 15 27 20 1 9 27 50 
28 15 44 19 0 19 48 10 3 35 30 21 50 35 28 41 9 47 14 
2 31 43 13 45 0 41 12 28 37 6 47 39 30 12 8 16 13 45 
15 1 4 1 8 48 0 25 12 12 34 23 3 24 19 24 38 8 46 
8 15 20 3 8 42 12 0 5 7 46 1 10 42 19 16 46 45 46 
10 2 24 45 39 34 30 29 0 5 34 32 28 15 42 5 13 9 49 
26 12 44 13 40 4 42 29 11 0 3 42 4 38 28 25 28 28 7 
23 13 26 36 24 30 38 28 23 29 0 32 9 5 30 11 18 21 33 
3 48 12 20 4 10 23 28 37 1 47 0 4 4 38 15 49 40 47 
23 40 38 14 26 13 31 13 48 3 48 12 0 44 21 7 42 25 31 
45 3 9 16 14 47 43 37 31 20 26 45 45 0 7 41 15 45 32 
46 39 23 50 40 41 13 21 30 25 8 27 47 13 0 13 34 4 38 
38 7 27 42 22 39 32 12 38 3 8 41 22 29 26 0 26 47 36 
8 45 14 19 4 43 17 18 30 4 23 14 33 11 3 4 0 27 39 
6 4 18 34 18 28 3 10 13 40 4 29 2 22 16 27 27 0 10 
25 20 4 34 25 4 10 28 40 25 21 48 38 19 3 38 21 43 0 
19 0 24 27 36 16 44 30 28 14 2 3 1 48 6 35 44 30 8 
35 22 0 29 14 25 41 39 28 39 16 2 36 26 14 1 24 9 3 
33 39 4 0 11 5 48 41 8 25 39 28 16 13 45 40 45 3 49 
14 5 49 37 0 47 38 5 14 27 29 26 39 1 24 48 33 12 41 
4 25 18 32 24 0 18 16 1 1 24 4 7 47 31 12 2 10 4 
4 46 43 17 6 41 0 22 12 33 36 39 4 18 31 33 49 42 29 
32 33 32 32 22 47 38 0 32 11 20 33 45 28 49 15 45 29 17 
49 38 19 27 10 13 35 30 0 12 47 6 23 24 48 40 34 21 27 
22 22 24 46 29 25 30 2 29 0 38 9 41 40 24 3 17 1 5 
10 5 23 20 47 43 35 41 26 39 0 46 36 6 45 29 38 23 7 
43 3 9 44 48 9 34 48 21 22 8 0 32 21 8 47 36 24 16 
4 3 25 32 12 38 50 42 7 44 33 15 0 13 2 2 46 25 49 
46 17 8 15 37 50 22 13 34 44 19 39 40 0 20 22 13 35 21 
32 12 42 21 45 7 3 41 15 7 10 6 31 25 0 33 49 40 8 
8 39 17 26 10 49 5 6 23 18 5 13 44 50 17 0 31 14 14 
7 25 22 2 13 46 36 16 3 29 14 44 6 41 31 14 0 6 46 
5 7 2 43 17 40 34 35 37 2 14 11 39 1 12 20 42 0 15 
36 7 27 21 41 45 46 26 43 30 12 14 33 30 45 22 27 7 0 
12 0 14 9 33 18 28 10 34 2 42 40 14 32 37 50 16 28 49 
20 35 0 17 8 47 41 48 5 23 24 20 35 17 18 24 5 9 28 
7 4 40 0 49 11 8 43 4 37 29 48 26 14 18 2 46 2 42 
41 4 17 18 0 36 14 6 37 14 18 26 22 40 27 29 22 10 25 
9 22 24 10 16 0 43 5 19 7 48 10 3 33 21 16 32 15 5 
11 39 19 26 44 24 0 44 26 29 15 40 21 48 42 8 28 37 31 
19 32 39 24 14 18 8 0 8 28 12 35 5 7 8 13 24 12 21 
7 33 29 50 16 41 15 40 0 29 36 1 18 45 6 34 36 14 33 
17 37 26 1 19 36 47 32 41 0 24 9 33 9 24 31 38 21 5 
3 19 16 48 10 24 39 23 7 10 0 18 30 22 21 44 31 8 25 
46 6 15 43 4 35 1 41 31 47 28 0 28 37 7 35 30 33 46 
17 19 28 2 13 47 29 37 15 12 3 38 0 39 28 17 7 43 16 
40 10 16 32 48 19 43 43 45 30 24 11 45 0 42 38 49 14 39 
48 44 44 18 14 17 21 40 39 44 9 50 11 31 0 15 20 40 23 
30 36 22 9 9 20 2 49 14 4 17 11 50 40 14 0 28 9 49 
22 23 47 50 12 9 31 50 34 46 19 43 47 25 2 15 0 19 29 
18 39 35 24 16 15 3 17 23 29 44 19 36 34 22 16 48 0 18 
27 31 24 13 29 9 36 7 30 22 8 42 9 36 21 36 11 20 0 
14 0 49 7 32 48 45 37 2 7 16 10 36 21 32 28 35 39 39 
6 5 0 11 27 38 10 36 31 10 31 20 9 49 1 23 3 2 50 
12 46 34 0 29 27 27 3 21 47 45 1 26 15 25 47 32 30 6 
10 38 11 47 0 47 17 35 6 33 49 17 10 13 19 30 28 24 43 
6 27 29 34 24 0 17 14 41 30 34 16 45 12 17 21 18 43 14 
40 15 50 18 44 21 0 44 4 4 37 32 33 47 38 2 5 27 4 
28 26 14 44 34 6 37 0 2 40 38 38 1 39 46 26 16 39 9 
43 39 33 8 41 20 13 27 0 10 48 38 29 44 7 40 17 40 18 
50 46 31 45 31 43 31 7 17 0 4 49 36 8 31 50 43 13 39 
22 20 36 44 31 8 46 40 14 12 0 45 31 12 22 7 8 17 43 
29 48 8 40 28 34 4 10 28 25 40 0 8 30 2 45 1 46 21 
33 7 16 23 50 42 29 20 13 37 43 27 0 30 50 15 7 15 15 
32 32 43 2 41 22 30 22 50 7 33 43 37 0 11 27 36 26 11 
28 6 49 17 11 8 22 17 18 2 46 41 44 23 0 38 30 20 14 
29 31 16 45 43 29 42 23 38 20 50 33 50 44 24 0 5 30 9 
16 15 22 35 31 24 4 29 26 9 14 11 6 7 41 13 0 8 45 
45 33 13 21 25 39 21 3 18 36 2 2 17 40 43 29 15 0 5 
43 44 1 42 41 15 3 33 9 28 14 44 42 37 37 30 10 47 0 
46 0 46 40 33 15 29 7 19 27 25 43 25 18 27 43 36 21 14 
45 4 0 43 49 19 42 30 43 39 24 44 15 15 38 30 46 34 19 
16 10 30 0 23 35 22 39 28 41 35 10 37 1 6 17 24 36 6 
5 48 27 49 0 4 22 40 33 26 12 10 6 45 23 44 24 21 11 
35 22 19 22 10 0 41 2 46 34 2 24 39 49 42 3 24 42 37 
43 18 7 8 33 3 0 47 27 19 36 40 38 44 27 35 6 40 14 
38 34 38 37 47 9 38 0 39 10 37 14 18 3 21 32 7 32 4 
5 27 39 17 25 34 22 16 0 6 47 9 47 4 43 3 39 37 8 
50 6 21 48 21 45 43 10 14 0 1 33 19 6 37 46 32 1 14 
25 22 9 4 15 31 3 42 30 13 0 34 21 15 15 35 24 8 27 
34 7 7 45 24 15 20 22 34 38 41 0 22 2 22 43 40 15 16 
50 46 41 40 46 29 15 31 26 44 36 19 0 34 33 29 19 49 44 
8 31 48 44 35 44 48 15 2 9 12 12 29 0 26 50 20 25 13 
36 44 12 28 30 44 39 27 36 15 4 8 44 33 0 24 49 33 35 
18 6 12 48 43 31 27 7 19 15 15 11 19 15 9 0 17 34 5 
33 30 1 5 5 8 9 33 12 45 16 29 38 31 43 16 0 3 19 
2 39 2 31 2 24 25 25 12 25 46 40 50 27 50 20 16 0 4 
34 14 1 4 39 10 20 33 42 41 27 35 18 3 12 40 16 46 0 
4 0 2 28 28 30 31 47 34 38 22 46 39 30 19 15 40 33 40 
19 48 0 50 43 11 19 32 35 49 28 8 43 28 10 11 4 16 14 
26 7 34 0 21 8 6 23 49 38 3 11 8 21 29 21 23 22 18 
46 12 42 10 0 46 46 32 19 27 45 44 36 29 26 3 1 14 26 
7 48 41 45 21 0 13 32 30 24 41 7 29 23 6 38 43 9 5 
23 17 11 38 39 39 0 29 28 5 2 25 35 5 21 15 45 17 24 
28 2 42 29 28 17 22 0 41 13 48 23 39 48 36 18 48 28 48 
16 19 10 3 16 43 9 30 0 5 40 37 37 15 28 39 14 16 7 
14 44 39 45 16 48 27 32 6 0 16 4 40 17 7 43 18 30 49 
15 25 36 49 21 48 13 33 5 26 0 34 45 1 35 20 11 34 34 
9 22 4 12 27 35 37 43 26 15 23 0 30 45 48 48 41 49 41 
22 15 24 41 32 33 43 2 48 12 16 20 0 20 6 23 9 9 9 
45 4 49 2 13 29 23 48 11 26 31 36 47 0 10 36 30 40 20 
11 18 40 21 19 26 37 26 27 7 46 17 7 36 0 39 40 46 46 
42 21 3 45 19 35 23 18 21 12 15 6 35 41 17 0 4 48 41 
20 25 35 24 15 38 2 16 2 45 20 46 48 8 15 40 0 38 20 
17 17 49 5 49 2 5 25 11 22 22 5 1 3 38 48 21 0 21 
11 19 6 15 44 3 33 29 49 25 15 7 41 45 4 47 37 32 0 
43 0 15 27 34 19 40 27 31 45 47 44 17 8 50 37 44 30 20 
14 3 0 23 47 22 20 4 31 10 4 31 28 2 4 16 6 6 6 
45 28 50 0 17 38 14 9 36 35 32 18 16 21 48 16 34 33 35 
10 46 44 7 0 31 39 30 23 50 18 46 41 1 2 44 32 50 3 
21 48 15 10 38 0 36 36 22 13 45 34 34 13 19 22 32 47 10 
13 38 47 11 37 15 0 14 42 41 45 32 16 23 40 49 13 14 35 
21 50 9 8 22 9 26 0 36 39 17 6 28 19 20 6 34 19 12 
6 10 12 50 47 47 46 41 0 41 48 22 45 36 50 5 37 12 48 
2 6 16 39 36 1 27 48 37 0 14 26 12 11 40 21 37 8 5 
24 21 4 13 13 31 19 28 15 44 0 32 6 23 33 9 8 32 13 
46 18 25 11 24 49 10 32 16 29 38 0 32 25 49 43 50 14 41 
45 40 44 35 21 8 37 33 17 31 41 44 0 4 3 9 8 41 40 
31 14 47 5 3 31 16 40 41 33 20 33 14 0 24 20 18 14 43 
20 11 48 18 24 42 33 30 41 22 25 35 24 17 0 9 3 20 1 
44 40 38 13 20 31 17 4 13 34 18 18 25 36 40 0 16 39 30 
43 14 40 6 22 24 41 44 15 7 9 4 25 11 4 19 0 24 24 
6 8 42 17 1 20 30 50 12 24 48 39 46 8 28 29 11 0 7 
11 39 19 15 23 26 16 11 46 9 10 8 14 6 12 16 11 32 0 
38 0 26 13 20 27 23 12 17 47 27 11 2 26 46 1 48 8 36 
6 42 0 35 17 2 41 25 21 40 5 10 42 27 30 48 47 42 35 
44 42 12 0 46 3 6 29 40 50 45 33 15 7 17 48 27 11 20 
47 22 24 23 0 45 7 33 7 7 5 50 32 4 30 5 16 5 17 
25 10 39 30 38 0 13 42 31 38 26 49 44 45 1 19 29 1 20 
11 22 47 6 14 47 0 49 25 41 18 41 4 10 42 13 32 2 2 
31 17 35 12 32 15 20 0 8 9 14 11 49 14 26 29 35 5 33 
20 20 47 43 31 14 23 24 0 41 34 16 7 32 13 50 17 48 34 
36 50 40 33 37 6 38 36 14 0 42 5 15 25 26 37 30 12 33 
6 39 37 21 40 8 24 36 42 2 0 32 48 50 47 29 46 50 6 
43 37 34 41 5 46 50 31 19 26 9 0 41 21 3 2 17 12 9 
48 15 10 32 10 1 15 37 4 17 43 9 0 37 30 27 31 37 26 
50 16 35 41 22 9 40 49 27 2 32 30 47 0 33 35 20 49 35 
47 12 28 33 26 18 43 33 39 11 39 30 15 41 0 16 27 18 47 
25 7 44 2 43 12 25 14 6 24 21 11 24 18 31 0 42 35 26 
48 17 40 17 49 39 21 30 10 47 38 41 14 21 15 39 0 46 43 
42 45 19 17 9 13 13 19 13 28 37 22 50 23 6 41 29 0 2 
7 8 8 5 31 14 2 28 27 15 10 50 46 36 22 39 1 40 0 
7 0 31 9 27 4 31 26 44 43 38 48 15 36 24 42 14 33 38 
36 37 0 15 5 15 32 37 49 9 14 32 2 1 11 22 17 34 48 
43 30 4 0 27 30 38 21 15 30 12 29 37 9 33 4 34 4 15 
25 3 17 28 0 41 6 22 13 12 42 37 38 44 20 40 44 21 3 
34 9 8 28 35 0 50 2 26 20 23 5 50 49 17 8 8 42 32 
32 16 40 49 6 17 0 27 29 28 43 19 10 48 16 12 1 50 45 
8 48 18 17 26 16 37 0 50 8 13 44 21 30 36 29 8 12 6 
14 36 4 41 2 6 22 10 0 7 10 25 40 38 48 17 13 50 44 
14 16 40 24 12 6 9 15 36 0 8 13 33 32 40 4 7 37 14 
42 18 47 13 45 17 9 27 25 19 0 25 46 4 17 37 35 44 47 
17 40 25 48 32 38 20 15 47 25 29 0 35 37 31 12 3 22 33 
48 2 21 23 16 36 31 41 40 40 4 47 0 47 47 47 7 41 47 
40 45 36 9 43 31 21 35 48 40 33 44 35 0 2 45 4 37 43 
27 44 25 40 17 42 49 31 11 50 28 33 39 30 0 41 15 13 28 
48 40 9 41 3 31 38 41 9 46 5 3 2 44 11 0 4 31 48 
23 1 28 45 11 13 20 21 7 16 2 3 4 21 39 18 0 7 48 
35 36 41 44 2 26 33 3 26 9 49 35 23 36 50 44 43 0 13 
50 3 29 46 21 33 25 22 40 7 43 35 14 34 38 13 20 45 0 
7 0 29 50 2 12 8 38 12 23 23 44 17 4 10 28 27 18 4 
19 39 0 16 9 20 30 36 27 11 41 46 15 48 10 16 5 37 14 
14 49 41 0 21 9 10 11 2 29 24 4 33 8 37 17 34 44 31 
30 49 9 20 0 16 36 48 47 16 8 26 35 1 49 24 14 14 20 
13 49 31 7 48 0 18 2 13 24 29 34 9 49 14 16 36 26 38 
5 44 33 6 23 12 0 44 3 27 45 23 5 9 44 24 47 22 46 
50 24 2 42 19 4 12 0 20 14 8 10 13 19 16 24 36 9 20 
38 7 26 20 13 46 42 7 0 40 20 20 40 35 2 42 21 36 3 
37 14 25 30 44 4 48 36 43 0 15 27 8 31 23 35 4 10 15 
20 31 11 6 50 12 14 43 1 25 0 24 9 21 48 31 22 50 46 
46 9 14 22 22 28 3 28 31 32 39 0 47 5 31 43 28 1 5 
42 31 15 13 16 2 4 24 13 35 44 29 0 28 10 24 40 9 2 
2 48 9 33 3 23 32 32 4 4 20 43 17 0 43 47 26 30 19 
32 33 44 12 19 49 15 19 34 3 5 30 24 15 0 23 42 27 3 
46 10 29 42 32 34 48 50 4 21 19 1 32 2 30 0 6 9 27 
9 40 29 10 19 35 39 29 28 25 31 5 20 25 17 44 0 30 21 
41 40 1 10 15 20 46 45 50 33 21 4 50 18 7 47 33 0 38 
24 37 42 44 4 3 6 23 19 49 1 44 35 38 22 10 15 20 0 
26 0 49 25 10 15 24 35 6 9 25 25 13 49 24 43 30 21 44 
30 47 0 37 48 5 42 2 47 44 7 49 33 32 41 4 37 21 35 
13 15 22 0 18 9 48 45 32 49 6 1 28 2 5 18 29 30 18 
34 29 45 34 0 8 19 31 29 7 27 43 35 10 12 3 8 18 6 
22 12 38 39 4 0 23 44 47 46 16 5 44 15 4 11 36 4 43 
41 30 8 4 37 31 0 41 19 40 15 46 39 25 45 38 13 7 19 
31 45 25 23 40 12 23 0 15 24 14 12 40 24 25 9 11 17 39 
49 18 26 8 48 36 33 30 0 1 8 42 11 7 2 47 43 6 9 
18 19 40 47 32 23 8 28 7 0 50 41 22 31 15 28 50 15 39 
43 23 47 40 40 11 11 15 24 13 0 7 10 43 31 20 50 43 49 
49 2 37 3 1 21 29 34 39 30 27 0 27 34 8 38 9 50 33 
12 28 30 30 36 17 50 45 21 47 8 10 0 3 31 22 30 1 13 
3 41 23 27 11 6 22 32 39 47 29 50 23 0 35 32 37 39 15 
19 20 17 20 4 6 50 32 27 30 27 47 6 5 0 7 25 7 10 
11 36 18 24 9 4 29 3 16 22 25 23 29 16 43 0 7 11 32 
46 33 37 17 28 30 30 42 5 42 42 25 43 48 29 22 0 27 4 
48 46 12 14 42 2 40 28 8 4 2 12 5 49 44 26 29 0 24 
24 44 8 38 44 17 49 37 12 42 29 28 45 7 40 39 10 16 0 
20 0 33 42 36 27 50 22 27 41 44 38 44 31 18 19 5 49 34 
46 10 0 2 46 15 5 40 49 50 31 10 45 23 16 39 29 6 47 
33 39 17 0 9 17 18 26 6 49 19 11 12 9 40 9 6 44 50 
14 25 19 37 0 46 29 50 42 18 47 22 23 5 3 12 23 23 11 
18 37 44 35 20 0 10 6 22 39 39 22 21 37 17 22 40 15 31 
28 46 43 39 9 25 0 1 30 34 27 15 9 50 37 17 48 39 7 
7 30 5 10 32 25 40 0 12 20 47 10 6 1 16 38 31 45 28 
19 30 28 19 35 41 26 29 0 8 30 39 36 4 40 29 15 33 36 
27 19 14 19 49 48 6 4 20 0 29 26 50 21 19 42 39 30 10 
30 39 46 15 34 3 18 10 23 34 0 44 21 28 36 33 3 5 26 
14 50 31 31 13 32 21 48 4 8 10 0 21 45 16 10 20 36 45 
40 12 36 12 1 39 25 22 10 50 2 40 0 17 19 14 16 26 30 
29 49 26 15 44 36 50 10 1 2 40 29 12 0 8 1 38 13 43 
41 3 49 43 6 41 22 22 47 14 42 41 8 30 0 40 30 42 37 
20 26 19 1 13 42 38 23 33 32 39 44 40 29 6 0 21 26 23 
31 36 43 35 43 22 39 36 19 11 45 10 39 32 17 14 0 19 38 
25 40 41 8 5 34 9 40 34 4 24 13 35 37 4 18 50 0 6 
45 36 33 47 12 27 24 28 28 23 44 7 27 26 11 19 47 36 0 
33 0 24 32 10 27 4 38 35 13 6 26 9 7 21 33 12 20 34 
5 28 0 29 14 34 27 6 36 46 28 28 48 2 16 41 19 35 26 
24 35 10 0 30 10 28 15 18 2 20 17 23 25 15 7 28 15 19 
8 19 40 5 0 4 42 8 11 8 15 4 11 18 38 37 7 38 35 
24 26 19 1 50 0 17 25 36 19 24 3 14 42 25 2 22 12 16 
37 20 32 19 22 49 0 21 50 15 42 2 30 37 19 27 23 4 40 
1 7 19 24 30 18 23 0 35 9 45 24 30 9 47 26 21 20 19 
4 6 4 21 31 1 2 34 0 34 39 37 35 37 20 22 13 22 6 
48 14 40 14 46 37 40 27 27 0 36 33 6 5 17 49 8 19 48 
36 31 26 19 22 47 34 35 49 25 0 8 4 8 47 26 20 24 7 
30 41 11 17 31 5 24 17 1 29 35 0 21 36 30 1 24 27 41 
31 29 42 43 30 12 39 16 19 23 28 37 0 31 35 43 43 29 29 
38 19 1 21 46 6 47 6 50 28 39 29 4 0 35 21 35 40 45 
15 37 12 50 28 15 36 1 40 15 49 1 28 44 0 1 23 37 8 
41 10 34 37 47 24 12 12 28 41 20 44 16 46 45 0 48 28 42 
18 38 42 36 36 45 16 33 8 50 50 46 28 31 48 13 0 45 31 
12 28 41 38 38 17 38 46 32 47 49 3 6 30 16 10 6 0 49 
17 5 25 40 21 15 17 12 12 32 13 39 46 4 2 14 37 50 0 
2 0 30 50 25 49 40 14 20 34 5 45 21 31 18 26 49 46 40 
7 23 0 8 26 22 27 5 6 33 43 1 45 2 42 44 16 9 26 
50 42 6 0 35 27 1 31 12 18 42 2 45 13 47 8 12 7 15 
43 26 9 24 0 20 43 8 21 19 39 4 3 27 15 10 1 50 4 
35 23 47 7 46 0 11 9 14 5 38 30 5 37 40 36 29 24 33 
18 26 23 14 28 6 0 33 42 8 16 15 37 36 13 47 5 28 35 
19 37 31 48 15 7 38 0 20 41 15 3 15 18 48 42 27 33 25 
32 22 45 41 25 4 4 44 0 49 19 3 18 8 33 13 1 11 37 
3 20 11 16 26 8 16 18 40 0 44 49 17 45 9 31 23 23 7 
40 28 12 28 45 22 9 20 18 24 0 7 20 2 17 38 5 25 13 
14 17 46 37 26 7 14 10 45 32 24 0 45 37 36 10 7 11 33 
26 26 26 40 8 7 41 42 12 20 42 32 0 30 41 34 18 10 7 
11 3 3 6 14 35 27 27 46 23 37 21 11 0 46 6 5 30 50 
38 25 9 40 47 34 46 45 19 13 3 34 11 20 0 27 4 47 9 
30 21 12 41 13 32 11 19 5 41 10 47 27 25 11 0 35 30 35 
48 21 7 20 10 20 17 14 24 13 13 18 45 7 50 48 0 25 10 
38 48 12 28 30 28 29 6 35 23 37 29 23 27 40 42 6 0 26 
2 11 11 43 24 49 8 49 6 38 46 3 47 29 50 2 47 33 0 
24 0 21 42 29 41 5 36 45 28 46 40 37 28 4 2 24 47 15 
50 46 0 24 14 20 32 23 41 10 32 26 9 29 22 30 8 19 36 
35 23 21 0 6 8 30 22 13 9 20 11 43 2 24 33 36 3 2 
9 10 1 10 0 7 50 46 4 19 20 18 19 7 20 36 17 40 24 
45 44 38 44 43 0 8 24 3 31 18 31 3 26 44 19 29 49 9 
35 25 17 21 11 5 0 12 3 46 40 14 41 8 35 34 9 41 9 
14 16 18 44 37 4 20 0 29 23 17 44 24 1 29 22 27 32 15 
8 25 33 34 33 40 12 35 0 40 40 11 46 19 18 3 10 15 34 
41 42 39 13 2 33 32 45 10 0 22 40 35 20 31 4 20 1 17 
27 31 33 28 32 3 14 30 19 28 0 48 26 22 41 15 38 37 41 
26 46 23 1 3 38 31 41 45 6 21 0 30 43 50 17 36 34 35 
1 13 10 37 49 22 15 5 48 34 1 49 0 21 32 44 13 44 6 
44 26 28 45 48 42 8 9 10 39 35 48 9 0 36 7 30 38 24 
31 40 47 2 36 49 41 48 41 47 35 40 36 30 0 6 12 42 8 
7 7 16 19 29 41 13 27 20 50 25 15 42 41 45 0 21 33 4 
10 43 41 30 5 1 2 12 25 21 3 6 43 48 45 50 0 24 31 
9 12 11 7 40 10 29 41 23 26 5 44 45 16 48 2 2 0 50 
18 27 2 16 18 18 16 42 25 15 8 27 21 43 17 14 13 21 0 
44 0 4 3 31 1 15 28 26 8 31 26 37 9 41 46 45 32 48 
30 43 0 45 44 41 48 36 15 33 46 6 12 27 32 4 27 9 49 
47 37 26 0 38 38 43 11 36 17 38 7 18 31 26 12 20 34 20 
27 50 13 5 0 46 37 32 32 20 46 4 44 33 32 32 48 48 45 
22 43 5 3 33 0 5 32 48 9 16 15 30 50 8 48 35 1 9 
36 43 42 40 6 7 0 23 15 32 23 6 25 36 34 29 17 48 42 
15 24 17 8 24 49 29 0 16 17 40 47 47 46 49 32 23 12 6 
4 33 37 49 30 19 24 9 0 43 34 30 32 2 33 10 7 21 27 
43 29 19 43 12 41 40 33 19 0 36 27 7 43 14 23 23 14 16 
6 16 44 49 35 15 7 45 36 36 0 38 14 38 40 29 6 31 33 
37 11 22 47 9 48 50 39 32 36 42 0 17 9 30 20 45 2 5 
33 44 44 5 37 18 5 5 45 6 49 38 0 29 38 33 40 37 3 
44 9 8 47 49 47 33 21 3 20 28 9 44 0 43 38 25 23 38 
40 32 25 5 42 5 3 45 40 45 7 4 35 19 0 43 18 1 43 
47 36 45 47 22 16 15 36 28 37 12 6 50 5 15 0 46 1 5 
28 40 18 4 45 5 7 39 15 50 35 9 17 26 43 46 0 28 38 
43 43 11 9 41 7 28 17 33 35 45 2 40 39 19 39 40 0 11 
26 44 42 40 41 34 2 16 1 19 21 37 13 5 28 28 3 8 0 
45 0 19 50 11 26 29 23 22 44 13 10 47 41 29 37 32 20 34 
46 4 0 3 27 8 25 6 9 47 47 23 41 25 12 37 12 44 21 
12 15 18 0 14 18 19 41 39 6 5 29 42 1 31 35 44 32 50 
5 18 12 25 0 5 17 33 27 50 3 38 49 11 30 35 16 21 6 
16 33 36 35 37 0 19 20 2 31 5 46 42 7 32 30 37 7 27 
10 38 10 1 31 42 0 19 38 1 7 45 49 8 36 11 30 28 50 
15 20 31 43 5 4 37 0 29 31 8 46 7 19 24 23 8 6 33 
46 15 2 44 17 50 19 13 0 8 32 47 11 32 28 4 31 23 37 
47 18 33 7 15 3 12 11 42 0 44 39 21 27 1 30 28 34 13 
48 21 4 32 24 42 47 5 32 20 0 27 18 4 38 2 37 12 39 
1 40 1 50 33 6 8 25 25 37 6 0 47 32 4 44 41 34 3 
33 16 44 41 10 11 21 43 35 24 40 1 0 20 40 39 41 28 45 
13 48 38 49 24 50 18 11 49 36 38 24 25 0 14 5 50 4 47 
46 10 30 40 29 41 22 34 35 24 17 17 8 41 0 26 50 28 36 
15 34 42 44 24 50 12 36 5 11 50 27 47 21 36 0 43 46 19 
15 23 20 48 28 41 15 44 44 33 29 48 48 25 36 19 0 35 20 
5 2 36 31 29 44 36 11 34 9 28 46 31 15 45 7 35 0 5 
17 17 7 1 30 30 6 29 8 8 14 26 41 29 36 17 38 45 0 
34 0 35 45 27 13 17 8 7 17 48 3 14 3 41 41 32 3 19 
14 5 0 23 6 26 50 37 28 48 9 18 50 11 15 28 1 24 1 
11 41 4 0 40 44 23 14 8 27 44 6 23 36 10 26 18 3 34 
23 28 10 45 0 41 35 20 50 40 18 38 39 37 3 18 41 21 13 
15 24 11 50 43 0 18 24 43 23 26 23 8 24 43 12 44 29 47 
41 17 50 20 21 45 0 34 47 20 38 8 4 6 46 40 14 3 30 
23 23 36 42 21 49 13 0 45 27 32 44 46 27 43 24 21 50 5 
13 46 3 17 16 47 48 36 0 35 20 20 28 19 10 40 33 22 6 
11 49 46 2 7 27 19 3 3 0 25 12 16 30 35 46 36 2 8 
27 7 8 40 44 35 14 44 25 49 0 13 35 6 45 21 19 11 1 
9 11 39 27 49 14 45 24 25 19 40 0 36 32 34 9 32 6 16 
49 22 5 11 39 14 3 20 40 18 19 17 0 45 11 25 45 27 41 
20 1 8 44 46 21 11 45 4 39 17 30 27 0 24 40 6 21 39 
47 48 23 25 25 29 25 27 6 9 25 30 12 38 0 7 18 13 6 
8 5 27 35 1 44 11 14 3 10 42 45 27 39 40 0 36 49 30 
19 45 27 30 20 19 15 2 21 24 28 30 23 9 11 34 0 49 17 
13 12 47 29 15 11 27 15 35 11 32 36 40 27 39 28 49 0 19 
30 28 36 8 20 49 24 37 37 24 37 34 34 44 40 24 24 38 0 
33 0 40 30 16 4 5 35 4 21 35 34 2 42 46 11 42 5 21 
31 5 0 42 49 6 29 25 4 28 2 28 39 46 17 3 1 46 10 
40 14 25 0 31 24 16 29 39 3 35 32 42 23 42 39 20 43 19 
47 35 35 2 0 42 1 27 34 27 32 39 18 49 41 50 1 3 41 
46 1 32 26 20 0 17 26 40 22 37 29 36 50 27 25 35 5 12 
25 39 23 25 4 40 0 39 47 1 36 37 41 42 22 40 48 24 43 
37 21 15 18 26 2 29 0 41 5 42 33 12 44 15 37 39 27 15 
18 21 47 42 37 23 17 41 0 4 32 45 7 46 2 4 33 48 34 
47 8 13 22 47 14 36 48 15 0 39 43 23 5 4 46 26 30 3 
46 46 35 42 2 36 48 48 46 49 0 46 31 9 11 17 3 42 19 
3 47 25 33 7 40 9 28 48 32 28 0 42 11 21 22 2 37 3 
50 5 6 27 25 50 18 37 2 34 31 32 0 6 2 12 28 23 34 
28 14 39 45 34 25 38 16 21 5 38 26 9 0 8 25 15 3 37 
13 26 23 26 16 21 38 25 47 17 27 26 31 34 0 48 39 24 24 
15 5 22 32 39 9 30 13 49 27 26 24 7 42 49 0 25 15 47 
12 3 48 19 7 10 28 22 40 45 25 5 28 21 35 2 0 50 48 
16 32 38 15 46 3 22 12 50 24 10 36 27 6 20 1 27 0 21 
26 47 49 13 4 17 19 35 39 45 49 5 39 5 42 1 10 33 0 
10 0 47 7 45 47 45 11 4 12 5 18 19 36 27 44 14 26 4 
50 4 0 28 21 46 12 14 27 14 45 35 5 44 27 46 37 42 30 
14 31 50 0 4 3 1 6 14 18 20 10 23 11 26 30 38 1 7 
6 39 2 46 0 31 21 32 16 20 7 11 42 24 49 35 14 1 45 
5 47 1 28 16 0 33 44 45 18 42 34 10 26 7 26 40 32 3 
29 18 1 30 22 37 0 32 49 4 27 47 11 38 48 25 35 34 5 
6 28 23 19 2 37 4 0 41 32 10 31 5 17 34 18 32 35 33 
45 25 26 15 47 18 29 18 0 48 7 4 37 35 42 23 21 34 4 
30 10 16 14 27 31 5 22 18 0 49 10 13 44 6 13 43 40 9 
29 42 32 6 41 35 39 47 37 46 0 25 39 32 46 1 14 3 25 
17 32 49 45 10 25 50 31 8 36 13 0 49 24 43 3 14 43 43 
23 25 20 32 25 30 44 9 48 29 17 15 0 13 30 4 38 26 8 
10 35 32 7 7 11 27 4 35 39 22 32 37 0 18 3 8 42 28 
5 36 7 20 1 1 28 21 14 43 23 33 46 37 0 17 46 4 9 
12 17 18 10 5 22 45 6 38 16 43 50 12 5 39 0 26 33 41 
1 41 34 31 29 36 47 34 31 2 44 36 15 42 15 45 0 47 25 
11 46 31 36 26 46 14 12 28 15 32 19 45 20 4 27 45 0 14 
25 32 38 32 13 22 41 44 13 2 1 2 35 18 9 14 16 38 0 
