35
30
48 0 24 34 29 40 12 21 47 4 17 3 6 6 43 32 3 16 1 31 3 7 17 15 37 14 31 29 1 37 19 
1 48 0 23 20 2 26 2 16 32 27 5 38 20 35 33 21 44 11 9 15 9 46 36 15 41 31 9 48 15 10 
33 21 11 0 36 17 5 33 36 41 6 1 1 20 5 48 20 48 31 5 43 37 19 43 22 11 5 12 9 30 22 
18 5 1 23 0 45 35 27 35 18 28 38 8 20 3 14 9 27 32 17 21 33 28 44 22 23 14 28 39 25 12 
43 25 7 19 39 0 47 50 47 10 14 43 14 13 27 6 30 49 41 8 3 29 31 43 9 40 41 11 30 50 31 
8 38 10 6 35 14 0 1 2 14 17 9 30 22 4 29 20 15 17 17 44 15 38 32 23 34 13 33 48 30 49 
36 21 48 30 7 5 4 0 8 43 42 29 48 27 41 44 49 10 39 31 20 26 45 13 7 16 20 7 37 23 23 
32 3 23 16 32 39 33 42 0 47 24 16 8 25 25 15 18 11 41 29 35 3 44 18 10 23 42 8 41 15 37 
49 18 35 20 11 26 26 11 10 0 6 17 18 43 8 5 18 20 38 42 48 10 17 9 38 20 39 36 13 44 40 
31 42 28 11 26 49 23 5 15 40 0 43 1 31 24 19 35 2 11 6 5 23 21 49 17 28 32 10 48 50 22 
40 13 18 21 25 25 41 32 32 6 46 0 15 24 3 6 9 36 35 20 36 38 26 8 39 17 11 44 11 34 44 
40 26 6 43 50 30 34 11 50 44 44 20 0 29 50 10 8 48 47 12 19 47 25 29 15 35 15 6 29 4 14 
32 31 48 39 17 20 10 31 4 26 26 25 35 0 26 42 18 48 8 30 10 14 48 49 16 47 15 48 41 8 35 
25 6 7 36 13 14 23 40 34 40 49 17 43 37 0 44 22 41 3 24 18 18 48 49 45 1 35 32 33 42 2 
23 20 23 19 1 20 19 50 14 28 45 8 25 41 12 0 47 5 13 23 26 25 45 17 41 18 27 7 13 36 29 
32 41 49 32 17 30 45 25 36 24 4 42 39 46 23 10 0 24 9 34 4 30 20 10 17 28 28 3 32 1 24 
14 6 14 36 47 5 10 43 24 32 3 31 27 50 22 34 7 0 22 19 9 4 49 29 32 49 13 31 32 5 40 
27 13 24 12 11 48 28 4 50 18 50 31 35 2 2 50 43 11 0 45 44 22 32 14 43 21 15 27 33 38 35 
25 29 39 35 5 41 7 15 39 24 7 4 22 1 9 23 15 28 31 0 49 20 20 37 11 18 46 49 32 42 46 
21 45 16 16 44 22 43 1 47 12 43 28 22 21 38 19 10 13 34 48 0 1 50 3 39 15 5 42 29 17 10 
42 26 24 44 4 12 38 6 8 37 31 15 31 20 7 42 48 16 23 50 37 0 36 48 44 46 22 43 28 1 39 
31 14 34 38 20 18 5 29 18 27 32 4 6 47 18 36 19 34 33 23 8 26 0 7 18 24 7 29 30 48 33 
19 10 5 20 7 17 32 44 50 39 38 19 48 47 19 33 31 1 27 10 3 10 46 0 29 31 5 8 16 15 14 
40 26 32 36 8 22 49 36 41 2 5 26 34 44 36 39 28 11 50 41 27 28 4 38 0 30 10 15 27 39 2 
9 16 30 37 50 12 38 13 39 47 34 45 11 25 5 27 27 2 43 42 28 48 16 24 38 0 12 23 44 6 49 
8 22 48 39 44 40 47 47 44 24 2 16 22 3 8 32 18 29 33 3 34 13 35 48 25 11 0 50 6 50 39 
40 44 7 41 40 12 48 23 32 16 31 30 8 19 40 12 27 14 17 6 45 44 12 3 15 45 38 0 1 14 33 
40 41 47 6 35 9 9 31 14 46 35 45 47 17 23 4 6 17 8 14 35 37 40 45 44 46 32 4 0 26 45 
25 47 9 50 27 41 33 2 35 32 4 46 50 21 21 50 47 45 31 11 40 22 43 1 49 3 2 3 12 0 39 
27 5 5 19 22 38 36 48 41 33 22 4 32 26 10 39 38 19 25 45 50 38 24 15 6 3 5 9 1 24 0 
39 0 31 41 46 5 49 41 31 50 33 14 49 4 49 40 37 40 17 41 10 16 33 29 18 40 40 32 40 14 19 
34 28 0 48 18 44 41 14 36 22 12 48 7 20 42 32 1 34 25 26 19 14 38 19 41 8 7 3 23 7 16 
18 1 18 0 31 49 37 2 37 5 49 24 4 46 30 13 10 14 37 37 39 6 7 15 45 5 47 9 7 10 38 
39 41 30 6 0 45 47 40 39 44 46 49 47 21 27 46 10 42 39 29 49 43 17 37 18 11 11 37 23 26 3 
28 46 28 18 11 0 33 25 41 36 16 21 25 43 41 41 9 37 39 49 46 6 20 28 12 45 23 4 12 46 34 
11 17 13 42 18 4 0 20 3 17 13 36 1 4 14 28 19 24 46 28 2 25 48 25 31 47 8 18 16 23 38 
30 14 46 2 5 5 12 0 2 24 38 39 34 23 36 10 5 17 15 35 27 50 8 34 44 10 14 42 32 45 11 
36 5 31 29 34 22 5 3 0 9 24 7 22 23 41 13 41 26 39 21 42 41 4 32 47 39 22 31 3 43 42 
13 31 8 13 3 35 3 44 3 0 39 1 15 6 11 20 28 36 44 31 19 38 4 11 3 20 32 24 35 40 13 
42 3 10 18 11 27 15 11 38 29 0 38 32 36 33 42 27 49 21 27 12 36 37 22 25 4 9 20 5 43 21 
12 19 4 41 47 48 5 38 1 44 13 0 25 6 3 31 7 18 28 11 44 33 3 8 29 27 5 32 36 14 3 
8 10 19 18 17 20 28 46 37 45 23 11 0 20 33 49 12 32 19 44 48 41 42 45 50 38 9 11 26 14 42 
17 20 25 49 37 4 7 39 36 12 29 23 42 0 17 21 23 33 26 31 16 24 13 42 17 12 16 16 20 30 9 
9 3 33 45 29 4 37 22 47 46 5 44 34 33 0 20 19 50 29 29 16 26 36 45 49 18 5 28 8 38 21 
38 38 9 28 3 26 41 47 39 18 36 12 30 36 11 0 31 30 9 47 43 17 38 41 14 33 23 8 34 28 24 
26 29 35 26 8 18 35 6 31 44 29 3 40 11 31 15 0 7 10 38 38 26 19 12 45 5 1 47 46 45 30 
18 7 20 15 43 7 27 4 29 44 47 24 29 4 14 14 48 0 31 34 19 17 49 46 40 49 7 18 41 22 7 
21 39 12 1 27 23 34 26 19 24 38 4 32 45 42 2 41 9 0 31 41 4 17 13 27 14 20 11 31 16 36 
40 37 32 22 23 8 13 29 27 42 31 22 12 10 31 14 17 1 49 0 47 17 10 10 31 4 5 27 36 38 7 
12 4 10 33 34 2 22 10 23 34 40 12 32 39 11 32 5 3 46 50 0 3 10 33 19 20 30 27 1 19 19 
32 28 42 21 31 27 12 29 27 30 42 8 29 15 8 5 29 21 21 22 50 0 24 40 38 5 2 22 42 14 4 
25 21 42 5 3 13 21 12 9 34 20 27 27 17 8 46 32 19 12 16 2 7 0 31 47 19 8 38 4 16 29 
6 21 16 23 5 22 16 25 12 45 34 18 13 37 3 24 48 24 30 10 21 4 30 0 49 3 19 41 45 36 46 
26 17 46 31 28 49 11 5 12 37 30 8 7 18 32 35 44 44 45 46 10 15 25 7 0 8 3 42 18 20 36 
31 21 39 16 20 17 22 32 9 4 13 44 12 43 30 14 47 12 17 18 25 48 1 41 36 0 12 43 40 23 26 
8 44 35 26 7 9 19 42 49 16 13 13 35 41 33 17 3 32 27 45 7 30 2 3 12 34 0 21 49 30 8 
24 33 10 34 47 20 10 36 37 21 45 6 14 2 6 13 13 10 8 20 9 12 13 28 19 28 42 0 33 15 24 
39 21 12 41 42 30 3 2 45 13 7 17 46 6 1 2 17 1 47 49 22 11 41 10 49 13 21 32 0 16 20 
28 28 22 14 33 25 44 23 10 26 10 11 16 45 14 43 17 7 28 18 12 42 36 16 3 28 30 2 42 0 30 
10 21 37 26 36 29 46 32 24 26 8 44 41 22 39 11 45 47 47 7 47 14 5 49 8 37 43 6 12 5 0 
45 0 43 32 31 17 40 25 41 10 35 48 35 34 2 10 18 1 15 27 42 34 34 6 35 33 46 17 38 18 49 
37 40 0 21 19 32 16 13 11 5 50 36 5 37 12 10 13 31 3 39 40 36 29 30 20 22 12 38 47 48 21 
24 37 24 0 11 48 9 14 16 21 45 6 41 10 28 7 29 47 44 26 21 16 14 50 28 14 9 10 2 47 21 
28 16 13 35 0 27 49 32 27 15 2 49 16 33 45 34 45 20 3 13 43 15 45 22 27 6 10 38 46 48 40 
49 12 19 50 17 0 41 29 25 1 9 48 21 29 24 23 1 31 5 44 19 40 8 40 4 6 34 45 36 29 17 
11 36 29 26 4 37 0 47 34 29 44 17 45 2 4 46 45 16 48 5 6 30 34 3 29 50 41 23 15 45 33 
46 43 47 35 49 13 42 0 4 21 36 4 48 27 50 3 46 7 36 9 12 18 48 32 24 38 28 33 1 26 13 
15 33 40 46 48 25 48 18 0 6 34 3 12 28 20 2 33 7 3 27 5 35 37 6 33 15 49 12 23 47 21 
30 41 29 8 21 22 9 31 2 0 29 48 39 31 26 9 7 21 12 22 5 21 31 25 21 29 29 27 7 31 50 
13 26 21 35 4 12 34 20 49 31 0 25 27 1 48 8 46 7 31 25 9 29 50 1 43 1 49 17 8 30 43 
45 2 50 3 16 23 18 46 22 47 23 0 1 14 42 31 45 30 27 14 33 23 46 33 23 22 14 25 29 35 6 
46 27 41 7 36 23 27 49 33 35 29 11 0 10 28 37 28 37 10 12 6 20 40 44 47 21 50 19 28 32 2 
48 40 12 17 2 47 11 7 6 8 19 32 45 0 30 5 13 37 6 36 44 28 15 17 29 37 6 33 44 37 37 
4 49 18 31 37 39 49 44 26 40 18 30 5 5 0 38 38 45 15 43 8 13 14 42 38 25 34 24 34 31 46 
14 17 20 19 4 20 14 15 43 16 14 44 30 46 27 0 48 11 13 41 49 11 19 2 29 24 41 7 31 6 4 
16 15 13 31 27 2 10 36 1 19 24 31 23 27 45 20 0 35 46 12 27 24 11 44 32 36 46 15 42 46 14 
13 34 9 39 1 50 31 49 20 25 38 25 12 22 25 31 47 0 26 35 5 6 12 19 29 31 5 21 32 46 32 
37 19 41 38 6 40 22 34 26 45 40 36 27 37 40 49 50 22 0 8 5 50 40 7 42 8 2 16 31 9 47 
29 50 4 39 38 19 35 25 16 35 9 13 50 40 15 20 35 33 40 0 32 5 49 25 41 32 48 12 49 30 5 
25 42 25 30 17 40 32 38 49 21 15 26 6 23 47 37 40 17 27 38 0 17 33 42 28 42 30 25 14 7 40 
7 36 45 12 10 18 38 21 24 26 39 48 34 19 17 30 43 2 45 45 9 0 45 23 42 38 43 1 48 39 37 
16 19 32 9 14 29 31 45 13 29 50 20 44 2 50 20 50 23 11 12 37 24 0 19 12 32 12 14 4 24 18 
18 40 33 38 10 20 17 25 6 39 50 49 39 17 46 40 2 22 42 19 43 28 37 0 27 50 42 50 20 28 2 
16 27 21 46 11 10 37 6 42 31 4 25 17 23 13 39 35 3 17 42 11 42 13 5 0 25 40 4 6 39 19 
20 47 48 4 23 23 28 44 6 36 3 47 31 11 16 19 12 15 15 12 8 47 3 36 42 0 25 15 17 21 21 
7 32 18 24 11 7 28 13 50 40 11 41 48 31 39 15 12 2 40 7 29 39 42 28 11 24 0 45 12 13 49 
9 12 24 35 30 22 29 7 1 9 42 49 15 25 1 18 50 23 47 28 13 13 27 14 43 18 40 0 41 13 38 
13 16 1 2 31 50 17 14 1 18 36 5 2 32 16 31 25 18 27 43 25 22 15 36 36 46 36 10 0 43 12 
33 38 45 13 47 26 48 14 44 1 1 36 22 30 42 8 12 46 49 12 44 23 14 21 14 41 1 15 16 0 36 
15 7 22 40 36 48 11 39 35 40 33 11 24 27 43 39 1 36 45 29 35 40 12 31 19 10 25 25 50 6 0 
26 0 34 48 9 37 44 15 33 45 44 48 24 11 10 29 33 49 38 28 25 41 16 21 38 1 25 46 41 22 26 
24 37 0 40 30 14 50 14 15 41 49 24 19 41 1 31 12 30 2 2 36 11 38 47 25 16 10 13 11 9 12 
48 24 12 0 20 20 11 34 31 46 30 20 35 48 30 1 23 25 20 7 40 45 44 39 36 15 37 41 15 15 5 
38 3 7 29 0 1 1 8 22 32 20 28 50 7 23 16 27 41 17 24 43 35 44 4 19 18 5 35 26 6 34 
21 20 17 42 42 0 18 28 20 29 1 15 4 39 37 13 46 38 17 21 38 47 24 42 22 20 45 49 38 11 47 
16 32 16 48 50 9 0 34 16 31 49 50 22 39 23 29 31 5 17 7 22 17 19 5 18 38 48 29 45 22 48 
19 40 9 33 36 34 39 0 41 38 4 13 23 36 23 39 26 36 19 44 39 40 32 32 39 30 47 27 48 11 2 
30 39 44 33 30 10 13 6 0 37 45 43 15 30 3 10 45 34 33 30 12 13 10 1 34 9 37 9 20 3 40 
7 41 30 36 25 24 29 3 43 0 30 13 30 32 49 46 26 3 29 30 36 14 45 19 49 40 21 38 10 25 44 
2 44 4 48 39 3 35 44 29 37 0 16 31 41 1 50 33 28 3 38 33 34 30 41 18 26 12 22 32 46 4 
36 19 28 50 29 19 26 35 10 44 42 0 10 1 43 20 33 5 19 50 8 43 36 22 42 10 22 4 37 22 28 
32 4 48 25 1 47 3 41 22 31 8 44 0 43 45 42 25 30 48 48 43 8 3 32 39 11 1 48 37 41 7 
16 40 13 33 13 38 13 26 42 23 31 14 47 0 19 50 50 43 28 1 35 43 6 39 30 20 29 22 9 14 1 
50 17 1 16 15 18 32 10 33 4 13 5 6 26 0 13 44 6 13 40 12 8 21 36 6 15 11 1 33 14 34 
17 4 12 42 23 14 14 32 5 33 18 33 45 47 23 0 39 50 14 17 26 23 9 20 3 44 30 31 45 1 5 
18 49 47 49 38 9 43 15 3 49 31 25 9 7 45 25 0 26 40 34 27 11 37 16 38 12 8 35 10 49 43 
34 20 31 50 15 19 37 46 10 14 46 36 12 19 46 49 50 0 13 8 19 4 42 12 25 44 31 33 9 38 30 
25 34 17 10 16 11 44 10 43 26 39 31 31 20 31 25 26 48 0 43 14 9 22 2 30 39 43 9 7 6 35 
37 28 9 30 39 12 20 2 4 35 5 41 21 33 31 24 11 42 44 0 19 5 36 17 25 21 4 33 38 21 23 
3 38 4 8 40 11 23 1 31 20 6 25 44 9 9 19 2 19 49 16 0 32 17 13 38 31 1 12 34 10 36 
30 33 31 31 32 17 37 13 44 20 2 11 11 25 14 30 42 8 16 3 2 0 14 39 6 41 36 25 17 28 39 
50 39 42 46 40 24 44 13 27 43 32 39 26 29 14 22 7 39 24 1 9 4 0 19 7 34 16 44 26 40 46 
43 21 35 5 21 14 19 15 35 40 37 30 31 24 22 14 39 11 42 20 30 37 43 0 28 30 46 20 36 12 24 
31 19 23 32 50 11 5 21 8 1 3 42 4 35 15 30 24 46 36 21 28 34 34 21 0 17 6 29 7 25 26 
44 34 4 12 9 18 7 50 24 11 9 18 3 41 17 38 34 8 14 1 23 25 50 42 47 0 48 35 3 16 45 
33 48 47 33 8 20 39 43 26 47 24 24 23 25 12 11 32 43 5 29 22 21 44 25 3 20 0 34 12 15 12 
34 5 35 29 29 12 22 20 34 47 50 42 32 18 27 49 2 26 30 37 16 42 48 37 23 13 5 0 22 31 38 
36 27 28 14 13 20 40 44 47 1 39 13 10 8 30 31 39 26 48 5 18 9 33 29 47 42 7 48 0 6 17 
7 50 40 46 12 23 14 19 5 8 9 8 30 29 48 4 33 41 8 43 24 29 25 26 21 28 45 50 18 0 22 
13 43 39 31 45 40 23 14 47 7 17 21 22 41 46 11 29 4 31 43 10 17 40 14 43 29 25 14 26 34 0 
29 0 15 1 34 45 17 20 50 35 8 31 19 44 2 26 4 7 35 31 11 49 41 19 26 12 47 3 26 38 16 
15 10 0 39 13 28 3 20 39 46 29 41 30 20 23 12 42 23 39 38 40 22 41 33 16 35 39 47 26 22 48 
15 45 12 0 19 44 21 30 32 24 24 34 19 39 3 20 20 21 46 14 21 25 14 38 49 44 25 28 24 29 40 
6 45 17 48 0 14 47 19 1 30 41 12 41 15 15 7 4 2 31 46 16 18 2 12 2 24 1 7 14 26 20 
44 7 3 35 18 0 39 2 42 39 23 1 21 16 24 9 34 50 24 42 40 23 48 28 13 22 5 34 16 25 14 
41 5 26 11 48 5 0 38 30 47 19 3 11 42 24 15 48 36 39 43 40 2 34 22 36 48 46 30 41 14 14 
5 36 17 25 33 46 46 0 6 26 4 46 20 27 24 38 12 6 4 48 25 20 46 23 36 13 7 34 40 14 2 
26 48 17 34 14 17 45 18 0 41 20 2 31 13 39 44 32 7 49 49 36 41 26 43 39 45 10 13 32 13 26 
13 6 43 25 29 49 3 44 10 0 21 18 39 13 29 23 39 34 35 42 31 1 35 42 28 11 1 5 29 40 5 
5 13 5 16 7 47 38 38 11 46 0 30 14 39 28 18 3 13 14 17 6 26 29 41 33 26 29 15 15 14 29 
44 25 4 6 17 5 35 48 23 27 1 0 47 24 46 1 37 46 14 10 9 38 41 12 35 29 26 23 22 40 29 
32 24 24 33 3 5 10 34 12 14 19 15 0 42 40 5 30 5 45 32 40 33 2 5 6 41 3 13 20 28 42 
32 13 9 45 45 28 23 42 43 47 27 13 3 0 47 41 23 50 22 30 49 21 28 41 1 46 31 20 19 43 1 
42 41 7 21 32 6 7 48 46 28 8 14 3 36 0 13 20 49 8 15 18 3 42 40 29 21 5 23 8 49 15 
8 5 50 43 5 37 7 33 16 35 17 2 27 3 42 0 7 26 5 39 26 32 12 4 25 48 1 1 28 50 28 
34 49 50 31 20 3 15 10 32 26 14 17 43 30 2 2 0 15 37 37 14 29 18 20 23 34 47 2 25 45 4 
37 29 33 38 2 18 2 47 34 40 43 16 24 13 13 15 19 0 24 24 47 37 14 42 37 49 16 29 28 48 23 
1 40 16 28 40 35 35 5 29 34 50 19 4 47 22 13 45 7 0 10 19 28 29 2 48 18 23 38 47 40 36 
40 25 49 11 39 3 1 46 24 29 31 15 45 41 47 19 11 45 15 0 37 22 22 18 30 46 23 39 18 11 17 
48 39 16 44 45 25 20 43 9 20 13 50 34 32 38 13 34 12 2 49 0 12 43 32 3 15 18 8 20 16 16 
14 33 35 7 31 42 49 2 46 22 50 19 37 46 25 23 39 37 42 33 40 0 28 17 13 6 6 8 13 30 28 
18 50 28 43 6 30 15 27 2 46 14 33 16 30 50 44 6 36 29 42 29 21 0 29 33 27 37 16 23 2 26 
35 36 23 19 5 50 41 45 41 45 8 12 35 46 19 8 13 38 13 13 50 23 35 0 38 49 47 22 46 16 20 
15 43 26 27 12 28 10 47 26 1 3 12 45 35 35 17 37 34 14 20 25 29 10 40 0 26 13 2 36 20 8 
29 46 29 22 31 16 37 9 34 41 48 16 13 13 10 38 28 1 3 33 11 38 32 47 46 0 36 33 37 1 50 
27 25 27 18 22 7 34 24 5 20 31 28 50 23 22 9 17 48 30 39 35 2 33 38 47 41 0 15 32 26 45 
33 50 9 35 15 24 39 45 41 4 5 5 47 34 2 34 39 9 25 37 20 35 8 13 15 26 42 0 39 22 32 
43 2 48 10 37 31 20 15 9 49 21 22 8 27 35 31 6 50 37 14 2 6 8 40 25 49 43 46 0 20 40 
32 50 24 10 11 3 7 37 47 22 14 25 1 27 17 49 28 31 29 35 20 43 3 9 30 37 45 9 35 0 39 
38 24 45 20 17 21 49 48 16 32 25 19 3 16 50 28 6 31 23 27 21 13 18 36 20 40 47 15 31 25 0 
8 0 48 2 9 34 41 30 32 10 46 50 31 16 47 11 2 40 38 9 2 32 15 36 9 18 26 7 9 1 28 
24 34 0 18 42 25 27 18 45 32 10 48 25 21 28 28 41 47 21 26 19 50 10 7 29 43 44 13 44 41 9 
34 21 31 0 33 22 17 13 25 23 35 34 46 7 50 4 8 44 8 32 28 30 37 34 33 28 15 28 39 49 31 
14 25 4 24 0 26 28 44 39 7 11 28 22 48 42 35 5 4 7 26 35 1 5 13 14 29 47 38 49 6 8 
39 25 26 42 21 0 10 42 33 24 27 15 6 2 21 50 8 39 43 48 23 11 22 14 15 31 10 12 41 45 29 
41 45 33 49 23 4 0 46 7 22 25 13 21 33 49 20 45 3 43 14 22 9 45 1 33 47 18 11 12 11 11 
48 2 39 45 37 21 23 0 4 48 47 13 33 22 24 10 41 39 15 45 36 8 20 27 24 21 46 44 50 3 5 
43 34 46 11 27 12 33 38 0 13 50 23 50 45 18 9 27 24 28 23 7 29 46 18 26 4 29 25 15 25 41 
27 23 1 44 4 29 37 11 47 0 49 8 2 3 46 14 8 26 10 15 45 23 17 28 47 26 47 17 21 8 49 
38 18 14 22 24 50 49 1 14 30 0 40 13 31 25 49 28 44 22 12 46 3 15 1 30 19 11 46 4 18 8 
12 17 4 48 11 41 38 32 22 14 9 0 25 47 35 6 10 36 3 49 48 4 45 9 12 47 24 18 34 3 13 
4 46 34 7 19 23 9 34 15 8 41 13 0 1 48 37 28 18 16 25 10 26 44 6 20 5 18 8 43 2 38 
24 5 29 10 11 14 42 41 17 33 2 3 38 0 41 8 42 45 12 25 19 6 2 9 44 38 11 40 14 3 2 
16 17 32 28 35 36 35 41 38 23 36 28 49 43 0 8 23 6 16 12 14 23 47 18 33 32 22 46 35 22 50 
25 29 39 16 18 35 21 11 6 23 7 4 24 2 34 0 28 4 17 36 15 5 25 2 40 29 19 49 49 46 14 
41 50 20 38 49 8 40 33 26 24 2 46 10 40 7 19 0 23 16 50 5 18 30 49 7 45 50 27 50 38 49 
36 23 15 43 33 8 35 37 4 26 39 21 42 13 13 10 16 0 13 34 11 47 34 49 42 46 11 2 13 44 49 
32 41 46 27 38 30 31 17 8 49 35 37 13 25 16 48 39 36 0 44 35 35 14 17 27 2 3 24 24 48 22 
7 22 43 5 45 49 25 15 26 34 30 49 5 35 26 11 22 25 26 0 49 23 16 20 9 15 18 24 19 25 35 
7 7 20 36 43 13 44 9 31 18 23 24 11 11 6 36 10 32 1 42 0 32 50 48 49 50 42 3 35 40 27 
25 6 40 41 28 23 30 20 43 14 18 13 45 9 26 49 6 10 4 30 9 0 43 18 34 4 7 10 21 37 2 
11 10 19 4 43 17 34 20 33 33 7 41 40 38 25 19 5 39 24 1 37 43 0 32 11 19 33 38 7 38 21 
14 9 33 41 3 8 45 41 17 9 15 36 27 21 24 19 3 31 10 35 3 21 48 0 36 16 18 28 9 35 11 
29 28 32 13 20 48 8 49 36 17 25 14 23 15 37 1 17 11 38 1 30 8 48 4 0 19 43 12 47 26 35 
31 37 7 7 31 37 5 15 1 26 11 4 46 43 10 39 49 34 50 15 2 17 21 35 31 0 21 31 29 45 27 
36 11 23 1 37 39 8 17 34 50 47 3 10 12 41 27 13 5 44 31 44 29 48 12 34 14 0 16 22 26 10 
7 27 20 24 40 50 32 45 7 22 31 33 50 1 19 49 7 10 45 5 9 27 35 14 34 8 14 0 12 17 23 
23 37 41 25 44 21 33 36 22 41 45 18 48 22 50 12 29 48 43 35 7 7 28 22 2 31 42 6 0 41 32 
37 20 29 34 49 44 42 25 7 49 17 22 38 4 10 41 29 13 14 22 30 17 20 32 17 17 9 19 24 0 14 
29 27 46 40 5 26 40 15 24 6 20 4 41 45 19 36 20 24 13 11 2 30 43 20 3 21 1 47 18 33 0 
36 0 24 2 44 20 40 27 48 50 34 2 15 40 8 2 26 26 25 14 32 48 36 7 13 12 50 35 26 38 35 
26 43 0 47 41 21 47 3 47 25 29 10 22 24 29 10 38 40 35 18 28 45 26 34 36 35 50 18 40 33 21 
6 1 11 0 16 9 9 18 49 38 5 24 30 1 35 22 26 12 28 3 25 10 1 8 10 40 50 9 12 6 21 
30 13 15 4 0 24 9 12 9 21 1 21 42 47 14 5 16 25 49 14 10 39 40 37 9 11 5 43 1 26 9 
50 7 43 17 26 0 11 15 47 12 14 15 4 7 2 5 19 4 45 5 25 25 10 48 47 33 40 27 6 43 19 
16 11 33 12 1 14 0 49 31 38 45 1 28 38 1 45 36 34 35 5 43 2 49 46 2 34 41 9 46 35 36 
35 9 5 43 48 5 21 0 46 2 41 21 24 7 11 24 48 23 47 3 47 7 42 2 1 18 18 15 31 28 11 
5 3 47 3 11 42 24 46 0 4 41 15 38 34 14 22 28 43 36 28 37 18 13 44 38 30 43 8 4 25 31 
41 40 19 41 36 18 28 5 1 0 33 24 28 44 13 32 20 8 38 29 40 25 30 4 41 43 43 10 9 24 18 
35 21 21 23 1 25 20 44 29 5 0 1 39 35 46 14 41 19 32 6 10 35 20 25 35 6 12 37 28 48 43 
9 19 31 33 48 3 7 21 13 7 50 0 15 10 25 40 37 45 8 28 2 24 28 4 14 33 16 46 36 18 40 
39 42 46 36 46 33 8 2 49 11 35 49 0 20 49 11 21 11 50 46 19 17 29 50 46 20 31 16 18 1 32 
8 22 3 24 19 8 19 24 30 7 29 43 10 0 18 18 26 9 5 4 13 6 47 40 49 23 10 42 1 17 15 
18 41 2 17 4 13 46 47 30 3 2 37 21 39 0 41 24 20 33 28 45 23 11 15 38 27 12 32 5 1 10 
17 19 7 15 40 39 42 44 15 6 30 13 25 1 12 0 19 26 1 9 49 41 10 23 23 43 7 26 15 40 43 
31 42 46 21 37 34 31 7 50 2 33 27 19 23 15 10 0 36 14 27 9 36 31 46 2 20 7 47 34 22 33 
14 28 4 22 25 39 18 4 15 29 38 19 2 8 17 14 41 0 50 9 33 21 13 39 31 7 50 46 44 2 30 
38 47 35 17 39 6 23 47 49 27 43 33 49 48 21 17 30 39 0 36 6 17 47 26 40 12 1 39 23 16 25 
43 24 3 36 42 42 35 36 20 11 42 44 2 32 41 39 15 41 11 0 40 21 7 8 47 13 41 21 46 5 38 
17 50 32 24 34 20 30 13 7 30 33 44 20 25 14 23 45 45 49 23 0 37 49 13 26 4 37 16 6 24 1 
21 40 31 32 45 43 13 28 49 21 10 2 34 32 8 28 38 33 33 40 47 0 27 47 32 1 19 37 6 21 48 
4 25 40 7 9 44 14 38 31 22 11 18 46 29 14 36 15 32 19 27 49 33 0 23 34 5 45 43 49 31 27 
6 7 8 1 18 35 13 28 23 14 14 50 3 12 30 29 31 19 19 16 4 6 37 0 44 49 22 2 7 2 15 
1 15 8 5 16 4 11 46 11 29 24 38 9 6 13 50 31 12 5 26 14 25 31 15 0 23 50 20 14 3 47 
34 7 26 9 13 50 42 48 46 26 19 36 8 40 43 17 47 32 32 50 41 41 2 27 2 0 27 34 43 32 16 
35 48 43 15 46 18 12 1 43 14 8 33 16 29 8 28 18 42 22 7 4 39 32 3 6 44 0 5 50 7 37 
16 50 17 31 42 22 43 43 44 26 6 47 39 19 42 9 25 24 19 24 10 43 21 26 13 46 16 0 41 10 3 
13 12 44 6 48 9 17 36 38 37 35 25 48 47 2 7 50 14 11 48 19 31 32 34 28 23 29 42 0 18 46 
6 3 34 42 13 44 3 34 21 34 43 40 36 33 40 35 46 25 24 6 46 2 30 12 34 32 31 11 29 0 25 
31 26 18 42 31 32 41 6 34 8 5 17 44 28 6 29 46 49 44 43 28 4 18 12 50 5 23 22 9 31 0 
14 0 42 6 46 4 18 23 44 2 8 45 40 42 16 2 30 9 3 7 6 37 32 17 36 47 27 8 6 42 27 
9 19 0 48 3 45 13 12 48 25 39 7 2 48 37 49 38 13 2 11 21 46 21 16 4 45 32 26 20 50 27 
10 17 2 0 26 49 27 43 39 22 39 19 11 29 19 49 35 35 31 38 10 15 6 46 22 31 39 4 45 9 13 
38 42 49 48 0 29 41 1 22 38 22 45 25 31 22 3 36 43 47 5 10 48 45 33 40 13 4 21 31 45 11 
24 49 30 9 2 0 27 13 31 41 9 35 13 43 16 15 41 26 24 20 46 46 7 41 49 15 43 10 9 35 25 
20 21 28 28 49 47 0 45 22 21 26 23 12 7 46 26 36 2 17 26 23 29 48 11 50 15 17 9 31 44 9 
18 4 47 16 40 15 36 0 15 17 18 47 5 3 45 23 34 1 45 24 30 42 43 33 13 47 22 10 28 14 33 
38 14 28 12 8 19 16 41 0 6 11 1 37 50 8 27 24 45 17 27 31 16 15 8 15 18 25 22 34 19 18 
5 8 2 35 30 33 27 41 37 0 4 19 10 39 13 30 5 43 25 36 23 27 44 1 33 17 24 7 14 45 34 
48 32 22 38 7 43 35 16 29 44 0 48 4 31 24 13 7 26 45 36 14 32 47 49 47 42 12 7 20 19 7 
27 14 47 3 7 37 39 1 7 37 20 0 28 47 43 26 24 14 28 20 11 49 12 29 32 2 2 34 26 47 46 
37 16 47 22 17 35 8 28 17 27 18 25 0 38 49 44 5 50 6 21 18 48 30 1 8 8 15 35 16 2 6 
3 14 4 12 1 5 31 25 26 42 16 37 11 0 43 43 24 25 30 38 48 2 28 5 30 48 7 15 39 15 3 
50 43 26 12 25 5 21 26 49 40 24 25 31 30 0 2 12 19 8 16 34 41 6 28 5 4 25 9 25 15 44 
40 42 11 24 43 24 11 50 19 39 4 49 32 49 24 0 27 48 26 28 36 38 7 24 31 12 44 15 21 9 1 
47 46 12 5 50 32 15 8 37 29 2 20 40 28 31 42 0 25 30 32 27 27 33 48 30 6 34 19 30 12 49 
9 40 41 19 43 8 37 27 49 42 13 41 39 50 34 19 17 0 47 1 20 20 36 40 32 24 14 49 33 50 17 
14 35 46 39 20 12 29 22 35 24 6 48 32 40 15 37 44 49 0 46 38 17 22 30 43 29 24 1 10 46 29 
10 5 27 33 29 28 45 1 30 23 40 46 12 28 15 22 5 1 18 0 37 20 50 37 13 50 42 6 4 10 47 
12 20 27 7 14 1 21 49 11 37 43 44 20 24 48 22 11 2 28 7 0 19 50 43 10 10 10 18 15 33 38 
22 41 42 34 11 21 19 6 14 15 1 6 41 32 44 27 31 14 15 29 32 0 5 27 3 28 12 28 18 48 5 
33 7 17 24 15 2 2 36 13 28 3 5 39 14 6 14 10 12 16 33 29 5 0 1 5 6 18 15 39 7 49 
43 2 9 9 32 45 40 17 17 42 25 46 2 37 26 27 17 13 47 14 3 17 2 0 15 27 29 6 12 18 47 
38 13 30 14 35 2 47 30 32 12 25 43 45 24 8 34 4 15 30 29 2 2 43 43 0 47 27 50 44 33 4 
40 28 50 20 5 12 16 38 2 24 31 37 32 36 40 10 22 28 7 43 25 42 33 40 46 0 36 21 37 18 9 
3 3 47 28 22 48 44 26 20 47 18 16 13 6 48 15 20 7 4 37 6 22 38 41 30 48 0 45 10 25 19 
42 30 20 44 22 29 41 5 14 42 17 47 9 11 25 9 29 28 42 31 16 15 34 32 4 31 16 0 7 49 24 
3 34 2 2 6 39 46 20 35 20 25 16 44 12 20 9 14 27 16 21 20 18 19 44 3 27 47 39 0 41 41 
14 34 6 40 39 33 46 8 6 37 14 10 43 22 7 50 21 22 12 45 18 39 42 29 5 36 16 8 49 0 29 
43 8 29 45 7 41 10 4 23 38 13 6 22 29 8 10 25 47 37 3 7 25 28 46 23 25 43 28 35 4 0 
18 0 38 10 28 45 6 31 49 16 16 41 18 49 25 32 12 18 13 22 46 11 19 22 46 22 18 31 34 22 33 
49 33 0 19 20 21 26 47 44 34 2 29 27 32 21 13 40 27 3 14 11 7 30 7 40 43 49 17 15 6 28 
26 48 27 0 33 18 8 49 30 5 7 16 25 30 20 17 35 38 1 33 33 41 28 21 12 26 19 26 30 27 22 
9 33 38 7 0 26 32 1 49 4 6 41 47 49 7 46 33 1 37 23 9 12 16 32 24 37 49 27 16 8 49 
32 19 3 33 49 0 33 37 23 45 35 34 39 47 27 42 44 29 14 16 43 19 40 7 19 11 43 1 15 20 28 
5 35 42 6 24 23 0 45 16 9 13 47 28 43 38 25 24 19 5 32 43 20 14 50 15 30 43 13 34 23 6 
32 22 4 17 31 49 47 0 42 4 20 50 13 6 3 47 42 47 19 45 37 25 47 34 28 9 42 36 27 26 31 
11 12 44 4 32 25 25 27 0 8 26 27 27 2 12 44 7 8 47 19 39 47 44 40 36 31 36 39 27 9 39 
14 21 17 24 10 39 20 2 22 0 22 17 21 12 19 11 48 45 23 34 2 34 40 9 37 35 17 22 8 23 47 
37 48 18 19 13 7 11 28 2 6 0 38 6 25 47 22 26 33 21 26 34 41 17 43 8 5 24 12 31 39 43 
17 13 30 26 36 19 3 43 7 4 37 0 18 21 29 14 28 15 13 15 9 35 2 32 39 6 21 6 11 15 39 
45 31 40 9 39 26 27 50 11 3 23 40 0 14 22 47 24 46 15 44 28 10 50 16 31 9 16 31 41 20 16 
14 43 29 19 10 7 28 12 40 39 2 15 2 0 12 37 46 38 11 42 33 25 42 18 37 29 45 16 10 1 24 
45 36 30 46 40 30 12 46 13 41 46 35 25 5 0 26 45 49 4 44 13 29 21 50 38 42 23 26 42 40 15 
42 19 11 17 45 16 36 7 23 7 34 43 49 2 37 0 40 17 13 12 35 47 12 16 38 46 25 37 42 4 18 
5 21 6 48 50 27 25 8 11 11 10 43 32 38 30 36 0 22 48 2 3 6 13 30 6 19 31 4 23 22 20 
30 44 3 6 2 14 38 1 3 10 15 10 3 2 26 5 30 0 28 9 10 3 39 41 2 12 42 41 50 29 19 
23 3 37 42 32 16 40 27 36 17 49 22 46 42 38 46 11 29 0 31 15 1 27 14 12 17 41 4 2 44 11 
23 38 23 34 37 13 24 12 21 10 15 4 42 42 11 32 44 49 14 0 16 32 12 19 15 19 47 39 25 25 41 
13 38 34 26 44 11 49 13 5 25 23 50 9 21 50 47 35 23 2 35 0 48 5 38 28 30 12 19 8 15 40 
25 49 37 30 48 28 21 17 49 1 33 31 45 40 44 32 3 49 15 23 13 0 17 24 40 44 8 50 6 47 33 
43 42 49 15 1 24 13 30 23 23 26 19 24 1 3 17 11 49 34 48 9 21 0 44 42 28 9 26 48 37 41 
28 15 20 16 9 42 33 30 40 20 20 24 26 42 47 45 43 23 38 27 48 1 22 0 50 25 22 48 7 38 42 
49 16 44 33 46 12 49 9 43 11 35 31 10 15 28 36 46 2 45 33 17 4 10 10 0 43 27 43 20 41 37 
45 27 43 48 22 5 31 43 47 36 46 34 30 27 43 18 42 8 22 40 27 46 12 5 26 0 45 6 34 41 19 
19 30 18 7 17 9 39 13 44 24 5 3 6 10 38 33 25 34 17 26 36 36 49 2 11 49 0 15 38 23 27 
50 47 3 28 18 17 16 23 11 35 29 29 14 49 35 25 41 3 17 43 21 22 17 15 34 34 31 0 17 47 18 
44 1 40 18 25 9 50 28 43 22 18 2 23 33 47 7 22 50 18 37 9 13 21 31 6 28 30 39 0 45 35 
36 50 27 43 41 29 40 47 25 26 25 14 10 46 26 20 49 35 19 27 12 31 50 10 10 32 30 10 12 0 47 
30 12 33 9 36 18 25 31 43 18 18 26 26 42 12 46 3 26 6 37 29 46 21 18 24 5 1 17 33 10 0 
50 0 30 35 28 47 13 31 2 11 8 45 19 42 1 10 36 6 8 49 15 29 5 5 26 19 34 42 15 36 31 
18 8 0 48 33 19 38 42 49 45 49 15 1 15 48 42 10 4 20 9 38 50 43 19 19 32 46 25 10 10 14 
22 16 17 0 30 41 38 21 10 32 22 45 8 14 50 50 28 40 7 35 9 31 22 7 48 32 25 39 30 2 24 
13 33 40 32 0 28 50 35 36 8 5 40 45 39 37 44 42 30 20 19 4 6 19 25 1 34 1 9 20 48 16 
49 42 8 9 9 0 13 19 33 23 1 44 5 50 31 20 36 34 20 5 40 46 20 11 48 18 45 8 39 48 27 
41 15 38 42 6 48 0 37 30 28 31 24 47 47 19 11 1 19 45 32 48 17 40 15 9 21 29 31 10 41 15 
5 30 35 46 10 29 18 0 9 25 22 49 4 42 24 17 49 23 43 38 17 27 13 7 1 11 2 50 29 21 27 
18 27 40 14 27 44 12 2 0 10 32 34 11 21 11 49 14 48 42 43 22 7 39 22 24 39 43 24 35 36 8 
29 39 38 48 5 23 15 28 48 0 23 38 22 33 7 34 16 42 47 2 47 5 9 37 49 21 29 6 16 26 34 
21 27 17 2 3 45 23 24 7 27 0 49 20 45 20 35 35 6 16 41 23 1 27 34 39 4 21 2 39 27 26 
17 49 3 14 3 11 5 31 5 39 43 0 19 41 25 49 35 15 18 15 36 23 40 26 4 33 45 44 29 49 32 
43 35 47 31 10 50 18 31 18 25 31 26 0 12 2 30 33 36 9 41 19 7 35 25 41 3 28 24 49 32 8 
17 27 33 23 47 9 23 10 16 49 18 35 50 0 40 6 48 29 24 25 1 9 36 39 31 26 8 10 6 29 33 
27 20 49 10 9 5 43 40 6 21 11 26 44 42 0 1 23 35 35 36 5 49 50 25 32 50 31 39 2 47 39 
49 17 32 33 22 49 36 41 32 2 6 40 19 4 41 0 34 43 47 30 4 24 26 21 25 34 27 45 18 11 28 
17 41 43 18 22 44 45 11 21 3 37 45 3 35 50 10 0 32 21 41 16 39 42 23 44 15 24 47 7 50 46 
4 18 30 5 36 15 47 2 32 47 39 32 27 28 17 29 23 0 37 26 25 46 24 27 45 39 25 19 50 3 49 
48 38 12 25 49 20 15 48 49 35 13 30 40 44 28 7 16 46 0 27 36 1 10 32 26 1 30 41 36 17 11 
46 48 50 34 50 1 21 2 29 47 15 25 38 41 12 16 35 33 18 0 32 9 24 23 17 48 38 7 37 25 19 
29 30 32 39 40 16 31 6 45 27 36 15 17 30 22 26 23 41 14 35 0 46 8 19 35 2 23 26 33 36 12 
45 35 28 10 19 36 44 50 2 47 35 29 39 41 46 45 7 43 45 22 16 0 16 23 40 24 22 12 48 37 17 
40 48 20 33 33 2 37 8 12 37 33 24 40 18 1 17 20 28 39 7 17 33 0 39 15 47 29 13 38 37 48 
24 47 13 36 7 37 10 6 8 45 8 50 31 9 40 43 27 6 40 8 2 34 9 0 30 1 8 10 6 37 5 
39 50 21 15 13 37 11 4 11 14 8 14 21 44 50 17 2 30 25 4 2 7 48 29 0 46 41 38 33 35 50 
28 4 19 3 6 9 29 17 46 3 32 23 46 27 1 38 13 16 31 34 6 31 32 33 4 0 33 3 43 20 22 
49 28 20 12 37 5 46 18 38 41 39 36 34 22 23 29 12 21 29 8 28 23 3 1 44 47 0 23 36 49 24 
6 37 47 25 5 4 4 34 41 47 43 45 28 40 46 20 47 10 11 26 21 32 14 12 44 27 26 0 19 18 40 
32 10 19 14 35 2 39 10 18 19 25 28 31 33 16 34 45 13 6 24 1 13 26 24 3 25 23 36 0 31 28 
29 36 17 2 15 33 26 14 5 44 31 37 42 43 2 44 1 32 47 11 32 13 14 45 39 20 35 46 12 0 11 
30 4 30 40 40 40 12 30 18 33 8 32 9 12 43 15 22 34 23 10 24 41 39 20 46 17 23 22 13 46 0 
49 0 31 3 45 15 28 7 2 3 13 32 22 15 14 4 1 5 3 2 24 49 2 24 2 37 39 15 10 44 24 
17 40 0 17 23 34 28 30 14 47 16 8 20 31 11 29 2 27 26 17 46 13 21 21 39 48 48 7 1 8 27 
13 48 8 0 30 46 42 6 42 30 27 22 41 6 36 17 29 21 14 24 35 12 40 44 49 11 47 20 28 26 37 
21 29 7 21 0 4 11 12 1 15 37 47 36 46 41 25 22 15 35 23 19 27 44 28 23 15 23 4 10 19 49 
23 29 16 44 6 0 44 35 36 33 6 17 20 49 37 39 27 45 4 25 40 33 35 5 8 10 27 1 34 6 32 
8 3 32 17 15 18 0 20 2 35 32 38 29 3 18 2 7 45 42 34 39 28 1 36 30 17 38 24 9 34 29 
43 1 31 2 49 15 38 0 32 23 22 8 44 19 43 2 4 32 38 6 3 32 10 50 18 4 7 18 3 1 27 
44 11 18 6 39 37 49 2 0 19 37 19 14 19 13 32 35 32 43 28 13 7 37 3 32 48 34 2 14 48 42 
48 36 32 46 28 47 26 14 5 0 16 5 31 19 20 34 19 41 38 37 20 26 25 25 38 21 8 8 37 9 6 
36 36 5 27 40 34 32 24 36 35 0 9 18 39 13 9 26 18 34 48 29 43 15 28 28 17 23 12 44 26 20 
39 40 6 49 31 20 27 42 30 1 37 0 18 2 2 12 8 37 12 30 45 41 25 39 30 13 22 9 27 11 17 
22 39 48 16 47 20 13 40 33 39 50 26 0 5 47 42 26 13 26 17 9 36 50 14 32 30 15 1 26 36 10 
11 1 32 13 29 49 20 37 5 43 46 48 30 0 41 45 15 21 43 39 38 9 33 10 2 32 23 25 17 37 33 
19 37 4 24 29 50 45 42 18 43 6 27 22 25 0 14 39 20 23 37 16 45 9 38 49 1 28 41 30 32 7 
24 4 50 23 24 10 45 7 13 45 21 29 25 46 33 0 33 12 35 39 43 3 2 30 21 39 11 49 6 23 1 
10 15 10 12 20 2 27 49 2 4 44 14 11 43 45 16 0 34 42 16 19 17 6 42 39 4 23 25 30 35 14 
11 40 34 12 36 7 19 13 27 32 6 14 34 35 50 40 42 0 37 26 23 27 8 40 5 35 4 23 22 9 47 
27 48 15 39 44 5 31 49 7 39 47 22 16 35 13 3 23 7 0 40 15 31 38 4 12 37 4 1 29 28 33 
34 48 5 30 5 9 49 46 42 45 10 43 31 38 27 6 42 5 43 0 32 32 17 32 45 17 40 44 4 2 40 
5 2 22 25 6 49 18 37 31 4 5 27 15 45 6 39 8 17 36 32 0 12 46 36 46 1 17 17 11 14 16 
15 46 45 2 41 8 22 6 32 28 38 6 25 40 28 5 2 37 39 28 32 0 28 18 20 28 9 17 27 24 40 
33 8 23 16 39 9 33 13 5 48 18 3 35 8 44 7 21 47 18 46 15 30 0 22 36 34 37 28 25 24 32 
42 45 32 43 45 31 33 10 1 20 23 40 33 42 11 30 44 10 27 22 39 20 9 0 29 25 3 37 38 32 2 
31 8 40 23 7 23 21 43 14 14 25 12 46 49 24 26 48 30 26 4 44 18 49 3 0 44 22 37 4 19 43 
45 46 28 49 39 15 1 10 35 39 9 1 47 13 47 27 24 10 5 49 5 7 13 29 9 0 13 10 37 29 36 
36 18 25 22 20 30 35 48 10 9 26 38 46 38 45 43 22 36 6 18 48 27 49 20 38 38 0 34 49 41 26 
6 14 32 50 3 42 27 26 44 18 42 27 50 47 24 18 12 25 34 16 42 24 31 12 38 9 19 0 5 35 32 
46 36 7 35 4 12 7 46 35 4 17 46 43 39 27 21 28 2 47 20 27 9 16 26 35 32 34 20 0 13 44 
24 22 42 12 22 6 21 16 44 12 11 16 41 31 50 46 32 43 36 17 32 17 9 15 5 38 21 31 50 0 22 
29 37 34 42 30 45 5 31 17 21 1 12 9 35 10 12 19 36 27 39 50 41 35 46 13 7 13 27 7 35 0 
36 0 40 16 22 33 25 32 50 1 5 41 1 27 15 17 21 9 25 6 44 20 35 5 12 22 38 2 39 29 24 
32 29 0 24 32 36 11 46 37 3 35 30 20 35 22 48 50 15 20 29 43 49 39 22 14 15 1 35 5 1 45 
23 44 21 0 28 24 13 27 45 30 6 25 23 23 21 14 1 50 33 14 23 24 33 10 37 25 44 7 11 17 35 
26 42 37 8 0 13 37 50 8 49 36 23 21 41 24 18 26 17 1 1 15 1 2 41 28 22 41 35 34 3 31 
6 17 28 46 30 0 33 37 15 8 28 1 43 35 29 50 4 42 37 20 50 27 6 11 3 34 25 1 9 36 23 
3 16 5 19 30 7 0 43 45 44 36 40 2 44 23 14 9 18 13 29 19 49 48 15 4 4 1 6 26 12 6 
32 28 30 36 26 36 38 0 16 50 43 11 48 43 34 10 26 13 38 39 26 7 39 30 18 24 5 2 2 16 29 
1 18 33 38 4 12 23 8 0 48 29 21 3 13 36 8 1 5 31 45 29 38 19 38 37 50 43 49 12 12 21 
34 36 1 21 42 44 15 6 31 0 48 3 6 40 10 5 5 27 45 10 24 50 22 8 38 42 33 30 47 39 11 
14 12 46 28 46 36 2 43 44 15 0 37 50 1 47 26 32 29 29 32 46 17 4 2 39 22 13 29 14 29 10 
14 19 17 20 34 42 10 13 14 20 3 0 35 1 46 37 50 22 11 12 10 5 2 15 44 44 11 10 8 7 34 
7 39 14 35 2 19 34 31 14 34 23 16 0 15 13 44 33 4 7 2 22 42 18 2 20 5 12 4 24 26 24 
33 3 7 31 13 14 21 17 44 19 17 41 48 0 29 38 39 37 2 50 12 8 4 6 35 43 39 38 44 30 40 
15 10 6 41 2 20 9 35 50 30 12 37 13 33 0 6 1 21 23 32 16 25 2 24 15 17 29 47 23 38 24 
26 28 37 5 5 7 36 7 27 18 31 3 3 20 50 0 21 42 23 30 42 19 16 12 14 15 13 36 41 25 23 
23 37 48 26 5 35 1 8 29 49 16 15 46 15 36 23 0 50 5 15 46 38 25 43 46 6 11 16 23 40 43 
22 45 33 5 45 44 6 27 16 16 21 34 45 32 27 5 20 0 48 29 43 13 32 27 29 35 49 45 2 21 45 
20 28 19 36 28 21 32 42 20 42 17 24 39 50 26 5 30 11 0 20 2 42 18 45 47 30 40 19 4 20 46 
50 5 6 22 47 43 15 9 5 6 23 28 28 37 26 40 43 28 3 0 31 20 34 33 20 4 2 33 22 6 38 
3 28 23 25 43 13 18 18 3 33 40 21 7 14 29 14 41 9 22 41 0 47 41 1 40 26 17 23 37 18 45 
11 44 4 17 4 45 6 4 44 13 22 26 25 21 41 50 27 19 41 40 11 0 25 50 16 41 13 28 33 49 27 
41 32 50 9 23 47 18 40 10 34 8 38 15 9 19 22 16 31 49 27 40 4 0 46 29 35 37 44 38 26 42 
18 23 5 18 22 41 26 17 49 45 33 38 10 7 33 24 10 42 47 20 47 47 35 0 22 38 38 36 22 25 36 
3 30 14 19 17 35 33 48 37 29 47 50 33 5 45 3 45 39 46 11 28 3 42 7 0 46 21 39 33 30 35 
5 4 43 13 42 3 24 41 41 48 41 12 5 18 24 47 15 30 28 35 44 48 27 14 9 0 1 39 8 24 46 
47 50 18 3 24 44 7 21 13 43 30 4 49 49 21 16 48 24 34 49 7 9 6 46 41 8 0 28 30 5 42 
15 16 18 46 2 41 44 3 44 30 40 44 18 35 6 40 50 28 44 43 3 15 24 26 39 38 45 0 23 12 17 
16 28 16 22 28 14 37 3 48 30 22 46 30 4 9 13 42 21 40 1 9 50 37 12 40 50 43 43 0 7 14 
47 22 41 28 15 13 29 47 8 43 4 47 31 14 21 7 36 21 17 26 46 24 34 11 8 17 42 5 32 0 29 
22 45 47 34 34 1 6 2 40 47 35 46 14 48 48 13 20 23 41 33 15 23 26 32 19 23 39 31 21 48 0 
21 0 24 15 29 22 9 1 48 31 20 2 34 31 21 41 50 10 36 14 45 48 19 14 50 15 50 20 15 15 11 
13 26 0 32 42 26 12 32 35 26 39 13 23 43 21 32 31 42 6 41 19 14 3 17 26 1 2 11 16 15 23 
40 36 33 0 21 8 27 3 39 45 30 19 25 10 25 33 25 27 43 18 34 8 14 24 47 48 11 9 6 42 25 
2 17 21 4 0 49 27 41 23 14 5 29 3 11 12 1 39 43 43 44 26 26 18 48 32 15 27 12 36 24 48 
19 48 48 21 29 0 2 5 7 27 6 35 5 30 13 6 5 4 13 46 9 18 17 13 16 49 34 19 40 39 23 
16 5 50 17 37 31 0 5 41 34 49 35 37 16 38 42 21 39 35 26 10 23 49 41 15 30 3 35 33 22 45 
33 16 18 4 41 31 5 0 13 27 25 50 14 30 47 25 32 1 25 25 29 46 35 14 30 50 17 14 35 37 35 
46 23 19 39 16 19 19 13 0 48 11 16 26 9 2 10 10 20 44 40 49 3 11 9 44 50 49 2 39 5 24 
17 21 26 42 29 28 45 42 31 0 6 13 38 28 14 13 20 27 13 20 40 48 21 45 39 33 36 15 26 40 18 
18 31 9 24 44 46 50 17 23 33 0 16 29 13 35 36 15 33 45 31 30 23 40 20 15 27 47 26 38 10 43 
14 20 3 14 39 33 30 4 21 17 20 0 11 40 37 25 20 8 11 4 19 4 20 45 10 46 28 12 44 48 47 
21 13 7 31 20 47 27 50 47 4 35 30 0 25 15 10 13 1 33 40 7 39 15 34 42 40 44 25 43 18 11 
21 36 6 24 47 8 4 9 18 29 44 9 15 0 1 34 24 46 31 50 34 28 30 4 41 8 7 29 16 41 27 
22 34 32 36 33 49 24 1 19 3 9 42 16 12 0 14 31 50 34 8 16 48 45 43 35 34 42 32 16 16 40 
29 38 19 42 7 10 27 30 19 35 1 46 13 48 25 0 36 15 42 27 28 7 46 8 26 29 28 41 48 2 41 
17 9 36 29 24 21 24 24 6 5 5 21 15 24 16 3 0 33 46 10 49 28 41 39 39 34 34 31 44 13 29 
19 29 28 29 19 43 11 34 24 5 12 41 37 23 24 36 31 0 35 10 27 46 46 39 4 13 27 20 47 45 41 
41 31 12 27 36 26 44 37 6 23 42 49 22 6 37 38 4 17 0 16 48 3 46 34 36 34 24 41 24 17 42 
23 14 40 34 14 32 29 10 37 48 43 45 30 38 35 48 24 34 18 0 25 23 4 32 47 38 45 48 27 44 12 
36 21 21 14 1 29 9 38 42 5 10 45 30 18 6 9 17 47 1 36 0 1 8 6 42 19 19 32 43 46 20 
35 2 16 25 13 23 24 16 37 6 39 36 42 13 15 29 25 15 42 30 28 0 2 27 9 12 28 15 29 46 32 
48 17 42 23 21 9 30 5 5 34 35 1 10 45 48 15 16 43 28 41 45 17 0 2 17 42 34 26 8 13 35 
8 46 21 6 9 22 44 20 43 7 49 20 10 8 45 27 42 32 12 48 13 22 1 0 5 37 31 16 26 32 38 
33 22 43 21 27 40 31 4 37 26 21 47 1 22 42 25 8 45 23 15 42 45 47 15 0 23 37 45 16 19 28 
7 19 38 5 24 27 28 40 32 5 47 38 46 36 28 16 21 30 14 13 24 22 3 17 46 0 39 26 28 48 40 
45 15 36 9 19 2 9 46 48 15 48 18 13 18 18 4 49 11 38 8 16 15 2 7 5 36 0 17 21 10 36 
2 1 42 42 11 32 3 37 18 27 7 26 33 50 15 6 9 36 50 43 40 16 40 41 25 31 14 0 29 5 34 
36 39 37 12 14 47 26 22 8 37 2 12 43 12 2 40 33 3 42 49 27 31 22 17 47 36 11 2 0 17 30 
19 24 33 35 41 19 39 22 37 18 30 37 28 13 42 28 23 29 40 35 48 11 38 6 7 5 17 20 16 0 28 
37 24 5 28 18 28 30 9 21 33 2 12 17 24 19 41 4 10 26 19 14 33 13 33 33 9 37 27 29 37 0 
3 0 20 6 9 32 6 33 1 45 14 49 14 8 7 34 37 44 14 38 17 2 8 45 48 15 5 12 23 46 10 
42 3 0 31 35 31 33 6 9 43 13 8 3 15 13 20 50 25 7 50 46 15 23 40 12 35 45 26 9 45 28 
45 10 5 0 35 23 47 34 24 26 2 32 36 22 25 9 49 43 33 29 16 30 5 24 1 46 19 13 19 50 36 
7 48 15 16 0 18 48 49 30 40 23 17 2 31 48 15 30 2 15 4 37 3 44 31 30 48 40 37 5 40 4 
34 15 24 40 45 0 34 22 6 7 11 1 14 43 6 49 29 24 26 36 17 17 49 15 13 34 14 18 36 18 28 
12 44 41 37 40 2 0 28 41 4 31 8 46 9 44 37 40 1 25 31 20 17 12 19 23 37 36 50 12 7 31 
17 37 39 29 49 7 24 0 7 16 47 2 33 23 6 9 22 41 22 27 45 14 43 5 49 12 1 25 18 50 4 
3 17 35 23 15 22 8 30 0 45 30 17 45 10 34 19 34 39 14 15 16 46 29 35 13 18 24 32 41 17 49 
33 6 7 12 45 35 49 50 41 0 38 14 11 27 48 29 19 34 22 30 29 12 11 3 34 9 25 32 23 6 41 
41 18 13 46 48 11 38 48 39 34 0 36 40 24 28 3 35 2 38 35 50 41 10 11 39 38 22 4 24 4 20 
4 27 44 50 47 47 49 31 1 19 31 0 36 34 47 44 22 38 26 32 25 24 45 39 7 1 32 7 25 9 26 
7 15 45 19 31 9 46 24 31 7 37 21 0 38 16 19 5 27 15 46 17 34 28 42 29 47 9 38 38 50 16 
40 25 23 25 12 16 42 15 16 35 26 14 45 0 26 39 3 8 23 38 46 6 43 30 43 43 30 23 16 22 22 
22 9 25 16 17 12 49 13 5 3 13 12 49 11 0 41 20 34 17 41 45 2 16 50 4 11 48 46 31 32 33 
43 27 43 45 14 18 40 30 9 27 5 45 18 35 34 0 44 44 19 2 23 46 7 26 28 21 6 10 22 6 20 
17 18 31 23 11 37 19 5 48 24 31 4 9 14 40 8 0 49 15 20 17 5 27 29 10 37 37 2 16 25 9 
8 18 24 40 11 37 14 45 25 47 25 39 22 29 42 42 49 0 12 38 13 8 45 2 39 16 40 40 22 37 25 
36 4 31 40 16 14 31 19 4 4 45 4 41 24 42 16 6 1 0 18 45 39 40 28 12 1 14 16 35 25 21 
47 42 9 1 11 22 8 33 13 29 12 30 9 35 19 5 5 29 48 0 50 34 40 4 43 37 46 27 20 39 3 
48 46 45 33 7 3 45 40 13 21 9 24 38 40 33 9 32 43 43 47 0 9 38 38 25 38 8 39 17 15 15 
45 39 44 11 31 17 35 26 28 17 10 15 16 27 42 11 2 14 10 28 15 0 34 27 42 44 10 8 20 46 49 
14 29 26 48 26 21 30 28 9 17 25 6 16 27 37 44 23 12 34 27 7 25 0 7 38 1 12 12 3 17 22 
9 15 31 30 3 32 40 18 1 21 32 25 6 44 3 9 19 1 5 1 38 47 37 0 19 43 40 22 39 48 15 
9 28 12 38 8 10 26 36 24 6 4 5 11 13 46 32 19 14 35 43 44 11 48 17 0 34 13 29 12 37 13 
11 2 21 37 13 4 13 19 37 43 33 33 27 50 47 33 36 24 24 11 21 9 4 6 22 0 48 31 46 4 45 
32 15 50 11 46 3 35 25 1 42 20 1 27 42 10 11 35 48 21 1 28 6 38 26 43 2 0 48 16 15 15 
24 18 15 42 12 19 33 16 5 44 49 11 23 33 42 20 32 13 46 11 14 33 26 3 18 27 27 0 25 19 44 
5 19 10 37 19 2 37 36 30 42 28 19 44 27 3 17 33 6 34 23 21 36 20 5 1 41 43 12 0 25 36 
42 9 48 11 40 30 1 36 14 41 34 47 33 5 33 46 40 49 1 1 44 21 41 46 24 19 50 6 36 0 28 
9 25 11 45 50 20 21 34 37 23 16 47 42 44 40 24 4 15 22 6 2 44 12 24 42 21 19 2 37 21 0 
31 0 46 1 37 32 9 36 38 6 14 25 6 13 29 36 47 30 47 7 50 16 35 34 31 26 16 14 38 3 29 
1 20 0 47 17 42 21 47 5 13 31 38 16 10 9 31 46 32 33 39 45 42 22 45 37 5 47 12 20 12 17 
46 49 35 0 27 14 6 10 46 37 15 1 25 35 27 12 1 25 26 50 30 34 31 50 9 37 29 25 10 12 46 
9 27 44 46 0 35 40 31 33 46 26 37 36 47 24 45 18 37 19 25 5 22 37 20 32 33 16 50 27 40 35 
32 1 35 42 7 0 24 31 39 43 23 21 43 31 25 44 49 35 26 14 20 42 6 35 7 25 23 8 12 14 19 
41 4 43 11 44 37 0 2 5 17 22 37 49 26 3 35 30 7 45 39 35 32 24 14 21 43 26 16 28 17 35 
17 19 26 24 32 17 50 0 20 32 7 47 30 9 42 34 44 30 32 23 46 17 13 23 30 38 18 40 23 19 19 
21 24 39 33 6 18 24 3 0 22 18 30 37 14 33 38 2 15 22 38 49 46 34 6 22 19 5 46 46 36 15 
27 27 1 13 36 24 42 27 37 0 16 21 28 11 5 16 30 49 41 42 36 3 19 36 20 23 37 19 17 14 2 
22 28 18 7 42 3 36 1 47 15 0 11 38 36 22 28 19 24 1 6 40 6 6 5 50 12 9 42 31 40 50 
5 25 13 36 44 44 10 4 14 13 44 0 48 45 28 26 15 33 14 43 5 14 18 11 25 46 17 23 18 45 33 
12 5 11 48 10 37 25 1 28 35 9 20 0 38 44 46 8 11 27 25 48 26 28 39 36 36 37 14 39 40 28 
21 43 9 31 1 39 37 48 19 39 40 33 37 0 8 47 44 31 18 30 38 6 47 44 48 7 35 16 26 12 23 
23 37 11 1 14 17 11 7 43 7 22 14 8 36 0 8 44 41 32 39 43 7 46 10 2 22 24 49 12 24 17 
23 12 36 47 16 4 23 37 44 31 33 25 26 23 17 0 43 39 8 41 14 44 35 38 20 16 28 28 9 29 40 
18 50 33 26 34 11 28 12 20 4 22 5 38 9 10 33 0 20 37 36 29 36 41 21 11 23 39 25 17 31 39 
27 14 8 5 14 33 42 1 39 7 16 28 39 38 43 40 48 0 29 10 34 8 41 24 50 5 27 30 23 4 46 
37 11 32 32 28 8 48 34 45 27 41 20 48 29 14 8 3 34 0 19 34 41 46 8 47 32 36 40 8 50 37 
4 20 48 44 21 5 46 8 11 35 42 15 34 33 44 38 43 46 36 0 47 24 47 5 20 5 41 4 35 50 42 
19 40 34 9 24 22 23 5 9 10 13 46 24 34 42 27 12 25 4 44 0 44 45 22 3 13 8 16 28 39 30 
1 12 8 19 16 3 31 26 10 22 16 39 37 27 35 29 23 21 28 29 30 0 30 32 7 48 25 18 31 46 16 
7 46 16 29 9 1 38 5 18 40 47 36 15 32 28 6 8 46 19 34 35 45 0 1 11 1 22 31 1 22 42 
35 50 31 45 16 21 23 9 18 34 41 19 3 38 33 45 15 50 29 43 17 23 13 0 12 31 12 45 6 29 38 
21 38 34 27 6 47 6 20 17 8 34 50 28 35 44 16 43 13 29 7 7 31 22 29 0 26 13 38 19 14 4 
26 17 30 31 14 4 36 27 33 36 39 46 33 22 10 18 45 28 19 16 20 33 28 23 31 0 40 16 5 1 43 
9 38 7 14 33 17 20 48 22 40 31 16 30 43 18 12 49 1 19 9 18 10 50 49 34 43 0 40 8 50 24 
38 31 26 41 27 2 39 20 40 44 48 47 7 29 35 4 4 35 5 20 41 16 37 43 26 50 38 0 8 30 40 
28 13 49 48 3 50 40 40 16 17 23 30 11 26 11 21 3 21 14 31 39 5 3 31 33 22 45 34 0 15 28 
14 31 40 50 16 36 49 10 27 36 15 15 20 39 47 12 6 11 32 5 47 17 45 50 2 23 10 18 15 0 31 
5 7 25 39 3 43 40 12 10 26 22 44 45 29 16 25 36 14 34 22 17 35 2 11 32 47 37 41 48 44 0 
26 0 31 46 46 31 8 41 32 36 5 22 44 1 7 33 3 23 16 34 28 38 46 35 43 15 21 5 14 7 7 
6 50 0 14 17 50 42 49 49 48 8 34 5 29 30 1 24 34 45 29 29 25 21 7 21 6 30 47 3 32 11 
4 27 25 0 30 49 23 30 35 8 42 5 24 19 26 44 33 18 6 43 42 37 10 35 29 33 36 43 43 11 20 
45 46 18 38 0 5 7 30 50 31 28 44 50 38 38 24 1 3 32 28 23 13 42 10 41 24 44 42 47 47 14 
30 38 24 38 47 0 10 7 31 21 37 3 19 25 15 48 37 23 48 5 32 33 12 16 38 8 4 36 28 14 12 
16 34 3 18 49 7 0 27 1 41 15 45 22 11 41 20 44 17 46 43 38 22 45 42 16 31 19 22 36 30 44 
24 29 18 10 22 20 16 0 8 17 42 11 22 7 41 38 12 1 25 19 15 38 41 36 27 40 21 43 38 37 30 
35 42 22 48 42 16 4 1 0 20 1 29 9 29 1 27 1 38 2 28 20 19 47 18 16 6 33 44 42 21 1 
27 29 22 37 7 20 1 10 49 0 23 8 50 6 18 37 29 13 36 50 40 34 41 11 18 12 39 25 6 42 9 
22 13 31 19 25 50 38 43 44 8 0 50 28 3 5 12 19 41 50 30 27 21 9 42 31 17 36 19 4 25 19 
45 45 18 40 1 45 19 38 44 37 42 0 21 42 42 40 6 39 6 6 44 48 25 27 15 39 14 21 50 2 39 
32 34 18 25 13 6 11 13 5 17 50 4 0 7 43 36 50 17 1 41 11 48 14 49 32 21 21 18 3 2 38 
25 20 36 6 5 9 3 17 29 35 46 26 1 0 40 44 45 18 35 30 39 47 21 9 41 41 19 36 36 5 42 
38 8 12 18 43 31 18 2 38 27 48 1 22 7 0 16 22 13 10 39 27 4 34 24 13 41 4 11 45 15 37 
24 18 13 37 48 39 15 34 47 13 27 16 47 3 42 0 47 49 3 26 20 7 27 48 28 39 4 35 50 27 39 
21 24 38 2 4 30 38 35 9 28 8 29 13 26 1 39 0 38 21 21 45 5 8 19 45 31 48 20 36 49 45 
4 15 7 8 43 3 29 45 50 12 9 15 45 49 13 28 14 0 23 27 1 17 15 30 33 34 14 5 43 22 7 
11 3 37 15 24 43 23 5 33 48 10 43 22 9 36 41 13 21 0 33 3 34 48 9 49 29 40 36 24 25 30 
49 36 24 43 2 6 28 31 26 20 6 10 40 30 41 24 43 21 48 0 44 1 35 10 19 23 13 45 39 37 35 
7 49 31 4 50 25 20 29 7 30 13 33 46 14 48 25 9 29 8 5 0 47 15 27 31 30 14 27 6 21 40 
12 40 44 41 14 8 29 36 30 17 5 15 15 18 31 18 40 47 22 48 4 0 16 31 32 39 42 22 50 25 36 
49 15 9 18 19 24 39 5 50 41 47 23 50 42 1 32 1 10 1 12 25 30 0 34 23 36 46 10 13 3 22 
36 29 12 44 18 41 6 47 49 8 29 36 47 32 2 31 17 39 31 7 41 13 50 0 13 12 19 31 37 32 23 
14 27 2 29 5 18 12 6 24 11 27 5 11 43 34 40 33 3 21 5 30 21 32 47 0 31 24 30 49 33 50 
10 20 15 27 44 2 34 19 27 35 20 11 15 21 31 37 2 8 30 23 36 28 17 28 44 0 43 46 6 48 32 
38 13 24 25 1 7 40 35 49 32 6 15 26 36 36 19 6 11 17 45 22 23 20 10 14 33 0 4 38 33 1 
6 29 21 46 47 7 38 41 20 24 47 18 9 48 17 21 3 31 42 26 38 36 39 4 10 16 44 0 14 12 19 
3 3 2 48 26 28 45 30 39 29 31 16 41 43 48 5 14 22 44 43 30 24 46 8 14 21 40 18 0 37 32 
14 24 29 2 21 45 16 11 23 39 27 23 42 14 45 22 45 46 6 6 2 22 21 19 39 30 7 45 34 0 5 
39 27 44 8 16 8 37 40 23 4 39 4 50 5 16 7 32 33 13 43 27 45 13 32 30 43 4 11 13 42 0 
38 0 22 27 18 1 1 30 35 48 38 35 5 24 2 17 49 22 17 4 32 49 25 32 42 29 45 15 13 29 24 
5 27 0 27 31 17 18 27 33 4 16 28 48 35 26 9 22 21 11 15 31 21 37 7 31 44 13 40 36 39 7 
37 18 6 0 25 34 8 28 43 36 50 22 39 13 38 5 1 40 7 34 7 24 4 49 48 3 18 20 47 38 4 
28 42 44 48 0 29 11 42 11 43 1 44 28 26 15 9 33 24 20 27 43 23 33 3 33 33 34 20 9 23 16 
38 32 6 32 22 0 31 45 16 9 45 9 30 15 33 14 47 28 34 39 20 44 1 21 45 31 46 40 12 15 46 
42 34 38 27 14 12 0 23 45 43 29 38 9 11 33 35 44 19 20 19 37 6 36 20 3 23 37 12 11 1 27 
42 33 2 14 4 26 43 0 39 20 2 24 34 42 11 32 36 41 39 11 38 27 20 44 28 41 6 14 35 4 27 
1 12 44 17 37 5 8 47 0 30 9 1 31 1 18 14 23 45 10 22 38 47 24 50 13 1 23 40 24 24 48 
12 8 35 44 1 12 40 26 24 0 27 28 44 10 2 38 47 20 26 15 18 12 5 14 17 31 27 13 31 16 15 
16 34 24 32 48 43 46 7 17 2 0 34 19 36 45 10 3 15 48 26 4 4 15 10 6 36 7 45 19 14 24 
50 9 10 10 12 45 20 28 5 45 1 0 13 9 13 34 44 20 20 7 29 13 15 5 13 12 2 24 19 47 41 
49 27 44 43 3 25 10 26 33 15 33 38 0 44 32 3 41 6 48 22 43 38 26 12 36 12 35 4 47 49 11 
22 2 31 14 47 24 19 17 11 10 34 44 37 0 43 46 26 21 24 10 21 47 27 47 5 4 23 16 9 32 18 
21 13 28 23 44 31 7 31 35 30 23 39 37 13 0 9 44 39 20 40 36 15 31 38 29 15 46 6 26 10 24 
9 10 35 44 39 21 17 15 50 15 19 41 40 31 48 0 8 40 35 47 10 35 46 20 46 4 41 25 50 8 48 
26 31 21 11 21 14 5 43 24 38 27 24 21 25 17 24 0 42 8 31 7 6 22 30 1 40 14 40 39 41 48 
47 18 7 2 40 39 21 29 10 35 3 48 11 9 34 11 25 0 46 30 30 50 18 19 1 43 5 1 21 22 8 
24 16 3 26 42 10 17 20 36 29 3 13 48 46 5 9 11 22 0 18 29 39 45 10 11 49 29 49 7 9 35 
38 1 8 3 12 38 45 35 17 24 45 6 11 1 27 37 20 24 47 0 35 44 30 4 43 19 29 6 42 28 13 
11 11 12 1 42 3 6 46 34 17 14 27 5 44 35 34 35 10 34 12 0 10 25 10 25 41 8 48 15 35 34 
32 3 7 5 14 34 45 10 10 25 32 25 41 31 21 18 26 10 9 35 45 0 47 8 17 4 36 2 37 10 34 
6 42 11 1 36 11 21 1 30 1 40 25 1 10 31 35 35 30 4 24 33 38 0 7 50 39 35 46 41 1 28 
33 8 50 26 19 41 14 40 46 11 47 25 30 8 46 20 47 49 36 19 2 22 34 0 36 1 18 35 12 12 1 
16 30 50 3 18 33 25 25 41 41 22 45 35 44 27 9 8 49 5 20 39 47 5 32 0 27 11 24 15 26 2 
6 2 29 45 45 18 26 28 40 13 45 23 8 46 48 7 38 41 10 43 11 37 7 43 12 0 19 25 18 26 8 
10 11 49 40 35 20 17 40 49 10 33 30 9 43 26 16 40 9 35 20 24 33 6 33 41 19 0 46 37 34 26 
43 8 2 33 4 34 24 18 11 28 41 49 42 50 10 31 28 15 17 46 30 16 33 7 35 27 6 0 17 50 17 
25 30 7 24 17 26 29 26 39 42 43 23 48 8 29 25 41 6 24 10 41 31 20 38 47 27 25 46 0 49 27 
28 8 19 45 3 11 43 19 34 35 3 2 26 26 4 8 18 26 28 10 36 1 44 40 26 45 11 19 28 0 40 
2 33 28 13 14 36 4 4 5 19 33 23 23 39 8 40 5 45 34 40 9 49 18 40 41 28 14 29 20 9 0 
1 0 24 41 44 33 20 25 14 12 18 4 15 21 10 28 14 29 5 33 37 40 16 35 39 31 3 16 38 22 37 
22 25 0 34 47 18 9 32 29 6 38 15 42 34 17 36 45 29 9 12 28 50 10 47 34 20 35 39 3 13 31 
5 37 42 0 25 47 29 32 25 42 20 32 50 49 46 22 48 33 19 3 37 25 7 27 45 38 12 29 50 28 34 
20 29 17 26 0 33 28 1 9 20 8 13 4 17 43 46 50 12 2 12 22 2 20 1 26 7 48 11 48 37 35 
1 32 48 9 50 0 3 33 23 13 45 48 25 50 46 25 21 41 34 49 38 1 27 38 6 32 50 29 42 20 36 
17 3 22 35 8 31 0 7 8 44 44 18 39 40 18 24 28 21 6 2 36 8 27 49 50 35 24 44 42 28 50 
25 42 4 27 28 45 3 0 15 39 44 15 33 41 5 21 12 38 21 33 5 30 24 40 34 29 41 5 23 1 34 
38 15 31 45 20 26 35 13 0 41 29 25 6 18 8 21 25 37 44 29 23 36 24 10 24 20 2 2 20 49 38 
41 31 15 5 7 1 2 47 36 0 46 28 25 31 4 30 24 6 32 14 4 4 11 45 28 49 14 5 8 25 18 
24 16 15 4 39 45 42 13 2 21 0 23 41 8 33 46 11 44 6 44 47 46 20 7 45 34 31 36 37 7 43 
46 45 23 19 22 13 10 27 16 36 32 0 43 31 44 32 14 3 12 33 38 21 50 15 28 23 4 9 21 20 8 
9 6 7 10 25 29 19 40 12 34 2 17 0 41 9 15 3 40 14 14 21 29 25 4 19 23 47 31 45 46 18 
4 40 8 8 27 27 37 22 19 3 46 13 1 0 50 37 4 9 6 13 20 15 46 8 50 30 35 2 39 37 29 
49 24 45 44 30 12 10 33 33 39 17 19 45 11 0 25 16 24 5 33 19 38 25 33 26 4 9 33 8 29 42 
25 49 35 41 5 22 19 8 20 25 45 27 24 25 4 0 46 1 47 25 14 11 48 6 19 41 24 42 19 40 22 
29 2 5 41 14 19 35 5 6 3 48 17 35 8 24 12 0 1 9 23 9 8 36 34 15 31 28 43 16 50 31 
31 50 18 49 46 44 22 34 11 36 11 47 41 22 17 45 13 0 48 46 29 24 34 47 32 15 43 19 40 10 37 
26 20 5 26 23 48 50 37 12 31 40 18 48 38 48 12 46 12 0 49 37 15 46 21 22 8 48 4 37 35 3 
26 33 24 24 10 42 42 16 50 19 45 27 36 16 39 6 36 10 34 0 3 48 8 41 24 22 31 49 34 18 26 
45 13 2 10 5 8 44 24 28 6 20 30 12 31 42 38 10 6 33 2 0 12 45 3 32 6 19 42 1 3 30 
43 9 48 25 24 32 25 27 11 32 12 12 32 28 34 18 46 11 32 35 22 0 44 1 17 14 50 11 21 4 37 
16 44 22 49 14 11 33 38 7 10 13 33 45 2 40 1 13 25 48 38 24 32 0 19 19 8 49 9 32 12 25 
22 5 23 24 16 19 40 34 15 24 36 8 4 22 22 39 50 50 27 13 38 36 24 0 17 14 35 25 4 41 15 
3 1 27 33 39 9 11 22 37 22 11 30 10 25 2 16 28 48 47 20 50 10 6 49 0 37 37 31 7 11 31 
44 36 44 1 22 36 31 22 34 13 29 29 14 5 2 8 26 49 15 48 8 28 7 21 15 0 43 45 29 46 3 
28 5 11 6 28 25 37 10 4 17 36 6 14 35 42 22 47 1 47 30 11 32 42 13 23 17 0 30 23 36 29 
41 3 26 32 35 25 18 8 28 27 22 17 46 49 13 2 14 23 30 44 47 45 32 17 42 47 13 0 49 33 12 
46 14 24 25 26 33 31 33 1 17 5 39 24 21 8 44 37 43 1 22 3 8 43 43 32 46 22 10 0 40 39 
12 20 25 16 32 9 43 21 23 30 22 31 22 13 40 8 22 11 10 49 11 21 48 12 9 39 21 32 44 0 30 
12 22 43 13 6 35 15 8 40 50 2 16 21 21 50 22 36 31 4 24 25 11 50 42 29 42 22 13 8 43 0 
38 0 12 28 43 19 1 39 10 8 5 44 14 22 11 47 45 50 28 13 37 4 41 29 20 6 1 22 2 34 15 
14 2 0 50 47 12 41 38 28 3 50 34 26 24 49 30 11 40 40 45 34 42 45 1 22 40 47 33 8 38 18 
30 37 26 0 43 41 43 15 25 49 7 8 23 25 13 3 28 18 30 40 45 12 33 7 1 23 20 1 29 8 16 
8 31 41 35 0 21 48 50 31 9 38 47 15 41 38 26 19 20 39 19 12 29 4 18 44 6 47 30 26 20 22 
43 36 18 33 50 0 27 33 40 43 6 29 38 22 3 48 48 42 19 25 5 50 13 11 46 38 4 13 48 30 24 
18 25 11 37 46 12 0 47 8 39 50 37 30 46 14 34 41 33 16 46 9 6 11 1 16 22 30 26 23 46 47 
15 35 11 20 38 4 28 0 35 8 37 1 34 31 26 18 21 17 47 12 47 21 48 2 22 18 8 25 45 16 16 
36 25 13 43 35 2 20 27 0 26 31 14 49 8 9 8 23 31 25 49 2 14 29 11 50 26 17 34 40 2 31 
30 33 20 43 1 27 21 39 41 0 16 1 41 21 32 33 23 40 44 15 45 28 50 47 14 3 8 15 13 18 19 
19 31 25 46 1 32 30 16 8 32 0 2 42 34 34 1 23 8 29 17 3 28 40 26 8 4 30 37 6 41 44 
12 9 22 23 47 21 17 26 32 2 44 0 25 36 33 44 36 17 14 13 30 50 36 47 15 42 29 6 17 43 22 
46 24 26 14 20 44 21 11 37 31 6 33 0 48 16 10 3 5 43 15 18 14 24 43 11 45 26 13 8 32 19 
16 50 33 10 6 20 49 22 14 50 15 6 27 0 33 25 17 39 31 5 39 25 14 3 25 9 22 32 16 20 44 
32 14 29 19 16 6 1 38 10 41 4 33 29 15 0 4 8 47 11 37 28 38 32 3 44 44 2 47 8 2 35 
38 34 3 21 18 2 28 9 17 19 17 1 21 15 35 0 42 35 39 22 1 26 21 29 42 6 50 12 36 25 14 
9 43 36 26 3 20 30 9 47 3 30 39 44 18 12 37 0 12 39 10 2 18 9 37 2 9 18 5 12 15 19 
40 43 34 4 10 25 16 45 12 15 13 26 42 20 21 38 28 0 12 30 20 39 23 27 24 47 1 7 35 18 36 
16 19 45 29 13 38 5 41 9 38 22 17 27 45 40 42 18 17 0 31 22 40 44 33 46 30 18 17 11 8 10 
18 31 28 27 50 45 32 13 8 33 33 38 3 43 48 23 47 32 34 0 5 33 40 5 46 46 22 36 50 50 46 
22 45 34 50 20 41 39 1 45 46 11 5 10 48 39 3 42 41 48 7 0 21 35 27 3 27 29 27 33 31 29 
9 33 14 13 12 39 4 4 23 7 35 47 37 39 45 29 30 7 7 43 31 0 46 2 43 25 38 18 31 24 41 
14 6 20 17 38 28 42 48 37 1 49 38 18 41 22 25 48 39 8 48 50 20 0 26 38 49 13 31 21 38 24 
21 24 30 32 44 29 27 21 2 17 38 32 21 7 45 43 29 12 22 50 41 30 23 0 26 42 44 31 32 19 25 
48 21 10 13 30 26 9 37 48 44 48 28 37 42 11 18 50 19 44 6 35 20 50 39 0 34 42 1 5 41 50 
48 46 3 27 20 17 22 8 28 19 35 42 14 28 2 14 43 32 16 24 45 13 38 13 41 0 29 22 22 30 38 
26 4 47 49 46 3 25 11 23 44 46 42 42 26 22 43 6 22 37 21 50 19 40 17 5 36 0 8 40 37 41 
46 1 29 40 43 31 46 16 33 49 39 33 10 22 28 4 21 13 41 48 24 50 35 9 39 7 15 0 30 44 10 
45 36 24 32 49 46 14 2 33 42 47 40 39 39 33 18 9 18 39 2 15 46 49 40 18 46 17 20 0 2 37 
16 16 22 23 5 3 9 29 24 33 40 20 30 50 1 34 11 47 27 21 48 48 42 43 45 49 37 35 15 0 3 
29 44 1 47 26 31 18 17 34 30 9 31 44 6 12 46 17 49 39 34 36 21 44 31 39 19 25 30 29 6 0 
16 0 25 14 22 5 47 19 34 25 20 17 45 13 47 13 18 4 36 31 49 33 39 46 32 17 9 1 20 9 7 
7 39 0 38 29 14 34 17 23 2 16 27 34 25 19 17 41 9 47 19 22 15 40 49 30 23 28 29 33 5 46 
47 50 25 0 18 14 29 7 34 33 29 1 32 35 16 22 50 14 28 15 27 1 5 2 37 43 18 40 9 7 37 
6 34 19 6 0 20 28 9 7 5 39 34 25 14 40 21 34 5 34 8 24 14 2 19 29 46 42 48 38 26 47 
40 49 28 47 24 0 17 14 29 47 45 41 8 23 26 43 26 41 12 17 9 13 6 2 34 23 5 15 41 10 28 
31 21 31 9 50 36 0 48 17 17 5 21 27 37 14 33 7 29 44 36 21 2 37 22 18 35 34 47 44 25 19 
2 24 19 20 15 21 27 0 15 26 8 28 25 46 12 38 37 19 39 1 16 26 22 5 40 27 45 49 14 25 17 
39 4 43 48 3 48 8 18 0 50 12 31 15 19 29 43 28 41 10 30 49 15 9 43 9 43 31 19 29 44 21 
22 13 40 10 19 24 32 48 10 0 41 29 2 40 40 36 12 4 27 48 49 4 39 34 27 2 30 11 34 5 23 
30 29 25 29 40 18 25 9 10 19 0 46 44 1 40 20 14 20 4 23 32 27 43 32 45 17 34 30 14 8 39 
14 48 43 37 12 50 27 11 50 19 37 0 45 17 30 4 10 39 45 7 39 11 8 12 24 46 37 48 30 12 7 
39 12 2 22 6 48 2 15 29 20 37 10 0 5 5 45 33 26 3 41 8 46 35 7 20 29 6 37 20 42 25 
3 47 49 43 31 26 44 46 24 7 9 24 17 0 37 2 1 3 8 29 14 11 46 40 5 12 4 5 33 43 50 
11 32 23 4 18 40 12 13 24 20 40 31 29 35 0 49 22 19 21 18 28 4 30 41 29 14 8 8 44 31 27 
22 11 3 25 46 27 2 13 20 13 40 40 34 10 24 0 31 17 5 6 41 35 34 15 15 46 32 42 45 41 11 
32 18 32 47 49 29 29 5 40 23 21 7 2 6 39 14 0 47 32 5 34 41 3 39 41 42 38 46 38 29 14 
36 7 22 9 31 22 9 37 11 45 3 13 16 34 21 29 33 0 10 27 33 36 10 41 8 20 30 30 42 5 12 
33 41 26 26 38 14 36 43 25 17 6 10 21 10 31 29 38 6 0 20 14 5 37 12 47 29 26 17 15 40 2 
43 18 32 50 13 13 37 40 46 7 44 41 35 10 27 26 40 31 27 0 41 42 25 22 42 7 47 29 30 48 13 
48 21 4 24 25 38 29 22 48 19 43 48 10 14 21 15 2 3 20 3 0 37 36 38 49 10 19 47 41 44 16 
34 8 43 34 10 23 37 11 36 39 48 19 33 8 49 45 15 9 21 43 46 0 26 10 46 26 12 34 5 15 6 
42 38 29 33 35 35 5 26 5 49 28 41 17 31 5 19 3 30 50 15 4 38 0 20 1 21 8 48 48 8 48 
40 33 46 30 47 10 40 1 23 14 40 39 4 23 15 5 9 29 41 8 10 4 5 0 1 2 4 19 28 13 27 
37 8 19 8 10 46 45 38 34 45 29 3 8 36 25 16 35 48 37 16 49 20 8 50 0 38 36 28 46 29 43 
42 13 39 46 28 33 21 47 14 20 10 22 45 46 30 7 47 19 26 37 20 21 41 47 28 0 18 1 19 20 24 
18 50 10 41 3 16 15 12 9 42 45 38 35 18 6 28 25 12 21 32 40 9 20 42 24 21 0 23 42 18 10 
33 3 28 40 2 11 13 4 44 14 43 35 10 34 43 33 37 24 41 1 44 40 48 38 34 9 30 0 18 18 32 
44 23 44 50 10 43 10 45 16 46 15 21 18 7 40 5 50 37 49 41 34 49 2 18 17 44 5 40 0 7 43 
32 45 37 12 21 20 42 11 25 1 23 43 8 46 37 23 22 42 49 29 10 44 19 28 49 45 22 27 33 0 16 
38 20 38 23 14 20 35 7 36 20 14 39 12 49 18 41 41 6 31 45 23 14 42 28 34 39 27 9 14 26 0 
49 0 16 28 9 13 3 6 36 33 18 38 15 6 29 16 22 32 21 10 8 4 16 46 39 44 25 29 10 40 26 
44 26 0 44 11 22 48 11 3 37 16 36 6 24 14 7 8 9 13 13 13 7 6 50 6 23 33 21 39 16 39 
25 46 46 0 7 25 12 21 46 8 19 11 29 35 45 22 48 43 33 33 36 17 16 48 28 19 38 27 38 39 40 
28 23 38 48 0 41 40 11 17 40 45 37 13 6 45 3 28 22 6 35 25 40 38 6 30 23 9 49 19 39 37 
36 33 8 19 41 0 38 42 37 4 32 38 26 44 39 49 4 11 3 25 41 16 21 4 14 50 40 17 8 26 33 
42 42 29 3 9 5 0 6 38 4 15 37 36 3 3 37 14 45 18 31 20 48 46 44 48 22 16 30 44 19 2 
22 34 12 21 41 47 48 0 41 30 45 48 24 49 11 5 30 19 2 28 36 45 49 27 7 35 46 48 31 31 44 
25 13 19 3 43 3 25 32 0 12 41 16 5 39 37 22 25 47 33 44 42 47 29 16 33 8 23 7 5 36 46 
49 18 10 36 21 35 6 47 19 0 2 6 37 40 38 20 40 11 41 35 11 49 15 38 40 48 47 47 36 46 20 
46 20 47 17 42 49 45 3 17 37 0 20 1 15 42 37 11 39 29 13 18 13 17 21 26 48 34 31 21 39 24 
39 20 2 49 6 36 41 24 46 22 46 0 8 25 48 42 48 1 46 3 37 8 18 23 28 8 30 50 21 19 9 
19 24 14 43 49 50 49 16 36 1 20 16 0 34 42 22 5 42 23 34 50 34 35 19 2 17 21 47 25 42 27 
37 20 5 38 3 22 44 33 50 42 50 35 11 0 2 17 43 35 31 7 3 39 27 38 20 25 35 6 12 27 29 
3 25 25 10 15 1 12 47 40 50 11 10 24 42 0 50 49 24 17 36 24 36 16 19 39 38 10 32 35 13 19 
17 32 6 21 40 26 11 1 38 17 32 38 42 7 42 0 29 4 47 20 27 11 40 27 3 43 38 7 36 22 6 
19 27 35 22 34 29 4 3 3 25 38 24 30 19 43 49 0 25 12 47 10 6 36 16 36 8 28 6 4 29 3 
19 26 30 33 49 5 4 21 23 14 25 1 44 46 40 38 11 0 9 10 45 13 45 39 12 50 33 12 50 14 7 
24 1 25 1 6 12 44 47 21 38 46 5 40 34 35 5 42 20 0 47 21 17 47 44 34 40 25 38 18 33 16 
44 4 7 16 40 25 27 44 40 28 45 14 38 22 50 9 6 5 28 0 45 41 42 4 44 40 27 7 41 11 32 
25 26 15 6 45 42 49 24 44 11 29 49 31 20 27 4 10 23 35 32 0 20 33 41 39 25 3 1 14 27 13 
18 36 33 8 3 19 49 33 28 8 11 32 11 18 16 43 11 34 17 36 18 0 35 7 30 13 42 36 27 32 42 
41 35 48 32 44 44 16 23 17 8 5 27 45 28 22 38 23 24 23 32 43 17 0 47 41 46 33 29 4 46 12 
34 23 2 37 17 26 35 30 24 22 27 38 18 9 31 42 41 30 9 25 20 12 4 0 50 50 24 39 7 36 11 
16 13 28 5 25 33 26 9 11 47 4 43 50 2 5 5 50 38 10 4 43 50 46 21 0 43 22 20 2 37 43 
37 28 44 14 7 15 10 13 35 49 16 32 19 13 22 27 13 3 45 45 25 2 47 33 19 0 16 18 8 13 4 
13 24 22 18 10 26 50 37 45 41 45 37 4 12 38 11 32 34 50 16 9 18 8 43 18 36 0 32 12 45 42 
48 3 1 31 37 43 10 1 3 46 28 27 8 5 50 39 48 36 45 8 35 35 8 47 46 46 17 0 30 50 24 
45 38 42 3 43 42 36 24 26 46 1 31 31 5 39 33 10 3 43 30 39 46 18 38 8 13 46 4 0 36 41 
27 31 2 30 1 41 36 5 12 8 3 25 11 49 7 4 4 4 8 13 36 15 38 21 36 49 20 4 46 0 31 
47 33 38 35 20 21 30 1 4 49 48 5 41 35 27 14 36 19 31 4 10 43 46 23 5 12 43 31 45 2 0 
21 0 32 10 32 12 21 37 27 30 37 25 4 50 10 16 32 24 3 45 22 14 1 24 42 21 5 37 16 30 8 
28 49 0 7 3 29 17 46 9 23 6 27 10 40 45 30 6 43 37 7 24 39 40 37 23 38 20 8 18 11 8 
35 21 48 0 22 9 26 47 48 32 50 37 15 31 39 45 5 12 29 13 16 12 50 10 6 19 38 13 35 15 9 
9 28 49 16 0 22 6 12 18 37 4 10 46 6 7 37 24 10 49 28 34 9 29 5 46 47 35 12 42 4 21 
14 13 34 23 42 0 9 17 15 17 39 43 44 43 9 6 16 45 3 19 45 28 15 7 31 1 30 23 3 20 37 
45 21 15 16 41 48 0 13 34 16 28 8 46 32 40 41 15 36 47 41 31 40 10 23 9 43 49 6 3 22 12 
37 14 46 30 45 23 29 0 28 19 9 4 12 37 41 38 33 33 18 41 36 44 27 13 39 47 35 49 7 23 42 
42 10 12 5 42 44 50 2 0 45 19 37 9 29 33 28 29 24 32 22 10 17 39 13 37 18 10 2 7 34 11 
24 23 5 27 17 44 1 33 50 0 44 34 32 24 22 50 36 49 31 12 19 11 17 36 13 26 4 48 26 37 32 
43 44 19 34 45 14 4 2 16 34 0 29 41 33 28 27 35 16 41 37 33 12 22 45 15 50 7 37 43 1 14 
46 26 47 18 1 40 14 40 28 36 32 0 47 15 28 41 21 35 8 37 42 38 8 39 4 21 22 49 4 35 38 
27 12 1 3 39 4 45 15 28 37 21 27 0 14 1 1 15 7 17 25 30 22 30 6 10 27 39 37 43 48 30 
41 11 5 40 10 21 47 13 40 38 26 21 31 0 50 21 12 44 38 3 6 16 33 29 5 17 48 6 41 27 1 
17 2 18 49 46 11 22 25 42 31 19 44 28 38 0 5 2 49 7 40 15 45 49 40 42 14 9 32 1 23 12 
16 6 37 40 21 24 4 33 4 10 40 20 47 23 38 0 22 6 42 1 15 49 49 2 12 7 18 12 26 35 38 
30 22 2 30 15 13 8 39 18 31 49 17 4 30 25 25 0 3 18 5 43 4 40 50 9 14 17 4 26 33 3 
12 28 49 17 30 19 19 17 8 25 15 18 25 21 17 32 46 0 22 37 32 16 45 21 42 34 40 22 43 16 49 
10 32 6 15 19 21 19 37 50 6 7 36 10 31 29 37 16 30 0 43 32 21 33 39 2 38 17 8 7 33 41 
48 26 2 10 16 33 13 11 2 46 14 10 22 31 25 30 36 40 14 0 48 25 43 1 34 29 27 43 4 27 3 
14 12 4 10 9 32 35 1 16 46 25 6 29 47 19 12 11 9 27 9 0 32 18 44 36 17 6 25 18 32 39 
40 9 34 49 33 2 6 13 22 44 46 36 24 18 23 19 14 5 16 17 17 0 35 28 19 21 46 19 19 44 4 
8 18 20 28 7 16 22 30 14 17 7 48 37 33 13 47 44 26 13 48 42 20 0 2 15 22 6 32 16 29 38 
34 37 20 19 37 29 17 47 12 8 47 35 42 49 11 19 48 45 6 25 2 43 6 0 46 12 38 16 5 6 2 
35 7 2 26 34 20 29 19 47 35 31 48 14 6 1 8 28 3 4 4 8 38 10 4 0 36 41 32 24 7 49 
13 12 41 11 23 41 33 17 16 42 40 30 48 22 45 5 29 1 45 5 11 13 2 3 44 0 48 47 48 41 44 
39 6 13 48 22 20 7 4 33 11 25 12 38 12 14 28 40 39 10 31 12 31 29 2 38 1 0 10 38 17 26 
45 36 27 22 4 35 18 1 1 26 48 26 18 35 31 50 25 40 40 17 8 9 39 10 32 8 27 0 11 10 21 
10 19 38 7 17 40 36 16 9 29 11 39 38 34 33 37 14 45 22 39 26 21 49 1 18 36 47 17 0 41 47 
8 8 41 30 17 30 39 11 19 42 15 9 32 11 7 19 21 5 27 46 45 33 40 22 45 40 21 37 40 0 31 
43 19 26 13 21 3 49 9 18 4 48 3 27 30 24 18 39 38 44 49 16 42 41 45 2 26 18 20 35 27 0 
9 0 2 22 38 49 47 34 19 40 4 21 13 38 23 49 43 7 10 48 28 1 33 44 41 16 1 28 32 11 46 
36 30 0 24 42 45 47 31 39 31 28 34 21 48 41 29 3 5 19 47 10 20 9 23 7 27 27 9 32 22 48 
20 2 9 0 45 19 42 39 47 28 2 12 18 29 20 44 31 36 3 12 13 47 10 35 2 27 28 7 17 15 19 
38 49 17 33 0 9 32 12 4 22 37 15 9 41 45 48 2 30 3 13 46 41 6 20 10 2 10 18 8 19 42 
35 22 32 9 14 0 13 1 46 12 12 19 33 31 26 49 39 19 41 4 25 48 5 5 20 29 33 29 8 32 49 
15 5 35 31 3 43 0 27 32 31 36 1 34 42 1 27 9 25 45 11 13 42 27 4 44 44 31 18 13 31 32 
35 44 15 13 47 14 48 0 1 24 7 13 37 10 19 25 15 14 4 43 20 8 35 47 20 8 39 1 42 38 22 
25 15 1 50 1 8 20 29 0 4 14 12 25 22 5 1 5 17 36 19 30 17 15 20 12 24 1 47 45 6 9 
13 6 14 2 32 48 37 11 18 0 18 46 35 50 30 8 34 13 43 19 3 22 16 24 9 6 11 45 40 27 1 
11 25 24 46 1 7 12 21 24 3 0 19 7 19 2 34 33 16 41 4 40 38 5 27 3 38 48 33 5 47 22 
4 47 35 17 7 22 12 5 29 2 23 0 42 20 17 35 15 47 22 25 23 45 4 36 37 14 7 49 21 8 3 
24 7 25 2 50 22 23 3 46 13 21 12 0 13 2 18 47 35 11 19 23 2 11 31 24 27 50 11 48 4 50 
24 42 47 27 29 16 17 18 17 13 42 45 26 0 12 3 34 42 35 20 17 22 38 2 36 1 13 27 2 26 50 
12 26 50 46 40 30 15 36 24 2 30 18 44 7 0 31 8 35 19 21 43 9 27 29 37 28 36 40 11 26 16 
40 16 43 18 1 17 45 30 23 24 19 7 11 18 38 0 5 45 46 5 44 29 8 32 33 41 36 47 13 19 5 
40 5 10 9 13 15 25 26 6 15 13 5 46 47 25 3 0 16 12 50 24 41 45 7 33 38 32 35 11 27 16 
21 33 12 19 35 15 47 3 6 24 30 19 40 41 31 24 12 0 35 9 39 20 36 14 45 14 45 48 28 22 31 
30 15 50 40 44 31 44 28 13 10 6 13 7 26 44 22 5 16 0 2 15 21 1 3 38 46 35 19 17 6 40 
18 20 32 25 44 16 20 1 47 1 30 35 22 49 33 8 30 38 2 0 42 41 32 26 8 11 30 13 12 44 10 
12 27 23 24 43 37 32 32 33 29 3 4 20 2 35 36 29 4 5 39 0 6 32 16 14 50 36 44 25 15 15 
3 8 8 38 39 4 13 49 7 47 27 48 6 23 40 37 13 25 24 25 2 0 9 7 5 4 31 11 10 24 7 
43 7 17 19 26 45 47 32 13 31 23 30 47 9 13 9 26 44 24 13 24 20 0 2 40 14 44 1 3 35 8 
44 4 25 50 4 20 31 38 47 45 40 31 12 43 3 22 13 49 43 46 6 17 36 0 12 34 24 6 28 6 32 
45 45 48 6 38 19 6 47 6 43 28 39 47 29 24 43 8 9 38 42 32 3 10 40 0 3 27 19 14 17 31 
15 4 33 15 1 45 33 7 6 34 17 16 43 1 18 17 20 8 38 42 16 47 41 14 1 0 42 36 9 3 11 
1 42 31 26 29 25 7 33 28 29 10 2 4 4 26 16 10 10 22 37 8 12 26 26 15 18 0 14 19 15 10 
9 25 4 46 33 25 36 18 22 44 11 38 30 9 32 14 44 37 38 35 32 27 38 17 4 40 16 0 6 11 12 
11 38 18 19 20 36 48 8 22 2 31 42 38 28 26 20 32 17 44 1 24 27 32 31 28 33 38 38 0 42 43 
9 31 8 11 33 23 20 12 40 47 17 36 16 37 4 41 39 10 41 34 9 49 12 10 38 35 7 38 41 0 38 
49 11 16 29 43 1 34 28 45 4 1 21 28 48 35 38 12 46 27 38 44 28 48 9 35 10 19 49 23 49 0 
16 0 32 21 3 49 7 20 37 44 3 7 12 16 37 34 38 22 14 25 1 23 12 12 4 44 21 13 8 45 33 
32 36 0 5 46 39 19 1 26 50 29 18 26 2 24 31 33 13 11 26 47 39 6 24 23 27 5 21 17 9 28 
44 13 42 0 11 21 21 7 20 49 15 38 46 14 47 33 47 10 39 23 11 9 3 33 48 45 27 12 33 20 34 
49 34 17 23 0 36 6 34 41 3 11 26 43 12 11 9 43 42 28 40 30 45 33 45 48 20 41 30 44 17 45 
10 25 1 16 17 0 5 29 42 12 28 14 19 36 13 36 16 42 23 40 2 36 35 44 40 39 17 39 19 4 45 
26 40 25 9 1 2 0 43 47 45 5 14 50 17 12 17 26 47 32 13 4 50 8 5 16 9 26 31 11 27 50 
16 11 39 17 3 24 45 0 27 12 34 23 45 29 36 38 36 18 32 24 13 20 8 7 50 45 18 35 9 50 26 
21 33 21 45 39 4 12 50 0 10 43 32 20 20 29 32 6 30 20 29 24 8 50 37 14 30 9 4 39 22 35 
40 36 28 37 13 41 24 34 47 0 34 24 18 23 32 32 1 38 28 19 40 38 16 31 27 19 22 46 8 15 31 
50 24 29 25 4 46 43 34 16 41 0 32 47 23 45 50 41 28 5 32 30 21 27 21 33 47 24 6 2 18 42 
45 17 19 17 34 1 40 48 29 36 8 0 4 12 28 9 42 43 36 27 28 45 41 26 36 10 24 4 46 29 30 
41 42 16 25 47 15 28 6 12 50 1 31 0 27 47 22 17 16 43 24 5 31 20 25 40 47 4 41 34 8 11 
48 44 19 50 45 17 38 37 31 44 15 37 25 0 27 28 15 15 30 14 43 8 11 22 24 50 22 17 26 29 44 
25 44 49 1 3 8 12 28 2 6 30 29 12 31 0 41 44 46 49 13 33 39 12 21 15 3 37 22 46 1 24 
50 12 9 38 20 21 39 24 25 21 4 38 29 8 14 0 29 49 42 34 6 27 19 14 46 5 13 24 35 48 16 
36 17 28 28 6 18 21 25 12 20 6 22 24 43 29 2 0 33 13 2 25 39 31 13 45 48 32 49 13 33 7 
48 4 26 10 35 37 11 1 3 47 9 25 31 14 50 5 45 0 21 18 4 31 11 34 24 28 6 5 33 31 24 
19 9 42 5 23 2 46 15 8 42 41 33 11 5 17 14 50 49 0 45 43 37 28 46 29 27 37 21 3 32 30 
33 28 21 29 28 50 33 26 41 49 9 31 14 26 14 48 50 29 8 0 14 6 6 38 38 38 41 13 13 29 36 
31 44 33 29 10 13 13 33 27 17 31 25 9 47 35 7 15 21 16 29 0 37 43 45 18 25 28 41 33 42 38 
38 20 48 5 18 15 48 35 16 1 36 18 2 41 33 32 47 42 3 31 27 0 43 48 50 50 39 50 15 4 32 
23 30 41 40 30 12 27 5 29 20 9 30 5 16 44 19 41 4 35 44 31 50 0 30 11 12 45 23 49 6 30 
16 33 31 35 28 6 28 13 12 22 5 43 13 34 22 47 39 32 6 31 48 46 31 0 11 2 24 50 30 29 35 
39 29 49 50 5 26 49 21 38 38 42 29 43 14 39 38 38 47 39 15 7 41 43 26 0 32 21 3 21 33 5 
7 48 35 28 34 27 45 13 30 46 48 19 44 19 39 20 3 17 23 14 37 3 42 14 29 0 49 36 24 18 34 
24 29 38 34 32 45 45 15 31 13 44 25 18 43 18 39 48 25 37 13 18 36 48 20 18 4 0 7 21 50 36 
41 21 45 46 23 19 31 11 37 45 26 39 37 10 20 12 36 49 47 40 1 12 38 6 16 38 31 0 19 16 28 
38 24 16 46 23 24 30 23 21 49 8 37 38 43 38 30 49 39 50 7 19 9 25 10 35 30 34 40 0 30 36 
38 13 45 9 7 2 23 42 38 47 33 14 29 48 33 15 24 46 19 37 39 43 19 10 10 30 49 7 12 0 43 
40 41 43 35 11 46 43 29 36 36 8 7 1 4 24 5 31 28 28 20 6 39 22 44 47 46 44 36 49 27 0 
3 0 17 31 45 7 43 22 44 37 37 22 46 10 33 29 32 43 16 36 6 50 22 29 42 38 2 20 49 38 16 
3 8 0 30 10 34 42 27 6 47 32 34 37 41 41 48 11 29 40 15 16 3 28 50 44 27 31 38 40 8 5 
23 23 6 0 21 35 15 16 50 49 38 6 37 20 5 22 13 31 38 44 28 23 31 34 23 14 25 8 36 33 3 
4 37 49 42 0 9 12 31 21 7 34 45 30 41 28 11 16 9 46 23 14 1 50 47 30 32 43 39 34 8 11 
7 30 18 47 35 0 20 39 28 46 10 33 11 32 11 33 44 40 7 12 48 16 13 14 19 3 5 40 20 10 16 
23 48 13 47 27 15 0 12 44 43 42 28 32 50 13 32 40 19 37 47 39 4 33 22 11 45 44 17 49 45 30 
30 19 18 30 38 35 49 0 35 35 19 33 47 14 21 20 34 14 1 37 14 37 4 23 22 13 41 26 3 2 33 
49 13 50 14 13 10 15 20 0 26 47 41 34 3 29 6 8 19 1 41 11 31 16 13 31 44 26 46 46 18 47 
10 47 33 2 20 20 47 1 9 0 11 20 44 26 40 23 4 2 45 16 6 23 25 12 42 2 33 1 19 20 37 
14 19 3 29 38 45 1 1 9 37 0 11 18 43 31 42 37 41 23 9 41 24 2 30 12 25 36 35 42 1 38 
20 28 31 23 48 1 42 47 3 28 3 0 2 36 30 45 5 33 32 50 15 43 29 10 30 13 12 39 41 5 3 
11 9 1 22 17 34 38 21 33 41 46 44 0 20 32 38 23 16 1 17 20 3 4 43 36 45 42 18 2 10 36 
12 1 43 1 18 45 2 14 13 12 18 13 49 0 10 20 49 9 29 42 41 46 39 24 35 50 8 17 15 27 26 
16 37 11 48 29 45 1 19 15 44 22 3 38 6 0 3 41 5 34 17 47 33 40 10 20 41 24 27 9 2 10 
29 37 38 38 47 32 2 2 31 25 48 40 15 49 19 0 44 2 19 32 9 3 33 49 31 43 27 27 42 7 6 
18 42 18 5 15 35 16 50 9 22 39 4 3 42 49 44 0 25 11 1 47 23 9 28 43 8 46 39 7 46 21 
5 10 45 25 7 6 22 10 34 35 29 2 10 10 20 50 31 0 7 32 49 2 17 42 10 34 10 15 26 48 20 
47 9 4 39 18 29 9 28 36 43 22 16 27 17 19 21 49 18 0 23 8 16 32 25 47 19 39 19 35 42 48 
42 47 13 15 38 20 48 22 43 41 41 3 22 40 28 37 40 26 42 0 13 11 48 3 40 5 15 34 8 20 29 
11 25 37 38 2 25 3 13 29 49 23 28 25 32 18 13 11 36 20 33 0 49 44 44 29 37 44 45 23 10 24 
37 41 2 15 31 17 17 34 38 3 34 28 47 43 40 34 24 21 22 42 4 0 48 38 37 31 17 32 8 2 8 
31 31 3 5 13 33 27 11 2 2 47 27 49 17 50 22 47 1 39 4 21 25 0 1 19 20 39 3 15 34 15 
36 9 33 30 23 3 26 42 31 8 8 13 19 21 45 28 50 21 38 10 20 31 19 0 49 38 6 30 34 36 24 
30 12 27 38 17 39 45 19 45 47 47 6 20 32 47 9 6 31 24 43 39 32 28 25 0 45 5 41 34 43 17 
24 42 7 7 28 46 36 32 5 7 33 32 27 41 14 15 12 37 3 30 1 50 10 43 36 0 48 35 3 43 12 
48 12 27 28 24 5 49 13 4 1 23 24 27 18 11 8 6 37 12 30 43 4 32 14 16 25 0 32 15 22 30 
11 34 39 43 9 22 6 49 18 9 17 50 33 2 7 28 24 43 33 28 43 49 42 13 20 45 30 0 13 13 49 
24 34 41 24 40 39 35 34 10 40 3 8 19 3 14 44 21 30 7 39 2 40 33 45 38 13 43 26 0 24 15 
42 43 37 20 35 33 9 10 13 19 43 40 34 44 26 35 31 39 50 26 24 1 6 24 48 35 2 47 37 0 28 
47 10 11 45 48 10 21 50 19 32 36 12 18 39 47 12 7 40 20 4 33 4 27 49 41 42 37 14 22 1 0 
31 0 13 23 35 23 34 30 39 46 16 14 32 21 18 40 13 33 18 27 36 29 13 28 33 46 43 33 13 5 7 
24 8 0 28 18 2 24 39 33 16 14 33 18 44 5 40 1 34 9 9 29 9 20 37 37 23 18 36 40 40 31 
1 18 34 0 40 43 7 5 3 17 17 24 1 2 14 4 11 19 23 44 45 9 24 4 27 48 4 22 41 45 34 
39 49 44 36 0 13 16 34 5 13 33 47 31 43 43 5 9 18 23 34 13 50 13 47 46 22 27 14 8 42 39 
35 14 9 34 29 0 25 8 16 2 38 27 15 11 11 48 28 32 12 22 39 37 50 8 33 34 26 3 49 15 36 
2 27 13 24 49 34 0 23 9 15 30 2 2 22 46 36 36 2 36 48 45 46 3 37 3 3 36 6 26 50 3 
23 10 2 16 36 1 2 0 38 13 14 5 23 48 42 38 35 28 13 47 49 25 18 1 21 41 50 40 11 22 13 
29 48 9 13 8 43 1 7 0 11 36 34 15 23 34 40 23 6 45 16 18 8 44 29 1 28 5 9 32 25 36 
11 42 16 50 36 8 15 36 35 0 46 34 22 2 12 16 11 46 18 31 19 45 46 45 4 6 35 19 8 35 3 
35 20 32 25 25 43 49 23 48 32 0 9 21 11 21 35 37 42 18 36 18 10 42 1 7 42 16 47 12 45 1 
39 7 1 32 11 15 40 28 38 23 12 0 23 20 50 11 24 35 25 20 19 44 2 23 18 43 43 19 25 33 9 
47 38 29 47 43 3 20 29 10 20 47 14 0 30 13 6 38 22 2 47 18 31 22 43 26 8 38 34 34 39 19 
47 15 46 29 27 25 45 23 7 8 5 7 16 0 1 23 30 22 10 12 6 21 18 29 15 28 25 45 3 40 6 
19 37 40 41 24 32 19 2 37 32 44 50 45 39 0 14 25 6 42 4 28 16 25 22 34 48 29 37 31 1 2 
30 43 33 2 40 18 17 25 28 41 12 21 24 30 13 0 22 23 40 2 4 19 4 49 13 40 44 15 7 44 45 
46 38 2 35 3 1 17 44 49 46 9 32 15 14 16 46 0 2 43 22 26 6 47 30 48 34 27 45 21 12 46 
4 10 32 33 45 25 19 39 28 12 5 30 41 6 45 38 39 0 35 47 44 43 23 36 18 40 49 9 4 2 27 
7 47 33 4 43 49 1 33 19 42 27 13 15 10 22 27 6 25 0 3 46 39 10 24 18 4 31 25 14 44 46 
17 15 38 2 6 9 47 38 13 46 38 6 16 6 18 31 8 27 47 0 13 44 34 2 6 38 47 24 15 50 12 
25 37 40 23 26 12 26 14 5 13 30 18 12 7 9 33 45 18 1 23 0 24 49 17 31 3 33 14 32 14 9 
35 33 39 1 21 1 17 43 31 6 6 44 22 34 34 26 23 45 48 6 3 0 6 15 27 39 27 21 9 21 44 
49 44 50 47 28 48 30 11 37 8 17 2 38 45 18 30 27 33 48 27 11 20 0 34 8 6 30 18 12 13 45 
31 8 23 37 8 12 45 26 6 36 47 12 9 41 40 1 18 20 9 9 1 38 12 0 44 34 30 11 43 41 49 
31 19 48 42 28 9 30 1 38 7 36 1 27 12 31 49 11 44 19 5 13 48 3 5 0 45 43 46 30 4 28 
2 2 36 8 6 29 14 17 14 31 22 17 33 3 24 50 11 50 13 35 19 17 24 36 37 0 33 16 44 48 35 
14 1 48 10 6 34 16 20 7 3 35 45 30 39 34 46 16 50 31 45 32 47 17 20 10 35 0 29 50 22 23 
13 21 20 29 18 22 20 23 48 40 34 42 44 10 1 25 37 36 3 41 18 17 13 3 3 18 34 0 28 1 21 
6 17 49 34 41 15 25 2 21 13 27 44 3 42 12 41 3 7 19 36 48 44 48 31 6 46 8 17 0 26 1 
38 42 23 27 35 18 44 10 20 36 50 36 15 41 15 24 14 22 42 13 15 27 10 15 24 13 20 18 28 0 45 
8 9 26 21 25 35 22 26 7 44 48 44 38 33 37 12 29 7 17 32 33 36 25 14 36 11 33 8 4 23 0 
49 0 26 32 25 29 41 10 44 16 30 3 38 15 49 16 22 40 27 28 12 34 13 1 47 13 23 34 13 36 14 
3 14 0 23 35 46 22 12 14 5 46 3 35 41 38 30 45 21 27 49 15 22 6 30 42 39 36 25 36 12 7 
8 47 9 0 3 27 39 16 31 3 44 10 26 23 33 9 49 22 13 17 19 2 7 15 21 42 47 34 31 46 10 
48 26 2 48 0 39 6 27 39 12 41 29 40 25 5 5 46 34 48 34 41 15 12 19 44 5 1 32 38 11 30 
5 35 35 44 47 0 34 25 25 44 3 23 34 2 27 40 12 33 10 16 46 14 37 48 6 46 36 7 9 43 38 
25 39 28 32 36 45 0 6 32 9 22 22 10 4 31 18 31 11 43 4 44 19 22 22 15 17 19 38 30 48 11 
27 16 32 7 29 35 7 0 20 41 46 7 2 2 45 25 5 33 17 38 15 25 15 5 50 20 3 17 13 16 18 
7 26 34 48 45 6 28 48 0 3 34 25 41 3 8 37 18 21 28 41 13 36 21 42 33 36 13 12 33 37 26 
19 44 5 24 40 32 18 4 1 0 19 27 36 15 5 41 35 13 47 14 3 33 40 23 4 32 36 34 1 13 32 
45 45 11 27 16 32 36 29 19 6 0 50 18 27 22 36 1 6 38 43 2 1 15 19 35 44 29 22 2 43 4 
48 18 42 19 25 32 25 39 40 10 49 0 34 29 9 3 15 13 1 18 32 31 47 9 11 32 30 26 27 33 37 
11 35 37 16 8 33 27 8 48 4 26 18 0 48 33 3 17 37 11 33 29 17 21 34 11 23 1 9 31 38 45 
6 49 6 4 50 15 48 13 1 21 39 6 4 0 15 6 14 50 26 9 15 44 16 45 4 21 40 1 26 43 7 
24 47 20 3 48 28 12 45 34 39 20 25 11 12 0 41 11 18 20 5 10 2 34 23 24 1 41 5 3 34 10 
14 22 20 44 48 43 36 1 17 29 2 5 42 21 45 0 20 5 33 14 10 23 31 22 33 5 41 25 47 2 7 
23 10 11 25 25 49 5 17 15 49 26 17 4 26 9 47 0 42 3 29 32 37 22 40 25 38 34 1 37 39 8 
18 39 49 10 7 43 45 18 46 47 16 38 19 15 34 7 28 0 46 25 8 49 23 19 21 21 1 21 37 37 42 
48 18 28 7 31 37 18 44 20 16 3 24 7 32 17 49 4 25 0 41 32 6 5 12 32 9 46 21 29 40 6 
23 8 32 5 50 48 11 12 34 48 39 35 27 9 6 25 16 37 5 0 23 48 46 47 6 36 43 7 47 48 35 
16 40 4 14 44 46 43 2 33 20 38 42 42 44 43 22 29 3 27 34 0 30 35 24 18 9 27 11 26 20 7 
42 14 14 49 32 50 31 13 16 10 33 15 4 36 35 7 5 4 13 14 15 0 4 21 15 5 32 16 37 6 18 
35 18 33 27 29 25 28 43 12 44 42 17 38 17 2 16 31 39 34 2 22 8 0 13 6 42 38 44 50 44 1 
35 44 8 48 26 16 33 28 8 10 29 13 42 20 23 49 16 5 13 40 1 27 4 0 4 46 27 5 27 35 41 
31 28 49 12 10 49 9 41 42 37 34 4 32 24 24 10 17 43 34 44 23 40 38 5 0 50 8 40 4 3 49 
11 6 43 18 30 1 14 30 11 25 40 25 13 27 6 47 46 31 31 36 11 12 44 42 18 0 42 41 45 12 2 
9 6 39 44 27 28 12 15 45 23 46 37 33 10 5 48 27 12 49 4 13 10 24 17 38 49 0 13 2 1 38 
11 20 19 10 17 34 37 20 1 28 36 31 37 8 40 24 30 34 37 20 16 30 46 8 39 49 33 0 23 6 28 
16 10 15 7 12 27 18 24 44 21 12 7 12 21 19 32 24 16 27 14 20 29 15 31 22 32 24 11 0 21 18 
2 15 15 23 13 26 17 30 47 14 7 7 41 17 8 9 19 26 40 8 26 17 46 42 9 38 46 34 36 0 31 
4 8 4 26 19 47 43 39 9 44 15 44 20 13 8 14 38 48 23 14 13 49 21 13 43 35 19 24 15 26 0 
30 0 34 45 16 11 49 4 16 49 12 17 30 18 47 43 32 48 34 34 45 50 48 11 22 18 5 37 41 34 34 
28 20 0 24 33 14 32 50 5 3 10 10 23 50 12 48 34 32 25 21 12 38 36 41 20 27 32 24 23 48 6 
12 13 32 0 15 34 48 6 35 34 12 32 44 31 24 36 27 49 49 25 35 24 13 20 23 47 43 30 5 7 32 
8 28 7 48 0 48 47 41 36 29 1 28 48 41 9 30 44 6 17 35 50 34 25 48 13 32 50 44 10 18 41 
19 2 28 2 4 0 5 37 34 27 39 36 13 21 25 8 27 22 12 43 4 38 13 20 8 49 34 30 45 16 49 
4 32 19 38 32 26 0 20 40 5 25 7 22 40 47 14 21 5 24 6 6 28 32 17 14 4 6 33 20 4 21 
26 43 19 29 35 5 45 0 33 43 32 7 33 7 19 47 16 24 23 44 28 29 7 39 10 21 23 15 5 34 27 
44 50 37 34 50 15 4 12 0 13 9 27 22 31 24 49 46 26 49 18 38 32 10 27 26 43 20 4 9 9 12 
41 40 49 16 39 7 47 23 19 0 33 13 13 11 35 1 8 26 16 11 25 47 16 38 47 46 35 24 11 42 31 
11 45 4 1 19 38 23 15 36 43 0 50 3 31 35 26 20 49 42 25 36 44 39 48 34 15 26 2 3 21 4 
33 36 31 39 22 18 9 10 17 14 35 0 12 30 19 26 45 35 4 21 26 36 33 36 7 37 22 47 21 36 44 
36 21 44 32 10 14 22 43 13 9 11 40 0 25 12 1 33 10 30 9 21 41 49 33 46 19 1 1 25 2 1 
21 39 24 24 28 15 18 48 10 12 23 43 41 0 12 15 47 8 25 6 5 13 18 13 16 3 38 38 49 14 10 
14 48 41 13 38 23 16 2 34 37 15 12 20 47 0 48 48 8 21 32 22 43 27 20 48 38 3 27 9 21 41 
27 20 34 1 48 26 3 29 24 43 31 7 41 19 40 0 2 48 16 18 6 30 17 18 43 18 38 29 43 26 36 
46 8 32 44 11 46 28 20 49 23 45 30 47 40 41 36 0 36 1 9 37 6 12 41 15 11 10 3 42 34 11 
48 10 3 39 47 24 25 48 9 44 24 29 17 46 11 50 21 0 28 2 32 2 28 35 39 31 35 17 18 33 1 
44 37 37 39 25 36 27 8 43 18 12 39 42 15 13 27 45 45 0 4 12 40 25 41 3 9 20 25 14 9 13 
7 8 15 9 50 38 42 29 22 26 23 13 36 34 21 14 37 21 27 0 4 40 22 14 22 11 20 46 35 31 5 
11 13 50 31 11 4 24 34 15 26 35 17 24 29 39 28 40 7 32 45 0 34 5 38 6 23 35 45 44 48 31 
42 8 48 17 15 10 14 6 24 17 41 4 6 1 19 23 49 35 34 34 31 0 40 3 36 22 7 25 44 8 26 
10 31 36 35 35 28 19 8 14 29 15 34 34 16 5 31 50 38 38 1 37 10 0 11 15 1 2 6 12 46 9 
35 20 48 48 8 11 18 22 16 41 4 41 21 5 19 47 7 37 32 41 7 38 7 0 8 39 50 20 21 34 34 
22 8 13 6 44 45 37 36 8 44 13 28 23 47 47 47 40 6 46 5 46 19 31 5 0 2 48 14 41 10 9 
41 48 38 33 19 47 29 16 12 24 11 21 29 38 28 30 15 10 11 43 10 15 25 30 38 0 4 27 8 4 46 
32 46 26 50 4 15 41 41 28 50 18 25 45 22 44 25 40 43 27 23 34 4 30 18 49 26 0 24 9 45 16 
21 22 12 16 43 16 45 30 35 14 39 25 33 12 25 36 21 3 36 13 15 35 31 31 13 29 16 0 9 2 28 
42 33 46 13 30 47 13 29 30 29 30 11 9 14 34 9 22 19 43 13 6 21 23 32 2 37 42 31 0 3 15 
50 37 28 7 22 7 29 20 33 29 24 42 23 7 34 4 26 17 48 4 7 47 17 39 23 22 10 14 12 0 44 
5 32 27 16 30 44 33 3 43 28 31 2 37 14 40 15 48 16 49 48 11 25 34 50 8 3 20 40 35 50 0 
47 0 15 9 40 24 42 16 8 28 40 22 24 24 21 24 5 11 3 50 8 24 45 16 14 33 31 49 28 8 27 
24 44 0 19 44 31 16 44 48 41 48 50 41 38 9 26 38 2 14 26 4 42 18 40 27 26 3 50 45 7 44 
43 38 50 0 2 16 29 6 31 41 9 12 14 13 2 9 34 7 7 39 46 29 36 2 5 35 7 4 42 18 28 
16 49 41 47 0 5 12 41 37 43 47 33 21 23 18 42 29 6 38 19 42 46 44 7 12 15 8 37 46 17 10 
26 14 13 13 43 0 13 23 16 47 47 44 21 14 42 13 8 13 35 13 7 2 16 24 27 32 22 43 30 32 48 
26 46 21 34 22 19 0 9 11 25 30 6 40 41 22 49 26 31 15 49 8 46 3 33 10 8 10 41 37 32 21 
21 44 34 50 22 49 50 0 30 21 45 50 3 10 34 2 13 25 2 28 6 42 29 32 25 2 24 13 11 26 12 
29 22 30 5 9 13 6 42 0 1 50 27 1 44 5 8 44 43 49 9 46 35 39 9 26 29 43 12 9 48 48 
36 40 5 9 16 28 24 5 25 0 40 7 34 2 28 30 42 35 28 18 9 31 14 3 30 27 41 14 4 26 17 
1 47 44 3 15 38 46 35 39 31 0 21 39 24 20 40 2 38 31 47 38 9 35 42 40 18 23 38 25 33 26 
15 20 30 9 39 10 41 49 14 43 46 0 50 39 37 39 43 40 33 40 26 4 33 8 38 9 17 5 4 35 42 
1 22 3 14 17 1 9 16 31 31 11 39 0 18 5 42 9 46 6 1 26 33 5 35 8 22 32 13 42 1 23 
5 37 15 22 43 25 47 26 21 39 34 25 2 0 10 15 15 16 3 47 50 21 50 4 10 10 46 37 46 42 35 
38 17 15 9 26 25 25 46 12 18 13 21 35 13 0 42 8 3 25 43 7 17 10 46 1 2 6 34 5 13 47 
38 2 34 37 1 18 10 44 35 41 41 20 42 29 38 0 1 16 41 18 2 44 12 3 35 18 29 22 15 7 21 
42 20 33 16 30 11 37 49 13 25 49 9 41 3 17 47 0 19 17 14 2 40 43 37 11 4 27 49 50 19 23 
47 46 38 15 50 22 37 26 50 27 15 17 29 44 3 35 22 0 1 19 21 10 5 1 5 31 49 34 22 13 4 
13 37 30 40 28 4 22 27 3 46 11 44 18 38 37 24 14 43 0 8 19 5 48 32 49 14 42 45 33 34 1 
38 15 14 46 15 28 38 40 16 50 13 46 49 24 11 17 37 14 18 0 8 36 41 15 44 50 15 6 32 27 36 
9 40 43 3 8 46 31 22 23 10 37 25 27 9 7 10 50 8 38 48 0 6 32 15 27 16 48 1 20 47 50 
22 7 13 31 42 24 4 46 17 16 37 15 41 9 22 12 14 6 38 40 16 0 48 44 30 31 27 25 16 37 10 
45 11 26 24 38 30 12 47 17 33 6 4 42 23 12 41 42 6 6 5 35 46 0 33 7 35 25 13 34 50 16 
49 38 10 7 22 26 40 18 22 42 50 17 40 5 35 12 6 21 19 41 36 19 10 0 33 26 49 28 19 40 14 
18 29 48 2 34 18 45 36 1 36 1 25 35 15 5 18 6 29 23 23 19 42 15 9 0 30 30 29 27 31 23 
49 22 28 8 24 22 20 38 21 17 18 21 21 34 41 12 35 46 29 9 44 49 46 18 46 0 26 14 39 22 4 
40 18 5 29 37 29 47 27 41 33 48 19 8 7 5 48 22 32 19 19 46 34 49 23 30 50 0 26 11 13 49 
9 32 17 17 27 50 16 42 47 12 16 8 5 46 11 25 42 40 13 48 4 32 20 4 8 7 20 0 33 50 38 
3 36 15 43 25 17 3 42 30 5 32 31 36 8 4 39 29 3 12 5 9 37 49 15 45 28 12 13 0 9 21 
30 34 43 10 9 30 43 12 22 44 23 50 11 8 16 24 47 13 50 20 28 18 21 45 29 17 38 50 49 0 48 
6 40 33 10 25 49 38 26 49 24 47 18 32 18 32 9 27 41 49 21 31 50 13 40 43 13 13 48 31 42 0 
43 0 43 14 25 39 34 18 1 33 18 37 21 14 27 23 11 37 3 14 20 41 47 1 28 17 7 27 44 17 13 
36 40 0 45 7 32 4 4 7 30 48 42 26 8 32 35 11 36 37 17 32 27 11 35 11 2 46 42 36 9 33 
8 24 34 0 21 33 47 26 7 45 20 7 30 24 16 29 15 40 20 44 6 21 40 27 36 36 26 5 35 6 37 
12 19 49 47 0 41 18 43 38 49 38 35 30 43 47 26 48 37 20 33 37 6 23 43 3 12 18 48 49 35 8 
42 42 2 8 9 0 39 31 27 25 11 23 3 21 6 21 42 48 30 10 39 39 36 2 19 31 40 26 46 36 24 
21 44 3 42 47 44 0 28 35 39 37 17 10 45 23 15 4 2 37 33 21 21 18 39 46 19 7 41 33 28 20 
13 36 42 2 40 30 50 0 30 10 28 14 13 42 24 23 29 41 29 5 27 38 40 14 16 4 4 5 7 24 40 
4 46 8 20 24 32 19 44 0 34 36 5 23 28 5 7 8 27 16 24 40 17 12 29 1 32 24 22 27 49 37 
25 43 6 20 25 19 6 22 50 0 42 11 47 46 20 23 16 13 9 9 46 28 40 34 34 24 42 18 8 39 1 
10 43 46 48 11 12 17 8 31 38 0 3 5 16 32 30 20 17 9 28 16 12 13 18 3 9 35 10 23 47 34 
2 48 34 50 32 19 2 49 9 11 50 0 5 29 22 44 24 24 2 5 5 25 9 31 23 39 47 26 43 39 26 
3 44 11 48 37 5 21 17 1 11 18 19 0 1 17 17 7 35 46 9 36 12 8 18 42 9 44 18 12 11 35 
43 10 10 33 9 6 44 31 35 39 3 8 2 0 44 38 7 8 14 6 32 13 30 34 3 15 46 27 20 40 44 
38 10 6 16 18 9 9 18 9 12 13 4 12 21 0 33 5 7 24 5 2 36 5 7 30 23 14 26 8 19 13 
29 25 42 42 1 44 2 36 26 30 49 41 5 44 19 0 9 19 14 20 11 39 3 15 38 8 34 4 27 44 5 
33 1 50 46 33 39 13 20 20 40 3 21 48 26 4 46 0 50 13 11 14 46 13 38 8 25 27 10 4 35 18 
41 26 43 22 47 48 41 9 12 31 47 49 44 31 9 19 5 0 40 35 12 34 41 16 30 9 21 14 43 22 7 
29 9 36 3 50 27 28 27 29 6 6 41 2 30 18 48 19 7 0 49 7 22 21 20 23 34 50 10 13 14 27 
34 49 38 5 3 38 14 42 32 33 41 29 12 29 7 44 40 37 13 0 12 3 7 44 16 36 9 40 14 19 50 
17 16 14 2 23 8 4 47 28 31 35 27 26 17 17 43 9 42 16 41 0 10 24 1 2 25 27 5 23 19 44 
48 50 24 32 16 26 16 10 6 50 40 44 9 32 28 26 32 27 49 44 50 0 48 48 29 41 43 15 12 28 46 
3 32 28 34 33 35 4 45 1 42 27 50 36 16 1 17 16 19 25 49 46 29 0 24 26 45 1 2 45 41 24 
11 5 32 11 48 9 16 26 50 44 23 37 26 8 17 1 13 33 28 25 28 46 38 0 29 1 25 8 3 40 33 
33 9 4 28 31 23 18 26 19 43 1 40 20 32 27 9 3 17 10 44 39 20 18 17 0 46 16 17 3 10 23 
1 14 36 18 11 14 33 49 28 44 33 37 14 36 24 38 27 7 2 42 22 42 43 46 45 0 13 41 38 32 16 
6 15 16 46 42 38 5 2 21 14 26 5 40 16 12 2 7 33 44 9 40 11 1 19 2 10 0 21 41 24 49 
23 46 17 12 38 18 22 19 44 36 34 25 36 39 16 18 3 28 35 43 7 9 44 24 27 46 14 0 47 45 33 
18 14 29 23 41 31 38 28 28 44 31 38 40 9 26 15 25 13 4 34 7 43 7 31 42 15 3 44 0 36 43 
5 25 24 11 18 20 47 14 49 36 30 26 1 41 13 19 20 36 48 12 22 2 44 11 26 26 8 48 31 0 26 
29 45 42 35 40 6 15 29 41 6 18 11 14 18 5 32 43 16 19 24 46 17 46 25 22 3 31 14 36 43 0 
13 0 50 34 23 8 36 34 16 2 7 5 41 46 42 44 11 39 26 7 44 33 42 30 7 31 12 49 18 14 38 
26 2 0 43 48 44 19 27 41 11 19 48 27 15 12 19 5 22 4 31 11 15 5 7 42 11 21 21 27 43 46 
37 17 2 0 14 32 4 48 49 49 26 34 48 16 39 46 7 27 18 39 26 41 45 37 4 24 21 45 2 38 24 
49 1 48 15 0 32 32 25 1 31 16 7 23 6 6 27 17 40 19 46 4 44 3 39 18 6 43 31 49 41 12 
9 47 12 25 27 0 34 50 1 7 15 32 27 38 23 19 18 39 32 27 7 31 27 6 34 30 46 12 31 10 40 
1 27 10 19 7 11 0 12 31 29 43 17 40 12 31 23 18 16 16 50 38 4 49 22 35 31 32 41 28 46 31 
23 20 41 17 15 5 17 0 19 17 9 6 9 3 35 41 41 15 26 11 13 31 47 31 23 37 3 5 26 38 25 
20 35 36 49 21 47 50 45 0 17 18 1 47 50 42 32 46 47 38 45 40 18 16 17 33 50 26 39 18 31 12 
1 42 31 42 39 22 23 5 14 0 44 42 21 9 44 12 35 47 40 41 42 6 18 32 49 8 4 18 3 49 45 
8 32 15 5 18 10 16 8 3 10 0 23 43 25 1 49 48 8 24 21 16 30 50 28 40 7 33 10 33 34 36 
5 20 6 19 36 11 6 4 26 3 19 0 40 38 32 19 14 44 31 50 11 46 44 33 34 16 9 5 25 49 35 
1 34 24 17 5 3 37 6 15 38 42 5 0 48 19 48 40 13 46 21 43 40 29 33 24 40 12 38 23 4 28 
7 32 5 41 3 36 16 21 27 17 27 38 17 0 13 20 42 46 14 36 26 47 9 4 7 46 22 1 1 28 44 
16 15 3 37 32 10 50 8 17 13 25 42 19 5 0 17 2 13 21 4 49 16 24 37 28 32 48 28 49 46 31 
35 15 44 34 1 12 36 30 31 10 43 39 48 24 1 0 5 40 49 41 44 10 31 47 30 28 42 28 25 6 35 
33 1 12 36 28 10 49 36 4 5 16 33 40 45 6 28 0 26 14 27 27 8 30 9 3 22 5 19 15 6 10 
34 12 24 47 28 42 28 13 47 42 7 5 45 37 28 27 41 0 3 24 1 17 15 48 29 27 4 43 9 14 23 
42 35 31 45 21 5 9 44 17 14 50 13 17 36 21 4 35 23 0 25 46 15 16 41 5 44 20 14 45 21 25 
50 19 50 24 50 22 25 50 16 24 18 48 36 10 1 4 49 13 9 0 23 19 20 35 18 9 27 44 26 2 2 
41 15 23 43 15 32 14 44 37 50 30 35 7 2 29 18 30 32 5 41 0 21 2 37 48 6 31 35 33 16 24 
28 50 49 15 34 4 25 44 46 20 40 5 26 10 44 35 14 34 39 41 47 0 13 22 12 31 39 28 25 37 34 
48 32 29 13 22 31 37 42 19 26 43 37 36 35 1 17 26 28 5 22 18 1 0 44 25 28 15 28 38 35 45 
26 50 8 12 22 9 27 14 38 13 49 22 16 14 48 10 28 37 11 14 13 1 21 0 16 17 47 39 5 36 7 
3 50 7 24 1 44 30 25 13 42 40 13 40 42 24 46 36 30 27 18 38 42 27 21 0 32 25 30 42 45 26 
21 23 28 32 11 50 15 42 14 5 31 4 24 20 25 1 12 29 42 22 11 9 28 18 19 0 11 24 36 42 26 
15 38 30 38 22 18 35 8 32 25 32 45 17 22 38 35 19 7 47 32 14 2 1 24 15 12 0 45 10 13 50 
27 29 50 39 41 44 24 36 48 7 16 4 47 18 41 17 43 7 31 35 43 17 40 11 12 13 38 0 7 24 10 
23 25 46 33 48 3 46 28 32 44 12 33 10 41 17 11 5 33 34 49 20 39 29 29 7 11 40 40 0 27 28 
6 17 13 38 34 41 9 14 20 38 22 15 25 38 24 11 7 49 45 2 9 5 24 25 40 35 47 17 26 0 38 
13 7 1 4 38 45 20 22 7 26 2 41 13 46 28 6 14 42 6 47 4 41 45 26 20 1 44 39 49 50 0 
45 0 42 39 33 25 16 14 21 50 29 41 36 43 19 50 18 43 28 48 35 21 5 12 30 35 23 12 26 35 38 
1 32 0 24 7 32 11 3 31 21 13 42 43 43 27 7 19 49 27 26 2 9 16 41 14 29 41 30 9 48 3 
4 39 37 0 13 29 9 12 36 38 40 16 13 8 35 43 28 12 36 24 17 24 36 50 34 29 35 41 10 28 42 
31 44 33 18 0 9 4 7 31 49 48 7 13 39 36 37 47 9 6 22 2 29 45 36 32 30 19 39 3 34 44 
18 3 8 47 10 0 22 30 40 27 40 21 31 37 26 10 12 47 14 47 33 27 36 39 27 13 36 9 1 39 41 
15 4 48 5 30 5 0 5 43 27 16 17 19 30 32 31 49 9 10 22 18 22 25 7 2 18 33 14 32 35 25 
14 30 2 37 25 17 34 0 32 47 6 7 5 38 32 17 8 6 7 46 14 28 49 29 21 19 41 48 47 38 47 
41 24 9 2 3 38 18 44 0 8 15 16 27 14 17 12 18 37 26 36 10 28 8 36 21 47 15 1 31 18 34 
20 38 44 50 16 34 46 36 30 0 30 41 12 49 32 49 2 35 13 10 1 4 23 12 29 20 34 38 39 5 38 
37 37 26 24 45 28 33 15 1 29 0 23 2 47 7 19 16 9 5 22 46 31 38 21 18 31 48 27 16 30 33 
46 8 31 42 43 4 37 26 37 21 19 0 21 12 32 29 3 26 5 10 5 25 34 17 10 8 49 17 9 44 48 
2 17 35 19 33 15 21 5 14 16 30 34 0 18 1 27 10 27 40 39 29 22 22 6 26 8 12 41 22 35 44 
38 28 32 40 19 3 36 44 49 14 32 22 42 0 45 26 42 17 16 33 48 23 27 20 15 27 31 12 10 12 21 
24 49 21 20 28 2 2 28 32 25 25 34 42 26 0 47 50 30 11 1 16 46 26 40 37 22 11 9 18 14 39 
41 26 32 28 40 34 2 22 17 24 41 39 34 8 24 0 40 36 45 19 27 1 1 10 46 26 49 10 34 49 17 
44 35 15 44 35 49 2 14 36 14 49 9 45 27 26 8 0 42 32 14 33 26 15 49 37 38 41 17 36 3 42 
24 18 23 50 31 7 24 40 24 26 38 22 9 5 28 43 7 0 33 21 18 7 29 21 17 42 30 36 29 7 44 
32 16 12 45 40 31 36 45 47 19 34 2 8 38 45 5 6 44 0 9 45 34 35 16 35 35 46 48 7 9 2 
21 46 34 30 44 23 11 15 16 48 8 13 36 2 34 6 21 33 23 0 37 24 42 20 12 11 47 1 27 10 45 
34 30 36 46 48 39 18 29 45 23 44 41 29 12 38 22 49 14 1 30 0 26 16 35 22 28 29 27 23 20 47 
22 35 6 21 14 28 27 41 5 46 38 42 39 50 44 33 14 8 24 39 49 0 38 26 30 20 19 46 14 18 20 
13 46 9 48 1 10 36 9 49 10 45 8 10 6 43 34 28 35 29 46 16 19 0 49 31 49 35 9 26 2 46 
33 14 24 35 34 42 34 41 50 34 47 6 10 14 45 41 28 20 38 37 42 12 35 0 22 4 44 48 29 49 16 
1 11 8 3 28 32 35 25 23 1 1 37 35 45 49 11 9 35 36 9 7 40 39 15 0 5 22 29 2 32 40 
45 5 43 34 34 37 49 7 37 14 6 4 48 37 36 5 27 40 24 44 36 13 43 41 9 0 12 23 43 49 6 
3 33 44 34 7 46 45 1 12 12 13 2 49 23 3 4 42 2 30 50 45 39 28 38 5 33 0 12 2 26 22 
15 7 9 31 11 24 11 14 30 41 11 27 29 12 32 34 14 21 38 6 20 21 14 49 11 14 5 0 6 30 25 
35 43 26 40 48 7 44 18 12 30 43 28 22 39 39 19 11 16 7 22 19 42 14 20 3 44 44 10 0 21 47 
19 6 35 6 7 19 1 40 15 26 40 47 9 9 13 42 49 25 11 42 4 39 49 9 6 43 29 6 38 0 4 
14 34 47 15 12 38 44 16 33 21 19 22 2 32 32 23 33 6 8 11 45 19 50 29 44 30 7 27 50 14 0 
40 0 45 2 12 13 7 50 45 48 25 49 33 42 40 24 33 38 18 28 34 10 24 49 27 9 45 35 19 22 32 
32 18 0 17 20 31 24 20 40 19 26 23 39 8 34 13 12 28 10 6 11 42 39 50 17 4 16 47 26 4 19 
23 32 23 0 16 43 32 17 22 9 50 14 49 49 3 11 22 17 15 15 47 17 25 13 12 41 43 19 50 16 16 
27 44 37 1 0 3 42 16 42 41 31 45 7 1 6 47 44 40 47 6 33 50 32 11 7 3 48 19 12 26 1 
13 18 7 44 24 0 20 13 49 50 19 6 25 25 34 2 11 25 7 15 48 4 22 44 34 16 45 34 30 49 6 
24 5 16 41 19 28 0 1 7 33 27 31 42 48 38 28 25 8 28 6 42 24 12 47 29 47 42 24 23 29 29 
37 33 50 44 46 1 10 0 35 16 24 10 18 24 38 17 12 24 7 7 42 38 6 24 7 33 12 8 38 44 27 
4 28 29 5 41 48 42 5 0 43 27 16 23 12 32 32 6 38 10 13 35 19 18 17 38 41 31 10 44 12 34 
43 22 42 39 21 33 40 20 48 0 19 21 20 15 30 26 16 44 43 25 27 24 49 26 9 9 37 11 42 14 10 
39 49 43 9 34 44 32 24 12 50 0 17 19 13 44 15 49 4 38 12 26 37 18 19 36 10 45 47 33 31 34 
23 48 7 38 30 22 27 6 46 32 34 0 21 31 26 10 6 37 32 44 10 33 24 30 38 24 22 30 8 49 40 
48 49 43 28 28 20 13 25 15 43 23 48 0 42 30 42 16 37 44 26 5 9 16 40 21 1 49 18 19 15 9 
42 19 8 7 35 36 29 3 49 41 44 12 18 0 1 38 36 33 1 46 8 35 37 33 44 31 33 9 23 27 29 
2 44 11 6 1 4 41 35 45 7 38 35 45 35 0 11 47 48 39 33 16 17 18 24 8 24 6 37 14 27 3 
27 6 26 20 40 1 2 12 1 35 45 49 6 40 20 0 1 42 48 33 35 35 21 40 12 13 34 21 4 33 46 
17 27 9 43 30 32 9 26 46 11 46 37 39 48 22 19 0 13 34 38 23 14 40 31 42 18 7 17 15 8 6 
30 48 29 5 19 18 40 13 11 39 42 17 2 23 39 49 33 0 42 41 44 22 37 17 10 33 27 47 17 25 24 
16 45 18 41 31 48 8 34 30 4 29 50 24 49 32 47 39 9 0 3 20 24 25 25 15 35 44 32 19 22 42 
22 24 39 37 24 48 50 12 42 42 42 49 13 37 16 22 14 18 29 0 37 39 39 14 6 50 41 20 4 7 38 
16 39 13 38 32 6 12 37 26 34 47 27 17 12 28 25 12 38 50 13 0 31 15 41 36 4 34 10 33 37 33 
28 47 6 4 26 4 37 26 5 10 11 27 42 46 40 12 22 3 28 26 29 0 33 5 44 8 2 49 27 34 49 
47 30 1 44 7 1 22 14 36 25 38 37 33 40 2 5 23 45 46 43 12 7 0 5 12 4 46 43 12 47 24 
6 10 42 7 14 32 26 49 40 40 40 9 18 4 38 43 50 15 42 4 30 4 32 0 42 38 40 25 39 40 11 
9 11 18 12 20 29 46 27 26 21 29 25 6 7 3 4 40 2 25 12 46 28 20 43 0 45 2 29 1 19 24 
8 38 9 29 32 30 42 6 34 10 48 24 39 22 26 6 48 26 39 34 1 23 15 29 16 0 31 41 25 18 18 
50 45 8 3 14 42 16 28 26 24 13 34 18 15 14 23 39 48 18 40 5 4 12 36 24 35 0 23 30 13 1 
39 17 39 17 10 3 16 37 9 34 40 21 50 16 22 17 5 50 16 44 43 43 7 28 14 47 34 0 23 29 29 
19 36 15 25 35 46 46 2 6 12 7 2 40 34 50 35 4 47 14 8 30 23 15 20 9 46 10 11 0 3 13 
20 44 9 30 16 4 6 25 31 26 21 3 44 4 37 41 4 24 29 29 44 37 9 22 50 47 22 46 17 0 40 
36 36 49 44 42 14 44 11 19 46 30 29 17 38 37 27 29 11 34 19 43 37 33 25 20 33 35 37 30 19 0 
33 0 11 9 42 41 36 5 1 12 23 47 43 5 33 50 15 21 22 35 23 18 11 13 49 47 49 3 25 25 9 
30 7 0 31 50 14 20 21 26 48 1 23 29 49 11 22 1 33 1 25 5 13 14 3 8 2 23 49 10 45 42 
33 30 27 0 4 44 40 13 5 19 31 45 46 24 35 1 40 12 2 27 47 17 3 50 20 47 17 5 24 49 42 
22 12 31 7 0 18 44 2 46 18 33 38 28 32 45 11 18 40 18 8 13 11 47 33 49 25 31 30 7 7 27 
35 40 7 28 10 0 34 16 18 17 8 38 16 35 45 9 40 21 6 10 29 27 37 17 36 31 25 29 32 32 38 
14 45 39 41 48 49 0 21 5 35 27 3 22 2 1 25 45 12 39 41 36 10 24 48 29 1 48 24 21 47 35 
5 34 37 29 44 43 27 0 45 47 10 19 17 21 33 27 6 36 16 12 36 13 41 42 46 28 40 48 11 41 50 
26 1 9 1 23 19 36 23 0 7 33 19 18 42 32 18 44 4 15 2 45 13 8 10 11 22 15 43 42 1 4 
45 17 5 47 34 19 8 21 11 0 8 20 13 10 30 18 46 50 10 28 35 37 34 10 46 38 19 41 49 29 8 
27 45 22 3 38 3 14 45 48 50 0 37 33 5 44 26 1 48 31 43 27 16 33 14 17 17 12 7 10 10 15 
28 10 42 4 32 26 41 7 42 16 33 0 5 13 29 49 4 30 16 21 38 22 11 6 3 43 45 31 6 36 26 
46 5 35 34 22 27 42 1 13 50 10 42 0 39 28 45 11 21 36 19 13 33 42 39 23 44 18 4 40 11 38 
46 36 21 17 21 28 21 29 7 22 13 29 3 0 21 28 31 23 29 9 32 24 46 37 23 43 4 16 13 41 5 
23 2 41 26 5 25 21 22 7 17 41 42 29 48 0 1 5 39 19 45 14 46 26 32 29 14 50 50 48 24 17 
13 8 39 3 49 11 38 28 17 4 10 1 22 42 42 0 33 18 40 23 39 16 48 18 27 10 48 21 12 13 5 
26 23 49 41 4 33 3 26 49 40 17 12 2 42 4 45 0 4 40 38 32 32 10 25 35 1 16 40 12 43 2 
40 27 15 12 28 37 2 32 39 10 30 42 41 34 22 4 46 0 27 24 15 44 32 25 32 24 16 48 14 40 39 
44 42 33 47 50 41 48 41 14 17 44 23 2 28 2 41 20 42 0 13 48 20 14 39 29 9 9 2 34 39 13 
39 38 42 50 16 39 9 45 34 32 7 6 13 7 22 21 31 47 30 0 33 47 7 1 43 19 31 3 5 38 42 
39 14 2 2 28 6 32 2 12 14 32 25 8 32 41 15 1 32 8 39 0 28 6 4 6 16 33 37 50 32 36 
36 5 7 43 44 43 4 12 29 16 40 29 35 16 1 22 49 20 2 5 30 0 22 48 50 14 33 10 46 36 46 
20 32 21 27 29 28 18 15 38 48 11 39 3 43 49 50 21 38 5 45 34 17 0 48 27 6 14 7 8 30 11 
33 8 26 34 47 8 9 9 38 24 5 35 33 4 44 42 19 5 1 15 13 23 42 0 42 12 3 35 44 21 15 
21 11 35 27 16 3 13 20 46 42 41 12 1 32 40 50 35 45 34 15 46 3 7 16 0 49 11 17 35 22 45 
24 15 39 23 3 44 50 6 39 41 29 50 10 10 24 1 22 10 2 13 18 41 11 6 20 0 19 4 20 29 5 
37 29 48 2 19 27 24 29 30 47 50 29 6 43 37 46 43 48 43 49 40 8 33 9 27 34 0 4 34 4 34 
40 30 27 35 5 1 2 8 42 48 27 44 31 6 13 39 35 19 19 24 26 7 28 31 15 30 46 0 39 26 35 
23 40 26 46 7 21 3 22 39 37 45 36 6 45 22 47 28 28 47 38 49 36 15 30 8 34 3 47 0 20 26 
5 13 33 7 26 37 19 35 50 43 37 13 30 33 30 41 1 33 10 19 3 18 43 39 36 37 26 46 38 0 23 
18 6 3 14 32 32 4 50 20 35 29 43 29 4 1 37 6 32 1 18 33 21 38 1 23 37 21 45 21 39 0 
12 0 23 47 27 26 32 11 17 1 48 38 2 13 25 41 10 40 39 38 50 31 44 46 21 41 47 18 2 41 46 
11 10 0 29 32 23 6 46 2 29 20 26 40 32 3 30 31 9 13 11 14 47 32 7 21 9 19 27 26 36 29 
14 10 27 0 6 37 29 24 32 2 35 14 39 11 19 25 42 13 44 41 10 39 6 42 27 49 30 3 9 23 5 
29 20 16 1 0 6 17 13 26 16 2 8 28 11 26 50 9 22 39 47 18 6 34 36 26 40 9 18 50 8 8 
26 16 9 48 6 0 44 23 11 13 9 29 38 28 40 3 12 45 16 28 40 8 15 12 6 50 46 35 41 11 48 
49 13 18 8 26 43 0 19 14 21 6 37 12 26 38 39 19 7 46 24 29 15 3 23 19 1 12 4 3 49 11 
10 33 50 16 10 16 20 0 20 14 11 43 31 46 22 4 46 39 25 17 31 39 40 17 32 34 46 41 50 8 15 
40 17 16 10 47 5 12 11 0 29 23 49 38 32 14 37 34 8 1 16 5 23 30 36 18 22 20 16 19 32 14 
26 21 12 49 22 27 16 36 26 0 49 34 29 46 44 32 2 8 4 46 50 39 41 35 3 43 10 31 49 38 27 
39 44 29 15 48 29 26 34 42 10 0 19 23 25 17 21 45 34 43 36 21 13 12 23 33 26 35 37 9 7 12 
46 17 48 49 11 41 50 32 47 4 26 0 25 12 36 32 17 16 18 33 49 27 39 13 18 15 27 21 47 39 14 
43 17 27 31 15 2 25 27 7 31 45 2 0 46 32 45 39 1 38 1 10 20 19 27 9 35 8 5 31 35 34 
20 4 44 33 12 10 48 32 22 30 42 40 12 0 2 4 26 43 31 23 27 27 34 46 30 44 24 40 19 46 7 
48 45 42 24 11 42 8 14 21 36 41 19 16 21 0 18 30 7 26 5 10 16 24 8 9 7 37 8 15 39 38 
20 30 36 15 33 48 48 39 42 13 18 30 11 38 36 0 8 18 26 12 15 18 15 15 37 42 24 37 34 17 25 
34 44 25 33 16 12 34 1 39 21 32 19 35 42 42 36 0 13 21 24 49 19 33 3 25 21 5 15 49 24 10 
11 15 22 17 30 24 6 29 23 24 25 18 37 42 33 49 31 0 23 45 6 11 17 10 19 7 2 41 50 12 11 
47 35 28 30 10 17 47 18 13 19 31 35 48 50 25 1 46 12 0 43 22 25 42 5 18 49 45 5 4 10 28 
34 6 18 12 27 40 40 8 32 16 3 14 11 27 26 27 19 11 45 0 6 6 30 8 40 37 6 31 10 31 16 
12 44 8 35 36 25 17 37 23 35 12 38 30 27 20 12 32 28 43 22 0 26 45 9 5 22 4 49 28 26 22 
9 31 27 17 4 10 6 27 42 1 11 33 38 10 45 19 50 31 21 26 24 0 4 18 10 40 18 35 4 13 32 
26 39 12 2 27 31 11 13 23 11 6 6 37 42 12 43 7 50 10 4 4 18 0 8 50 48 6 14 18 27 37 
25 2 14 10 25 22 22 37 34 14 8 38 9 10 20 19 17 26 49 47 11 36 44 0 10 28 9 32 12 4 21 
18 44 36 36 36 4 43 27 18 41 22 21 16 46 47 17 10 49 31 30 40 38 20 30 0 26 39 9 4 32 17 
41 11 34 14 47 15 2 23 24 16 27 40 8 8 26 41 21 48 14 12 50 33 31 24 32 0 30 24 6 10 47 
46 39 45 1 50 12 37 2 50 32 16 37 25 15 3 50 31 12 5 36 19 11 41 21 18 8 0 30 10 33 17 
41 46 14 27 21 39 45 8 8 14 4 19 49 32 46 14 9 17 22 32 50 13 2 25 29 36 48 0 25 34 43 
33 28 20 33 42 20 24 48 45 15 5 23 4 42 32 1 13 10 25 5 49 14 39 1 18 29 45 39 0 49 35 
41 21 25 16 32 27 49 16 41 26 40 12 22 7 28 27 9 11 43 28 24 39 50 29 44 20 39 20 16 0 13 
26 35 49 10 24 35 49 39 10 6 3 47 19 49 15 38 42 32 24 41 21 35 46 22 12 3 22 46 22 13 0 
