35
12
27 0 10 5 37 34 26 18 45 43 35 40 3 
37 24 0 2 41 38 43 7 5 37 47 13 22 
26 2 6 0 44 38 44 18 11 12 47 38 37 
7 3 28 16 0 14 38 5 33 8 28 38 46 
21 46 4 40 32 0 32 10 31 47 33 11 32 
20 25 8 49 17 29 0 42 40 37 15 35 36 
16 41 41 50 42 31 15 0 48 15 10 23 42 
41 28 29 30 37 7 41 24 0 42 46 46 40 
30 6 16 29 36 48 10 6 12 0 19 25 41 
41 10 40 16 19 14 18 11 2 16 0 9 39 
50 13 3 30 25 12 44 20 45 2 21 0 36 
15 36 12 17 50 18 31 22 4 39 40 28 0 
18 0 25 5 28 28 35 38 15 48 27 30 24 
45 31 0 31 1 25 5 46 40 40 4 1 34 
3 2 12 0 35 36 37 36 12 23 26 12 50 
7 16 42 10 0 14 7 39 39 7 38 23 19 
37 31 48 49 43 0 50 38 15 24 22 26 27 
24 4 29 11 42 18 0 2 19 19 32 45 9 
14 36 27 34 15 13 28 0 15 29 43 48 6 
40 37 19 23 39 48 26 35 0 41 15 37 10 
28 29 48 39 37 4 50 6 37 0 39 36 8 
24 4 50 12 45 12 49 31 7 24 0 21 5 
50 29 31 22 7 10 19 49 50 17 7 0 37 
16 39 29 26 43 43 19 2 2 12 50 36 0 
48 0 15 41 29 17 6 4 4 8 44 40 9 
24 29 0 50 27 20 37 9 8 47 14 46 6 
34 23 39 0 14 5 19 3 39 29 45 25 42 
19 40 32 44 0 13 4 29 23 50 20 3 15 
44 42 33 15 3 0 43 39 35 19 35 46 45 
18 40 49 40 41 2 0 30 29 5 8 9 30 
6 15 45 44 35 24 7 0 14 21 24 21 13 
37 38 36 37 7 40 24 35 0 44 38 26 24 
5 40 32 49 41 24 11 37 34 0 3 10 39 
49 45 50 46 28 33 24 44 20 36 0 3 3 
16 43 22 15 34 24 36 18 39 22 40 0 46 
42 9 23 47 14 35 30 35 29 48 39 13 0 
40 0 29 7 12 14 33 4 20 37 30 33 49 
2 46 0 3 10 17 42 50 27 6 5 4 20 
10 28 31 0 36 7 19 25 19 4 10 25 6 
18 25 4 7 0 18 21 9 13 26 25 45 18 
32 20 19 37 48 0 12 7 36 25 37 2 37 
2 19 13 19 6 14 0 45 42 22 47 43 42 
38 43 10 36 47 42 44 0 36 33 13 4 37 
50 38 21 42 3 40 31 31 0 23 18 6 50 
8 40 8 13 30 4 47 36 28 0 27 49 6 
3 22 39 34 44 16 5 40 15 27 0 19 18 
43 3 39 32 16 12 19 21 38 10 28 0 7 
35 32 7 30 17 19 10 24 39 16 40 32 0 
1 0 48 38 7 14 17 35 32 21 40 20 27 
15 16 0 20 16 8 29 19 43 44 33 50 12 
10 25 23 0 47 17 46 29 28 14 8 31 19 
25 13 7 22 0 26 47 36 45 13 30 15 1 
49 44 16 11 48 0 48 38 19 48 26 47 39 
44 38 15 26 11 42 0 14 7 35 1 42 46 
22 47 18 48 47 5 50 0 31 10 23 49 23 
30 19 31 16 21 13 21 49 0 16 18 29 38 
32 11 35 21 16 9 17 49 2 0 21 39 1 
31 40 22 44 27 17 29 22 40 42 0 46 43 
12 48 36 22 30 44 31 4 19 30 16 0 37 
20 29 15 2 6 1 22 10 30 30 36 31 0 
42 0 28 22 49 40 7 48 41 15 43 10 18 
23 45 0 19 9 41 36 32 1 25 36 24 49 
2 28 16 0 40 21 37 13 32 13 5 31 3 
22 32 15 12 0 32 26 22 28 19 48 30 12 
32 13 19 45 49 0 35 7 7 4 24 48 13 
42 8 20 29 30 28 0 6 18 14 16 37 9 
21 20 20 49 14 47 30 0 5 49 5 8 9 
18 19 34 28 49 25 50 49 0 35 3 21 24 
6 43 48 41 42 12 48 17 26 0 10 24 29 
16 8 43 7 44 43 14 38 1 12 0 11 12 
45 29 20 40 16 39 25 19 50 46 43 0 21 
49 39 14 37 7 42 33 8 45 5 12 41 0 
32 0 43 6 42 39 33 24 45 32 37 47 13 
43 9 0 1 38 36 6 30 21 15 22 9 5 
30 28 31 0 9 29 4 18 41 18 29 8 23 
34 34 30 17 0 22 49 40 12 43 1 45 49 
41 45 23 39 25 0 41 26 11 35 1 12 12 
2 15 16 29 20 7 0 46 14 1 28 5 2 
26 14 49 17 33 47 12 0 30 33 33 19 34 
31 29 16 27 4 48 39 33 0 22 19 15 7 
33 11 43 37 6 32 48 13 41 0 21 13 12 
42 9 28 38 40 33 29 20 47 33 0 49 42 
42 19 11 4 39 23 31 8 50 43 35 0 22 
5 25 24 2 35 6 44 10 16 4 36 45 0 
20 0 2 44 39 40 45 10 1 13 2 46 38 
21 45 0 24 18 41 6 13 50 25 6 33 15 
10 28 35 0 42 39 39 26 38 33 17 34 38 
30 42 18 5 0 33 35 10 4 30 37 32 41 
33 26 20 11 42 0 36 20 14 19 30 30 13 
11 19 12 24 26 8 0 5 5 11 37 39 49 
38 9 17 40 47 30 35 0 23 47 45 9 13 
19 16 47 48 47 21 19 1 0 13 6 44 14 
23 36 28 22 33 27 30 46 38 0 22 23 33 
20 31 18 39 45 7 17 17 11 50 0 6 10 
12 8 9 41 18 39 37 33 15 4 17 0 11 
3 14 41 20 15 13 26 48 44 14 28 16 0 
4 0 30 6 6 39 28 4 24 31 18 11 26 
19 40 0 29 49 36 41 19 16 14 7 37 32 
17 48 3 0 48 24 8 17 48 30 43 37 39 
34 31 44 37 0 50 44 30 35 3 16 1 25 
35 28 13 3 46 0 12 3 47 43 25 39 42 
26 7 1 23 2 13 0 46 27 3 40 16 5 
48 32 17 21 27 3 29 0 2 47 28 13 47 
46 15 3 18 40 41 46 9 0 42 2 12 44 
44 8 34 41 20 25 22 45 13 0 8 6 14 
46 32 20 41 46 38 46 48 45 4 0 27 37 
11 29 37 13 45 7 13 46 21 24 28 0 20 
20 39 32 22 7 18 35 39 9 39 22 9 0 
22 0 6 14 4 6 14 49 40 31 47 30 42 
39 10 0 1 6 45 10 44 23 5 50 22 8 
7 25 42 0 27 20 39 29 23 7 29 41 40 
44 9 41 7 0 25 39 40 23 9 40 33 48 
17 29 44 50 45 0 50 4 23 34 6 48 32 
23 22 20 42 19 7 0 36 11 19 12 13 37 
20 38 49 17 11 49 49 0 17 42 45 11 42 
46 30 29 7 25 19 6 38 0 12 9 34 3 
19 48 5 2 5 23 29 6 16 0 7 30 7 
2 38 12 36 7 31 40 29 12 28 0 47 40 
29 29 36 1 6 25 25 11 4 46 48 0 14 
45 47 13 20 16 5 27 39 50 22 5 38 0 
8 0 21 31 31 20 6 41 41 1 16 24 26 
37 29 0 50 41 32 19 3 6 40 49 41 11 
19 20 13 0 8 2 8 40 7 25 49 44 36 
44 45 41 48 0 6 8 13 29 24 37 33 38 
5 36 7 31 20 0 49 49 10 30 21 13 1 
44 34 39 44 26 17 0 2 39 35 15 47 38 
28 5 1 33 36 13 37 0 32 37 25 3 17 
1 10 38 26 50 35 6 23 0 32 41 5 22 
19 19 4 7 36 45 3 41 39 0 20 3 15 
49 16 24 18 35 31 14 19 31 23 0 43 17 
30 27 39 1 10 24 6 38 1 29 14 0 17 
9 31 47 43 22 13 28 32 7 24 27 34 0 
11 0 39 39 2 28 36 41 47 26 38 28 10 
6 3 0 31 15 14 16 14 20 2 7 9 5 
35 21 47 0 19 45 12 10 6 50 5 40 21 
36 5 10 15 0 39 18 41 22 3 38 37 20 
32 13 19 42 10 0 8 32 4 30 35 17 7 
39 23 2 15 28 22 0 10 1 13 10 30 9 
7 50 32 35 16 38 2 0 48 35 28 38 32 
44 18 47 43 23 36 42 1 0 39 3 26 16 
17 27 44 32 28 37 7 22 33 0 10 36 11 
27 48 39 43 34 19 23 12 36 21 0 22 11 
26 18 28 27 19 29 21 4 24 16 19 0 40 
44 20 21 48 21 16 49 34 33 36 16 26 0 
48 0 50 18 20 30 15 31 47 5 34 6 10 
9 31 0 3 4 40 32 37 11 30 49 49 14 
49 25 41 0 20 22 39 28 40 2 3 29 20 
12 1 24 10 0 35 23 35 10 14 11 40 41 
13 45 44 1 50 0 6 46 50 1 5 22 5 
24 12 25 17 7 17 0 9 6 2 34 43 40 
8 27 26 8 14 40 50 0 38 36 50 7 27 
46 27 41 47 8 30 19 7 0 29 20 37 24 
48 18 4 48 3 34 40 30 3 0 4 43 24 
30 38 36 11 6 34 20 25 6 49 0 22 30 
27 12 49 22 16 37 12 39 41 3 11 0 46 
36 2 36 2 11 28 25 42 35 18 17 20 0 
45 0 8 2 45 1 12 19 50 47 25 22 41 
36 18 0 15 16 43 5 33 28 28 40 26 4 
48 18 15 0 28 24 31 46 9 45 29 28 8 
36 17 39 29 0 34 12 50 12 31 46 17 43 
14 9 50 30 35 0 40 42 5 33 48 47 33 
48 41 26 17 30 13 0 46 7 41 7 31 26 
16 5 44 17 40 15 24 0 3 1 23 15 16 
32 16 25 6 38 23 25 38 0 20 6 31 44 
37 34 32 18 1 10 2 7 28 0 24 14 31 
46 25 16 19 24 45 33 26 26 10 0 35 15 
39 40 20 19 33 43 7 11 24 1 31 0 7 
33 7 2 41 21 9 38 8 2 45 10 13 0 
8 0 7 15 25 24 5 18 27 49 18 30 11 
41 34 0 25 35 17 4 7 46 45 10 36 17 
44 42 6 0 18 22 27 13 44 31 7 12 27 
29 32 37 20 0 33 5 8 16 27 42 50 38 
35 4 42 48 39 0 14 19 48 21 48 32 33 
50 1 5 22 5 36 0 31 35 23 49 7 36 
18 37 14 41 2 21 41 0 2 42 18 34 19 
36 15 6 17 39 14 6 31 0 50 4 20 33 
50 36 11 42 11 16 16 36 47 0 6 31 2 
1 28 47 1 8 30 42 33 17 37 0 36 40 
31 14 46 9 43 26 36 14 18 32 41 0 16 
10 50 42 26 3 48 23 30 35 5 17 11 0 
17 0 6 24 20 13 38 16 14 1 22 11 48 
21 7 0 44 21 21 18 35 19 37 31 41 9 
39 16 31 0 19 15 6 6 27 47 35 43 38 
3 16 1 30 0 16 28 16 39 39 44 6 46 
5 2 10 18 21 0 48 25 37 15 15 32 47 
8 48 50 45 16 35 0 1 36 15 7 18 5 
17 5 4 10 15 2 21 0 45 11 35 15 13 
47 39 6 49 11 6 23 39 0 35 5 23 19 
29 22 23 4 44 20 32 48 34 0 6 1 16 
45 16 22 13 45 37 36 24 33 37 0 49 28 
29 2 26 9 35 30 20 13 33 36 31 0 44 
30 18 2 42 4 17 30 41 38 41 5 46 0 
35 0 10 45 49 19 50 36 43 24 46 25 43 
45 23 0 14 5 36 39 34 10 35 29 34 27 
36 45 20 0 16 7 8 41 39 48 30 25 25 
36 21 45 33 0 50 38 20 35 43 10 48 31 
4 26 5 50 7 0 46 11 6 26 18 14 25 
30 21 36 16 5 36 0 46 15 49 39 19 16 
44 1 10 47 9 50 35 0 26 47 40 13 32 
3 42 32 2 20 19 50 18 0 8 21 4 29 
3 5 30 8 14 33 33 15 7 0 40 6 7 
36 14 48 26 34 38 28 41 9 4 0 13 14 
4 44 46 30 40 2 9 24 48 32 45 0 5 
21 28 12 14 8 48 26 14 36 26 17 6 0 
22 0 24 35 20 43 14 21 49 42 16 4 21 
38 3 0 25 5 32 32 9 4 20 43 6 7 
26 14 33 0 11 29 50 28 29 27 41 9 17 
17 39 31 34 0 11 46 14 5 24 42 27 6 
24 21 32 5 17 0 13 36 29 18 29 44 30 
31 10 21 42 38 25 0 45 48 44 9 39 43 
1 26 44 24 30 2 33 0 35 37 28 38 8 
18 24 12 14 5 31 49 39 0 45 2 4 1 
25 22 17 49 47 30 12 16 33 0 40 4 42 
20 12 49 17 47 10 43 4 23 14 0 24 15 
14 32 43 14 10 1 48 50 22 43 49 0 9 
35 34 39 8 17 23 26 29 21 20 44 44 0 
32 0 33 43 36 9 1 29 12 48 3 36 15 
38 48 0 7 33 42 5 21 27 13 41 32 13 
21 36 37 0 1 39 46 44 45 38 49 33 27 
8 13 42 22 0 15 38 11 33 49 24 21 19 
17 43 38 17 50 0 17 31 42 1 30 15 23 
14 28 24 3 9 42 0 28 39 16 30 25 29 
13 49 13 26 30 50 15 0 48 16 19 35 46 
8 28 45 22 19 41 27 29 0 48 19 9 37 
14 9 24 7 47 32 4 37 19 0 9 4 2 
5 6 12 1 15 18 7 46 44 29 0 45 31 
47 7 21 25 4 46 32 45 40 26 12 0 22 
26 8 2 35 15 48 27 49 25 44 17 13 0 
30 0 26 14 31 12 14 43 36 14 44 11 41 
12 29 0 34 23 28 10 12 29 45 40 25 8 
16 23 31 0 47 2 47 7 4 40 8 46 28 
33 1 33 27 0 33 26 9 33 48 12 23 37 
14 4 22 16 33 0 38 19 40 1 7 15 40 
33 47 35 18 38 8 0 1 5 34 7 41 27 
28 35 47 19 32 43 11 0 5 1 45 34 48 
25 41 21 2 39 6 28 27 0 37 43 45 37 
41 42 46 40 11 19 3 8 14 0 46 39 48 
42 50 8 9 46 11 40 38 13 38 0 43 47 
37 49 16 28 30 15 41 35 40 11 28 0 40 
47 21 44 32 43 27 35 30 3 23 11 39 0 
48 0 19 31 26 4 7 24 4 49 49 4 13 
4 25 0 29 49 6 5 9 32 23 19 12 26 
18 8 46 0 37 3 14 44 14 38 27 30 11 
35 15 31 34 0 37 25 42 48 17 32 29 18 
48 37 25 49 15 0 30 17 30 7 5 9 46 
11 37 2 36 5 41 0 25 28 46 18 15 41 
24 25 45 49 27 14 10 0 37 30 29 39 17 
40 46 49 8 10 50 4 30 0 7 35 23 50 
23 6 43 27 7 1 22 31 22 0 34 26 40 
36 19 3 44 46 23 17 32 49 35 0 46 10 
42 17 19 46 15 35 34 39 3 45 26 0 22 
22 33 30 29 7 9 45 6 21 9 23 41 0 
47 0 11 35 35 19 41 2 38 10 34 36 41 
33 27 0 17 37 50 37 38 41 44 32 23 13 
43 38 26 0 40 41 41 39 33 44 28 49 4 
1 50 21 12 0 43 38 12 38 48 40 46 31 
43 8 6 35 22 0 33 47 15 39 22 43 31 
16 13 48 20 45 3 0 47 5 28 13 37 1 
17 26 48 6 21 35 16 0 4 42 45 48 33 
35 5 11 12 32 35 16 30 0 8 40 47 31 
41 42 44 45 44 42 4 30 22 0 6 18 47 
35 41 45 5 6 39 40 22 15 15 0 36 40 
42 35 24 44 48 8 44 27 29 17 16 0 30 
42 21 10 1 42 18 12 30 37 15 28 41 0 
41 0 12 24 19 1 26 17 26 6 4 3 9 
18 10 0 33 15 12 42 18 18 26 15 13 35 
29 39 30 0 48 4 7 3 28 8 34 4 37 
34 25 27 4 0 1 41 24 38 19 2 34 32 
35 48 18 46 47 0 10 16 26 49 39 40 12 
46 19 23 50 1 26 0 1 34 7 47 31 38 
15 15 18 35 41 25 17 0 28 6 49 13 7 
39 8 31 49 19 28 38 45 0 36 16 8 32 
19 24 38 43 1 1 25 39 17 0 31 32 33 
43 31 35 24 22 13 7 47 7 16 0 11 44 
45 3 15 29 9 37 2 50 7 36 17 0 17 
38 24 27 5 24 25 41 9 26 49 7 39 0 
44 0 15 24 24 9 12 25 3 14 45 49 49 
36 47 0 30 31 29 33 27 7 14 18 37 48 
36 2 24 0 33 26 3 18 47 46 27 36 45 
14 29 41 46 0 11 15 4 44 26 28 20 28 
45 11 30 44 22 0 1 25 26 29 26 38 7 
39 43 27 11 27 3 0 3 9 11 35 17 1 
42 32 46 49 15 43 23 0 8 33 46 38 16 
23 25 25 46 2 11 17 38 0 41 35 7 19 
39 44 18 23 26 11 17 10 44 0 30 2 41 
5 27 11 36 3 30 25 43 5 12 0 39 2 
29 7 7 1 19 29 11 8 25 28 11 0 22 
26 1 33 22 29 29 23 44 23 34 42 26 0 
50 0 31 36 11 10 15 15 28 5 16 44 19 
4 17 0 42 15 20 45 16 28 16 40 10 3 
47 3 14 0 27 39 46 30 45 16 32 2 38 
44 50 48 11 0 14 34 17 11 7 15 18 13 
37 8 24 28 18 0 15 10 10 21 33 14 8 
1 38 39 10 37 50 0 3 23 16 4 21 20 
48 6 15 33 24 50 47 0 33 36 1 40 31 
22 2 27 2 22 42 17 12 0 36 41 10 26 
46 7 24 8 12 46 48 34 38 0 4 31 13 
50 28 37 22 37 32 23 1 49 8 0 39 36 
23 2 2 24 37 10 35 8 47 39 37 0 17 
26 40 21 40 4 7 44 18 21 15 2 44 0 
6 0 46 25 5 19 10 28 38 19 39 35 11 
44 24 0 47 28 20 24 16 12 41 20 46 48 
12 33 47 0 42 14 21 15 8 50 8 19 42 
36 31 40 38 0 12 50 49 37 5 10 46 30 
10 16 48 48 49 0 41 3 36 50 28 43 37 
13 36 25 48 25 27 0 11 37 6 6 43 40 
34 29 50 42 22 9 43 0 2 37 18 33 49 
23 17 10 10 6 33 42 8 0 38 4 25 27 
25 1 13 29 49 10 24 5 23 0 9 14 21 
42 11 15 41 35 41 50 45 4 27 0 25 8 
18 2 31 24 15 35 2 31 4 24 18 0 21 
47 15 3 27 45 28 26 15 3 39 19 45 0 
18 0 1 24 47 4 30 23 49 27 5 11 48 
29 1 0 40 38 8 34 17 18 44 45 45 20 
38 24 1 0 26 1 11 6 29 34 37 6 14 
12 5 28 25 0 1 19 44 43 5 6 48 44 
38 38 7 20 23 0 1 1 24 7 4 9 30 
29 48 49 17 50 32 0 14 43 45 27 27 3 
6 43 18 26 1 3 16 0 33 26 7 38 14 
4 37 7 34 36 33 8 8 0 46 48 46 4 
21 28 43 23 43 6 50 12 12 0 4 14 30 
33 26 23 4 39 27 5 22 10 35 0 13 13 
26 31 7 12 19 19 7 9 48 15 6 0 23 
10 44 40 21 8 26 2 50 23 27 1 10 0 
10 0 4 20 20 44 24 44 36 16 31 47 12 
49 39 0 44 43 47 6 33 19 21 50 45 45 
37 34 15 0 34 34 13 41 49 31 48 2 15 
50 38 15 25 0 21 21 8 30 47 29 23 20 
33 10 4 18 45 0 32 40 11 10 25 33 11 
9 10 3 3 40 48 0 32 2 37 30 44 10 
41 9 48 50 43 16 49 0 9 12 46 2 24 
10 23 5 49 8 42 5 25 0 6 5 16 12 
19 5 40 49 48 22 33 3 16 0 44 28 36 
35 40 18 45 27 25 50 13 8 29 0 44 18 
43 33 44 45 25 20 4 36 43 36 32 0 39 
26 50 12 40 13 50 9 16 46 20 14 19 0 
25 0 11 49 32 6 3 4 41 11 23 6 15 
28 38 0 28 47 41 42 43 49 8 30 19 27 
14 10 1 0 9 21 29 22 24 20 26 21 15 
21 23 31 41 0 33 42 28 4 44 47 13 25 
22 12 26 4 27 0 16 11 45 43 22 19 47 
3 46 20 33 1 33 0 46 3 18 14 26 18 
12 3 17 17 2 16 33 0 17 48 26 37 9 
3 19 48 4 16 26 22 49 0 5 34 39 37 
22 45 3 12 2 10 8 8 36 0 8 43 25 
49 45 44 28 40 2 50 27 9 12 0 31 33 
36 42 38 42 42 27 14 28 15 30 45 0 8 
13 22 15 38 18 30 23 45 26 23 5 22 0 
33 0 45 10 3 35 12 28 11 15 21 27 11 
23 17 0 16 9 45 15 11 20 50 36 15 18 
38 12 10 0 30 39 36 7 13 37 17 9 48 
18 11 44 3 0 3 34 43 42 46 5 16 2 
14 14 1 12 13 0 36 22 47 30 43 15 23 
3 48 23 30 14 14 0 24 7 8 19 42 35 
21 8 17 17 44 24 23 0 34 47 8 17 25 
35 46 50 2 46 12 18 26 0 46 22 1 5 
12 13 29 32 31 10 44 45 23 0 16 41 6 
19 5 4 7 20 32 26 45 32 48 0 45 19 
14 23 11 47 2 17 39 50 7 13 5 0 31 
45 41 3 38 14 22 3 19 5 45 33 41 0 
8 0 11 6 14 46 6 23 15 19 10 19 9 
49 48 0 44 6 28 42 49 7 1 23 12 30 
29 39 31 0 11 46 26 15 19 41 21 39 41 
12 25 5 1 0 40 41 13 35 23 45 40 17 
28 47 42 13 47 0 26 41 36 50 27 36 7 
25 13 19 43 46 50 0 19 28 9 4 45 3 
38 48 17 10 11 27 7 0 35 49 15 34 49 
34 2 23 15 31 4 42 35 0 40 48 26 28 
22 21 40 24 27 13 8 24 2 0 40 26 49 
9 31 25 23 20 1 8 11 29 20 0 9 45 
27 4 47 6 13 10 13 40 22 40 38 0 41 
38 34 9 37 7 10 48 45 26 24 6 50 0 
29 0 19 16 39 40 16 49 3 12 45 47 23 
16 3 0 11 43 27 37 28 20 43 35 35 37 
43 22 5 0 20 23 14 20 4 49 48 27 45 
45 25 50 7 0 41 36 29 44 38 37 22 4 
50 6 19 39 46 0 36 7 44 35 29 47 19 
12 30 30 48 26 43 0 24 18 26 17 48 3 
37 22 30 8 7 42 50 0 6 50 1 21 18 
46 31 8 13 41 34 10 16 0 28 32 45 11 
7 32 18 45 13 4 28 33 8 0 17 3 25 
7 50 38 43 30 41 20 11 10 12 0 3 45 
36 12 28 43 7 32 25 6 27 19 2 0 26 
24 6 44 46 23 38 11 30 29 34 7 41 0 
46 0 18 37 38 13 34 2 45 29 24 10 2 
27 36 0 26 26 43 48 49 38 49 13 20 25 
48 25 39 0 22 2 23 17 3 5 38 48 40 
45 37 44 43 0 18 7 47 1 46 42 20 38 
13 35 38 31 35 0 19 42 34 49 13 41 39 
46 30 43 7 7 8 0 47 40 38 36 32 6 
5 6 21 42 17 19 29 0 6 5 2 10 18 
36 36 18 37 46 15 42 33 0 47 6 47 38 
15 41 45 39 45 30 50 27 4 0 32 27 30 
48 1 18 30 35 35 34 45 20 26 0 21 21 
40 11 44 24 45 49 9 50 9 33 28 0 27 
25 40 11 25 2 34 15 4 10 39 39 45 0 
47 0 12 48 12 23 3 19 39 20 24 50 35 
37 26 0 32 5 23 28 21 16 23 41 6 46 
24 9 43 0 37 11 17 12 2 22 49 28 33 
2 48 28 7 0 15 39 7 1 41 27 39 27 
2 11 32 32 18 0 23 23 6 7 3 38 14 
11 32 29 4 13 48 0 13 38 49 49 3 26 
1 15 2 34 35 5 6 0 48 20 16 35 1 
36 30 35 49 27 22 27 49 0 10 14 46 33 
11 4 39 43 14 2 29 3 8 0 6 32 4 
22 40 22 3 48 41 45 45 47 29 0 18 33 
14 15 11 28 23 4 17 38 19 19 24 0 32 
16 13 35 18 38 32 43 31 49 31 27 38 0 
50 0 25 2 20 19 2 37 33 36 7 30 50 
42 2 0 31 4 39 44 35 4 16 40 37 35 
6 28 8 0 15 36 38 35 33 38 24 28 49 
2 48 19 18 0 32 41 46 10 33 36 27 37 
2 39 42 5 47 0 24 22 10 38 18 14 42 
44 22 47 48 23 48 0 12 18 24 33 3 42 
26 18 22 26 44 28 3 0 21 1 22 14 48 
47 30 36 15 3 18 11 35 0 34 28 24 11 
45 49 37 35 24 9 13 20 37 0 50 30 30 
2 47 16 10 15 44 41 23 9 50 0 2 43 
12 48 16 6 22 18 9 48 44 12 32 0 46 
41 18 47 43 9 44 11 47 1 7 13 7 0 
