37
30
10 0 41 29 46 47 32 12 5 23 11 36 10 43 44 32 26 18 1 17 39 21 44 11 33 4 47 28 49 18 46 
46 15 0 34 45 48 43 44 24 38 16 44 27 31 1 19 24 45 39 47 26 40 49 20 34 42 16 31 46 43 1 
4 13 38 0 28 15 22 26 48 46 40 32 45 13 1 46 45 14 10 15 30 2 40 3 42 7 47 46 1 4 33 
13 48 32 38 0 13 31 39 4 36 47 48 47 43 8 44 45 37 19 38 47 3 21 32 13 50 15 11 47 21 18 
27 26 45 14 27 0 35 14 26 38 15 7 11 25 18 32 5 47 45 48 12 11 27 13 7 31 42 17 19 38 49 
21 43 33 19 21 23 0 3 30 31 10 32 11 31 23 41 42 47 14 31 45 18 16 49 10 7 50 13 38 34 35 
18 45 38 40 44 14 28 0 6 47 10 3 17 14 39 31 1 46 41 17 39 46 4 39 44 31 6 45 24 12 22 
11 15 47 46 43 38 23 42 0 30 27 15 41 17 22 42 1 2 10 29 6 4 23 21 46 40 15 6 45 9 39 
20 5 45 26 49 38 21 18 47 0 44 29 5 12 40 25 6 37 18 2 31 4 35 45 7 18 39 45 2 7 29 
32 28 33 41 8 10 47 41 23 5 0 31 34 14 36 28 50 11 32 22 34 28 39 43 29 36 35 10 38 9 10 
44 20 12 18 12 1 23 21 32 15 9 0 47 45 48 1 20 21 10 29 18 28 13 31 23 1 44 36 4 5 24 
50 9 32 14 11 11 23 46 24 27 28 41 0 50 7 25 31 45 46 29 16 15 1 10 41 33 31 40 39 17 19 
16 19 16 9 15 1 15 32 37 40 48 25 36 0 3 41 38 14 24 48 20 50 40 26 40 10 49 50 42 31 31 
22 35 30 6 11 10 25 42 42 25 17 13 9 39 0 19 40 16 7 1 45 18 16 41 47 20 27 43 27 50 17 
2 24 1 7 19 13 46 31 43 32 14 22 33 24 4 0 37 32 37 21 20 34 43 42 37 13 6 44 33 36 35 
17 48 42 26 24 44 13 2 21 6 44 36 15 19 32 46 0 34 17 44 34 45 7 7 30 33 9 32 14 45 13 
20 14 45 8 15 16 31 7 1 10 24 30 17 15 26 49 29 0 23 5 17 23 27 39 2 40 11 42 12 43 16 
12 49 8 8 37 31 41 7 4 16 16 27 17 35 10 16 40 42 0 4 35 30 10 10 28 41 43 26 44 18 5 
25 19 14 35 48 26 22 9 29 46 9 23 19 40 2 46 11 5 43 0 25 21 50 9 9 37 3 40 31 18 45 
6 48 39 50 41 47 13 33 37 35 45 32 13 9 27 8 41 20 26 46 0 32 21 1 44 34 26 11 6 49 46 
36 41 42 34 41 11 34 20 49 5 33 28 19 8 31 40 37 50 32 29 12 0 21 6 22 13 35 47 45 16 16 
37 8 34 41 49 4 41 30 19 16 24 22 21 21 14 5 3 44 14 45 39 11 0 25 20 34 16 35 20 22 6 
15 39 4 34 18 26 45 28 9 27 49 8 32 16 6 41 50 35 9 9 33 4 32 0 21 28 27 33 15 7 34 
19 21 8 13 2 35 18 38 3 39 10 26 35 38 46 31 29 9 15 44 16 1 11 14 0 24 11 8 34 7 42 
43 30 21 26 8 28 1 20 15 21 23 13 32 21 49 8 20 44 25 47 49 25 1 13 18 0 19 10 45 40 41 
28 35 31 12 46 30 5 9 31 18 31 9 44 44 22 4 19 41 15 17 42 15 9 10 43 19 0 30 8 8 39 
18 6 31 25 44 38 32 21 25 19 3 11 14 8 17 40 31 7 42 15 1 20 30 23 49 13 27 0 22 19 28 
1 47 1 42 50 25 29 20 1 34 22 48 16 46 14 32 1 2 43 4 38 24 17 44 39 49 27 8 0 26 31 
12 10 2 48 19 6 10 23 8 43 12 11 6 8 43 3 4 35 10 18 13 26 30 16 40 27 31 8 3 0 2 
49 22 44 21 23 12 46 19 28 8 22 29 45 50 43 28 18 10 1 36 45 43 49 9 18 37 31 37 8 42 0 
26 0 3 20 6 45 40 17 36 36 32 7 36 7 2 47 35 32 31 23 13 10 21 7 17 7 7 23 36 3 37 
32 10 0 12 36 33 19 9 39 5 3 11 32 25 20 29 10 36 48 13 34 5 50 14 45 33 5 46 3 49 39 
18 31 34 0 49 1 48 24 22 19 28 26 43 26 21 3 28 47 38 39 48 21 26 24 19 32 32 46 18 3 28 
24 6 40 16 0 36 30 49 26 20 32 36 14 29 35 9 12 25 44 42 6 8 8 15 2 18 42 8 16 18 19 
3 7 19 42 5 0 20 4 10 36 24 30 22 19 7 12 7 48 40 10 20 8 3 26 48 20 16 42 39 49 45 
23 33 9 1 29 29 0 46 38 31 40 9 15 9 19 27 37 40 8 40 12 45 19 6 48 12 1 32 22 22 40 
28 16 12 41 2 47 14 0 19 29 34 12 11 9 21 12 43 44 7 21 34 26 34 49 37 1 5 28 12 40 29 
48 24 16 41 12 44 3 18 0 18 30 24 21 30 7 50 34 10 35 36 19 7 25 1 38 14 45 17 25 41 48 
20 2 29 50 36 38 45 19 10 0 18 41 27 40 42 11 5 5 42 38 17 45 43 26 22 23 23 24 29 28 17 
27 29 27 21 11 22 43 31 21 13 0 40 42 26 19 28 30 35 10 27 9 40 25 38 25 3 28 27 8 28 13 
15 16 41 43 41 12 50 20 31 40 13 0 25 22 26 27 4 17 8 44 43 39 15 2 19 28 3 41 2 19 34 
45 35 3 9 48 25 1 33 28 16 30 16 0 29 38 46 16 4 13 49 49 11 20 14 35 25 1 15 23 16 39 
22 49 2 48 46 28 22 13 28 2 4 35 31 0 28 13 23 36 15 23 13 49 29 4 20 24 26 21 19 34 48 
11 29 18 39 45 32 15 31 42 19 44 41 35 47 0 46 26 40 37 22 2 15 50 50 4 40 43 46 33 25 21 
7 3 30 30 42 25 18 42 33 32 9 5 23 5 19 0 9 45 7 24 48 36 35 47 32 34 11 30 15 49 3 
37 33 7 22 12 41 12 5 6 22 9 48 4 41 44 10 0 28 45 35 32 49 39 9 28 35 23 6 48 47 31 
46 3 43 31 45 27 49 1 44 28 48 40 2 3 39 39 31 0 7 39 24 34 35 30 17 5 48 24 30 38 39 
35 14 8 25 26 6 5 24 46 18 11 27 2 7 35 9 38 7 0 39 46 42 50 10 24 48 11 24 26 26 48 
3 20 13 5 43 34 33 27 27 33 34 8 12 21 13 7 34 23 33 0 47 10 18 42 43 48 36 4 35 28 15 
33 29 49 48 15 42 14 47 14 1 27 12 30 6 13 35 39 40 11 41 0 28 1 44 30 38 35 29 21 8 8 
31 48 50 12 1 5 10 14 6 21 44 37 9 32 21 49 38 36 30 13 48 0 15 25 37 38 32 35 19 11 30 
14 44 39 7 21 29 12 18 6 8 26 25 34 40 48 41 42 13 10 40 48 43 0 41 46 10 17 24 13 25 19 
21 41 4 26 8 1 49 3 11 42 37 21 31 23 37 23 31 35 40 47 41 23 10 0 21 33 22 3 44 47 5 
6 50 43 37 38 36 22 8 33 47 43 40 2 18 3 27 12 18 9 38 36 39 23 29 0 29 48 31 33 43 36 
48 5 7 7 36 38 28 45 36 2 1 24 2 43 4 2 22 42 18 7 10 35 36 10 20 0 17 27 15 8 40 
5 40 15 47 49 38 34 45 33 16 50 18 33 7 37 13 37 30 25 28 27 39 15 37 27 14 0 20 48 38 20 
11 13 37 47 47 12 9 6 44 16 18 27 10 3 7 42 3 29 23 7 30 47 40 31 14 16 26 0 29 20 36 
19 36 8 13 5 37 32 37 11 26 5 32 37 9 10 50 30 13 30 36 12 42 25 31 40 15 24 6 0 33 31 
37 30 36 9 48 33 19 47 48 21 10 16 18 48 3 49 11 31 22 14 37 14 49 35 24 27 12 27 24 0 40 
14 26 4 30 39 25 47 28 12 28 31 33 15 10 26 46 24 28 29 42 5 43 35 20 45 24 32 1 36 22 0 
21 0 43 24 9 8 34 13 39 9 29 2 34 20 44 33 5 49 39 9 28 3 35 49 32 36 21 42 35 36 16 
44 46 0 42 40 7 39 10 7 3 42 34 36 19 50 40 22 23 42 37 41 25 43 42 8 19 37 44 42 23 37 
43 29 3 0 44 35 7 42 31 37 44 46 43 37 18 45 18 16 49 42 15 49 1 48 46 42 1 4 34 22 21 
46 18 34 17 0 50 5 33 26 15 34 31 43 5 43 46 32 7 25 14 2 21 45 50 9 38 43 31 8 2 35 
4 8 9 17 49 0 28 10 20 18 40 35 40 34 9 35 7 47 6 1 10 44 29 21 21 50 1 18 26 30 8 
25 26 24 31 31 24 0 34 38 45 18 23 38 8 25 17 32 11 42 25 32 47 26 8 43 41 25 37 39 18 48 
11 34 41 11 15 10 17 0 4 29 12 23 9 11 34 38 7 22 47 4 19 41 27 2 49 12 50 18 32 41 6 
37 46 21 48 7 39 47 48 0 10 8 15 8 13 13 9 38 15 25 5 34 3 41 35 49 8 35 33 43 49 16 
42 35 14 24 25 28 38 14 27 0 49 11 25 37 47 4 33 14 39 40 24 36 44 28 7 3 46 11 23 41 22 
7 5 49 45 16 31 45 40 39 31 0 1 1 48 6 24 29 4 39 46 25 22 44 3 26 30 48 8 7 21 29 
18 16 24 6 43 6 26 43 32 24 39 0 25 1 10 24 36 47 22 34 24 43 23 27 16 1 13 2 24 15 18 
24 38 19 10 14 36 27 43 14 18 4 12 0 8 23 37 47 44 44 2 45 2 36 24 47 37 46 39 9 5 30 
4 2 28 14 50 1 6 42 47 39 9 5 9 0 16 21 31 16 5 30 4 20 9 22 20 17 38 15 23 23 18 
47 19 38 34 14 2 34 44 23 36 41 3 47 14 0 37 48 28 8 27 7 31 34 29 1 11 46 31 8 48 13 
37 34 19 29 42 40 17 25 3 19 48 22 33 44 14 0 18 12 8 34 19 10 7 47 17 38 13 40 37 23 19 
22 26 47 10 50 8 34 19 23 48 31 3 6 8 9 9 0 1 36 38 44 34 23 25 29 4 31 38 3 41 29 
50 31 3 35 48 22 25 24 45 6 34 44 36 37 38 7 1 0 40 8 29 13 5 49 30 35 49 2 18 6 19 
21 32 28 44 48 1 1 22 10 37 35 28 42 33 10 41 37 39 0 41 48 30 48 45 12 17 45 32 23 50 49 
21 7 18 26 36 3 16 42 39 38 6 29 30 21 45 35 14 17 21 0 45 12 14 28 9 40 23 37 16 28 3 
19 29 23 11 17 28 10 17 47 8 25 45 50 3 42 1 18 24 18 32 0 32 16 3 5 38 8 30 9 36 13 
16 50 15 36 20 28 7 20 5 17 26 48 20 13 21 18 14 25 18 39 5 0 14 49 46 22 4 26 19 24 9 
49 1 31 35 42 26 30 14 34 14 45 49 19 1 7 35 46 40 35 21 44 5 0 42 48 8 3 1 20 15 17 
2 39 47 47 19 25 18 36 22 46 38 50 41 4 44 7 45 48 39 38 8 37 34 0 4 15 44 10 33 27 40 
25 11 50 18 12 7 2 23 33 33 18 11 19 40 33 44 15 38 5 2 8 4 32 28 0 9 16 5 44 32 25 
16 35 9 32 21 27 1 24 42 38 5 22 16 7 20 47 18 45 21 21 30 22 29 26 32 0 22 30 23 9 47 
2 9 42 8 18 33 2 38 19 7 44 42 46 17 47 36 38 26 8 13 49 11 23 11 46 44 0 7 34 50 50 
48 29 15 46 37 46 31 9 40 38 45 31 26 15 28 39 26 13 29 47 34 4 16 47 48 41 37 0 32 12 24 
27 19 38 19 9 16 27 50 30 1 6 30 36 21 18 18 35 9 33 8 19 45 5 4 17 44 14 19 0 49 46 
10 49 47 16 11 27 43 8 7 13 12 26 33 29 41 5 18 46 30 30 7 28 49 5 6 33 14 35 3 0 15 
3 9 2 35 41 7 33 21 10 41 26 28 3 21 47 43 12 27 13 12 26 18 40 19 40 32 1 43 11 29 0 
14 0 9 5 42 11 3 25 48 38 34 23 48 36 39 5 30 26 29 8 13 21 38 22 42 39 35 20 33 45 9 
7 40 0 10 31 28 17 23 11 10 44 19 14 39 29 40 29 33 1 15 11 7 22 35 49 9 26 38 14 4 26 
34 42 4 0 30 28 33 39 6 11 38 7 16 19 15 45 7 50 43 2 11 3 19 19 35 3 35 6 11 22 2 
30 10 7 34 0 11 27 11 9 2 7 40 27 40 27 4 41 4 21 4 3 27 45 12 44 24 15 23 19 28 44 
28 28 34 10 9 0 48 9 35 5 19 46 41 42 45 21 26 30 43 31 12 32 35 8 20 26 35 48 14 11 46 
4 43 32 8 30 12 0 44 31 18 7 33 19 16 36 8 36 4 17 23 49 35 31 38 16 13 43 21 15 34 25 
50 46 25 9 15 3 9 0 34 16 10 33 49 26 24 30 13 20 22 13 40 31 32 41 12 11 24 6 17 46 38 
41 30 47 44 8 37 45 8 0 22 5 27 20 2 13 17 36 6 14 37 50 24 49 2 44 44 19 5 13 48 41 
48 43 39 28 20 4 3 33 17 0 44 19 12 1 8 14 11 30 29 46 25 19 42 31 46 15 42 28 4 50 40 
32 32 10 31 8 35 32 24 44 14 0 34 24 47 44 32 12 49 45 31 33 39 27 18 24 23 6 13 43 14 28 
26 50 33 28 12 37 3 21 50 29 30 0 6 35 33 41 46 45 38 14 4 44 33 23 17 1 6 15 37 9 2 
22 40 11 17 38 35 41 20 32 45 9 29 0 45 2 4 33 43 35 33 27 11 26 29 10 34 43 27 16 28 7 
23 17 12 48 8 40 46 18 45 7 5 26 6 0 20 46 16 38 21 14 18 13 30 4 32 41 47 11 2 34 45 
8 25 43 26 23 42 17 47 45 14 38 25 40 26 0 22 36 20 10 15 18 5 6 3 10 44 44 13 30 7 12 
29 44 35 1 49 31 33 30 48 4 50 42 27 50 31 0 39 40 28 11 6 27 2 37 16 40 3 23 34 33 29 
29 37 41 33 35 44 40 40 28 42 4 41 13 12 19 14 0 30 3 30 6 5 35 20 2 35 28 8 20 11 47 
8 50 48 19 25 13 2 44 16 37 49 50 1 19 3 37 40 0 26 47 26 23 21 4 28 25 44 17 39 49 8 
37 21 29 32 35 4 43 44 37 6 13 36 38 44 7 5 35 2 0 50 49 38 32 23 36 24 37 46 21 45 31 
46 13 46 8 50 29 21 19 35 49 44 46 40 42 13 37 34 11 21 0 20 10 16 39 50 20 5 49 44 8 48 
8 22 50 6 11 1 41 30 44 29 34 16 17 1 6 43 43 32 23 38 0 4 36 50 26 22 30 24 47 38 46 
30 28 11 38 42 22 47 34 31 13 47 4 18 43 36 44 50 38 45 28 13 0 17 22 21 45 23 23 24 35 31 
27 45 42 49 49 7 6 30 10 34 46 9 1 10 41 50 18 8 40 29 31 36 0 2 11 33 14 6 41 43 19 
50 23 50 1 37 2 12 20 44 29 39 21 29 11 32 4 17 12 30 45 5 15 34 0 7 1 41 43 32 16 36 
2 15 37 42 34 24 10 50 24 39 38 49 15 12 40 11 8 42 30 30 47 44 11 49 0 14 36 39 44 1 46 
10 31 4 9 28 24 34 38 28 9 45 17 39 41 8 7 1 23 17 40 33 2 3 37 39 0 8 5 39 28 49 
35 17 50 28 30 8 45 7 35 17 27 21 14 21 35 31 6 20 41 8 36 17 27 11 14 9 0 29 18 20 20 
19 46 10 30 25 28 17 11 12 1 13 44 39 1 13 13 38 32 2 9 3 36 48 20 13 19 41 0 40 15 21 
29 27 37 15 48 32 11 35 47 8 14 45 8 41 46 42 28 27 48 1 21 47 16 12 18 34 48 41 0 17 6 
38 28 47 41 22 36 8 25 4 32 2 4 35 45 45 8 28 8 25 22 41 14 42 14 50 33 11 26 47 0 14 
35 21 18 41 20 36 48 17 19 10 35 4 24 17 50 18 12 22 17 10 7 40 16 46 16 24 37 33 41 40 0 
25 0 32 29 40 47 31 37 45 25 10 10 11 39 15 37 38 41 26 15 33 21 39 10 37 8 45 6 22 26 47 
50 16 0 26 30 36 3 26 34 20 19 31 18 48 8 50 46 2 1 10 29 33 12 19 9 19 36 23 42 33 2 
26 15 19 0 28 10 45 36 9 30 34 13 8 6 46 2 4 42 3 37 13 44 5 13 48 14 39 47 18 12 50 
31 34 2 18 0 44 17 49 21 48 6 11 43 21 26 16 26 6 24 7 16 45 20 5 21 9 21 3 22 14 22 
49 18 48 31 3 0 29 7 38 2 36 5 21 6 32 2 2 35 37 32 39 33 23 12 47 5 12 29 32 10 23 
14 28 7 26 7 43 0 45 41 23 38 20 19 22 21 11 24 15 24 19 7 37 16 40 26 40 26 7 2 26 42 
1 25 28 30 22 27 15 0 30 25 10 8 44 15 45 19 14 1 41 36 31 47 6 13 3 36 49 38 31 37 31 
37 44 15 31 37 45 41 43 0 49 35 10 36 49 10 50 43 2 46 7 26 25 17 16 46 46 46 13 25 44 24 
39 34 44 44 24 14 30 34 8 0 25 24 9 42 1 22 12 7 4 4 43 47 43 24 11 7 20 28 20 36 42 
33 16 49 26 46 26 42 5 36 36 0 14 18 38 33 3 17 25 15 24 35 39 9 22 1 28 46 11 33 38 4 
37 11 49 17 43 8 10 17 6 46 20 0 3 18 18 30 30 6 42 9 41 46 13 46 2 4 24 45 48 48 50 
16 10 17 33 50 3 19 22 41 46 7 9 0 10 29 15 37 41 4 22 48 41 19 25 48 8 25 16 48 13 19 
14 12 19 6 31 11 36 35 19 28 11 35 2 0 14 34 37 3 18 37 18 34 41 27 50 10 48 36 20 25 25 
38 22 9 22 32 46 40 5 48 5 1 6 36 45 0 38 7 17 12 15 22 22 49 12 46 36 24 35 19 46 34 
26 17 11 44 41 40 26 30 32 39 48 48 20 33 17 0 28 5 33 13 4 31 24 5 4 4 39 10 14 37 9 
11 22 10 15 30 35 46 43 5 49 31 38 31 27 24 24 0 30 30 29 8 19 3 7 43 4 2 12 7 41 2 
30 13 44 23 28 27 39 5 3 32 32 13 29 14 23 44 44 0 29 30 30 10 31 35 30 41 8 15 17 12 29 
24 40 2 3 20 19 45 8 49 48 35 25 27 47 26 7 25 43 0 20 10 8 33 27 11 42 49 28 14 33 20 
12 22 43 25 9 43 11 26 45 5 49 37 31 33 45 35 5 38 4 0 34 34 22 48 2 21 42 13 42 11 22 
42 31 25 29 37 13 33 3 39 33 46 49 49 16 12 22 3 45 17 8 0 45 40 11 49 36 40 25 41 5 17 
31 20 15 24 13 19 12 2 46 32 3 3 50 21 38 36 24 33 41 49 40 0 19 25 4 28 2 20 27 44 47 
39 42 48 22 3 27 35 26 3 43 11 2 49 36 5 42 41 40 11 1 17 42 0 1 6 28 12 45 11 46 12 
49 35 9 49 43 12 5 28 18 12 2 48 31 49 39 38 20 40 50 36 12 30 16 0 43 31 48 41 43 45 41 
32 24 30 41 44 26 43 50 43 43 38 14 22 50 50 19 11 2 18 40 43 6 11 11 0 1 19 20 16 19 46 
21 13 34 28 30 28 19 40 5 13 46 21 48 7 48 48 8 17 43 13 37 39 25 5 49 0 27 13 19 41 25 
7 28 32 47 23 26 31 45 20 22 1 22 48 5 45 23 9 4 13 3 11 4 23 7 10 32 0 38 30 29 4 
16 50 50 31 7 19 39 1 35 23 18 14 47 22 12 16 42 20 10 27 19 9 6 38 14 4 5 0 26 38 41 
39 2 16 17 7 2 23 18 49 27 34 8 20 41 36 48 7 2 45 45 41 18 20 3 36 7 44 12 0 17 4 
14 14 13 45 35 17 48 31 15 11 43 25 22 33 43 11 40 16 3 16 47 3 31 44 1 21 32 14 31 0 50 
9 12 1 46 13 20 45 25 7 19 1 27 37 35 2 16 47 38 10 25 18 28 9 1 7 12 34 20 45 14 0 
35 0 35 50 16 3 32 25 26 20 24 16 15 9 34 16 20 16 47 43 35 25 45 4 6 33 31 3 50 39 2 
37 26 0 31 44 34 16 28 22 32 20 42 22 18 37 10 3 19 25 36 38 46 37 28 10 39 41 32 44 33 22 
29 25 37 0 19 38 40 35 16 50 50 42 45 15 23 44 4 28 17 47 30 12 29 15 2 6 50 49 21 5 44 
35 35 39 10 0 42 17 35 49 50 20 18 4 25 36 47 2 22 5 17 36 14 15 47 4 11 50 11 36 13 38 
42 15 12 7 16 0 7 6 5 31 27 19 29 18 27 12 9 5 29 5 4 28 44 5 19 31 20 39 36 50 42 
7 50 37 12 29 4 0 42 19 21 41 47 18 25 40 18 36 48 21 42 2 46 32 31 9 11 48 10 44 27 46 
19 21 6 40 21 19 42 0 6 49 9 18 37 9 15 8 11 20 15 2 46 23 19 44 49 46 26 20 28 2 31 
44 49 42 26 22 27 13 35 0 20 49 44 43 22 34 35 10 23 16 1 50 29 46 42 32 23 1 27 7 44 45 
49 15 4 18 15 19 45 34 43 0 32 49 35 45 3 3 31 47 11 14 36 3 4 27 2 2 49 7 11 3 22 
50 6 41 25 50 29 39 5 19 16 0 16 40 24 20 2 44 1 40 29 43 5 16 44 8 43 46 38 3 16 17 
13 34 31 22 32 44 45 21 3 24 43 0 42 42 49 21 13 31 8 1 9 48 17 32 11 18 35 13 33 32 5 
42 36 39 3 3 32 10 2 38 9 50 31 0 38 6 50 13 25 45 38 31 15 31 2 8 19 46 2 20 4 48 
31 12 39 48 32 7 4 39 46 39 4 29 20 0 43 9 18 30 27 11 6 10 18 46 2 40 12 35 32 35 8 
30 40 49 41 28 38 42 40 24 44 10 36 50 49 0 28 37 11 10 49 2 17 26 10 49 38 14 17 38 9 21 
23 23 5 39 10 14 31 30 15 21 26 41 3 18 46 0 24 18 47 25 4 2 25 33 34 41 5 31 50 3 14 
22 5 32 4 22 38 32 12 40 14 7 32 45 29 26 26 0 24 42 3 14 46 20 13 5 20 48 40 22 48 5 
34 31 27 2 50 21 9 49 47 9 43 7 8 11 47 20 30 0 5 8 15 31 39 47 39 18 3 42 27 35 24 
48 10 14 35 31 26 5 44 29 5 18 25 46 45 22 39 12 3 0 9 50 18 36 14 33 24 45 35 39 34 48 
29 33 15 23 12 33 44 24 31 22 16 37 26 3 48 6 43 3 18 0 29 41 40 19 36 6 12 47 32 11 36 
42 16 11 32 26 35 11 23 33 39 46 39 23 37 34 32 11 12 35 18 0 2 32 22 5 7 40 15 30 18 50 
37 12 13 45 30 1 26 44 27 14 46 21 20 29 34 3 18 32 2 24 1 0 35 47 43 34 10 45 7 26 37 
21 32 6 34 3 35 26 28 8 34 6 18 35 22 23 32 13 44 22 5 22 34 0 28 44 50 2 16 20 11 20 
6 20 18 41 44 14 15 37 26 49 27 40 24 18 19 34 1 26 20 3 48 1 35 0 21 15 37 5 13 34 1 
20 6 17 38 28 37 50 45 29 10 18 27 18 23 29 32 10 10 26 16 2 40 1 9 0 23 6 35 47 26 7 
9 2 3 26 30 21 24 37 41 32 34 7 48 11 35 21 34 13 43 33 28 45 38 19 50 0 30 6 9 15 23 
2 3 19 22 1 16 25 43 43 9 9 23 20 44 32 45 43 41 25 3 22 22 5 43 29 15 0 15 35 26 1 
15 15 23 19 31 32 38 26 10 20 47 42 21 35 25 6 26 45 37 6 38 16 35 13 1 30 49 0 27 43 37 
2 40 17 42 44 44 1 2 13 1 7 17 31 5 6 31 2 20 19 24 39 21 48 21 14 49 31 10 0 18 2 
34 12 34 23 19 7 25 29 41 31 5 25 32 36 49 21 35 30 8 21 28 29 8 19 49 31 42 47 29 0 46 
13 41 34 12 18 46 34 9 37 49 6 23 29 39 19 15 39 13 23 43 14 2 3 47 24 5 4 15 25 38 0 
15 0 29 1 46 18 15 41 21 19 3 37 27 43 9 16 6 50 20 1 35 43 30 25 36 32 12 38 38 39 13 
42 20 0 34 50 34 27 23 34 22 5 24 19 44 20 6 38 10 45 32 19 5 35 15 41 45 36 5 16 15 6 
27 4 33 0 7 12 18 44 44 25 39 33 17 49 46 11 25 37 5 30 44 3 44 7 21 8 8 6 44 5 49 
23 8 19 16 0 29 21 36 38 8 39 45 16 20 43 36 39 37 19 30 21 49 50 36 21 4 34 47 13 49 5 
13 50 39 27 16 0 26 49 33 18 41 39 50 48 41 50 37 24 14 36 20 21 37 14 35 50 24 22 48 12 45 
24 24 39 4 27 45 0 27 44 27 10 41 4 2 40 32 50 3 46 21 18 10 34 27 30 34 26 37 5 27 43 
5 1 21 23 18 15 11 0 44 15 6 10 31 38 27 30 17 36 24 3 1 21 27 28 45 35 41 48 10 20 2 
8 23 18 34 5 41 33 29 0 22 18 39 9 31 16 8 30 46 1 50 17 40 13 3 26 22 29 23 27 38 28 
18 1 24 14 49 38 14 4 22 0 39 35 7 3 36 12 12 46 13 37 6 45 47 10 3 12 45 20 42 12 26 
18 7 42 45 50 39 36 18 18 21 0 17 43 30 12 33 34 11 17 14 11 34 11 40 33 34 22 41 22 2 4 
18 22 42 47 22 28 16 9 37 24 27 0 29 45 17 40 2 18 49 20 29 35 4 28 2 43 7 17 10 11 28 
48 15 16 14 3 45 2 33 40 6 18 3 0 31 41 34 6 16 23 43 32 5 43 2 24 20 15 45 40 5 15 
12 7 48 9 27 13 13 32 15 45 1 35 10 0 15 12 32 23 38 19 38 41 44 17 29 24 6 13 43 45 39 
1 12 29 25 44 11 6 23 14 21 44 35 9 48 0 32 21 34 37 13 38 42 7 22 17 25 18 41 19 35 22 
50 20 37 26 45 39 6 35 22 1 27 1 24 48 45 0 6 35 19 47 4 22 27 31 7 47 44 41 12 1 26 
21 37 38 43 22 24 48 33 4 44 15 50 16 12 12 41 0 34 24 23 19 34 22 22 32 50 24 39 31 29 1 
48 44 34 46 30 41 14 31 27 21 8 2 15 4 40 23 12 0 19 46 7 11 17 40 33 43 49 15 6 44 49 
35 18 4 4 46 21 16 20 33 21 28 3 48 3 11 32 8 19 0 43 27 12 21 35 23 40 31 5 1 3 31 
26 8 38 29 36 41 48 12 8 19 7 42 37 25 29 9 20 37 23 0 12 42 47 14 17 37 15 34 32 14 15 
16 15 17 2 46 20 15 20 17 20 34 46 11 24 20 20 34 10 45 32 0 12 19 29 42 40 30 45 22 42 21 
7 17 48 43 4 43 26 35 30 9 44 1 21 3 28 46 36 40 47 17 32 0 24 37 33 4 48 37 25 13 16 
26 44 28 46 14 17 48 19 21 28 45 50 30 36 38 12 48 26 14 44 44 5 0 26 25 40 34 31 16 40 7 
6 1 22 14 34 1 23 25 40 12 49 18 20 19 23 32 44 2 45 43 50 11 12 0 20 22 21 18 3 7 30 
37 32 30 15 23 44 28 16 2 38 39 24 37 3 46 27 36 7 3 8 40 29 22 47 0 7 45 40 3 43 14 
33 21 19 10 26 17 38 5 47 30 5 29 50 7 4 27 24 9 25 46 35 12 1 49 41 0 8 11 33 8 28 
4 26 24 39 5 19 5 28 28 30 40 32 11 23 4 12 29 15 44 31 21 31 29 47 29 22 0 20 21 19 18 
6 6 47 19 26 30 5 12 3 36 22 47 32 46 6 4 1 28 46 30 30 46 40 28 7 24 47 0 27 10 33 
49 35 9 11 24 34 35 43 48 24 7 17 13 9 9 25 50 33 42 26 22 42 25 39 38 11 17 20 0 12 3 
33 28 2 20 37 37 38 22 22 23 19 9 31 22 24 13 34 32 19 33 25 15 36 35 12 8 10 20 23 0 14 
18 16 31 46 42 30 16 43 22 23 37 28 12 19 7 13 12 4 16 25 27 35 1 30 29 19 42 18 8 29 0 
27 0 18 50 9 5 4 29 35 31 44 48 41 10 47 46 47 3 18 28 50 46 7 5 48 37 33 15 1 18 23 
38 48 0 35 43 46 19 29 3 15 4 35 27 24 22 28 36 26 4 34 32 16 25 40 9 34 21 14 2 22 22 
39 28 18 0 8 7 50 6 17 2 28 18 1 3 24 15 20 34 33 21 1 8 12 17 36 8 13 8 27 10 25 
5 27 31 43 0 16 7 10 16 16 28 30 9 3 7 14 16 22 17 44 14 38 32 32 21 15 28 12 32 1 44 
42 30 7 27 24 0 41 20 11 9 9 11 19 18 43 22 49 9 11 22 42 41 42 34 47 38 24 46 11 28 39 
46 28 15 22 36 1 0 3 26 34 23 46 12 8 35 4 20 15 40 50 17 19 1 10 9 3 1 47 11 39 50 
46 10 33 21 14 34 4 0 46 7 21 47 34 28 50 47 30 35 49 43 19 10 7 11 12 20 45 18 7 19 36 
5 42 38 34 28 37 30 37 0 22 21 16 19 33 29 20 36 23 11 13 24 16 49 18 21 41 39 49 21 2 19 
16 48 27 21 17 6 47 45 22 0 10 50 48 27 23 3 41 24 32 42 35 23 7 44 45 20 6 24 17 43 39 
38 9 36 3 5 19 42 12 13 15 0 40 29 39 3 24 18 22 45 18 1 15 18 30 17 47 9 4 32 1 11 
32 30 2 34 23 42 13 25 19 35 49 0 13 20 27 46 44 18 42 22 2 35 29 50 43 24 20 30 19 7 46 
16 10 11 2 34 11 27 6 30 33 6 48 0 27 33 2 3 49 3 22 3 42 13 11 49 27 3 30 10 10 3 
13 44 18 24 20 40 2 18 44 36 18 13 12 0 40 47 38 3 17 42 21 22 27 48 4 5 3 49 12 26 31 
31 18 46 28 20 13 30 4 14 13 2 31 10 37 0 36 29 1 22 3 40 1 13 18 40 31 37 46 15 19 17 
41 40 42 13 5 50 17 35 20 35 8 49 3 29 20 0 41 17 12 18 26 2 28 10 37 30 18 50 7 47 34 
17 15 35 48 23 12 40 47 32 37 12 17 3 19 32 2 0 10 40 20 41 20 35 48 43 15 13 31 6 34 37 
50 11 38 37 18 44 15 6 7 9 2 21 31 31 15 36 26 0 42 5 28 9 11 37 7 14 33 18 42 33 10 
32 34 14 45 37 2 29 16 1 39 38 5 33 12 39 50 4 17 0 29 30 38 40 1 6 29 40 24 32 23 36 
27 23 23 48 27 19 7 36 45 13 7 10 41 17 41 4 28 26 18 0 15 29 1 13 4 22 42 34 9 17 47 
28 47 43 16 13 15 32 36 35 21 43 19 23 16 23 28 49 34 15 25 0 12 49 15 9 7 26 11 20 26 36 
36 48 20 48 36 10 17 26 5 26 23 43 41 48 22 11 29 47 31 45 44 0 50 44 42 36 29 33 35 9 37 
5 13 11 50 36 45 50 25 31 14 12 24 30 40 3 20 8 18 37 47 48 14 0 39 32 43 36 5 28 13 7 
27 32 17 18 21 11 32 42 12 27 11 4 17 18 33 20 20 5 40 17 21 16 49 0 13 40 42 24 30 8 50 
41 22 13 24 37 30 8 12 19 43 38 17 6 10 36 45 47 22 49 23 17 1 39 47 0 36 12 34 5 29 30 
37 3 34 13 37 40 42 43 31 4 13 8 36 48 29 5 11 39 28 46 45 3 32 35 34 0 41 34 17 38 26 
47 4 34 40 6 35 33 43 24 47 3 5 41 46 11 9 16 42 18 32 1 45 28 34 36 34 0 22 49 30 47 
7 25 6 6 7 10 25 47 42 44 22 18 16 31 43 41 12 36 25 26 25 42 49 6 25 2 27 0 50 5 23 
14 35 14 28 41 29 50 36 39 1 34 19 1 24 11 33 30 47 42 45 22 36 24 4 22 15 27 50 0 32 6 
34 25 43 19 31 38 5 38 41 14 42 27 48 25 42 7 42 26 46 42 22 30 9 10 1 28 11 10 6 0 27 
3 1 5 33 18 9 27 32 44 24 29 43 6 28 4 46 39 50 13 16 23 1 4 40 35 4 17 33 19 3 0 
28 0 45 32 15 12 42 23 15 7 33 30 11 32 23 14 30 25 31 6 6 40 11 48 41 4 2 47 15 49 15 
43 44 0 13 41 46 34 11 41 16 13 23 24 44 30 36 12 20 31 27 6 29 36 27 14 14 18 48 41 12 11 
45 9 17 0 43 41 36 49 42 27 30 19 35 15 44 34 16 17 18 6 42 33 16 39 44 36 7 18 49 28 29 
37 20 30 6 0 18 15 8 2 39 1 14 28 5 48 37 45 21 34 31 48 1 30 36 20 29 29 20 24 7 35 
19 50 14 48 43 0 50 6 10 26 19 8 16 30 6 29 5 12 42 7 42 36 34 19 30 29 8 34 10 28 40 
45 35 45 4 32 15 0 15 7 5 37 40 12 9 12 41 35 50 31 42 24 18 29 17 16 50 35 31 34 20 36 
16 46 33 37 25 24 22 0 26 24 14 41 5 38 21 2 24 26 7 40 44 8 4 19 4 22 17 18 29 5 48 
34 31 38 20 21 44 29 22 0 37 17 14 25 7 28 34 14 42 47 14 26 9 24 45 26 28 13 27 30 16 9 
6 44 22 27 30 10 17 19 50 0 9 46 5 20 23 30 34 47 42 20 8 26 22 15 30 39 11 37 13 42 9 
18 50 7 29 12 21 3 31 48 25 0 47 24 48 6 31 5 4 22 46 45 16 35 10 8 34 34 29 43 39 20 
24 5 27 41 41 46 48 42 12 10 31 0 17 44 46 11 2 25 9 49 34 7 15 17 47 43 33 41 50 46 28 
42 11 42 29 1 43 47 7 16 36 8 13 0 11 37 15 50 42 14 47 32 10 21 44 6 14 9 38 30 49 9 
5 49 47 34 18 20 26 16 45 19 6 18 44 0 14 26 44 5 31 33 44 42 27 3 14 18 22 18 37 15 43 
5 17 9 7 31 9 17 27 20 45 25 26 20 29 0 26 42 27 30 30 20 5 8 48 5 17 29 46 33 17 46 
3 39 1 3 14 40 10 37 34 17 28 29 11 39 20 0 16 8 25 38 26 46 38 7 46 38 47 20 4 41 3 
14 35 11 24 43 36 26 17 15 37 33 40 47 13 43 26 0 47 9 36 2 21 22 45 41 1 15 33 6 15 17 
20 7 47 32 4 44 19 38 46 35 41 41 10 1 44 6 42 0 45 3 12 1 11 18 39 32 43 40 20 24 29 
4 20 2 49 18 26 44 15 9 50 8 10 13 2 11 31 12 44 0 47 45 23 39 3 3 17 9 39 8 1 12 
4 49 14 18 32 21 39 12 34 18 13 28 36 4 4 41 49 17 29 0 2 32 46 24 30 7 15 18 50 32 9 
38 36 15 48 46 10 47 46 21 41 42 50 11 29 33 46 4 50 49 27 0 11 22 30 50 31 9 25 35 12 17 
4 40 30 25 31 27 13 38 8 45 45 3 47 39 11 32 35 45 47 11 12 0 18 1 6 49 16 6 16 18 38 
35 12 34 5 37 2 21 36 49 6 33 16 43 5 33 8 26 42 40 50 24 31 0 38 1 5 37 40 24 27 15 
21 48 21 21 10 33 20 42 2 9 11 49 47 42 29 47 26 46 24 41 40 15 26 0 18 14 5 25 33 50 1 
12 47 10 34 35 35 45 23 46 50 39 35 40 31 39 25 35 47 23 8 12 45 50 37 0 26 7 22 3 7 5 
8 37 42 2 48 15 40 13 7 44 2 3 1 25 3 6 25 46 30 39 21 28 11 42 39 0 18 47 24 9 29 
14 42 16 41 42 2 43 39 33 25 35 22 41 30 7 9 45 26 34 20 33 27 24 18 34 31 0 27 1 13 31 
18 17 4 28 31 10 38 10 33 1 14 36 13 6 4 50 38 32 36 31 23 22 40 39 47 38 19 0 48 8 12 
26 43 26 3 7 19 18 13 49 47 22 36 44 34 7 47 14 18 15 35 43 45 15 33 8 47 28 16 0 32 44 
42 40 3 21 25 22 11 11 49 36 32 26 33 40 10 38 28 6 33 50 24 1 34 23 20 32 28 43 45 0 11 
41 3 31 6 6 32 33 23 9 35 36 4 20 29 4 17 13 25 24 20 19 22 33 33 20 41 7 30 2 44 0 
44 0 18 16 38 46 29 46 27 35 28 5 5 48 49 15 21 32 6 19 4 19 3 20 26 43 19 21 49 37 16 
26 4 0 22 16 41 18 39 33 34 25 21 36 41 46 15 15 25 35 19 50 10 1 11 49 26 42 49 40 46 27 
9 48 41 0 20 3 2 33 33 8 47 33 50 23 45 33 33 12 24 11 29 44 37 31 37 6 25 43 24 41 50 
20 49 37 7 0 17 24 46 22 43 13 32 43 27 22 18 11 29 17 16 43 30 25 30 18 33 22 18 4 14 29 
10 10 42 8 27 0 35 13 16 29 10 38 41 32 48 47 2 10 9 20 46 46 26 8 48 21 45 20 20 25 45 
6 42 9 15 4 22 0 1 20 46 33 48 14 39 7 5 40 44 32 21 32 13 10 34 18 33 34 2 45 38 33 
15 44 42 34 4 46 32 0 17 45 26 1 41 14 37 49 33 38 1 43 32 2 38 49 43 33 47 8 42 32 21 
21 7 33 13 18 5 23 5 0 4 10 8 27 38 46 31 22 47 47 20 1 46 1 2 6 32 28 45 49 2 7 
38 41 36 24 6 44 9 1 19 0 44 11 33 48 34 24 25 1 4 13 11 1 11 22 31 25 20 6 27 32 41 
11 25 4 47 22 18 42 14 41 37 0 14 47 29 27 41 14 4 18 32 7 27 41 37 42 7 28 19 5 49 37 
39 32 19 28 33 36 30 2 13 7 34 0 38 14 26 47 5 33 46 41 12 16 38 45 26 15 21 38 13 40 44 
49 37 15 4 49 32 28 1 44 5 34 3 0 5 26 24 40 27 11 45 3 45 23 15 38 21 1 38 43 14 13 
49 18 12 19 8 47 23 10 28 16 27 33 3 0 36 28 14 34 20 2 26 44 28 18 38 50 27 23 28 34 48 
45 35 37 32 7 17 41 36 19 27 17 18 34 30 0 26 12 21 29 10 7 18 19 42 38 20 21 50 25 20 32 
25 46 27 30 21 42 47 22 30 12 23 48 1 25 9 0 27 44 39 12 39 6 44 18 27 30 27 44 49 12 36 
18 17 17 37 3 22 42 5 9 35 16 50 50 49 35 20 0 18 17 29 43 28 11 13 31 27 31 28 50 50 44 
49 48 10 44 44 6 32 15 23 38 36 40 30 28 24 6 45 0 20 43 11 10 28 20 20 8 7 4 36 11 22 
44 42 5 16 37 18 41 6 5 29 39 3 45 42 8 39 31 36 0 8 21 37 8 7 40 34 22 28 40 36 38 
2 46 4 1 44 44 35 15 41 6 16 39 16 14 22 8 33 29 12 0 20 27 19 29 41 36 37 35 15 32 16 
41 1 20 18 27 43 49 44 49 15 5 17 45 2 5 48 43 44 18 27 0 39 50 29 17 11 34 18 14 15 8 
9 20 33 26 16 15 19 48 37 30 9 39 31 48 15 10 24 27 36 39 44 0 42 48 5 27 41 23 4 7 44 
26 36 30 41 6 35 34 19 37 40 29 46 7 39 19 50 20 32 2 2 11 41 0 28 27 15 18 23 29 50 25 
43 16 42 44 4 23 10 40 42 31 27 5 41 46 10 49 36 9 36 28 22 41 2 0 6 34 36 9 4 27 39 
12 6 20 12 48 13 4 13 36 47 40 30 40 22 25 6 50 32 17 17 33 15 43 22 0 3 3 15 36 11 18 
14 7 14 4 19 21 35 29 49 48 45 23 24 40 38 43 1 31 31 28 36 27 38 11 7 0 48 14 49 10 45 
49 18 3 18 33 34 17 37 3 5 21 22 33 20 22 11 41 3 34 11 2 35 6 33 33 37 0 20 3 47 21 
8 37 20 5 49 27 20 6 7 5 26 15 28 27 7 15 45 18 39 47 7 11 15 49 44 15 13 0 20 36 46 
15 14 41 32 47 35 2 29 21 46 41 36 47 30 35 38 7 30 26 18 43 2 15 1 15 47 23 22 0 11 35 
15 50 20 11 40 13 24 47 30 23 13 16 48 44 6 22 15 35 14 7 8 34 44 18 4 14 50 41 18 0 50 
13 31 18 36 32 41 16 36 41 23 14 11 50 4 6 27 4 22 45 44 33 38 8 5 28 31 6 3 8 26 0 
13 0 34 29 30 11 32 48 13 13 15 6 30 45 42 43 48 35 41 13 27 10 29 46 25 18 25 24 14 8 1 
36 14 0 28 15 10 30 32 20 43 24 30 42 10 30 38 3 43 16 12 31 47 16 41 32 16 35 39 5 13 36 
8 35 5 0 12 30 42 3 30 33 14 17 15 49 39 48 19 20 17 37 16 32 9 3 28 4 21 24 46 49 26 
42 27 8 7 0 17 45 37 48 50 47 1 13 34 49 15 32 17 3 35 48 16 22 19 47 4 50 32 27 8 10 
18 7 32 8 22 0 40 8 42 23 3 33 22 17 41 16 20 26 4 14 22 4 22 12 2 10 20 9 11 3 17 
14 10 40 40 29 44 0 32 27 28 25 25 26 30 33 15 44 6 29 32 35 25 28 14 37 7 47 45 30 48 2 
31 48 40 6 40 23 33 0 27 12 22 38 49 27 39 48 29 42 30 37 17 15 31 29 18 43 36 47 4 34 33 
50 2 30 26 44 27 36 25 0 43 43 11 29 17 11 48 26 2 25 39 29 5 16 44 31 38 1 19 22 14 4 
26 30 44 30 23 37 20 2 46 0 21 43 18 37 45 7 36 14 19 21 17 35 23 15 6 28 34 9 49 39 44 
9 15 11 40 17 32 36 38 39 12 0 6 50 29 18 36 38 29 49 25 2 38 1 1 47 20 4 15 38 2 39 
28 21 14 2 13 28 7 48 29 25 1 0 26 31 10 12 35 44 48 20 41 5 10 25 37 7 9 14 15 20 14 
17 49 37 50 34 35 37 27 6 8 31 32 0 21 50 2 12 21 42 36 36 10 18 18 11 34 18 47 27 46 5 
15 43 28 16 8 2 40 31 27 27 49 17 43 0 12 10 24 40 26 35 45 39 23 29 35 4 50 31 26 16 16 
39 10 32 1 44 39 4 6 42 50 22 40 16 9 0 38 43 26 6 2 11 29 21 43 2 17 43 14 44 12 9 
22 14 15 11 38 39 36 42 19 22 20 35 35 36 23 0 49 7 20 47 12 25 25 25 6 38 19 18 30 35 2 
26 11 44 33 28 9 25 6 22 49 7 35 38 31 41 44 0 37 7 29 18 36 44 47 50 35 48 40 10 24 20 
22 6 7 18 46 10 41 2 8 15 24 2 49 49 5 41 37 0 45 15 44 32 11 2 17 16 32 14 44 49 31 
19 16 32 2 28 1 28 21 35 32 3 35 50 14 44 35 45 49 0 46 45 12 46 45 30 38 11 5 40 2 14 
47 48 3 28 47 8 20 48 21 4 13 17 10 34 42 48 12 38 24 0 32 37 15 49 5 20 24 22 3 14 17 
47 38 19 21 35 6 32 23 18 37 15 48 28 42 32 45 36 11 39 41 0 50 17 17 21 28 32 49 49 9 23 
37 18 34 5 8 25 48 40 50 36 16 40 21 37 17 40 38 8 24 25 38 0 12 15 24 18 30 22 49 44 4 
7 34 14 45 1 48 15 24 34 7 48 47 12 3 25 11 46 30 4 38 45 42 0 25 35 36 25 4 10 37 28 
4 49 46 46 30 32 26 27 37 20 25 14 24 17 27 42 50 12 49 8 34 42 46 0 6 10 16 9 30 10 26 
45 5 37 6 3 49 1 16 23 44 35 20 43 34 14 31 18 9 8 44 25 42 12 30 0 45 13 4 41 37 15 
24 46 18 12 26 21 28 18 15 28 42 35 40 6 23 15 49 12 43 30 48 1 23 16 1 0 4 43 8 12 41 
46 10 30 9 21 40 3 32 9 43 4 50 45 30 3 41 3 7 7 31 15 43 49 8 17 23 0 24 2 12 23 
28 20 7 25 33 32 6 31 36 34 12 17 4 50 27 48 7 43 14 11 2 37 1 32 26 4 12 0 22 42 48 
16 2 21 37 15 34 44 21 48 21 36 22 22 24 19 48 40 49 32 20 17 31 39 1 22 42 19 25 0 49 29 
20 34 39 38 18 11 47 17 36 43 4 37 45 43 25 30 16 28 13 29 15 14 41 23 32 35 13 20 15 0 24 
15 19 22 20 2 2 34 34 7 9 2 23 14 39 16 30 37 47 27 42 27 42 13 21 15 7 43 17 7 33 0 
48 0 27 2 12 29 36 15 26 42 24 46 32 21 5 28 43 1 2 7 2 49 17 44 24 48 23 7 2 5 45 
9 18 0 28 24 12 25 21 2 11 31 16 11 5 3 47 45 21 8 44 23 7 41 10 5 34 31 34 29 15 6 
29 14 21 0 47 15 29 5 48 43 3 23 49 42 27 37 38 12 41 27 4 2 49 9 33 39 18 9 23 40 31 
41 42 38 5 0 2 2 41 9 39 18 41 24 15 41 1 8 50 34 18 47 19 44 3 12 4 31 5 39 8 47 
21 32 8 13 13 0 31 12 37 25 35 48 4 2 9 13 29 34 19 33 32 19 25 6 44 12 48 40 26 2 22 
48 3 1 43 48 9 0 16 3 28 20 46 13 9 34 50 16 42 44 49 26 47 37 6 27 29 46 27 15 1 15 
42 36 36 4 38 46 3 0 10 12 5 13 32 41 13 36 6 17 22 45 46 6 47 28 26 26 12 47 25 15 3 
33 2 2 14 28 11 28 6 0 47 4 14 33 32 45 14 15 46 43 41 23 30 5 21 5 9 46 9 11 28 26 
50 28 45 9 22 11 30 28 36 0 26 29 11 26 41 33 24 15 34 13 11 17 4 35 42 24 29 32 47 5 33 
3 18 28 21 5 37 38 24 23 3 0 36 19 8 15 45 19 29 31 23 36 32 25 48 18 10 46 44 4 36 43 
30 33 24 3 24 12 33 6 36 46 37 0 41 11 10 25 48 46 20 48 5 1 2 25 20 2 28 20 11 11 10 
44 35 39 31 23 3 45 6 42 33 37 23 0 45 27 49 41 15 38 43 12 1 24 6 31 43 29 9 4 2 47 
43 23 46 27 3 3 3 31 38 23 3 41 28 0 15 19 28 7 48 21 12 14 32 18 49 9 20 29 8 38 45 
45 42 4 46 41 15 28 19 25 47 38 35 1 21 0 9 11 47 41 13 15 22 11 34 41 34 11 5 47 18 34 
24 46 43 43 28 12 37 33 24 5 1 38 24 24 24 0 29 31 48 41 49 24 39 45 24 23 34 8 14 13 31 
10 32 2 42 24 42 42 9 43 47 24 15 17 9 14 34 0 38 10 17 5 31 8 6 19 11 36 1 20 20 45 
5 23 20 44 45 20 37 33 1 32 38 23 5 44 25 10 22 0 37 10 40 47 48 48 9 50 3 26 33 31 39 
42 23 39 49 43 2 45 24 14 45 48 6 10 35 17 9 3 13 0 44 1 14 15 10 31 48 7 25 12 44 43 
44 5 2 13 41 15 34 7 1 24 15 49 23 15 43 41 39 14 42 0 42 1 13 39 30 25 27 14 9 1 37 
27 33 30 22 2 43 5 48 44 3 25 47 12 21 37 16 43 46 39 8 0 18 12 20 2 43 31 16 22 38 15 
2 25 6 15 47 32 19 1 14 50 37 42 20 40 17 4 2 19 44 9 34 0 18 21 44 19 16 14 28 30 21 
28 34 10 30 1 1 41 47 25 5 48 43 32 39 22 27 43 31 36 39 30 48 0 28 30 31 34 5 13 47 32 
19 41 21 44 22 4 33 40 39 17 13 5 45 40 12 42 37 32 23 42 24 33 43 0 42 41 31 6 30 49 17 
46 29 1 44 36 7 22 39 18 18 45 3 42 19 26 26 3 38 19 39 48 24 40 5 0 9 37 48 30 3 42 
48 3 42 23 22 34 4 2 5 5 21 48 15 5 48 21 42 25 16 16 28 19 12 11 20 0 23 40 46 35 49 
9 43 37 27 21 42 12 20 47 42 22 2 34 14 19 50 10 36 7 38 46 24 14 37 14 30 0 41 31 3 50 
45 9 17 6 46 28 12 38 34 6 10 22 28 24 44 26 35 49 42 20 14 4 39 48 4 36 29 0 50 13 42 
2 31 17 48 48 14 36 28 19 42 39 22 2 2 28 24 46 40 43 38 45 43 40 34 37 41 20 19 0 3 11 
49 12 26 43 5 30 6 31 27 31 40 8 30 1 32 42 3 38 21 30 40 40 7 25 47 9 41 34 12 0 7 
45 18 26 8 43 27 46 9 47 48 19 15 14 13 49 38 13 39 2 45 39 32 48 23 21 10 5 1 47 46 0 
39 0 23 20 21 37 23 33 22 9 5 47 44 41 23 12 26 26 45 27 10 47 3 32 17 18 13 20 3 38 33 
22 45 0 13 2 10 46 46 44 26 26 5 41 31 48 49 45 41 26 11 46 34 11 25 37 50 37 41 3 3 24 
4 30 35 0 26 34 2 32 40 13 17 30 33 19 1 5 6 22 35 19 23 22 44 43 43 49 12 21 26 3 24 
6 43 41 3 0 23 26 7 6 14 47 14 1 13 45 16 2 43 24 33 44 16 7 35 30 2 10 38 42 27 23 
32 6 38 40 11 0 38 43 17 29 30 50 17 21 22 10 22 32 48 27 48 19 47 44 9 9 49 9 11 1 14 
38 15 29 42 16 9 0 14 23 34 29 9 26 46 3 44 49 36 13 21 31 29 41 15 29 4 35 13 29 32 13 
29 32 17 16 42 35 38 0 29 7 1 8 9 14 49 39 43 2 41 15 10 14 46 41 20 36 48 50 50 39 31 
46 35 42 22 50 28 10 31 0 11 10 12 8 7 20 24 21 27 17 40 11 34 22 15 23 50 34 42 47 31 45 
36 38 40 26 5 24 18 43 49 0 12 34 22 31 6 48 6 39 21 47 15 22 33 10 29 48 25 21 19 23 17 
37 13 1 17 24 24 18 32 15 50 0 4 34 19 29 28 13 42 9 25 44 45 22 1 16 24 3 28 12 28 31 
4 49 20 33 26 21 22 14 32 24 39 0 8 6 47 12 38 15 32 2 36 34 13 44 30 22 16 12 36 43 22 
47 7 5 35 47 5 15 36 4 7 41 28 0 27 2 6 38 16 5 4 37 38 47 11 42 48 42 5 41 11 10 
9 37 22 11 28 33 3 21 50 8 23 29 28 0 45 45 6 36 43 25 34 50 8 32 7 34 50 46 13 38 6 
50 25 26 44 49 5 7 16 24 23 35 46 6 46 0 14 9 19 17 48 42 6 13 16 27 11 2 5 15 27 28 
37 41 34 45 8 49 4 34 46 40 50 20 20 2 50 0 5 3 37 44 26 31 30 16 47 1 38 9 49 34 48 
1 42 40 46 37 45 12 11 38 15 6 36 21 8 42 36 0 44 15 28 7 50 18 22 2 47 8 26 37 44 21 
41 5 50 49 40 8 31 24 16 5 43 42 49 29 20 46 9 0 9 5 15 44 44 22 28 49 33 21 38 50 29 
19 26 18 18 24 1 36 23 18 34 6 21 50 23 14 8 20 43 0 32 2 49 18 33 30 28 48 34 23 1 7 
38 43 24 37 37 18 25 32 6 20 10 37 41 21 9 24 45 49 14 0 41 14 29 7 48 31 2 43 38 41 27 
18 13 23 12 47 13 47 13 37 47 34 39 37 13 42 13 27 12 21 4 0 3 36 9 11 44 10 37 26 7 35 
25 37 42 29 3 48 14 29 24 46 28 32 12 18 7 26 42 44 7 18 25 0 31 17 37 24 32 5 13 19 38 
27 21 7 3 22 48 47 9 11 45 49 48 39 25 27 22 24 42 4 19 18 43 0 20 39 10 44 20 5 6 21 
43 2 11 37 20 7 25 10 47 10 29 34 34 13 19 28 43 43 11 2 9 14 9 0 1 20 35 2 18 43 28 
28 43 3 41 2 48 37 2 6 20 48 14 45 45 40 35 10 7 21 33 2 28 45 4 0 12 30 44 11 17 36 
6 7 18 19 32 37 31 44 11 21 41 41 37 41 5 46 19 14 11 36 25 45 48 11 27 0 50 48 49 29 23 
5 27 36 21 15 41 46 27 14 4 5 16 46 50 43 11 42 5 50 16 11 30 1 32 11 12 0 10 8 43 32 
39 32 15 39 17 14 5 16 27 14 50 43 1 7 31 9 49 49 19 16 9 44 50 13 12 25 27 0 5 11 3 
32 39 34 32 15 23 2 8 33 29 6 26 28 36 16 19 30 44 1 2 13 12 39 27 24 46 32 2 0 28 43 
38 1 6 24 33 11 9 19 43 9 8 42 16 40 10 33 16 15 47 43 45 33 5 10 41 21 50 8 8 0 20 
41 50 30 41 41 6 21 5 4 5 11 11 2 42 44 22 46 50 17 42 31 18 5 36 48 5 46 47 34 12 0 
12 0 1 12 24 18 9 12 26 50 5 13 11 11 42 32 35 32 13 16 19 25 1 41 17 39 23 45 45 43 36 
10 24 0 22 42 44 10 50 29 25 36 10 21 50 13 29 20 7 13 4 14 24 33 31 15 37 11 11 45 35 45 
14 18 33 0 14 45 39 40 20 49 22 35 4 39 31 9 5 2 29 39 20 16 33 41 30 13 27 44 7 5 34 
50 5 44 30 0 22 43 39 37 18 40 30 38 15 32 29 21 44 1 7 33 10 33 7 16 29 32 27 3 2 19 
46 34 15 15 23 0 31 10 10 9 17 17 15 11 49 40 29 18 9 2 43 34 44 50 23 25 17 49 29 1 41 
16 36 35 50 45 46 0 24 1 9 48 11 35 42 41 17 45 22 8 26 1 15 18 2 10 36 3 35 43 40 7 
32 32 10 19 1 31 31 0 12 5 44 6 17 1 4 32 49 2 10 7 31 45 41 4 50 27 48 35 26 15 42 
12 31 11 3 17 30 25 23 0 40 36 14 10 4 32 46 48 18 48 28 37 1 25 37 9 12 42 29 10 43 3 
47 6 48 13 33 25 6 48 38 0 3 25 30 20 21 17 36 37 22 5 30 31 37 48 28 42 37 45 2 42 25 
1 15 31 38 40 9 12 42 50 22 0 42 21 11 25 13 22 6 16 43 27 5 7 6 13 23 10 8 21 21 46 
30 5 7 13 2 10 49 33 31 9 24 0 46 22 33 38 11 27 23 16 21 32 30 10 15 21 44 10 19 15 31 
2 42 21 5 42 38 14 48 24 4 24 23 0 35 35 3 9 36 23 25 13 33 35 5 50 14 1 45 42 42 8 
50 31 18 1 7 32 25 17 42 1 47 29 50 0 13 48 9 45 26 13 12 9 37 44 3 48 17 38 21 42 41 
43 22 6 16 4 44 6 35 28 22 35 19 32 25 0 16 4 36 43 3 5 7 19 30 31 50 14 37 16 3 41 
45 4 26 1 8 25 23 35 9 5 4 11 49 41 28 0 40 5 19 37 44 32 45 19 37 35 25 43 26 16 40 
7 40 32 37 28 31 43 32 17 41 31 1 34 48 2 47 0 20 40 3 10 9 19 30 9 10 50 36 40 16 34 
33 48 19 19 49 14 29 13 14 48 48 24 3 46 13 31 12 0 21 35 39 5 3 24 7 32 39 11 23 27 28 
45 4 16 33 8 34 33 15 50 38 18 8 26 5 13 36 16 34 0 46 30 39 15 5 28 30 30 25 12 38 11 
3 7 36 36 4 45 8 20 38 30 48 47 21 47 21 47 28 19 45 0 46 23 28 27 48 40 30 49 39 4 28 
10 21 27 40 36 12 23 41 2 18 28 46 46 17 32 42 45 9 7 33 0 3 6 18 43 38 26 30 38 46 24 
47 20 17 10 20 28 20 32 12 10 25 38 17 27 18 27 32 10 16 49 36 0 41 32 22 26 4 3 35 2 10 
33 35 45 29 22 9 30 37 48 5 22 13 47 48 8 16 40 41 25 11 45 20 0 23 48 39 7 38 45 35 16 
25 36 30 2 27 40 43 38 5 9 48 46 13 11 27 23 44 35 14 10 15 12 10 0 41 16 13 13 48 41 16 
22 35 2 33 31 37 33 45 21 18 24 2 37 16 14 49 8 12 21 16 13 4 31 26 0 2 13 26 39 37 15 
28 46 48 40 38 13 45 31 31 41 41 49 14 47 37 13 26 45 28 17 6 2 27 26 4 0 19 4 27 31 19 
12 44 9 7 41 28 5 47 29 1 5 28 32 31 26 14 40 35 39 39 37 31 12 20 10 27 0 19 23 37 20 
10 18 50 12 29 47 41 7 7 9 9 30 17 28 13 29 20 47 1 40 29 20 38 43 33 31 33 0 39 48 14 
10 32 11 9 41 37 28 20 2 29 24 33 29 31 30 8 15 34 8 32 7 23 23 47 42 41 31 7 0 30 49 
14 2 10 43 50 27 19 8 37 26 1 50 46 22 17 46 41 7 14 26 16 50 32 17 7 38 10 14 18 0 1 
7 22 41 4 16 22 24 37 32 3 39 8 47 32 31 7 27 1 31 46 50 24 44 4 33 15 21 44 36 13 0 
18 0 5 40 36 20 30 10 43 7 46 23 5 26 11 37 9 3 50 36 1 11 10 33 22 2 33 28 38 21 2 
1 30 0 1 19 36 34 18 11 13 2 48 35 45 36 24 46 49 33 17 25 12 22 8 36 3 9 22 19 35 38 
2 23 22 0 5 45 43 4 7 25 4 41 43 38 35 3 26 15 48 49 6 34 45 21 47 40 30 23 16 17 28 
12 50 26 26 0 50 26 14 40 42 32 43 42 8 14 34 20 34 24 33 27 44 25 21 30 4 7 3 25 15 16 
21 39 41 48 42 0 42 17 13 35 28 12 25 7 17 14 43 38 7 14 21 46 49 33 40 34 38 30 47 22 43 
24 39 26 26 11 5 0 2 11 23 42 3 22 39 6 16 20 19 4 16 11 20 46 12 44 20 22 6 1 14 5 
13 20 41 43 5 23 50 0 31 7 10 41 27 35 22 19 24 11 28 25 15 19 26 31 11 23 28 28 32 7 40 
49 2 48 18 29 33 32 46 0 1 43 20 39 48 7 20 44 11 40 26 47 12 28 26 49 36 37 40 30 20 27 
46 19 25 17 11 40 30 17 44 0 36 43 15 28 33 46 31 29 25 41 30 17 39 6 10 29 22 27 49 33 42 
44 2 27 24 47 2 15 31 46 31 0 14 45 47 41 5 47 1 43 4 5 9 16 39 41 10 8 13 15 39 40 
14 31 35 2 42 41 39 4 36 44 17 0 49 29 11 16 23 42 15 6 32 22 34 46 28 34 29 14 37 14 40 
39 50 42 7 17 33 10 45 50 14 9 48 0 7 10 39 10 37 29 25 38 16 49 9 7 19 31 36 7 18 14 
27 3 40 47 5 17 7 22 44 33 13 47 16 0 43 24 24 27 36 40 24 42 36 12 27 25 41 42 35 39 37 
48 3 28 36 37 7 9 11 6 22 4 15 35 43 0 25 19 34 17 34 45 4 1 18 44 22 42 41 13 22 15 
25 22 34 8 36 10 20 30 6 17 16 16 31 18 21 0 27 1 20 2 6 7 26 2 45 33 47 36 34 14 46 
16 46 39 41 47 33 32 27 7 16 49 4 12 18 29 38 0 21 1 24 46 41 22 11 16 9 50 21 40 25 39 
25 36 16 10 1 21 28 41 21 38 46 25 13 37 7 4 15 0 34 16 45 27 35 11 19 5 45 35 23 33 48 
13 42 2 18 41 14 38 2 17 9 11 31 31 36 50 17 9 25 0 10 5 35 37 25 31 13 41 26 48 6 6 
36 5 9 24 26 4 23 45 46 44 16 14 18 7 34 47 5 25 20 0 38 37 11 14 28 13 26 18 22 6 1 
38 41 46 11 24 7 23 7 10 47 45 14 29 16 40 22 20 18 47 17 0 36 1 29 19 20 26 41 31 11 1 
36 1 40 46 7 25 18 7 34 27 25 48 15 23 43 24 32 49 38 42 7 0 1 25 40 15 37 13 28 42 49 
17 42 47 10 11 45 24 33 10 16 4 13 35 20 43 39 37 6 26 46 44 43 0 44 20 44 36 26 50 31 20 
12 41 15 35 11 33 1 5 13 49 50 49 40 23 38 44 16 5 48 27 1 8 2 0 46 5 25 48 28 17 25 
19 25 3 40 4 13 49 50 9 10 38 32 43 28 47 45 3 22 32 50 20 21 3 5 0 19 5 40 19 30 37 
36 24 39 38 31 26 47 50 19 26 46 17 47 39 40 20 15 25 50 11 22 27 46 18 6 0 48 22 48 22 49 
24 30 20 23 25 14 44 6 48 22 48 4 3 7 4 4 25 15 15 50 40 15 20 20 16 9 0 28 22 33 33 
4 49 29 20 2 17 48 24 15 26 27 10 28 28 14 19 24 40 14 2 23 8 34 22 10 9 10 0 1 8 16 
36 22 23 15 18 49 25 33 5 38 7 2 1 40 24 30 38 43 7 47 36 39 8 31 11 47 16 8 0 11 43 
7 48 17 49 41 5 38 14 10 15 44 41 35 27 46 22 7 44 48 30 22 18 44 11 30 48 15 42 4 0 22 
33 18 23 13 31 9 35 2 50 20 43 25 33 42 4 45 5 32 35 40 40 22 10 32 22 40 4 7 20 44 0 
40 0 46 10 39 32 27 19 23 47 37 37 6 45 29 37 47 35 3 7 36 43 33 7 15 32 11 8 41 41 41 
6 28 0 33 6 30 47 16 45 10 28 26 33 36 48 3 35 28 32 45 26 6 1 50 35 1 8 39 45 7 22 
19 28 33 0 6 32 9 24 39 49 41 32 40 43 30 10 11 48 10 13 47 34 27 47 15 36 5 29 48 6 23 
9 22 38 39 0 9 48 50 30 17 44 12 39 33 5 45 16 9 21 26 40 10 30 32 10 38 42 32 18 21 27 
31 26 34 27 32 0 11 2 5 21 12 11 19 43 20 36 46 44 43 21 20 47 8 23 16 14 29 40 29 1 18 
17 33 10 40 13 36 0 5 7 23 35 14 4 50 14 29 42 38 13 25 43 49 39 47 1 30 24 3 18 13 4 
21 24 4 4 45 29 9 0 3 8 50 41 37 20 37 7 44 8 10 37 22 42 28 5 9 20 28 36 9 11 40 
34 38 44 20 14 40 50 47 0 20 1 33 35 5 25 2 12 20 11 45 37 16 44 31 41 12 44 20 46 35 17 
43 1 43 18 17 4 43 1 23 0 17 44 12 40 37 40 7 23 30 8 8 9 25 14 24 25 40 7 4 8 21 
21 5 13 3 9 33 43 38 8 48 0 19 19 39 29 43 4 4 45 2 5 21 40 39 27 8 18 37 19 44 27 
48 40 44 3 47 40 50 38 29 8 15 0 36 22 11 40 41 37 36 31 21 36 12 2 3 50 31 17 36 45 41 
46 24 44 32 50 29 25 36 32 3 5 17 0 17 45 41 36 18 28 38 18 31 2 38 24 41 36 39 42 3 17 
24 14 44 38 13 42 43 41 11 11 17 2 4 0 28 17 20 46 8 12 15 13 39 49 28 10 45 36 20 41 14 
41 34 34 16 30 41 24 29 33 49 44 28 18 28 0 2 30 48 10 8 22 41 31 30 39 5 36 16 16 29 19 
6 23 1 47 20 34 18 38 49 26 47 18 26 14 22 0 36 21 22 26 31 47 26 13 20 24 10 4 45 12 44 
26 8 1 15 43 21 27 22 8 19 12 10 12 32 25 23 0 6 17 18 20 16 45 40 49 22 31 10 32 23 11 
30 23 27 5 1 40 17 12 21 1 9 50 14 8 19 37 15 0 32 45 2 5 38 28 43 29 32 18 3 43 13 
12 45 49 48 39 40 34 7 32 36 6 45 46 18 11 16 31 33 0 31 36 16 29 37 22 6 43 46 35 27 20 
22 15 19 8 39 14 1 17 20 29 4 9 50 10 46 10 42 11 32 0 13 1 36 23 8 48 33 9 27 42 47 
45 50 30 12 14 42 26 38 29 47 15 14 14 2 32 7 29 28 27 47 0 1 35 3 14 19 37 43 12 11 7 
6 25 26 23 35 5 29 38 47 4 35 4 33 36 49 38 23 22 26 41 5 0 32 1 45 46 10 47 17 44 27 
50 15 28 22 42 41 38 41 17 28 28 41 31 23 13 47 2 17 16 32 15 22 0 36 21 2 25 24 31 28 26 
8 13 45 20 5 21 27 11 45 8 50 32 5 49 13 14 1 28 33 49 8 31 1 0 13 12 29 29 7 21 17 
17 8 13 42 20 16 47 11 19 42 20 42 23 8 32 33 17 38 8 38 24 47 48 29 0 18 28 12 32 9 27 
42 21 41 28 41 43 20 14 29 48 18 40 9 42 30 17 8 44 32 29 12 41 50 33 43 0 21 10 35 24 43 
4 15 3 42 50 50 2 45 17 39 14 3 9 10 20 35 38 7 50 2 20 19 1 30 15 2 0 21 8 35 21 
34 35 41 36 45 4 38 17 42 30 16 13 27 43 16 10 32 40 13 9 33 3 36 23 24 35 14 0 24 28 49 
29 44 11 46 6 29 13 24 16 17 48 21 16 20 37 7 43 9 15 6 20 32 46 27 39 31 50 18 0 13 10 
41 14 40 43 1 23 3 31 37 37 47 9 24 47 12 12 38 16 37 17 43 5 9 22 30 48 49 34 8 0 26 
30 45 11 6 26 34 32 23 19 15 5 12 23 28 10 11 8 49 16 28 43 34 32 47 18 37 6 19 14 4 0 
24 0 20 24 11 7 2 48 18 22 28 31 15 48 23 12 31 33 32 13 19 40 50 18 31 33 46 13 15 39 40 
29 13 0 10 15 41 36 39 12 21 8 14 41 28 38 47 29 37 10 35 37 5 24 7 45 15 25 2 43 29 11 
39 34 30 0 33 50 18 5 33 33 27 43 21 11 5 6 50 23 31 34 5 10 4 30 3 36 5 7 15 1 16 
35 46 34 11 0 19 30 12 46 39 30 24 4 28 9 45 34 14 2 40 16 3 22 10 25 2 36 5 27 47 46 
11 40 33 17 43 0 47 38 1 37 26 39 27 42 4 31 7 27 22 9 2 41 5 26 35 14 14 37 10 9 33 
26 35 49 44 19 34 0 21 12 16 48 47 14 16 14 28 26 30 6 44 45 10 33 19 46 5 6 15 48 3 30 
11 28 42 4 1 5 29 0 49 35 47 37 16 6 11 6 27 40 12 8 39 34 31 16 15 24 43 16 4 39 14 
20 23 9 37 37 19 23 13 0 14 24 48 31 21 48 9 45 28 9 40 28 17 4 41 15 46 31 13 27 30 8 
40 25 10 22 28 14 7 19 25 0 38 5 27 48 35 42 3 10 19 7 30 16 7 15 11 47 16 33 44 42 7 
6 46 33 6 35 23 22 50 21 45 0 38 9 35 2 24 40 7 6 24 43 21 45 21 1 43 33 11 49 26 12 
32 14 28 18 32 9 45 42 1 20 32 0 11 49 12 42 7 23 13 38 8 10 27 21 49 36 12 26 33 14 2 
12 23 24 9 14 25 32 17 21 16 46 15 0 6 5 11 11 47 9 9 36 10 49 12 18 3 5 43 29 33 20 
33 12 29 49 8 10 37 40 48 18 26 7 43 0 22 13 46 22 16 39 26 16 17 24 28 43 13 11 7 6 10 
32 3 35 1 33 34 37 7 47 1 24 7 12 42 0 10 4 7 41 6 8 33 28 41 7 5 17 38 1 7 45 
50 31 34 39 37 24 22 42 39 29 10 15 20 38 3 0 10 6 33 19 39 7 20 1 49 27 5 13 28 46 17 
46 36 1 3 2 44 23 23 5 37 32 15 3 27 49 19 0 8 3 5 45 11 5 33 18 39 30 30 36 13 33 
11 45 47 22 33 24 15 18 37 9 38 34 29 32 8 42 18 0 24 1 9 47 10 24 2 6 41 4 33 14 22 
14 38 10 23 27 38 19 31 45 25 4 41 17 46 8 28 27 2 0 11 47 12 6 35 5 36 1 22 46 16 42 
21 33 4 15 46 50 24 6 6 21 24 38 30 26 5 6 44 28 44 0 29 15 3 23 18 11 8 3 5 37 26 
16 24 15 3 5 21 38 2 1 8 4 22 47 41 24 25 27 9 50 31 0 7 45 2 38 28 18 11 37 5 38 
48 19 19 30 5 50 24 27 22 35 19 43 27 36 25 43 7 32 44 37 32 0 44 6 7 19 22 22 27 26 37 
11 1 48 14 11 36 4 17 37 24 1 50 38 16 13 15 18 17 14 36 12 29 0 43 19 7 4 14 12 11 33 
28 47 2 35 24 18 45 14 26 40 39 40 46 21 36 32 7 40 45 4 5 6 14 0 40 25 32 9 30 7 7 
22 42 6 4 46 5 48 3 42 46 21 4 41 25 47 23 34 23 34 25 47 24 18 8 0 28 23 34 12 10 43 
9 16 7 19 18 48 34 42 25 31 34 4 48 50 34 1 16 40 44 3 49 36 47 33 10 0 48 25 49 26 24 
22 36 44 50 37 6 48 23 7 50 39 42 48 3 41 44 26 19 24 28 7 45 19 8 44 24 0 20 24 9 21 
23 36 16 1 10 49 11 49 13 29 3 43 33 45 15 8 38 44 43 17 22 7 25 49 17 27 18 0 37 7 13 
36 24 15 36 27 4 26 47 43 43 34 28 6 46 25 15 12 24 43 36 36 26 32 42 50 17 11 18 0 35 34 
31 25 43 1 43 30 29 48 19 11 33 41 2 50 34 44 1 30 25 3 16 44 44 21 28 11 42 23 37 0 11 
44 9 13 10 12 9 36 6 3 45 36 15 6 33 4 45 25 32 9 6 16 31 43 32 19 38 31 22 23 32 0 
38 0 7 11 8 18 25 29 42 39 25 9 46 28 30 17 1 39 12 17 33 37 11 15 32 46 13 16 31 42 25 
29 15 0 33 21 8 30 5 48 15 30 17 33 44 34 48 20 4 14 16 18 49 20 5 40 46 28 43 30 13 6 
9 48 50 0 15 47 45 13 7 22 37 47 41 47 38 17 4 17 31 35 26 10 2 16 25 26 9 10 44 26 31 
38 25 36 10 0 21 19 33 29 38 4 7 47 42 29 22 9 23 18 24 42 11 12 46 38 46 8 33 26 39 38 
35 20 32 42 50 0 22 5 38 17 49 21 39 43 32 19 13 10 37 3 17 37 43 21 34 20 26 30 48 14 14 
37 8 41 1 19 38 0 16 1 29 50 5 35 1 25 21 23 20 15 19 34 48 46 23 23 2 43 50 49 23 25 
42 7 25 4 13 14 49 0 43 13 32 48 10 8 3 13 2 43 46 13 48 7 16 29 31 16 41 35 18 49 27 
38 17 29 5 9 48 11 47 0 13 7 25 27 2 38 36 39 38 20 10 1 50 5 36 25 19 26 28 45 39 22 
30 31 44 37 45 31 32 4 45 0 16 41 46 33 6 24 30 15 42 45 27 3 15 8 49 27 33 32 4 37 33 
20 16 8 42 28 44 33 16 44 5 0 7 35 26 45 10 5 23 30 2 39 12 37 50 12 20 16 23 46 10 12 
50 29 17 12 47 26 39 42 29 30 47 0 49 49 41 20 18 39 14 40 23 11 2 2 49 22 33 16 46 22 12 
22 38 7 33 5 29 19 14 49 34 16 32 0 2 23 42 13 39 10 42 3 27 10 7 37 1 49 27 19 40 14 
10 43 20 17 9 10 43 16 36 42 50 26 15 0 6 7 30 50 30 7 10 45 6 4 20 36 12 32 20 32 7 
3 50 24 35 25 24 12 35 15 33 20 23 25 1 0 3 2 46 1 31 22 49 47 12 31 20 4 39 50 32 47 
29 24 34 30 40 50 2 30 32 34 18 16 16 25 41 0 23 32 4 17 34 17 31 40 11 8 6 38 44 16 21 
35 13 4 18 4 46 39 46 12 4 1 16 20 47 4 34 0 32 38 41 48 23 36 34 48 31 49 35 23 22 34 
12 8 15 11 50 6 12 49 21 45 34 36 42 13 34 2 11 0 43 8 24 24 1 4 19 49 49 29 6 37 6 
12 16 25 28 43 43 1 10 48 49 22 34 18 46 14 37 44 21 0 15 30 38 42 16 48 10 12 5 46 12 1 
27 7 12 16 33 18 12 15 21 42 1 1 46 10 3 41 33 8 5 0 13 5 9 41 8 18 20 1 27 18 32 
39 5 48 47 22 15 22 3 13 46 25 30 50 24 29 38 47 7 46 20 0 29 47 42 50 46 19 17 4 48 14 
18 36 47 40 3 46 4 49 38 38 19 31 45 9 38 26 9 18 29 31 24 0 44 32 49 3 42 14 48 2 4 
49 19 5 50 29 39 33 11 21 33 34 48 19 9 1 48 2 33 12 21 10 49 0 25 17 40 24 5 49 37 11 
33 6 48 35 39 1 26 45 31 50 43 49 48 47 47 27 26 23 49 6 41 32 36 0 31 44 1 44 38 11 5 
35 35 24 10 1 29 1 35 20 50 22 7 2 13 28 11 1 29 21 14 49 32 50 32 0 21 2 20 17 41 38 
8 39 35 26 15 8 26 39 46 19 26 41 4 50 34 34 30 24 4 34 50 15 18 47 6 0 4 36 42 39 50 
9 34 45 33 43 34 22 26 49 20 36 13 34 2 38 8 29 1 48 37 22 47 14 8 39 43 0 21 38 20 12 
23 34 50 46 10 43 47 22 8 1 12 4 25 34 49 37 32 16 10 49 26 35 45 3 28 13 21 0 37 44 50 
13 35 6 38 48 2 14 38 43 46 11 8 44 48 25 19 22 31 10 2 11 5 29 22 36 39 40 48 0 19 47 
23 10 28 8 38 28 48 38 36 47 23 45 24 15 38 19 42 47 28 9 42 40 28 43 40 8 7 35 2 0 10 
13 17 19 46 23 2 31 37 10 48 22 35 45 13 29 17 32 14 35 18 47 43 20 10 6 33 32 35 19 30 0 
22 0 14 37 27 34 7 26 28 42 37 38 6 37 31 38 7 46 16 14 23 27 43 50 34 13 20 47 10 41 40 
20 46 0 18 31 26 8 49 18 29 23 41 4 23 48 31 42 6 40 22 49 38 17 22 46 3 30 14 3 15 15 
10 17 38 0 2 18 43 38 7 5 31 9 29 37 42 33 24 20 3 4 21 14 8 38 42 3 3 24 23 28 47 
45 46 3 15 0 13 24 16 21 31 38 5 49 35 42 40 10 31 31 13 30 10 12 50 45 1 2 30 47 49 15 
19 15 30 9 36 0 14 26 22 29 9 8 50 22 17 17 16 23 46 2 44 23 44 10 48 37 33 47 9 15 12 
45 20 22 16 19 40 0 20 27 7 27 34 9 2 4 23 11 41 34 29 36 30 34 45 6 43 26 5 33 22 3 
17 17 8 18 15 38 28 0 6 48 27 47 47 40 25 10 15 42 7 26 27 43 14 31 30 33 12 25 17 24 44 
36 37 6 4 11 18 1 35 0 40 35 33 35 36 2 40 33 44 21 46 29 34 49 8 45 10 4 37 29 35 3 
14 11 33 5 42 10 41 37 15 0 43 14 8 17 41 44 9 28 29 41 50 18 5 22 46 11 37 30 11 44 7 
31 23 50 37 22 22 3 31 11 30 0 43 8 6 3 16 26 33 17 1 2 26 9 39 36 36 9 40 38 45 5 
30 30 43 8 13 42 8 30 20 22 7 0 48 18 11 8 10 50 19 30 35 4 14 11 43 31 23 34 15 2 14 
33 16 37 6 50 13 15 48 41 25 19 4 0 47 29 46 29 41 28 29 26 9 22 8 11 1 17 20 1 28 40 
8 43 28 7 40 41 11 12 11 46 45 2 28 0 6 16 1 18 32 48 3 32 7 37 27 5 11 9 27 5 34 
43 15 21 1 18 27 26 40 40 5 18 29 18 34 0 31 8 44 2 45 1 49 39 4 25 9 1 7 2 3 30 
33 35 7 27 3 31 31 28 39 40 26 28 43 43 35 0 3 40 4 46 47 17 7 32 5 35 4 12 47 43 17 
20 24 38 10 22 34 23 41 31 1 27 17 13 6 26 22 0 47 11 41 6 12 4 7 6 13 27 3 2 42 49 
19 35 36 23 20 2 41 33 22 1 31 49 23 45 20 1 45 0 27 30 14 8 1 6 37 5 17 18 32 48 46 
32 21 49 32 32 43 31 41 36 24 32 15 40 40 25 14 31 12 0 37 12 32 26 23 29 42 19 29 49 19 4 
34 9 35 26 20 11 1 42 14 28 21 5 42 7 32 43 12 17 13 0 42 36 7 46 37 14 6 48 20 41 14 
14 33 23 32 41 24 31 14 20 15 13 40 49 9 42 28 35 17 48 49 0 7 13 37 27 18 28 14 48 13 15 
13 31 1 50 15 39 32 11 16 9 13 48 47 48 29 46 8 38 46 36 22 0 32 23 42 7 1 46 46 14 13 
10 33 2 6 2 33 39 49 44 4 47 24 1 39 36 9 16 39 49 23 20 27 0 3 27 44 31 9 10 43 15 
43 37 47 4 49 31 47 42 47 47 8 10 44 43 40 48 32 34 6 48 35 7 48 0 42 43 34 30 25 12 21 
25 30 6 30 11 10 28 47 41 6 13 25 43 2 15 11 33 11 38 46 50 25 5 45 0 30 36 39 5 11 15 
1 22 30 26 23 29 4 15 32 30 20 35 44 50 36 11 15 46 27 33 1 20 38 17 22 0 50 25 11 50 25 
21 23 37 26 6 42 45 17 30 37 7 19 29 8 27 15 32 5 10 20 22 44 28 29 15 31 0 34 14 5 23 
4 44 15 7 10 47 49 19 45 44 16 48 17 41 26 33 42 31 41 7 19 21 1 31 4 28 46 0 8 12 25 
9 31 13 7 33 14 5 22 49 30 17 13 11 17 4 24 27 38 3 32 40 3 24 48 5 34 43 35 0 3 32 
2 41 8 20 36 35 36 10 8 13 28 20 33 11 41 6 11 35 27 31 1 9 6 30 35 6 8 15 3 0 50 
21 20 20 17 28 26 6 41 31 19 39 18 30 40 4 21 21 13 8 49 23 8 9 23 31 44 36 28 35 30 0 
28 0 21 8 8 42 9 50 17 34 15 1 20 4 8 43 34 29 16 26 15 36 46 7 5 27 14 12 47 37 35 
40 28 0 6 2 42 18 11 22 48 46 21 4 30 44 49 4 4 1 31 47 15 20 3 21 45 32 14 3 31 29 
47 3 31 0 49 25 23 15 3 16 25 24 8 18 30 44 32 17 14 7 24 10 11 17 40 20 20 26 35 8 10 
5 8 41 20 0 50 18 24 31 19 26 39 1 36 7 23 8 2 23 28 13 16 1 47 7 20 36 37 41 29 5 
48 30 46 6 20 0 17 17 49 31 26 8 36 46 31 36 9 26 11 17 13 18 3 8 45 45 4 11 34 50 14 
32 34 2 14 29 9 0 6 30 37 7 41 4 43 2 5 30 6 17 22 11 10 26 25 17 38 45 23 2 12 17 
7 33 50 17 45 25 35 0 32 3 27 4 47 25 11 22 15 11 6 41 15 49 44 13 39 4 6 10 36 27 35 
37 4 18 20 50 9 4 26 0 8 31 46 24 14 45 8 14 2 14 45 23 34 17 12 48 18 13 21 11 13 39 
16 50 6 19 41 50 29 5 12 0 14 11 36 49 10 19 26 30 18 32 41 5 46 41 5 1 20 43 20 3 37 
38 44 13 19 15 47 18 46 5 8 0 35 47 3 31 12 49 19 2 30 42 33 3 29 23 34 21 9 2 18 22 
7 10 3 25 26 18 23 30 46 23 8 0 35 14 24 6 9 43 10 43 3 1 42 41 11 4 35 16 41 36 45 
39 17 28 33 1 26 45 29 5 45 27 40 0 7 8 35 49 40 5 18 26 28 49 9 16 21 16 19 42 21 42 
3 33 45 1 34 41 7 31 23 30 14 15 6 0 49 26 12 36 34 27 6 46 11 23 10 17 40 9 13 13 36 
8 3 8 14 42 45 45 6 24 44 43 9 33 38 0 12 14 44 10 40 9 31 36 16 16 46 42 10 35 34 45 
33 45 19 38 23 11 7 42 7 32 18 30 10 33 13 0 37 28 36 49 4 47 49 23 5 6 22 38 43 18 50 
35 11 22 30 12 49 41 45 15 1 8 2 3 8 42 1 0 26 34 3 10 15 24 37 31 48 34 22 15 32 1 
24 14 24 7 48 7 9 31 21 15 46 34 21 48 46 45 47 0 15 13 6 47 5 41 9 36 12 24 42 32 29 
27 27 14 15 28 44 29 46 11 35 42 45 13 39 14 31 4 39 0 35 4 37 7 2 27 5 19 24 15 21 36 
34 18 50 42 38 20 20 7 20 3 17 1 4 29 14 2 42 3 46 0 5 8 35 7 29 42 20 26 37 10 9 
21 14 25 25 2 25 45 21 1 45 12 47 19 33 37 37 4 23 14 4 0 28 22 20 16 28 49 11 22 1 19 
44 34 48 12 32 3 26 29 28 39 7 21 2 2 44 11 16 25 42 5 17 0 3 23 6 32 49 45 9 48 3 
15 24 21 32 1 28 50 8 1 34 11 25 46 26 47 7 20 18 22 17 33 36 0 30 46 2 42 11 42 31 34 
9 17 32 25 24 34 1 20 1 17 12 9 25 8 45 43 7 48 10 25 30 27 37 0 31 20 29 44 25 31 10 
17 9 28 18 26 45 43 22 2 14 7 50 18 6 6 25 12 23 2 10 35 14 32 7 0 4 33 30 2 5 45 
40 26 40 41 1 3 32 7 33 1 1 36 46 47 18 30 10 32 25 46 18 22 24 22 26 0 4 27 21 14 44 
15 41 17 7 24 31 11 27 6 4 44 6 40 2 10 49 18 36 39 25 23 49 28 10 28 19 0 3 19 16 48 
26 11 44 40 36 10 20 40 23 37 20 33 27 21 3 12 33 23 13 28 36 42 33 39 21 17 13 0 8 30 5 
29 42 12 9 28 33 12 50 16 50 30 29 13 2 6 41 22 7 7 16 37 31 7 39 12 35 28 5 0 20 20 
48 13 10 19 8 28 22 19 44 20 1 33 7 13 49 8 29 31 34 31 45 6 1 14 19 49 36 23 47 0 44 
6 8 30 47 3 18 19 45 44 28 19 4 14 38 16 4 24 44 41 4 6 48 21 40 25 42 12 47 1 10 0 
43 0 49 22 1 15 43 3 11 11 31 39 34 37 7 12 42 43 14 48 15 26 42 33 43 38 9 37 41 22 11 
6 22 0 45 35 35 20 32 14 24 23 1 14 34 10 16 23 11 15 28 33 50 49 50 36 35 2 17 29 13 7 
7 13 39 0 50 26 18 40 3 22 42 11 29 41 25 14 12 9 24 28 16 48 23 13 39 12 8 23 9 1 34 
4 3 1 17 0 17 39 26 34 34 48 34 8 43 36 23 21 8 25 23 23 44 43 2 48 9 34 1 50 39 18 
45 31 2 39 39 0 8 28 24 8 26 37 25 40 30 33 40 31 27 17 42 50 49 37 28 40 11 2 4 9 34 
38 26 45 17 4 3 0 7 4 48 16 43 35 17 48 37 19 4 22 16 19 3 24 34 48 18 47 45 25 50 28 
7 25 15 25 38 11 30 0 23 27 30 34 28 30 2 49 16 32 39 42 22 7 31 38 41 31 15 43 48 49 7 
9 33 5 20 9 19 20 43 0 11 26 39 31 45 37 35 26 45 33 50 3 15 6 33 28 21 26 37 25 44 23 
19 33 25 20 21 2 24 10 43 0 31 46 39 29 16 33 27 36 2 6 6 20 11 49 46 42 4 50 27 49 34 
32 46 50 38 8 7 7 25 16 34 0 3 35 41 20 8 27 27 18 46 45 41 35 19 38 3 9 34 29 29 18 
3 47 12 10 49 50 40 41 8 27 21 0 12 37 23 4 36 20 30 39 16 27 33 31 4 43 47 28 12 35 50 
23 28 47 48 31 6 24 32 21 8 37 37 0 10 20 25 30 49 46 35 18 39 5 41 13 42 21 17 8 17 3 
22 28 6 9 4 44 15 39 42 48 12 39 9 0 31 29 41 23 12 30 14 49 32 27 18 12 19 37 35 7 11 
40 16 15 19 36 9 31 2 16 32 15 10 4 37 0 6 50 46 10 34 1 48 5 29 3 4 41 2 39 47 36 
7 31 33 31 9 46 24 41 45 21 10 21 46 48 49 0 39 28 40 12 12 23 28 1 6 14 35 38 12 15 46 
8 43 5 31 26 35 28 24 29 10 26 6 15 14 42 27 0 9 31 5 16 13 12 27 35 13 30 30 27 18 25 
9 12 26 50 13 18 17 15 23 15 11 5 12 2 37 18 13 0 37 15 37 26 8 8 50 34 46 16 20 19 47 
5 2 6 5 2 14 30 16 1 25 11 45 9 41 5 8 1 25 0 49 45 17 44 13 31 49 2 5 27 16 17 
2 47 47 27 10 10 50 8 1 24 39 47 36 40 27 32 49 18 45 0 27 46 41 22 25 30 12 40 25 6 1 
10 3 50 35 24 14 48 32 31 46 8 43 25 26 6 21 8 23 5 17 0 3 37 33 40 21 11 25 22 47 49 
21 25 2 1 14 36 47 2 17 13 34 17 38 50 19 3 17 47 19 10 5 0 17 21 39 48 23 21 11 14 13 
39 27 36 33 26 34 42 25 12 21 24 6 7 43 34 36 50 34 21 18 45 29 0 4 38 44 4 5 13 3 42 
16 37 38 5 24 8 32 5 24 36 12 42 35 49 37 49 11 29 6 13 23 38 41 0 46 18 11 23 48 39 22 
29 29 23 21 5 37 18 2 19 26 4 46 10 36 7 4 45 6 2 45 43 27 8 41 0 19 29 47 43 37 14 
36 35 16 2 7 33 20 15 44 50 32 9 10 30 9 28 28 5 40 15 17 18 46 44 30 0 3 22 32 2 26 
41 26 16 5 41 20 30 8 29 24 34 30 12 3 14 34 17 28 32 41 2 42 3 23 48 19 0 39 23 23 5 
12 38 13 19 9 6 44 5 40 40 49 21 27 16 32 37 6 44 31 46 36 45 1 11 25 50 23 0 43 8 23 
31 7 35 24 13 46 17 44 44 8 41 12 39 43 43 31 15 37 42 12 13 45 43 28 19 17 38 2 0 44 10 
33 2 48 17 9 42 36 3 4 36 20 13 1 23 6 25 6 8 19 44 35 37 2 47 10 36 15 8 6 0 46 
8 16 1 34 25 39 15 22 35 1 46 13 34 6 42 1 45 20 22 45 12 30 33 50 25 47 1 2 7 23 0 
27 0 28 48 8 28 5 12 17 48 17 10 34 24 19 49 23 4 46 5 10 42 45 37 11 35 28 33 1 9 29 
39 13 0 16 12 24 19 15 26 29 38 39 28 23 5 35 28 7 15 2 3 44 5 47 48 32 32 41 38 24 50 
22 11 8 0 20 28 47 19 13 46 30 9 28 18 18 21 14 23 32 26 7 22 19 50 7 35 35 17 19 31 42 
28 27 2 29 0 16 28 21 4 28 39 10 44 19 22 45 16 38 30 27 18 10 10 13 17 29 4 12 2 35 44 
31 1 33 4 3 0 32 27 39 3 44 44 19 5 38 48 28 50 29 13 19 47 38 42 13 32 18 15 35 1 12 
17 19 20 34 8 9 0 12 16 20 14 40 49 27 34 25 41 6 25 20 1 5 34 40 16 47 44 9 21 22 35 
17 42 39 41 27 25 50 0 21 30 39 17 35 9 49 30 49 11 9 38 42 13 40 16 1 8 34 30 4 37 15 
50 42 44 36 47 49 10 37 0 7 1 41 35 46 31 34 21 25 41 37 49 33 1 33 31 22 27 27 39 34 44 
45 47 34 16 40 25 41 24 3 0 31 39 24 2 37 1 28 45 35 17 37 9 40 17 39 32 49 10 13 14 21 
23 22 3 14 7 45 1 30 42 10 0 30 2 39 7 10 10 50 46 31 44 32 42 23 48 35 5 31 46 35 41 
16 28 10 32 9 18 22 38 31 6 27 0 15 44 7 7 8 2 11 29 23 50 14 33 20 40 31 49 6 30 2 
15 6 46 1 44 2 43 7 48 42 38 13 0 16 25 18 17 48 16 41 28 3 20 17 12 41 3 46 40 43 28 
20 16 9 30 42 22 20 44 13 5 16 46 14 0 37 35 38 49 8 3 23 34 33 16 3 49 45 39 35 10 42 
7 3 14 20 23 23 4 36 33 46 48 5 3 36 0 12 8 7 31 28 4 4 38 38 21 45 37 1 6 31 48 
33 36 34 22 49 13 32 44 14 12 34 13 26 7 26 0 30 30 31 41 41 38 9 7 7 38 19 16 44 26 37 
23 49 6 36 14 13 21 32 37 49 27 14 17 16 21 42 0 13 31 46 15 7 20 16 40 10 25 29 28 34 30 
48 38 19 28 40 36 7 41 44 13 9 49 44 42 15 25 43 0 42 36 47 7 35 49 11 31 3 33 17 26 40 
34 44 49 7 2 39 45 39 27 36 35 22 38 33 6 9 27 25 0 25 36 32 38 42 37 24 14 39 8 48 37 
3 41 16 5 29 16 50 37 41 26 31 4 15 1 13 35 48 17 5 0 23 27 9 42 40 8 47 2 13 34 38 
1 37 42 40 33 45 7 34 4 41 9 40 34 50 6 28 23 42 25 39 0 17 23 4 26 11 45 49 26 47 33 
14 38 4 3 26 44 13 26 18 18 28 14 14 15 14 37 25 43 35 30 24 0 11 38 45 22 29 34 17 29 39 
46 32 37 22 27 22 37 31 24 13 16 47 24 7 11 3 9 39 12 25 20 7 0 42 17 9 4 50 10 32 47 
10 47 48 30 23 47 27 43 38 43 1 45 19 23 15 28 37 32 34 19 20 46 5 0 4 20 39 41 21 13 24 
22 28 50 28 3 20 50 45 34 15 26 17 2 20 25 25 38 19 2 32 17 19 26 13 0 28 15 42 45 10 34 
7 7 30 14 21 23 46 42 20 46 28 43 48 20 44 3 44 35 29 45 1 22 19 31 8 0 4 2 37 50 39 
28 5 35 50 8 19 38 38 50 2 30 47 49 7 4 25 21 6 20 25 21 7 16 16 33 36 0 39 49 7 17 
22 9 42 32 18 24 8 48 13 25 16 6 36 27 15 5 23 12 28 33 34 46 17 25 18 21 40 0 20 18 23 
31 39 32 34 31 22 5 18 40 31 18 23 44 46 10 15 22 39 1 29 13 27 22 24 33 26 43 18 0 14 47 
35 38 31 40 44 27 25 2 46 44 50 6 23 47 16 11 2 22 15 3 50 1 20 39 10 5 17 8 1 0 6 
30 38 4 43 47 30 43 4 3 34 41 21 43 8 29 8 4 26 8 23 24 21 3 12 48 34 19 42 31 39 0 
11 0 17 2 41 15 13 2 31 1 37 19 48 20 32 13 30 8 12 11 3 2 42 1 29 32 9 36 43 46 13 
12 1 0 24 14 23 24 19 3 44 17 6 24 26 22 4 26 2 21 49 19 27 7 32 28 38 20 17 23 9 6 
27 10 36 0 38 26 18 25 6 9 40 11 5 19 45 47 28 17 29 25 7 7 15 45 27 36 5 20 46 27 4 
7 47 44 38 0 40 47 39 38 46 37 2 47 12 9 9 22 38 38 32 10 3 39 49 3 50 12 15 9 3 21 
49 29 30 5 34 0 15 12 32 5 50 40 30 33 38 5 10 4 36 19 14 17 32 15 17 2 18 48 42 38 28 
33 30 35 26 38 24 0 17 8 25 45 11 7 34 32 20 24 6 11 48 40 9 29 41 39 5 17 14 13 4 16 
17 20 45 27 18 11 45 0 8 1 32 44 46 12 24 3 11 49 33 47 28 13 37 44 48 20 4 40 46 21 21 
10 4 4 10 28 41 13 7 0 15 10 30 48 11 17 47 13 18 17 36 45 18 31 17 27 4 31 27 47 8 15 
21 49 38 30 22 40 43 3 47 0 13 48 43 19 38 49 15 27 28 2 7 36 24 11 27 3 30 38 28 6 48 
15 17 50 50 40 31 11 31 45 8 0 21 16 20 24 47 26 12 29 28 39 5 49 46 1 29 47 39 11 27 42 
2 15 47 49 48 32 43 20 49 18 5 0 46 33 44 36 21 4 37 30 28 18 10 50 18 44 16 21 49 22 43 
42 50 5 4 6 7 20 22 27 15 34 43 0 31 11 34 10 17 2 16 9 44 3 31 50 24 43 15 29 6 32 
11 44 49 6 26 5 41 30 39 29 1 33 11 0 15 44 26 29 40 35 34 50 20 34 13 49 40 19 6 30 14 
42 42 16 45 5 40 45 25 35 30 19 38 14 37 0 8 11 43 17 6 49 14 26 45 22 33 41 11 36 7 37 
36 36 1 25 38 10 18 16 11 5 32 5 6 5 16 0 12 7 47 5 38 48 3 50 31 1 17 47 44 13 14 
29 9 18 48 44 34 38 39 50 49 44 27 6 1 18 10 0 20 40 7 21 35 14 31 20 40 33 36 20 25 21 
13 24 4 48 27 23 37 8 12 33 25 19 48 7 45 21 48 0 50 14 41 47 8 38 42 30 15 29 49 9 11 
48 19 15 29 36 21 24 8 25 45 23 13 28 25 47 16 16 24 0 25 19 36 37 6 34 24 6 37 12 19 12 
44 38 49 1 35 7 5 20 22 24 48 40 25 19 18 35 30 13 46 0 14 49 5 24 41 25 12 13 31 5 30 
35 12 40 14 1 36 15 28 40 40 12 47 3 2 22 46 12 37 17 40 0 27 24 17 6 13 40 15 8 27 23 
44 25 15 42 40 36 1 12 19 33 20 3 23 6 2 3 2 23 19 30 1 0 27 14 16 4 11 45 34 2 12 
21 7 2 18 46 38 33 11 12 36 45 1 19 34 20 24 1 11 4 11 38 42 0 40 47 23 18 11 50 39 29 
41 18 11 7 12 14 2 6 11 14 20 42 11 34 35 50 8 30 46 30 11 35 30 0 42 24 30 18 5 45 28 
28 34 23 33 45 28 41 12 23 6 23 45 1 41 41 47 31 6 13 23 11 31 4 10 0 19 7 38 20 34 33 
47 47 12 33 37 36 20 29 39 7 10 47 8 40 7 16 34 40 1 27 49 12 43 22 18 0 47 31 13 15 38 
41 21 28 41 10 26 34 18 4 5 28 3 18 6 14 14 24 14 3 3 24 48 19 7 34 36 0 5 40 15 40 
6 7 14 1 17 39 19 17 31 32 33 16 37 46 50 46 44 37 9 4 24 17 11 12 15 43 3 0 22 7 25 
21 44 4 14 49 22 39 17 39 25 46 7 34 22 21 8 12 24 8 38 42 19 32 11 17 40 46 3 0 36 24 
37 48 10 7 11 39 13 23 47 28 7 27 48 35 9 17 34 40 41 8 32 30 14 20 33 3 13 43 48 0 10 
26 37 32 16 38 49 47 27 12 33 45 39 27 30 31 15 21 48 3 50 7 7 12 29 43 8 34 41 24 8 0 
26 0 21 26 38 3 21 46 33 47 10 21 7 29 9 13 43 4 34 40 18 33 16 40 48 4 19 25 3 23 30 
16 7 0 4 4 7 25 14 39 28 11 20 38 1 44 30 1 29 4 16 50 5 50 2 7 25 11 31 28 35 34 
46 44 10 0 17 45 15 4 25 2 39 30 15 7 29 49 46 15 47 19 3 41 22 37 24 26 16 5 47 30 46 
44 36 4 44 0 15 26 28 34 49 15 47 5 3 28 20 40 44 23 8 30 47 34 10 32 44 25 7 37 42 30 
10 7 46 6 45 0 45 11 14 15 23 18 31 49 4 7 36 19 10 4 36 22 33 40 50 50 10 26 23 50 41 
20 42 43 20 6 41 0 10 47 33 26 29 31 9 35 13 16 36 6 26 9 6 48 33 6 8 28 17 46 7 35 
19 39 14 24 4 26 39 0 29 49 16 27 23 27 29 7 42 24 5 38 35 25 21 47 42 36 23 10 38 12 29 
24 14 41 48 7 40 17 35 0 32 37 28 7 8 11 32 33 21 5 49 17 4 13 9 23 11 49 43 23 39 32 
17 2 18 21 42 14 32 29 22 0 18 26 40 23 1 7 18 14 37 10 3 3 6 39 46 25 12 5 19 38 9 
48 44 47 1 21 27 40 37 19 19 0 1 42 33 32 41 15 40 9 16 44 35 7 14 37 29 12 13 22 46 31 
9 14 42 14 20 33 43 23 30 31 29 0 27 18 42 2 11 23 8 5 11 22 47 4 45 24 41 31 11 22 10 
14 18 41 38 10 38 50 20 12 9 22 18 0 29 35 16 8 40 22 35 19 39 6 17 36 10 12 11 48 40 30 
3 33 1 21 18 11 36 30 32 15 11 4 46 0 47 39 4 19 19 30 16 2 9 26 4 21 9 1 6 29 48 
27 3 31 33 7 40 18 8 17 5 22 10 40 21 0 8 36 10 21 47 7 44 42 18 24 28 44 7 48 1 10 
11 31 2 35 38 9 23 14 41 50 36 11 3 25 44 0 43 20 6 47 35 49 31 9 23 5 36 36 8 5 13 
33 21 8 8 45 42 9 6 34 50 13 47 30 47 21 33 0 40 43 30 36 24 2 1 16 12 30 22 29 31 2 
24 16 9 28 18 16 3 45 31 3 34 15 22 47 22 2 2 0 13 2 22 46 43 28 20 40 31 20 43 47 15 
21 30 26 32 27 48 38 2 30 5 30 46 13 27 3 10 30 5 0 44 10 29 10 27 9 7 31 39 40 39 37 
47 11 48 16 33 4 40 41 21 25 15 50 33 48 42 1 30 1 18 0 30 1 16 50 38 37 11 3 17 26 46 
10 49 13 44 9 20 48 48 45 49 21 40 34 19 46 29 27 30 18 6 0 2 38 23 10 36 32 12 11 29 22 
1 23 16 25 16 16 38 40 39 23 4 33 7 19 9 12 32 31 43 9 34 0 24 49 20 45 23 27 3 8 28 
8 37 19 23 48 48 24 9 3 30 42 38 41 46 2 19 31 4 1 25 50 32 0 19 21 38 28 24 46 31 44 
40 35 33 12 15 18 15 34 22 12 38 23 28 13 18 47 33 4 19 26 42 24 3 0 34 28 27 19 48 35 21 
25 29 29 10 41 7 6 30 31 35 5 47 33 40 37 28 4 6 4 42 45 21 28 5 0 3 16 33 49 34 39 
49 17 49 1 38 10 45 19 23 11 42 4 23 34 22 45 42 13 48 1 23 13 44 44 26 0 4 1 24 8 25 
24 7 46 43 37 38 49 32 3 27 34 36 34 44 1 42 48 45 34 8 25 20 2 34 16 36 0 24 6 26 34 
10 21 12 48 37 35 8 30 48 35 47 11 11 22 18 38 30 1 44 35 7 7 40 50 1 5 6 0 13 28 1 
15 43 6 19 17 13 25 36 7 16 34 18 47 50 12 15 9 31 16 28 7 23 12 42 27 4 32 12 0 48 33 
30 46 3 48 20 4 5 42 5 6 13 44 45 29 1 40 10 41 39 36 46 25 47 50 44 42 32 15 43 0 14 
31 14 38 24 36 39 16 50 30 8 11 17 26 11 15 13 29 34 42 38 44 42 23 13 37 6 49 3 4 29 0 
23 0 40 50 41 25 50 6 21 44 12 24 11 11 31 26 29 49 36 35 31 14 49 24 5 21 40 41 26 38 31 
40 14 0 46 2 36 21 18 35 36 15 7 8 41 30 15 34 31 43 37 9 7 13 18 24 16 24 17 46 21 35 
10 31 34 0 13 23 11 15 9 46 6 12 15 1 20 24 6 9 44 41 37 9 49 39 29 25 27 46 23 37 12 
4 23 15 1 0 6 27 25 28 8 4 19 22 47 32 47 42 13 48 50 10 16 23 5 35 27 12 42 5 39 46 
15 43 23 34 2 0 40 1 50 15 48 31 31 37 37 18 37 2 8 33 33 14 49 24 27 47 32 18 30 25 44 
36 20 40 12 39 27 0 49 13 31 8 42 14 33 2 30 35 36 18 17 40 11 35 23 6 32 17 19 47 38 20 
22 21 25 22 12 11 42 0 25 49 42 38 39 27 25 41 1 16 22 47 12 46 50 14 36 33 2 48 34 31 22 
8 3 26 11 36 22 40 12 0 41 19 43 11 20 26 2 23 8 48 15 32 2 48 50 26 25 23 7 39 39 11 
14 9 45 27 34 36 13 16 39 0 20 11 4 32 29 19 35 30 39 35 11 44 50 19 49 21 10 3 1 37 13 
15 2 23 30 6 35 17 44 42 16 0 10 42 9 46 22 48 17 22 7 40 44 19 4 28 17 14 40 47 7 24 
33 13 30 27 5 10 32 2 24 35 19 0 37 47 20 2 3 41 23 28 23 44 32 44 47 20 47 48 45 13 42 
46 20 38 18 33 47 12 33 42 12 17 16 0 48 23 22 7 22 35 27 15 24 17 19 34 31 2 19 34 7 9 
13 37 39 32 39 49 49 29 37 5 41 8 32 0 16 7 29 34 22 26 13 25 13 19 49 19 29 1 5 38 32 
29 29 27 34 50 30 27 17 34 23 9 44 49 23 0 25 16 36 4 27 3 18 47 8 44 34 1 19 41 14 10 
49 45 42 5 27 12 32 48 17 27 3 18 39 3 5 0 32 14 47 25 4 44 48 28 36 14 32 21 34 50 50 
12 36 3 24 25 14 2 44 46 13 35 38 37 1 1 50 0 9 5 39 2 37 23 17 11 17 1 18 6 42 45 
42 49 48 18 16 17 15 15 29 42 30 21 1 12 20 7 12 0 28 36 15 23 16 45 49 13 40 19 43 8 24 
46 47 3 2 22 36 40 19 35 34 36 45 27 47 23 17 22 5 0 41 11 39 41 21 28 22 26 4 50 6 27 
49 22 7 5 47 34 18 49 41 34 17 43 43 2 29 29 40 48 26 0 46 18 14 2 48 36 5 26 26 30 46 
33 40 14 9 36 14 38 22 1 40 49 23 15 8 44 47 48 19 49 44 0 36 6 25 10 10 35 21 10 20 42 
8 43 20 45 2 27 30 35 17 16 41 18 48 37 47 45 50 45 4 39 7 0 7 28 36 11 27 16 5 50 2 
44 29 2 10 32 7 4 20 7 17 17 14 3 33 4 18 9 38 13 15 35 26 0 6 31 35 2 15 34 35 25 
12 25 36 16 23 13 17 38 6 41 41 31 38 38 22 44 5 46 33 43 18 28 43 0 35 17 18 23 21 26 30 
43 20 35 32 6 43 29 37 10 42 2 22 33 23 25 4 39 19 9 41 47 20 2 43 0 8 34 33 1 49 6 
40 46 13 26 48 22 47 6 33 30 15 18 36 42 41 46 46 20 11 14 29 4 13 35 33 0 23 19 42 25 22 
10 28 38 5 2 7 9 7 25 3 8 33 37 30 26 29 35 11 3 12 39 14 41 36 27 36 0 34 29 43 26 
3 5 32 12 21 38 31 32 40 35 37 40 46 8 7 47 18 33 9 5 39 8 40 13 33 47 37 0 3 28 16 
24 31 14 49 1 3 2 26 9 39 49 3 21 19 25 50 18 34 30 31 19 1 20 39 37 46 15 19 0 29 25 
1 29 5 25 11 7 26 47 8 4 45 43 25 20 6 36 38 22 39 34 29 4 23 47 48 24 12 25 12 0 5 
38 34 47 35 38 21 49 46 8 19 24 21 27 26 37 26 26 50 34 2 9 44 30 46 46 47 6 8 28 38 0 
45 0 1 35 3 17 12 46 41 32 36 38 42 15 20 10 8 28 48 11 22 48 12 42 11 47 45 4 2 39 41 
16 41 0 19 21 24 23 37 24 10 25 31 36 18 49 14 17 30 10 36 38 20 9 48 7 40 34 10 25 6 23 
8 44 2 0 41 21 47 23 44 47 37 22 5 39 36 41 12 44 44 48 30 15 44 17 1 22 7 44 13 31 41 
14 13 18 37 0 17 37 34 27 29 17 45 36 14 49 16 16 20 12 16 28 40 17 27 27 8 15 28 2 20 14 
4 11 14 6 24 0 10 37 2 19 5 29 17 15 31 36 30 30 18 35 7 37 32 48 3 1 47 36 42 30 3 
10 33 8 16 14 35 0 22 8 26 7 29 19 43 11 50 23 2 47 42 29 35 10 17 14 27 22 14 12 6 27 
25 46 23 17 45 46 10 0 50 17 2 8 22 43 29 28 19 40 37 3 28 46 39 1 2 18 50 17 45 39 43 
22 11 3 50 32 34 47 27 0 16 5 14 2 31 40 21 14 18 38 36 8 33 27 9 28 32 37 46 22 49 46 
29 16 11 25 31 48 20 43 47 0 44 23 13 21 49 15 44 9 11 31 5 33 29 9 32 11 45 3 26 19 46 
38 25 28 21 26 49 42 6 10 24 0 44 25 41 42 36 20 7 11 14 38 29 36 41 45 13 1 8 30 14 36 
45 44 25 2 7 48 36 50 23 16 3 0 3 1 8 11 8 38 17 46 42 39 42 12 31 18 3 35 33 9 25 
42 12 43 24 29 1 50 40 36 39 34 7 0 38 48 36 26 35 33 34 5 14 41 35 23 48 3 33 45 35 4 
14 3 42 48 25 42 11 27 30 11 9 49 31 0 8 8 32 5 15 46 42 18 2 49 4 12 1 27 20 26 26 
18 6 5 33 25 31 16 41 23 45 16 9 4 24 0 47 16 11 28 15 17 49 18 50 44 36 12 4 38 36 25 
15 41 1 4 43 3 44 48 33 28 16 15 42 1 26 0 10 48 26 7 47 40 50 5 10 27 1 6 12 48 14 
27 28 5 49 30 26 8 50 31 44 22 13 45 38 1 35 0 27 49 19 26 14 29 31 40 35 15 37 42 27 43 
47 33 1 20 1 38 10 43 21 1 3 49 45 13 26 28 6 0 17 9 43 24 8 44 22 50 49 47 16 14 16 
40 16 23 39 47 40 13 26 38 13 25 34 28 18 23 16 34 19 0 14 8 10 20 33 35 19 40 40 29 20 2 
42 45 30 6 12 37 26 7 17 36 15 30 30 46 18 41 30 26 49 0 34 15 29 2 7 6 20 34 39 20 8 
1 34 6 36 22 30 5 22 7 37 41 28 3 28 43 31 40 38 17 28 0 11 14 31 37 38 13 44 23 1 42 
4 37 37 9 36 32 24 45 25 39 37 8 19 13 43 37 27 24 14 26 31 0 46 23 42 47 37 4 20 49 10 
37 32 22 16 33 5 42 44 42 11 7 46 14 29 42 3 45 18 44 1 36 20 0 9 25 11 8 15 45 12 50 
29 5 46 16 2 5 36 4 30 39 45 34 32 3 20 35 33 44 1 45 42 36 26 0 48 24 18 23 48 5 25 
40 48 32 43 33 2 50 48 28 37 17 42 38 6 6 3 38 6 6 26 26 21 44 18 0 8 44 30 49 42 34 
32 39 50 6 49 48 3 40 21 18 36 35 17 14 28 1 48 20 42 21 31 17 42 29 50 0 20 5 14 35 40 
23 2 7 45 5 28 42 33 8 9 1 48 36 38 41 41 5 31 40 8 46 10 7 21 3 15 0 48 21 6 29 
43 39 5 32 46 34 29 23 9 50 9 15 13 34 21 33 32 4 38 10 16 24 24 28 44 13 46 0 36 42 41 
31 22 28 29 16 12 44 4 43 8 12 32 22 41 49 32 48 24 1 21 34 44 33 46 14 20 15 27 0 39 34 
39 44 32 19 19 38 37 34 18 10 40 28 12 31 49 34 3 34 30 13 15 23 36 22 7 38 39 33 15 0 47 
48 17 16 9 20 19 1 4 22 11 45 14 6 41 32 6 32 2 48 30 18 31 48 27 20 16 9 10 12 32 0 
50 0 5 19 21 13 23 13 4 12 31 34 49 13 20 18 1 17 45 41 2 6 37 35 36 30 17 20 40 40 4 
10 41 0 42 40 11 40 45 36 29 9 44 29 41 18 47 19 19 28 9 19 50 14 20 11 27 14 21 34 42 46 
3 23 14 0 9 21 43 8 23 9 28 6 32 16 32 8 27 47 18 39 12 48 42 32 21 5 46 21 32 14 48 
20 11 45 33 0 6 22 16 32 48 4 11 46 20 31 13 18 48 39 3 50 17 3 46 30 48 11 41 43 4 25 
23 27 10 11 8 0 45 38 34 26 37 12 15 20 35 1 3 23 1 9 37 49 32 29 14 31 17 16 15 35 45 
31 23 28 23 32 35 0 36 9 23 19 31 15 14 16 39 3 33 11 29 46 39 41 35 18 27 41 48 47 31 42 
30 24 49 31 7 39 37 0 48 3 17 17 15 28 41 7 34 19 13 25 29 35 5 36 40 7 40 39 11 47 42 
37 40 29 32 39 8 17 33 0 10 1 16 36 9 13 29 24 13 45 11 43 22 35 23 2 7 25 38 10 24 17 
50 27 1 12 30 28 36 47 2 0 50 18 37 4 24 14 49 47 24 11 33 28 45 1 5 21 2 17 27 25 15 
20 7 9 43 1 40 36 48 33 1 0 39 17 44 11 26 35 31 49 39 9 29 14 49 41 40 6 26 47 41 29 
12 9 22 38 30 11 28 12 24 24 14 0 50 42 11 45 12 1 40 29 36 21 19 39 17 36 6 9 18 4 45 
14 39 7 5 40 30 45 7 31 15 8 20 0 26 15 46 29 23 38 47 28 6 36 18 5 8 43 21 6 2 25 
2 10 9 29 10 25 43 37 21 16 17 45 9 0 15 28 2 43 25 21 8 34 21 22 26 40 28 22 2 47 47 
9 40 6 7 13 49 11 47 5 22 36 37 18 31 0 12 11 27 4 28 6 1 47 35 44 42 31 38 34 40 32 
3 42 40 24 7 28 40 3 2 30 42 47 20 50 22 0 47 4 42 15 30 2 19 25 42 47 13 5 12 16 32 
11 28 8 23 19 45 47 44 24 34 21 25 2 48 15 4 0 27 36 23 45 28 47 20 10 31 35 17 49 28 44 
23 29 37 20 19 14 39 47 31 27 1 11 18 31 9 27 17 0 27 27 43 37 20 39 22 5 15 8 48 43 35 
28 48 16 31 12 42 38 32 30 1 15 31 6 47 44 17 30 40 0 2 5 18 41 22 35 8 3 41 16 16 4 
7 42 5 46 49 4 45 38 19 17 39 36 48 27 28 6 15 42 29 0 38 36 19 47 38 18 38 27 32 23 10 
2 23 17 26 45 24 27 10 48 41 23 42 21 35 16 32 43 45 7 3 0 38 49 38 28 19 38 45 17 29 11 
27 14 15 10 16 16 19 23 33 5 30 6 44 39 16 44 49 13 22 36 45 0 32 26 21 22 3 36 40 7 8 
29 10 32 37 14 10 28 12 19 50 14 21 13 3 23 33 6 49 12 25 40 33 0 45 43 17 46 38 45 38 14 
31 30 16 26 26 20 24 7 25 7 17 37 44 22 23 25 19 23 48 39 48 37 28 0 33 19 47 15 39 21 18 
22 33 25 6 20 35 6 38 27 4 9 49 25 6 9 3 40 23 21 42 28 16 47 49 0 16 44 2 34 8 30 
5 35 37 8 35 34 13 38 3 38 20 31 47 45 30 50 13 23 24 16 7 42 19 29 41 0 7 37 26 41 26 
33 22 31 48 49 25 13 17 21 26 41 2 21 33 23 47 20 3 20 17 32 29 10 42 23 13 0 17 8 17 29 
48 38 48 27 5 48 1 49 46 6 38 46 2 49 26 5 22 36 6 45 38 34 7 24 45 5 13 0 40 26 36 
8 5 50 42 28 3 5 44 28 26 46 21 7 14 30 36 27 12 16 18 42 31 2 23 42 14 32 24 0 33 1 
35 12 23 10 49 33 47 11 21 23 1 28 8 31 49 17 28 43 44 9 28 2 24 9 45 27 4 28 50 0 15 
22 31 12 28 41 35 49 47 16 48 40 17 41 44 18 14 24 22 24 26 37 39 30 24 24 34 39 15 16 22 0 
30 0 19 11 7 2 20 17 31 40 15 18 31 28 47 20 11 11 31 42 31 4 32 4 25 29 33 2 38 4 7 
47 34 0 32 44 18 21 7 35 42 48 48 43 32 10 8 6 12 33 5 14 23 9 24 35 19 48 15 37 28 20 
19 29 28 0 33 19 35 50 35 30 49 5 27 39 44 34 11 50 45 17 23 22 19 34 41 35 39 11 47 26 21 
7 21 7 23 0 30 19 16 50 42 24 7 28 4 7 9 46 20 30 2 8 48 21 20 6 49 1 46 37 49 31 
25 3 9 9 43 0 34 21 17 15 15 46 1 4 44 17 45 15 28 32 39 19 31 46 18 23 37 1 2 24 29 
24 29 1 11 50 4 0 19 46 14 26 26 3 16 37 12 48 17 27 39 5 37 19 6 11 12 44 8 41 37 7 
33 20 43 36 42 17 50 0 43 45 14 26 19 14 7 13 17 16 9 7 26 20 25 13 20 43 6 24 41 50 6 
46 28 9 8 43 6 10 30 0 46 46 48 24 32 26 29 18 6 49 48 46 29 50 35 12 37 9 8 23 44 36 
44 10 44 39 18 49 11 6 15 0 8 7 36 13 11 29 46 44 38 42 26 1 25 43 5 28 47 43 48 22 35 
49 38 37 10 2 38 31 44 9 30 0 8 50 35 40 40 43 37 24 34 41 16 21 32 19 36 19 18 39 12 21 
7 13 35 31 10 19 50 3 9 41 16 0 50 29 12 18 1 41 3 16 35 10 19 15 32 20 28 7 19 25 34 
21 43 32 38 24 45 16 5 31 21 44 35 0 16 43 26 16 42 20 1 36 29 15 24 27 11 38 48 3 12 32 
13 32 29 26 21 24 18 42 39 24 36 36 23 0 46 42 26 4 23 6 4 37 37 19 39 5 6 19 6 27 36 
48 13 44 49 8 13 6 40 22 3 48 50 31 28 0 1 43 43 29 36 36 35 26 48 8 46 27 13 40 21 16 
5 13 15 3 26 23 43 24 38 29 20 14 1 4 7 0 37 6 42 39 13 13 41 20 42 2 22 16 36 4 32 
50 17 19 7 48 35 36 29 2 28 1 20 41 8 16 21 0 25 44 2 9 21 22 1 9 3 14 44 24 1 4 
8 7 20 7 30 4 45 45 6 22 2 28 41 12 12 44 50 0 13 27 32 48 23 35 46 11 28 17 11 4 35 
42 13 28 48 21 44 50 34 28 12 26 30 38 30 7 44 32 40 0 47 10 15 32 47 20 7 36 22 25 47 2 
38 35 42 22 31 40 50 44 41 18 44 16 35 15 6 19 35 6 39 0 18 46 27 14 44 20 10 16 8 41 36 
22 26 38 27 25 42 38 16 49 18 44 39 49 29 16 49 48 32 15 38 0 1 17 36 29 6 11 21 48 2 21 
24 42 3 6 46 19 29 8 40 15 31 19 7 22 25 8 29 36 29 22 13 0 34 44 4 35 6 40 10 21 15 
21 40 15 28 44 2 37 44 33 47 20 40 43 1 7 33 10 15 5 49 32 36 0 20 30 9 41 49 50 21 41 
30 19 38 26 44 42 5 29 28 23 21 35 3 32 3 24 42 44 47 3 47 25 5 0 22 33 35 21 35 20 4 
4 38 24 43 18 2 2 17 7 16 28 31 38 33 29 47 34 38 28 36 49 6 3 18 0 45 6 15 16 43 9 
21 20 10 25 20 34 12 10 14 2 22 26 38 31 25 16 38 23 44 36 2 33 7 35 6 0 48 35 6 49 13 
37 37 24 48 46 9 22 14 13 46 36 24 24 27 15 24 19 23 44 29 18 42 23 8 8 38 0 14 26 20 22 
49 7 12 2 15 36 2 40 36 17 45 25 10 49 1 28 9 31 20 32 30 13 13 20 45 46 14 0 17 40 8 
45 46 45 42 47 29 13 23 13 30 22 29 37 27 35 44 32 25 7 30 29 34 6 38 43 37 45 42 0 8 19 
22 35 1 28 22 49 31 19 2 22 16 37 18 41 11 1 26 36 36 1 15 39 10 11 29 12 41 7 49 0 11 
35 21 16 45 8 38 29 10 6 36 14 13 23 35 15 43 16 15 27 42 11 9 7 7 5 33 25 40 50 10 0 
8 0 24 20 42 38 45 22 24 33 24 23 17 31 50 37 2 17 26 46 37 47 26 30 8 50 26 15 9 40 25 
13 39 0 11 46 29 41 44 32 48 20 22 43 32 4 20 45 29 8 20 4 17 50 44 14 14 33 44 13 42 13 
31 13 34 0 9 12 34 7 36 22 46 8 35 29 27 15 5 44 27 39 6 48 8 39 37 9 13 45 48 32 46 
48 32 40 35 0 39 10 9 24 43 36 39 43 36 25 46 32 22 18 49 10 39 18 25 37 15 24 24 48 1 49 
39 10 4 26 49 0 27 46 44 38 6 46 20 34 3 18 5 22 15 42 27 41 28 49 23 7 31 8 4 21 16 
36 12 24 44 47 30 0 40 11 27 20 37 29 30 44 14 19 34 22 20 10 2 9 6 24 9 12 11 31 19 18 
20 42 24 22 20 35 47 0 40 6 38 16 12 39 23 40 12 48 6 10 38 47 36 35 11 15 28 6 50 36 36 
19 9 42 9 50 45 6 9 0 24 29 23 45 17 32 45 41 21 34 35 47 15 6 22 32 21 34 8 13 8 43 
29 47 4 21 20 7 21 31 23 0 45 7 40 32 31 16 3 20 3 16 25 8 22 16 39 22 13 37 11 38 17 
38 43 1 32 50 26 41 47 12 38 0 20 40 12 40 41 25 25 42 16 19 15 6 48 33 36 7 32 15 50 7 
21 10 43 7 8 14 39 1 31 40 12 0 23 41 29 5 18 11 26 49 47 39 46 45 19 2 32 46 18 47 43 
45 26 47 6 18 10 48 6 32 28 37 24 0 11 27 8 42 15 20 29 18 47 6 17 4 18 25 16 24 5 26 
18 21 5 38 46 36 27 36 11 45 20 6 45 0 22 11 16 36 19 12 10 18 27 40 29 47 39 10 44 39 44 
45 24 1 6 10 16 20 23 31 23 16 30 9 35 0 49 41 12 46 43 3 40 48 13 46 9 42 32 26 42 8 
27 33 48 18 1 47 6 39 12 45 46 13 38 40 44 0 39 19 6 30 6 28 14 1 36 5 48 12 5 48 19 
35 44 32 24 46 34 33 42 35 3 36 23 34 49 8 27 0 10 23 2 20 24 26 47 36 31 13 32 12 13 3 
35 1 42 44 11 2 31 15 44 11 7 27 22 28 21 5 31 0 3 29 28 38 39 4 28 45 9 48 47 43 34 
3 21 29 32 18 35 32 40 39 6 47 45 30 42 14 47 5 19 0 15 26 33 30 33 36 16 46 48 15 49 2 
4 34 23 11 9 36 49 41 11 36 24 41 14 24 31 44 10 12 14 0 49 4 30 32 17 1 24 39 43 17 22 
38 17 41 37 3 13 23 19 34 29 49 15 8 30 3 42 16 10 5 22 0 37 36 1 1 49 24 3 6 11 36 
47 6 25 39 49 7 1 28 22 19 21 42 29 36 1 39 22 3 15 9 8 0 29 38 45 36 3 17 41 39 29 
11 18 9 49 32 43 41 20 32 46 42 39 39 37 1 45 7 16 50 10 2 50 0 41 2 28 18 18 30 3 46 
41 10 39 43 8 4 33 31 4 8 49 3 22 20 17 20 41 2 44 41 46 2 41 0 30 27 11 28 7 21 14 
25 11 17 36 6 32 50 46 29 48 13 27 12 43 11 50 28 22 35 8 28 17 37 13 0 1 39 20 10 17 48 
27 27 10 40 33 38 37 37 14 36 20 45 23 46 29 19 40 49 19 28 33 6 23 14 37 0 9 25 4 35 17 
13 41 30 32 22 36 18 23 10 24 13 42 8 50 38 33 44 41 34 32 50 22 41 40 15 21 0 4 47 3 25 
13 33 2 47 24 30 16 41 25 43 2 17 39 45 15 42 48 23 26 5 16 34 21 4 17 41 50 0 41 18 1 
33 22 20 35 11 30 40 12 27 9 17 3 16 41 30 33 33 47 25 23 23 32 21 49 10 29 13 49 0 30 33 
30 26 24 25 11 31 48 4 34 36 2 37 47 17 38 13 18 30 24 35 8 4 16 45 28 2 1 21 26 0 32 
18 42 32 44 29 42 30 42 31 50 36 29 13 40 22 36 35 5 12 47 12 33 26 46 26 27 10 30 47 10 0 
31 0 27 29 3 18 11 6 3 38 47 34 27 50 25 49 29 41 27 24 43 17 47 10 29 21 36 17 36 19 3 
32 1 0 46 21 19 10 1 11 22 12 31 33 17 16 14 36 34 1 48 47 36 33 6 5 44 35 18 50 32 33 
45 21 35 0 36 15 34 31 29 6 40 28 31 5 13 12 35 31 44 16 36 3 16 38 22 17 50 45 42 28 35 
42 2 29 40 0 17 10 48 31 1 31 5 5 46 9 19 5 28 44 43 9 5 24 35 46 31 30 33 14 19 16 
39 40 2 21 48 0 27 3 16 46 3 37 50 44 35 32 48 21 30 3 12 22 1 50 19 31 19 17 33 10 38 
28 35 12 36 42 16 0 3 25 11 43 3 13 49 41 23 5 31 50 15 33 10 4 11 8 45 39 41 34 41 30 
11 20 6 8 26 3 39 0 8 44 16 46 46 20 11 10 9 2 9 46 27 39 18 19 28 29 25 24 5 42 3 
26 20 34 32 32 34 7 41 0 16 21 17 23 7 50 38 14 34 1 48 36 37 32 38 15 42 44 2 29 30 2 
29 34 16 41 40 26 12 38 29 0 27 3 11 44 26 10 16 11 19 41 16 41 24 7 7 17 45 33 20 40 39 
32 28 12 15 43 33 8 17 10 12 0 2 46 22 22 33 27 38 12 5 27 33 33 39 15 11 5 27 10 25 46 
44 43 49 41 45 25 50 30 34 27 9 0 45 10 30 14 45 3 36 25 41 7 21 15 14 6 50 40 48 4 39 
7 48 42 14 18 9 48 32 27 8 27 9 0 29 29 19 39 23 10 1 17 3 41 36 35 39 24 28 35 35 46 
36 2 27 46 21 11 3 46 12 5 47 21 10 0 17 14 49 43 37 46 18 27 30 48 37 37 16 13 8 25 45 
31 14 48 32 23 26 32 33 9 8 36 28 48 46 0 20 32 32 19 22 41 31 42 39 17 19 6 5 40 10 5 
48 46 21 18 24 34 24 28 45 38 17 10 29 38 33 0 50 33 2 17 5 34 45 37 35 14 40 25 31 13 17 
22 43 24 4 11 41 7 31 22 37 8 5 25 34 24 22 0 14 2 34 20 24 3 23 5 21 4 9 36 5 35 
9 44 15 28 17 25 36 25 28 43 43 2 31 31 48 30 20 0 4 12 42 26 24 47 44 43 19 20 20 33 7 
32 21 26 37 28 15 40 47 17 49 36 39 24 42 27 22 22 42 0 8 41 34 6 25 13 9 36 47 22 35 48 
5 17 42 21 12 23 26 44 3 34 41 24 37 14 6 38 50 6 17 0 22 47 28 13 43 24 26 47 14 29 43 
19 18 12 19 44 20 48 3 30 4 46 29 40 25 50 11 20 11 7 22 0 36 41 5 14 1 27 5 50 48 36 
27 13 16 11 15 24 12 18 20 37 40 48 26 13 26 19 39 38 43 13 7 0 36 7 7 7 28 13 49 19 18 
16 48 6 45 28 34 14 29 10 27 50 2 41 21 32 39 16 42 38 33 38 17 0 7 36 29 41 7 9 4 38 
11 13 50 3 21 42 43 32 36 43 5 11 29 16 14 5 45 36 26 19 13 22 11 0 37 30 49 41 21 16 38 
27 6 26 22 17 37 3 39 50 40 47 34 7 46 28 28 38 42 22 24 46 21 34 35 0 26 40 3 14 24 23 
1 22 16 48 16 50 36 8 50 27 3 7 36 36 23 29 15 16 9 2 11 50 49 42 42 0 6 22 41 47 28 
34 40 16 28 39 25 19 10 30 28 43 31 43 45 22 40 36 49 13 47 26 37 5 22 12 2 0 24 25 6 10 
28 45 11 23 44 14 41 8 47 49 11 6 37 32 9 31 8 4 21 3 21 24 28 50 3 48 35 0 45 17 38 
1 44 4 20 50 48 20 20 2 9 49 28 2 15 37 20 1 24 13 32 44 21 4 4 40 4 18 12 0 21 46 
29 47 42 9 48 17 2 17 32 12 11 38 2 13 4 43 23 14 14 33 47 12 32 36 44 31 41 1 31 0 46 
31 9 50 6 30 2 37 43 17 20 18 35 42 2 21 7 20 42 50 47 32 5 48 38 50 17 16 7 16 18 0 
27 0 2 37 36 31 2 38 46 33 3 7 30 47 44 15 12 20 30 15 38 11 49 1 34 15 27 11 13 7 14 
37 31 0 28 49 44 16 48 7 21 19 19 24 10 48 41 3 8 5 24 39 47 36 42 28 7 29 1 4 22 5 
42 26 40 0 20 16 26 2 48 1 49 14 14 10 46 20 38 39 4 43 13 20 7 39 18 17 2 39 1 43 15 
15 45 36 17 0 28 43 35 41 32 15 1 10 4 25 25 34 27 47 9 20 40 48 11 10 36 35 37 22 4 14 
38 2 6 37 34 0 19 28 43 18 27 4 49 22 29 12 10 4 15 44 33 26 43 42 23 26 18 35 27 32 44 
7 13 38 19 28 50 0 4 18 41 6 6 34 29 33 17 42 26 33 48 26 31 23 28 21 39 46 11 34 11 17 
35 2 12 25 21 41 12 0 4 2 13 7 37 24 39 27 42 14 10 7 34 43 3 29 6 13 34 36 17 30 32 
39 21 7 25 22 5 23 5 0 13 27 30 22 32 36 20 45 49 40 45 47 33 2 28 27 24 32 23 6 12 37 
6 45 25 20 24 36 30 50 18 0 23 20 9 47 30 5 21 22 44 37 18 36 46 23 33 50 38 44 30 1 40 
32 17 44 27 22 36 48 12 13 34 0 15 49 23 22 28 24 5 48 23 4 10 30 20 45 1 10 23 42 20 36 
43 1 49 28 41 4 16 21 9 19 24 0 10 31 3 3 37 24 1 6 26 34 47 7 48 30 3 48 50 26 12 
14 6 43 27 42 15 1 46 32 24 9 34 0 39 5 31 1 49 17 42 14 37 22 36 44 2 47 44 2 48 39 
6 17 45 48 6 18 18 5 12 38 37 29 20 0 32 17 50 8 3 17 30 4 32 8 13 26 42 21 49 26 45 
22 49 48 43 19 43 40 42 49 14 33 45 5 4 0 27 8 2 4 28 3 39 42 35 18 35 25 9 33 22 14 
47 20 29 17 17 39 31 28 14 24 11 17 5 4 48 0 10 27 5 36 18 41 17 22 24 7 30 14 30 8 44 
35 7 20 35 17 14 16 39 37 39 28 25 41 4 42 22 0 38 32 21 26 49 5 48 5 24 31 48 6 11 37 
25 1 20 20 40 5 48 20 38 34 44 38 18 47 41 16 26 0 18 32 35 43 33 10 33 46 31 10 15 11 36 
16 10 29 50 15 27 6 21 14 38 25 18 45 37 32 11 37 1 0 15 9 5 30 24 26 44 43 42 37 25 10 
46 33 9 2 19 34 10 18 33 14 11 6 5 45 11 26 38 23 1 0 36 44 9 1 3 32 36 37 3 6 22 
36 19 47 5 42 42 10 43 19 49 1 19 19 1 48 50 26 30 15 19 0 5 20 37 39 16 37 32 6 21 33 
48 7 13 11 29 42 9 50 3 19 17 46 4 3 35 26 40 1 5 32 10 0 7 39 38 18 16 33 8 40 6 
10 4 23 37 1 45 7 9 23 7 41 27 27 46 3 10 16 35 5 40 48 32 0 1 39 23 41 19 25 44 13 
10 2 10 48 10 13 24 17 2 40 19 32 28 49 42 34 31 43 36 9 50 48 3 0 50 8 28 3 34 15 10 
26 32 15 10 48 40 18 29 37 40 36 50 33 15 22 16 4 3 48 40 11 27 40 35 0 14 12 49 10 40 32 
11 41 3 42 14 38 17 19 2 2 17 2 6 46 23 1 16 38 29 43 24 50 36 25 50 0 50 42 30 47 36 
42 8 39 6 29 46 47 42 1 35 50 36 2 47 24 9 21 45 13 13 47 11 32 48 8 11 0 5 28 43 15 
46 37 23 16 10 10 13 1 18 28 4 24 37 45 43 39 49 39 2 41 30 48 18 34 40 32 26 0 42 48 19 
41 19 49 37 39 13 14 36 37 15 46 20 28 36 9 23 24 37 5 20 12 16 26 2 35 48 19 39 0 27 29 
34 22 3 49 37 35 26 1 6 31 26 14 3 38 46 10 21 33 26 17 9 39 37 29 7 25 43 48 3 0 41 
44 25 9 9 31 25 17 29 50 24 48 23 32 25 44 49 14 39 6 25 28 37 14 11 21 45 35 25 43 12 0 
42 0 28 49 15 37 1 6 45 8 21 44 43 34 2 20 36 8 13 35 9 12 5 42 28 14 7 12 49 38 36 
40 43 0 36 38 32 21 25 17 38 44 44 20 32 36 32 35 4 12 42 36 38 23 40 35 50 38 36 21 2 30 
39 8 7 0 22 32 1 7 46 20 50 11 42 25 41 15 43 24 7 46 30 4 50 7 3 49 17 3 2 38 45 
35 5 16 8 0 6 36 13 11 4 32 28 9 43 43 25 47 49 49 20 8 14 29 25 22 27 39 1 4 23 16 
48 6 8 25 15 0 6 26 18 36 30 30 14 4 15 2 46 8 15 28 3 19 5 32 31 31 6 30 44 31 18 
36 9 38 39 34 22 0 1 18 28 20 21 31 14 41 29 1 26 11 21 32 32 36 27 20 47 44 25 28 45 9 
27 33 37 19 44 21 26 0 16 32 30 45 41 38 9 33 38 41 41 3 31 31 20 24 50 36 1 33 18 42 41 
48 24 24 19 43 38 45 46 0 48 8 25 11 30 41 37 41 49 18 38 10 4 34 25 14 29 8 10 37 33 44 
38 8 25 42 33 22 17 19 16 0 45 44 45 44 45 6 20 40 33 14 46 2 16 31 33 38 14 49 10 40 36 
29 8 14 4 20 17 37 39 9 15 0 25 30 2 43 17 9 40 31 9 9 18 27 24 38 42 23 28 42 5 19 
23 8 29 31 17 36 32 41 25 39 34 0 2 25 49 21 23 14 38 17 30 25 19 2 31 18 2 35 27 12 47 
40 45 35 40 43 17 1 22 27 31 27 50 0 6 20 26 16 3 25 17 20 10 40 26 26 45 5 7 49 13 15 
1 6 29 29 50 40 18 36 7 5 22 43 12 0 36 3 25 13 32 6 2 50 10 11 43 38 1 19 10 45 38 
10 3 9 12 31 21 22 28 21 36 49 18 19 12 0 49 18 29 41 23 20 43 25 43 11 16 41 46 36 41 50 
22 9 41 20 45 19 34 50 6 32 4 35 12 21 4 0 33 42 49 45 20 22 28 37 26 45 36 11 48 47 40 
26 36 37 21 14 41 27 50 17 30 34 30 36 41 16 8 0 13 22 8 34 50 47 42 22 28 44 22 15 25 10 
9 37 3 17 7 19 49 42 7 14 6 43 32 15 36 43 43 0 46 10 38 23 39 40 14 40 29 44 16 44 21 
19 12 25 8 22 48 27 20 35 48 10 22 16 45 28 8 16 28 0 36 35 2 26 6 38 38 20 47 40 27 28 
26 33 48 37 45 44 18 25 44 38 17 24 12 13 29 1 24 46 36 0 33 14 16 30 9 19 43 7 38 21 2 
2 38 43 8 22 27 25 29 50 34 40 42 35 48 19 29 15 43 9 37 0 46 1 4 44 14 10 4 40 18 2 
38 30 4 42 37 29 31 4 41 3 27 45 46 2 43 23 32 33 40 41 29 0 14 30 34 7 1 35 50 44 13 
24 35 11 48 47 11 38 44 12 41 49 11 3 7 11 2 6 2 2 42 28 22 0 50 28 24 25 1 21 35 37 
45 32 11 28 29 42 35 48 6 33 35 39 21 50 43 18 11 23 23 6 46 33 48 0 2 35 2 35 34 25 23 
10 17 9 25 46 17 1 25 28 20 18 8 47 19 8 40 1 1 36 7 14 29 49 30 0 42 12 34 9 43 28 
7 1 24 33 23 18 30 47 4 26 17 37 45 4 39 38 37 29 45 46 2 35 48 18 10 0 32 19 29 34 34 
34 43 32 1 13 17 34 14 47 40 11 5 47 11 40 28 34 45 42 4 26 5 14 48 26 23 0 4 6 24 41 
49 1 13 21 42 25 5 44 41 22 4 24 33 6 35 48 38 38 29 33 49 25 37 31 9 30 29 0 35 26 40 
13 29 40 7 41 10 42 27 19 15 23 40 4 20 50 2 23 9 13 28 35 17 28 42 43 25 14 33 0 12 13 
46 20 19 1 10 26 34 27 15 26 6 12 19 14 10 9 21 18 31 7 7 21 22 48 6 47 1 49 14 0 17 
46 10 15 6 20 4 22 3 11 25 18 47 44 38 22 24 48 14 32 35 5 47 3 5 6 25 49 21 46 13 0 
25 0 36 13 49 31 47 48 13 45 7 37 18 7 6 40 11 28 35 27 33 50 38 17 30 12 49 7 10 50 45 
5 1 0 8 48 50 33 34 46 7 26 26 35 19 26 48 37 41 47 16 46 48 14 45 14 14 38 19 34 37 32 
40 38 14 0 1 2 36 11 9 7 7 27 32 28 1 7 15 19 42 32 25 9 11 44 5 47 41 7 44 35 13 
14 1 9 26 0 36 38 22 19 24 13 27 32 41 9 19 17 36 44 8 49 19 28 2 12 24 30 45 9 4 11 
30 17 25 45 44 0 27 24 3 16 19 44 50 18 20 49 28 21 35 37 31 5 13 37 37 44 37 50 47 2 7 
44 14 15 14 33 10 0 8 47 16 43 43 34 29 39 5 20 11 33 14 46 9 10 22 24 6 17 31 38 1 8 
27 27 1 10 26 31 35 0 4 37 39 20 25 20 44 38 22 35 48 32 25 26 18 34 7 48 34 42 42 8 17 
29 20 46 9 16 17 33 19 0 14 25 35 7 46 25 26 35 41 28 36 34 32 34 7 27 32 10 43 45 12 42 
40 44 47 21 11 1 30 12 29 0 22 40 16 34 7 40 20 22 10 31 13 44 14 7 24 35 46 13 19 27 6 
24 38 8 23 36 42 10 25 15 26 0 6 29 50 15 45 17 50 50 37 13 38 34 15 50 48 26 38 23 37 16 
38 11 35 23 49 2 9 12 22 49 10 0 48 45 5 7 15 14 42 29 18 46 14 32 15 19 40 24 8 25 10 
4 38 38 50 38 46 45 28 16 44 8 39 0 29 38 3 41 40 10 43 33 13 46 44 19 20 25 29 21 5 10 
29 1 37 12 45 23 10 46 18 12 21 37 27 0 36 11 7 35 44 12 28 1 15 16 42 48 9 44 19 30 14 
17 24 23 7 15 7 2 18 43 31 31 45 43 31 0 13 26 19 8 9 14 41 35 9 27 10 15 36 46 15 37 
29 42 16 5 46 47 14 20 22 4 5 18 2 31 48 0 6 22 36 30 23 40 36 11 17 23 32 15 47 48 1 
22 7 3 7 2 40 29 39 35 16 12 50 37 5 9 24 0 34 29 29 4 43 50 17 42 47 44 31 50 32 15 
32 18 23 21 33 49 15 45 30 9 28 34 1 14 11 41 49 0 7 8 50 48 37 18 45 9 22 41 11 11 9 
9 29 8 21 35 44 27 17 22 11 9 40 49 21 26 9 50 3 0 32 6 45 25 42 32 17 45 1 28 13 12 
8 4 34 22 50 49 27 30 29 18 15 33 35 48 42 9 39 47 19 0 50 22 38 30 6 14 35 38 26 4 40 
44 49 4 11 3 6 6 28 22 27 33 20 24 15 42 13 40 44 41 9 0 7 4 9 13 40 21 24 29 8 15 
12 1 27 40 24 16 29 24 46 36 4 11 26 43 18 3 14 16 15 2 46 0 44 36 46 33 40 40 41 22 32 
33 27 21 7 15 32 44 35 41 26 34 17 49 5 6 47 29 17 46 37 7 9 0 15 7 20 19 16 31 7 34 
26 38 2 14 4 27 41 19 29 36 10 30 25 39 19 29 45 31 41 37 12 24 46 0 36 26 24 13 15 38 46 
17 14 28 7 1 46 15 35 2 30 6 10 39 11 28 28 34 26 39 41 25 35 40 20 0 23 3 43 17 39 30 
14 27 31 33 20 46 2 19 39 23 15 11 30 12 31 2 36 35 8 48 41 38 26 47 22 0 32 24 9 35 49 
3 49 46 22 16 30 29 6 41 32 27 15 38 16 27 15 5 28 39 21 17 8 9 41 39 26 0 1 34 12 38 
22 43 35 41 20 16 15 8 47 1 23 30 45 27 22 27 1 11 21 8 27 47 20 14 32 45 40 0 5 34 40 
30 46 45 4 10 34 31 47 46 11 50 48 32 38 49 38 14 33 20 13 26 40 14 5 11 26 24 21 0 9 26 
27 10 25 7 22 28 36 41 17 39 46 4 15 11 8 30 15 32 16 45 31 8 36 21 15 40 32 41 43 0 35 
10 11 38 21 35 41 23 26 17 21 3 24 17 32 17 23 25 3 48 32 11 43 6 15 45 20 24 4 43 32 0 
46 0 45 48 32 29 36 16 45 27 17 7 40 15 46 42 8 41 5 4 42 15 29 44 12 25 18 5 24 27 15 
18 20 0 34 36 25 8 26 35 3 32 8 31 27 31 25 22 28 11 23 37 29 20 50 1 17 17 2 36 8 12 
31 43 19 0 12 50 38 7 30 21 35 33 6 3 23 35 35 3 13 38 4 41 45 1 40 37 48 20 33 19 8 
6 40 28 42 0 2 15 12 16 32 38 15 48 40 39 4 23 17 28 16 32 15 40 49 5 21 36 43 29 25 2 
18 24 11 13 29 0 44 29 12 22 20 23 37 32 1 39 43 6 12 36 15 32 43 17 38 44 17 41 24 21 16 
23 33 41 31 21 42 0 38 27 10 11 45 6 6 47 9 28 8 49 16 29 31 31 44 11 21 25 7 24 20 13 
3 6 41 6 47 41 47 0 2 30 47 6 29 3 25 21 26 37 21 29 16 9 43 8 43 36 43 40 31 10 46 
36 15 8 48 9 40 16 1 0 50 19 32 7 19 20 23 2 29 19 41 45 38 36 45 5 4 11 48 49 21 5 
1 17 42 35 12 42 22 5 17 0 31 11 37 22 10 34 2 24 39 20 34 15 22 40 16 9 50 20 3 44 49 
42 18 30 46 19 16 16 35 8 32 0 31 24 2 10 35 1 15 36 21 2 37 10 29 37 41 30 27 27 26 12 
23 19 11 19 40 43 8 27 42 19 37 0 39 31 38 4 41 20 31 31 8 36 34 32 42 12 32 39 43 5 40 
40 40 9 46 10 12 13 33 20 42 44 38 0 45 3 16 49 30 41 34 1 10 46 46 19 27 39 38 19 8 8 
5 15 22 3 30 48 30 35 29 42 28 37 11 0 39 14 48 40 30 27 14 3 49 9 5 30 44 44 41 20 22 
25 44 26 13 38 30 17 43 24 18 19 45 13 43 0 23 24 36 8 5 29 49 8 43 45 5 6 6 18 23 36 
5 40 16 8 17 34 12 49 1 35 32 48 6 9 46 0 9 37 17 33 7 9 36 37 41 23 17 2 32 8 32 
24 50 20 38 14 29 30 6 26 39 13 38 7 20 48 2 0 2 34 50 47 20 40 35 17 28 19 3 25 35 1 
32 30 41 19 11 33 28 18 46 17 30 32 42 44 45 21 29 0 17 44 21 15 19 32 11 12 35 15 4 11 45 
27 5 21 26 8 33 47 38 10 15 25 34 38 34 18 39 49 42 0 23 7 40 37 31 14 36 14 49 30 8 27 
19 25 8 1 41 25 11 16 37 13 25 41 8 30 47 32 31 49 44 0 23 37 23 32 4 6 40 24 7 41 44 
34 17 31 33 46 50 27 38 44 44 29 33 6 10 33 50 30 2 17 5 0 33 50 37 35 40 47 43 5 46 1 
1 4 26 43 29 8 11 25 34 47 5 44 6 50 45 5 17 22 21 7 11 0 22 40 36 12 35 30 47 44 50 
8 22 42 43 43 25 7 14 32 26 39 5 19 21 50 40 44 37 40 36 30 22 0 34 40 41 29 15 40 31 44 
28 14 32 34 40 33 2 13 8 21 49 4 41 46 18 6 4 20 37 23 41 43 7 0 9 21 36 39 3 3 14 
10 17 33 38 48 25 24 36 31 17 38 31 30 20 38 27 32 38 23 35 26 45 4 9 0 4 36 8 23 13 5 
45 49 11 45 11 32 21 3 49 43 33 19 40 21 35 10 14 38 22 45 5 1 31 19 38 0 16 14 24 35 13 
18 1 23 27 22 39 21 35 10 6 6 30 40 30 2 8 6 33 24 44 22 21 2 19 50 45 0 19 43 7 46 
19 47 18 36 25 33 47 14 49 46 40 29 29 16 39 26 11 1 17 31 10 31 1 42 41 48 49 0 4 27 28 
21 29 29 14 38 9 12 5 6 20 11 42 35 28 4 43 43 37 30 25 34 18 26 26 36 38 47 27 0 45 28 
34 43 37 22 26 12 1 15 29 31 14 7 46 48 20 18 47 23 38 49 6 13 25 2 45 3 3 3 29 0 50 
12 36 10 28 36 19 6 13 3 43 43 28 8 50 11 28 23 28 7 18 42 25 39 47 23 22 19 35 28 24 0 
9 0 49 36 30 19 29 47 18 12 2 13 34 20 45 6 28 5 25 42 17 30 25 47 12 8 37 47 13 6 15 
1 21 0 36 30 35 45 43 29 31 32 31 5 17 5 5 8 6 44 41 46 18 44 44 11 44 34 3 24 22 32 
32 34 13 0 48 2 43 48 41 11 12 35 26 45 10 36 26 9 42 8 50 32 3 23 10 47 7 27 26 36 1 
42 19 8 49 0 50 48 42 19 4 12 11 15 33 30 11 42 50 34 25 19 25 11 17 22 50 30 12 3 1 45 
17 23 6 11 20 0 16 19 46 10 39 34 41 38 47 40 18 21 44 50 6 8 43 2 18 26 31 3 37 50 21 
36 40 18 10 45 38 0 10 23 10 45 24 4 25 36 36 35 24 21 32 33 9 19 4 46 37 24 22 38 35 39 
14 33 47 39 4 44 23 0 29 2 2 8 48 34 5 32 5 19 16 33 42 8 33 5 17 12 18 37 22 23 22 
17 22 38 21 32 42 7 36 0 33 42 12 45 19 30 25 12 35 49 15 33 5 6 6 44 32 31 28 30 27 37 
8 2 7 31 35 37 10 14 24 0 40 48 34 34 41 30 13 14 25 42 1 33 38 7 40 17 12 16 45 39 1 
14 28 9 47 34 11 39 39 46 39 0 2 21 25 25 36 22 23 16 14 19 18 4 39 27 4 20 45 17 14 24 
21 16 25 24 26 21 26 37 8 20 25 0 26 30 4 49 12 14 33 5 45 39 1 31 21 34 11 39 32 43 14 
16 22 25 22 19 37 47 2 50 16 47 36 0 8 45 44 43 24 35 28 43 7 13 13 20 35 20 35 5 40 15 
32 44 45 44 5 3 1 8 36 13 16 12 34 0 40 49 3 44 37 27 42 37 5 5 1 7 4 10 6 37 49 
2 42 12 35 34 3 42 15 41 42 42 16 50 15 0 28 46 30 23 21 32 27 49 28 49 28 27 40 44 37 1 
43 45 22 37 12 24 50 49 6 47 12 29 47 36 50 0 22 5 40 24 12 24 38 36 5 23 3 15 14 7 7 
14 48 29 40 49 48 45 14 4 4 47 31 18 24 21 48 0 3 43 49 7 23 50 21 26 27 6 10 17 14 9 
10 37 43 49 34 14 1 7 37 3 27 42 37 20 16 44 21 0 12 35 25 1 23 15 50 35 14 28 3 13 44 
39 29 50 45 45 10 38 19 41 8 48 46 6 47 31 31 13 2 0 10 34 36 48 33 39 9 37 22 44 14 20 
37 48 45 44 15 48 42 43 26 6 6 2 21 27 28 5 18 18 19 0 5 2 26 43 30 9 41 47 12 37 8 
39 45 5 22 22 50 1 12 33 34 39 21 27 5 28 34 27 6 11 4 0 20 4 25 10 19 11 5 16 36 24 
1 31 6 18 18 12 47 50 6 28 5 6 36 35 16 31 50 39 2 25 14 0 42 1 33 39 35 20 46 4 11 
46 36 27 9 33 9 15 9 38 17 38 28 50 34 50 15 18 40 44 38 11 17 0 15 12 10 10 31 24 30 33 
42 1 46 45 33 19 29 28 3 8 16 41 1 35 37 37 42 17 34 24 17 30 2 0 17 1 30 22 16 49 24 
29 42 30 5 25 37 32 6 2 31 36 41 38 37 22 20 16 30 25 24 19 14 40 6 0 17 13 49 30 45 3 
48 14 30 30 30 25 12 46 10 50 5 37 16 3 39 27 42 16 45 31 15 43 41 25 5 0 16 2 25 39 13 
38 3 11 49 34 22 11 9 8 48 9 20 20 25 19 33 48 38 17 40 21 34 36 14 39 5 0 23 5 25 14 
23 37 8 48 12 3 26 17 19 17 16 34 9 48 22 45 24 17 6 23 18 15 8 50 43 5 18 0 47 11 29 
50 6 34 44 25 23 13 23 13 17 8 31 19 1 25 37 25 38 42 45 32 7 49 3 47 8 29 8 0 5 8 
35 29 7 40 18 10 50 16 23 50 33 2 5 40 16 38 47 8 26 6 31 30 6 17 48 43 8 32 48 0 17 
44 5 18 6 32 29 24 29 33 15 37 10 16 43 12 31 3 10 38 9 12 22 33 49 27 6 24 41 43 25 0 
3 0 19 19 6 7 28 34 49 8 37 14 19 26 11 20 22 14 13 5 17 41 48 45 39 6 22 22 20 29 27 
6 34 0 36 8 12 19 42 11 36 35 48 4 3 1 46 44 47 23 30 6 42 11 37 27 35 6 25 30 1 35 
7 15 21 0 31 31 31 33 18 49 2 31 4 28 20 20 38 46 44 44 12 26 50 40 24 36 46 47 10 24 7 
44 12 10 1 0 29 33 34 22 20 15 11 29 24 29 26 38 33 17 7 47 10 31 37 39 10 7 25 48 46 36 
35 24 44 42 8 0 19 45 27 42 37 4 24 24 29 1 47 26 12 48 48 13 30 3 27 48 14 25 22 42 22 
9 37 26 35 31 38 0 35 32 22 7 44 6 25 21 43 36 7 9 38 13 32 14 50 48 24 5 21 18 45 44 
44 24 36 21 29 18 49 0 40 48 14 12 44 41 41 5 7 5 33 34 12 7 17 34 29 41 45 37 28 12 27 
17 18 38 28 14 21 20 5 0 42 26 38 18 11 25 1 38 24 9 44 17 50 39 34 34 38 27 40 8 30 34 
31 21 29 22 47 45 7 13 28 0 35 37 1 41 9 24 40 7 10 28 4 22 29 35 45 28 29 35 4 40 37 
31 13 25 8 45 17 40 40 28 7 0 31 11 31 9 30 49 49 25 10 49 21 31 31 27 13 3 36 34 44 18 
10 3 23 42 4 25 26 33 15 8 1 0 18 32 21 23 11 48 26 16 29 31 11 45 42 16 1 33 48 46 43 
31 6 46 11 48 29 38 40 6 6 23 16 0 11 3 49 4 49 10 5 2 5 11 19 16 38 50 8 32 27 3 
42 29 38 22 27 45 22 22 24 45 24 9 21 0 10 6 15 1 43 44 13 3 23 43 44 38 21 38 31 23 49 
21 7 14 3 14 45 29 39 27 4 32 28 36 11 0 29 47 40 9 10 23 50 16 38 15 1 20 36 44 35 6 
8 42 49 26 24 17 46 19 47 12 37 12 17 40 31 0 26 38 33 16 42 32 29 21 50 49 5 19 50 2 45 
10 36 5 21 47 41 29 11 37 12 2 22 13 49 37 38 0 49 49 34 26 32 4 29 43 25 30 21 50 27 19 
48 46 17 2 3 1 8 46 44 40 47 27 46 4 40 10 16 0 23 13 12 7 21 16 27 13 7 7 12 47 18 
20 29 35 19 14 6 5 12 47 36 31 4 5 45 29 6 8 25 0 4 15 14 49 37 16 13 28 31 41 39 46 
45 46 50 26 20 19 43 28 40 35 5 5 26 28 31 3 16 21 48 0 8 49 33 9 32 4 21 43 20 6 37 
25 15 23 1 42 36 4 30 25 11 13 31 36 19 10 10 23 10 35 10 0 13 10 43 32 48 12 37 19 23 50 
26 24 22 3 10 41 32 26 36 46 50 37 47 38 45 18 47 40 22 45 49 0 34 35 46 25 15 22 41 3 30 
49 36 7 26 35 40 9 33 10 20 28 48 24 39 11 26 14 6 38 30 16 47 0 47 28 1 43 39 27 29 45 
20 42 23 6 48 15 30 21 3 5 10 14 31 3 18 1 10 47 36 49 2 16 4 0 23 15 2 39 30 25 42 
1 33 5 15 1 37 25 18 41 46 47 43 3 33 21 2 17 45 11 50 34 43 42 30 0 44 4 39 50 42 47 
27 1 47 12 4 28 10 17 3 32 27 42 6 40 3 9 13 21 3 13 36 44 20 25 9 0 9 41 25 21 47 
48 25 26 45 20 46 47 42 30 43 43 50 43 29 24 42 37 3 27 35 41 19 48 30 12 34 0 31 22 3 46 
37 35 46 6 34 2 17 11 20 7 13 22 41 10 21 36 1 41 2 18 22 39 48 37 6 30 28 0 47 34 37 
16 25 40 34 7 8 5 38 46 22 26 27 33 21 23 20 28 38 10 26 33 41 21 35 24 49 38 10 0 50 4 
25 20 28 33 42 38 32 8 4 13 31 14 45 30 43 46 6 28 14 37 3 41 37 8 5 25 4 5 11 0 8 
20 46 38 42 48 6 50 1 29 35 38 21 34 47 46 20 46 42 43 29 43 11 46 14 2 35 34 20 29 17 0 
35 0 28 47 46 43 36 26 4 33 38 47 6 49 30 49 33 7 40 13 35 30 13 13 32 16 10 50 25 40 13 
23 30 0 22 12 1 11 24 38 4 10 44 43 9 6 33 38 12 17 15 20 28 44 7 44 38 22 15 15 31 34 
36 2 14 0 20 16 17 34 37 29 38 9 19 37 3 42 38 5 8 50 28 49 34 10 21 36 29 24 28 24 30 
47 9 8 21 0 25 42 29 40 40 17 4 25 38 27 11 10 8 5 3 1 18 8 16 3 35 2 42 44 35 37 
43 6 14 50 42 0 1 12 16 29 50 9 15 18 34 25 24 46 33 11 27 22 20 26 24 12 39 43 5 36 23 
1 35 6 4 24 48 0 12 39 36 10 48 42 26 3 42 3 41 33 29 11 6 10 34 9 15 24 30 40 38 4 
8 8 30 6 50 24 10 0 14 10 27 13 8 48 1 29 31 44 24 32 10 49 11 26 26 17 41 2 47 40 50 
18 22 1 32 3 41 13 21 0 4 19 43 27 23 3 49 49 12 34 30 35 31 7 9 29 5 47 32 5 39 9 
23 13 25 11 9 42 8 16 49 0 38 18 23 21 14 17 22 39 23 27 19 29 19 18 6 20 12 13 22 28 6 
9 9 32 45 46 31 2 13 45 8 0 41 47 36 43 17 9 37 46 13 33 9 10 28 21 30 4 46 20 42 48 
29 36 39 43 29 10 42 26 18 36 21 0 27 29 20 28 33 34 25 39 11 25 17 10 45 47 50 31 12 15 43 
35 33 22 48 29 5 8 43 14 7 17 11 0 29 27 13 33 32 9 43 48 21 21 31 31 23 12 27 45 46 30 
30 31 11 26 1 38 5 31 41 23 25 41 12 0 33 45 14 39 34 32 15 19 22 19 18 22 15 2 42 25 18 
29 14 47 35 28 37 1 4 26 26 28 1 19 20 0 23 30 10 49 36 9 23 43 13 32 11 9 12 44 4 37 
37 14 6 23 44 11 45 27 6 8 14 36 8 7 37 0 19 3 49 46 43 5 3 6 17 45 37 2 16 24 19 
26 8 1 39 40 15 45 46 27 12 36 33 44 29 46 38 0 36 7 45 43 6 14 48 11 32 34 9 40 29 8 
10 29 3 37 32 7 36 20 18 23 24 7 23 34 8 23 10 0 27 21 7 2 45 22 32 14 12 10 40 7 6 
7 5 18 19 2 7 30 8 48 40 3 16 39 22 19 49 42 14 0 4 10 24 32 20 22 7 15 8 22 23 21 
47 46 13 12 17 19 40 5 33 2 43 2 30 32 5 36 7 50 13 0 16 21 46 37 48 33 25 36 47 12 38 
49 9 36 28 43 7 4 28 6 50 10 38 32 2 17 22 3 38 18 22 0 9 9 9 8 50 1 10 16 30 42 
34 43 43 46 3 35 17 3 40 48 32 29 44 14 6 34 15 35 31 11 23 0 48 30 40 29 40 50 28 28 42 
48 39 49 14 17 17 45 37 49 32 6 50 49 21 40 31 16 46 2 16 37 25 0 35 19 20 36 14 3 17 14 
35 39 25 48 50 44 31 30 47 39 40 28 36 49 6 23 50 10 50 49 25 5 27 0 13 5 24 4 30 45 32 
4 42 20 36 48 17 26 1 21 47 50 36 49 13 26 10 39 36 14 47 36 5 3 19 0 39 31 13 13 44 27 
40 1 35 16 36 49 8 1 2 39 48 49 39 4 49 40 7 15 37 46 35 19 16 49 46 0 50 39 2 48 18 
5 13 8 45 7 49 1 33 28 28 2 39 34 26 49 38 16 50 20 50 24 48 26 48 43 22 0 36 37 21 36 
10 7 4 35 34 35 42 45 48 50 39 24 38 9 45 46 35 41 50 8 35 40 32 48 44 7 38 0 10 2 35 
14 14 12 42 19 45 36 49 42 14 47 21 2 20 11 50 11 18 4 47 37 45 37 14 2 21 25 6 0 42 28 
48 32 43 13 37 25 13 47 41 50 11 37 49 36 12 14 39 12 38 44 46 20 7 6 49 19 27 49 40 0 49 
20 30 8 15 17 15 28 39 34 36 38 15 28 4 36 1 46 2 2 39 32 14 19 48 32 28 26 37 15 18 0 
