37
28
7 0 11 9 25 2 44 17 5 11 24 13 32 24 42 12 13 26 39 14 1 8 20 44 49 44 32 42 37 
40 15 0 10 39 44 43 13 39 11 6 21 10 17 49 24 39 16 36 11 37 37 13 28 4 47 13 22 38 
18 11 31 0 20 2 30 16 46 15 25 38 32 29 24 3 21 19 5 34 10 47 5 33 9 22 5 50 28 
38 6 42 31 0 22 26 21 50 25 1 8 37 34 28 25 42 48 29 9 14 11 7 36 42 30 13 42 14 
29 23 49 48 30 0 38 8 10 33 8 11 4 4 3 46 18 48 47 26 19 30 41 11 43 47 37 18 31 
20 50 2 10 34 7 0 22 3 3 11 8 46 20 16 10 41 19 5 11 8 11 19 45 33 37 24 34 38 
13 7 1 44 21 28 41 0 33 6 2 21 47 31 44 16 38 40 31 49 15 32 20 25 42 27 10 20 1 
6 20 23 10 24 35 41 46 0 10 15 25 43 26 27 36 17 35 15 28 18 4 8 44 6 26 19 6 43 
33 10 17 12 8 40 28 37 29 0 11 23 47 4 20 28 25 6 6 40 6 35 8 7 12 33 3 48 48 
26 17 35 5 29 48 14 1 48 14 0 35 36 49 49 38 25 42 31 14 35 30 19 1 20 29 50 8 25 
3 6 30 6 42 31 11 12 26 19 19 0 7 6 28 28 43 21 5 8 37 20 33 21 2 40 14 19 8 
17 16 26 29 40 39 49 43 34 30 44 19 0 38 27 49 24 13 8 29 3 42 8 49 25 43 22 6 20 
35 28 17 29 12 4 46 11 43 40 17 18 30 0 35 9 42 11 40 49 44 34 48 40 32 36 17 16 10 
17 1 37 19 34 29 8 7 14 16 7 35 31 39 0 31 23 42 11 23 7 49 8 15 4 24 13 37 38 
38 35 44 46 39 37 44 42 4 48 35 1 28 3 28 0 46 33 15 13 46 17 17 41 25 44 9 11 10 
37 33 45 21 42 21 20 29 22 12 46 45 45 39 20 44 0 27 23 30 47 30 20 21 10 50 42 22 21 
45 20 2 30 26 34 6 21 4 14 9 8 34 50 24 22 19 0 18 1 28 48 47 48 22 30 14 31 18 
13 36 22 1 49 49 35 3 10 17 19 12 34 50 41 14 14 23 0 14 30 46 50 42 32 41 44 24 48 
22 31 50 13 3 38 9 18 43 8 9 35 15 22 12 2 49 39 45 0 49 7 35 8 7 50 1 23 13 
45 40 11 6 26 37 31 30 17 7 9 46 41 23 22 6 15 30 15 24 0 38 40 33 2 50 25 42 38 
23 44 13 3 16 46 24 3 48 3 10 29 42 33 35 43 31 49 8 35 14 0 3 43 21 36 49 26 5 
7 9 7 1 46 43 7 24 44 7 30 46 49 19 8 13 20 37 33 6 6 41 0 22 1 18 7 25 21 
2 43 17 18 20 20 47 40 47 10 33 49 27 12 49 25 19 12 36 46 45 31 2 0 49 16 21 50 17 
38 6 33 39 19 37 23 2 40 13 26 30 22 19 17 11 5 35 29 45 42 47 32 6 0 22 30 26 22 
42 18 2 50 21 31 2 41 27 44 31 40 39 48 35 7 36 6 24 26 14 41 45 32 42 0 5 25 41 
24 28 18 39 11 2 11 23 11 26 10 42 17 26 34 11 4 39 6 45 13 26 20 16 7 50 0 8 1 
24 20 9 16 6 12 17 50 27 42 30 37 37 12 46 11 47 32 10 39 8 34 28 3 50 31 28 0 49 
8 2 33 12 45 10 50 41 18 44 37 6 9 35 35 13 10 19 8 1 31 10 19 25 41 19 43 40 0 
43 0 7 17 26 34 19 43 25 10 19 43 28 13 5 43 4 46 4 30 24 49 16 43 31 23 27 18 48 
33 8 0 21 26 18 10 49 11 28 11 22 41 42 10 3 42 27 31 39 26 18 16 30 37 40 20 41 27 
14 36 4 0 8 1 45 43 2 48 17 10 3 6 32 26 35 33 40 32 40 13 2 4 42 39 43 31 18 
28 35 37 48 0 20 23 48 43 8 15 40 48 18 1 44 10 21 37 20 36 40 45 4 50 38 2 14 13 
32 12 20 9 14 0 26 25 14 30 13 34 34 35 34 28 19 50 35 23 13 8 45 22 2 23 46 28 33 
31 37 11 18 9 36 0 11 47 46 32 34 43 27 31 30 9 4 37 1 7 18 36 1 4 30 2 5 38 
40 18 37 19 48 42 33 0 44 3 16 26 50 24 31 24 19 1 30 36 28 15 13 49 36 45 21 16 46 
37 7 39 7 31 23 7 28 0 45 15 45 36 48 37 7 38 11 2 34 38 12 32 4 50 17 28 24 28 
19 1 25 28 26 38 7 46 27 0 19 20 1 24 46 24 36 36 50 30 28 7 12 26 43 38 28 34 5 
4 40 41 3 50 30 10 45 41 18 0 10 10 31 11 11 43 33 34 14 17 8 18 14 17 49 47 22 8 
26 32 40 49 5 2 43 38 28 17 1 0 45 37 30 46 19 41 21 48 46 1 33 11 4 15 18 48 36 
26 25 5 4 9 3 20 9 28 12 6 29 0 19 24 15 16 33 20 31 29 23 46 27 29 49 27 8 43 
22 36 35 38 5 8 13 4 13 48 36 34 11 0 37 42 29 15 20 27 27 19 45 22 45 38 19 14 30 
48 27 5 33 45 27 37 42 28 18 24 12 11 11 0 4 36 34 47 19 36 5 48 14 30 50 31 25 28 
15 40 1 37 44 34 7 37 44 4 40 34 50 50 2 0 47 47 16 17 8 42 37 12 41 1 28 25 50 
14 25 34 15 3 10 27 38 18 37 18 28 4 17 42 30 0 8 35 36 5 47 17 34 34 14 17 36 29 
29 10 37 17 9 7 24 19 21 25 32 41 23 15 30 10 49 0 39 4 25 45 32 34 16 42 21 4 47 
42 50 1 36 25 49 10 9 1 2 20 48 44 24 9 33 4 46 0 32 33 38 25 35 26 13 11 34 47 
26 21 25 38 4 27 28 21 24 46 17 25 5 21 9 48 20 7 32 0 22 23 2 12 47 39 22 10 17 
15 26 23 14 15 13 34 30 27 32 44 17 46 38 9 9 30 8 28 17 0 16 38 6 7 30 13 24 25 
10 28 50 33 18 11 7 49 23 3 11 43 38 29 21 38 14 15 26 35 43 0 4 17 31 44 43 1 28 
20 17 34 2 39 9 21 49 32 11 50 35 32 11 36 27 48 36 30 38 17 19 0 44 15 38 40 32 6 
12 19 39 25 11 29 29 7 20 9 4 29 8 22 6 3 16 41 3 32 19 41 34 0 9 14 14 11 2 
24 19 15 50 27 16 38 14 23 26 25 4 33 29 8 40 32 1 30 45 13 42 50 47 0 37 1 38 22 
35 31 11 48 18 28 34 1 44 4 2 43 35 43 31 41 17 50 50 41 33 45 28 14 34 0 17 39 33 
20 19 14 27 29 17 29 42 15 28 36 5 46 7 46 28 49 38 11 21 12 10 31 37 2 48 0 39 41 
4 48 14 2 39 2 32 25 41 26 15 18 15 39 26 40 15 45 45 27 49 50 16 47 6 19 22 0 10 
39 27 26 32 29 38 39 18 14 34 17 44 25 22 38 23 23 43 6 23 34 41 23 7 3 12 42 4 0 
32 0 18 46 21 31 23 37 14 1 34 40 27 50 9 27 31 29 2 2 28 13 43 24 14 13 49 26 48 
5 19 0 30 17 47 35 36 46 39 46 14 3 36 24 23 40 3 30 24 26 15 43 29 1 10 15 42 40 
44 32 8 0 32 47 39 10 32 5 23 31 16 23 31 42 33 38 50 43 39 20 35 11 34 26 1 33 13 
41 29 8 33 0 43 46 3 7 39 32 7 47 15 42 36 31 49 8 3 35 1 46 14 11 22 4 21 10 
22 24 7 46 6 0 47 42 26 16 49 23 27 28 36 44 6 44 46 25 29 50 31 36 18 48 49 13 45 
15 47 11 40 26 44 0 36 16 26 11 41 18 1 10 15 1 36 26 8 15 3 8 17 26 29 43 10 41 
39 40 49 8 35 47 12 0 19 38 33 2 35 1 29 31 33 5 7 28 40 17 35 33 22 42 48 43 8 
30 35 11 34 34 45 28 36 0 13 34 34 4 49 46 14 3 25 23 15 24 27 35 22 23 15 20 25 4 
8 27 17 37 5 4 39 3 23 0 19 1 6 2 45 21 22 23 25 42 22 22 30 48 19 33 19 31 46 
14 39 19 14 21 24 29 36 18 48 0 49 45 7 11 31 7 23 10 23 33 14 50 1 41 29 4 33 28 
30 49 4 37 24 44 40 34 50 38 35 0 28 16 36 5 26 26 48 15 11 50 41 47 24 46 49 33 14 
39 29 36 18 41 2 6 19 44 13 21 14 0 21 47 8 36 25 45 17 28 46 25 15 31 39 22 28 39 
2 30 41 26 11 26 46 21 2 18 37 15 30 0 36 32 13 27 2 40 4 34 12 50 1 33 5 18 14 
14 6 29 20 24 18 18 14 22 46 3 45 1 37 0 34 7 9 2 49 11 43 3 4 38 32 25 6 41 
31 41 44 6 9 33 7 47 39 18 41 13 19 18 41 0 32 49 45 3 47 28 43 43 31 7 8 21 12 
2 42 38 49 13 27 34 32 3 48 37 19 30 38 19 41 0 11 37 43 26 12 22 39 37 23 9 14 38 
48 13 50 1 12 46 45 48 31 42 50 42 35 9 30 2 9 0 35 18 41 25 2 20 21 16 46 50 30 
3 1 27 5 14 47 34 40 48 37 7 35 43 22 11 20 37 1 0 42 3 43 38 29 38 41 24 13 46 
44 30 36 17 47 15 45 30 15 46 29 38 25 41 4 23 28 34 48 0 4 42 1 35 15 5 47 38 16 
22 40 14 41 35 39 47 19 1 41 38 29 27 31 5 41 22 4 28 3 0 34 7 11 8 26 9 5 43 
46 21 12 50 28 30 8 26 33 39 4 37 44 36 22 38 46 20 28 11 47 0 44 43 2 19 36 32 16 
30 6 15 26 34 4 24 31 29 39 1 48 24 29 8 34 50 41 9 49 36 23 0 13 7 32 44 47 2 
28 11 31 42 48 43 47 28 24 29 3 41 12 41 9 7 19 30 38 18 37 10 2 0 29 28 34 30 7 
44 8 44 41 8 23 3 19 9 10 50 32 32 30 10 22 39 18 37 45 15 6 39 2 0 7 29 15 19 
10 3 15 15 13 41 35 17 35 13 34 40 38 40 49 10 31 6 36 7 50 30 40 10 47 0 36 42 38 
20 42 34 29 8 35 10 6 45 35 19 42 46 44 38 26 35 48 7 25 7 30 22 1 44 9 0 19 30 
13 6 19 28 49 47 48 43 30 5 32 4 31 44 15 46 38 45 11 7 43 15 25 50 29 17 31 0 41 
21 33 36 50 16 30 44 40 17 42 43 49 47 45 46 30 16 4 45 14 15 27 14 49 48 13 38 48 0 
31 0 20 49 33 16 7 23 48 20 32 38 2 1 26 29 46 3 12 10 48 20 45 34 25 23 18 26 44 
19 37 0 3 4 42 46 10 48 43 10 34 40 23 48 11 34 17 44 14 40 49 19 47 36 4 41 29 36 
37 24 11 0 49 31 29 30 34 30 34 11 5 16 31 4 43 29 20 26 22 35 50 9 30 5 37 46 1 
40 18 1 1 0 18 24 12 19 50 36 9 44 19 27 5 33 34 10 24 18 16 5 7 34 16 7 2 37 
16 32 45 45 34 0 29 44 12 34 10 37 43 20 35 43 44 11 32 3 8 45 27 46 46 14 28 35 36 
11 18 36 12 23 25 0 4 19 42 15 10 40 34 43 49 25 23 31 48 31 12 13 23 34 4 44 43 39 
36 49 31 6 44 8 2 0 17 24 26 20 46 31 25 3 47 23 13 25 2 28 22 23 33 31 5 24 49 
45 3 8 30 33 15 33 43 0 35 4 47 26 42 33 1 47 12 3 50 38 10 27 11 41 20 41 11 14 
27 49 26 40 35 3 22 21 19 0 41 14 17 42 11 12 19 17 49 11 46 22 27 22 28 5 37 39 19 
42 17 11 42 4 20 17 37 28 7 0 42 39 11 31 29 21 40 34 47 50 15 43 25 21 31 16 43 50 
27 49 36 48 15 3 30 2 31 22 13 0 22 45 26 41 11 7 22 36 42 49 1 39 21 40 40 5 50 
43 40 11 39 28 17 10 30 21 44 25 8 0 1 27 41 18 22 25 5 39 2 14 14 10 31 2 2 27 
10 15 9 26 49 30 10 41 11 25 45 29 17 0 12 40 14 47 28 41 22 11 22 50 16 35 16 48 29 
27 2 9 26 15 34 21 7 36 50 10 22 17 50 0 7 47 30 27 23 41 25 1 13 3 12 31 17 39 
16 43 42 33 32 32 15 10 16 19 14 34 41 34 28 0 48 19 20 6 11 15 3 36 8 44 8 4 26 
40 6 15 35 17 33 42 43 9 27 40 35 36 48 31 11 0 13 39 50 42 23 15 34 43 25 6 24 13 
7 34 39 25 29 39 21 11 4 30 17 9 43 35 40 43 30 0 21 25 18 23 25 46 5 9 13 4 25 
22 23 10 11 9 29 36 25 38 15 7 48 28 21 7 34 23 41 0 49 38 26 42 13 5 32 7 41 33 
39 35 16 16 36 46 39 32 20 6 1 14 50 15 5 15 14 28 40 0 2 18 12 33 18 14 16 50 31 
11 6 30 2 39 4 37 4 50 41 12 32 33 26 14 17 41 36 39 11 0 38 48 41 4 17 39 15 27 
2 48 2 20 47 9 21 15 27 49 25 46 29 2 16 23 16 9 19 42 48 0 16 28 29 27 39 44 14 
15 26 35 50 40 11 2 2 40 42 36 25 6 50 41 42 11 44 33 36 32 18 0 38 9 21 23 29 37 
20 24 44 8 16 7 1 1 14 26 7 18 50 15 34 25 24 45 37 49 25 37 19 0 34 7 8 33 47 
38 27 30 17 32 16 32 16 49 28 10 49 49 41 28 35 37 15 37 18 34 14 36 26 0 36 30 12 34 
5 10 1 9 25 4 13 38 46 40 36 34 33 18 26 46 36 39 50 35 10 34 48 43 21 0 15 13 24 
41 5 31 3 5 49 12 40 27 2 24 46 28 40 40 47 29 3 35 16 39 41 41 48 31 27 0 25 22 
13 9 38 10 41 39 48 42 9 34 30 35 7 37 19 35 15 5 7 20 45 1 14 18 31 47 36 0 1 
14 34 22 28 24 41 27 18 14 14 6 39 43 49 39 46 23 50 10 2 22 7 33 26 20 5 27 13 0 
46 0 20 30 44 4 47 28 26 12 3 11 17 10 1 21 1 50 19 27 47 12 19 46 31 38 34 30 8 
1 47 0 8 19 14 15 23 44 35 12 36 46 21 14 34 21 39 44 43 21 36 32 27 2 28 31 1 28 
25 49 6 0 20 18 20 25 16 46 43 3 46 29 27 17 38 33 32 26 49 35 26 42 45 42 9 23 20 
20 6 41 33 0 15 46 20 36 6 17 29 2 39 18 25 47 41 48 42 9 16 39 19 47 6 2 43 50 
7 12 28 9 47 0 5 47 40 2 21 32 34 8 31 33 17 3 24 10 17 1 45 5 45 18 14 4 31 
38 45 27 13 3 21 0 30 45 39 20 5 35 22 36 46 20 17 9 2 36 7 2 45 32 42 27 50 12 
7 34 42 34 2 16 3 0 7 44 19 31 38 2 39 29 33 20 26 45 15 50 35 29 9 13 19 24 36 
50 46 21 27 21 18 38 5 0 29 22 33 6 34 39 27 48 28 15 34 19 24 12 13 17 32 35 13 23 
6 33 21 33 42 18 8 49 49 0 5 17 35 2 25 5 48 43 39 32 11 9 31 32 48 35 6 12 39 
33 5 45 36 5 15 49 46 1 1 0 15 17 32 29 50 23 49 50 18 50 8 15 24 43 4 3 14 25 
2 24 48 37 6 19 16 45 10 31 30 0 37 26 9 48 43 25 15 29 31 32 9 50 35 39 13 32 18 
31 3 33 2 1 24 45 28 3 28 11 14 0 13 5 13 18 20 31 24 49 18 31 18 39 24 34 44 44 
24 13 48 43 38 49 14 8 49 29 36 2 15 0 21 40 48 5 16 19 27 46 32 16 8 39 33 1 50 
35 44 28 18 31 1 4 40 30 19 27 14 42 6 0 20 42 46 23 35 48 41 21 35 9 16 17 48 43 
48 40 4 5 49 14 24 5 1 19 21 14 17 1 18 0 37 40 5 36 41 13 24 13 17 48 3 9 14 
9 20 2 15 4 12 43 40 15 22 16 29 32 15 42 28 0 2 22 31 41 4 49 20 12 32 8 31 24 
28 38 7 46 5 10 47 32 17 7 10 6 9 28 22 18 39 0 8 9 48 33 36 15 27 23 19 11 10 
50 40 34 46 32 19 13 28 15 20 24 23 19 10 11 46 12 25 0 33 27 27 2 23 24 49 33 42 43 
23 31 24 37 50 37 32 28 23 15 25 40 16 45 4 19 34 37 29 0 23 26 20 15 48 36 35 34 49 
17 10 47 49 27 21 6 34 47 38 24 33 29 33 23 48 1 43 12 33 0 48 5 41 13 4 19 17 3 
17 26 1 15 4 34 11 14 18 26 13 45 40 21 23 47 14 47 45 43 47 0 18 48 43 24 1 1 13 
20 34 45 9 4 3 18 21 37 9 29 46 23 10 30 25 31 17 44 28 33 44 0 50 7 24 25 7 50 
29 9 42 3 33 48 44 34 32 5 42 37 3 2 10 5 18 50 21 38 38 23 13 0 8 7 24 31 26 
35 39 35 30 47 18 43 28 17 27 13 25 16 47 44 26 26 7 25 31 34 45 39 25 0 5 20 12 6 
46 35 46 10 18 19 50 43 20 13 41 36 10 32 38 42 37 46 22 42 30 37 32 1 49 0 1 42 40 
50 11 26 27 7 37 33 33 31 4 8 47 47 1 7 13 16 40 22 2 8 48 39 9 48 21 0 27 10 
3 46 11 18 28 10 44 10 38 14 29 23 50 6 12 33 39 25 45 30 31 19 35 9 29 40 33 0 2 
22 17 30 36 11 24 31 35 43 40 20 37 7 47 26 3 11 49 3 3 36 6 21 24 27 48 29 34 0 
12 0 2 39 38 28 42 38 21 35 44 13 27 26 27 41 49 5 8 23 35 43 33 49 31 38 30 16 17 
47 6 0 10 14 45 47 24 41 2 33 9 15 9 6 18 18 36 26 28 10 15 22 19 19 25 44 41 29 
4 9 1 0 48 26 21 24 29 35 50 32 29 4 50 48 23 49 8 26 38 16 32 45 12 3 7 2 26 
38 41 39 2 0 7 45 38 44 32 11 39 38 32 39 33 36 44 49 6 16 25 47 21 17 18 3 14 23 
14 39 46 20 19 0 49 42 44 12 31 22 9 13 4 41 38 19 39 6 27 49 10 19 5 1 37 1 42 
21 22 34 4 32 16 0 30 44 16 20 19 33 47 39 25 14 27 48 4 21 6 33 48 30 48 37 24 5 
21 42 19 33 49 1 24 0 40 48 19 27 47 25 48 22 50 20 24 30 11 35 5 28 4 34 31 36 38 
24 4 7 45 43 26 24 25 0 2 37 35 47 16 36 17 9 22 7 47 8 11 49 11 25 7 14 20 16 
14 15 50 18 15 36 16 44 13 0 33 5 49 25 47 48 33 39 34 46 50 39 19 33 27 34 29 28 26 
43 33 38 30 6 8 12 37 38 17 0 32 30 20 23 46 39 3 48 34 14 1 28 36 24 18 21 27 45 
33 23 34 37 9 41 1 31 45 26 43 0 17 36 12 46 22 3 16 30 17 24 44 25 37 45 14 25 16 
47 15 12 36 32 17 4 15 33 45 22 30 0 22 16 44 27 6 17 28 40 33 14 21 3 41 11 22 40 
49 48 43 45 16 36 34 31 14 8 36 20 8 0 32 40 9 45 1 45 8 50 48 31 28 36 35 33 34 
44 10 45 22 45 15 17 35 3 27 14 36 33 14 0 13 48 32 9 33 2 25 13 8 41 16 15 40 1 
17 15 9 31 3 1 37 5 13 14 26 44 15 5 6 0 19 37 10 26 37 35 34 46 28 3 32 10 32 
2 4 6 31 25 16 18 39 18 34 33 33 28 9 36 19 0 34 40 37 20 8 40 5 7 40 4 17 34 
19 32 29 22 42 5 3 9 8 46 19 50 37 18 1 4 27 0 44 9 27 48 28 45 14 46 40 25 13 
50 50 41 21 50 35 21 37 5 12 41 23 6 27 11 39 21 38 0 33 40 40 2 31 47 46 41 36 41 
38 16 26 2 31 41 10 9 5 49 1 3 48 14 49 15 3 37 22 0 22 18 7 43 9 7 35 24 49 
20 45 26 10 49 30 50 40 36 40 43 15 17 3 34 22 38 31 43 26 0 3 16 44 9 20 15 23 32 
23 18 46 46 18 11 39 10 24 42 5 18 15 10 30 13 45 7 6 16 23 0 21 22 27 42 48 47 5 
1 17 41 35 8 19 17 18 45 47 48 7 14 24 49 47 26 26 12 43 37 31 0 14 13 9 8 9 3 
47 20 4 20 15 35 10 7 1 21 11 47 44 12 19 49 9 50 2 49 22 26 1 0 17 37 4 19 20 
3 28 26 1 10 15 22 26 43 28 42 30 15 43 46 6 15 15 50 25 13 16 4 10 0 6 11 31 22 
19 38 34 11 17 40 4 24 46 11 37 29 41 44 6 31 8 23 35 30 30 45 2 22 4 0 44 8 38 
24 16 45 50 35 50 7 6 45 31 14 25 39 22 11 5 28 22 35 19 11 23 3 33 27 1 0 42 25 
36 12 8 23 33 17 1 30 16 38 45 41 38 1 37 27 10 10 41 9 34 48 45 33 9 40 27 0 1 
14 13 23 34 8 32 20 34 24 41 43 23 22 31 40 41 27 44 31 11 37 26 24 18 11 34 41 39 0 
18 0 25 14 44 40 50 17 3 15 12 33 6 31 3 4 19 17 19 38 4 8 4 6 16 9 17 14 38 
40 6 0 24 25 42 32 17 49 27 50 33 22 15 37 26 16 11 25 30 35 23 5 1 43 46 38 31 14 
19 49 35 0 23 37 30 14 9 38 9 15 50 37 5 43 18 36 17 39 22 29 41 5 34 38 30 16 36 
6 32 30 4 0 1 4 31 28 15 11 35 36 23 17 28 3 11 31 49 18 12 34 7 30 49 10 35 29 
45 2 36 7 14 0 29 4 7 30 11 50 33 25 15 3 26 32 4 50 13 13 2 24 8 32 48 24 23 
25 50 6 42 20 2 0 34 14 25 28 22 45 13 22 24 50 31 16 44 48 31 32 48 45 10 22 17 43 
28 29 26 16 5 31 33 0 30 6 9 14 23 32 40 1 4 33 5 50 41 28 24 27 16 5 27 43 43 
2 11 32 48 36 41 36 47 0 3 6 40 33 40 45 44 23 2 21 16 41 32 45 13 5 23 26 16 4 
2 10 12 29 39 40 28 46 27 0 17 37 42 5 4 2 28 16 18 2 34 31 4 14 34 12 2 12 8 
49 27 25 11 26 32 46 43 45 11 0 44 1 17 49 47 36 35 25 37 28 43 35 40 5 24 32 24 49 
46 28 18 38 28 20 47 1 42 26 17 0 23 9 10 33 5 25 2 17 32 8 29 50 38 15 34 15 14 
38 21 38 44 8 48 47 17 44 7 23 47 0 3 47 45 9 8 15 20 34 2 35 31 22 15 43 41 18 
29 31 23 44 6 33 13 22 39 23 16 12 13 0 17 12 19 29 20 30 12 35 41 30 1 15 32 12 4 
40 16 29 16 7 29 39 14 34 30 42 20 34 24 0 21 36 50 8 21 36 23 13 44 46 14 30 34 39 
2 23 29 24 22 10 32 23 44 50 5 34 29 49 35 0 49 28 10 28 11 20 44 2 8 11 27 31 28 
23 34 3 28 46 50 12 12 1 19 49 24 43 49 42 50 0 3 37 8 25 28 45 18 4 2 23 20 8 
21 22 13 46 30 4 1 10 48 28 39 29 37 24 49 10 12 0 5 19 21 3 3 5 25 19 6 50 28 
17 50 27 24 31 5 41 30 6 3 45 39 49 32 3 26 49 30 0 39 5 47 9 42 48 4 49 6 19 
18 39 27 25 5 23 44 48 2 15 48 33 33 19 4 9 10 31 23 0 21 50 29 26 40 18 45 32 9 
8 30 20 33 50 23 13 18 27 21 35 26 39 5 25 34 32 7 23 28 0 5 33 38 23 26 36 19 39 
13 38 7 10 42 36 40 23 46 15 33 11 7 36 33 40 47 48 33 46 5 0 42 8 12 23 4 4 26 
43 47 7 14 4 24 5 40 14 25 35 3 15 2 39 17 24 13 22 19 1 48 0 27 29 3 24 34 22 
30 46 38 39 33 15 31 49 8 19 7 33 32 44 27 22 14 30 31 3 4 41 38 0 10 32 35 26 45 
21 29 12 30 40 34 10 18 38 46 21 50 22 41 9 5 6 39 38 7 22 6 16 24 0 44 31 18 39 
8 28 7 48 40 36 29 30 8 28 43 49 34 9 34 18 10 31 31 13 32 34 5 44 48 0 19 24 15 
14 38 37 9 16 21 11 11 40 23 11 37 13 30 47 28 46 39 23 13 22 49 14 13 1 6 0 8 24 
23 14 1 22 12 14 17 21 42 35 33 14 49 24 28 38 21 45 1 3 38 27 48 9 46 11 43 0 16 
25 25 9 11 14 37 38 27 23 39 25 49 14 27 37 12 6 10 15 49 21 27 42 6 5 5 37 47 0 
16 0 43 26 2 21 2 46 17 26 23 1 12 36 2 16 32 20 2 40 12 40 37 3 37 46 45 45 48 
33 3 0 6 9 50 42 11 31 14 24 29 12 31 21 37 34 10 4 13 20 12 10 37 3 16 26 7 30 
40 40 6 0 27 7 49 34 23 17 42 12 45 41 36 19 46 24 28 32 20 50 20 28 43 32 26 37 24 
17 4 43 25 0 35 32 41 24 19 3 6 33 37 14 17 18 42 19 29 27 41 41 29 39 45 38 30 21 
13 13 45 31 12 0 11 7 14 49 38 11 9 45 46 28 22 22 50 34 37 3 10 2 14 47 11 33 26 
25 5 31 47 2 20 0 12 6 8 26 21 26 8 4 19 4 8 21 32 46 14 8 17 46 5 44 19 3 
11 32 34 2 28 31 39 0 45 8 14 7 25 35 22 14 47 29 8 30 49 41 49 6 27 29 38 13 17 
38 36 43 9 2 9 46 26 0 42 20 48 27 15 25 47 45 14 7 12 43 44 21 17 47 14 20 13 13 
27 7 23 41 19 22 8 22 21 0 48 24 27 27 38 6 10 10 4 35 17 2 12 14 23 27 21 23 18 
19 47 46 33 46 33 50 35 47 8 0 8 43 18 25 24 16 34 36 16 7 16 7 37 11 36 46 12 16 
44 1 14 49 50 40 4 25 3 41 31 0 44 38 21 13 3 46 42 50 27 38 48 39 42 5 17 2 12 
10 35 48 1 22 35 42 47 45 10 44 28 0 22 49 14 43 6 23 19 45 45 35 16 45 47 35 28 46 
12 23 45 33 39 42 15 18 44 30 23 4 30 0 17 9 37 48 23 6 39 35 47 37 32 49 8 18 26 
20 4 5 37 8 46 36 22 15 12 40 31 35 46 0 50 26 50 15 16 29 27 29 47 24 29 39 11 16 
37 13 34 32 24 40 49 41 26 36 46 35 31 37 22 0 36 34 26 5 40 47 11 33 34 42 40 50 41 
7 31 8 20 35 21 36 3 28 9 7 45 47 9 1 15 0 20 32 48 40 8 12 41 4 34 22 19 26 
31 1 40 34 40 8 35 45 28 27 50 10 1 20 8 26 19 0 11 43 38 11 18 15 11 43 10 34 45 
41 5 37 14 3 11 22 28 19 24 5 39 25 7 37 44 32 38 0 40 38 4 16 35 24 29 31 15 13 
37 29 42 31 25 40 5 24 41 37 8 41 49 31 7 46 6 5 13 0 5 32 21 30 5 21 46 42 25 
20 13 36 23 46 9 42 41 32 25 14 36 2 13 4 45 31 49 40 24 0 10 40 19 25 18 11 32 16 
49 37 11 30 49 30 4 28 2 36 45 40 39 16 14 31 41 28 3 19 18 0 35 25 22 6 18 15 30 
45 11 5 35 28 27 42 45 15 35 38 22 10 26 44 45 4 1 36 44 27 38 0 34 41 9 13 48 15 
13 39 24 31 16 25 33 41 31 11 12 12 25 19 17 6 40 31 10 43 41 30 18 0 6 33 22 4 8 
28 15 27 16 30 28 33 27 11 7 7 35 43 4 14 44 39 24 20 8 22 29 1 28 0 3 5 24 33 
21 19 49 44 21 26 14 17 34 47 33 47 37 41 46 34 25 25 50 38 16 25 18 9 2 0 47 37 50 
15 50 13 25 4 50 6 43 8 13 15 18 41 48 10 42 41 23 22 32 33 18 4 29 6 36 0 17 47 
2 40 43 24 40 15 2 35 35 8 44 37 35 3 26 12 11 32 48 19 15 26 19 29 26 6 17 0 47 
46 34 20 18 33 10 42 19 21 41 29 27 46 26 7 33 30 35 47 30 43 42 19 24 39 49 32 26 0 
22 0 14 49 35 48 5 40 1 39 26 4 25 12 7 42 20 4 22 23 40 19 36 50 41 9 37 5 5 
16 46 0 30 35 28 16 47 8 42 45 29 41 37 7 45 5 32 22 19 36 1 49 21 18 26 43 7 37 
14 9 26 0 12 1 35 36 44 47 20 48 47 11 34 28 10 43 32 4 13 42 46 10 37 19 20 4 17 
25 12 9 35 0 9 10 44 34 19 18 41 2 21 1 8 12 25 22 25 17 22 12 25 45 40 45 46 19 
50 40 43 31 32 0 19 19 35 12 13 38 2 41 45 41 26 42 3 42 41 38 48 13 47 45 37 46 14 
38 15 46 15 15 25 0 34 30 25 10 20 3 33 24 1 12 35 24 26 27 21 49 3 38 3 5 31 3 
27 47 37 46 24 5 47 0 48 17 23 37 17 11 12 2 32 33 40 8 14 48 1 13 22 11 19 43 39 
12 9 13 10 44 32 3 29 0 24 25 29 28 27 4 45 12 37 10 16 9 48 22 5 13 48 18 5 27 
34 16 35 5 12 9 36 9 11 0 28 23 30 10 23 8 9 11 30 37 44 6 1 35 1 3 34 41 40 
5 1 13 27 27 26 45 9 40 24 0 17 19 18 37 2 10 38 37 50 26 14 46 2 18 31 11 21 34 
32 34 3 28 18 47 5 11 16 46 3 0 34 28 50 20 37 14 19 27 20 50 25 14 17 35 16 26 9 
49 45 47 16 6 12 28 6 22 39 2 21 0 32 42 45 42 34 16 48 15 27 15 4 12 35 1 34 7 
21 37 44 2 21 46 12 21 49 37 29 17 22 0 14 16 26 17 6 39 9 30 22 33 19 19 12 33 34 
42 35 32 5 28 21 36 36 46 50 1 36 30 25 0 44 47 38 32 43 14 50 29 45 29 13 26 27 49 
4 25 34 10 14 29 30 14 6 24 39 1 28 30 31 0 18 6 3 29 6 29 36 32 38 19 19 35 14 
41 3 43 3 45 37 32 21 17 41 22 1 46 30 42 15 0 43 43 36 20 49 28 24 11 47 22 21 18 
44 46 42 45 45 17 24 3 31 37 7 41 49 10 1 15 31 0 28 11 49 45 17 45 27 34 15 15 13 
30 33 6 24 17 14 28 21 50 27 7 30 6 39 34 7 36 45 0 22 39 27 9 30 19 11 22 24 27 
2 15 12 30 2 12 23 49 32 34 25 35 32 30 15 4 22 32 44 0 6 34 39 41 39 44 26 36 21 
3 37 13 45 41 2 20 35 16 27 29 45 16 36 26 3 20 37 8 48 0 44 27 48 30 29 18 44 13 
25 23 37 26 26 3 46 46 21 31 45 30 10 31 39 45 4 50 41 48 13 0 39 19 8 19 39 27 27 
39 34 17 23 9 7 11 43 41 3 20 14 41 31 32 40 42 28 38 14 38 3 0 27 30 28 46 1 36 
5 30 7 37 26 19 7 38 15 23 22 4 20 46 5 1 31 27 7 33 8 30 16 0 41 2 13 40 36 
8 38 46 13 7 26 39 11 47 33 38 23 24 44 26 20 7 34 44 43 49 26 50 1 0 40 18 28 25 
14 17 35 13 30 22 31 28 27 9 47 45 8 44 5 48 40 35 10 14 5 47 35 18 20 0 48 38 32 
39 45 24 40 48 14 48 31 48 25 44 3 14 49 43 49 38 50 35 5 22 2 12 6 8 15 0 21 17 
33 18 44 33 34 49 40 33 36 7 47 45 47 25 1 15 41 7 50 6 5 36 31 20 13 33 10 0 37 
34 19 32 34 43 31 48 31 31 12 19 16 10 11 14 32 3 40 9 48 2 47 15 2 15 15 13 47 0 
38 0 25 20 2 40 3 49 17 25 14 3 16 27 20 34 30 39 35 47 45 23 50 17 23 25 12 36 37 
5 31 0 19 28 19 2 44 7 42 18 26 7 12 47 7 40 38 43 22 32 14 35 13 30 19 19 24 39 
8 47 27 0 28 18 13 13 45 45 25 48 25 27 28 38 21 9 41 33 27 43 28 35 33 41 4 24 20 
18 40 10 1 0 29 6 50 46 42 49 40 49 35 12 45 14 46 48 5 36 48 43 21 28 36 47 46 30 
12 45 37 14 40 0 43 27 6 16 47 46 22 29 43 30 11 1 35 43 31 33 22 37 44 49 38 23 26 
19 32 16 32 10 20 0 34 48 12 27 9 42 36 40 48 49 2 34 8 5 13 11 28 2 5 15 47 40 
8 44 15 3 21 1 38 0 34 32 15 12 9 10 33 50 25 26 1 46 44 25 39 43 16 30 18 14 8 
5 15 27 46 23 44 41 18 0 13 7 21 36 3 14 18 37 23 49 46 31 12 3 26 4 20 4 16 19 
2 49 23 4 38 30 30 18 38 0 16 37 16 43 32 13 19 31 11 41 11 22 6 44 32 22 34 47 2 
39 24 27 20 28 22 17 14 35 18 0 48 23 35 50 50 7 13 31 38 30 41 8 24 9 13 6 48 47 
6 41 32 5 33 28 30 15 40 18 39 0 22 16 49 34 14 13 18 26 22 6 38 19 42 46 17 11 32 
50 18 7 22 24 21 8 44 36 44 40 7 0 21 35 18 46 43 17 15 43 24 10 47 45 31 26 41 19 
23 41 9 17 18 49 15 22 11 17 48 45 42 0 40 29 19 28 19 2 22 20 23 50 29 2 19 8 40 
21 12 42 49 30 40 22 45 35 24 40 23 21 46 0 35 26 20 20 1 35 32 29 18 12 25 20 49 50 
42 31 15 49 41 25 1 50 25 50 15 2 19 34 34 0 5 29 30 1 25 38 24 9 32 18 24 9 43 
45 31 24 11 41 22 3 5 10 42 32 46 46 36 2 21 0 6 50 16 48 46 13 33 45 19 25 12 19 
22 33 31 18 17 9 6 45 26 5 11 47 32 29 46 38 48 0 6 29 3 22 39 27 19 8 11 47 32 
48 29 43 17 10 35 33 27 11 15 30 38 30 7 46 1 39 20 0 17 17 18 45 48 13 46 10 47 34 
6 13 10 6 12 25 48 47 12 45 37 47 46 19 28 34 27 42 24 0 16 43 26 31 39 44 31 14 3 
32 30 21 1 38 50 21 49 5 24 26 6 10 49 40 44 33 20 21 50 0 18 14 37 5 37 32 41 31 
33 22 12 31 11 45 15 32 25 36 10 47 49 29 30 3 16 18 6 45 37 0 37 6 25 10 15 35 19 
44 17 15 7 10 41 17 33 13 46 45 16 35 8 20 48 11 25 1 40 35 35 0 39 19 26 47 44 46 
17 38 22 47 10 47 39 8 21 4 37 8 13 47 41 21 24 41 10 30 17 8 14 0 35 14 46 34 9 
29 47 31 14 47 21 17 25 24 49 6 38 19 13 27 8 39 43 27 38 44 18 46 36 0 37 15 30 9 
25 37 33 14 13 31 30 25 23 24 12 43 31 16 47 25 36 23 11 5 32 6 47 21 20 0 46 16 11 
2 46 27 33 42 8 1 37 16 42 25 39 33 3 35 15 32 35 8 28 22 21 1 14 4 25 0 28 19 
41 13 45 18 15 20 24 28 47 29 2 23 16 10 10 44 49 23 22 29 21 32 39 36 39 38 39 0 31 
46 14 29 17 31 32 47 3 47 8 24 14 30 8 18 3 33 36 13 12 11 7 16 32 4 49 48 9 0 
24 0 10 29 28 31 43 33 34 1 36 43 35 14 7 47 41 49 9 50 14 14 36 3 4 26 28 20 39 
48 48 0 14 32 34 38 30 38 29 47 34 37 25 34 3 48 43 29 48 5 10 25 34 46 49 35 46 38 
7 26 3 0 3 24 45 37 4 23 11 1 27 27 10 13 3 26 14 39 30 34 6 11 48 30 16 29 23 
14 18 33 50 0 43 43 31 3 44 31 14 31 48 50 26 32 28 22 28 1 13 31 21 36 47 16 5 2 
16 6 24 8 16 0 14 40 5 29 2 35 35 29 10 9 45 1 8 33 34 30 29 20 9 38 29 11 34 
48 48 3 27 38 29 0 37 39 7 6 16 34 11 22 4 27 37 43 22 3 22 26 35 39 33 21 22 38 
36 15 21 37 4 6 7 0 31 49 8 47 50 23 21 39 46 42 49 23 9 26 43 22 46 8 8 12 23 
13 15 45 18 7 50 3 43 0 35 30 31 5 15 23 29 30 46 22 30 2 37 40 47 35 49 14 12 44 
44 26 29 47 45 34 19 34 14 0 30 43 24 18 47 11 13 19 18 44 3 15 42 50 36 29 10 36 24 
18 10 19 44 39 10 49 10 1 35 0 11 32 5 45 17 17 29 7 34 41 29 35 16 31 20 10 29 2 
26 43 18 35 48 46 16 4 12 50 36 0 9 48 1 12 35 8 13 49 21 26 34 8 22 27 45 45 34 
44 39 24 29 31 48 35 9 17 27 34 10 0 29 13 6 30 22 26 44 29 23 32 24 8 11 9 26 43 
36 47 9 3 1 33 10 24 26 7 28 50 17 0 4 19 31 29 40 42 13 29 29 50 1 2 16 11 13 
15 17 18 23 22 42 23 20 18 32 9 47 4 32 0 4 16 49 45 13 20 14 43 29 22 17 13 15 8 
47 8 2 35 22 48 9 9 39 5 28 25 31 49 13 0 48 31 46 10 47 25 35 3 8 4 42 49 22 
39 47 6 10 27 16 24 11 30 24 26 6 24 46 27 44 0 17 38 40 15 30 31 42 22 4 19 34 12 
5 45 32 30 49 37 21 43 50 19 48 16 26 3 19 8 20 0 4 23 29 9 10 41 16 3 34 43 8 
6 34 6 9 33 12 6 36 43 46 8 37 25 34 44 48 40 25 0 40 28 13 34 3 1 46 5 4 46 
4 16 28 15 45 13 38 16 14 40 33 15 47 33 15 25 47 36 5 0 25 16 44 27 29 45 15 45 22 
32 6 13 28 8 11 33 27 19 43 43 12 47 29 35 1 42 25 31 31 0 20 29 4 10 1 30 30 10 
40 50 20 30 18 17 34 8 27 6 7 36 1 39 6 4 44 43 28 38 9 0 26 38 20 35 15 3 4 
2 3 28 29 32 23 38 20 23 13 45 30 45 27 24 37 19 46 30 31 23 50 0 17 9 2 43 1 14 
12 1 46 4 15 31 6 24 28 28 5 28 1 37 32 31 49 48 43 33 3 2 2 0 39 35 22 32 3 
37 20 28 39 22 25 8 23 17 41 16 15 21 50 9 41 41 3 31 36 19 36 10 4 0 1 19 12 11 
49 7 19 44 50 4 38 8 1 16 7 27 30 9 14 8 33 29 12 3 43 11 49 33 42 0 46 34 1 
10 24 39 3 13 47 24 11 22 23 16 18 13 2 40 25 47 4 7 10 22 3 22 22 8 9 0 19 39 
9 37 2 4 21 37 48 28 27 4 14 33 36 4 36 10 13 44 41 42 21 24 37 38 40 25 30 0 8 
2 17 46 5 29 36 2 36 21 13 48 26 4 13 49 43 40 24 25 18 17 12 10 14 18 28 19 35 0 
1 0 15 14 46 8 41 26 10 9 10 5 1 2 50 40 1 47 16 38 8 26 44 49 17 50 12 41 41 
8 32 0 37 2 17 18 36 7 49 2 18 14 38 39 35 31 20 25 16 18 23 9 18 3 40 11 10 7 
16 48 47 0 47 1 35 3 28 23 3 34 35 15 34 2 46 49 25 21 38 10 19 47 26 46 24 19 49 
15 35 12 7 0 9 30 41 2 6 22 13 3 36 7 8 17 41 32 3 40 8 22 5 16 40 22 48 48 
1 21 1 27 17 0 4 14 39 42 27 27 36 43 1 41 28 12 19 2 3 11 31 35 15 21 30 42 43 
31 47 18 37 32 43 0 1 35 21 37 36 32 44 20 26 15 6 18 47 7 32 27 4 21 20 45 38 21 
36 37 7 38 12 21 8 0 45 10 40 4 50 50 6 7 26 34 20 9 41 6 21 9 3 33 35 11 4 
44 48 18 37 6 31 49 34 0 30 49 21 24 12 31 6 17 15 47 8 26 20 28 37 50 37 47 16 16 
29 4 5 28 10 5 2 13 22 0 17 45 19 8 24 46 36 50 36 30 26 16 43 39 36 28 36 34 16 
11 18 1 10 16 34 6 27 45 44 0 14 7 29 43 45 48 3 39 19 47 33 2 50 1 18 41 50 36 
15 19 50 25 22 37 3 5 16 36 4 0 24 19 20 42 7 23 23 47 23 49 42 34 39 17 38 33 9 
18 50 42 26 35 20 12 26 44 39 36 42 0 41 40 32 18 36 46 28 14 11 44 29 45 44 27 38 24 
36 11 9 35 4 44 38 17 44 29 40 50 8 0 16 14 34 37 5 32 9 10 16 4 22 10 20 48 25 
21 48 32 8 32 39 41 33 31 2 38 48 3 16 0 25 8 6 29 6 46 30 45 8 39 45 30 14 20 
8 37 25 35 46 13 46 46 47 33 18 19 25 31 4 0 36 18 35 7 44 42 47 16 31 14 3 45 27 
40 44 13 3 25 22 26 44 27 4 2 40 21 29 12 24 0 11 38 21 50 42 23 22 11 24 21 29 12 
22 45 21 44 19 20 7 3 20 16 45 4 6 11 9 14 34 0 17 24 13 36 42 20 27 33 46 35 18 
23 3 30 5 44 14 22 33 34 9 22 2 23 9 5 46 44 18 0 44 31 14 8 28 7 48 16 27 30 
25 45 12 23 35 39 31 18 36 40 10 43 39 26 31 25 45 22 41 0 27 38 24 34 15 3 5 4 15 
26 23 8 28 38 43 9 39 48 49 18 34 28 37 11 4 8 2 42 39 0 28 3 12 26 26 50 42 1 
12 47 21 30 36 17 43 13 33 33 5 47 18 42 28 47 5 7 50 1 14 0 30 8 2 13 16 37 23 
11 32 3 39 1 8 28 2 28 38 48 12 45 48 21 26 47 45 21 36 26 16 0 21 19 1 42 38 32 
40 20 17 21 30 20 2 1 30 17 47 10 15 27 19 18 10 38 6 16 9 32 5 0 19 45 2 48 46 
12 35 38 9 21 46 12 9 21 28 33 26 46 21 47 30 49 12 22 50 47 4 10 13 0 36 22 23 8 
15 49 26 29 22 7 40 45 29 38 39 19 15 11 47 32 6 31 21 39 36 26 20 34 30 0 49 50 9 
26 26 24 50 24 5 44 22 2 4 4 40 31 2 1 11 23 4 35 37 7 28 7 6 2 34 0 22 39 
29 43 49 24 8 31 20 4 15 40 45 11 17 25 31 2 27 31 9 35 25 10 12 27 14 13 2 0 48 
19 19 49 40 33 6 44 10 6 30 33 50 32 48 47 33 9 25 20 32 48 6 29 21 26 38 15 20 0 
31 0 23 11 45 29 23 35 46 41 6 28 12 32 21 47 47 49 9 3 28 14 29 18 39 44 21 1 14 
40 29 0 14 45 41 24 29 33 20 38 22 10 13 1 42 4 48 9 50 27 9 32 22 18 35 37 7 3 
5 22 2 0 9 23 22 7 13 42 33 21 9 43 14 28 11 38 44 16 14 37 15 42 35 21 24 5 8 
7 47 11 5 0 18 27 29 48 37 13 38 41 44 30 12 15 38 42 35 46 5 12 31 41 22 44 16 41 
31 17 38 50 18 0 49 7 46 23 17 41 17 36 31 24 25 7 25 20 8 4 28 47 30 39 9 4 46 
16 20 33 25 11 38 0 17 21 25 39 24 46 23 16 43 22 2 19 11 25 38 7 35 48 24 9 38 4 
20 9 11 9 46 12 31 0 3 34 16 6 48 14 4 50 19 2 24 35 38 36 26 29 20 49 29 8 10 
36 36 1 2 1 14 1 17 0 28 15 1 12 36 40 38 36 13 13 12 35 7 17 46 1 24 1 19 45 
31 41 10 17 4 22 17 49 16 0 5 47 50 3 34 41 37 24 24 2 46 38 44 8 37 18 24 3 19 
40 1 28 1 46 7 37 37 6 34 0 8 15 23 40 21 9 16 12 32 24 26 10 27 1 49 23 7 37 
34 24 49 31 19 48 9 15 27 47 4 0 46 47 4 32 41 16 38 23 49 23 49 21 6 42 29 44 30 
25 27 3 23 1 50 4 32 35 28 46 25 0 31 6 32 20 9 37 27 23 29 37 36 12 1 8 15 35 
4 44 40 41 5 29 41 50 45 32 46 48 1 0 50 6 38 42 48 19 18 18 1 48 5 2 21 1 38 
42 41 23 43 36 19 28 42 39 6 20 2 16 32 0 26 28 42 30 22 30 31 48 21 3 40 48 18 4 
46 35 39 35 28 3 9 4 9 3 12 32 23 15 50 0 36 28 17 2 36 25 21 14 22 49 22 7 44 
21 20 4 39 1 25 46 5 18 36 24 14 23 23 19 40 0 19 41 7 17 49 35 26 23 46 33 29 26 
21 17 36 6 46 16 33 40 49 23 31 48 19 46 19 42 43 0 39 13 3 2 25 4 9 16 40 46 37 
45 31 44 19 47 20 34 1 1 18 18 8 40 30 41 46 10 10 0 49 3 16 34 31 7 20 26 24 47 
14 27 41 6 21 47 45 19 30 13 2 49 12 18 42 26 22 6 14 0 23 35 8 50 6 42 43 22 12 
1 37 50 21 47 38 38 25 27 12 37 43 35 22 16 48 8 50 42 48 0 42 5 36 14 13 1 12 6 
27 35 15 29 26 34 19 44 13 32 3 25 31 18 49 10 19 21 39 13 43 0 3 49 43 2 24 20 46 
1 36 8 46 26 33 48 42 48 9 18 2 4 22 35 27 47 17 18 25 7 27 0 46 43 13 49 14 25 
37 22 28 2 14 23 44 27 24 8 49 48 21 7 13 10 3 37 10 21 19 23 46 0 35 7 46 40 25 
41 16 33 27 20 24 6 26 32 17 39 31 29 8 4 40 18 20 5 50 15 36 40 27 0 40 43 6 15 
27 43 45 18 33 20 37 8 25 22 29 47 2 37 29 36 49 29 43 11 19 7 17 38 42 0 41 11 5 
27 7 38 27 18 41 50 40 23 21 49 10 21 46 15 47 42 8 48 28 8 4 29 12 1 46 0 46 21 
26 8 27 43 9 33 32 19 35 2 30 11 38 39 14 28 31 33 40 24 42 21 47 34 43 33 47 0 23 
28 26 27 22 46 30 14 15 45 6 1 39 15 46 12 40 29 37 41 19 40 2 32 18 6 23 29 6 0 
11 0 43 50 27 36 9 42 10 26 8 16 8 26 49 34 25 32 2 9 46 10 7 6 6 42 29 33 27 
45 9 0 17 23 1 9 5 2 6 25 3 7 5 3 15 22 21 33 43 41 19 7 37 5 14 34 47 5 
38 44 35 0 8 26 15 15 17 42 44 8 18 45 32 20 8 49 3 42 7 43 35 36 10 36 43 9 39 
23 12 9 18 0 12 50 14 12 41 45 32 41 38 48 30 28 26 26 47 37 38 29 6 12 42 40 13 4 
9 25 23 34 7 0 27 45 30 35 41 6 46 19 8 17 5 22 2 20 45 5 8 35 10 46 23 2 44 
6 48 26 23 38 10 0 3 16 23 48 35 12 3 1 44 35 20 2 18 30 13 2 40 41 20 18 50 1 
41 14 38 34 26 2 24 0 37 16 33 8 9 5 2 33 24 18 9 42 4 15 50 41 45 5 22 32 5 
8 35 3 21 11 3 25 10 0 11 1 36 2 27 7 20 37 44 10 25 11 20 17 24 12 26 46 37 41 
24 43 30 4 21 20 29 31 30 0 38 48 3 27 23 14 17 23 41 28 9 31 4 2 46 47 21 35 42 
11 42 45 16 16 34 37 18 22 33 0 31 7 28 39 7 7 12 23 35 47 3 7 40 35 18 29 11 20 
42 34 8 1 36 38 20 39 43 33 37 0 43 37 46 46 41 10 22 31 43 47 45 34 25 36 38 39 4 
2 11 48 38 24 17 27 38 26 31 21 41 0 19 19 15 29 36 43 10 8 12 50 25 47 48 19 24 47 
1 33 15 49 50 16 37 32 36 49 19 21 20 0 9 16 30 1 41 24 29 31 6 39 44 28 32 43 3 
36 1 41 6 43 30 38 43 16 23 42 3 32 33 0 44 37 24 40 38 4 34 46 47 8 45 45 17 45 
44 22 21 18 24 35 47 35 9 14 28 41 21 23 14 0 28 50 22 48 48 13 2 20 39 44 40 19 40 
4 33 11 49 13 43 49 45 3 24 30 48 36 9 29 10 0 12 48 33 11 32 20 9 24 48 19 33 42 
2 32 25 35 16 7 32 26 3 30 28 29 25 20 25 26 43 0 1 12 4 24 10 28 47 7 8 8 35 
25 38 1 45 10 7 43 21 50 45 32 30 28 3 8 32 20 4 0 37 13 46 33 32 48 7 29 19 42 
5 28 28 8 49 47 2 16 30 34 20 18 28 4 27 48 19 33 27 0 22 3 46 27 3 22 46 40 43 
7 4 38 31 39 1 17 22 18 25 31 31 1 42 3 37 35 20 35 42 0 6 35 29 24 3 47 40 9 
1 25 37 4 8 10 10 26 47 39 29 28 37 6 30 44 3 47 21 11 44 0 41 19 2 11 48 37 22 
25 14 29 43 12 9 21 43 39 28 23 42 33 27 41 46 42 8 5 1 5 36 0 22 6 27 29 15 11 
7 36 43 11 23 38 2 33 11 37 17 29 35 38 6 26 25 30 29 17 1 23 10 0 4 43 37 18 40 
43 23 16 33 44 11 36 4 35 12 19 46 26 8 36 6 42 27 17 17 31 47 31 47 0 50 48 11 35 
26 39 18 37 20 13 41 38 21 34 35 25 2 2 41 13 11 34 42 43 37 5 12 17 20 0 2 10 47 
43 20 34 47 1 2 28 46 45 32 26 13 18 48 36 8 43 43 16 29 6 18 37 17 7 18 0 48 22 
27 2 17 19 4 45 46 2 1 39 25 50 24 45 19 29 8 29 26 39 19 5 24 28 36 31 41 0 25 
33 17 41 33 5 7 19 43 16 8 10 23 3 35 8 5 18 16 5 12 49 8 10 28 43 9 3 23 0 
28 0 39 33 23 4 22 19 34 48 42 46 18 26 27 14 1 20 3 37 35 47 20 11 21 26 30 26 26 
8 13 0 40 46 4 46 15 27 25 37 20 32 16 24 7 27 20 38 36 23 44 9 9 41 22 19 27 9 
29 13 48 0 25 46 43 27 36 2 1 14 30 12 38 26 33 34 6 19 23 13 34 2 39 44 4 32 49 
5 50 24 36 0 20 7 48 13 40 45 36 24 48 22 25 20 25 7 12 7 34 26 8 17 50 5 46 46 
11 10 32 43 12 0 29 31 3 27 28 11 5 41 13 43 39 20 46 26 42 10 32 14 38 42 26 16 29 
43 7 37 16 12 3 0 2 31 14 44 12 20 41 22 43 47 47 7 17 21 34 19 48 4 29 4 36 30 
46 45 1 37 13 2 10 0 20 42 45 43 39 12 12 26 26 34 7 1 38 39 18 41 36 9 45 46 25 
10 33 37 9 17 23 36 19 0 43 26 7 40 13 24 5 2 14 29 9 23 43 22 21 23 3 48 41 28 
4 16 28 19 7 36 11 10 9 0 35 22 40 26 7 33 9 50 12 26 16 14 40 22 31 36 24 32 38 
13 14 6 20 32 9 16 28 49 39 0 34 28 13 45 44 29 7 20 47 36 39 13 24 42 23 25 14 14 
44 47 33 34 4 24 48 45 30 3 8 0 18 42 5 10 12 29 49 4 19 47 44 25 16 27 47 49 50 
41 15 47 8 45 2 35 3 7 50 24 40 0 47 49 50 5 13 30 45 35 3 12 13 25 22 46 18 1 
22 17 7 8 25 48 4 15 6 50 23 40 21 0 8 6 29 25 15 22 48 44 20 4 47 2 15 48 30 
2 23 37 50 35 35 31 40 43 17 15 50 46 35 0 50 13 7 6 14 45 7 34 50 7 24 20 7 3 
14 11 6 11 1 25 13 33 14 24 5 36 28 16 36 0 8 50 23 3 9 21 41 40 47 1 3 23 19 
24 30 26 16 28 28 27 33 12 5 49 21 23 18 50 34 0 1 29 18 42 48 43 8 1 18 49 32 23 
21 9 10 48 2 45 10 35 48 40 8 50 39 4 47 46 24 0 32 37 4 41 7 46 23 36 32 21 32 
22 26 49 30 46 4 13 3 46 2 19 28 8 16 36 12 22 18 0 3 45 46 13 27 36 12 29 33 14 
13 38 13 21 25 29 13 23 42 28 4 35 41 44 1 23 13 9 46 0 26 21 35 2 18 29 26 36 10 
49 13 19 18 22 49 40 8 40 49 4 30 3 14 20 44 15 19 5 3 0 13 5 23 3 34 7 43 29 
37 45 42 49 43 3 24 29 10 37 13 42 5 43 33 15 6 16 24 7 16 0 8 3 11 22 33 48 44 
41 16 34 16 7 12 22 45 8 5 38 50 41 42 34 28 6 13 49 20 22 9 0 47 19 34 37 13 29 
42 31 28 10 6 30 38 45 3 48 36 43 22 39 7 2 29 24 17 24 25 25 6 0 9 35 28 23 33 
19 16 33 20 49 43 3 27 27 28 45 11 4 40 26 8 28 6 49 34 2 46 41 10 0 20 40 5 17 
26 20 26 29 8 6 26 38 16 16 44 30 36 31 25 2 30 7 21 35 50 49 31 30 30 0 40 32 23 
26 23 1 10 38 36 2 8 2 16 3 49 15 38 42 13 12 20 48 22 22 39 31 14 19 21 0 18 27 
39 47 50 19 25 3 13 43 15 35 42 1 29 17 50 14 4 23 21 13 7 19 18 10 42 11 2 0 37 
43 38 41 18 19 25 19 6 17 35 25 12 26 50 48 28 28 47 43 5 40 17 10 47 50 5 21 21 0 
30 0 40 27 15 2 26 1 28 44 25 32 5 49 44 47 20 48 10 37 8 22 40 33 46 18 47 47 26 
28 44 0 18 14 5 48 27 28 8 11 10 50 49 20 35 4 15 39 7 47 21 41 49 41 18 14 50 40 
7 32 47 0 5 30 26 50 50 8 19 50 1 17 19 12 38 50 38 9 2 6 30 31 30 41 1 5 38 
45 27 46 41 0 49 38 21 26 14 5 21 23 21 35 46 47 39 6 30 2 29 12 42 31 5 49 35 28 
2 17 15 29 21 0 13 5 31 23 10 2 30 49 37 25 45 18 36 32 22 34 34 42 36 21 4 9 34 
36 16 37 1 4 43 0 25 48 41 42 3 8 30 15 25 29 4 1 3 43 37 47 13 19 17 13 45 18 
26 29 9 17 5 22 46 0 7 24 2 27 6 12 28 5 27 34 24 42 19 10 13 32 21 1 16 48 39 
3 18 34 41 49 7 22 12 0 34 36 4 9 20 18 6 3 24 48 31 10 43 37 36 44 22 26 9 13 
48 38 17 39 24 7 5 7 18 0 37 7 6 6 43 44 48 21 34 50 43 7 30 48 4 36 38 47 17 
32 41 20 24 48 9 15 46 20 16 0 35 13 14 50 35 38 41 26 5 1 44 38 24 38 27 17 7 18 
41 13 3 37 11 38 25 28 18 34 8 0 47 28 48 29 5 50 37 30 8 46 10 13 11 34 47 24 44 
17 32 48 32 3 48 6 7 13 48 3 26 0 26 7 20 7 18 8 23 46 10 19 39 40 38 50 22 31 
1 43 4 15 15 31 11 36 37 27 45 30 43 0 22 43 2 35 4 32 40 41 6 43 26 24 28 35 49 
44 8 45 4 26 25 7 20 45 39 11 46 46 34 0 21 42 14 44 4 39 27 37 6 34 18 33 41 45 
1 29 41 38 47 13 43 29 32 42 5 18 16 23 8 0 46 43 37 44 7 36 1 13 31 24 47 22 7 
3 11 36 44 35 12 20 16 48 24 49 33 41 43 10 23 0 40 37 23 4 30 10 41 32 39 35 10 50 
17 11 14 1 41 37 27 22 6 11 33 4 4 42 49 20 38 0 12 16 43 42 40 42 38 24 18 27 43 
20 5 5 1 3 20 50 37 11 49 42 5 17 39 17 29 4 20 0 1 39 12 22 44 28 19 17 9 27 
20 26 27 24 11 34 2 2 7 33 1 34 42 12 10 39 20 12 27 0 4 23 13 34 4 18 39 31 49 
11 27 32 37 12 24 18 35 23 19 44 33 37 16 23 22 19 18 47 1 0 13 5 9 8 40 5 4 8 
43 23 6 22 3 4 41 30 1 15 22 19 45 25 17 1 18 44 17 8 41 0 13 35 1 43 31 37 7 
19 25 47 7 20 11 43 50 13 22 31 34 26 43 21 5 46 28 7 38 38 8 0 41 47 39 47 17 30 
38 6 30 23 17 34 11 27 19 16 49 35 33 18 39 46 14 34 32 49 42 31 5 0 15 24 49 19 12 
34 1 19 24 44 13 12 8 43 9 17 43 33 45 37 31 30 23 5 21 20 45 33 6 0 16 19 38 8 
1 16 49 19 16 49 43 18 47 26 41 20 7 31 4 6 17 40 16 48 45 25 36 2 44 0 49 43 39 
18 14 9 26 25 4 7 27 10 49 28 34 2 19 34 4 33 36 14 39 42 27 39 27 3 41 0 14 27 
31 48 25 17 7 4 50 33 18 15 46 3 25 27 46 18 13 33 46 26 41 32 20 9 35 5 48 0 42 
25 33 23 35 41 31 47 13 24 11 28 48 19 1 37 18 41 12 15 16 31 21 14 20 46 39 36 49 0 
29 0 16 33 2 7 9 9 35 42 12 13 44 30 34 44 2 6 48 7 40 45 2 19 24 40 33 11 5 
19 3 0 40 3 46 49 35 9 29 26 42 11 43 3 26 29 49 21 36 48 27 13 15 48 32 46 5 27 
48 9 13 0 24 49 4 17 39 23 11 49 32 50 36 24 31 7 47 48 43 27 40 25 19 47 13 28 7 
39 42 21 50 0 44 8 11 20 14 18 12 39 36 37 7 39 23 5 48 41 39 35 41 36 49 13 1 8 
34 44 28 36 27 0 11 1 31 40 49 38 42 26 5 18 39 36 9 7 40 33 37 47 43 15 37 18 4 
1 36 2 32 8 3 0 36 20 41 26 13 25 36 27 49 25 17 7 16 34 18 3 50 41 6 11 26 47 
48 36 21 41 44 47 30 0 5 48 7 34 23 19 48 49 10 47 33 4 6 39 23 26 9 21 35 37 49 
36 11 26 48 28 39 23 5 0 5 23 32 40 48 44 27 11 23 44 15 21 4 41 45 24 7 20 9 26 
11 13 20 10 11 31 20 37 31 0 37 45 30 25 44 6 24 1 15 9 46 46 15 37 28 20 17 46 46 
17 3 41 9 31 48 45 43 4 23 0 29 17 25 40 31 36 49 36 46 10 36 21 23 42 11 14 30 46 
27 42 40 45 36 25 20 28 46 36 50 0 28 50 13 21 29 36 42 21 6 35 1 29 34 22 36 10 47 
31 50 48 18 19 49 16 12 33 35 32 1 0 21 3 40 13 36 19 11 23 50 44 6 20 43 24 12 26 
13 7 24 50 15 24 47 47 39 32 10 1 47 0 10 47 2 10 21 36 32 11 16 48 3 26 38 48 38 
44 28 26 45 37 40 49 27 12 33 36 48 6 44 0 25 5 9 10 26 40 48 5 11 23 39 31 16 48 
9 21 24 28 26 10 4 11 7 15 15 8 11 20 40 0 28 35 39 26 18 42 44 44 17 12 8 40 39 
18 4 6 7 25 2 19 42 9 9 22 47 40 14 48 45 0 45 19 30 28 15 33 38 50 5 49 6 15 
27 7 16 18 21 15 43 4 9 8 33 9 2 48 19 27 17 0 30 28 28 46 50 22 44 29 12 24 35 
16 7 2 27 47 4 16 2 43 4 26 25 22 45 36 38 36 21 0 27 18 15 11 33 26 21 29 19 27 
36 23 39 9 41 8 38 3 7 7 13 48 33 17 34 14 4 3 7 0 2 15 35 8 9 36 7 21 6 
24 26 7 18 35 40 17 21 15 18 35 14 7 33 31 30 8 29 35 48 0 28 20 23 18 23 18 12 1 
15 31 24 34 38 33 30 31 1 46 14 44 1 13 49 37 19 43 45 33 4 0 29 2 7 23 23 28 4 
4 39 46 18 28 17 7 35 44 1 26 25 3 1 29 13 16 42 48 15 22 37 0 49 30 24 29 47 36 
30 17 12 15 5 27 27 12 50 47 16 34 7 14 43 18 18 20 30 4 1 39 42 0 31 25 14 32 18 
40 17 44 49 20 21 6 27 40 11 21 27 25 17 13 20 27 15 9 8 44 31 12 4 0 50 43 36 41 
26 31 41 41 45 9 22 33 3 17 14 36 9 16 29 7 50 4 30 34 27 23 5 11 6 0 25 24 10 
5 41 50 28 36 15 2 9 21 30 33 16 45 30 17 10 1 23 49 29 2 6 4 46 14 3 0 15 4 
27 30 36 20 35 13 29 12 17 37 50 45 15 21 36 21 21 15 39 47 6 45 11 33 26 46 8 0 50 
38 4 14 34 1 48 32 42 44 13 31 33 2 5 43 14 24 5 14 32 20 33 26 50 14 18 48 33 0 
20 0 4 45 40 6 29 25 14 24 17 44 17 40 45 28 9 34 7 45 2 2 47 10 21 33 27 30 5 
29 14 0 20 33 1 50 23 41 18 42 27 24 30 30 41 7 12 47 42 26 6 17 16 8 24 47 31 23 
45 25 7 0 30 50 21 35 10 47 11 17 40 23 38 41 43 30 22 22 22 7 3 10 36 35 4 50 12 
48 12 10 4 0 19 50 47 44 35 47 24 10 46 31 10 1 31 2 4 18 27 24 28 3 26 9 16 42 
16 22 46 46 21 0 23 12 35 1 14 22 23 42 47 8 34 48 12 27 26 43 9 5 33 1 32 36 25 
35 8 29 11 35 5 0 29 13 2 28 40 23 20 25 50 18 31 32 27 30 16 45 5 15 33 40 50 7 
17 13 46 40 38 38 1 0 44 35 11 39 37 18 46 32 21 23 4 7 18 9 38 3 19 5 6 9 40 
4 14 28 45 6 22 46 40 0 32 1 35 32 25 7 33 20 43 41 13 21 14 35 43 29 33 32 49 30 
10 27 35 33 29 12 41 22 33 0 44 31 47 50 43 39 22 19 26 44 2 6 33 26 15 44 38 27 19 
22 50 12 25 24 17 30 5 16 3 0 3 13 17 12 37 50 10 17 21 21 46 21 10 8 38 48 24 28 
2 21 40 41 36 22 50 34 33 7 23 0 34 13 34 7 17 23 32 36 45 46 27 5 28 18 6 23 2 
40 4 37 26 43 2 4 46 14 13 28 46 0 12 4 17 3 44 38 9 13 15 44 36 7 13 30 32 25 
16 13 24 30 49 48 45 30 21 48 41 12 31 0 11 4 11 4 40 33 43 11 3 34 30 48 11 38 46 
18 30 14 13 20 30 30 1 39 48 47 14 9 38 0 32 46 47 48 33 4 41 26 4 23 48 40 15 14 
29 44 33 38 11 50 12 42 34 29 42 1 32 3 22 0 7 44 19 34 23 21 39 33 1 29 35 5 42 
27 42 16 31 16 16 23 45 16 9 4 10 27 41 13 19 0 6 32 22 39 4 48 30 30 6 42 44 41 
11 33 10 27 45 20 16 42 14 11 36 16 31 28 41 35 16 0 25 47 30 26 15 45 47 13 17 39 29 
13 36 25 24 23 32 34 34 50 27 16 7 25 21 6 45 47 7 0 9 27 7 45 15 31 46 14 16 47 
38 13 14 28 32 37 30 28 37 12 44 49 45 8 35 39 10 40 6 0 5 9 50 1 7 9 12 23 18 
22 44 28 10 17 37 46 37 13 38 26 39 42 29 9 35 14 10 33 49 0 10 26 22 7 9 11 38 39 
13 8 19 20 14 12 6 43 35 34 32 8 13 49 26 22 14 17 13 31 41 0 17 44 49 30 24 8 46 
23 22 1 7 50 8 24 6 20 7 25 30 23 17 1 30 29 26 37 12 1 50 0 43 42 48 7 48 47 
15 20 41 41 4 10 21 13 34 25 8 6 25 21 3 8 42 34 9 25 16 15 21 0 5 38 47 46 23 
29 9 9 43 10 28 42 50 17 35 27 14 47 38 47 4 18 32 37 30 48 36 50 15 0 49 23 31 50 
50 36 3 8 14 48 35 25 16 16 46 48 30 3 42 8 7 46 29 29 19 17 38 6 10 0 17 25 44 
10 45 44 37 48 42 1 31 32 19 50 49 4 22 38 2 37 40 1 46 45 43 8 4 45 3 0 32 34 
49 47 48 48 23 42 16 22 22 9 50 39 3 12 26 39 46 30 25 47 29 36 20 21 16 30 49 0 17 
37 41 43 46 10 18 32 36 22 2 26 13 7 17 30 28 40 13 43 34 18 20 8 15 28 36 5 14 0 
28 0 27 32 44 43 49 35 32 17 5 29 35 30 41 17 44 5 13 40 13 6 42 31 4 37 16 50 18 
33 28 0 19 24 13 19 8 45 20 33 20 9 32 49 12 35 34 9 4 28 3 15 11 15 47 43 8 36 
47 29 7 0 28 50 18 50 40 37 6 22 12 33 22 24 22 43 31 31 8 31 46 20 29 12 22 15 19 
17 4 27 21 0 11 23 49 42 27 43 9 15 49 23 49 29 37 43 45 32 41 40 22 16 13 1 5 1 
9 28 16 28 3 0 32 23 34 29 2 1 10 24 33 46 50 23 16 9 9 48 42 43 19 28 34 28 28 
32 11 8 11 18 48 0 33 49 28 31 13 18 50 16 50 35 43 36 8 8 45 23 44 47 42 47 3 18 
36 47 1 19 4 46 2 0 19 44 40 42 26 1 47 23 42 4 42 10 33 43 8 27 42 26 21 33 10 
17 12 20 22 45 15 14 31 0 31 44 15 4 14 31 41 3 44 32 8 48 50 3 44 1 38 21 26 29 
21 9 44 34 14 42 2 33 21 0 21 31 36 34 42 12 10 28 6 19 12 17 24 49 44 13 35 11 15 
18 19 35 25 40 36 11 22 1 31 0 41 23 30 9 33 23 2 23 15 9 42 34 24 32 2 14 12 47 
11 50 21 29 31 38 16 2 37 7 46 0 48 31 40 10 47 16 46 33 9 42 26 43 41 20 2 23 34 
46 4 24 27 24 14 11 2 11 12 42 43 0 44 31 37 45 28 17 28 2 25 28 16 6 32 4 6 35 
7 31 9 30 15 32 7 34 33 19 25 17 29 0 9 36 4 5 41 16 11 40 48 13 4 25 22 10 19 
38 18 46 21 9 27 45 31 4 13 28 12 25 4 0 13 9 43 11 23 17 42 12 2 42 39 46 46 9 
18 6 6 44 23 38 46 16 24 5 9 3 14 6 1 0 42 13 4 36 36 36 5 11 14 49 44 27 26 
17 5 32 13 32 37 13 49 8 35 39 38 8 47 36 39 0 3 21 3 37 12 10 29 35 11 10 23 13 
45 42 45 30 12 20 50 19 23 47 22 27 43 3 34 28 15 0 49 28 40 20 23 12 29 41 41 15 7 
26 48 2 22 15 50 4 16 41 10 26 39 48 17 17 6 49 26 0 44 10 27 2 20 13 32 34 44 23 
31 17 39 21 6 43 44 25 45 50 13 44 50 19 37 6 23 40 42 0 4 6 6 30 15 48 6 31 25 
28 40 40 31 7 31 36 25 21 5 34 5 23 42 12 49 14 50 11 8 0 15 15 40 43 42 41 18 25 
37 25 24 50 13 20 48 5 11 32 38 19 33 13 35 18 7 37 31 15 45 0 31 2 48 46 23 10 14 
50 48 40 16 14 11 38 47 32 34 43 4 45 7 39 32 13 42 26 2 31 23 0 36 6 11 3 31 7 
24 26 5 41 10 35 6 14 43 22 6 22 25 38 36 23 45 27 21 38 42 20 36 0 5 47 9 33 28 
12 34 6 11 31 32 24 6 30 3 45 11 2 26 39 41 36 4 27 43 37 14 11 34 0 33 43 15 4 
41 1 44 2 2 29 3 9 17 45 42 44 15 31 44 43 33 10 37 17 31 45 19 44 32 0 40 41 49 
24 23 29 38 18 20 16 30 9 43 9 23 24 31 25 42 13 34 29 7 20 19 1 23 7 48 0 23 47 
32 1 21 12 38 4 36 45 17 4 27 45 15 15 34 40 1 14 44 1 20 27 31 48 12 35 29 0 5 
22 7 32 20 48 20 48 9 23 48 36 20 45 31 26 10 7 34 42 6 35 12 22 43 5 22 27 6 0 
20 0 23 1 4 26 32 23 11 22 8 48 46 17 26 17 4 29 24 7 39 2 22 42 28 43 24 20 10 
35 40 0 15 26 43 43 39 1 48 32 45 14 8 16 38 50 37 47 39 10 45 18 15 31 16 39 4 49 
32 23 12 0 3 12 14 26 33 43 22 3 25 38 17 7 47 30 44 31 37 34 42 42 46 35 11 16 17 
26 34 11 5 0 39 40 20 25 21 43 2 45 40 6 7 15 45 15 22 29 12 18 1 23 8 18 16 40 
32 16 18 1 48 0 9 8 9 12 49 37 49 47 32 27 38 42 37 47 28 35 27 2 21 39 37 6 8 
33 39 47 22 24 31 0 44 5 25 2 47 32 49 48 4 46 28 24 32 30 42 14 31 22 21 38 5 5 
15 47 12 11 3 50 27 0 24 2 15 25 17 39 22 14 41 40 16 30 37 24 6 43 15 6 27 17 20 
8 26 1 36 26 40 40 29 0 40 36 29 49 22 31 45 13 50 16 41 20 1 41 32 6 9 19 31 10 
4 48 6 26 34 7 16 26 15 0 39 42 49 33 36 1 4 37 32 15 44 11 30 16 40 36 47 20 17 
44 45 28 8 9 31 25 43 30 3 0 16 16 15 19 49 12 25 42 38 16 40 29 20 28 4 38 49 25 
32 17 40 37 37 49 32 21 11 34 41 0 2 11 9 24 34 16 50 30 43 32 5 16 45 10 5 28 16 
25 1 5 21 33 50 11 14 13 29 29 16 0 38 28 1 41 2 36 5 32 5 36 12 4 9 7 43 28 
1 46 28 33 22 16 46 10 30 20 20 11 48 0 11 21 38 22 14 5 5 4 26 43 25 1 46 12 40 
40 1 13 26 8 34 14 18 2 46 45 22 32 41 0 11 32 16 44 34 45 15 24 33 46 2 39 24 25 
3 4 33 26 5 7 21 29 8 44 4 15 47 4 37 0 26 20 34 23 13 16 12 9 8 13 17 25 16 
19 18 25 19 10 39 15 49 14 19 18 26 21 32 25 23 0 40 20 48 12 38 7 27 19 17 11 10 42 
45 26 14 38 32 5 10 41 20 35 5 9 40 38 12 1 16 0 47 43 34 38 36 18 44 20 14 29 13 
41 6 3 49 29 24 4 39 5 30 45 16 22 34 3 6 15 40 0 23 1 45 26 3 20 19 27 5 10 
8 21 19 18 27 48 50 14 32 7 31 17 35 24 47 37 3 28 12 0 4 33 12 29 31 42 28 18 16 
3 33 31 2 19 45 31 34 12 27 39 24 35 40 24 8 9 6 16 22 0 30 17 18 41 15 1 27 46 
42 39 27 49 31 34 12 49 26 29 48 40 43 13 26 26 39 38 20 44 39 0 22 22 36 13 46 37 37 
16 40 38 19 19 35 43 24 1 41 44 1 29 25 32 31 9 27 30 18 42 43 0 3 27 32 33 8 21 
18 41 37 35 48 25 34 37 42 30 22 8 21 3 25 49 45 19 16 14 40 41 28 0 37 17 20 45 24 
37 11 37 36 28 22 6 11 4 9 3 4 42 46 40 30 5 22 47 40 18 5 33 14 0 18 44 32 27 
14 1 19 29 30 11 50 31 43 37 31 49 47 15 46 36 16 13 23 44 2 48 32 46 23 0 6 6 33 
29 24 19 34 40 30 47 3 41 25 24 31 47 9 37 18 41 49 44 3 10 47 48 5 21 39 0 26 16 
19 24 7 25 5 17 3 20 19 47 10 17 19 43 45 42 39 42 48 43 12 15 5 24 13 4 24 0 32 
27 14 13 2 5 31 34 18 18 50 27 30 6 17 50 44 40 27 35 17 3 6 17 29 41 33 5 5 0 
19 0 33 12 2 43 22 44 5 35 8 13 38 9 27 25 39 16 18 38 45 15 11 35 36 20 7 29 21 
48 34 0 11 23 27 30 49 35 38 26 37 34 24 46 10 32 15 47 9 26 31 28 13 24 45 11 41 9 
48 27 32 0 37 44 23 8 1 48 40 11 30 29 40 2 41 32 4 21 20 1 4 22 23 49 4 41 20 
21 38 28 17 0 39 41 37 12 44 1 41 1 38 10 34 25 36 30 48 42 27 23 43 41 40 22 9 45 
5 10 39 41 33 0 38 30 11 12 45 41 38 3 40 48 31 14 21 32 41 20 47 37 19 6 50 44 49 
46 37 27 18 33 43 0 7 35 13 1 19 50 31 24 13 41 40 10 39 37 25 12 28 20 40 18 25 9 
23 20 35 34 45 31 15 0 26 18 23 6 10 33 14 19 13 2 33 11 46 34 46 30 46 11 8 25 34 
10 8 29 16 19 49 12 43 0 16 36 6 1 10 38 23 17 5 29 4 12 43 15 18 8 8 29 25 27 
41 39 23 38 7 32 16 11 45 0 41 42 35 2 27 48 17 27 10 37 46 24 14 42 33 4 14 42 45 
41 21 8 40 24 36 2 28 13 19 0 45 29 22 13 22 15 37 20 10 17 18 1 31 48 43 29 4 28 
48 41 34 44 40 22 21 24 33 3 11 0 16 25 20 5 9 16 9 25 11 42 28 46 34 4 26 28 40 
41 11 47 46 33 25 31 22 35 2 39 1 0 43 48 33 35 10 44 42 48 47 23 32 34 5 43 36 20 
45 1 40 15 44 32 34 22 6 16 34 50 40 0 33 24 15 21 24 19 44 46 12 25 10 34 30 43 18 
30 14 41 40 39 11 28 34 12 24 7 12 15 11 0 29 44 11 42 9 15 49 17 14 32 25 43 25 33 
27 31 31 15 39 17 43 43 26 44 11 29 5 41 4 0 47 17 7 30 35 34 31 50 42 21 28 19 13 
50 9 15 47 36 45 8 32 43 42 23 48 19 37 19 17 0 32 31 10 9 14 17 15 18 14 41 50 46 
31 40 45 11 48 31 43 17 30 15 43 11 33 23 5 25 35 0 32 17 48 12 33 11 41 19 11 49 33 
44 48 34 46 45 13 1 4 48 12 1 39 44 3 38 17 38 50 0 27 42 13 41 34 33 24 3 34 48 
29 5 43 38 32 11 23 33 32 48 16 20 22 1 28 23 31 29 4 0 10 46 45 3 20 34 7 21 4 
14 1 22 42 29 3 26 44 20 14 7 34 31 6 36 41 34 7 21 13 0 14 11 2 46 50 25 3 34 
2 23 4 25 41 20 19 31 26 25 42 20 25 34 4 18 22 21 30 41 9 0 13 37 28 37 8 40 4 
50 27 43 4 1 42 42 47 10 32 44 11 37 6 15 9 16 1 38 30 7 34 0 24 29 46 12 26 39 
37 26 39 33 30 16 31 49 32 38 19 34 42 8 8 41 28 19 4 4 49 28 13 0 36 21 11 47 16 
3 15 9 39 17 4 10 34 44 11 32 22 25 17 27 28 32 5 38 50 26 34 1 28 0 9 22 41 9 
14 3 12 20 19 16 46 18 29 31 17 39 48 24 47 17 37 32 30 32 1 35 5 17 23 0 48 40 20 
14 32 30 46 14 2 21 42 50 13 4 9 21 10 49 2 38 50 2 3 37 34 41 28 42 9 0 8 30 
49 46 48 22 26 27 4 48 2 22 25 47 4 6 18 25 29 21 12 42 36 3 29 23 46 38 34 0 30 
41 3 4 6 44 42 43 4 16 32 34 45 6 2 1 16 26 6 49 31 17 17 49 22 47 17 44 46 0 
18 0 25 27 38 44 24 8 49 19 20 3 13 13 15 9 47 38 18 36 35 3 13 47 40 40 3 14 24 
5 32 0 9 27 48 48 37 41 6 46 2 33 44 2 48 7 3 37 18 2 8 2 34 30 32 10 43 5 
28 38 49 0 41 11 34 45 37 11 27 15 16 29 19 42 42 17 4 41 2 16 41 37 3 35 13 16 3 
48 30 46 39 0 5 33 13 19 47 11 23 11 8 11 46 27 23 3 24 40 11 43 14 29 19 42 39 38 
1 47 7 49 18 0 43 39 31 32 26 11 47 6 23 46 6 31 30 45 5 46 10 31 33 39 26 42 6 
17 17 20 14 44 26 0 18 1 5 25 43 15 23 15 46 47 42 28 35 38 48 8 48 40 48 35 43 41 
16 25 10 42 1 33 15 0 15 7 47 3 30 6 45 2 7 37 30 33 31 15 35 41 12 42 4 9 9 
19 31 17 10 34 27 35 31 0 15 2 14 40 50 31 41 45 25 6 33 3 7 41 3 19 2 12 27 32 
34 49 1 48 25 7 46 26 31 0 44 46 29 10 22 43 36 16 43 31 34 45 46 37 37 22 7 3 28 
29 49 8 23 1 4 47 17 2 17 0 16 44 35 15 15 32 10 5 43 36 49 17 3 9 32 44 38 39 
12 15 26 18 5 18 48 33 36 24 28 0 7 26 26 35 49 28 37 49 30 32 6 27 18 15 18 30 12 
46 49 41 8 17 8 6 37 41 48 40 18 0 18 32 46 36 27 36 10 24 33 5 32 45 45 8 8 6 
38 9 4 38 39 37 38 37 34 21 41 18 21 0 48 8 30 48 32 13 50 11 41 41 29 8 7 30 42 
18 47 13 9 50 50 50 33 45 3 29 32 45 9 0 3 6 46 43 3 35 47 2 48 14 45 8 46 47 
18 25 30 33 8 47 20 38 8 32 18 22 49 26 35 0 45 3 32 6 3 39 36 33 15 4 45 46 17 
49 50 14 43 5 3 15 20 23 47 24 48 40 16 49 15 0 25 32 37 21 17 3 11 14 3 43 9 33 
43 15 29 13 2 3 39 8 18 26 18 46 12 16 23 7 8 0 8 14 23 37 19 41 23 9 25 50 47 
40 1 40 12 45 33 28 8 18 12 47 37 28 41 48 49 15 41 0 10 2 31 4 6 45 30 36 46 24 
25 7 5 27 3 43 18 17 36 7 1 30 38 15 40 47 11 27 46 0 47 22 42 9 18 16 49 17 37 
45 46 32 10 37 4 34 11 7 21 34 36 23 31 13 9 40 31 15 16 0 14 10 34 4 40 50 3 33 
49 38 12 5 27 32 23 41 25 42 43 34 31 30 40 41 43 11 24 41 29 0 1 28 35 34 1 24 36 
12 28 20 38 2 1 13 20 9 29 10 42 9 23 34 48 38 31 36 35 20 44 0 11 30 26 12 4 49 
10 27 21 26 9 38 29 48 23 6 33 30 17 21 32 14 2 32 33 7 17 30 48 0 4 16 39 16 19 
18 40 12 40 48 15 10 33 9 34 34 21 44 37 26 33 49 6 18 50 12 47 29 44 0 30 48 32 31 
30 18 11 20 22 11 31 33 44 43 33 3 11 50 6 19 49 12 13 31 5 15 5 11 22 0 16 7 21 
12 18 11 50 33 30 4 41 23 15 50 34 7 43 40 7 23 15 39 13 42 10 46 18 35 1 0 27 15 
14 1 48 6 4 10 22 26 33 34 20 32 46 15 47 34 13 30 25 12 26 49 38 7 28 45 29 0 2 
23 44 15 33 4 39 28 22 17 44 30 47 22 14 24 39 45 7 17 27 14 12 5 6 26 15 40 15 0 
13 0 42 29 10 32 20 4 40 19 38 29 8 38 25 18 20 1 29 40 12 25 49 12 21 29 3 38 11 
40 10 0 8 39 50 13 9 26 15 21 16 3 10 35 20 8 28 10 40 40 45 35 6 48 26 28 41 14 
30 8 31 0 29 32 44 1 10 30 41 8 25 17 42 6 30 14 38 3 41 30 4 43 19 14 49 16 5 
4 10 13 23 0 23 45 47 8 40 37 22 17 35 11 28 38 2 15 24 4 30 26 34 39 26 50 35 26 
15 13 16 33 29 0 46 7 21 28 36 3 22 46 49 41 27 17 36 7 20 27 6 17 49 26 12 26 29 
27 25 47 23 10 22 0 43 28 21 39 38 39 4 8 10 17 12 2 9 32 36 7 22 40 44 16 50 10 
46 17 8 17 21 28 44 0 3 39 30 12 25 6 13 7 28 49 18 16 19 46 1 38 24 4 45 44 20 
3 8 30 44 22 34 32 5 0 32 21 19 27 15 7 28 32 41 35 26 23 1 45 42 26 1 32 14 46 
30 34 14 26 35 25 1 32 1 0 18 3 23 31 2 47 28 50 39 5 39 23 6 34 19 20 21 19 9 
17 4 44 41 20 37 25 48 8 43 0 42 40 7 47 32 23 33 3 42 49 49 14 27 12 28 26 24 24 
1 45 7 15 7 42 16 48 25 12 4 0 45 28 49 21 7 48 15 32 26 25 12 37 17 29 20 11 3 
27 32 14 45 14 1 48 13 37 28 33 16 0 32 34 48 21 50 48 22 50 44 21 15 13 44 48 50 39 
8 41 36 38 32 13 21 44 49 10 31 27 2 0 8 20 20 32 17 45 41 14 17 17 32 48 12 10 7 
17 2 1 17 2 9 6 46 43 46 35 20 13 4 0 22 41 18 46 49 36 1 46 31 28 4 9 26 42 
24 5 40 21 3 15 28 48 9 15 26 43 3 24 28 0 37 33 25 29 10 45 27 15 3 13 25 6 22 
21 24 13 43 34 14 23 39 7 14 18 48 27 25 32 3 0 21 7 34 27 18 45 45 29 31 16 47 47 
40 37 8 29 10 7 27 35 2 33 9 39 2 40 30 19 8 0 31 34 20 45 12 33 7 42 29 4 27 
29 35 13 18 18 26 49 20 7 39 39 21 49 47 2 38 48 45 0 26 29 15 27 22 1 33 27 3 29 
5 1 37 31 3 50 6 18 21 42 22 26 42 10 13 19 42 13 21 0 48 10 45 10 47 4 26 13 3 
13 13 36 41 24 20 15 6 2 9 18 50 41 35 18 7 24 50 38 5 0 14 3 9 20 7 5 20 11 
42 41 27 28 38 4 5 9 6 31 3 22 45 7 17 34 45 22 7 26 27 0 4 24 5 38 8 39 11 
4 16 35 20 1 5 15 12 32 41 13 38 30 10 1 43 48 16 10 8 37 25 0 26 36 48 44 35 38 
18 23 40 31 15 45 5 41 47 33 22 41 42 5 3 5 9 20 47 17 3 31 8 0 23 48 32 24 30 
41 50 23 7 21 28 45 10 1 33 24 35 6 11 46 15 44 20 17 32 22 21 27 29 0 48 18 35 37 
15 18 33 33 21 25 1 48 11 16 21 15 11 43 4 27 46 12 12 43 35 43 29 28 16 0 43 9 20 
23 45 9 3 43 9 45 34 50 41 15 32 11 49 5 29 49 2 21 29 18 50 33 37 6 42 0 2 23 
39 5 18 29 17 31 25 17 7 18 23 3 49 20 28 5 48 31 33 37 39 50 30 14 22 30 2 0 24 
12 22 48 1 8 23 45 45 24 36 15 30 24 38 22 32 30 19 31 48 23 29 40 26 10 16 34 39 0 
26 0 5 7 38 30 2 6 35 21 22 45 26 25 33 32 12 16 4 13 2 29 49 34 4 49 5 1 33 
33 22 0 42 43 40 7 19 20 30 28 1 23 33 38 11 9 24 6 23 40 48 29 11 6 3 33 11 28 
21 4 39 0 25 1 23 3 50 30 3 37 19 15 13 32 38 4 40 20 42 38 26 30 43 32 12 36 4 
12 36 40 8 0 46 42 49 27 39 26 23 10 35 12 29 21 20 5 26 36 48 23 3 13 14 20 40 45 
24 47 44 40 38 0 49 39 45 14 29 24 23 14 5 50 29 18 10 7 27 48 9 24 28 36 1 7 40 
34 27 44 26 2 5 0 3 43 32 33 23 37 24 35 8 41 31 3 22 43 23 25 46 4 14 14 48 16 
23 17 4 37 42 49 11 0 38 36 48 21 9 3 8 47 35 38 21 4 14 2 34 47 34 29 15 17 10 
31 41 13 39 8 38 20 15 0 30 36 45 25 24 20 6 34 32 14 40 16 28 11 17 43 10 34 15 40 
21 21 9 28 33 2 7 45 35 0 33 2 16 38 32 6 2 27 30 40 32 28 14 2 16 25 1 32 21 
24 20 30 24 23 31 45 9 28 17 0 42 23 14 11 49 50 12 25 29 46 5 16 17 31 45 33 12 7 
20 44 3 32 20 36 21 16 4 28 43 0 8 38 48 24 10 38 17 18 18 15 2 4 1 23 36 16 9 
4 49 30 40 19 38 40 35 14 11 4 28 0 40 34 47 35 32 21 9 8 42 7 43 28 16 45 43 18 
40 3 9 34 20 13 12 5 49 3 39 50 8 0 40 46 28 14 40 28 32 6 20 19 3 28 9 18 47 
7 2 25 24 46 22 45 12 2 20 9 28 22 43 0 36 29 33 10 50 2 11 16 15 26 18 11 13 21 
35 7 7 12 45 16 48 48 29 15 4 37 46 35 26 0 45 32 50 10 13 34 40 21 18 9 16 36 41 
38 49 7 36 10 24 27 46 13 47 34 7 45 39 1 18 0 7 14 6 27 40 20 45 19 1 50 37 45 
37 40 3 29 30 7 11 30 9 19 28 22 9 31 32 36 17 0 4 19 46 40 3 12 46 10 10 2 18 
5 39 35 10 37 33 9 24 44 5 28 38 29 21 9 38 37 35 0 18 9 39 9 2 48 32 41 6 34 
28 8 19 20 6 43 26 21 34 18 35 26 23 9 42 13 26 31 18 0 20 44 24 10 26 42 43 30 46 
37 38 28 47 27 25 46 37 36 8 33 36 45 39 5 19 50 43 37 31 0 18 40 22 2 24 37 40 5 
49 44 28 13 14 30 34 46 41 39 50 48 13 6 27 19 48 33 25 6 19 0 41 27 50 6 49 29 47 
17 27 23 41 36 41 38 42 30 20 22 16 6 10 29 11 43 40 18 12 13 3 0 4 41 13 35 37 9 
17 29 7 15 2 37 29 14 16 9 13 22 18 36 39 28 11 9 50 10 12 17 7 0 17 32 17 35 14 
23 33 29 1 5 30 26 2 14 8 14 19 31 15 45 35 28 46 44 28 15 26 31 4 0 35 28 47 1 
22 41 34 35 3 16 42 34 30 12 17 39 10 37 15 4 46 32 29 48 22 23 40 36 23 0 7 49 47 
2 26 16 28 34 25 31 23 25 29 16 16 24 11 5 16 29 6 19 29 12 28 8 4 49 50 0 29 49 
1 48 13 47 17 46 32 5 47 40 6 35 6 42 29 17 16 13 25 12 18 25 7 18 39 21 36 0 25 
18 13 30 35 47 32 23 27 17 20 50 28 29 50 20 40 1 34 23 20 49 42 38 36 26 18 32 27 0 
42 0 46 8 46 11 8 38 34 10 21 39 24 20 3 1 46 14 47 33 18 5 17 18 6 48 16 27 26 
25 44 0 10 29 1 47 36 22 12 4 18 22 13 36 30 30 45 49 50 46 42 43 22 29 35 14 22 25 
29 3 48 0 45 31 12 10 17 12 10 24 24 18 29 35 10 29 11 6 20 38 38 11 50 16 31 35 33 
22 31 44 38 0 25 11 44 9 6 24 42 2 27 14 18 35 26 27 29 13 8 13 1 24 8 3 38 41 
43 49 29 50 28 0 28 45 32 16 36 49 7 36 26 4 6 20 5 43 24 21 26 24 40 3 22 25 10 
31 21 30 22 24 4 0 17 8 45 42 25 50 19 37 19 40 28 22 28 33 9 45 5 4 10 14 20 17 
26 40 48 6 3 35 2 0 46 7 28 34 33 10 47 12 29 31 44 5 35 8 35 12 31 45 43 2 36 
16 26 13 10 34 1 32 6 0 45 19 47 35 35 23 33 1 39 45 24 12 33 26 24 16 10 36 10 42 
28 17 11 11 34 16 31 32 15 0 25 50 10 15 7 35 12 48 21 50 35 2 12 43 50 20 41 4 41 
2 47 1 48 41 41 28 28 8 36 0 1 20 43 2 36 15 46 15 47 27 42 13 18 39 37 25 41 17 
25 12 42 44 13 40 30 18 24 2 19 0 25 29 7 4 12 20 30 42 50 26 28 4 5 44 27 49 40 
29 12 12 16 1 12 3 47 45 8 8 3 0 23 18 41 45 46 23 49 35 9 6 19 7 34 42 41 48 
8 37 50 36 41 40 40 13 40 3 24 17 5 0 8 18 12 23 39 27 8 38 10 10 22 28 15 31 23 
43 6 33 10 21 6 39 8 9 22 13 33 29 29 0 5 44 49 32 31 2 39 7 35 45 15 34 11 49 
28 28 8 27 10 17 20 35 20 15 46 49 19 11 4 0 1 27 44 29 9 5 16 24 47 34 29 35 36 
22 39 45 38 46 41 30 31 14 36 24 13 9 21 25 35 0 36 32 34 28 4 34 18 21 5 2 45 13 
5 12 43 31 32 34 14 31 20 9 4 28 31 23 37 42 21 0 16 50 35 42 40 11 3 46 7 33 38 
21 25 34 45 47 18 27 3 43 43 32 26 7 44 15 28 29 6 0 48 31 48 27 1 39 2 10 22 15 
1 41 36 25 2 27 10 46 25 9 32 13 46 34 49 28 35 25 28 0 48 25 34 24 40 10 2 41 45 
24 45 43 37 47 12 3 3 8 7 25 31 34 20 3 20 25 36 36 14 0 29 24 5 28 33 24 41 17 
18 47 16 50 37 16 23 31 17 45 16 34 32 46 20 28 1 48 14 6 31 0 4 15 25 17 27 17 1 
41 16 5 23 22 36 36 12 42 25 45 19 48 23 4 30 20 2 32 33 4 27 0 28 36 11 35 37 14 
32 41 33 10 49 22 40 2 41 44 12 47 11 9 36 26 3 46 9 8 1 35 6 0 16 45 35 47 14 
38 20 13 38 50 22 30 2 43 35 20 26 33 3 40 26 40 36 22 45 41 3 33 16 0 26 29 14 47 
36 18 15 15 25 27 14 22 31 25 48 39 30 35 34 18 26 34 26 48 46 30 27 10 13 0 3 23 36 
37 48 13 21 9 33 16 25 21 5 1 7 40 18 46 15 39 34 16 7 19 15 40 43 4 16 0 1 6 
41 6 3 23 4 28 35 33 13 27 30 47 20 9 48 21 33 19 9 28 34 12 21 30 37 17 17 0 22 
9 20 18 43 32 10 35 15 3 29 3 13 34 13 3 13 4 20 38 11 18 20 10 35 8 24 23 30 0 
35 0 24 36 38 11 13 25 43 9 38 15 10 25 33 19 5 17 46 45 22 9 9 26 18 30 7 5 39 
11 34 0 36 9 38 5 31 29 43 16 2 21 39 11 4 17 5 28 37 35 1 5 18 12 29 1 21 26 
48 19 9 0 5 8 36 32 26 2 6 22 20 3 41 13 2 44 24 33 49 6 10 13 2 20 21 39 7 
16 24 31 37 0 34 5 31 25 7 48 13 3 29 28 15 50 6 17 33 11 42 17 18 5 18 23 21 39 
6 7 35 38 48 0 26 11 29 25 36 36 49 10 39 45 47 12 31 20 29 46 14 46 3 39 29 15 49 
6 26 19 12 34 43 0 19 50 14 26 6 4 17 36 25 21 32 34 2 4 23 22 44 38 3 43 43 43 
12 32 50 20 12 12 23 0 49 17 25 15 17 20 45 33 36 26 17 12 10 39 25 22 5 27 11 27 34 
33 32 10 42 1 27 39 32 0 26 36 43 5 14 26 5 8 20 35 35 28 40 8 13 36 32 34 4 37 
11 46 43 1 36 39 17 36 15 0 24 17 43 7 2 10 40 25 7 47 13 21 15 35 43 27 50 45 25 
20 24 11 18 23 3 21 31 44 42 0 20 25 10 20 43 47 19 43 22 39 48 23 12 26 37 42 16 47 
11 50 25 37 45 42 16 42 13 50 20 0 5 31 30 47 33 37 23 4 2 22 39 25 35 29 7 27 47 
12 36 31 32 37 25 21 44 18 34 30 18 0 4 1 34 19 23 17 8 19 27 29 39 15 38 15 25 22 
26 40 8 38 16 20 30 28 19 39 18 6 9 0 3 15 4 43 37 48 21 6 6 12 12 49 8 21 34 
47 17 44 22 50 50 19 28 26 42 3 35 22 6 0 1 35 50 3 11 25 15 36 22 2 17 4 17 20 
29 47 40 8 50 47 31 3 45 47 6 10 35 37 28 0 1 34 14 50 50 6 28 13 47 48 47 19 12 
45 43 5 47 33 49 50 29 3 46 35 26 26 48 40 3 0 47 2 41 28 8 21 18 3 5 18 14 1 
35 44 10 3 28 20 8 3 42 10 27 36 38 50 49 39 30 0 25 24 8 39 10 50 47 6 42 5 25 
25 2 42 16 35 50 44 10 36 32 48 6 41 38 11 38 25 5 0 40 8 23 29 24 31 44 7 12 26 
44 14 48 36 15 34 28 40 19 12 1 38 6 40 4 48 27 19 18 0 2 49 13 22 2 2 47 2 46 
28 12 22 29 38 19 16 22 35 12 42 7 10 21 19 14 5 2 3 34 0 25 27 4 26 39 11 27 32 
42 46 34 19 32 32 13 8 40 22 1 37 24 32 13 15 27 11 42 28 44 0 9 47 1 44 19 21 2 
8 47 41 27 43 35 30 40 28 23 26 28 9 12 24 33 2 16 11 44 15 40 0 49 29 19 50 38 34 
50 34 25 14 11 11 50 44 32 24 45 39 3 24 37 5 36 15 19 32 35 14 49 0 29 8 28 37 18 
48 13 8 43 48 47 40 44 49 12 17 48 13 31 2 28 22 22 42 42 3 45 43 5 0 31 6 50 36 
36 47 7 33 25 33 46 20 17 2 42 7 34 44 6 25 48 21 20 5 13 22 7 37 37 0 45 16 4 
20 3 13 42 47 5 9 3 6 34 24 31 35 32 12 20 30 36 9 10 39 19 8 10 36 45 0 23 14 
40 20 47 30 17 43 1 14 39 1 10 29 35 4 19 14 48 40 20 31 10 38 7 2 37 7 15 0 1 
46 4 6 2 32 45 13 36 38 44 14 43 32 49 31 30 26 30 25 36 50 45 12 47 26 43 4 3 0 
13 0 45 43 10 28 50 18 36 45 8 47 40 41 34 26 4 27 27 50 12 7 28 27 8 32 30 2 2 
42 10 0 27 40 42 11 23 44 2 4 16 33 31 46 36 19 33 36 45 17 19 9 21 49 43 43 46 36 
19 36 28 0 48 49 17 44 36 32 8 49 31 11 33 3 23 12 18 32 12 43 8 25 47 36 35 33 34 
40 28 47 49 0 15 38 25 16 26 19 34 14 2 50 37 26 37 15 6 36 6 48 38 26 11 35 44 11 
12 32 13 14 34 0 11 47 4 11 50 16 23 8 38 47 44 34 18 11 43 21 50 11 22 29 48 28 42 
40 22 39 31 44 15 0 4 45 6 20 30 41 4 34 16 37 49 33 29 19 2 45 43 43 25 2 40 13 
22 42 35 37 33 6 14 0 40 12 35 30 44 34 2 38 14 38 20 39 38 34 24 23 46 19 10 40 46 
29 46 7 43 25 42 24 15 0 36 44 8 49 20 26 26 15 4 35 35 50 8 29 5 5 13 2 29 48 
20 39 18 24 16 19 11 16 29 0 37 19 42 29 23 29 45 12 41 19 8 48 8 43 35 25 41 38 1 
41 3 31 24 14 26 46 47 26 35 0 33 1 16 11 37 17 17 44 22 36 1 11 43 22 33 21 1 12 
47 34 50 26 32 10 25 27 7 46 29 0 3 27 32 19 28 8 19 43 38 22 26 19 32 20 3 1 31 
10 9 41 43 26 35 50 43 35 8 20 6 0 36 11 11 21 15 19 10 19 42 15 15 15 29 14 40 22 
16 19 7 29 10 45 17 49 6 36 28 42 33 0 27 44 1 49 37 2 12 16 48 17 1 44 32 39 45 
44 26 15 13 45 29 27 17 2 41 47 41 44 12 0 16 29 42 18 37 16 22 14 16 43 12 29 7 19 
2 6 36 29 7 22 5 30 22 16 47 4 50 27 49 0 9 40 11 19 4 33 38 10 26 46 24 24 30 
10 22 1 17 23 9 16 46 5 19 35 22 7 36 7 26 0 21 33 16 45 16 8 3 1 11 3 37 14 
46 10 33 34 49 25 21 1 15 31 32 42 12 4 4 22 27 0 47 47 47 32 34 6 13 8 29 15 2 
20 50 7 20 23 2 50 46 36 2 24 33 15 7 11 41 2 25 0 34 13 5 31 25 14 7 40 33 12 
5 20 26 20 10 19 31 16 24 12 19 10 4 9 37 26 24 15 32 0 25 24 16 12 34 45 3 48 40 
25 44 14 33 20 39 41 16 26 4 23 47 27 46 17 40 6 24 9 47 0 44 50 41 43 8 8 39 40 
9 42 25 7 22 42 41 31 49 36 41 16 18 21 50 21 42 36 49 29 49 0 23 29 22 44 2 46 26 
4 22 26 12 50 1 8 34 29 16 26 35 5 36 41 20 34 44 29 23 50 21 0 1 23 10 11 42 36 
14 4 14 21 47 15 28 28 11 29 16 18 14 17 42 27 10 14 24 13 32 10 38 0 1 23 23 27 34 
21 3 3 39 10 22 21 25 3 6 39 40 9 14 9 5 29 12 10 33 29 24 13 46 0 38 29 5 4 
17 13 48 24 38 45 7 9 27 27 9 42 46 17 24 5 26 34 5 19 2 34 23 12 13 0 44 5 47 
41 7 2 31 18 17 9 40 8 15 2 14 7 1 28 2 4 19 37 12 1 8 21 4 24 36 0 3 33 
41 37 12 45 41 10 19 21 25 28 25 30 8 35 48 11 32 42 13 2 6 21 9 45 8 43 47 0 33 
36 49 8 32 15 26 49 22 4 8 24 47 33 7 27 27 44 8 4 16 11 10 23 33 24 2 28 21 0 
28 0 17 38 48 14 36 35 27 21 43 16 33 36 26 7 24 18 17 20 49 44 33 1 50 40 32 22 26 
27 25 0 9 13 49 29 44 38 21 27 34 47 23 1 7 2 43 22 31 36 3 49 16 8 33 29 27 46 
16 38 9 0 33 15 9 1 46 35 3 34 7 32 20 3 42 33 24 27 44 27 50 7 18 1 37 23 28 
10 1 31 20 0 3 49 23 34 18 1 32 14 50 11 18 41 39 24 4 34 46 24 25 10 3 33 20 16 
31 41 32 29 36 0 24 37 34 22 14 5 34 48 20 24 32 42 13 45 17 33 17 30 28 33 40 32 36 
27 22 18 20 30 7 0 3 28 20 4 28 27 24 34 19 25 19 21 36 27 1 43 18 40 39 4 34 15 
12 4 46 47 42 2 8 0 50 47 36 4 42 18 47 13 38 36 18 43 49 48 5 10 13 4 6 36 34 
4 28 31 27 23 39 16 16 0 9 32 36 23 27 20 28 33 17 45 9 4 31 31 4 22 11 35 17 8 
45 34 43 36 17 24 47 19 6 0 28 19 29 32 47 30 5 33 20 23 29 27 27 46 9 47 32 4 24 
24 10 16 39 23 9 22 26 39 50 0 7 4 24 10 28 40 27 30 23 34 2 50 39 42 13 38 31 19 
38 34 39 35 20 23 45 46 13 30 7 0 23 26 5 16 34 14 19 6 18 49 7 33 17 9 20 23 25 
21 25 26 35 29 3 38 5 11 22 35 1 0 15 33 28 47 24 50 9 47 34 6 28 45 33 13 20 31 
2 23 27 50 1 21 25 38 4 23 45 23 17 0 12 23 42 35 5 4 17 30 36 44 9 12 26 41 16 
47 32 2 16 34 7 4 39 45 35 50 44 8 40 0 43 1 6 37 31 23 33 36 10 28 9 4 2 16 
29 19 38 26 30 10 41 23 21 30 39 10 8 35 47 0 50 5 11 9 41 44 43 4 26 46 19 33 11 
22 25 7 31 6 38 11 27 47 25 14 49 49 21 31 26 0 48 21 15 49 39 11 23 49 45 11 23 36 
15 13 30 12 27 30 1 47 23 9 4 21 25 21 3 30 47 0 11 42 23 13 28 29 25 5 34 23 12 
2 8 36 45 16 25 12 35 46 3 22 19 20 35 4 39 18 45 0 25 19 8 43 3 34 20 50 24 38 
35 6 7 44 8 39 45 15 24 9 5 50 9 19 35 44 40 23 3 0 29 24 40 8 11 9 4 5 10 
6 2 26 16 2 25 50 40 46 29 12 32 40 40 16 9 40 26 11 39 0 8 9 45 47 47 45 14 45 
49 47 35 5 35 36 10 22 34 40 49 34 19 46 48 12 12 22 39 35 25 0 49 22 34 43 16 2 47 
8 29 19 7 11 6 42 50 44 7 47 5 30 45 26 1 27 27 20 13 11 34 0 36 26 7 30 21 50 
26 2 12 20 34 13 14 5 21 43 24 14 5 49 18 5 26 35 5 31 24 22 8 0 16 46 40 36 24 
44 44 1 32 36 42 24 43 45 28 21 18 31 21 30 35 4 7 9 13 16 31 50 22 0 25 40 27 5 
45 46 24 45 28 41 12 27 43 42 29 13 26 26 11 48 15 38 1 3 42 24 13 40 31 0 24 8 13 
44 29 7 46 16 20 48 50 4 26 40 40 10 4 42 12 28 46 38 41 21 2 8 38 40 24 0 13 22 
34 35 14 4 33 49 33 15 36 34 48 6 28 12 45 39 48 11 44 39 32 1 12 36 37 18 43 0 43 
21 20 6 42 7 27 16 20 12 37 8 11 21 28 27 45 48 32 13 10 8 20 40 30 31 25 40 33 0 
23 0 29 18 16 7 41 44 16 28 6 50 2 46 25 27 12 3 33 18 4 25 18 38 5 6 33 35 2 
30 27 0 12 32 38 34 48 34 19 43 5 30 35 11 17 42 33 12 15 33 43 29 27 48 7 36 8 5 
41 14 10 0 24 6 42 36 1 45 18 14 12 28 44 44 11 29 39 20 14 1 46 23 45 19 2 10 2 
1 14 26 2 0 26 43 43 6 33 31 24 43 26 17 48 16 48 3 6 49 36 16 20 19 17 44 4 45 
42 16 6 5 33 0 34 1 31 42 13 37 36 2 38 29 49 15 28 39 35 49 7 47 17 47 11 17 35 
45 7 36 33 39 48 0 15 17 26 20 10 42 16 17 24 35 17 20 48 48 38 22 5 39 5 19 47 35 
19 39 8 23 18 16 37 0 35 28 5 47 4 24 12 23 45 18 48 19 32 33 13 50 27 14 20 48 24 
3 47 28 20 2 30 48 37 0 13 38 24 1 31 39 7 13 24 45 24 27 49 10 21 8 50 15 2 7 
39 31 10 49 19 14 33 32 28 0 27 3 45 14 37 33 31 24 19 2 45 6 38 4 19 46 22 26 44 
26 20 20 37 29 42 48 33 29 26 0 32 18 7 26 36 47 42 30 13 12 28 41 34 32 14 8 1 2 
27 41 3 48 38 39 6 8 7 16 17 0 22 40 50 3 48 37 35 38 30 3 7 27 17 9 14 16 36 
37 39 24 21 41 47 6 38 24 35 30 18 0 21 28 41 27 14 41 23 28 38 36 45 29 20 21 49 21 
14 37 39 25 24 20 22 19 43 46 32 44 45 0 16 25 3 6 21 10 25 17 1 3 18 42 39 49 1 
45 45 2 20 48 36 25 37 46 5 45 1 7 23 0 34 19 10 30 33 23 11 43 24 49 12 24 5 13 
34 22 34 35 22 21 24 49 44 12 46 10 41 39 7 0 1 27 10 19 44 18 35 9 12 6 26 40 2 
22 4 9 24 32 12 3 25 22 10 29 36 49 36 25 48 0 34 24 32 23 36 23 23 2 6 11 45 50 
13 22 30 46 32 23 27 41 3 23 29 29 37 33 30 18 32 0 33 46 33 10 11 29 32 45 18 17 50 
31 7 18 21 17 3 12 50 30 33 5 27 9 35 45 12 46 3 0 37 3 43 6 21 24 15 13 40 2 
44 48 2 15 6 28 10 47 5 8 13 34 21 31 38 49 29 20 25 0 26 16 18 37 42 32 14 7 26 
37 45 7 5 14 11 7 32 31 41 21 31 26 49 8 38 41 4 33 13 0 18 22 46 46 39 15 37 26 
12 10 34 42 21 34 10 10 2 8 21 11 24 7 18 39 49 44 1 18 10 0 50 2 28 32 45 9 15 
50 12 17 49 25 31 21 21 7 29 11 42 39 48 37 34 34 23 39 12 4 8 0 47 45 15 19 17 13 
9 6 11 26 26 46 11 40 42 22 37 43 36 48 32 21 34 9 29 12 13 19 45 0 9 7 47 11 43 
15 22 34 6 15 9 13 2 18 35 16 44 38 47 42 12 37 46 26 7 26 27 12 6 0 41 5 50 41 
11 3 20 29 35 18 26 20 38 31 29 28 35 30 3 49 43 35 25 17 27 34 23 11 21 0 5 17 39 
10 29 15 11 9 22 42 16 15 38 10 20 22 23 24 6 18 49 23 47 24 14 13 7 30 34 0 15 27 
30 10 8 31 2 37 11 10 17 19 19 13 39 37 35 6 26 5 45 5 10 17 44 23 32 20 15 0 47 
16 8 31 26 8 15 37 5 30 29 18 36 12 15 40 49 30 10 9 38 29 8 32 26 39 10 18 13 0 
17 0 36 49 32 22 14 44 9 39 44 6 24 1 31 27 47 38 10 43 46 28 45 43 23 12 28 18 9 
27 6 0 37 48 48 24 38 44 31 36 14 49 21 31 11 37 5 35 37 49 31 36 38 30 18 22 35 23 
43 26 21 0 44 46 36 33 34 7 8 27 28 43 33 16 2 46 44 26 48 34 7 19 28 42 20 28 41 
18 8 31 27 0 39 16 1 5 16 20 3 35 48 28 30 48 9 10 7 48 20 37 34 24 46 38 39 37 
8 44 3 27 8 0 42 17 50 28 1 39 27 32 11 36 27 42 41 50 7 27 22 20 33 14 31 22 31 
24 7 31 2 27 15 0 48 23 18 26 28 7 12 31 20 8 21 30 16 9 2 8 33 5 38 32 10 36 
25 21 14 28 21 36 26 0 21 20 38 50 18 14 13 10 16 14 44 46 47 2 12 12 34 15 13 29 17 
25 26 15 46 6 12 49 47 0 13 50 36 26 5 50 39 34 31 49 46 39 49 17 42 44 37 13 35 13 
9 31 14 9 8 10 47 45 24 0 5 12 2 14 13 4 14 9 20 43 3 24 29 4 16 18 40 19 8 
35 21 9 43 28 36 39 33 37 28 0 19 45 3 44 11 26 38 44 25 37 13 28 36 17 21 32 40 30 
27 48 42 18 42 39 11 3 46 20 25 0 29 24 22 28 31 2 49 1 30 19 28 29 24 15 32 46 7 
36 43 23 46 46 10 6 40 37 1 3 14 0 34 8 30 18 20 47 13 42 1 5 15 23 32 11 11 50 
20 18 3 10 44 4 18 4 47 29 33 15 16 0 39 45 1 46 37 47 12 48 11 5 18 20 4 7 31 
28 1 15 36 49 7 20 19 49 44 20 30 40 26 0 22 41 15 49 26 13 10 15 28 45 14 50 2 9 
13 35 41 40 48 37 27 47 15 47 16 10 19 26 3 0 2 18 18 22 23 40 15 4 22 29 45 21 14 
24 20 22 50 5 11 7 14 4 30 32 4 50 26 26 19 0 33 16 44 35 12 26 28 47 28 30 20 49 
32 20 12 3 17 14 23 46 25 17 6 8 20 40 49 38 36 0 19 23 14 39 36 39 13 1 37 2 49 
42 26 22 26 41 8 33 35 19 30 38 37 3 31 44 16 11 36 0 15 23 27 41 12 10 7 7 11 47 
31 49 3 30 12 25 4 50 46 31 17 12 7 15 19 7 32 37 12 0 8 42 23 3 15 22 30 22 2 
14 12 19 35 48 36 4 20 27 8 25 28 28 45 21 31 20 4 16 13 0 22 6 29 21 45 3 5 8 
47 38 9 33 4 2 36 34 12 33 15 22 11 50 30 24 13 34 31 48 3 0 22 46 19 14 9 31 9 
34 49 40 45 32 47 23 40 50 43 25 26 9 38 19 37 40 45 2 22 27 5 0 8 12 23 7 6 25 
42 41 19 45 22 28 50 14 43 20 40 14 28 40 25 20 10 5 40 15 3 9 30 0 20 7 9 33 29 
41 29 23 25 42 48 48 9 24 30 5 31 38 6 45 20 5 38 45 37 30 39 3 18 0 18 41 22 33 
11 50 38 13 46 21 23 14 48 16 23 30 42 16 46 30 1 9 27 48 15 10 15 20 15 0 46 50 3 
27 5 8 1 26 15 49 25 43 42 36 17 34 31 23 40 16 16 45 14 43 23 18 10 14 25 0 19 2 
35 19 49 1 22 21 38 43 9 23 4 27 18 22 38 9 24 11 15 34 38 25 4 50 1 36 11 0 4 
38 48 37 1 47 47 41 24 44 36 46 14 43 31 32 43 12 18 46 22 36 9 37 4 11 35 15 10 0 
15 0 50 50 36 10 35 6 11 36 4 31 21 31 14 16 38 15 1 42 8 44 12 38 33 41 40 18 29 
12 33 0 41 13 33 32 9 44 37 10 4 9 25 22 7 8 38 25 41 23 44 49 39 10 44 8 16 4 
12 17 46 0 21 18 27 49 3 14 19 39 50 5 23 2 6 48 34 33 22 5 31 46 16 49 45 36 14 
45 31 19 26 0 16 6 32 20 15 34 41 49 24 4 45 20 37 41 18 22 47 34 13 11 25 45 50 32 
21 31 22 23 42 0 35 9 33 50 13 35 50 41 32 41 15 43 35 49 1 36 27 29 9 27 14 17 11 
18 9 1 22 6 1 0 50 35 12 19 7 39 45 12 20 25 7 19 32 15 44 49 18 41 46 50 47 45 
2 14 46 28 18 49 16 0 41 12 14 44 40 33 7 3 24 28 11 6 24 7 5 2 9 33 3 17 20 
42 10 26 7 5 5 34 49 0 23 29 22 47 47 30 13 43 26 42 32 38 46 45 14 36 45 24 38 47 
12 38 46 16 32 46 50 2 38 0 38 36 29 23 5 1 50 39 10 27 28 42 9 33 42 21 30 25 47 
47 41 13 31 18 37 37 36 34 6 0 15 1 31 12 6 39 6 4 15 41 44 14 47 35 47 11 6 3 
5 4 46 3 22 3 5 48 25 5 12 0 37 19 16 17 34 45 26 48 31 4 45 36 17 16 34 4 34 
44 28 35 7 31 34 31 30 11 13 30 28 0 7 8 14 2 43 28 23 28 48 14 41 21 14 25 50 10 
19 29 37 39 49 22 4 48 21 5 7 35 35 0 37 23 33 47 20 24 47 32 35 24 39 12 26 36 31 
38 14 43 6 35 21 12 32 26 41 30 35 5 17 0 31 39 22 38 43 11 41 8 25 45 2 3 29 35 
6 49 28 23 36 23 10 7 12 1 1 15 26 41 8 0 6 40 39 42 16 4 36 17 24 34 26 40 30 
40 49 5 32 43 28 27 27 14 7 50 32 7 25 27 21 0 38 29 35 1 50 19 5 13 11 13 31 20 
32 4 40 10 34 31 18 14 46 19 22 49 14 31 43 34 40 0 11 10 30 9 46 36 5 41 40 31 22 
45 43 21 30 47 8 45 10 17 40 48 27 7 14 26 20 7 37 0 37 19 27 21 23 1 4 2 11 37 
19 36 20 45 50 47 20 3 48 42 3 7 37 33 17 50 13 34 23 0 46 21 17 48 5 3 12 45 24 
21 21 27 45 47 9 42 32 21 4 27 11 45 23 22 16 34 31 33 45 0 5 23 38 20 30 16 16 2 
38 15 43 39 2 46 33 27 15 9 11 28 41 35 30 10 8 12 2 48 45 0 33 22 22 29 1 19 48 
34 7 15 31 43 40 45 7 12 38 9 49 40 46 1 26 20 5 4 20 44 28 0 13 18 15 18 8 6 
44 21 10 1 27 36 43 8 44 30 36 1 41 24 49 20 3 3 9 50 33 46 2 0 24 48 50 4 7 
45 48 17 25 33 40 13 41 28 8 22 5 3 43 33 40 20 4 29 21 30 43 16 12 0 10 9 24 48 
19 36 4 28 32 37 14 46 14 11 18 2 11 8 42 45 32 4 47 40 14 12 5 45 21 0 34 28 2 
32 5 15 25 17 16 22 43 5 45 23 16 29 37 27 9 36 28 11 22 2 21 31 7 12 34 0 35 7 
32 10 7 49 10 12 14 9 47 44 35 45 37 50 41 37 31 31 11 27 36 46 9 44 24 7 1 0 12 
25 9 13 34 31 16 11 45 38 25 7 17 23 18 13 42 43 16 35 2 30 44 26 31 23 8 22 36 0 
1 0 14 25 4 12 3 35 38 31 2 14 21 39 47 50 7 25 45 4 19 34 17 1 8 22 49 32 31 
34 33 0 11 24 45 26 44 25 50 4 6 21 33 26 12 41 2 15 14 34 45 20 7 29 4 3 3 35 
13 18 33 0 14 21 5 5 49 42 41 27 14 3 25 7 22 39 34 36 9 6 10 6 8 36 49 36 14 
26 33 20 42 0 24 10 13 33 21 42 50 28 21 14 50 12 38 50 32 21 13 36 40 21 17 45 29 3 
12 26 28 23 19 0 41 23 9 22 36 41 44 12 24 1 47 34 8 38 42 11 45 20 36 18 16 1 41 
43 50 25 29 31 11 0 22 46 14 28 9 30 42 42 40 3 10 39 9 40 35 43 37 9 7 38 43 17 
6 43 6 4 41 32 16 0 23 11 12 13 2 3 5 33 7 50 8 1 20 6 18 26 30 7 12 6 1 
13 16 22 44 19 5 41 22 0 23 6 40 10 26 18 42 49 26 8 37 31 10 30 10 50 37 23 12 38 
17 27 48 29 26 16 10 46 40 0 19 34 49 15 12 35 45 18 41 44 38 27 28 4 50 26 26 41 34 
6 23 8 46 44 3 5 47 8 12 0 34 10 8 46 10 8 24 38 17 49 46 16 32 47 30 24 12 40 
23 49 3 1 25 27 40 17 12 39 6 0 12 8 38 37 7 7 34 30 31 18 46 26 38 10 43 38 41 
41 12 17 20 41 15 24 10 9 34 36 32 0 7 43 46 36 33 5 42 8 30 26 40 46 44 32 23 27 
23 16 42 33 39 50 26 1 23 36 21 43 15 0 28 48 23 49 49 25 26 1 41 6 5 1 30 11 16 
22 21 26 10 43 47 37 44 43 3 43 7 18 46 0 13 47 34 49 44 2 28 17 47 46 8 48 27 33 
11 37 32 9 39 11 29 2 11 11 50 19 41 5 31 0 47 6 18 8 5 28 9 21 2 37 9 39 6 
25 31 3 46 20 4 34 6 21 34 19 7 17 12 37 24 0 50 25 12 23 36 1 40 40 40 23 6 2 
17 30 23 30 22 24 27 30 9 5 49 37 22 25 26 22 50 0 1 39 16 23 48 3 12 48 16 20 25 
41 13 7 48 49 32 40 41 12 39 36 44 35 7 15 45 27 25 0 2 12 25 19 41 39 35 40 30 19 
27 11 33 7 4 3 39 46 49 2 39 41 36 35 10 11 16 45 32 0 16 33 9 36 24 15 9 50 23 
22 19 14 9 3 21 15 2 6 29 40 32 19 20 47 25 37 11 26 41 0 9 30 23 40 9 14 36 19 
25 9 43 46 4 16 24 30 39 30 38 15 21 9 6 38 6 50 48 14 12 0 11 38 4 33 9 15 43 
47 25 1 39 36 46 27 48 37 45 29 3 46 17 37 7 24 12 21 1 25 35 0 34 10 17 23 7 15 
22 39 13 45 2 32 34 15 30 49 30 25 32 9 2 12 22 45 19 46 24 31 30 0 22 39 15 18 12 
41 41 23 14 40 13 26 48 32 34 1 14 33 23 28 25 33 46 19 17 34 23 39 23 0 4 11 41 42 
10 42 7 38 15 23 24 39 27 17 36 20 33 5 30 38 44 5 14 1 3 6 40 44 46 0 1 28 18 
3 50 10 29 23 34 39 41 28 14 50 10 50 40 49 16 10 50 34 30 44 1 29 49 48 40 0 39 5 
2 13 42 14 45 7 36 27 7 8 48 50 16 39 11 31 6 4 2 14 7 24 34 47 17 49 25 0 3 
22 11 31 33 45 35 39 15 22 36 16 43 4 22 10 3 3 35 14 5 41 48 44 45 38 26 48 29 0 
30 0 46 48 47 33 34 5 46 28 15 5 32 50 46 9 20 38 10 10 36 14 31 44 32 36 20 13 24 
18 36 0 45 20 37 11 36 27 39 20 11 21 17 14 26 38 31 33 5 45 40 24 7 29 17 12 15 49 
2 16 11 0 13 22 32 29 42 20 35 45 40 11 33 32 19 49 40 19 1 6 7 1 4 16 19 35 44 
29 17 3 26 0 46 38 25 23 9 48 49 36 35 34 19 46 38 15 34 7 42 39 30 28 43 14 43 46 
15 8 48 4 47 0 35 13 4 32 20 45 24 8 9 11 2 41 34 17 22 38 5 16 1 35 28 3 41 
38 26 33 32 45 30 0 9 1 1 46 39 50 22 16 15 18 21 11 50 34 29 29 38 10 48 22 8 10 
43 47 19 19 33 23 17 0 7 38 13 30 29 1 10 1 45 45 17 1 23 41 48 31 25 29 19 13 10 
39 24 34 23 22 49 9 4 0 27 21 18 49 50 8 31 8 32 22 33 19 28 43 15 32 21 35 20 45 
17 45 41 14 11 7 18 15 29 0 7 7 3 2 48 18 25 49 3 24 33 17 23 43 7 37 45 32 46 
9 3 2 37 30 14 37 32 30 4 0 38 43 41 17 30 25 15 31 17 31 25 40 34 19 12 37 28 45 
2 34 28 17 26 22 6 27 5 20 24 0 39 11 36 46 46 15 32 43 1 43 19 43 7 29 2 21 19 
20 34 26 44 36 43 31 46 27 22 17 19 0 12 3 21 45 8 28 21 40 45 38 5 30 44 28 2 34 
42 22 39 24 1 37 8 22 45 30 4 18 6 0 50 20 44 16 24 39 41 48 48 50 1 32 32 25 32 
29 47 50 8 41 47 4 6 33 43 19 25 46 50 0 1 28 25 3 34 45 19 11 15 20 39 12 37 45 
22 38 43 19 13 27 43 48 31 46 28 10 46 15 11 0 23 6 15 45 48 47 23 27 30 49 30 13 19 
33 30 19 29 10 10 34 45 1 50 13 19 8 3 47 30 0 25 24 49 5 50 42 15 25 17 39 48 50 
12 14 21 34 14 25 16 1 27 50 50 37 31 17 23 7 3 0 27 41 45 26 47 5 25 31 8 19 41 
16 45 12 21 12 34 34 37 29 30 6 34 37 47 4 26 24 13 0 24 34 20 8 23 41 49 4 25 15 
9 46 3 6 6 26 36 32 38 30 26 48 34 36 29 24 21 8 8 0 30 44 30 2 19 35 35 21 9 
22 21 23 9 10 19 29 33 27 50 28 12 11 22 38 45 38 26 1 35 0 30 50 20 41 46 45 21 30 
45 35 22 22 5 27 11 18 7 17 39 15 7 46 47 22 31 47 19 23 42 0 7 32 9 34 36 29 22 
1 33 14 15 48 50 39 43 28 6 7 35 11 21 39 21 38 37 29 35 4 49 0 11 50 27 49 38 38 
3 14 38 20 49 39 17 25 4 25 17 8 7 5 44 25 40 35 12 22 19 11 21 0 48 8 45 19 3 
22 14 39 50 13 1 40 15 19 38 36 23 5 15 18 14 20 21 28 49 5 37 10 42 0 37 16 20 42 
43 40 12 4 20 14 3 40 37 18 45 7 15 30 7 3 49 40 18 5 44 8 29 37 18 0 21 48 36 
5 47 14 47 31 48 23 29 27 33 3 41 12 28 27 3 26 21 35 26 30 8 44 47 49 16 0 48 35 
12 25 37 50 16 18 36 40 4 49 26 17 7 28 27 17 37 27 43 17 32 26 11 47 37 23 6 0 48 
4 17 48 16 1 39 17 2 47 4 25 44 43 37 49 28 46 18 19 3 32 27 11 23 23 32 4 37 0 
14 0 40 14 44 12 38 37 37 2 11 17 19 12 25 21 34 3 49 24 45 27 34 2 19 4 4 17 27 
7 26 0 43 19 35 31 38 7 41 32 33 5 50 13 27 35 1 1 41 7 7 28 20 24 8 10 10 31 
39 45 40 0 9 22 11 30 26 19 48 34 31 38 14 43 22 17 20 45 15 8 17 18 4 13 10 20 30 
6 19 11 26 0 22 8 18 46 42 24 34 40 33 1 17 3 18 10 20 44 35 49 8 39 15 45 24 23 
28 37 46 12 42 0 1 21 50 38 8 10 30 46 48 31 44 36 5 33 8 50 15 36 4 41 27 46 8 
12 23 12 27 35 46 0 19 5 29 22 49 33 31 18 16 10 50 40 48 38 19 15 3 10 13 16 23 13 
1 43 22 15 5 13 39 0 16 47 34 46 1 29 26 15 15 7 1 27 33 49 27 4 1 29 9 40 48 
20 2 15 19 24 6 4 36 0 50 34 28 18 29 1 13 17 44 48 9 43 50 39 4 12 39 40 14 25 
40 22 36 47 24 41 47 46 19 0 28 27 23 22 30 16 23 23 10 4 49 14 37 7 32 50 47 49 31 
48 3 30 34 43 30 46 28 48 32 0 45 38 5 18 48 16 21 36 22 20 24 31 40 30 36 16 11 4 
15 5 47 28 43 16 49 17 49 44 31 0 43 34 38 26 42 16 16 44 47 39 42 12 14 26 29 8 18 
14 50 48 27 20 43 14 44 35 17 46 40 0 20 32 18 27 6 29 36 36 6 48 15 20 23 14 15 24 
44 33 3 15 8 31 3 49 46 4 24 42 24 0 33 7 49 21 5 28 7 24 35 9 47 43 23 12 16 
36 28 5 6 28 41 1 3 15 31 32 39 30 19 0 31 2 6 45 12 24 42 16 50 18 36 9 50 9 
25 6 22 36 20 38 14 19 50 18 14 34 33 5 35 0 41 23 40 28 6 4 7 42 48 11 39 25 21 
29 37 20 20 41 42 29 10 10 47 19 42 5 13 3 38 0 32 28 42 37 32 9 46 47 31 44 6 18 
15 24 25 31 13 44 40 13 49 45 44 41 27 26 32 26 21 0 36 1 41 4 4 17 33 48 38 39 20 
42 24 39 47 36 11 45 36 22 39 30 12 23 41 40 38 35 1 0 11 7 28 20 26 46 44 15 14 11 
8 42 33 25 5 21 22 25 6 47 6 16 31 46 5 33 7 39 18 0 14 15 30 49 48 27 33 42 22 
49 44 4 21 47 35 28 30 6 5 8 3 19 16 32 38 46 46 26 32 0 16 44 40 5 48 50 47 28 
44 36 48 22 29 1 27 12 44 35 19 47 19 25 27 2 32 15 46 50 48 0 12 3 32 7 10 6 5 
5 49 24 48 38 1 37 21 8 36 25 19 39 21 44 11 27 30 14 42 18 38 0 24 33 5 48 30 32 
34 17 16 19 45 22 8 46 11 22 9 18 38 6 45 46 41 27 11 28 18 42 6 0 27 47 15 38 17 
26 42 43 41 21 5 38 41 21 7 25 18 13 49 1 5 22 46 4 12 44 28 43 28 0 38 3 15 42 
12 39 23 30 34 41 20 19 30 18 48 34 19 4 26 34 3 43 15 20 41 1 6 1 12 0 27 23 49 
50 15 4 18 41 46 30 33 35 45 35 23 30 33 26 5 49 21 44 41 2 9 26 45 38 45 0 2 12 
34 22 19 8 18 21 19 15 14 30 43 24 24 44 50 8 8 43 40 9 25 1 3 41 34 33 47 0 42 
40 10 31 46 44 19 50 13 27 28 6 9 14 12 41 19 29 20 18 9 10 18 37 46 5 43 37 33 0 
20 0 28 24 36 25 28 26 5 50 47 30 5 45 37 31 31 37 32 46 14 11 34 13 14 15 39 32 22 
23 36 0 41 2 33 17 43 50 4 21 35 36 36 36 20 32 41 14 15 23 37 7 9 24 48 24 22 37 
15 11 21 0 36 46 5 33 15 6 29 23 28 44 32 27 17 48 10 28 25 15 32 23 2 25 10 35 17 
27 18 4 9 0 46 7 36 44 50 49 41 31 4 5 27 13 42 38 30 6 30 42 26 38 46 48 22 34 
38 20 12 37 21 0 17 38 38 25 14 33 37 47 34 18 49 20 48 22 10 5 11 10 38 30 29 37 36 
42 17 14 48 36 2 0 6 30 38 4 11 37 18 39 39 28 5 43 9 46 25 27 18 49 26 12 29 28 
10 25 7 42 30 3 47 0 8 50 35 2 45 28 38 12 17 38 35 43 17 22 33 33 38 20 41 11 15 
49 16 22 24 24 29 21 14 0 47 19 8 16 43 31 28 21 42 14 19 38 16 2 12 42 20 12 6 28 
42 20 22 39 42 32 10 35 13 0 28 21 49 18 49 21 19 28 27 25 42 5 12 46 7 23 24 50 48 
4 31 4 13 24 43 22 27 47 19 0 24 11 22 43 9 14 43 20 21 18 32 43 15 43 37 14 24 31 
25 16 17 19 32 13 31 32 25 9 25 0 25 27 44 23 10 4 14 21 12 4 33 14 3 3 33 16 12 
17 11 26 11 20 42 3 31 2 5 29 10 0 13 27 40 35 45 46 41 38 20 5 40 24 44 13 27 42 
3 14 17 50 47 20 16 14 34 15 6 36 42 0 43 8 49 35 12 50 27 44 29 9 7 43 28 43 12 
22 3 17 7 15 12 28 39 39 30 13 43 12 26 0 2 30 41 6 47 27 48 41 39 33 14 1 48 25 
6 10 8 19 28 4 42 32 49 49 21 31 16 20 11 0 6 49 7 16 18 28 29 17 37 32 16 15 31 
14 34 44 15 14 4 33 29 23 44 16 8 34 20 32 43 0 35 17 12 28 31 34 34 7 35 30 47 28 
44 21 38 12 40 12 18 15 5 7 17 12 37 32 33 5 41 0 9 34 8 47 25 3 15 4 38 1 30 
1 38 30 34 8 6 36 2 7 4 18 23 3 18 38 29 50 1 0 42 49 1 30 16 27 46 39 31 20 
19 23 9 3 11 38 15 18 27 33 5 31 47 31 49 38 41 12 6 0 30 37 24 15 3 46 3 30 22 
22 4 39 19 26 17 34 34 46 16 13 15 3 20 2 18 46 11 2 20 0 31 29 36 35 33 1 33 45 
8 6 7 9 9 44 47 24 45 36 6 31 48 15 42 26 49 41 27 18 23 0 48 8 36 2 10 41 43 
18 4 36 25 34 40 27 40 9 5 7 10 24 29 23 11 6 22 23 17 37 11 0 36 42 25 15 23 10 
49 21 8 49 3 4 7 42 1 31 47 8 39 3 17 45 35 17 45 44 26 47 31 0 30 37 25 6 8 
18 44 50 20 18 17 41 39 48 8 7 20 23 32 10 25 25 16 28 35 44 42 8 8 0 21 29 35 2 
41 28 12 29 48 49 24 7 31 28 40 23 12 29 48 28 10 25 22 44 38 7 6 22 47 0 22 14 27 
37 43 49 40 32 40 48 21 46 29 22 24 8 4 44 48 26 6 23 16 44 30 49 46 7 41 0 15 35 
22 41 32 27 36 47 20 39 29 1 41 23 31 28 32 32 4 49 37 34 13 8 46 42 49 48 34 0 7 
44 3 33 41 25 14 49 6 47 46 39 11 34 5 19 26 15 1 36 17 48 17 43 9 5 32 22 14 0 
45 0 41 28 38 14 14 45 26 18 50 48 17 30 27 35 9 11 26 50 9 40 21 27 49 13 17 9 28 
11 25 0 37 44 43 35 11 7 18 1 48 21 10 44 8 16 4 19 38 22 33 34 48 30 32 14 25 24 
15 30 25 0 48 5 18 16 44 14 4 24 45 16 29 42 10 29 30 49 47 14 12 45 44 30 38 45 27 
27 8 13 30 0 10 37 42 38 27 50 16 42 29 14 3 50 46 43 6 5 43 39 1 2 15 29 11 4 
35 32 18 17 24 0 39 17 6 42 45 36 30 37 4 34 29 14 7 19 50 10 46 49 38 33 41 35 39 
7 11 15 31 27 39 0 3 46 33 49 19 40 48 47 8 1 7 27 18 40 6 23 38 9 11 11 44 40 
33 30 35 33 4 29 50 0 31 31 5 3 48 1 38 46 15 38 29 3 14 38 48 31 6 24 46 34 35 
24 6 21 16 45 14 13 3 0 15 37 37 20 47 28 21 3 24 20 39 18 27 24 22 33 9 31 2 35 
50 29 10 9 46 16 8 25 35 0 37 4 37 26 44 1 2 43 33 17 10 28 29 33 4 7 16 8 50 
35 38 8 14 13 28 4 36 27 28 0 24 32 21 47 18 38 17 2 42 34 23 20 41 26 15 42 8 22 
47 6 3 30 8 8 40 47 30 40 25 0 48 41 16 25 15 10 35 40 31 11 46 38 5 24 25 28 16 
48 32 49 21 20 32 39 21 26 45 24 13 0 7 21 8 27 28 45 44 8 46 26 17 30 2 28 11 2 
19 48 6 34 31 25 50 49 41 4 29 9 27 0 4 40 15 12 27 24 40 38 11 28 30 31 21 21 22 
15 19 19 43 22 37 3 29 39 40 33 33 21 10 0 37 24 17 35 31 42 37 3 19 25 4 21 14 9 
21 26 4 10 5 29 34 22 35 36 38 40 2 12 26 0 22 45 42 19 29 24 4 14 46 40 29 35 13 
1 45 40 1 23 45 9 14 37 23 28 43 26 16 39 31 0 48 41 41 26 27 48 31 12 2 36 35 17 
12 8 21 26 44 22 22 41 47 37 17 8 4 13 35 22 14 0 27 4 9 15 34 49 49 39 9 36 3 
14 28 49 38 10 42 2 30 3 3 49 4 44 48 35 12 25 34 0 23 14 13 10 49 26 33 26 2 29 
10 23 38 36 36 19 28 19 38 30 48 12 12 6 20 12 28 50 16 0 17 49 37 25 6 36 22 41 4 
30 24 6 34 41 23 21 30 15 14 18 26 21 16 24 46 36 12 3 8 0 41 37 48 33 11 35 31 23 
49 33 50 14 29 25 40 14 24 14 22 40 36 40 47 15 33 40 47 33 14 0 29 20 25 20 34 13 43 
27 24 24 6 43 48 32 33 15 4 48 47 27 10 22 23 41 14 23 2 41 34 0 1 21 38 48 10 20 
13 25 45 46 12 47 38 1 41 16 48 38 8 14 50 29 43 1 7 4 8 48 35 0 7 12 12 3 43 
24 3 18 45 39 13 21 40 10 3 36 31 22 22 33 26 17 35 45 27 34 22 28 38 0 42 7 13 16 
41 39 34 50 44 46 28 38 48 3 49 46 44 11 20 41 16 27 32 36 16 10 41 27 18 0 27 9 2 
25 31 4 33 1 5 49 22 19 36 37 27 44 45 28 14 36 50 33 24 3 38 23 15 25 27 0 1 32 
49 8 33 18 37 27 14 18 50 17 45 40 13 49 23 31 41 6 42 21 32 27 41 19 45 36 49 0 38 
9 39 8 24 5 17 23 11 3 19 40 18 32 11 15 19 5 44 12 5 15 43 25 20 35 30 1 22 0 
17 0 15 24 1 28 26 9 11 10 21 35 46 26 12 28 22 16 25 40 21 13 22 14 2 25 44 23 17 
14 39 0 40 26 17 2 45 39 46 39 41 6 2 4 10 34 9 16 30 3 15 4 5 11 40 30 10 45 
1 23 27 0 34 3 43 48 22 32 10 30 24 18 40 26 27 34 35 20 9 13 31 43 9 15 21 2 11 
34 30 36 37 0 43 50 38 24 13 7 3 10 7 39 3 49 37 6 36 26 28 28 27 6 11 2 33 21 
30 18 20 33 42 0 38 38 2 25 43 32 19 2 3 14 28 33 11 2 24 29 45 23 9 36 26 33 7 
3 31 27 41 17 18 0 44 46 37 20 18 20 2 1 24 45 25 17 25 25 14 50 23 1 50 10 43 35 
46 12 48 16 5 31 49 0 44 16 41 2 35 9 19 41 13 43 32 22 28 21 29 34 19 2 8 43 4 
8 27 42 8 25 10 1 26 0 23 3 16 21 2 30 29 34 16 40 16 45 10 11 8 19 38 15 15 17 
28 30 14 47 38 46 37 40 50 0 45 10 50 19 15 41 41 17 1 27 41 50 50 3 13 42 49 45 48 
19 23 20 11 46 34 49 43 39 19 0 34 7 44 39 35 22 30 17 27 45 20 18 2 37 39 24 17 28 
27 2 6 40 1 39 21 27 25 49 5 0 36 17 48 3 49 18 20 47 12 16 32 33 26 23 50 28 2 
21 33 23 22 17 21 17 37 13 44 6 5 0 19 8 47 32 12 41 29 23 15 4 20 19 27 6 13 45 
20 30 18 1 12 19 6 42 27 34 19 46 31 0 16 36 24 15 43 43 8 35 2 14 32 22 6 37 18 
14 5 45 11 9 23 18 34 27 5 44 50 2 6 0 5 29 22 34 42 50 19 46 5 35 13 5 10 19 
17 37 30 6 32 39 29 22 39 9 37 9 49 3 48 0 10 49 43 7 30 47 36 10 39 15 38 49 19 
1 11 48 4 13 50 17 41 26 39 19 13 28 33 41 14 0 47 34 1 17 48 45 36 20 49 30 22 32 
27 42 41 44 41 10 22 29 11 33 46 50 36 8 35 11 25 0 44 3 14 46 46 42 32 38 32 21 6 
25 29 6 34 28 36 14 34 48 25 23 18 12 12 4 14 38 1 0 32 41 11 26 46 6 27 8 36 32 
50 10 7 9 39 16 4 32 28 12 23 50 45 1 13 1 22 36 3 0 34 42 29 44 37 1 31 46 49 
33 1 7 20 50 33 35 38 19 14 29 46 9 22 36 26 29 32 47 10 0 13 46 34 42 6 3 40 21 
16 21 9 9 21 5 50 28 6 3 50 13 17 25 32 8 8 7 26 20 43 0 18 8 19 35 36 36 38 
17 16 14 48 43 14 23 49 6 21 26 4 23 9 21 27 33 35 44 39 14 27 0 35 50 28 21 28 49 
13 40 24 35 20 12 11 40 39 3 20 4 3 34 3 37 32 22 47 35 48 31 37 0 1 43 48 25 40 
32 15 20 23 36 24 36 16 47 41 35 12 48 31 38 30 15 40 36 30 25 48 18 6 0 24 44 1 32 
4 24 43 22 37 21 9 24 33 48 19 29 49 37 41 41 38 36 37 17 43 7 37 3 13 0 45 16 35 
47 14 50 42 24 4 13 24 49 13 25 27 23 15 47 17 22 7 32 39 7 28 18 38 7 35 0 39 47 
37 40 10 42 6 25 27 20 49 27 6 45 24 18 43 25 12 10 45 29 10 20 31 6 14 28 28 0 20 
46 12 35 39 15 16 37 9 4 33 22 49 38 28 19 46 2 37 15 40 35 43 27 48 41 11 38 18 0 
