38
27
37 0 30 22 48 8 35 14 34 14 27 18 44 9 16 27 44 6 8 30 49 34 21 8 4 34 8 49 
5 17 0 39 14 34 29 4 19 45 41 25 41 1 48 30 25 17 8 44 45 26 27 37 13 9 28 12 
12 17 23 0 18 14 1 37 10 18 26 14 34 16 5 48 33 3 31 18 30 2 5 46 42 47 41 14 
23 29 31 26 0 6 7 17 42 2 22 23 12 40 14 39 12 50 3 24 28 40 28 45 34 32 41 48 
11 8 22 32 21 0 23 37 14 31 38 50 9 28 49 13 46 11 31 20 28 17 14 43 46 39 24 13 
24 46 35 47 45 15 0 10 7 35 31 41 2 39 4 50 8 25 1 45 47 30 28 32 34 4 13 14 
32 48 16 26 44 48 10 0 13 19 46 41 5 44 19 43 29 16 21 29 31 25 17 6 19 46 44 27 
34 47 14 1 44 33 2 28 0 10 19 5 48 5 29 41 32 12 34 46 2 28 37 49 17 14 26 32 
39 16 42 48 30 50 22 27 16 0 5 45 47 23 42 41 34 10 11 23 25 2 34 35 44 35 1 43 
49 47 49 48 38 19 2 13 13 18 0 22 25 48 33 3 25 27 17 37 24 10 38 4 40 6 41 1 
30 6 31 48 13 30 8 23 30 18 8 0 8 29 22 29 28 16 38 36 26 42 49 10 8 28 48 27 
33 12 44 10 43 48 18 22 8 33 20 10 0 46 41 11 24 7 20 10 9 3 31 10 39 2 20 16 
10 31 46 23 21 15 3 25 12 37 9 15 11 0 11 50 22 46 46 29 41 35 31 26 3 38 18 40 
25 2 2 5 8 23 32 8 41 13 10 50 45 43 0 17 50 38 48 5 49 48 3 10 15 43 23 29 
32 30 6 43 36 3 25 29 23 10 32 1 43 29 4 0 10 10 37 47 35 49 18 31 39 5 34 20 
43 22 42 38 13 36 45 1 29 36 20 25 48 20 14 44 0 40 6 47 13 21 45 44 1 29 47 39 
31 14 49 17 38 3 34 33 7 32 23 19 16 49 29 25 24 0 40 12 49 15 35 25 42 33 9 21 
49 48 29 42 9 17 48 14 38 30 19 32 23 15 37 8 13 18 0 38 32 15 42 20 20 11 17 48 
24 46 39 8 35 30 32 35 35 29 40 14 3 19 35 41 46 6 9 0 40 35 28 28 13 24 46 27 
6 7 29 9 31 43 19 24 19 49 22 35 2 41 30 2 30 23 4 35 0 13 31 2 25 15 2 27 
13 46 19 27 34 39 4 26 28 7 20 10 21 35 45 17 42 24 22 8 50 0 6 26 49 40 20 12 
14 26 6 5 45 29 17 6 28 50 23 38 46 49 15 3 46 10 14 33 50 18 0 14 10 1 43 45 
28 8 20 21 37 15 28 40 1 22 3 25 31 5 29 18 17 19 36 26 9 35 3 0 31 39 27 37 
12 46 12 47 4 3 34 39 48 8 30 37 24 19 9 15 31 43 36 34 29 22 1 48 0 41 15 17 
37 43 6 40 32 10 28 16 44 39 26 50 23 47 16 32 10 38 33 12 8 50 20 23 38 0 4 44 
9 41 45 15 6 39 36 48 46 43 19 48 27 47 3 16 27 6 44 13 37 13 40 42 10 9 0 4 
10 37 24 33 2 29 17 19 26 49 24 20 11 37 49 20 40 41 40 6 16 6 35 44 18 45 41 0 
7 0 47 1 4 5 48 36 27 12 23 10 17 19 11 29 27 17 3 36 34 27 39 43 1 1 20 3 
38 4 0 2 30 16 8 39 10 23 25 46 19 23 25 11 37 48 30 24 22 46 37 29 19 41 32 11 
15 19 4 0 1 3 36 45 48 23 11 44 44 10 31 1 6 3 21 35 14 9 16 2 46 21 28 49 
8 2 26 34 0 39 35 47 25 42 19 25 44 34 28 27 38 27 5 37 15 41 46 31 26 48 7 18 
3 49 18 9 30 0 26 37 38 47 48 27 5 10 14 6 9 38 29 28 1 37 33 29 25 42 35 13 
8 12 21 50 36 33 0 17 45 27 24 11 45 19 48 40 31 41 50 50 27 2 36 37 44 48 21 7 
32 21 20 43 18 46 13 0 29 27 27 48 42 23 43 19 30 36 27 34 9 4 48 2 39 25 42 8 
12 23 26 27 2 16 27 36 0 25 7 31 44 49 7 20 13 4 43 9 28 35 33 6 2 17 14 12 
3 34 19 32 18 26 38 1 6 0 1 1 46 26 47 7 45 23 5 34 36 3 35 35 49 46 17 14 
24 30 18 25 10 39 5 24 2 7 0 26 13 18 12 6 14 13 4 48 34 32 28 38 34 47 34 29 
9 19 50 20 37 2 12 15 22 39 27 0 41 8 21 23 5 39 48 42 16 25 48 21 23 45 49 34 
33 46 42 34 28 27 10 47 5 3 37 40 0 12 7 47 35 26 36 14 40 13 9 23 50 37 6 18 
5 12 48 27 25 38 19 30 19 30 5 50 14 0 49 25 18 3 2 8 30 10 28 13 46 37 32 9 
21 24 24 42 48 22 10 6 35 8 27 12 2 44 0 27 28 5 22 37 50 42 39 42 21 48 29 26 
8 27 49 3 41 44 30 48 7 46 39 7 28 5 44 0 41 11 27 41 7 37 34 1 9 25 50 32 
18 33 33 3 45 20 47 2 29 36 5 36 19 23 46 21 0 32 17 15 10 46 49 48 31 45 8 23 
39 25 27 41 29 41 12 12 16 24 44 44 37 32 3 15 5 0 7 41 22 34 42 14 19 43 10 41 
37 19 35 2 9 37 48 8 28 3 46 26 45 8 11 30 47 39 0 23 29 29 43 34 44 25 4 36 
39 48 12 8 48 20 1 25 43 32 22 35 8 40 25 25 13 9 31 0 46 15 24 13 17 31 20 32 
12 44 36 41 28 5 1 10 11 17 45 48 7 44 33 18 49 25 4 15 0 40 5 18 21 36 44 9 
21 16 35 45 27 29 38 40 31 8 41 45 31 7 30 14 9 19 11 24 3 0 33 6 15 43 28 5 
43 8 26 15 5 35 47 30 45 26 23 18 20 19 5 2 10 8 31 23 9 10 0 41 10 3 26 21 
7 39 10 21 2 50 24 46 32 5 44 36 10 35 27 36 39 37 1 41 5 48 31 0 46 7 13 5 
47 33 18 17 12 30 15 40 42 35 6 21 19 47 24 24 47 17 22 21 39 32 24 3 0 24 3 35 
16 9 9 15 14 40 46 27 13 15 39 32 7 46 45 36 2 33 16 32 44 32 25 34 29 0 36 42 
17 15 10 15 44 9 45 49 32 33 21 43 32 24 21 11 9 9 35 16 25 44 47 23 20 8 0 21 
42 35 35 25 36 28 48 29 12 4 50 45 23 12 47 14 3 31 41 35 9 24 21 16 25 45 21 0 
17 0 23 19 37 46 36 39 4 15 47 8 36 15 34 45 9 8 10 14 13 5 29 31 44 43 29 24 
13 18 0 14 20 50 42 8 31 7 44 18 5 10 35 8 32 18 45 46 27 1 15 16 14 6 12 32 
16 39 43 0 26 44 17 13 27 37 2 27 9 45 7 3 39 15 40 6 5 28 47 47 14 49 48 3 
23 48 3 50 0 14 39 10 43 43 15 19 24 38 47 9 22 31 41 37 1 21 48 26 1 24 1 7 
5 19 43 29 27 0 47 15 40 29 34 2 14 20 36 15 11 25 47 17 18 8 19 26 16 24 12 47 
33 25 23 2 27 13 0 32 5 24 50 36 42 27 24 7 31 38 30 28 18 16 6 37 2 5 8 34 
50 36 44 27 6 15 50 0 32 16 6 33 26 1 38 31 42 11 40 5 40 44 1 39 38 37 47 45 
32 27 38 21 48 19 30 33 0 20 30 24 30 28 27 42 42 25 6 5 27 30 35 15 26 13 50 18 
40 49 48 6 41 10 21 19 6 0 28 36 35 7 21 6 12 12 38 10 28 13 3 9 14 33 33 20 
16 47 13 13 9 48 1 41 34 22 0 25 33 20 8 9 37 15 40 21 48 6 24 24 3 39 3 23 
6 37 40 34 23 9 41 5 23 43 15 0 27 38 7 31 22 40 38 6 40 21 5 17 44 25 13 35 
14 42 24 10 25 7 26 46 4 44 38 2 0 25 30 3 37 44 1 13 34 41 25 3 34 16 33 13 
2 1 21 47 10 11 24 27 14 49 34 41 21 0 12 11 28 28 2 36 31 11 18 19 23 44 12 30 
45 40 40 41 44 42 44 24 46 33 48 29 41 1 0 4 40 38 11 10 42 22 31 47 25 32 30 3 
3 34 32 49 3 48 32 30 38 24 9 40 50 28 38 0 16 46 31 24 46 31 8 29 32 13 35 20 
8 14 43 16 9 15 40 42 41 14 34 46 31 9 22 16 0 16 29 21 10 15 34 15 2 45 8 35 
22 45 6 1 36 18 28 24 16 45 9 1 26 11 36 48 2 0 12 35 43 37 9 42 13 3 42 26 
6 24 50 42 22 1 30 18 47 36 14 48 28 3 36 7 21 8 0 29 46 49 29 37 14 40 10 16 
48 14 4 43 48 45 43 23 50 17 4 38 50 46 44 40 13 39 14 0 7 40 2 3 21 6 24 47 
27 27 38 37 3 12 36 32 5 44 44 16 4 36 31 36 41 18 20 30 0 50 6 40 25 25 26 3 
26 47 11 33 37 25 48 16 47 13 30 2 26 15 14 40 46 19 23 11 22 0 10 17 13 4 36 45 
47 22 37 14 12 28 9 10 36 44 11 7 42 6 20 34 23 11 16 44 16 37 0 16 45 6 3 15 
32 17 31 49 30 1 30 2 44 11 50 19 25 18 5 29 46 35 13 32 5 2 27 0 44 3 38 43 
29 11 6 43 8 9 13 28 43 5 46 32 7 12 5 26 23 24 42 42 27 11 8 20 0 10 44 22 
11 30 41 38 46 42 9 1 42 39 19 42 10 12 40 13 24 1 4 7 20 50 26 4 20 0 12 46 
16 19 3 37 34 15 38 2 48 3 18 50 40 48 11 14 38 5 32 32 30 38 49 35 20 7 0 38 
2 11 5 38 18 35 47 43 33 40 3 35 28 22 11 42 11 7 1 14 9 9 37 38 49 38 30 0 
16 0 29 21 19 17 28 28 36 42 44 15 50 16 44 5 29 25 36 21 5 10 20 46 39 28 19 43 
29 44 0 25 17 40 30 6 31 15 13 21 36 8 1 36 19 49 46 8 36 20 4 31 13 2 29 34 
20 46 33 0 32 41 49 35 49 43 18 27 26 20 11 14 41 17 4 1 13 4 24 1 48 43 21 34 
24 25 14 12 0 15 12 47 36 35 32 31 31 38 24 2 44 2 22 20 39 26 7 14 15 9 2 16 
30 46 45 36 39 0 21 15 12 25 30 6 12 15 24 25 29 9 36 24 14 40 3 31 50 27 24 32 
9 18 11 49 3 14 0 46 17 41 40 47 42 10 23 13 27 14 47 10 6 15 1 28 6 29 36 38 
27 28 16 46 10 16 39 0 7 45 14 31 3 49 19 7 35 39 12 44 14 41 27 26 17 3 17 18 
18 8 40 5 21 18 26 19 0 40 26 45 38 26 21 17 19 13 34 45 12 37 8 17 39 44 35 23 
48 50 2 49 44 43 49 22 49 0 5 9 11 36 23 50 18 10 45 24 19 43 25 9 13 34 8 6 
31 10 41 1 12 36 45 29 20 38 0 27 1 46 28 50 18 14 4 23 10 39 37 41 8 45 21 17 
30 23 41 39 15 36 37 18 13 8 4 0 48 25 41 44 31 31 33 44 29 41 44 7 46 9 11 49 
18 44 20 34 7 41 20 16 6 29 49 12 0 16 9 10 38 10 11 6 49 20 45 6 10 26 1 42 
26 37 17 46 31 5 38 20 25 44 25 48 7 0 5 26 38 3 33 21 29 20 32 6 47 36 3 12 
30 23 38 10 8 6 50 45 29 40 33 19 8 29 0 40 36 45 35 13 49 45 44 8 4 28 5 23 
22 45 31 20 11 28 43 8 48 37 34 18 42 8 11 0 47 49 21 14 13 50 31 46 12 12 23 5 
18 36 16 35 33 4 34 29 1 48 20 22 42 16 21 42 0 50 11 18 22 42 34 48 9 33 14 42 
23 41 49 19 9 39 24 25 23 33 2 2 14 8 30 11 50 0 30 50 23 47 30 39 47 2 44 1 
13 34 39 7 3 19 12 12 38 3 29 12 33 19 42 49 10 48 0 10 5 14 13 24 49 30 33 41 
45 44 3 2 18 15 39 11 41 34 26 50 33 3 47 43 9 21 19 0 18 5 6 31 30 50 43 40 
37 1 11 41 27 20 28 17 18 36 1 12 47 45 8 1 15 34 49 27 0 2 17 21 16 28 12 16 
37 40 13 24 2 26 25 2 11 31 44 49 30 5 36 30 7 8 9 22 23 0 48 6 17 46 1 16 
39 21 30 45 13 16 4 42 28 6 12 49 37 22 43 48 21 22 36 20 22 16 0 38 14 9 20 40 
43 40 35 47 28 2 10 37 32 31 36 31 34 26 14 9 24 46 9 22 1 31 50 0 35 45 11 32 
45 23 33 17 37 44 26 12 3 44 10 35 48 28 35 12 17 36 41 2 44 9 7 15 0 19 50 48 
40 13 40 50 2 18 20 15 15 49 14 49 38 8 15 11 16 15 11 11 45 16 19 34 50 0 4 9 
39 36 16 18 49 37 46 37 49 14 44 8 17 29 13 21 13 3 37 4 45 30 49 42 1 8 0 40 
4 25 45 7 1 49 10 32 30 49 32 16 12 43 21 16 48 23 7 45 33 32 46 6 31 13 1 0 
14 0 10 38 25 18 42 48 43 13 5 7 44 10 7 48 34 22 32 38 25 12 24 14 1 19 44 13 
7 22 0 29 39 26 38 49 47 22 43 25 14 25 14 1 9 12 41 30 48 39 36 49 24 25 43 39 
40 40 46 0 37 6 25 29 42 21 34 17 32 6 12 10 26 42 47 19 14 11 11 15 2 11 40 46 
24 22 24 6 0 14 34 50 9 7 26 6 19 39 46 23 30 26 46 10 24 37 29 10 8 27 7 30 
28 29 25 44 27 0 17 29 5 20 48 29 3 48 7 3 4 50 36 29 30 18 39 31 40 7 2 16 
10 45 12 16 29 8 0 5 22 31 33 33 30 2 11 41 4 33 48 43 12 18 34 26 11 22 49 27 
12 40 48 36 37 25 2 0 20 10 8 32 1 45 44 35 22 21 18 7 27 20 28 36 49 43 15 40 
49 26 20 2 45 30 31 43 0 33 33 47 46 5 1 42 31 46 2 48 48 18 33 13 5 44 16 23 
8 35 5 50 44 23 36 3 44 0 41 7 37 21 14 2 3 39 25 23 2 26 29 47 40 47 45 17 
22 17 14 15 9 30 7 24 9 29 0 34 4 23 19 49 48 40 40 16 27 34 17 30 24 31 21 14 
47 30 38 15 3 49 7 14 37 31 27 0 48 8 14 41 43 24 6 21 50 34 28 31 7 1 32 19 
33 6 37 41 34 38 17 10 44 22 14 31 0 6 17 6 12 18 14 42 8 13 43 25 7 18 10 21 
31 20 50 31 15 22 30 24 9 50 40 43 11 0 42 4 48 22 10 25 16 34 28 16 14 44 10 24 
7 40 32 31 23 25 17 37 41 45 41 50 9 26 0 43 47 12 28 21 32 17 9 46 3 47 43 45 
38 3 5 37 37 6 49 24 34 28 20 18 19 44 6 0 14 3 31 10 16 40 41 31 4 36 23 28 
7 48 44 29 35 30 30 30 34 37 9 5 45 11 3 10 0 20 43 11 3 38 12 45 44 23 37 28 
5 47 22 1 1 14 28 42 26 40 50 36 38 39 15 22 28 0 45 27 16 6 38 32 12 12 25 21 
41 46 4 1 6 48 3 26 33 13 36 8 41 18 20 27 20 20 0 7 24 14 24 41 18 49 47 22 
22 17 16 10 39 26 44 38 47 23 39 44 38 35 14 32 10 42 37 0 36 48 36 11 12 42 5 2 
8 17 5 37 2 10 27 31 9 18 3 47 33 47 31 24 5 31 27 19 0 39 1 42 31 26 13 11 
25 37 7 4 18 35 25 37 21 42 37 37 34 12 4 5 15 8 46 5 40 0 17 13 6 31 16 36 
13 8 25 25 12 40 50 3 45 3 14 35 13 8 11 11 32 19 45 43 8 35 0 46 28 24 30 9 
22 8 24 1 23 3 49 12 29 46 18 25 48 35 10 10 3 1 23 33 47 29 7 0 31 37 37 23 
29 29 12 47 1 32 32 29 45 22 2 41 32 15 47 33 15 15 44 47 9 49 26 44 0 28 1 47 
12 44 2 43 14 37 31 20 34 18 49 17 44 17 6 15 39 2 10 41 19 1 47 42 17 0 44 40 
14 31 3 19 20 50 35 20 36 44 29 38 5 2 45 13 15 17 49 1 31 3 34 38 42 19 0 11 
29 11 48 10 27 21 47 17 39 31 49 30 17 10 47 21 21 10 14 5 40 24 38 32 26 19 43 0 
9 0 12 47 16 27 1 40 7 9 39 34 3 17 8 36 6 32 17 37 32 42 35 33 14 28 29 14 
22 5 0 24 16 35 9 28 39 6 43 16 23 29 28 3 38 33 37 8 47 47 4 19 6 16 39 37 
2 25 30 0 34 38 49 38 19 3 36 23 50 44 39 20 31 14 17 44 9 5 39 48 50 27 21 32 
17 18 37 18 0 1 46 22 26 15 27 9 28 24 42 9 1 2 11 38 14 8 28 24 5 40 22 31 
33 14 27 30 7 0 18 17 21 2 16 19 23 4 23 13 6 5 5 39 21 17 46 38 46 40 40 7 
25 40 44 32 28 30 0 16 40 13 38 47 3 11 8 22 8 35 33 39 34 42 45 23 20 1 1 2 
14 38 26 32 41 18 12 0 43 31 8 35 41 44 38 33 1 19 8 3 29 13 46 38 3 13 2 6 
16 30 18 25 32 28 28 2 0 3 37 7 7 35 49 16 41 1 1 43 45 46 9 45 4 12 48 22 
39 19 50 24 19 39 12 47 13 0 14 34 4 14 16 37 31 15 12 2 19 30 48 5 38 3 21 7 
10 7 36 14 13 34 6 40 33 3 0 14 39 18 23 3 3 27 18 47 30 30 10 28 31 42 10 30 
42 42 14 13 21 48 33 2 40 28 1 0 21 20 8 27 4 29 1 24 35 46 28 45 29 21 6 42 
27 1 29 6 22 3 4 15 48 20 41 43 0 41 36 21 14 25 27 48 28 22 4 6 50 30 19 26 
35 15 47 36 43 16 7 6 2 11 23 29 18 0 16 44 29 35 38 9 34 49 25 14 20 2 24 29 
20 24 45 30 26 4 27 20 50 1 34 49 28 34 0 30 20 3 3 48 30 12 29 25 22 12 21 35 
28 10 1 27 35 20 38 38 33 7 32 47 26 41 47 0 44 28 2 40 32 50 20 6 11 18 4 44 
17 41 49 24 18 5 20 50 11 49 24 50 29 41 47 48 0 13 22 6 23 40 16 36 47 21 22 40 
35 8 4 40 10 31 26 21 47 34 34 14 42 7 41 36 45 0 5 2 12 42 4 22 43 40 12 31 
5 2 6 2 4 46 16 35 43 7 10 15 19 3 21 1 14 30 0 9 14 17 49 30 41 43 19 11 
49 31 37 11 1 48 50 22 19 41 33 31 18 27 22 49 30 36 40 0 34 9 22 4 9 14 32 48 
15 7 23 15 9 35 36 18 4 6 46 9 18 19 32 2 10 32 50 41 0 38 46 50 1 6 4 36 
3 28 28 28 48 20 50 36 16 47 27 24 46 33 10 18 43 34 27 23 15 0 27 20 45 27 15 41 
11 19 7 22 10 6 49 34 40 27 29 49 40 18 34 17 6 34 9 4 9 29 0 28 7 17 29 32 
22 26 8 34 1 33 29 39 18 9 25 17 18 47 49 20 42 15 36 38 5 32 11 0 14 12 19 12 
33 33 41 50 6 32 25 28 8 33 44 28 16 11 29 17 8 32 17 41 7 10 9 37 0 43 32 42 
27 41 15 44 22 32 22 47 7 27 10 19 36 44 20 42 37 48 38 21 27 26 16 4 33 0 45 29 
5 23 24 5 8 25 40 48 38 44 39 22 46 44 15 23 40 48 13 32 48 37 19 22 39 6 0 11 
15 2 25 11 11 28 4 17 24 34 23 3 45 46 46 32 49 49 27 42 27 13 4 26 7 21 14 0 
32 0 19 5 2 16 2 14 26 47 13 33 29 45 43 27 41 40 18 45 18 37 2 6 21 24 13 14 
34 2 0 49 50 5 41 15 23 49 20 32 7 1 32 20 50 20 16 21 33 50 1 23 14 8 12 3 
28 30 14 0 35 29 4 38 30 25 48 14 28 38 31 20 29 22 8 11 45 37 17 3 36 5 4 30 
15 34 30 35 0 42 44 38 37 44 36 35 4 4 14 2 46 2 7 39 33 3 30 23 2 6 48 18 
17 11 27 28 31 0 25 24 24 47 46 14 22 35 50 44 27 43 37 5 8 31 35 21 2 30 16 21 
28 36 12 28 29 45 0 27 22 26 17 9 5 29 31 40 6 1 39 35 5 33 9 3 30 16 2 41 
37 32 40 25 48 15 4 0 46 38 36 18 35 27 9 29 18 11 35 32 27 27 41 30 21 14 45 12 
39 19 33 32 13 28 5 40 0 40 36 42 11 41 26 35 3 20 33 4 8 47 5 42 43 46 34 25 
14 46 2 20 12 3 3 16 28 0 5 4 5 7 23 19 39 32 19 24 42 1 43 39 11 38 10 38 
16 34 28 41 36 30 3 42 45 39 0 17 31 8 38 10 8 48 17 28 48 36 28 17 10 24 22 42 
24 22 7 42 32 3 16 37 33 1 15 0 18 26 4 32 24 50 15 39 17 5 42 35 42 45 11 12 
2 38 18 18 17 15 38 29 20 38 48 36 0 29 43 1 28 8 33 49 3 44 5 4 17 45 36 6 
38 33 37 15 48 22 41 15 50 15 34 48 4 0 38 25 12 36 3 30 11 24 4 14 28 10 46 8 
18 48 34 2 23 31 9 1 47 34 24 50 15 38 0 28 2 13 25 36 45 15 20 44 18 14 16 26 
32 34 19 10 6 2 14 23 17 16 14 11 17 46 37 0 29 29 13 4 16 23 47 3 2 4 25 2 
43 49 5 16 38 7 6 27 17 28 25 18 49 1 16 12 0 37 50 14 19 49 28 42 15 6 11 50 
4 36 32 18 6 32 50 22 24 13 50 26 4 12 19 21 1 0 5 46 5 16 8 35 16 3 41 6 
3 15 8 40 11 28 8 2 41 36 11 19 36 49 30 42 49 38 0 24 10 7 30 8 41 11 10 6 
35 47 1 16 16 16 27 47 7 17 24 39 49 47 10 29 35 41 36 0 10 6 37 17 37 29 29 31 
49 23 7 17 29 2 23 23 6 40 20 45 3 10 3 23 25 25 49 26 0 13 48 2 23 50 26 1 
50 49 31 15 38 37 35 28 24 50 50 46 38 26 25 4 39 16 46 33 50 0 4 14 42 12 30 4 
19 2 22 35 17 4 2 23 24 26 26 32 9 19 33 29 24 25 30 12 50 39 0 44 14 8 5 43 
1 47 36 39 3 8 33 17 26 3 16 33 43 37 4 1 28 13 34 38 15 18 26 0 40 17 32 18 
5 31 8 8 28 13 11 1 27 39 38 24 25 26 2 7 26 9 43 38 26 47 38 16 0 1 24 17 
29 34 21 46 23 21 41 29 37 19 45 39 20 32 36 27 13 41 40 10 13 13 11 1 32 0 25 45 
43 8 43 42 8 5 47 33 18 6 43 16 3 35 47 15 39 31 21 23 7 41 20 26 26 12 0 14 
4 16 23 21 14 48 27 48 21 44 27 38 34 23 50 19 21 20 26 37 26 17 49 22 20 12 2 0 
39 0 2 39 18 17 47 41 44 18 45 36 30 18 27 37 26 22 13 44 37 50 7 23 49 6 1 25 
38 38 0 18 1 1 3 47 39 47 33 27 11 42 44 30 33 24 36 41 9 11 40 41 28 10 27 26 
3 32 30 0 40 12 17 22 4 6 50 44 35 27 22 39 40 43 45 3 2 44 20 25 49 14 16 43 
14 48 48 41 0 42 25 28 44 7 17 44 15 45 20 40 25 33 31 1 14 38 23 50 48 33 8 25 
33 33 8 32 26 0 47 24 9 6 9 10 3 11 50 28 32 24 50 31 9 33 4 46 42 19 13 3 
5 42 48 50 8 34 0 50 45 12 50 36 19 19 21 12 35 16 23 29 41 14 10 41 27 49 2 50 
43 29 37 16 14 14 45 0 19 17 8 9 2 19 11 5 17 33 39 31 13 38 21 20 31 20 40 22 
39 46 2 22 2 6 35 7 0 17 25 34 22 6 25 2 45 27 8 21 11 31 9 44 8 39 18 40 
12 22 10 7 47 24 42 6 24 0 16 37 8 47 34 5 39 42 49 17 26 39 37 27 43 23 49 30 
42 30 2 44 34 34 17 23 35 7 0 18 38 49 14 19 28 29 41 50 25 27 26 21 2 9 22 43 
2 25 46 17 34 48 44 50 27 22 23 0 3 24 30 11 20 33 25 12 19 12 20 10 48 3 24 24 
4 16 10 1 35 12 42 15 49 39 40 34 0 40 5 15 43 6 7 38 27 45 16 7 39 28 48 4 
31 32 16 49 15 11 25 41 34 17 22 38 41 0 32 16 13 31 43 42 22 14 48 28 4 41 15 47 
29 38 10 22 24 38 9 12 33 33 41 26 23 16 0 15 31 26 34 20 47 45 30 4 26 46 36 26 
40 34 5 12 8 1 15 46 3 24 46 49 50 33 21 0 33 30 41 18 19 7 50 17 2 21 22 18 
3 50 35 35 26 38 12 20 28 29 22 34 25 9 21 12 0 8 31 36 20 15 24 47 24 36 29 18 
20 41 17 3 42 37 33 12 46 19 40 20 12 39 13 44 4 0 9 7 43 11 37 38 10 22 35 2 
3 29 3 11 50 47 21 43 30 11 27 30 48 42 47 25 44 18 0 11 24 32 2 31 44 15 29 37 
8 34 3 8 31 7 35 31 33 44 8 41 23 42 46 34 33 28 30 0 10 1 14 12 44 42 11 12 
21 2 49 10 47 21 11 13 10 27 4 46 23 14 12 15 32 37 28 38 0 33 36 19 49 16 36 19 
36 45 22 9 16 20 46 14 30 35 34 12 20 13 29 37 7 30 32 7 47 0 40 50 31 8 15 24 
29 35 33 1 45 11 2 26 19 39 19 38 26 28 50 33 30 48 25 8 26 5 0 50 12 20 34 29 
23 47 45 41 1 2 47 18 30 47 35 40 1 19 37 10 49 39 42 6 29 47 7 0 20 33 34 8 
48 25 35 22 32 11 32 30 30 24 48 18 36 30 11 21 37 46 9 25 39 39 45 2 0 23 28 29 
1 26 40 26 8 18 44 49 44 45 25 4 30 19 40 8 36 1 22 7 27 19 27 21 25 0 25 9 
19 10 30 33 50 4 32 32 4 41 49 40 50 42 31 17 27 12 42 29 6 50 32 9 2 1 0 22 
2 32 50 19 2 34 9 26 40 14 12 26 50 48 37 36 18 38 12 22 15 47 2 1 10 33 46 0 
3 0 19 29 21 32 49 33 31 1 4 23 48 6 41 17 41 4 15 37 43 32 20 14 14 22 40 29 
7 6 0 30 50 9 19 38 6 7 12 44 30 27 17 18 36 33 46 41 6 32 48 6 49 36 23 40 
15 34 6 0 15 50 42 20 26 25 22 5 14 29 19 35 10 29 10 35 10 27 14 34 32 19 31 35 
48 10 1 31 0 14 36 30 24 23 2 48 44 39 7 41 44 15 28 33 13 38 47 38 27 39 2 14 
14 1 50 24 47 0 19 8 23 17 24 41 41 28 50 45 13 9 32 17 47 3 36 21 20 4 37 19 
48 2 22 24 42 13 0 23 16 24 23 28 2 26 31 35 24 20 24 38 6 13 43 35 30 45 23 5 
11 28 30 31 20 10 50 0 11 22 45 1 49 29 5 34 21 40 31 31 41 16 19 13 2 46 17 32 
6 5 18 43 30 19 8 13 0 38 45 42 8 42 26 21 14 30 20 25 9 1 30 23 45 49 15 32 
39 43 16 28 36 4 29 45 6 0 4 3 22 30 21 42 46 27 49 23 40 16 46 5 33 33 21 8 
31 27 33 23 45 15 37 19 21 23 0 17 6 5 13 32 16 10 28 49 45 39 9 34 46 46 26 26 
17 44 38 33 46 16 46 49 18 24 31 0 8 7 43 2 22 24 11 43 19 27 35 30 45 6 35 26 
20 22 44 37 28 19 40 21 26 34 40 21 0 40 9 15 14 42 29 20 42 3 38 38 11 35 3 8 
49 32 14 43 27 12 41 27 27 25 37 4 40 0 17 23 27 39 34 41 3 10 13 21 38 17 37 43 
24 32 34 33 3 25 11 41 39 12 41 13 10 50 0 33 38 40 6 26 30 25 30 12 50 27 45 50 
49 37 12 27 27 41 19 18 45 43 42 35 30 30 27 0 34 16 48 22 31 4 27 25 31 33 41 8 
18 44 21 35 7 8 25 13 4 28 36 14 23 41 33 38 0 45 48 22 46 1 49 47 47 2 6 14 
47 22 13 31 44 36 33 1 24 25 9 36 27 5 17 23 6 0 30 34 49 41 22 39 30 34 11 46 
8 20 48 25 34 1 44 28 41 42 48 42 29 40 40 9 14 37 0 13 46 42 34 27 41 17 18 7 
24 26 33 33 48 34 41 26 32 27 50 25 35 33 27 27 31 9 39 0 6 10 1 13 26 43 21 16 
4 24 44 7 8 16 45 21 3 8 10 50 9 38 15 9 32 14 12 29 0 13 15 8 46 32 28 12 
48 24 13 8 40 27 19 37 2 39 21 42 10 40 13 25 19 22 9 31 18 0 46 42 32 12 31 43 
3 40 17 48 25 31 4 48 47 40 1 20 24 41 2 13 21 12 23 3 39 1 0 41 40 24 24 48 
45 3 32 32 47 10 35 16 48 36 41 46 12 6 43 16 35 19 3 36 41 17 34 0 22 21 40 28 
4 3 49 28 24 2 34 10 46 16 9 4 10 39 25 4 27 30 16 11 48 46 35 7 0 21 22 38 
7 28 20 10 11 8 32 31 14 49 9 17 45 29 46 48 1 26 15 43 48 17 13 7 43 0 6 29 
31 8 18 43 7 3 14 27 32 27 6 49 46 29 8 12 6 18 14 21 33 2 49 35 31 6 0 29 
41 41 16 13 18 6 29 1 24 46 6 2 15 31 3 15 22 45 28 20 15 40 5 8 39 29 35 0 
47 0 29 10 34 12 1 24 24 36 17 14 39 43 17 28 35 17 50 16 49 41 30 38 27 40 4 37 
15 1 0 37 9 24 39 22 33 22 14 12 44 2 41 8 17 49 8 7 35 3 37 6 39 8 23 31 
44 17 42 0 33 45 9 14 9 23 50 8 41 50 22 35 6 21 5 6 15 9 34 14 39 20 33 20 
35 29 46 48 0 1 1 9 28 16 31 32 18 36 38 32 35 17 41 18 8 14 18 31 35 35 2 9 
22 11 3 3 14 0 12 40 30 31 27 3 8 40 41 44 19 26 40 37 21 28 27 49 48 49 2 26 
6 18 48 12 14 49 0 43 37 17 13 28 18 7 47 9 2 9 14 34 28 17 20 49 6 45 48 32 
31 46 13 6 5 12 36 0 34 13 33 15 40 9 48 5 28 6 48 23 31 25 20 25 40 34 16 24 
10 37 19 43 17 16 18 12 0 42 5 8 24 6 22 13 47 20 44 25 26 31 13 43 43 8 23 18 
8 12 21 23 22 40 39 26 47 0 44 40 48 24 42 36 13 23 49 25 17 9 12 24 6 47 9 41 
43 48 45 26 36 45 49 10 1 21 0 33 36 35 18 46 17 3 31 46 2 34 46 50 20 45 33 7 
9 47 39 16 27 13 49 46 29 2 19 0 4 4 26 32 36 42 40 13 41 49 14 45 21 25 1 8 
7 48 48 26 31 4 38 40 13 12 6 7 0 23 36 23 18 16 35 27 43 26 3 11 8 30 33 43 
9 45 3 18 41 26 6 43 48 31 27 38 1 0 16 37 19 24 37 34 40 6 26 47 30 37 49 9 
33 4 37 41 46 49 11 30 45 11 45 15 31 18 0 43 25 37 39 47 26 27 40 34 38 22 47 43 
38 33 49 23 31 43 18 23 39 11 41 31 39 40 36 0 42 8 30 22 4 23 13 1 10 41 41 23 
32 44 21 50 19 50 7 24 48 46 39 14 23 14 45 4 0 15 47 8 9 36 42 48 26 8 1 44 
21 25 32 39 32 41 20 36 30 19 12 22 32 32 17 38 46 0 20 16 49 40 28 9 37 14 34 32 
37 41 46 45 42 19 7 37 49 16 8 7 23 4 28 16 36 4 0 25 27 27 20 4 2 7 43 2 
4 44 17 46 26 49 9 33 46 34 24 20 4 26 46 18 23 39 13 0 44 46 13 12 24 34 39 7 
6 18 38 44 39 50 17 4 44 33 21 32 9 15 22 32 32 12 34 22 0 2 31 3 32 14 44 49 
7 41 32 43 12 37 42 3 16 9 41 36 20 38 22 3 35 2 7 5 30 0 24 31 30 12 50 18 
6 26 15 6 31 45 1 10 13 12 40 10 46 17 12 6 24 42 26 15 34 30 0 28 18 30 8 40 
20 33 10 2 32 12 19 36 28 1 3 11 41 19 28 10 42 45 43 12 38 19 19 0 8 39 36 36 
34 27 48 47 26 24 6 32 28 3 10 9 48 27 32 34 6 21 32 36 46 7 20 37 0 24 38 46 
2 2 15 3 14 46 27 36 10 31 4 27 38 35 38 50 7 32 37 46 35 7 35 13 37 0 8 1 
41 27 7 11 24 39 28 5 30 13 1 47 14 21 42 22 4 2 44 45 1 9 8 13 6 37 0 43 
12 45 18 2 16 6 45 37 9 3 20 31 39 11 31 8 37 7 35 24 25 44 35 32 12 43 13 0 
50 0 33 20 44 6 37 46 16 10 13 12 35 41 19 35 34 20 34 22 6 35 21 1 21 7 21 14 
19 19 0 11 36 40 23 44 46 5 39 9 15 44 43 45 21 46 26 23 44 5 40 10 16 48 41 38 
29 30 32 0 50 38 35 24 28 48 50 27 22 12 48 24 31 45 12 20 28 13 40 50 6 46 34 27 
10 29 9 46 0 39 50 36 15 17 23 40 21 30 21 16 47 22 19 4 11 47 32 10 16 4 28 13 
25 39 30 27 5 0 4 8 14 50 40 5 38 23 27 34 8 8 6 41 40 8 48 44 29 37 42 24 
31 29 19 44 42 12 0 37 11 26 37 47 36 17 23 7 16 8 18 31 32 35 14 24 2 10 14 38 
6 28 46 1 40 13 31 0 27 36 32 46 14 27 36 16 8 21 12 21 24 18 1 32 36 12 7 10 
39 18 5 17 34 28 25 32 0 33 31 36 7 23 37 46 22 35 13 5 5 47 20 6 3 41 40 40 
20 5 46 11 40 34 3 42 10 0 31 15 13 36 3 5 33 28 35 6 48 38 23 30 47 24 7 2 
14 20 12 2 27 45 39 5 27 37 0 20 47 24 20 45 36 41 21 1 20 3 42 37 29 19 36 43 
3 48 26 50 37 34 32 39 23 48 30 0 38 18 48 48 28 46 8 39 32 28 44 37 39 27 24 38 
50 22 33 34 34 42 2 36 8 1 38 33 0 13 42 31 22 39 12 33 33 22 5 14 41 22 30 4 
15 10 11 37 23 14 46 33 17 40 15 46 47 0 16 12 41 28 8 25 26 41 47 22 49 28 44 41 
16 45 9 42 13 4 39 38 27 47 14 16 20 18 0 10 14 33 25 17 37 17 11 15 37 34 47 4 
14 19 38 13 10 29 23 30 38 9 48 2 42 8 29 0 35 44 14 43 6 9 31 33 40 24 12 8 
25 6 30 22 9 16 1 26 20 40 35 5 38 47 38 22 0 6 35 23 25 29 38 27 22 24 42 42 
46 33 36 49 39 49 22 49 25 8 38 40 36 42 33 10 46 0 9 9 6 9 21 10 28 5 1 37 
29 38 30 9 48 18 25 6 44 34 41 46 6 16 49 14 14 18 0 46 37 34 47 29 32 14 15 37 
33 25 23 9 45 38 12 43 12 46 50 40 22 12 37 40 27 5 13 0 4 40 11 8 46 10 9 15 
4 33 9 49 45 34 31 42 31 21 26 47 9 44 24 38 19 14 28 24 0 26 47 8 2 27 1 12 
48 22 18 28 49 36 24 9 11 3 48 5 7 41 20 6 19 2 9 5 10 0 16 24 39 32 32 35 
39 7 25 8 22 45 22 34 21 14 44 27 11 35 36 13 35 22 9 22 33 6 0 42 39 1 19 47 
2 32 48 29 46 17 1 36 2 36 45 26 11 35 8 50 43 26 25 48 20 24 3 0 39 18 23 11 
2 33 16 37 7 4 48 21 3 23 35 48 11 11 50 34 28 40 46 49 38 26 7 49 0 13 26 22 
28 28 29 10 11 24 7 49 3 36 50 39 23 14 15 5 27 8 29 15 37 20 41 26 49 0 23 25 
24 27 26 18 24 31 33 21 43 24 14 25 25 5 12 48 48 29 2 24 36 23 22 31 41 35 0 12 
35 8 38 3 11 39 49 33 23 27 19 26 8 40 43 23 31 14 34 5 11 25 23 43 48 48 50 0 
40 0 1 5 46 27 40 20 49 13 5 22 4 37 26 22 40 21 30 3 44 34 43 1 41 17 8 31 
1 10 0 36 46 6 13 39 10 32 18 31 43 36 39 42 30 19 10 11 47 29 40 36 2 13 45 4 
16 47 1 0 15 29 20 10 19 39 28 9 16 41 48 17 40 22 40 38 17 6 42 14 32 31 7 11 
2 12 24 34 0 33 11 10 24 13 32 4 3 23 27 20 4 2 11 44 20 50 12 50 14 13 26 29 
48 25 34 19 34 0 22 10 8 8 16 45 26 6 31 25 4 9 19 38 15 41 37 39 12 22 38 38 
11 40 12 10 22 8 0 33 12 50 30 13 20 31 14 19 12 39 8 35 38 39 26 9 42 46 25 11 
38 12 36 23 48 47 35 0 49 19 46 6 24 19 24 20 26 25 47 50 8 2 23 25 1 5 38 50 
49 36 32 21 15 47 47 45 0 1 14 7 15 23 46 15 1 16 33 34 17 15 20 1 34 45 47 18 
10 16 37 36 19 11 48 37 14 0 37 26 41 28 23 30 19 12 18 32 27 12 37 23 10 18 21 21 
35 30 36 48 26 19 29 37 30 15 0 28 39 5 26 10 2 14 41 43 7 45 36 1 39 17 14 20 
6 23 43 28 19 48 40 13 7 28 40 0 1 23 49 36 50 5 35 30 27 1 3 36 9 20 26 15 
27 50 29 48 32 12 49 24 14 37 38 10 0 42 16 13 3 24 25 40 20 8 9 36 47 5 38 37 
19 3 38 34 9 44 33 13 13 29 31 8 39 0 24 26 22 13 18 25 38 12 38 1 12 35 30 6 
7 19 15 33 43 45 26 30 21 27 3 29 17 9 0 3 1 24 43 17 2 46 33 37 23 29 30 50 
25 31 3 26 50 29 38 26 45 49 47 38 14 14 45 0 5 45 10 39 9 30 10 38 27 20 19 28 
10 25 32 42 4 14 46 1 49 19 2 4 1 29 33 8 0 2 28 5 4 39 2 28 43 14 41 22 
20 16 44 26 7 31 1 28 2 14 8 43 25 18 13 46 37 0 44 6 39 30 48 2 36 50 15 15 
40 9 48 40 28 14 42 26 36 6 43 45 23 50 1 32 45 45 0 36 30 36 26 6 41 49 8 3 
43 23 14 8 27 43 17 12 20 4 25 30 30 34 43 27 41 44 49 0 34 40 29 17 8 42 15 35 
30 14 3 8 41 21 11 50 4 23 49 17 3 7 38 32 28 21 15 6 0 47 44 50 16 47 50 25 
14 14 7 6 16 13 8 37 48 17 47 34 9 19 34 40 5 43 27 47 27 0 2 47 39 38 27 9 
38 36 15 38 11 41 47 48 36 47 17 33 5 45 21 41 15 32 37 7 37 13 0 5 45 24 21 4 
49 13 17 19 19 40 4 21 1 33 30 37 43 13 22 49 43 38 11 23 2 7 11 0 33 8 2 21 
23 25 32 21 14 41 38 49 36 19 29 49 43 2 25 20 8 35 45 44 44 16 15 12 0 7 14 49 
3 42 2 35 12 18 20 32 46 20 13 17 47 6 14 36 30 15 40 18 21 28 38 3 48 0 13 8 
27 7 10 21 14 1 43 35 7 34 35 18 31 24 21 29 50 46 19 49 38 30 30 36 48 18 0 46 
28 26 5 50 37 49 10 43 25 37 49 49 16 5 22 8 3 46 47 9 44 1 49 38 7 30 14 0 
20 0 47 28 25 24 47 5 15 10 2 35 48 19 22 32 46 43 2 47 3 45 17 23 28 40 1 9 
2 28 0 27 18 43 8 35 41 46 48 12 26 3 12 40 12 6 19 48 29 38 13 5 7 36 11 27 
20 3 25 0 1 35 24 38 3 38 34 35 42 41 35 31 36 49 31 27 44 42 5 6 17 9 42 22 
21 40 24 20 0 32 33 31 15 38 21 47 28 2 15 9 3 29 22 27 8 45 7 27 6 27 10 17 
36 16 48 8 42 0 43 2 17 14 15 14 3 10 10 20 43 15 3 4 25 30 34 2 27 46 33 35 
28 14 13 18 44 23 0 17 46 50 41 14 6 35 1 48 45 39 16 20 18 48 25 15 12 3 23 36 
38 3 15 21 13 10 9 0 24 3 2 47 20 30 44 15 21 3 2 48 19 24 32 39 13 12 26 15 
37 3 50 1 15 21 37 30 0 44 35 20 1 46 27 27 46 44 43 46 40 25 34 5 12 11 6 5 
12 6 14 2 10 37 45 22 22 0 4 1 32 50 43 15 22 36 33 2 2 43 48 37 45 21 17 37 
41 4 48 39 41 10 17 26 24 30 0 34 11 14 2 5 6 42 44 12 46 47 11 12 20 29 10 5 
12 15 20 19 32 43 1 4 19 24 15 0 10 23 34 18 41 43 2 23 38 1 39 42 45 2 10 21 
40 31 42 29 10 32 5 5 12 4 11 3 0 18 13 48 36 33 28 34 40 13 30 20 20 18 7 22 
5 24 23 26 18 23 23 12 24 28 45 6 29 0 18 29 7 37 32 50 5 25 3 3 10 18 18 20 
8 11 11 22 12 3 10 1 32 39 29 44 31 45 0 2 24 8 39 22 6 22 35 23 33 39 18 2 
48 2 21 14 9 50 3 16 2 13 6 34 3 19 18 0 47 19 9 38 20 11 24 29 46 22 46 13 
49 23 38 29 34 44 2 13 49 12 25 21 45 29 30 50 0 12 2 5 19 37 5 39 5 25 1 49 
42 24 23 26 43 13 37 4 43 14 35 23 40 2 7 19 36 0 44 38 44 42 31 24 18 44 17 28 
26 45 35 34 4 33 46 10 39 26 37 32 9 8 25 38 36 27 0 30 16 17 31 36 3 11 37 8 
8 11 50 6 32 27 36 12 10 8 31 31 40 45 42 18 43 50 12 0 30 37 17 44 39 41 14 1 
11 46 9 32 23 18 26 39 49 40 21 5 6 23 46 15 30 6 46 40 0 22 26 14 44 4 49 7 
22 41 18 12 15 18 26 25 16 2 26 8 14 15 7 43 29 23 46 7 7 0 41 2 14 33 45 25 
30 36 33 16 29 25 11 5 48 32 28 6 37 30 48 31 14 4 49 33 25 16 0 33 35 22 9 43 
1 31 39 4 30 20 44 47 40 34 37 48 34 4 11 9 12 1 17 9 27 9 11 0 39 11 35 13 
1 15 3 48 44 20 33 10 24 9 28 49 37 43 34 9 47 28 6 15 29 15 7 21 0 35 6 50 
16 42 21 1 44 45 8 44 33 37 37 43 28 2 44 38 50 35 3 31 17 44 1 14 11 0 5 20 
34 37 8 33 14 39 21 17 19 3 8 34 4 29 50 2 22 10 35 29 14 35 27 8 37 33 0 26 
34 23 41 7 40 40 26 24 8 25 5 24 4 8 35 26 35 42 1 49 2 17 42 30 5 27 27 0 
6 0 50 10 1 46 32 14 38 44 28 46 19 45 29 6 43 27 17 37 31 21 30 10 43 16 37 34 
24 18 0 31 11 3 14 14 20 25 48 25 10 43 41 21 41 48 39 24 7 20 47 24 16 14 18 46 
6 27 40 0 18 35 10 48 41 20 14 17 44 5 31 9 31 45 3 8 45 41 1 39 13 4 42 30 
14 28 44 16 0 48 36 19 9 44 36 31 40 50 45 1 1 28 31 46 20 26 11 16 29 14 7 24 
5 6 39 28 15 0 44 30 34 13 27 48 20 9 36 23 16 46 15 13 8 50 41 50 11 32 8 23 
5 3 12 15 3 42 0 12 15 4 6 9 17 47 21 11 38 25 31 11 38 34 4 46 21 15 1 49 
24 14 6 28 46 7 22 0 26 32 2 12 45 28 47 22 20 11 38 48 17 38 39 4 26 30 22 20 
39 1 8 41 1 3 44 39 0 1 48 28 13 10 25 45 30 36 13 36 33 42 12 35 35 34 17 34 
11 35 11 30 49 25 37 33 25 0 24 11 12 43 35 8 22 22 34 25 38 42 43 9 18 14 45 39 
29 27 17 23 8 34 19 33 4 40 0 18 30 39 24 43 21 7 25 1 43 49 34 41 14 2 9 29 
42 18 26 43 17 4 36 8 6 9 2 0 4 28 25 3 5 33 4 5 36 15 50 23 3 44 13 2 
40 46 37 4 22 50 5 27 15 28 48 2 0 26 3 16 37 13 6 22 24 19 46 29 9 10 48 24 
15 43 46 24 50 4 3 46 13 20 5 30 5 0 23 49 39 27 35 2 30 33 50 14 11 48 22 40 
33 45 17 29 44 24 27 41 35 19 5 48 48 23 0 7 3 17 8 26 18 1 21 8 2 24 8 19 
41 16 29 36 26 28 15 20 2 46 41 12 7 28 33 0 14 20 23 38 5 7 26 47 47 4 23 5 
39 13 38 15 6 36 6 36 26 6 34 29 20 33 3 6 0 7 27 46 20 40 19 7 38 30 36 4 
12 16 19 32 33 4 24 27 8 15 32 36 26 1 43 7 8 0 37 44 18 22 5 21 40 21 8 4 
15 21 6 50 36 20 32 45 21 7 25 2 26 47 7 46 42 26 0 41 21 19 47 12 49 2 36 19 
33 8 45 30 11 26 50 10 7 2 15 46 16 44 6 23 1 34 35 0 19 21 16 10 29 14 30 37 
35 18 9 8 49 1 2 50 38 26 28 14 26 27 38 1 44 27 31 26 0 27 14 25 11 16 17 18 
48 18 49 17 16 31 39 16 42 48 45 16 46 15 45 18 47 24 21 10 43 0 34 16 16 2 34 5 
11 21 43 48 43 33 34 4 33 40 10 12 33 38 12 46 3 50 12 36 11 33 0 46 29 38 45 8 
25 14 2 33 15 32 27 28 45 49 50 3 34 12 12 12 29 38 12 38 22 31 38 0 13 17 41 49 
44 29 26 15 11 48 25 9 40 31 7 45 31 7 10 18 48 3 47 28 24 50 21 18 0 41 27 8 
37 45 27 40 17 24 34 33 50 19 35 40 6 9 4 22 31 22 43 32 31 12 14 41 10 0 20 14 
26 45 8 8 25 34 40 39 15 14 42 41 21 48 25 10 49 14 14 42 19 20 29 40 46 48 0 46 
28 25 31 36 30 48 11 8 38 43 11 10 7 16 21 40 9 40 31 23 35 7 2 16 28 47 28 0 
45 0 6 16 18 12 27 39 13 15 35 28 12 44 11 40 37 17 38 4 7 27 49 31 21 1 16 26 
12 21 0 23 15 9 33 20 16 2 22 26 49 34 18 4 6 6 31 28 38 13 45 20 35 29 24 40 
2 47 26 0 46 17 47 2 28 42 42 20 19 30 24 45 38 15 42 39 21 40 23 43 26 40 23 28 
14 17 2 38 0 37 36 43 19 20 27 27 9 2 33 41 12 15 36 13 49 14 19 7 5 44 40 4 
1 29 5 1 7 0 45 20 39 11 40 5 34 34 37 6 25 12 39 33 37 38 50 11 29 40 28 24 
15 46 10 47 45 47 0 32 43 41 16 26 20 15 33 44 30 23 10 3 29 13 9 44 46 17 11 3 
16 2 18 26 11 29 21 0 6 44 1 44 10 37 3 44 16 10 36 19 18 4 45 20 39 19 38 49 
12 6 2 15 31 34 44 16 0 41 24 40 16 41 45 28 1 29 29 1 16 27 19 44 34 10 48 44 
49 22 33 29 8 24 30 9 50 0 42 37 13 27 43 37 4 43 20 21 29 24 27 44 41 10 19 22 
23 43 13 19 5 34 41 46 44 9 0 45 33 42 11 36 28 10 43 17 24 24 40 16 2 14 40 20 
20 23 29 42 19 40 2 8 17 37 23 0 32 30 37 48 43 45 48 38 29 18 39 49 34 48 44 45 
49 34 28 12 5 16 15 21 23 16 17 27 0 44 41 4 20 41 37 12 38 38 27 47 22 4 27 11 
2 32 24 45 45 25 45 4 24 40 26 19 16 0 15 16 25 28 28 22 45 39 14 19 8 47 36 7 
7 23 38 6 8 29 6 13 40 50 21 23 2 49 0 37 31 31 16 19 47 23 22 2 19 45 33 32 
22 39 13 16 49 9 19 38 32 37 34 19 40 11 3 0 27 26 8 5 20 46 2 33 39 43 29 40 
34 36 21 19 12 25 47 34 24 27 34 23 15 33 12 6 0 45 47 48 29 36 21 46 26 12 40 14 
36 21 7 24 24 20 19 36 3 11 18 22 44 43 28 29 50 0 43 35 41 37 35 46 39 43 46 50 
5 13 40 45 7 23 12 12 13 18 3 11 3 46 48 9 46 28 0 25 4 36 9 43 46 34 28 49 
27 1 25 18 32 28 20 15 23 14 16 11 50 32 32 15 11 48 33 0 32 45 39 27 1 11 18 42 
15 46 21 44 12 30 24 36 11 39 50 21 33 33 32 26 46 31 17 26 0 23 4 45 32 49 2 46 
5 38 25 24 8 15 37 6 19 2 20 4 31 27 47 22 26 11 27 50 50 0 14 13 31 21 45 43 
19 11 2 39 46 11 35 20 48 36 15 43 7 47 28 13 25 27 27 37 50 27 0 33 19 22 22 2 
46 41 25 44 4 13 22 18 45 18 13 24 44 46 7 49 36 12 18 20 4 22 1 0 39 5 45 9 
43 43 29 33 18 24 9 39 29 23 42 12 31 35 30 33 45 12 3 33 41 43 28 47 0 7 4 3 
49 25 41 37 39 10 5 29 25 17 35 46 1 36 8 29 27 44 1 38 35 24 39 7 27 0 3 13 
18 1 16 32 26 14 22 10 15 39 36 4 2 26 6 6 17 11 17 2 47 34 14 1 3 7 0 16 
18 26 36 35 10 37 47 37 29 9 35 9 32 29 27 43 41 41 41 49 13 30 19 23 46 11 1 0 
16 0 35 37 16 30 20 48 5 35 30 5 27 17 5 39 28 47 32 2 36 24 21 41 23 11 12 9 
4 38 0 7 13 39 50 36 32 3 42 44 6 40 34 24 43 14 37 15 25 44 24 2 23 42 45 26 
28 46 44 0 15 5 18 12 45 17 28 17 16 27 32 24 37 36 3 26 13 2 50 28 28 37 46 38 
15 30 36 35 0 22 44 25 9 36 9 28 39 39 29 39 8 15 47 21 38 43 21 38 16 20 16 33 
24 28 18 17 28 0 10 30 47 15 31 44 46 23 2 24 38 28 9 15 38 34 13 43 14 32 16 8 
46 45 42 21 15 7 0 12 2 31 19 43 50 30 9 32 24 27 21 2 49 36 19 33 10 8 6 28 
49 11 36 4 35 13 2 0 35 3 24 11 30 40 11 1 44 20 36 9 36 30 3 39 16 44 31 17 
22 27 13 32 13 10 29 13 0 41 45 15 8 38 28 24 30 1 16 42 12 38 36 26 14 25 49 20 
48 46 22 20 11 5 46 30 9 0 41 42 49 20 11 48 10 49 5 29 22 8 7 24 39 1 3 19 
29 37 1 49 8 14 40 32 18 20 0 26 4 3 42 48 15 40 10 18 22 2 41 26 27 9 47 28 
13 41 23 34 20 9 37 17 44 8 42 0 34 35 31 29 31 41 24 1 26 30 10 42 34 29 34 32 
17 39 12 25 41 12 37 28 41 45 36 6 0 46 17 25 5 8 49 27 33 41 23 10 36 3 8 21 
48 3 50 40 6 37 28 20 28 33 34 1 23 0 49 4 39 37 5 18 6 10 6 5 35 36 3 1 
41 45 30 26 22 34 42 39 25 42 6 31 20 19 0 47 47 23 25 48 5 34 38 35 23 31 36 3 
11 43 48 16 4 3 36 37 26 49 7 13 18 31 11 0 29 48 32 24 49 37 14 9 33 11 39 49 
17 3 10 8 46 37 32 31 47 27 26 2 29 34 32 21 0 49 17 13 31 24 24 9 37 42 8 37 
16 48 35 16 6 16 5 20 35 16 42 12 26 37 1 15 3 0 22 30 46 15 6 43 10 17 48 9 
25 43 45 23 17 39 50 17 33 12 11 21 37 24 15 48 5 8 0 6 37 44 23 10 6 16 12 12 
22 10 6 25 50 8 8 31 27 40 44 26 23 26 21 19 3 42 1 0 44 23 1 8 38 3 12 12 
15 3 34 39 8 5 27 29 7 28 38 12 14 30 44 39 8 12 32 33 0 11 24 5 8 15 15 19 
40 22 3 18 22 39 46 43 28 43 2 36 21 47 48 15 41 15 31 37 14 0 30 12 50 27 21 29 
2 41 48 26 25 43 37 38 7 4 10 17 24 19 37 16 46 7 26 12 36 13 0 10 14 43 34 28 
5 11 11 3 42 1 10 45 3 31 18 28 44 35 10 42 11 32 49 8 19 28 14 0 16 44 1 10 
44 39 31 34 33 41 15 33 28 47 1 18 16 14 24 35 35 29 29 32 28 27 22 50 0 33 45 27 
10 28 47 45 9 42 42 17 6 22 47 35 38 30 3 33 46 10 14 34 44 45 43 29 38 0 16 19 
33 17 18 32 2 39 15 6 5 31 3 43 27 25 48 19 13 39 45 42 3 26 45 26 40 19 0 12 
33 15 35 18 7 44 23 9 50 38 40 45 46 23 24 48 2 43 18 37 9 47 27 31 41 43 24 0 
16 0 8 23 42 42 34 28 32 42 20 13 46 49 5 16 48 31 23 44 50 19 29 28 43 34 23 32 
3 37 0 38 5 28 15 20 7 2 28 46 48 12 18 42 33 28 39 48 20 33 44 49 46 8 47 44 
6 38 30 0 30 9 20 3 26 46 4 16 36 32 29 48 14 21 35 25 33 32 28 47 50 4 36 4 
49 9 39 42 0 48 32 21 15 20 23 48 38 29 9 43 47 29 13 4 17 41 35 30 28 12 33 14 
13 28 41 30 26 0 23 17 4 17 7 12 18 4 11 14 29 42 23 48 47 25 40 32 18 38 1 20 
13 15 30 11 31 16 0 18 9 38 29 43 23 15 12 6 26 40 18 46 50 6 28 6 38 5 14 36 
40 23 47 24 43 26 4 0 4 39 38 47 32 3 37 3 27 50 50 1 33 35 19 15 42 1 42 1 
15 36 9 42 6 17 30 29 0 36 41 6 50 47 12 8 17 38 44 36 43 14 3 1 6 39 5 32 
1 21 9 5 24 1 25 40 19 0 31 47 41 15 23 8 18 37 45 50 4 22 28 2 27 49 15 50 
38 12 35 3 4 2 36 29 8 27 0 36 33 50 23 23 40 37 42 3 22 20 6 36 15 12 39 1 
10 24 20 33 7 9 2 38 28 34 28 0 43 39 29 44 1 41 1 13 1 32 50 38 15 36 46 43 
30 32 26 21 42 15 2 27 6 39 45 30 0 24 48 35 45 6 9 49 15 44 27 6 45 14 49 39 
19 11 36 5 47 11 17 23 7 2 14 37 29 0 38 3 39 12 47 22 40 3 47 5 32 7 38 32 
50 3 26 32 7 43 26 33 16 20 34 48 19 7 0 25 29 44 43 23 20 27 42 38 45 48 43 10 
36 23 7 5 49 10 29 18 20 32 21 7 44 3 5 0 37 20 28 49 3 33 28 19 12 39 34 18 
5 9 16 32 34 14 34 41 11 10 16 36 39 41 40 6 0 47 23 36 29 18 23 5 19 17 50 40 
27 8 4 45 16 15 43 24 10 5 50 37 44 11 13 45 27 0 4 43 11 13 44 23 23 39 4 5 
1 33 4 47 16 35 24 8 33 8 16 50 21 47 17 31 2 48 0 37 43 19 5 28 29 15 24 40 
28 33 36 32 7 13 10 42 41 6 8 35 2 20 4 31 38 12 5 0 22 14 46 14 22 26 2 11 
37 46 6 25 33 42 46 47 25 48 27 10 38 11 5 26 25 44 13 35 0 24 16 25 41 18 11 3 
26 32 20 14 6 5 3 24 47 36 32 26 44 7 23 29 33 11 2 18 11 0 9 21 40 29 13 18 
37 22 22 15 8 22 40 20 16 6 34 21 6 35 38 9 41 43 18 20 28 2 0 38 42 30 16 44 
42 17 12 31 36 44 37 16 2 25 22 24 4 4 37 8 23 50 41 47 33 23 1 0 31 47 11 44 
40 36 35 30 35 43 29 48 3 5 26 49 27 19 20 36 34 19 20 15 16 41 45 15 0 43 40 19 
11 19 17 32 34 26 1 47 31 18 46 37 32 25 7 35 4 48 1 14 29 14 38 17 12 0 27 46 
28 49 41 20 38 45 24 19 29 37 23 42 24 27 22 39 19 39 32 38 40 10 7 42 18 42 0 26 
40 48 32 1 20 7 30 23 49 41 48 9 43 9 7 28 48 31 6 28 38 7 26 20 28 30 40 0 
6 0 19 43 50 3 46 19 34 21 48 37 3 35 44 4 24 48 21 31 40 29 34 32 10 11 12 14 
39 33 0 23 13 23 41 18 24 5 6 41 46 13 24 25 36 31 12 28 22 35 34 34 28 50 48 40 
11 23 37 0 34 39 42 32 31 1 49 36 14 13 18 20 49 18 8 26 18 17 5 48 2 48 34 41 
30 6 50 46 0 14 26 1 7 1 19 23 2 4 32 43 24 38 45 49 15 4 15 35 17 20 24 30 
24 7 26 35 36 0 6 1 2 26 2 4 22 39 13 11 20 31 45 6 22 37 24 31 10 8 50 19 
37 16 21 34 26 40 0 47 28 1 26 34 38 47 3 30 18 23 34 23 10 3 44 46 5 22 15 3 
43 50 26 16 28 37 37 0 15 37 5 19 29 33 42 35 11 44 47 8 9 19 8 6 8 26 35 40 
17 44 20 17 12 12 37 4 0 28 25 10 7 2 11 39 43 14 5 6 41 19 18 33 2 8 15 6 
34 36 44 18 40 44 47 20 22 0 18 39 7 18 46 39 8 37 35 41 7 49 31 15 43 4 21 44 
22 49 11 19 9 48 6 4 19 34 0 7 20 14 5 41 17 26 26 48 39 45 31 11 46 18 18 9 
7 4 21 2 15 20 50 26 21 11 50 0 30 10 12 43 20 24 31 15 28 2 8 14 40 18 6 32 
50 42 39 16 2 42 39 49 50 49 33 42 0 1 14 29 20 7 27 46 39 28 3 11 38 16 3 40 
7 49 40 31 35 9 38 50 35 33 46 49 38 0 21 13 43 21 42 39 15 14 23 39 8 14 22 18 
5 48 31 2 1 49 2 32 50 10 18 48 34 13 0 15 45 37 12 29 9 18 15 10 41 47 27 39 
27 34 11 33 18 13 42 34 3 5 32 45 50 36 39 0 13 33 3 44 6 2 50 29 2 46 36 14 
50 41 39 41 6 24 11 26 49 40 28 1 36 42 30 12 0 41 6 17 29 23 29 2 27 38 3 21 
37 28 6 10 38 33 50 42 44 15 14 27 22 39 11 41 24 0 6 3 9 14 23 38 39 46 30 7 
41 22 39 12 3 3 3 25 48 44 30 41 19 36 1 37 48 27 0 30 46 41 13 38 28 21 36 45 
7 14 41 17 14 8 26 9 20 5 3 11 24 19 15 14 48 44 16 0 34 23 14 37 41 12 17 35 
17 29 34 11 41 18 8 46 11 8 27 17 33 44 28 31 32 45 16 6 0 27 26 49 41 35 6 3 
22 44 28 50 6 47 24 10 30 37 45 13 44 16 23 4 6 22 28 33 41 0 46 33 6 47 47 12 
8 41 30 43 27 36 16 36 3 34 8 22 20 9 35 48 45 37 33 23 40 5 0 22 44 20 8 23 
12 27 12 23 4 9 36 17 19 50 44 19 27 28 31 21 21 49 1 8 25 7 48 0 39 19 14 24 
23 4 19 37 24 20 13 4 10 42 12 4 13 35 43 16 48 1 19 6 45 10 34 2 0 45 19 50 
49 6 29 23 4 40 35 14 14 50 14 20 49 15 25 21 29 10 46 38 23 32 41 1 39 0 50 9 
30 13 20 18 43 6 20 14 48 31 19 8 14 28 22 30 16 35 31 20 41 21 39 6 42 50 0 31 
28 18 16 29 35 5 32 6 1 45 33 21 15 30 1 27 41 11 3 32 11 2 3 25 16 8 30 0 
18 0 10 25 15 26 44 25 43 47 33 3 35 4 33 22 21 35 34 14 17 41 41 44 49 45 40 18 
21 26 0 15 41 13 27 25 14 46 27 31 7 28 41 38 5 44 38 26 50 49 39 31 18 42 3 42 
40 28 16 0 26 20 36 26 5 17 32 43 40 9 29 20 27 45 5 27 37 26 3 36 1 11 20 41 
20 32 46 48 0 49 11 36 36 36 31 2 11 22 3 37 22 23 2 49 18 21 30 13 37 13 16 16 
16 37 42 16 15 0 50 46 7 23 22 35 44 29 23 44 34 46 43 45 6 35 40 32 14 49 13 3 
20 40 19 9 35 34 0 46 21 49 44 15 37 12 26 46 14 1 38 8 20 45 28 47 18 45 19 11 
32 26 6 29 17 3 48 0 26 18 4 13 1 11 34 3 46 40 31 7 33 30 39 27 31 27 41 43 
8 43 43 2 15 17 24 14 0 45 43 16 48 35 15 50 29 10 38 38 48 37 43 33 8 37 38 36 
31 43 50 26 3 27 10 40 34 0 25 3 49 35 38 20 8 3 24 34 23 19 30 11 17 44 40 44 
7 16 10 36 16 27 31 43 22 46 0 18 14 22 25 25 17 5 8 39 3 11 17 35 30 34 3 16 
17 2 33 34 32 14 34 4 25 24 39 0 37 23 5 45 49 13 36 11 12 48 45 14 6 9 6 37 
33 41 31 30 2 13 11 14 41 39 13 36 0 50 39 21 1 43 16 22 17 49 16 18 23 45 23 42 
18 23 39 27 25 27 28 1 14 45 44 37 24 0 12 41 4 11 50 50 11 23 28 44 21 40 38 40 
38 17 23 8 36 29 22 43 41 3 12 38 10 23 0 39 7 7 49 30 48 5 8 13 8 24 45 13 
19 41 29 18 38 38 38 40 35 41 37 9 8 3 20 0 50 2 49 12 40 39 35 21 38 23 11 40 
35 30 5 16 35 41 17 3 3 12 36 25 1 23 34 4 0 17 20 40 22 46 36 9 12 9 12 6 
24 34 21 41 45 27 48 3 10 30 26 3 18 41 50 17 38 0 16 24 11 18 5 31 5 19 33 40 
44 50 22 44 7 23 36 44 19 33 21 41 49 4 21 25 25 41 0 18 23 31 47 19 21 46 35 1 
38 20 4 16 23 12 38 4 3 38 37 19 30 32 48 31 35 18 25 0 26 8 47 31 7 14 1 11 
9 48 32 2 48 23 23 48 24 16 17 49 30 12 50 18 37 39 23 38 0 41 33 16 34 4 22 9 
43 42 39 47 3 23 2 29 7 22 36 39 46 8 35 24 16 19 19 46 15 0 9 30 44 19 41 13 
21 26 33 48 49 27 14 30 7 36 20 14 27 28 33 43 47 2 1 27 31 7 0 9 1 15 35 26 
45 34 12 46 29 12 10 32 3 24 24 37 12 33 28 28 39 47 5 43 19 32 16 0 34 43 18 14 
33 15 17 33 34 15 2 19 46 45 41 41 3 17 46 31 20 23 15 39 45 3 29 21 0 5 10 42 
8 13 19 29 4 11 48 28 18 36 42 41 22 11 14 33 33 49 6 3 27 23 2 47 11 0 28 29 
20 30 36 47 29 24 24 44 7 28 17 38 30 5 40 29 45 28 33 44 29 31 21 46 23 49 0 8 
16 36 11 22 18 27 32 29 48 32 40 14 17 49 17 8 5 17 12 26 49 37 44 8 19 29 34 0 
1 0 40 9 41 25 30 17 9 9 46 7 50 12 48 27 42 47 5 15 16 45 12 23 17 30 11 23 
9 29 0 42 4 3 40 43 32 39 40 42 16 35 1 41 9 13 49 18 50 28 23 45 48 3 5 13 
40 39 17 0 43 11 14 7 8 30 17 43 4 10 20 17 38 3 5 40 31 16 5 4 11 19 13 12 
45 37 34 44 0 1 49 27 4 44 23 48 31 3 28 43 11 43 21 46 8 31 12 36 43 44 14 25 
48 35 36 6 24 0 49 3 12 22 46 23 42 6 34 17 24 16 5 24 38 3 23 45 11 41 24 5 
31 34 2 42 1 38 0 25 30 19 8 17 24 33 50 17 22 15 20 29 41 24 15 39 21 38 20 26 
22 26 40 25 16 1 44 0 23 29 21 5 23 4 31 5 48 16 49 32 42 38 37 1 31 42 13 34 
32 16 46 32 4 32 12 3 0 4 30 34 1 23 39 28 38 2 10 48 25 10 20 18 24 22 7 28 
39 35 25 10 33 4 18 13 7 0 34 39 2 41 43 29 1 19 32 48 9 4 10 49 50 21 45 38 
24 12 48 23 10 47 4 24 18 30 0 20 1 48 5 26 21 5 13 9 7 33 31 19 50 42 24 48 
25 29 37 26 40 39 16 45 1 10 12 0 30 5 37 19 11 21 49 32 1 5 28 40 44 37 12 38 
5 44 43 48 31 37 50 30 46 32 5 30 0 12 32 11 25 12 44 34 5 21 15 21 49 2 10 24 
44 47 39 43 39 29 2 12 1 9 12 31 43 0 5 8 23 30 17 19 20 19 44 3 28 1 4 7 
18 41 24 45 47 21 14 6 33 7 39 16 2 11 0 21 10 17 50 14 41 50 13 42 41 32 33 41 
5 50 45 12 43 36 22 35 21 28 14 16 10 30 49 0 25 16 41 1 17 10 48 35 37 29 37 13 
7 5 50 33 14 14 31 9 7 39 46 47 31 31 26 1 0 32 4 34 5 11 1 39 26 1 31 16 
31 7 16 8 33 6 23 15 30 21 46 1 2 29 22 43 37 0 21 44 21 37 35 48 3 34 45 33 
3 6 17 24 33 33 49 1 2 41 31 14 42 8 16 46 30 36 0 4 33 26 39 9 2 6 7 11 
30 47 10 13 25 38 24 21 9 14 48 14 18 4 29 20 3 6 7 0 3 13 21 39 19 17 30 13 
7 14 48 15 18 26 22 19 4 43 28 6 26 18 38 8 33 33 23 36 0 30 48 20 6 46 49 5 
49 10 9 42 47 45 26 17 7 11 49 30 39 46 35 25 28 25 1 32 35 0 25 13 6 36 45 45 
33 10 45 43 19 20 22 24 10 46 2 32 11 50 2 32 47 34 3 35 40 45 0 23 43 31 46 18 
20 24 47 3 6 3 1 43 8 13 19 30 11 18 23 26 29 26 44 40 32 34 44 0 17 23 34 11 
5 38 37 3 12 24 2 2 1 14 44 47 30 11 7 44 19 29 5 43 17 18 20 45 0 17 38 7 
37 36 30 31 31 22 42 46 6 21 11 7 7 9 16 22 13 36 30 15 30 25 40 26 38 0 19 42 
44 38 19 43 36 24 18 16 17 21 33 13 25 38 15 2 24 9 22 48 34 2 46 8 9 38 0 24 
27 12 46 5 43 13 31 49 9 37 28 25 34 40 44 49 2 30 23 5 27 15 23 17 17 17 21 0 
9 0 42 42 11 35 49 1 41 4 21 17 41 1 45 39 7 16 46 34 39 9 40 3 45 29 36 33 
47 13 0 39 30 38 27 42 23 7 17 26 44 27 33 50 40 29 35 39 22 11 38 9 8 21 34 28 
13 19 40 0 47 33 49 16 5 29 15 42 29 15 9 23 32 40 40 2 7 7 10 50 25 10 40 14 
23 9 4 32 0 9 4 49 30 4 18 21 44 46 12 29 22 26 38 7 24 14 39 7 20 18 20 28 
22 4 19 15 37 0 43 35 44 46 25 34 33 25 17 30 19 15 19 47 7 46 28 39 25 38 4 16 
1 35 3 35 14 40 0 27 27 27 35 4 34 1 12 18 33 47 43 5 32 8 35 20 42 1 22 14 
33 44 16 45 28 34 27 0 34 10 44 40 20 44 49 40 3 34 12 35 47 45 28 46 42 33 33 22 
9 17 15 11 35 43 27 45 0 33 12 40 26 1 24 28 9 39 8 23 12 34 18 32 36 31 16 25 
19 5 48 24 13 46 12 19 18 0 45 33 5 28 17 4 8 41 45 36 35 24 17 19 8 34 10 21 
38 41 35 29 30 20 18 9 40 35 0 38 28 31 40 5 11 15 6 3 46 45 30 11 42 42 46 32 
2 2 37 41 41 3 25 24 28 33 16 0 4 36 10 9 15 23 4 17 6 46 19 6 4 2 31 15 
27 8 31 44 38 35 39 16 7 3 44 48 0 25 6 16 27 29 49 3 18 36 36 16 39 39 25 40 
37 34 46 33 40 10 39 48 17 48 39 29 19 0 47 45 3 12 29 6 43 50 30 42 28 6 50 13 
29 41 43 42 6 13 45 3 33 11 20 5 38 36 0 8 49 30 40 21 34 21 42 34 4 10 33 33 
40 7 43 18 28 41 47 10 8 25 6 34 16 25 45 0 13 42 42 25 19 7 43 31 13 39 35 16 
43 38 8 39 33 24 30 6 47 40 44 43 14 41 27 1 0 25 24 6 5 10 27 30 42 12 36 14 
27 48 26 30 30 43 25 5 23 50 36 24 11 37 20 49 23 0 49 50 11 28 31 42 6 40 33 31 
7 16 8 16 27 47 10 3 8 21 10 14 1 39 36 4 2 40 0 50 46 18 41 29 8 44 13 25 
37 47 7 20 41 48 13 19 39 16 35 9 27 1 34 12 28 13 35 0 50 22 42 27 41 17 40 37 
13 17 38 1 22 15 23 24 7 1 2 20 17 39 21 47 39 18 31 23 0 45 35 29 1 45 9 14 
4 45 20 17 4 1 11 50 3 2 15 13 45 5 28 28 11 27 43 19 12 0 2 45 39 24 36 17 
42 28 38 38 6 14 1 19 29 37 35 49 19 6 39 18 46 24 5 37 19 18 0 8 18 25 3 40 
3 2 50 32 44 18 35 20 22 15 15 10 50 44 36 50 41 27 29 25 14 23 34 0 49 16 19 50 
49 25 21 21 13 4 24 49 17 29 6 42 31 35 36 18 4 32 15 6 43 33 19 18 0 42 47 28 
27 30 19 1 16 25 18 36 46 2 45 2 6 27 46 19 21 35 36 48 41 28 6 31 18 0 1 13 
8 17 6 4 30 17 27 47 20 49 28 40 17 14 49 41 16 10 30 9 30 48 14 49 33 7 0 50 
37 49 24 39 34 16 13 10 19 40 48 15 36 30 30 27 21 43 45 19 34 42 38 40 21 38 42 0 
34 0 11 4 8 21 24 17 40 49 46 11 45 25 5 4 31 2 19 45 45 30 1 22 43 6 38 38 
16 46 0 12 35 18 46 24 30 50 16 32 28 42 19 41 31 31 10 48 21 15 31 12 36 22 27 44 
13 33 40 0 11 3 33 36 2 44 38 11 44 50 2 26 5 15 20 41 4 27 39 20 41 34 8 18 
24 36 35 26 0 13 41 3 11 47 11 6 30 45 6 18 47 44 21 17 49 20 40 26 47 17 31 23 
18 25 13 50 28 0 45 16 13 16 10 12 49 3 47 41 29 44 9 41 47 49 10 42 27 21 17 9 
48 34 10 38 10 32 0 19 35 37 34 11 29 35 29 43 2 37 32 22 15 3 29 11 33 39 26 35 
25 9 33 37 29 11 36 0 19 29 6 23 3 17 35 12 5 45 33 31 6 19 6 8 5 45 49 2 
7 19 24 28 49 34 48 44 0 27 4 48 33 18 49 11 14 46 15 30 6 31 41 25 16 50 8 20 
16 20 1 28 42 31 10 29 50 0 6 29 24 19 19 42 36 1 48 1 13 7 8 42 13 41 16 43 
22 17 45 8 29 42 14 33 25 27 0 27 6 2 9 21 11 9 18 41 11 38 40 6 25 19 49 46 
14 8 28 39 37 27 38 38 13 6 49 0 50 33 5 37 17 9 25 42 50 5 37 48 34 46 1 5 
6 33 12 21 39 31 47 1 25 47 38 40 0 30 14 22 8 6 10 18 8 6 2 23 47 50 27 49 
41 27 11 44 44 37 22 33 5 1 36 10 20 0 37 5 12 21 22 35 13 36 34 29 42 25 29 43 
50 5 11 16 21 13 32 6 25 14 4 45 4 9 0 32 17 8 21 1 48 22 2 40 2 25 16 15 
13 8 48 20 20 16 44 22 28 45 36 16 48 39 32 0 30 49 17 28 32 5 5 17 22 22 24 31 
22 49 16 9 41 5 48 19 48 27 45 35 29 10 37 4 0 23 22 6 4 9 41 22 41 36 48 35 
11 9 41 26 48 46 35 23 24 13 36 45 11 50 20 34 4 0 4 33 49 22 18 1 45 1 17 21 
22 32 27 25 24 44 21 38 10 7 1 47 39 45 38 13 42 37 0 28 45 4 40 7 19 37 3 50 
14 43 8 47 26 32 26 13 41 48 38 13 2 41 12 10 27 3 8 0 45 4 34 6 10 9 23 22 
17 33 25 9 38 21 44 8 46 3 11 26 16 13 32 47 16 4 25 26 0 5 42 30 31 16 30 9 
46 30 37 49 38 3 10 10 30 17 39 1 42 8 33 17 8 16 27 42 32 0 22 38 41 6 34 47 
17 25 4 45 43 8 12 49 29 9 4 23 23 6 4 3 31 27 4 33 19 22 0 26 22 15 39 39 
28 24 42 47 43 4 6 43 35 26 22 46 43 30 10 5 8 5 43 5 36 28 20 0 7 14 3 2 
29 46 50 33 31 4 20 35 25 37 13 12 19 17 13 19 27 10 32 11 3 9 17 18 0 18 22 35 
3 50 4 35 34 40 3 28 48 36 44 41 43 23 46 35 19 46 44 24 39 23 10 44 48 0 32 43 
49 21 29 32 15 9 20 18 36 21 2 29 22 17 40 16 34 33 19 40 39 8 24 49 22 25 0 48 
47 30 40 11 37 2 48 5 7 20 4 30 33 23 6 10 14 18 18 22 8 49 8 27 12 30 43 0 
5 0 41 47 31 11 41 12 24 38 46 11 15 28 24 12 33 47 30 4 37 17 33 48 10 32 5 3 
40 48 0 22 14 50 7 9 44 14 10 40 44 39 21 50 18 15 4 3 41 49 47 17 12 48 8 44 
27 22 43 0 37 49 6 39 22 27 17 32 12 8 19 31 48 23 8 36 16 16 17 16 34 7 29 15 
5 44 31 11 0 17 42 14 32 22 22 23 41 38 50 49 24 2 33 42 45 22 18 49 44 4 12 43 
29 11 7 10 31 0 20 42 35 29 46 6 16 20 45 37 9 27 50 18 49 16 17 44 14 1 15 35 
43 37 46 37 8 6 0 49 35 22 16 12 43 21 46 16 21 29 47 18 23 1 35 10 22 45 37 14 
28 12 18 43 10 17 36 0 50 48 34 9 49 10 22 10 16 43 16 8 47 3 50 46 15 18 33 43 
35 8 28 24 43 21 43 22 0 24 5 24 3 27 35 47 19 38 21 49 9 1 41 20 17 7 37 41 
11 29 17 3 26 27 24 2 42 0 20 10 16 28 18 50 37 11 20 13 32 12 6 31 8 45 20 25 
42 44 38 12 17 6 31 32 43 7 0 3 49 26 3 34 5 49 29 5 21 41 1 5 10 47 44 6 
29 6 48 9 8 6 3 33 8 5 9 0 44 10 48 37 8 30 9 22 38 29 28 1 33 30 41 49 
34 41 40 29 15 23 1 2 27 46 49 45 0 43 24 21 27 1 41 36 46 24 5 44 25 2 25 7 
28 1 5 16 29 18 8 19 42 18 27 44 21 0 10 46 10 12 32 14 30 15 8 2 1 43 45 45 
26 30 47 16 27 40 17 23 2 23 30 20 28 36 0 5 30 9 25 47 15 36 28 45 33 44 39 46 
42 20 49 5 24 35 23 32 39 45 3 50 5 4 37 0 45 38 32 13 37 45 10 29 43 26 46 30 
9 48 35 15 23 39 45 25 4 3 18 7 35 5 4 16 0 35 7 26 43 12 50 34 8 1 32 2 
2 33 41 6 29 28 5 14 35 5 31 31 12 10 29 34 42 0 20 26 28 33 41 44 45 37 1 4 
19 10 14 28 15 42 37 43 43 13 47 39 30 31 41 20 12 5 0 27 15 33 33 17 43 38 26 4 
20 11 39 47 20 29 24 37 5 21 28 16 39 25 18 37 21 45 31 0 47 47 42 22 33 40 11 37 
22 37 43 22 40 39 38 18 32 4 17 28 11 6 45 36 49 35 39 38 0 40 16 46 46 48 7 30 
8 28 40 7 7 10 43 3 1 12 49 38 27 2 8 36 34 5 18 21 42 0 3 6 23 48 2 23 
47 7 41 47 25 33 10 31 40 43 47 10 19 18 3 44 25 1 47 12 36 33 0 30 13 42 30 36 
39 5 22 17 10 6 37 47 47 11 15 24 5 18 22 18 43 38 45 50 4 39 10 0 32 23 2 40 
37 14 27 28 6 45 48 22 26 18 27 38 5 32 21 6 34 10 27 42 45 15 16 37 0 26 48 31 
33 50 46 40 45 8 16 50 34 20 33 10 29 8 46 46 1 17 50 40 18 34 33 26 23 0 46 10 
46 23 49 40 2 8 15 15 23 31 28 32 30 40 32 38 37 2 50 49 34 49 20 16 21 26 0 9 
14 50 17 20 18 50 49 20 28 36 30 31 3 15 43 24 15 23 35 21 50 36 46 47 24 23 48 0 
27 0 47 4 33 20 27 49 2 16 6 12 11 33 32 20 5 2 7 21 48 34 41 26 5 43 36 5 
9 28 0 4 21 46 45 3 22 24 25 3 10 5 4 14 28 18 4 13 3 40 31 32 44 41 4 26 
14 36 22 0 49 41 35 22 41 24 13 36 16 16 31 10 47 30 50 47 17 44 21 14 8 1 31 33 
16 29 47 10 0 30 43 19 39 37 2 26 12 26 33 14 40 15 33 39 47 22 31 34 2 45 44 37 
33 44 23 14 48 0 11 2 7 12 28 3 6 23 47 42 24 45 5 38 22 35 30 31 49 26 13 34 
12 36 45 45 16 36 0 7 37 46 15 39 28 2 24 27 2 13 12 28 16 50 30 8 40 48 7 23 
3 3 14 24 39 36 27 0 41 21 18 33 38 20 17 11 47 9 7 27 37 49 8 28 18 37 49 47 
34 32 28 6 48 9 14 5 0 35 32 41 50 43 25 33 6 35 30 25 8 50 40 34 49 34 22 21 
25 45 25 46 37 41 39 44 10 0 44 12 36 29 7 12 27 15 19 7 34 12 16 2 44 38 13 41 
48 45 48 30 23 27 39 39 10 10 0 37 5 10 5 32 23 13 24 45 47 1 38 13 19 31 28 39 
9 9 43 32 8 25 50 42 49 12 14 0 40 9 40 19 3 17 29 15 47 29 31 44 40 20 43 17 
40 10 32 30 50 46 39 30 30 17 29 29 0 30 10 14 33 11 50 35 37 7 33 36 47 40 17 31 
10 29 16 4 12 15 8 11 32 18 33 14 44 0 21 11 39 37 39 50 35 37 15 48 34 41 36 7 
11 7 25 36 41 34 15 29 1 15 14 17 15 22 0 50 33 15 29 36 41 16 47 45 50 8 40 32 
44 46 31 33 14 26 8 48 4 8 33 42 31 30 43 0 10 25 23 22 36 13 38 33 34 5 5 46 
42 14 13 25 28 1 2 21 34 20 32 50 42 7 25 47 0 25 33 37 5 11 24 38 21 27 37 5 
20 7 13 48 28 9 31 17 34 41 33 6 42 29 9 9 40 0 43 23 31 30 39 41 9 1 19 50 
35 18 27 43 49 41 47 33 15 21 23 5 42 11 40 41 6 42 0 28 46 27 3 15 48 28 4 7 
25 31 17 5 48 10 9 46 49 8 49 35 15 46 46 45 39 18 39 0 32 20 40 49 36 17 24 23 
24 33 4 29 15 46 35 22 2 49 16 25 45 34 15 41 33 8 8 13 0 1 31 8 27 31 40 22 
37 35 33 32 38 24 37 35 14 46 29 34 39 30 24 45 47 23 43 44 49 0 5 49 16 28 10 11 
23 44 25 28 48 26 24 49 37 20 18 29 1 8 49 2 46 5 25 19 33 27 0 37 12 4 39 46 
24 32 36 17 4 29 14 15 42 40 18 31 8 16 32 37 25 30 45 42 37 50 4 0 4 11 4 41 
28 47 7 13 24 10 31 50 17 1 3 14 50 38 44 7 12 28 25 17 4 2 40 12 0 33 10 48 
10 25 28 33 7 1 39 36 18 36 27 44 22 28 16 16 36 22 16 45 4 43 44 42 26 0 37 37 
38 27 7 45 31 15 13 21 26 39 19 47 14 12 3 26 22 36 34 4 39 38 37 4 41 17 0 15 
44 17 31 37 8 20 14 1 9 11 41 46 30 9 7 41 27 18 26 3 34 1 17 22 7 42 34 0 
48 0 50 41 3 5 15 1 19 5 45 3 12 28 1 11 45 16 31 40 5 45 33 48 10 37 15 14 
31 43 0 50 10 30 16 36 16 2 18 8 36 32 29 41 3 46 24 6 49 3 23 7 2 42 17 37 
40 16 3 0 31 17 40 1 20 26 5 36 23 46 42 36 10 27 8 46 9 26 5 31 2 37 31 17 
12 8 37 48 0 19 14 29 47 50 49 38 42 46 31 10 15 48 11 1 11 7 17 14 31 45 46 8 
11 36 36 2 45 0 37 24 40 12 40 8 18 10 17 46 36 11 40 16 50 29 17 40 33 41 37 21 
11 45 45 7 3 23 0 6 19 12 14 48 44 6 23 42 48 26 40 44 41 44 12 32 3 42 30 47 
30 45 46 3 11 8 16 0 14 45 18 33 5 46 4 49 34 22 14 46 11 27 38 19 14 43 48 46 
27 49 14 42 16 24 26 27 0 25 16 12 37 36 40 10 48 31 43 36 48 38 45 28 10 40 46 19 
20 42 26 33 10 13 13 40 15 0 31 26 18 31 21 27 25 19 11 27 11 21 18 41 39 21 8 1 
8 32 22 5 3 20 6 6 36 49 0 34 2 25 23 1 46 17 5 26 6 28 11 21 9 49 14 35 
49 3 2 37 12 3 13 6 8 43 27 0 24 48 26 15 42 26 36 10 3 39 21 22 24 34 46 3 
23 48 12 13 6 39 36 7 3 34 12 23 0 49 12 18 44 3 41 32 28 30 13 20 45 24 40 12 
47 29 31 28 4 16 1 40 9 46 31 21 35 0 13 19 12 8 14 14 11 41 21 27 20 34 2 19 
23 10 28 17 40 17 28 39 29 23 6 9 7 49 0 22 10 48 23 20 48 15 11 2 12 31 10 29 
21 26 2 12 45 2 47 28 31 31 29 41 5 7 25 0 40 40 3 6 7 13 19 12 29 47 14 5 
4 12 9 17 36 30 38 7 13 28 11 12 7 10 22 42 0 29 20 32 16 41 41 22 12 10 26 4 
17 3 14 23 16 31 47 44 16 22 14 43 12 17 50 12 13 0 30 42 49 48 41 27 33 10 15 49 
15 14 41 47 8 11 27 22 5 49 6 46 31 10 17 6 20 16 0 27 21 49 41 30 9 33 18 28 
7 26 27 31 13 1 32 33 30 25 25 7 33 36 45 46 13 8 34 0 11 39 31 36 7 18 34 45 
1 24 35 33 15 40 34 21 47 29 19 43 46 49 28 37 31 46 9 45 0 35 4 46 17 2 49 8 
39 26 40 20 14 30 6 32 10 46 43 11 18 50 16 49 18 45 15 39 13 0 12 44 5 12 10 40 
10 47 29 18 32 16 33 46 45 7 9 5 14 40 18 18 42 38 35 42 45 20 0 5 28 23 37 11 
45 27 33 36 9 5 40 47 35 31 28 12 45 35 4 21 43 9 40 2 50 46 44 0 3 18 27 18 
45 40 43 1 46 45 6 38 19 13 22 1 1 24 44 33 38 14 27 41 7 42 50 13 0 20 33 35 
12 50 33 31 18 32 37 46 7 43 31 33 17 39 48 36 9 22 9 39 28 6 13 7 39 0 41 37 
11 4 41 31 32 13 11 45 38 37 33 4 19 15 29 37 41 7 32 10 2 10 6 41 41 11 0 44 
7 6 37 26 42 27 46 26 42 16 13 50 20 7 45 10 49 27 19 40 25 50 19 23 1 7 32 0 
35 0 2 48 50 40 21 19 4 40 1 11 41 27 24 39 37 22 29 7 13 3 8 50 8 15 23 21 
20 8 0 37 15 26 36 46 11 25 45 16 23 29 1 4 6 9 38 36 43 17 36 14 48 45 44 44 
30 28 2 0 41 36 18 50 50 46 3 37 36 5 31 13 14 43 6 6 29 13 49 2 42 20 30 31 
5 34 45 39 0 20 32 42 16 34 24 5 31 5 30 1 8 3 22 2 31 12 4 22 22 43 39 16 
32 31 26 11 21 0 7 38 46 16 2 14 17 5 14 16 29 41 39 25 1 49 12 42 50 20 18 49 
19 1 12 24 47 31 0 17 11 36 9 14 34 25 18 34 36 6 39 6 48 18 47 26 32 33 18 38 
17 20 40 27 41 4 8 0 19 45 4 29 17 36 39 3 30 21 28 5 1 34 15 27 36 11 15 20 
31 23 26 31 41 30 44 50 0 41 46 32 23 30 17 49 40 32 28 23 20 10 16 17 5 4 29 18 
5 2 43 5 16 27 34 28 47 0 20 24 39 38 43 39 12 35 40 6 26 34 36 26 46 8 39 45 
11 16 7 22 27 13 13 39 49 49 0 42 16 46 47 40 3 20 8 39 35 27 21 4 33 16 49 3 
35 20 26 48 47 28 32 23 13 41 49 0 47 27 26 5 41 14 44 24 10 30 44 33 6 38 20 4 
19 41 13 24 6 29 10 29 20 23 1 45 0 39 14 24 28 13 22 12 13 10 23 30 40 40 43 39 
24 41 37 21 10 28 25 14 33 50 17 43 19 0 18 47 35 19 14 49 35 47 7 17 21 34 27 8 
44 47 11 23 35 14 40 36 38 33 3 42 18 14 0 1 41 28 46 30 43 45 14 38 12 27 41 8 
43 18 25 17 37 33 20 32 17 23 28 33 29 29 32 0 10 3 17 22 32 22 47 16 39 25 5 34 
13 31 10 49 47 44 7 48 19 14 17 17 9 48 33 34 0 19 1 14 2 15 14 5 35 46 5 10 
37 46 2 36 42 32 49 8 1 8 24 31 39 22 32 14 46 0 36 50 14 34 39 14 48 39 12 4 
20 50 27 25 3 42 35 21 2 17 29 26 35 10 41 32 26 45 0 20 26 30 33 1 9 50 46 42 
26 48 33 5 48 30 29 29 9 25 34 21 40 5 2 30 47 17 11 0 16 4 44 7 39 4 19 37 
24 38 49 18 26 8 1 9 24 20 13 32 46 6 31 32 8 43 24 31 0 21 29 4 4 42 39 31 
38 33 41 45 1 29 44 6 42 10 7 8 14 39 47 29 10 35 36 15 10 0 23 12 50 46 31 39 
16 46 34 46 26 37 28 13 26 33 26 12 3 3 1 40 23 1 35 10 42 25 0 1 44 19 7 25 
21 15 21 41 49 21 41 29 10 8 15 32 21 37 26 21 46 35 24 34 13 9 34 0 40 50 12 21 
47 41 46 41 27 20 13 7 48 6 42 27 41 13 24 42 32 9 20 14 24 17 5 5 0 10 46 24 
13 13 32 32 42 38 1 45 38 15 18 38 12 9 31 28 15 4 8 33 21 39 18 3 31 0 30 48 
48 30 37 41 31 31 47 50 45 17 25 1 40 41 19 37 27 14 21 9 5 43 39 40 2 2 0 14 
3 24 45 30 1 13 40 3 15 2 25 38 8 15 9 37 12 41 4 18 43 3 3 42 40 11 22 0 
43 0 5 42 47 39 30 18 45 27 50 38 25 38 50 38 5 35 3 27 14 44 47 7 27 50 49 34 
21 1 0 22 4 41 40 41 48 48 23 6 36 8 40 21 33 37 24 16 16 19 5 49 18 40 13 47 
28 47 49 0 15 47 41 46 47 44 5 47 48 35 47 3 41 32 30 17 19 25 24 14 21 3 35 33 
16 17 3 5 0 15 28 44 14 1 50 8 9 46 13 43 27 29 41 27 32 19 16 15 17 38 23 45 
23 5 34 28 12 0 13 8 30 31 42 1 32 21 42 34 3 41 24 21 22 7 32 47 36 31 27 4 
15 1 3 36 17 42 0 33 21 9 18 22 47 47 38 33 13 35 29 9 7 40 35 14 24 43 17 2 
39 41 9 49 48 36 10 0 44 30 29 6 34 41 38 21 26 36 19 28 25 34 24 20 12 7 22 20 
14 30 38 29 44 50 40 45 0 30 50 20 25 12 38 45 3 35 30 45 18 19 19 10 28 6 16 43 
19 15 22 47 42 26 16 46 14 0 43 50 13 34 1 44 42 26 17 45 17 38 39 22 36 33 13 5 
2 46 21 10 23 29 8 22 30 9 0 4 28 49 46 42 32 11 35 17 12 18 26 28 34 12 12 49 
5 30 44 37 15 30 22 15 1 43 33 0 28 35 26 29 14 33 23 39 47 21 46 7 11 2 16 1 
37 26 18 38 48 12 30 3 42 37 23 39 0 49 27 32 41 40 28 7 33 36 39 13 45 11 24 15 
29 9 23 33 36 50 29 36 39 33 5 36 16 0 6 23 37 28 11 34 40 20 39 6 18 34 45 33 
15 48 14 24 27 25 47 1 44 19 4 37 40 21 0 42 43 9 35 43 42 28 14 3 36 34 28 35 
46 40 4 6 50 41 17 14 39 26 10 29 11 19 5 0 30 19 24 25 45 20 29 46 48 33 42 3 
6 2 46 28 40 50 41 2 12 40 14 5 47 24 7 4 0 18 49 7 32 23 24 34 34 13 10 33 
15 18 44 7 23 8 38 11 13 43 48 20 29 21 18 43 40 0 5 19 28 21 13 25 29 49 26 11 
31 33 18 12 16 31 17 26 34 19 34 41 47 9 13 45 11 20 0 29 29 11 6 31 45 30 44 32 
13 3 43 15 9 47 48 8 29 45 32 33 40 13 46 34 25 7 14 0 22 20 8 19 15 10 20 48 
50 26 2 23 33 23 49 5 24 42 4 25 45 50 1 35 50 30 37 40 0 16 15 22 7 39 16 22 
12 5 34 28 6 39 49 48 33 28 22 50 11 41 8 23 42 22 32 20 23 0 20 24 20 36 23 30 
33 35 4 45 35 17 1 38 1 40 14 49 36 46 2 18 8 29 30 27 50 9 0 43 31 35 8 46 
50 42 32 15 43 33 10 17 13 30 33 38 33 10 3 8 33 28 24 46 25 21 3 0 16 42 6 46 
30 24 43 24 10 28 21 1 46 19 26 22 16 27 29 39 39 26 41 48 17 48 1 10 0 3 12 12 
22 29 40 16 24 37 37 30 43 21 7 23 11 13 9 8 39 8 7 8 19 47 33 14 41 0 1 9 
29 33 24 33 22 49 16 50 23 6 4 2 35 29 48 36 19 32 3 31 35 8 40 12 3 46 0 5 
44 26 47 26 25 24 29 8 47 20 39 36 25 45 14 37 2 36 6 23 29 21 11 15 33 38 20 0 
24 0 22 43 12 30 26 44 23 24 27 30 30 29 6 22 2 17 30 47 29 37 22 22 39 27 48 23 
26 23 0 15 32 44 37 4 6 37 4 8 9 10 31 23 40 11 22 7 27 17 8 19 45 35 37 9 
34 2 50 0 5 36 33 3 18 50 10 45 37 43 26 1 35 49 9 22 37 49 14 33 11 17 21 21 
7 19 4 21 0 48 8 28 20 4 37 49 22 26 7 13 24 30 17 36 14 2 17 23 21 36 13 50 
11 21 19 39 39 0 15 13 47 49 46 40 47 29 15 6 47 49 50 37 47 30 36 41 3 45 31 7 
20 40 47 34 35 35 0 9 18 50 35 48 11 8 14 11 15 28 41 20 8 50 46 20 25 21 49 17 
20 26 30 17 45 8 8 0 43 7 3 13 5 13 21 48 6 12 1 39 30 34 20 22 14 13 26 24 
8 24 21 23 13 36 19 39 0 42 21 19 4 4 50 21 4 12 15 36 7 37 3 40 8 25 33 20 
34 1 4 17 4 19 34 1 19 0 37 30 1 20 45 33 6 36 44 47 36 31 13 16 10 49 27 20 
37 6 35 13 49 31 17 35 38 38 0 4 15 36 20 49 2 18 32 15 17 13 5 47 5 15 28 47 
39 21 36 45 18 28 50 48 46 35 25 0 32 21 4 10 45 18 32 29 12 17 32 11 49 28 35 11 
7 32 9 30 48 21 34 28 14 3 44 36 0 38 37 22 4 17 44 1 44 13 3 11 30 23 37 17 
31 8 10 37 17 34 18 43 16 37 5 27 11 0 37 27 47 42 24 46 41 25 45 29 44 6 28 41 
48 4 22 30 8 12 5 4 20 4 17 28 3 21 0 44 7 17 13 17 40 8 37 7 19 6 27 46 
42 36 30 16 32 39 43 20 39 44 8 48 15 7 34 0 7 43 26 47 44 21 32 39 12 32 39 39 
34 11 48 4 24 31 17 13 18 41 38 35 39 11 1 5 0 13 10 15 2 33 25 31 15 43 9 34 
25 10 48 19 35 43 1 9 9 42 41 34 17 49 44 16 16 0 5 41 8 33 20 27 26 2 18 38 
6 10 31 34 11 15 48 42 4 20 23 4 43 39 3 43 14 22 0 27 49 3 40 9 15 10 2 2 
2 5 33 23 17 17 6 45 49 29 9 30 19 20 8 41 46 44 1 0 49 20 30 28 14 4 26 20 
35 17 1 16 24 10 14 47 37 21 48 6 37 38 44 5 15 6 43 9 0 29 46 49 14 22 9 4 
32 22 28 20 19 42 48 22 29 48 13 35 21 5 24 21 21 48 38 15 11 0 27 26 14 9 12 17 
41 39 18 38 45 15 6 33 25 10 1 30 14 39 17 16 7 2 21 22 4 6 0 25 29 16 34 45 
43 6 47 15 12 7 25 8 33 11 10 19 20 15 22 49 12 20 19 25 26 45 11 0 19 12 38 40 
14 35 15 40 23 11 21 13 28 28 46 40 24 39 32 35 6 47 34 2 8 32 7 13 0 9 48 10 
20 49 45 28 3 25 17 12 24 19 21 38 8 50 2 45 21 17 31 46 36 45 11 6 23 0 29 37 
33 32 28 2 32 25 2 2 15 34 1 43 16 7 28 8 16 35 9 26 2 6 38 37 47 28 0 3 
25 26 39 39 6 24 38 34 30 46 17 40 13 7 49 38 12 21 24 16 39 8 37 45 22 14 4 0 
35 0 28 45 42 6 4 23 28 27 27 45 46 19 28 23 48 13 50 46 47 20 4 18 26 16 23 13 
14 17 0 39 44 17 42 21 4 7 36 5 12 36 40 30 23 12 17 25 6 39 17 10 25 46 27 18 
34 32 11 0 19 26 34 42 10 12 38 33 29 5 48 25 17 13 8 38 10 7 41 31 6 10 42 18 
24 47 7 15 0 49 41 25 37 22 46 17 29 29 44 31 18 36 29 39 21 8 14 1 48 17 8 17 
12 44 1 5 10 0 35 17 18 13 5 23 35 38 30 12 3 21 47 29 10 16 26 23 46 27 22 21 
10 10 47 9 48 42 0 25 13 43 22 42 8 45 12 27 18 14 13 45 1 41 47 12 30 2 38 48 
1 36 22 5 28 39 14 0 7 8 17 46 26 43 14 18 19 32 29 40 35 49 40 9 9 34 33 21 
30 14 49 18 8 10 45 24 0 28 22 17 15 19 31 6 19 2 18 37 3 38 24 28 30 1 13 4 
50 12 27 13 21 46 18 35 43 0 10 50 39 16 49 40 40 48 15 15 21 5 43 22 8 42 47 30 
34 7 36 19 17 46 7 45 13 1 0 9 46 19 2 47 14 10 3 29 22 4 48 35 31 16 37 43 
50 7 41 20 22 25 16 35 29 7 41 0 33 44 9 4 28 39 39 20 46 19 8 30 12 6 13 26 
27 36 22 6 4 30 4 8 39 23 32 38 0 22 4 17 19 7 19 20 36 13 1 20 46 42 46 41 
24 42 28 29 14 9 50 40 50 7 2 38 4 0 40 2 16 6 7 2 48 42 3 40 23 44 37 28 
13 27 16 26 14 8 39 30 16 11 45 18 29 23 0 15 18 12 6 32 16 46 11 35 15 40 41 48 
50 21 2 6 35 28 32 37 14 34 31 39 30 15 11 0 37 5 12 39 24 26 28 36 29 18 12 21 
32 2 42 2 37 23 10 40 10 15 6 10 41 48 36 2 0 34 32 18 3 1 36 25 30 4 1 18 
23 22 36 24 39 23 8 1 35 22 33 44 16 20 26 1 23 0 50 2 49 26 40 27 2 47 50 10 
20 46 28 12 48 37 6 38 19 24 41 18 37 34 48 2 30 2 0 38 3 33 26 36 3 31 2 3 
42 34 45 34 27 39 13 38 6 8 11 35 8 10 33 7 27 32 32 0 15 15 29 39 48 1 10 48 
28 44 10 26 32 46 35 15 5 24 41 14 30 25 46 43 44 20 17 31 0 43 1 19 9 21 50 38 
38 14 45 48 34 18 41 36 44 46 33 30 39 23 46 28 34 37 19 3 41 0 20 37 45 29 34 29 
5 28 26 2 5 33 9 48 2 10 26 8 47 39 39 3 48 12 41 28 9 48 0 23 36 22 3 47 
47 18 27 1 20 50 40 36 9 19 44 28 48 31 26 44 19 8 30 23 14 2 18 0 40 33 38 7 
21 8 5 40 30 3 36 12 30 25 9 7 9 7 3 31 34 4 34 44 48 34 4 4 0 28 43 31 
34 46 1 38 18 32 44 20 29 4 29 14 26 12 19 46 20 10 2 21 16 11 21 34 36 0 49 45 
9 38 4 2 13 38 22 2 17 29 37 41 25 16 38 25 28 5 40 9 32 30 38 35 44 26 0 22 
16 23 25 18 3 20 38 35 33 26 3 17 27 5 10 2 17 33 20 27 6 28 37 44 29 46 41 0 
14 0 29 50 19 8 37 16 7 30 43 12 35 22 38 31 6 50 26 39 14 5 22 28 21 2 25 50 
17 38 0 37 31 39 7 29 25 6 33 7 45 30 12 48 31 10 6 49 48 40 26 23 37 19 41 33 
37 42 2 0 29 18 33 38 50 20 43 12 23 28 44 14 25 23 43 31 10 3 7 41 19 16 3 28 
10 41 15 50 0 13 49 25 42 33 5 4 39 13 43 13 29 39 48 34 21 5 27 1 50 45 39 32 
31 31 1 33 14 0 15 6 29 9 5 43 50 24 4 2 31 21 20 4 19 17 41 29 3 22 33 33 
23 34 41 16 6 25 0 18 44 12 32 23 41 25 7 14 4 24 46 49 10 17 4 46 31 31 41 20 
15 41 2 49 11 32 33 0 34 45 19 39 38 26 7 10 40 50 48 30 30 12 4 37 5 7 24 23 
16 20 38 10 36 16 5 4 0 4 10 33 12 9 42 24 20 36 35 9 24 4 7 14 47 33 1 11 
8 12 4 48 43 38 9 17 14 0 8 9 4 22 21 3 7 31 17 36 21 38 39 35 2 20 49 1 
20 9 7 42 28 35 6 47 43 50 0 12 41 25 50 26 10 12 28 32 37 3 1 1 34 30 48 30 
23 20 28 3 29 44 37 40 8 8 16 0 32 19 17 25 10 7 19 27 11 22 13 30 23 24 39 12 
49 19 9 23 13 30 5 33 28 16 48 34 0 47 39 11 18 2 47 46 13 21 29 41 45 16 4 37 
9 10 40 5 29 40 33 39 21 50 35 4 2 0 15 34 47 45 10 35 30 23 11 46 28 27 29 26 
42 21 28 15 8 10 44 47 24 38 11 19 45 15 0 50 41 18 17 43 45 49 37 32 47 35 31 24 
14 48 14 12 29 1 14 41 19 43 36 28 44 8 18 0 11 9 34 41 41 15 24 21 28 11 34 34 
28 6 39 32 30 27 36 31 49 10 27 33 18 31 24 31 0 48 33 40 49 37 31 26 23 14 45 41 
9 40 27 37 1 46 18 37 36 30 12 6 1 9 28 20 2 0 33 2 24 10 42 43 24 45 22 35 
47 48 30 17 18 36 36 27 41 23 23 26 37 1 45 38 2 37 0 27 40 41 9 12 24 40 13 21 
31 18 48 4 42 30 12 21 39 6 14 44 21 15 32 38 47 29 7 0 15 23 16 4 42 38 19 32 
44 38 37 7 27 6 15 5 10 43 19 32 47 26 30 6 33 38 43 7 0 25 9 22 15 46 33 49 
48 16 14 6 16 24 48 18 33 3 50 37 39 7 10 23 45 29 48 11 39 0 44 10 22 4 46 12 
8 36 17 22 12 44 7 17 40 46 38 4 9 49 9 48 4 33 2 4 50 15 0 37 27 37 48 23 
10 5 6 42 3 21 12 41 33 17 31 39 43 32 41 21 27 8 25 40 13 31 46 0 7 39 2 42 
12 43 50 41 36 14 22 48 12 35 4 36 33 47 9 27 32 23 45 10 22 10 45 10 0 19 12 9 
11 30 9 49 4 1 29 50 48 34 26 45 25 21 35 29 37 23 23 43 43 4 5 15 34 0 45 43 
21 3 49 40 22 25 5 12 18 3 36 1 35 4 47 11 43 6 28 20 39 37 31 9 37 46 0 19 
17 7 26 44 15 10 8 9 48 50 44 4 21 21 9 18 27 1 23 38 39 46 44 12 10 6 25 0 
4 0 34 22 40 4 27 6 39 6 42 9 21 42 28 46 50 11 50 2 8 50 30 20 5 8 15 8 
31 21 0 13 15 35 9 36 5 25 26 10 41 28 15 33 4 26 18 31 31 11 43 46 34 13 9 49 
25 24 15 0 18 33 40 19 26 18 44 28 25 12 7 23 21 25 1 9 24 43 18 27 44 37 27 34 
47 38 25 30 0 2 26 11 11 31 11 9 28 2 10 40 15 11 48 44 19 25 38 23 22 33 4 35 
6 8 48 21 31 0 6 7 22 38 43 15 26 49 2 46 43 11 16 24 8 15 3 3 17 46 44 9 
9 10 16 3 47 49 0 42 5 4 34 40 29 22 46 38 3 23 47 23 45 17 29 46 12 7 10 47 
21 4 5 31 25 37 48 0 48 13 23 40 18 28 8 48 43 10 22 38 3 12 27 1 31 21 24 50 
42 30 14 5 47 38 2 21 0 1 49 3 15 43 25 48 26 31 33 29 45 38 20 37 36 40 20 7 
35 45 4 24 11 2 37 6 18 0 49 19 44 31 26 38 47 44 7 8 46 29 15 1 21 49 42 30 
13 23 44 28 15 28 31 18 26 48 0 26 42 14 6 19 30 28 13 40 49 19 50 23 43 30 33 25 
29 21 44 34 26 19 22 25 33 25 21 0 4 16 50 9 12 49 19 16 45 40 10 35 24 8 10 44 
11 13 50 2 49 32 4 2 48 33 15 50 0 24 42 31 37 6 7 9 24 49 11 39 24 25 14 39 
35 20 37 21 26 17 26 12 12 33 24 22 22 0 13 49 12 30 35 19 43 3 9 24 29 17 50 36 
46 1 24 26 27 36 44 20 32 12 12 40 34 48 0 30 19 4 33 36 37 11 50 50 10 40 6 22 
36 26 47 8 4 26 31 30 12 38 7 47 37 29 44 0 17 50 18 46 36 45 23 41 20 46 32 14 
26 46 1 15 37 22 14 8 44 36 4 9 14 3 19 19 0 31 47 37 49 8 17 34 50 42 44 21 
28 13 36 27 12 22 13 6 35 11 24 21 26 24 21 50 32 0 47 10 32 33 27 5 10 24 10 33 
6 9 12 1 24 43 2 36 45 9 9 42 37 2 48 34 8 8 0 27 12 26 38 17 3 4 33 12 
38 2 9 27 4 3 40 8 47 23 10 50 28 24 38 27 42 23 5 0 24 31 36 43 47 2 48 49 
8 19 43 10 48 42 32 15 34 37 33 5 39 48 45 2 11 48 8 49 0 38 38 12 26 30 49 9 
31 2 9 12 25 7 5 32 39 5 14 13 9 47 10 4 40 10 19 16 27 0 37 35 33 50 44 49 
11 20 8 17 31 50 33 1 13 26 25 8 49 35 16 6 48 48 36 50 3 28 0 34 22 17 12 33 
33 45 18 27 13 32 9 44 13 32 38 33 14 27 47 47 29 15 2 20 32 11 32 0 38 35 14 44 
46 33 36 36 1 20 17 1 7 46 49 13 26 41 42 4 24 10 15 23 24 7 31 5 0 7 15 42 
2 22 13 30 42 49 38 13 11 27 46 37 14 47 26 41 2 31 3 26 30 41 8 8 28 0 21 42 
21 39 2 32 29 36 28 16 29 44 16 8 14 39 28 31 28 28 23 1 26 48 17 30 25 5 0 39 
13 11 14 5 3 22 8 18 25 9 46 18 1 37 32 48 47 36 24 39 38 3 10 31 31 5 20 0 
17 0 24 22 23 7 25 48 16 5 15 39 14 36 7 22 3 22 33 11 23 15 45 50 21 44 2 16 
2 11 0 2 34 25 48 2 41 44 3 37 39 43 4 22 27 33 8 23 38 33 17 50 39 49 20 33 
6 23 24 0 2 29 5 9 46 5 4 32 15 16 35 16 28 1 36 44 18 19 44 18 18 13 22 15 
34 36 12 14 0 35 5 15 46 19 21 1 8 34 35 9 17 24 2 44 7 3 17 40 49 3 5 3 
15 13 6 7 40 0 8 41 26 11 44 41 47 11 2 40 48 7 50 28 10 34 11 27 44 16 19 15 
12 17 46 13 11 30 0 3 1 34 14 15 12 1 44 9 48 23 34 5 34 6 14 20 33 49 25 46 
20 5 36 12 41 21 43 0 29 9 15 32 30 17 9 2 6 35 42 39 28 17 25 13 4 10 12 36 
9 49 48 13 14 36 35 34 0 46 48 2 25 41 8 15 1 33 42 4 38 26 5 8 36 42 11 48 
29 45 42 33 2 29 36 34 31 0 12 2 18 45 33 26 6 9 33 18 49 20 3 25 30 12 7 24 
11 5 41 13 22 4 38 6 39 4 0 16 50 46 6 24 34 39 31 25 10 6 1 50 50 3 24 13 
29 27 21 12 21 46 6 25 30 40 50 0 31 14 8 27 37 2 44 34 22 43 46 19 36 50 38 48 
19 11 6 42 10 49 42 10 30 18 43 46 0 4 41 31 45 44 40 1 12 3 29 14 48 6 20 2 
20 33 8 35 13 33 49 38 15 25 49 40 32 0 22 48 48 19 10 49 30 32 12 2 25 47 49 26 
46 40 47 8 36 41 47 23 27 22 34 30 13 6 0 3 17 20 46 50 19 40 5 32 45 39 8 41 
20 9 31 34 39 15 7 4 48 18 18 13 50 36 50 0 21 27 36 30 36 24 30 45 33 30 48 30 
37 41 9 3 19 29 50 27 15 47 39 45 16 6 3 6 0 49 3 34 50 34 41 34 6 9 10 22 
17 41 14 49 4 42 35 21 13 40 16 50 35 1 10 36 25 0 38 41 15 31 22 24 46 30 46 49 
47 46 8 4 44 10 7 34 36 1 48 35 4 31 35 40 17 34 0 3 49 50 25 6 10 18 19 45 
42 45 18 18 19 8 43 39 26 6 36 23 40 28 17 24 35 28 4 0 38 34 47 33 8 13 28 47 
50 22 41 48 36 26 15 16 39 19 34 29 27 11 42 9 34 31 12 13 0 21 33 1 21 33 15 31 
12 45 13 10 6 42 11 44 17 35 8 50 48 26 13 29 6 2 49 27 27 0 42 38 49 27 2 15 
26 17 22 21 16 22 45 4 21 27 9 29 37 16 17 26 25 27 31 14 38 9 0 4 46 20 34 38 
4 20 8 15 34 4 28 35 27 46 15 43 29 3 23 42 3 47 24 12 11 11 17 0 14 22 47 38 
27 18 13 26 2 32 34 41 35 14 12 26 25 10 31 40 30 10 35 2 12 15 17 2 0 50 46 22 
28 44 3 44 43 37 17 1 18 15 21 14 11 46 13 39 29 41 22 50 3 31 21 37 4 0 38 45 
27 12 2 12 27 6 11 7 47 32 21 20 39 8 9 14 26 10 46 25 7 50 27 39 12 29 0 47 
20 48 24 16 40 5 43 41 40 17 3 45 9 1 40 16 7 9 22 33 42 45 17 45 28 9 14 0 
38 0 27 36 13 1 49 9 41 10 23 16 31 15 46 17 20 48 23 16 38 24 18 34 20 31 40 46 
5 26 0 31 30 39 32 41 5 14 4 4 3 47 50 10 31 43 42 28 7 37 25 26 20 22 13 22 
40 21 44 0 16 33 11 3 4 16 29 44 28 49 24 41 4 16 44 21 20 38 15 37 41 29 3 34 
10 31 1 11 0 8 27 11 1 35 21 39 22 43 44 46 45 2 49 15 30 33 46 22 10 26 2 43 
34 26 34 3 38 0 31 27 44 24 16 18 37 1 39 23 7 33 27 23 28 26 42 21 36 43 14 24 
1 14 9 41 35 6 0 34 27 26 1 18 2 41 16 1 23 29 34 13 14 41 10 40 39 34 4 25 
17 42 5 49 11 24 7 0 27 31 16 26 34 31 18 12 48 6 16 26 32 12 26 20 42 2 31 1 
33 41 25 20 7 32 32 17 0 35 21 3 7 29 35 40 21 8 4 1 32 47 29 13 34 24 9 22 
13 42 23 14 47 31 23 25 36 0 6 46 19 2 50 1 27 27 3 9 47 48 22 6 13 39 1 50 
5 4 29 41 47 49 10 20 26 13 0 8 7 27 6 11 5 15 12 36 50 32 46 3 36 31 15 12 
25 41 36 11 26 46 32 19 21 8 15 0 50 20 42 31 26 15 20 47 33 42 38 18 42 1 3 2 
18 9 2 43 10 32 38 36 29 40 3 33 0 11 46 37 40 47 50 13 16 8 2 20 38 17 35 33 
21 38 23 45 10 23 44 15 11 19 16 6 18 0 33 7 2 37 12 38 36 38 5 48 21 42 39 38 
45 16 39 14 26 26 49 17 48 6 45 44 10 17 0 31 27 22 32 45 45 33 1 1 34 27 30 50 
46 16 41 2 4 21 36 50 49 22 6 40 30 19 16 0 9 46 42 19 28 19 7 29 27 40 48 45 
5 45 15 5 38 47 27 4 2 8 5 42 23 25 18 32 0 5 16 43 15 26 17 42 6 42 8 2 
31 40 37 15 13 7 26 31 6 35 18 18 44 4 16 15 1 0 42 1 46 4 2 25 25 11 47 33 
20 38 3 10 13 31 45 46 14 15 44 42 36 48 44 13 48 38 0 49 49 12 10 3 41 14 42 12 
49 30 16 13 4 16 24 7 44 3 25 5 38 50 8 2 1 8 1 0 16 49 10 39 27 38 13 49 
22 10 36 12 47 22 19 46 17 49 2 40 26 12 41 1 10 24 34 11 0 49 4 9 2 34 14 27 
14 40 41 39 26 42 18 3 48 9 41 29 33 20 5 41 3 50 18 25 5 0 8 10 29 4 5 2 
50 18 2 35 29 33 46 6 6 27 11 27 49 9 9 44 43 19 45 1 41 45 0 13 6 3 17 39 
22 6 31 12 35 22 40 18 36 46 24 13 46 38 15 50 15 43 24 20 17 46 15 0 17 11 9 4 
12 6 5 46 32 13 45 24 50 25 15 26 5 9 41 24 48 19 7 49 14 27 46 49 0 14 30 47 
23 27 42 14 2 26 18 29 13 31 50 43 1 2 14 15 25 50 17 19 11 27 22 17 49 0 4 11 
41 35 10 7 33 3 16 22 47 9 12 14 1 38 30 28 44 48 27 7 48 50 12 22 49 47 0 11 
37 46 6 25 15 48 16 28 45 4 24 18 40 35 30 17 6 13 37 16 32 31 49 29 20 23 48 0 
13 0 41 23 39 9 36 42 29 27 42 35 47 16 35 10 36 25 20 31 37 22 18 33 6 9 12 31 
30 6 0 47 27 6 42 1 3 37 22 15 16 32 48 6 4 25 22 17 22 32 22 46 25 9 39 37 
27 46 8 0 17 31 47 5 13 24 30 16 30 5 16 32 24 14 11 5 50 40 16 14 9 35 43 41 
50 9 11 23 0 18 17 6 24 8 29 6 34 19 27 36 33 25 10 43 12 6 50 48 32 15 5 40 
47 12 32 50 33 0 39 6 6 4 14 8 48 13 49 42 24 45 9 27 36 23 5 33 40 49 42 31 
35 50 11 29 8 13 0 27 10 13 27 29 23 46 13 22 32 20 17 13 30 13 15 26 3 23 39 20 
18 43 29 42 2 41 8 0 22 6 44 35 50 35 37 40 29 48 17 37 31 23 2 24 14 24 37 13 
19 21 24 8 7 20 44 10 0 17 35 35 28 33 39 42 16 38 35 18 28 44 24 36 29 37 37 9 
47 17 20 15 19 16 29 40 1 0 32 36 28 31 41 27 23 45 13 39 4 42 32 36 36 29 6 9 
19 45 35 46 22 21 11 48 44 48 0 20 17 12 5 50 41 35 3 7 37 37 18 1 42 16 48 33 
17 16 31 34 36 13 7 10 45 17 37 0 15 8 20 44 34 25 26 47 27 50 43 41 2 33 23 20 
22 2 45 43 30 24 38 45 33 13 15 34 0 4 6 46 6 25 49 39 50 18 44 35 27 17 20 22 
34 24 25 30 2 14 44 36 8 1 24 7 41 0 21 26 12 21 11 42 43 22 5 38 17 4 45 23 
3 29 18 18 27 11 3 4 21 8 34 13 20 11 0 20 38 6 1 42 48 30 42 33 14 16 25 28 
50 30 37 9 27 8 42 42 8 41 33 48 47 39 17 0 5 4 37 48 23 32 3 17 33 16 12 47 
44 11 46 4 3 2 33 3 25 34 50 8 6 29 20 13 0 47 24 4 46 10 14 38 30 28 19 3 
46 48 13 5 43 16 11 48 32 12 37 31 46 14 36 42 21 0 4 30 42 45 13 40 20 10 13 16 
38 31 24 17 27 34 50 38 6 12 30 8 42 46 31 39 1 11 0 44 9 32 24 22 17 26 48 27 
9 33 8 43 46 31 50 24 18 8 46 11 47 46 27 31 31 42 47 0 38 47 14 25 40 10 16 4 
34 14 9 7 41 29 8 42 5 48 19 35 28 43 22 13 31 5 50 47 0 13 6 44 41 26 30 10 
31 45 8 19 33 30 27 16 11 9 2 6 32 40 5 22 33 12 8 19 46 0 25 2 45 35 10 20 
42 29 21 18 31 11 20 27 47 48 30 36 5 1 27 12 4 29 50 19 8 9 0 34 12 30 19 11 
15 6 44 13 35 23 11 36 38 40 41 21 46 13 13 8 25 3 26 3 19 19 14 0 48 17 35 42 
12 34 45 10 39 13 50 5 21 4 35 45 13 45 16 40 22 13 8 5 6 45 1 10 0 9 4 17 
43 46 42 46 47 50 32 49 3 44 31 3 9 46 8 42 4 41 8 13 9 3 30 43 35 0 10 31 
36 17 33 35 2 35 46 7 9 29 9 39 46 32 46 14 47 41 11 49 9 49 4 47 20 1 0 42 
9 41 17 50 11 38 20 46 33 20 9 30 18 14 40 50 13 46 3 13 32 13 40 34 2 25 11 0 
22 0 38 14 36 16 1 44 38 17 42 30 48 1 26 37 14 44 38 12 43 36 20 50 41 2 17 38 
11 46 0 1 34 49 37 27 48 8 19 35 43 29 25 26 23 8 34 48 2 37 45 50 46 46 41 33 
26 3 39 0 23 34 50 14 34 42 16 9 32 12 25 29 29 45 10 46 33 19 10 48 42 7 4 16 
1 16 47 6 0 39 8 4 1 45 19 46 1 44 16 41 34 7 49 3 37 27 9 16 5 36 1 9 
14 16 6 47 17 0 31 34 13 19 46 11 20 24 8 24 34 10 49 10 2 17 28 27 41 44 5 18 
39 43 50 42 20 39 0 50 41 36 40 23 30 20 10 4 23 39 46 30 29 29 4 25 7 7 27 49 
42 37 40 15 4 12 13 0 46 20 20 4 42 32 25 18 39 45 38 19 40 43 14 6 38 46 15 27 
40 36 19 44 36 44 41 8 0 4 46 25 19 19 8 15 34 4 35 5 48 4 11 15 30 19 38 37 
6 28 31 2 20 40 36 24 10 0 2 26 18 49 41 17 14 43 20 20 1 33 28 31 3 4 41 17 
23 29 21 39 26 49 7 35 30 24 0 44 6 29 34 34 5 32 28 18 7 7 38 48 23 11 49 37 
5 28 48 29 49 30 24 13 46 39 14 0 1 20 43 7 38 41 49 15 41 18 49 24 50 25 36 35 
10 36 31 49 29 27 12 2 7 33 45 46 0 27 6 21 39 16 18 27 48 15 1 50 7 24 46 8 
20 7 5 49 4 13 45 14 28 15 41 36 24 0 8 41 50 5 47 4 39 36 47 11 8 32 49 39 
20 10 36 25 25 33 20 42 45 3 34 41 33 32 0 42 44 24 26 33 3 41 24 2 46 11 21 7 
23 24 47 48 18 6 25 25 5 43 40 16 3 5 16 0 46 48 21 6 22 8 44 4 37 32 49 46 
49 47 9 41 15 5 27 48 19 49 5 17 36 8 7 37 0 2 34 10 31 49 25 28 4 25 5 50 
50 29 20 11 16 19 11 27 29 47 2 26 12 27 8 48 48 0 43 5 20 14 2 7 3 3 23 19 
47 24 19 5 16 10 6 27 19 49 39 39 48 26 32 28 41 50 0 9 48 5 42 28 31 11 21 35 
37 49 22 18 8 44 1 14 3 11 43 37 16 7 50 39 49 9 5 0 7 45 32 24 17 4 44 25 
14 6 47 38 44 46 25 20 29 48 32 31 46 47 12 29 17 48 13 44 0 42 6 3 29 23 7 15 
41 5 25 5 14 15 19 38 8 7 24 50 42 41 38 21 42 18 29 10 10 0 33 4 7 19 41 1 
34 9 4 18 16 37 31 35 15 5 43 18 17 27 10 4 23 44 49 22 3 5 0 36 12 12 45 48 
6 8 2 18 37 24 14 36 29 5 39 9 13 11 6 23 17 49 50 12 33 50 30 0 31 14 20 19 
48 30 24 42 7 22 40 26 28 14 37 7 44 3 42 31 49 34 36 37 12 47 33 19 0 13 13 33 
16 6 28 21 5 17 5 17 7 6 14 33 38 24 35 29 9 31 43 6 10 42 19 31 48 0 29 34 
8 1 48 5 30 45 39 24 20 50 44 32 40 40 37 36 26 36 2 48 13 27 19 24 39 20 0 7 
23 25 38 48 24 27 33 48 16 9 2 35 39 49 50 15 29 15 49 3 17 24 6 44 46 46 31 0 
21 0 31 33 24 16 10 38 17 50 33 3 21 5 8 42 22 27 25 2 14 50 14 13 41 10 41 18 
41 49 0 19 45 3 28 47 12 17 33 36 36 25 1 32 50 32 26 44 44 46 25 3 30 19 44 33 
31 8 19 0 42 14 26 43 48 18 32 39 1 44 9 46 25 39 41 39 27 13 18 14 31 15 17 47 
22 16 47 40 0 26 9 46 16 4 49 41 23 11 33 4 15 19 44 26 1 35 50 50 14 39 31 18 
20 14 45 38 28 0 48 29 21 33 21 43 13 42 49 44 43 27 48 19 29 44 10 4 46 37 39 16 
12 23 16 33 1 46 0 42 26 2 10 11 14 25 32 13 21 44 26 31 35 3 42 8 24 17 20 2 
24 11 11 49 2 39 32 0 18 49 17 39 42 18 1 23 42 33 16 35 44 47 32 39 10 20 6 5 
14 21 15 43 17 31 44 19 0 16 42 12 10 25 44 15 15 5 6 35 14 34 30 50 26 8 33 27 
5 42 22 1 29 46 35 18 47 0 34 24 23 11 25 33 7 50 22 7 10 1 33 18 34 5 36 43 
21 35 21 40 36 34 5 39 27 44 0 42 33 14 40 26 18 31 31 33 24 40 2 23 50 4 1 23 
26 23 25 38 46 43 4 14 34 27 44 0 39 39 6 36 7 14 9 39 44 20 25 16 37 4 22 13 
3 20 12 21 36 35 11 29 17 3 6 46 0 40 10 27 43 42 37 43 45 18 4 46 10 41 16 8 
4 2 8 38 35 25 31 1 45 23 6 8 5 0 28 27 20 4 8 14 49 34 44 33 24 50 12 28 
46 50 24 2 31 21 27 8 28 10 15 22 22 10 0 10 32 20 37 30 38 17 41 34 42 3 28 17 
25 10 19 34 38 24 47 36 2 22 21 26 38 29 21 0 50 11 40 37 43 39 25 13 13 38 21 24 
11 5 16 32 50 3 5 2 48 9 26 28 48 25 25 9 0 11 50 12 43 10 46 42 24 3 16 35 
28 1 48 7 46 17 1 36 31 36 40 21 23 33 27 23 41 0 35 12 39 19 14 17 3 13 27 29 
15 16 14 43 30 35 18 27 2 50 3 31 11 48 39 45 23 21 0 29 39 10 33 24 1 39 41 27 
17 14 35 46 44 20 39 36 21 17 44 10 37 5 7 26 23 38 5 0 2 42 30 20 44 32 35 38 
20 33 42 13 4 39 8 2 13 18 5 9 12 23 12 18 28 30 12 42 0 35 3 8 1 13 35 40 
36 37 45 41 15 10 32 20 4 29 5 40 22 30 4 44 8 19 30 44 29 0 31 13 42 15 21 43 
4 17 25 42 50 20 50 23 15 19 27 40 50 31 3 9 39 24 40 40 13 32 0 9 50 32 34 42 
11 5 25 3 27 45 17 28 4 29 38 5 21 22 8 39 26 31 29 30 13 27 23 0 24 19 26 31 
31 23 8 25 10 17 28 39 18 41 16 1 46 33 3 50 30 2 19 19 19 6 43 34 0 20 4 4 
29 35 33 1 34 1 15 37 6 46 4 28 39 44 33 40 48 10 30 33 48 11 27 43 23 0 50 7 
12 25 30 25 6 7 13 50 5 35 41 32 1 32 46 47 5 26 24 31 26 36 16 46 24 40 0 21 
7 18 9 41 28 35 45 3 12 27 22 49 22 27 44 29 6 8 28 30 2 2 14 23 18 50 20 0 
32 0 27 10 35 1 16 37 6 32 47 45 13 48 6 30 34 21 33 27 2 5 32 7 10 38 46 10 
19 5 0 4 37 23 28 16 13 26 3 42 21 33 36 21 13 33 12 45 31 24 23 19 44 40 41 48 
16 1 20 0 1 47 6 6 18 2 28 11 22 36 33 44 4 32 29 12 45 17 34 20 25 49 44 16 
37 47 37 11 0 47 33 31 50 13 6 2 46 16 27 19 19 35 22 40 10 48 31 19 37 15 28 47 
31 32 31 45 2 0 4 40 20 21 16 18 14 40 5 33 31 48 30 34 47 18 49 16 35 3 10 34 
19 6 28 50 46 19 0 36 50 19 32 11 1 42 26 8 48 4 17 9 50 5 15 1 21 8 32 32 
29 33 16 47 43 43 20 0 22 15 43 17 22 46 4 6 14 49 37 30 42 21 11 2 12 19 45 10 
30 4 6 7 42 15 38 7 0 18 3 36 19 9 23 4 43 5 38 45 13 47 50 1 2 35 29 41 
11 19 31 5 28 48 33 41 19 0 10 36 25 8 9 47 39 12 14 19 21 20 18 18 47 25 24 32 
14 31 3 4 23 14 25 27 39 37 0 49 8 22 26 32 36 34 19 13 38 5 50 11 40 39 17 8 
21 44 1 35 30 5 16 20 11 16 6 0 14 11 34 32 9 2 13 6 47 46 38 32 35 29 12 37 
28 14 20 13 16 7 7 4 34 38 3 19 0 4 6 6 22 20 29 6 3 4 24 42 10 28 33 20 
12 33 12 17 6 19 19 39 7 42 3 40 7 0 5 31 49 21 50 44 3 42 41 17 13 6 23 10 
34 4 23 10 36 33 38 45 21 22 22 47 1 35 0 17 50 31 18 39 50 49 23 26 21 10 34 31 
28 22 17 50 12 34 10 36 36 34 32 18 7 20 10 0 10 27 50 4 43 18 26 42 37 45 17 24 
11 11 29 2 50 2 2 10 23 5 22 11 13 42 50 32 0 16 50 50 32 30 39 14 49 22 7 42 
14 3 31 31 5 45 11 49 26 7 32 32 16 6 10 38 6 0 5 40 41 1 18 45 26 37 46 35 
44 23 47 30 31 44 11 38 8 43 25 18 16 3 44 25 25 34 0 19 35 27 21 2 9 45 33 17 
41 47 9 6 44 10 10 17 26 29 27 2 39 6 18 3 45 31 38 0 24 38 8 44 20 43 19 11 
9 24 22 39 36 48 27 20 42 50 38 32 8 6 37 19 46 48 32 31 0 29 10 19 7 28 8 9 
30 34 4 39 13 25 49 2 43 5 40 42 4 12 36 26 3 8 50 30 18 0 1 39 48 22 11 39 
32 49 6 16 12 29 39 47 36 39 12 25 7 10 5 45 14 7 7 28 19 44 0 34 16 49 29 28 
42 29 45 6 17 3 36 17 4 38 40 29 13 15 16 50 38 42 34 43 21 14 7 0 26 41 16 33 
21 39 15 40 17 33 1 48 18 42 33 45 22 21 43 2 8 25 28 44 14 4 44 47 0 25 15 36 
8 29 23 20 15 2 20 16 29 39 48 23 46 12 18 48 9 5 47 12 22 28 13 50 1 0 14 22 
20 17 46 19 16 2 48 44 20 46 22 18 44 3 6 15 13 10 3 32 33 46 7 35 43 28 0 4 
15 30 16 23 20 2 30 1 49 33 21 32 21 49 19 48 2 38 37 4 10 17 14 50 40 49 32 0 
40 0 24 11 11 26 39 49 34 14 4 23 3 17 14 3 7 32 43 29 32 34 14 48 5 48 6 24 
44 48 0 17 17 34 22 20 41 27 39 22 45 43 23 16 5 45 29 35 21 41 8 11 32 7 11 17 
49 26 26 0 7 14 21 16 5 36 48 38 40 32 47 23 26 18 11 49 36 10 18 10 4 26 13 36 
33 37 38 35 0 10 23 5 21 16 1 33 8 25 28 18 30 8 7 40 4 24 18 32 43 22 9 26 
8 32 17 22 31 0 2 35 33 19 49 13 29 18 28 26 8 25 36 3 24 9 42 38 2 48 37 9 
12 15 5 46 13 1 0 48 47 40 49 29 2 7 40 46 50 32 45 29 23 27 49 11 7 7 20 36 
17 17 44 15 25 45 43 0 24 18 14 3 50 28 20 31 37 9 47 35 46 35 13 43 7 8 19 15 
33 14 5 48 39 44 16 31 0 30 47 35 5 8 15 16 28 36 29 45 1 3 47 12 2 11 23 24 
1 5 24 37 8 6 31 11 11 0 13 16 15 7 13 40 1 40 25 42 28 31 19 35 7 28 14 19 
12 37 2 4 38 17 20 15 27 7 0 10 27 49 27 5 6 15 21 15 39 39 13 46 23 27 19 46 
44 32 20 18 10 45 38 19 25 10 10 0 29 48 37 48 14 45 30 49 44 1 27 14 21 37 13 25 
30 50 41 29 27 19 22 27 33 8 40 1 0 33 11 9 31 46 6 42 18 2 42 50 1 43 29 26 
46 17 19 50 31 48 20 9 20 34 31 33 10 0 27 10 15 7 6 30 16 33 42 47 18 15 45 46 
24 39 50 41 37 49 43 27 11 15 8 9 3 14 0 3 40 47 16 23 32 41 43 27 44 46 13 14 
43 4 21 1 35 37 2 47 21 20 44 45 35 18 1 0 50 50 49 48 27 3 31 3 50 3 43 13 
5 31 12 7 46 24 36 50 23 40 15 24 23 1 17 33 0 21 4 21 38 15 41 43 27 45 48 37 
11 13 2 22 48 42 24 48 16 9 13 49 22 50 18 28 11 0 36 25 25 26 36 48 32 47 32 6 
48 14 38 35 12 48 37 25 38 21 19 17 32 49 4 2 24 8 0 6 50 39 48 14 33 42 21 23 
11 26 15 20 26 17 37 26 35 28 24 1 1 35 26 31 7 42 20 0 43 26 23 34 24 25 41 33 
18 1 1 6 44 42 25 27 49 23 2 44 1 46 24 20 24 1 7 5 0 15 13 18 7 41 22 28 
48 38 43 41 46 35 34 20 25 34 23 30 10 27 8 27 8 6 49 20 48 0 3 4 11 24 18 37 
18 5 34 45 15 22 15 28 40 7 32 7 10 17 26 49 36 2 21 48 28 7 0 36 10 1 43 3 
30 45 34 32 18 28 48 16 16 42 40 9 8 46 50 19 21 26 50 40 3 22 4 0 18 10 3 21 
10 12 19 24 44 23 20 35 33 6 25 15 29 12 2 11 8 47 43 13 3 29 39 16 0 35 2 3 
1 9 42 17 23 15 8 39 5 47 19 46 37 39 11 17 13 47 11 21 28 2 12 47 22 0 17 41 
18 31 23 3 40 43 20 19 26 42 40 2 1 22 24 47 14 40 1 7 24 42 12 26 20 24 0 31 
26 50 47 46 46 7 25 40 8 33 45 30 4 18 21 35 26 24 45 11 49 4 5 49 7 21 10 0 
