39
22
13 0 40 45 28 24 2 23 13 42 7 25 1 5 37 2 49 2 3 41 20 33 23 
38 40 0 5 5 33 49 38 1 45 27 34 11 5 42 5 9 26 28 25 5 13 21 
44 25 10 0 11 46 34 24 23 13 21 13 41 3 5 24 19 19 24 25 42 13 49 
18 45 33 10 0 45 44 28 14 46 28 11 17 47 30 46 23 3 5 27 22 14 14 
48 14 40 50 36 0 7 10 2 30 21 9 45 8 15 28 37 40 31 46 50 25 35 
31 36 8 44 24 47 0 21 21 15 41 35 5 48 19 21 45 9 21 4 44 49 40 
9 2 23 31 45 17 15 0 47 27 15 39 14 34 4 43 42 33 14 32 9 6 18 
11 4 18 10 17 45 23 25 0 46 32 36 41 28 7 22 44 3 4 6 19 14 21 
16 34 35 17 3 17 38 41 13 0 40 34 41 42 19 13 35 1 21 25 3 20 8 
28 44 27 36 21 40 12 28 4 37 0 5 40 38 35 25 50 43 6 37 5 19 47 
7 37 15 3 31 18 4 36 45 12 2 0 9 7 42 41 17 46 49 30 36 37 47 
37 2 32 29 11 1 28 19 16 15 39 32 0 37 40 21 19 9 45 25 18 43 44 
39 29 28 33 9 27 11 39 26 34 10 10 1 0 14 21 3 7 3 9 27 46 37 
21 25 6 1 46 28 40 36 11 20 5 44 13 3 0 1 28 42 2 9 27 39 6 
22 27 40 8 48 7 38 22 10 16 48 3 9 4 28 0 9 31 33 50 41 23 41 
6 7 1 19 2 29 11 7 19 19 48 15 4 29 12 39 0 30 33 48 40 11 39 
46 11 44 48 1 34 22 26 28 49 33 32 22 33 7 30 6 0 9 12 3 48 30 
5 45 50 49 47 42 4 17 43 34 31 17 12 41 25 4 29 27 0 36 43 41 50 
32 23 8 29 32 50 28 40 29 8 41 17 7 50 49 3 37 30 22 0 11 7 50 
1 6 22 17 6 2 31 35 17 6 39 5 13 28 42 19 11 5 40 3 0 6 23 
26 46 34 25 6 27 40 7 22 31 43 32 22 2 8 16 44 26 9 44 41 0 36 
28 2 38 21 11 19 20 17 21 4 45 28 30 26 34 32 46 5 45 11 34 9 0 
13 0 31 6 40 11 46 12 15 45 12 32 40 18 32 37 35 16 21 38 5 10 39 
38 44 0 23 32 32 13 30 4 49 31 3 20 40 8 16 22 9 24 6 7 10 34 
46 40 9 0 2 45 11 40 24 24 29 49 24 44 12 18 29 14 50 35 41 13 2 
38 48 43 30 0 20 45 13 14 50 4 30 4 48 33 24 31 18 19 15 26 8 24 
22 17 15 5 4 0 30 11 7 22 19 21 45 3 11 10 16 42 46 12 10 30 45 
44 40 14 36 6 33 0 32 17 26 38 45 15 27 26 16 16 41 33 3 44 33 11 
34 4 30 13 21 2 27 0 20 14 48 44 27 23 25 41 19 25 28 25 6 44 34 
1 38 35 34 1 27 6 29 0 8 37 13 33 7 10 6 44 13 31 40 7 24 48 
21 50 3 41 25 22 9 25 20 0 27 18 50 4 43 28 38 2 1 15 36 40 8 
14 41 19 31 14 32 16 45 17 37 0 10 4 18 36 31 10 3 34 21 33 17 36 
16 7 7 14 16 25 29 39 43 39 8 0 13 36 13 22 44 8 28 9 26 11 31 
41 50 25 43 7 42 48 31 15 7 41 29 0 25 12 24 1 16 41 16 28 45 21 
46 6 50 19 39 9 27 44 25 42 26 35 17 0 7 39 24 19 37 42 12 24 1 
22 8 38 11 20 7 12 18 10 34 37 20 4 20 0 43 38 4 39 5 22 33 50 
3 41 46 18 12 43 23 29 37 34 48 46 34 42 31 0 28 40 20 32 7 33 42 
49 47 3 20 31 31 34 3 7 3 18 23 5 48 15 3 0 45 20 46 31 48 3 
23 9 36 1 8 26 50 36 40 27 17 12 43 50 15 43 12 0 42 46 34 27 45 
28 12 38 34 14 38 25 13 11 2 45 46 24 45 34 30 24 8 0 3 22 14 42 
6 44 6 16 39 3 8 5 35 14 27 29 32 25 14 25 13 13 12 0 27 16 16 
17 47 26 20 9 33 19 39 31 5 32 36 7 44 28 49 49 22 5 7 0 18 31 
20 46 13 10 16 49 46 41 11 37 26 41 27 9 40 19 44 26 37 46 33 0 22 
47 46 18 20 47 14 14 40 23 10 48 37 28 30 7 49 17 20 44 41 45 46 0 
10 0 16 18 19 10 31 28 30 20 22 49 48 49 18 42 47 3 32 27 22 15 17 
43 41 0 32 10 12 46 9 18 3 43 28 2 36 3 3 28 5 34 12 43 40 27 
39 31 31 0 40 7 21 17 12 14 24 31 44 24 28 38 50 19 33 22 3 19 6 
20 48 32 40 0 44 25 28 44 10 22 28 17 3 2 29 22 39 39 1 42 29 5 
21 43 30 26 41 0 6 15 30 21 37 8 33 11 34 9 18 27 43 35 20 14 10 
17 7 25 37 21 47 0 44 34 3 28 27 16 27 39 11 19 35 23 30 31 1 41 
9 20 41 46 14 22 12 0 9 7 10 41 12 27 23 1 4 35 18 36 38 35 31 
6 46 8 20 7 8 8 13 0 41 34 9 26 49 6 47 26 34 23 22 45 21 18 
25 15 12 39 19 32 38 12 46 0 14 7 29 15 45 38 45 16 4 1 45 19 8 
4 2 24 46 8 10 35 13 17 41 0 10 38 22 44 8 19 40 27 26 29 39 46 
20 21 42 2 38 40 8 19 44 26 50 0 18 11 11 15 24 24 28 28 33 47 17 
19 27 24 45 37 48 15 25 20 41 20 9 0 32 4 5 6 22 45 6 49 47 35 
39 4 33 47 4 17 3 48 1 6 49 4 2 0 15 28 44 4 10 4 20 6 9 
49 3 29 12 19 18 6 34 27 49 20 35 38 20 0 12 40 44 48 22 22 40 14 
11 29 2 40 28 29 42 47 45 28 29 31 6 30 19 0 43 48 35 43 18 30 50 
35 18 28 9 32 14 17 7 48 35 20 36 43 1 10 30 0 41 28 42 31 5 42 
7 8 15 33 22 2 50 37 30 22 34 12 45 35 12 20 47 0 29 31 38 30 44 
11 21 38 18 33 19 45 15 27 50 45 43 11 21 44 50 43 15 0 7 11 5 48 
2 32 7 25 18 21 32 14 1 17 12 13 47 44 45 4 20 32 43 0 15 46 34 
17 3 24 42 26 47 36 16 32 20 40 14 19 7 12 8 1 25 34 14 0 50 28 
31 49 24 50 5 39 46 25 19 40 3 19 15 5 2 26 45 35 28 35 36 0 43 
24 34 26 39 43 12 32 19 31 33 35 40 22 26 18 27 43 48 21 7 1 50 0 
11 0 1 43 8 7 25 30 50 36 15 42 39 26 41 25 17 46 35 44 1 10 20 
34 26 0 33 27 8 19 42 31 15 29 42 24 23 26 47 36 5 7 39 31 47 20 
48 34 50 0 28 2 27 2 37 14 1 41 41 17 18 25 31 17 12 9 5 1 14 
47 2 18 50 0 20 11 30 38 12 29 24 14 28 50 27 31 17 16 30 28 16 41 
34 32 9 30 12 0 25 40 28 23 42 19 35 37 49 10 3 7 41 8 26 40 12 
18 3 40 25 5 37 0 45 43 26 24 48 7 19 37 42 41 50 5 49 35 6 32 
46 44 13 29 21 15 10 0 39 21 41 2 22 15 6 40 37 21 3 33 31 17 46 
37 31 30 24 11 16 42 3 0 28 5 7 36 8 46 13 26 17 31 34 37 3 8 
5 48 22 37 2 13 34 46 3 0 26 16 50 8 33 49 47 4 44 48 18 13 48 
15 29 48 44 25 45 37 3 48 30 0 44 30 26 32 3 25 15 29 19 32 3 32 
21 9 39 30 28 20 27 40 40 35 45 0 8 33 44 39 8 39 40 10 50 28 36 
7 28 7 17 45 29 29 19 49 32 45 34 0 8 39 6 45 18 17 26 8 41 9 
35 19 50 9 37 8 40 30 23 3 4 35 3 0 11 24 11 26 48 12 21 36 14 
13 50 37 50 3 45 22 44 24 21 46 48 44 39 0 18 37 43 22 29 20 10 43 
30 23 37 45 21 8 41 29 47 20 23 21 6 50 23 0 37 6 46 8 29 29 33 
40 6 18 35 43 40 6 40 42 17 5 21 20 14 14 9 0 24 15 3 46 25 26 
25 23 34 19 14 7 17 34 12 31 15 48 34 32 27 37 15 0 1 23 7 29 7 
17 35 31 9 24 48 22 44 27 33 9 15 31 45 2 25 26 49 0 24 8 6 25 
7 23 31 32 32 38 50 2 23 18 48 19 7 49 39 5 34 20 13 0 18 5 32 
40 19 1 32 35 41 26 25 34 21 2 43 29 8 29 42 16 34 45 25 0 10 41 
18 13 39 4 37 22 16 5 46 38 20 25 34 12 31 50 3 9 27 49 35 0 27 
17 14 20 31 27 43 4 29 24 30 22 49 2 39 44 32 5 4 9 30 26 15 0 
23 0 4 25 18 11 17 31 36 48 11 6 41 46 26 34 6 46 24 1 17 14 41 
4 35 0 10 43 7 22 5 23 41 6 2 3 42 16 6 9 33 38 49 39 33 11 
43 12 43 0 18 48 49 9 35 29 9 1 33 1 40 8 18 10 10 32 25 21 1 
39 43 34 19 0 50 37 42 14 19 25 8 43 42 48 50 39 24 6 14 6 27 44 
3 9 15 17 1 0 15 28 39 8 8 41 43 24 1 35 30 49 23 44 16 41 26 
25 9 48 10 19 21 0 37 27 11 15 24 46 41 25 4 34 36 28 36 30 18 1 
3 50 25 50 5 44 7 0 42 13 12 3 27 35 7 19 42 47 8 2 32 47 26 
19 29 10 10 27 16 37 17 0 31 11 9 25 6 49 36 19 17 44 20 20 3 13 
43 15 41 47 16 45 31 28 29 0 37 4 28 32 46 40 46 17 42 5 47 31 42 
19 11 2 21 6 28 41 9 12 28 0 23 6 36 46 19 31 50 43 36 3 33 22 
21 28 17 40 30 22 27 29 15 7 32 0 1 46 31 46 46 39 4 38 21 26 27 
6 26 11 44 27 37 42 13 11 29 10 47 0 40 24 4 17 48 20 32 33 13 16 
25 35 1 39 36 5 4 32 16 13 47 44 23 0 42 30 37 45 40 37 3 46 4 
42 50 41 22 42 23 6 18 39 43 15 40 2 26 0 44 38 2 38 9 30 14 48 
1 46 1 13 37 12 25 42 46 10 21 22 44 1 49 0 14 13 32 27 48 25 4 
30 34 41 5 43 8 39 50 45 17 40 45 49 45 22 30 0 36 44 44 47 48 5 
19 31 33 43 40 38 25 27 3 17 24 48 17 17 23 33 20 0 18 4 46 16 4 
32 49 3 4 43 34 46 33 5 28 6 26 16 11 23 1 18 1 0 26 18 14 24 
22 1 29 5 8 4 25 26 44 2 39 15 49 34 40 37 46 41 31 0 21 12 46 
42 41 2 12 11 20 1 3 21 48 40 8 28 2 26 38 27 43 9 29 0 35 5 
38 1 12 40 11 31 6 36 37 44 13 26 10 39 4 46 44 6 26 42 32 0 42 
25 42 6 39 12 8 15 39 12 34 12 38 4 2 1 22 10 20 47 36 11 47 0 
46 0 3 43 37 35 32 50 3 4 44 24 47 26 20 34 22 20 48 21 49 32 30 
15 23 0 36 3 45 22 47 6 45 47 31 29 47 4 46 25 24 33 40 10 30 18 
15 8 26 0 31 38 38 50 50 15 13 15 17 38 21 2 33 37 28 7 49 50 27 
16 47 24 31 0 26 46 24 39 9 23 50 47 8 29 27 14 35 9 6 45 32 18 
15 30 16 26 23 0 42 47 12 3 32 19 38 42 30 8 7 12 5 26 27 4 42 
17 42 13 24 7 23 0 44 48 43 5 45 49 32 44 16 1 23 33 42 48 21 19 
28 21 37 47 7 28 48 0 2 20 6 15 24 14 24 14 49 36 24 19 5 40 15 
43 43 48 14 42 11 32 44 0 35 7 21 49 14 42 37 10 17 17 1 41 35 40 
35 9 31 42 38 24 47 19 29 0 17 30 13 29 45 50 43 36 37 20 26 22 8 
3 15 10 22 12 26 8 3 5 49 0 30 4 9 39 34 50 24 9 47 16 28 5 
20 2 14 43 11 24 31 14 22 10 18 0 27 7 16 32 16 12 21 12 27 12 31 
33 26 36 11 10 37 13 12 30 7 30 48 0 46 9 9 20 16 34 23 41 27 21 
36 32 33 18 18 9 47 26 5 2 43 39 19 0 38 8 1 14 45 1 11 31 12 
48 9 20 24 8 43 6 28 5 22 5 13 40 4 0 28 42 19 5 15 4 2 28 
5 8 41 21 12 16 20 28 40 17 41 25 35 25 48 0 45 2 4 21 28 48 22 
34 6 49 5 23 23 27 47 46 27 10 20 4 13 34 37 0 32 41 8 27 32 39 
23 15 19 4 44 24 4 12 34 25 31 34 24 35 23 8 43 0 48 2 44 21 14 
15 15 21 36 12 16 23 31 20 22 40 46 34 34 36 20 29 3 0 43 35 44 36 
40 20 40 49 14 24 48 10 25 39 18 9 1 4 33 9 13 39 40 0 4 5 9 
45 28 2 40 23 24 20 50 1 37 20 30 26 1 47 13 2 49 33 11 0 48 1 
29 25 34 32 37 21 41 5 45 41 32 31 26 12 48 24 2 25 41 25 38 0 31 
40 21 29 33 12 50 37 41 21 44 12 44 50 27 7 41 38 50 9 47 42 29 0 
48 0 45 26 35 16 29 47 9 20 23 13 48 35 13 3 4 9 42 18 5 21 39 
20 32 0 13 21 18 11 37 42 16 42 40 11 24 34 8 27 34 9 45 13 24 40 
31 2 42 0 45 39 34 42 18 29 38 9 10 26 44 23 45 12 36 22 29 7 22 
8 25 39 19 0 47 32 8 10 10 8 15 31 2 11 30 24 23 4 50 49 14 3 
3 15 9 14 5 0 39 47 9 41 45 33 10 44 18 6 20 37 10 11 19 28 1 
45 45 42 13 16 39 0 13 19 29 9 9 6 23 24 11 33 27 19 14 1 18 20 
48 43 17 12 18 4 17 0 40 39 45 25 2 20 14 23 43 24 9 47 23 16 25 
1 38 46 32 10 4 34 42 0 6 27 34 26 48 50 46 4 21 9 2 39 20 14 
32 22 4 47 11 35 46 5 5 0 45 4 23 42 30 17 36 45 13 7 47 39 48 
18 45 17 23 47 21 38 38 21 27 0 5 37 6 25 29 14 43 49 47 2 23 39 
22 26 9 17 37 36 15 39 33 24 26 0 35 4 10 30 39 38 26 17 18 25 27 
18 5 24 43 8 32 21 9 1 38 26 29 0 23 42 15 31 34 3 23 33 45 32 
12 22 21 19 34 5 11 21 35 5 15 46 8 0 4 44 45 28 33 19 24 23 38 
10 25 37 39 25 8 42 14 45 43 32 36 44 2 0 22 39 49 16 48 30 4 21 
15 28 34 11 38 40 25 40 14 22 10 25 13 47 33 0 45 30 4 30 21 10 23 
14 22 11 42 23 40 35 3 26 43 35 39 11 9 5 14 0 20 3 39 5 29 11 
27 19 40 26 6 4 36 45 1 33 11 42 15 13 1 46 18 0 36 6 11 46 17 
41 24 36 25 40 16 34 27 33 5 45 4 45 42 3 47 34 31 0 18 32 43 2 
29 19 45 43 14 25 36 4 50 18 16 11 29 17 40 32 15 20 11 0 24 1 6 
48 11 18 9 44 21 3 25 44 14 25 39 45 18 30 47 2 10 42 30 0 6 27 
38 35 14 36 7 2 17 48 21 19 2 23 21 34 26 6 31 15 1 25 25 0 2 
36 40 22 23 3 18 18 2 33 21 1 22 24 33 45 8 15 1 9 46 44 7 0 
37 0 23 47 46 22 47 29 27 29 31 2 37 50 25 15 34 50 49 30 19 36 31 
23 50 0 11 44 12 24 1 1 17 29 9 30 3 50 27 7 47 22 24 7 43 20 
21 37 34 0 20 44 31 2 11 17 25 21 7 50 47 36 28 35 6 26 28 15 23 
28 20 22 15 0 8 43 2 8 46 30 39 3 30 24 11 43 31 21 50 6 13 35 
10 47 50 30 22 0 19 38 19 31 15 5 48 10 14 49 29 23 9 9 9 29 42 
18 47 18 12 18 43 0 26 6 29 9 11 43 11 26 16 29 21 34 21 28 50 24 
49 32 15 47 44 2 48 0 41 48 4 6 18 29 4 12 11 1 46 44 25 36 46 
38 17 3 24 14 45 38 26 0 39 2 43 45 49 36 48 22 49 24 9 39 12 7 
38 43 47 13 17 11 33 25 34 0 25 38 3 45 48 44 21 39 4 3 23 16 4 
26 35 5 26 14 30 48 20 17 48 0 35 31 30 11 27 2 28 28 43 14 18 18 
7 47 41 50 28 28 35 5 37 39 41 0 34 17 12 8 41 48 3 28 15 9 41 
18 14 18 34 44 38 26 25 31 3 36 9 0 29 9 36 14 2 20 36 12 11 47 
41 46 44 16 44 37 30 40 36 4 10 16 29 0 27 33 45 34 48 30 12 9 39 
48 9 34 50 6 35 2 9 30 47 31 22 24 23 0 40 29 44 40 45 41 17 33 
50 13 30 9 32 8 37 38 33 50 38 2 48 35 32 0 45 32 46 39 28 25 13 
36 8 4 10 5 5 4 41 17 19 23 16 10 22 20 48 0 4 45 23 42 15 31 
34 23 25 6 48 50 8 50 2 39 8 37 28 22 6 22 3 0 32 35 43 33 20 
30 33 26 11 26 34 43 45 6 34 49 5 25 31 36 50 8 5 0 33 17 17 34 
9 23 45 48 42 33 42 41 7 23 49 14 43 42 30 37 24 25 8 0 8 34 25 
39 23 48 25 36 4 24 30 11 16 4 46 25 3 17 28 42 10 3 15 0 27 26 
7 11 39 44 20 21 31 9 10 9 1 35 35 22 1 18 47 39 17 28 12 0 33 
11 47 18 28 21 47 33 48 5 19 48 13 16 37 37 43 34 3 50 3 7 45 0 
46 0 41 18 45 28 25 14 15 49 50 15 25 1 42 26 42 1 35 26 12 5 32 
37 22 0 6 14 32 5 5 14 29 10 26 17 1 28 10 26 19 8 35 40 21 49 
49 42 37 0 45 17 42 3 15 27 45 40 15 4 47 39 15 43 10 11 35 22 5 
49 35 41 49 0 33 26 16 18 28 15 12 39 24 15 27 37 39 13 12 14 34 32 
27 37 24 14 37 0 5 15 26 30 36 28 44 43 3 5 18 10 27 49 9 17 26 
3 16 23 25 38 7 0 21 48 23 8 22 18 9 4 25 19 39 12 4 3 35 27 
12 30 22 25 32 21 4 0 36 16 26 15 1 35 9 42 13 17 9 5 33 14 20 
23 26 44 1 44 41 39 37 0 6 15 41 27 5 43 3 13 25 1 45 38 43 47 
3 8 20 16 28 27 45 45 49 0 2 14 42 7 46 31 31 27 13 47 29 20 1 
10 9 5 49 10 5 34 4 39 26 0 27 27 23 37 32 28 14 12 43 11 17 40 
14 13 37 7 33 44 24 32 41 15 27 0 3 48 11 12 30 17 41 11 45 14 38 
16 30 24 45 49 50 50 35 37 9 34 21 0 46 42 13 3 22 41 30 7 35 13 
1 21 39 22 17 34 45 2 1 23 26 26 48 0 7 34 39 45 25 33 6 29 18 
19 28 16 20 18 15 20 21 15 7 4 4 30 3 0 6 28 34 16 40 35 9 12 
45 21 45 6 19 34 46 5 25 29 34 34 2 12 6 0 47 16 31 33 30 8 20 
23 45 27 32 33 17 42 17 17 44 9 8 33 46 26 12 0 47 36 25 10 32 25 
20 47 2 45 22 37 50 10 3 29 5 26 48 1 30 38 2 0 29 14 9 13 41 
25 45 29 11 21 5 35 47 5 48 38 48 26 31 31 38 46 5 0 17 7 41 30 
4 8 48 25 33 9 34 47 47 24 12 29 22 7 17 12 17 46 26 0 6 24 7 
38 1 26 49 8 14 34 9 43 6 50 45 42 22 14 47 22 26 13 9 0 2 15 
36 47 9 24 22 34 39 21 32 36 6 47 20 48 50 35 2 21 13 39 32 0 7 
29 27 16 45 48 20 24 50 43 16 6 24 15 29 40 34 42 50 20 22 25 15 0 
40 0 45 3 16 47 38 24 43 46 13 33 30 18 33 8 28 36 19 47 32 43 41 
42 46 0 34 21 45 19 29 14 20 10 32 14 38 22 43 33 24 37 27 1 20 43 
41 35 12 0 8 27 15 14 1 25 43 23 49 3 7 33 27 43 6 15 33 44 24 
49 5 45 36 0 35 4 46 11 6 43 22 50 6 49 10 38 42 14 50 20 36 39 
42 40 20 37 50 0 47 44 21 36 37 50 18 37 8 14 41 31 10 5 14 38 31 
28 4 2 34 18 6 0 14 1 34 25 38 10 13 5 17 49 5 50 18 35 7 35 
50 38 13 3 25 1 34 0 40 15 22 2 12 13 17 35 16 30 38 8 36 3 26 
30 27 45 9 25 32 6 5 0 47 4 24 43 4 14 22 15 32 13 17 44 10 17 
9 1 43 1 14 39 21 30 28 0 21 32 25 8 36 8 17 27 2 34 10 25 49 
38 20 13 21 45 15 7 45 20 10 0 16 14 19 44 16 25 19 17 35 17 26 4 
11 29 7 36 8 16 37 15 10 50 42 0 10 14 24 38 43 45 6 24 34 2 23 
10 45 17 15 1 3 34 18 25 8 23 35 0 10 35 15 9 8 41 8 5 50 16 
22 9 31 43 37 26 23 30 44 43 2 38 20 0 13 19 44 15 35 31 43 25 34 
38 29 14 4 29 37 49 33 26 47 24 44 23 9 0 34 9 16 9 46 46 15 30 
34 22 15 2 40 14 27 24 24 7 41 38 22 3 29 0 33 48 36 31 11 18 5 
14 26 41 11 10 6 19 23 48 30 20 9 46 42 39 27 0 48 35 7 3 24 18 
3 35 37 32 31 33 12 10 16 4 13 29 9 40 12 29 5 0 21 5 2 9 12 
19 14 7 37 45 21 39 46 4 15 32 47 24 7 25 29 26 36 0 12 39 14 16 
46 18 34 50 15 20 31 37 48 22 9 41 16 24 25 44 39 41 22 0 21 50 48 
47 12 17 6 5 27 46 19 40 21 49 3 18 40 3 46 6 20 15 18 0 17 10 
38 33 41 1 4 32 47 21 18 44 17 49 21 22 34 10 15 5 41 29 32 0 39 
43 14 7 36 41 44 35 2 6 32 31 38 25 34 16 4 23 14 23 20 4 5 0 
37 0 19 20 32 12 47 5 10 27 38 28 50 41 27 44 19 41 4 36 16 39 35 
18 34 0 48 50 44 12 32 28 7 13 35 38 28 38 16 10 32 39 48 46 6 43 
10 25 44 0 40 10 5 24 19 34 39 17 2 1 37 34 13 3 44 29 50 32 16 
15 3 50 7 0 3 31 22 48 18 43 30 26 24 24 7 5 2 28 4 39 29 47 
22 26 37 30 27 0 20 36 5 18 6 12 45 10 41 41 4 3 43 48 37 21 24 
23 26 13 11 6 49 0 43 2 47 43 37 19 32 24 20 23 5 2 12 14 26 25 
14 30 14 16 15 48 25 0 11 41 43 27 48 3 12 18 16 14 38 13 17 9 19 
9 42 10 17 34 30 39 46 0 25 8 49 49 12 33 47 41 34 45 27 36 3 44 
43 35 21 9 6 39 39 25 1 0 10 16 46 22 23 7 48 14 46 23 46 18 19 
49 5 50 35 20 24 4 19 40 24 0 17 15 50 25 46 26 24 50 8 50 7 40 
34 17 12 24 34 36 31 31 14 7 27 0 24 37 17 9 21 19 15 22 33 20 43 
30 8 24 33 3 39 22 23 39 18 12 10 0 22 34 24 47 41 18 38 10 10 10 
38 26 39 30 17 4 31 43 29 25 20 42 37 0 4 50 2 34 43 10 42 18 9 
13 27 46 26 47 23 24 5 46 11 33 20 20 49 0 44 23 22 19 42 46 40 38 
40 30 47 21 47 40 34 46 50 19 42 30 14 12 35 0 42 7 9 19 24 29 10 
9 18 34 2 8 12 21 41 50 23 19 25 38 16 29 27 0 27 35 21 1 11 14 
28 41 35 32 38 30 12 34 27 16 9 30 21 29 37 45 32 0 22 25 9 19 20 
11 39 25 20 14 31 32 35 3 29 50 45 41 44 17 26 24 41 0 30 16 46 3 
16 8 45 50 40 33 3 50 26 2 46 8 30 47 8 19 17 32 3 0 43 13 30 
30 27 39 44 28 7 49 34 30 3 25 9 23 17 25 14 41 49 32 4 0 4 49 
50 33 15 21 19 5 24 49 14 4 40 36 28 19 12 47 5 47 1 43 22 0 43 
34 21 24 42 45 4 41 4 11 10 27 32 27 6 29 7 39 44 10 32 40 22 0 
19 0 38 39 7 3 44 45 35 3 12 27 8 50 44 48 27 11 21 8 11 43 31 
10 47 0 43 6 19 48 9 8 33 41 3 13 3 37 3 39 2 48 10 27 7 16 
5 19 7 0 36 10 12 34 40 25 29 29 38 28 43 15 48 26 47 27 46 29 37 
6 37 41 12 0 25 23 20 10 2 16 25 44 42 24 49 33 39 48 25 43 16 24 
34 15 9 11 24 0 5 22 13 1 11 37 19 14 21 45 49 38 11 21 15 28 14 
14 35 1 41 49 43 0 9 29 22 37 21 32 3 26 4 14 49 15 39 39 16 14 
7 24 11 29 39 40 11 0 14 22 2 47 21 2 24 11 34 6 30 5 22 40 1 
48 33 18 19 46 24 13 6 0 27 39 48 1 29 28 31 21 5 19 19 8 15 20 
35 33 25 30 4 16 10 9 35 0 45 24 7 26 28 12 20 45 37 2 17 26 9 
24 2 46 33 3 36 25 36 3 32 0 36 29 48 35 45 16 21 47 47 18 4 3 
27 23 3 3 9 35 24 33 7 49 45 0 27 9 24 35 21 13 24 34 49 42 43 
21 47 30 27 26 29 16 5 20 8 5 21 0 25 24 30 50 27 41 13 21 25 38 
35 22 26 21 32 1 34 23 34 6 11 35 2 0 6 23 33 9 46 18 3 29 37 
22 39 49 11 41 13 48 44 37 22 18 33 12 9 0 1 5 48 16 21 47 24 50 
11 41 22 24 28 44 32 17 4 23 9 49 50 38 23 0 21 10 22 26 41 19 39 
18 20 45 15 33 4 48 2 32 32 13 23 29 8 40 17 0 36 4 13 20 19 45 
24 14 9 13 33 27 6 50 21 34 31 22 24 3 30 13 12 0 28 20 2 41 28 
36 28 10 15 32 43 36 23 28 49 21 23 46 31 6 20 22 22 0 46 33 11 29 
42 7 35 38 37 23 42 35 1 18 4 47 29 32 3 18 46 14 14 0 49 7 32 
1 1 7 50 8 43 7 48 6 9 17 7 36 3 31 44 6 14 32 43 0 49 3 
20 49 3 25 17 4 26 33 19 13 23 10 6 34 31 38 16 50 29 3 13 0 45 
31 22 46 1 38 2 8 1 17 14 34 49 32 9 48 33 26 3 23 23 40 4 0 
34 0 26 48 48 14 19 48 33 14 46 41 25 19 31 29 17 17 24 26 18 46 10 
27 8 0 3 23 41 33 24 27 31 40 5 27 39 20 3 40 39 40 4 35 50 38 
8 7 40 0 17 5 10 36 49 48 23 8 25 50 40 45 42 28 16 9 38 16 1 
20 42 43 9 0 14 27 36 36 15 12 11 39 50 46 33 24 29 15 41 32 43 33 
19 15 21 14 46 0 47 12 39 26 12 23 7 38 48 25 46 46 10 13 13 8 47 
14 12 40 50 9 5 0 37 45 47 34 9 37 24 28 39 50 32 39 24 27 36 49 
16 44 9 36 49 34 19 0 32 19 31 26 23 1 9 25 47 39 8 2 32 15 39 
49 1 25 48 7 46 28 25 0 39 32 11 16 46 47 41 24 6 4 27 16 15 29 
12 1 28 30 26 36 1 17 25 0 5 34 28 45 9 11 2 27 23 4 45 42 44 
12 36 13 28 6 16 2 48 6 50 0 24 20 39 24 20 28 21 43 24 23 7 7 
32 19 2 33 13 5 28 4 12 21 38 0 18 39 43 18 48 30 36 15 27 50 35 
4 26 20 37 33 50 3 12 21 20 38 6 0 4 45 27 24 3 48 21 2 38 4 
33 21 35 27 11 23 13 39 8 30 8 47 16 0 26 14 26 23 29 2 1 50 18 
31 34 40 23 22 7 33 17 7 48 48 1 44 49 0 3 6 40 30 50 33 12 9 
48 7 29 1 10 28 26 43 1 38 4 15 41 1 38 0 38 2 6 6 42 23 10 
50 16 33 15 24 17 40 22 1 17 7 23 37 33 45 21 0 47 6 41 14 48 10 
47 29 9 2 18 2 29 45 27 21 36 38 7 14 19 46 4 0 9 4 30 37 38 
9 18 15 6 43 31 9 50 1 10 13 41 19 5 7 23 50 38 0 43 7 41 36 
38 49 27 31 3 2 3 33 11 18 24 10 20 41 37 13 10 49 36 0 27 20 27 
25 17 45 14 40 32 10 17 37 31 47 23 31 16 30 13 29 7 48 19 0 49 45 
17 10 36 16 36 38 29 45 21 14 17 11 24 10 36 39 12 21 23 45 32 0 43 
13 47 10 21 33 47 21 29 30 2 28 30 50 35 29 25 46 22 38 43 10 34 0 
7 0 21 42 20 27 40 46 28 46 4 14 25 48 39 7 15 5 32 25 42 35 15 
34 44 0 11 1 11 38 25 2 7 39 34 29 40 40 29 14 20 31 34 2 6 24 
17 26 38 0 40 18 32 17 7 19 18 50 42 37 49 10 27 29 8 3 44 48 25 
41 20 49 17 0 37 42 12 44 8 33 9 10 28 35 14 21 20 44 35 1 21 16 
29 49 3 31 4 0 44 3 27 49 13 27 42 35 18 41 2 46 26 45 26 10 17 
33 28 21 25 13 9 0 38 10 10 48 5 26 41 1 15 6 38 19 42 32 34 47 
33 37 50 46 30 19 49 0 10 6 46 6 12 16 26 11 29 31 44 39 40 3 30 
37 10 28 41 38 40 38 26 0 35 29 34 36 45 35 25 18 29 20 12 1 42 10 
20 29 36 40 46 10 39 48 44 0 45 45 4 50 41 18 40 32 9 23 30 11 28 
29 30 31 26 5 13 16 20 29 3 0 38 28 40 49 5 49 45 29 38 37 36 40 
42 41 36 35 50 39 38 3 29 12 49 0 43 1 6 9 20 5 26 32 24 16 42 
16 22 1 19 35 34 14 44 42 25 43 40 0 38 40 41 20 14 27 32 27 25 26 
29 48 49 50 40 26 24 13 6 12 24 1 25 0 14 35 31 5 5 39 35 21 25 
1 11 18 20 29 36 12 5 42 40 17 41 44 3 0 21 36 44 39 21 30 19 31 
16 38 15 28 36 33 23 28 38 41 6 5 48 39 32 0 21 47 38 1 1 20 34 
34 35 20 32 11 20 11 50 14 41 6 20 45 31 5 2 0 50 30 33 15 3 27 
35 40 6 32 4 24 43 33 29 19 12 33 5 30 8 5 23 0 4 17 38 27 15 
49 29 44 2 17 45 39 22 18 6 32 7 1 31 27 29 16 38 0 8 32 13 37 
8 13 26 25 44 46 7 30 48 15 50 20 41 27 39 3 8 48 45 0 7 1 7 
1 48 30 27 29 44 39 30 31 46 3 12 21 32 26 42 1 43 15 39 0 8 18 
7 32 40 50 41 13 31 10 37 7 37 2 13 28 46 18 18 14 42 18 34 0 5 
18 30 6 8 27 16 48 2 42 13 49 34 41 48 38 29 3 26 50 22 9 46 0 
26 0 20 19 48 46 34 26 2 48 40 34 3 15 11 44 34 37 15 12 35 16 24 
4 30 0 38 48 31 39 12 17 19 13 46 22 4 37 39 29 21 14 27 41 15 9 
50 39 34 0 27 35 19 40 36 10 24 31 2 17 40 11 49 4 37 40 32 22 22 
7 43 8 8 0 46 8 45 49 9 25 10 45 30 50 14 4 4 43 28 33 3 22 
41 3 21 49 19 0 22 10 41 1 34 37 29 32 42 19 28 24 32 42 12 16 6 
43 22 10 12 35 50 0 33 48 5 39 19 36 3 6 38 47 39 23 39 18 25 26 
8 2 19 23 36 27 20 0 46 42 42 6 35 10 49 40 8 37 11 8 3 30 49 
10 47 40 14 41 27 44 19 0 23 49 32 18 14 8 43 13 15 7 28 9 47 28 
30 18 46 39 8 32 36 29 11 0 22 46 10 43 23 34 22 36 44 3 24 19 8 
4 43 35 32 15 25 46 2 26 21 0 2 32 17 22 18 2 20 12 33 45 39 10 
22 4 15 21 30 43 21 35 7 24 10 0 22 15 3 4 26 17 12 33 10 47 26 
9 12 6 12 4 34 24 41 41 24 20 45 0 22 32 17 44 46 3 31 41 14 28 
23 45 8 16 49 45 45 22 13 29 13 46 45 0 4 16 18 40 37 12 17 34 36 
3 20 32 23 9 24 17 30 29 7 12 32 39 11 0 5 39 36 30 46 19 12 41 
32 26 37 13 29 28 14 44 30 48 44 38 43 38 34 0 26 36 22 6 33 1 6 
34 14 16 5 14 1 2 32 21 15 25 12 39 6 36 46 0 45 39 16 36 28 15 
38 2 19 17 6 10 45 25 14 29 41 26 42 23 48 25 15 0 14 43 48 28 29 
14 31 50 29 40 40 28 17 18 15 29 20 26 15 37 47 46 42 0 38 47 2 46 
22 13 14 14 49 21 25 3 43 30 37 9 39 38 18 27 20 5 48 0 47 12 26 
48 23 47 34 39 18 19 2 11 32 28 18 10 38 15 27 42 7 43 15 0 22 50 
34 18 26 49 30 19 22 33 50 5 34 46 15 42 17 15 33 7 34 42 19 0 6 
32 21 29 30 13 44 13 41 5 47 5 49 39 30 8 40 39 1 30 28 33 23 0 
34 0 15 23 24 11 28 24 37 31 30 31 28 36 6 21 1 6 29 21 9 1 37 
42 17 0 3 37 8 43 19 34 13 41 24 9 37 14 7 40 33 36 17 19 16 25 
18 12 44 0 3 20 39 45 2 8 24 23 48 24 7 21 25 20 32 18 48 18 40 
5 28 19 7 0 44 17 46 36 42 32 22 17 49 42 43 5 24 30 40 11 34 50 
37 40 41 50 19 0 9 16 36 1 19 7 29 7 17 35 14 45 28 7 22 33 41 
27 7 9 29 32 16 0 8 39 8 8 6 5 42 29 16 44 48 37 20 6 32 3 
11 20 36 27 21 10 36 0 12 5 13 18 46 14 35 42 40 28 1 28 13 11 50 
24 2 26 6 49 1 30 20 0 2 27 9 24 46 39 44 6 45 48 3 47 3 44 
38 46 16 31 3 9 10 20 29 0 20 42 11 47 34 2 15 12 35 32 35 11 42 
37 40 39 3 46 23 6 30 10 15 0 47 30 15 30 41 18 49 22 11 33 49 40 
32 35 42 11 5 30 37 19 15 19 33 0 47 9 26 42 50 13 38 15 49 10 28 
15 18 20 22 25 45 36 11 25 29 44 48 0 8 5 12 36 19 26 44 42 1 29 
47 19 21 15 26 50 10 23 18 50 30 5 21 0 25 42 33 6 42 33 5 44 5 
3 12 18 38 38 27 20 39 5 19 27 36 21 2 0 1 10 19 36 1 2 11 44 
18 4 34 37 45 36 21 3 9 47 35 42 16 10 48 0 39 12 33 4 30 46 12 
28 35 5 40 32 46 23 47 4 43 45 10 45 15 5 2 0 33 34 19 2 11 31 
2 29 37 42 13 31 25 18 48 32 48 6 26 49 33 5 4 0 25 30 12 43 43 
48 6 15 34 35 11 1 21 11 44 2 48 34 27 4 41 34 43 0 23 37 45 14 
12 39 39 6 20 28 30 44 23 50 38 9 31 31 28 29 47 15 17 0 28 21 4 
5 28 15 6 1 14 42 37 39 7 49 35 45 26 45 29 41 23 41 18 0 22 3 
10 26 46 24 13 5 47 9 20 18 43 9 35 12 41 14 27 16 3 36 11 0 32 
11 47 37 2 34 18 24 45 37 4 33 3 19 40 11 28 1 37 41 30 38 32 0 
42 0 36 42 34 38 28 46 25 16 36 42 29 15 49 38 12 21 29 36 25 31 40 
26 32 0 43 2 3 50 16 16 46 31 44 30 5 1 10 1 31 47 49 13 39 48 
11 41 25 0 13 41 40 16 13 45 13 1 3 11 10 41 37 25 47 10 50 40 11 
35 36 44 38 0 2 21 49 40 27 18 2 29 21 3 27 41 10 26 50 34 37 31 
29 3 40 1 10 0 44 22 2 3 39 8 1 6 40 19 4 39 46 14 6 37 34 
2 32 39 38 10 34 0 37 34 50 7 25 4 8 41 48 2 11 5 18 25 16 13 
22 21 48 38 23 7 38 0 5 20 32 45 46 2 8 12 22 34 39 16 19 39 1 
26 2 32 28 6 37 35 10 0 38 12 18 39 11 18 41 23 12 31 47 45 38 43 
9 13 40 40 40 40 21 29 10 0 47 24 21 46 46 6 45 1 1 21 11 44 34 
28 13 48 44 32 12 28 36 23 44 0 14 33 44 20 38 17 47 46 39 10 3 22 
16 40 23 45 18 17 30 46 25 27 50 0 26 35 28 43 47 8 10 2 25 25 30 
8 13 3 36 8 35 4 26 22 35 32 7 0 48 8 22 37 44 12 6 27 20 37 
34 18 36 11 25 1 38 29 9 28 48 36 33 0 11 43 32 9 45 42 49 6 16 
44 29 31 35 26 22 16 40 19 48 11 21 30 35 0 1 47 11 4 39 43 26 4 
10 12 25 11 44 12 3 11 35 22 32 18 25 7 31 0 40 26 16 14 19 10 50 
26 12 31 8 32 13 35 39 11 13 40 40 20 19 11 15 0 28 5 38 8 13 40 
40 12 11 44 17 22 28 23 30 8 44 10 36 13 31 36 30 0 41 27 47 11 19 
29 35 38 12 29 12 38 9 32 3 38 37 23 20 48 39 46 14 0 12 38 33 33 
47 10 33 48 35 42 25 48 31 17 29 21 34 26 6 6 43 17 35 0 21 27 42 
23 50 41 11 39 41 45 13 36 24 36 46 39 28 29 32 28 47 35 35 0 22 21 
9 3 36 23 34 41 22 45 3 13 7 5 38 34 8 24 4 34 3 19 31 0 5 
35 38 38 28 28 11 39 39 36 42 20 2 42 38 26 16 8 5 42 41 21 24 0 
40 0 34 40 45 25 5 43 2 32 4 41 4 18 48 35 6 13 11 7 14 27 15 
36 37 0 43 20 48 38 26 48 27 41 35 11 49 4 38 33 37 35 47 35 11 16 
12 38 21 0 28 32 2 42 31 35 8 47 25 49 4 3 5 7 5 26 35 27 50 
20 7 50 31 0 18 31 25 22 18 43 5 20 26 5 50 21 7 24 6 47 7 28 
14 24 6 35 30 0 32 29 42 9 26 40 12 19 14 29 1 35 12 7 13 40 5 
21 29 29 48 6 36 0 49 3 29 31 43 43 44 26 26 34 1 43 43 26 34 29 
31 14 37 37 43 7 40 0 45 40 44 38 10 4 28 7 33 27 43 44 7 48 9 
20 27 20 3 26 2 11 15 0 20 14 21 42 48 16 12 20 44 43 13 34 42 49 
5 34 23 48 27 19 17 1 33 0 28 32 23 45 10 17 40 32 39 35 26 25 24 
39 12 30 42 21 7 50 2 44 14 0 18 21 22 37 31 28 25 42 49 20 31 44 
11 26 22 2 4 5 11 25 50 16 25 0 31 46 11 19 36 48 10 1 32 34 19 
5 24 39 30 9 4 14 43 28 5 44 46 0 2 4 21 19 4 46 41 20 14 2 
46 41 42 20 10 39 44 39 19 50 10 42 22 0 48 14 24 46 8 11 7 39 21 
38 50 10 15 16 30 6 6 42 15 5 4 29 48 0 39 39 45 26 49 39 36 44 
37 10 33 23 6 31 50 33 9 7 13 26 4 42 11 0 45 23 15 33 14 8 45 
37 18 20 17 35 8 13 36 8 1 35 44 14 50 33 44 0 25 26 7 9 7 48 
41 3 44 48 28 50 4 35 6 23 37 42 24 16 4 39 47 0 42 20 24 50 13 
42 10 28 11 13 30 41 8 7 50 39 39 27 17 23 37 30 14 0 33 24 45 12 
8 23 27 17 40 36 29 15 39 33 49 29 12 35 20 18 38 24 44 0 48 17 37 
4 35 39 38 17 10 13 7 42 26 18 31 3 6 35 46 40 5 29 43 0 11 6 
41 48 5 39 18 13 26 9 30 48 46 21 19 43 29 2 20 20 2 32 42 0 24 
12 32 33 15 34 42 34 40 19 24 27 48 45 41 33 29 43 1 32 33 46 21 0 
35 0 32 37 42 18 39 36 10 41 29 14 17 36 24 7 3 29 34 25 41 29 22 
45 22 0 49 38 19 41 27 2 1 9 29 42 47 1 28 42 25 46 4 10 33 48 
35 28 5 0 10 23 40 22 48 9 5 42 13 37 16 44 30 20 45 33 40 29 6 
39 45 27 6 0 25 38 10 30 38 19 39 48 37 21 33 10 19 37 30 4 1 24 
50 34 14 13 49 0 46 27 10 27 44 19 29 40 11 34 17 16 35 39 29 18 23 
25 40 29 23 47 11 0 26 46 10 26 5 16 45 43 42 13 39 14 4 28 43 46 
29 9 32 22 26 3 22 0 45 16 22 6 28 10 25 35 27 49 17 34 31 34 44 
25 24 17 42 25 4 47 25 0 26 40 31 29 11 21 41 25 35 24 25 16 10 34 
10 18 33 18 28 13 16 37 45 0 12 13 36 34 8 6 35 28 19 49 42 46 16 
47 32 14 14 36 24 32 10 7 19 0 34 41 15 50 9 8 26 34 9 39 46 19 
17 25 37 34 20 50 47 6 17 19 38 0 44 21 2 4 15 27 42 6 35 6 45 
3 43 44 6 27 21 44 15 33 8 21 29 0 16 39 27 3 5 32 14 1 2 15 
4 21 30 8 4 11 8 18 34 11 14 22 23 0 44 40 15 24 27 13 3 37 31 
24 43 36 16 38 25 37 24 22 5 43 38 40 23 0 27 20 18 33 8 15 24 11 
15 44 17 34 13 41 8 38 39 50 28 24 48 38 22 0 39 24 33 31 10 39 10 
30 36 5 18 38 5 9 30 45 23 7 13 28 43 49 5 0 13 47 16 35 16 44 
10 16 26 40 49 29 10 26 34 15 22 6 15 31 29 46 3 0 4 29 9 6 6 
18 35 10 29 40 20 21 35 44 5 44 37 26 40 43 49 7 31 0 21 20 39 42 
41 22 29 19 26 17 45 13 6 7 38 5 48 41 30 20 40 40 6 0 50 21 18 
13 28 6 40 4 5 48 49 39 36 17 26 44 39 1 22 44 4 41 32 0 49 37 
49 22 42 2 19 37 41 31 15 40 22 24 9 1 13 37 14 40 16 8 19 0 3 
38 22 47 42 20 19 47 2 10 40 19 26 30 34 48 2 36 11 8 8 22 28 0 
5 0 21 30 50 9 8 40 1 16 42 18 47 34 20 6 28 18 22 35 13 31 32 
6 34 0 22 30 39 13 5 6 50 12 31 11 18 27 13 20 11 39 13 10 25 27 
8 34 50 0 28 46 9 43 37 23 10 48 24 15 47 29 30 19 28 47 11 43 7 
16 24 3 30 0 15 49 12 46 50 22 8 29 26 38 30 12 17 46 14 14 39 21 
14 44 12 17 41 0 32 21 36 13 14 35 2 18 27 25 16 44 44 25 27 11 26 
17 37 22 42 1 8 0 11 1 48 29 19 46 11 10 19 49 8 31 26 15 9 44 
44 24 21 3 37 1 2 0 20 39 12 11 38 28 25 45 50 31 13 26 12 17 6 
33 22 16 16 48 46 37 44 0 2 47 18 23 43 48 21 48 22 10 50 29 41 7 
36 24 32 44 4 9 50 14 40 0 47 27 39 41 49 38 21 4 7 34 45 11 15 
20 5 33 48 29 34 42 16 13 39 0 16 27 37 43 35 4 42 28 45 38 7 22 
47 5 7 23 10 2 7 44 45 46 46 0 22 4 28 12 7 30 16 22 24 34 39 
23 15 13 45 36 50 15 6 1 23 8 48 0 9 29 41 7 24 41 10 19 44 20 
31 16 39 8 43 36 49 29 17 34 38 9 32 0 43 11 16 16 7 30 40 46 24 
15 7 20 33 16 24 43 32 15 15 45 3 34 47 0 7 29 7 30 8 22 7 25 
11 50 47 49 46 9 25 4 40 4 25 8 1 33 38 0 10 20 25 37 35 20 24 
14 30 9 14 9 37 50 1 33 24 17 41 47 20 37 17 0 28 34 7 12 25 41 
28 27 46 24 42 47 10 33 36 23 5 37 36 18 41 33 50 0 39 4 40 22 2 
42 11 37 19 24 4 48 4 28 9 49 24 2 33 18 35 46 4 0 41 1 38 45 
36 10 34 20 27 46 34 19 8 36 20 27 36 36 38 23 24 6 35 0 33 46 47 
39 13 16 9 15 15 44 1 49 21 14 47 26 28 36 5 27 2 20 10 0 1 13 
4 26 47 33 48 23 30 35 16 6 50 39 21 21 4 19 31 19 25 8 37 0 49 
13 39 10 11 38 19 30 34 13 36 47 26 9 41 12 33 18 21 21 14 6 9 0 
48 0 38 8 15 2 9 22 1 35 43 27 6 13 9 24 38 36 12 6 33 43 14 
43 45 0 12 13 7 49 2 5 38 23 44 4 41 23 3 23 18 21 12 12 2 4 
50 4 29 0 4 10 30 36 10 9 23 17 35 45 13 3 40 3 24 50 30 6 5 
12 9 18 1 0 35 14 44 36 21 31 12 40 45 9 35 4 39 22 20 29 15 22 
38 6 28 41 20 0 29 19 39 13 22 48 46 43 20 36 9 46 22 16 23 2 36 
24 6 18 45 5 50 0 35 29 11 28 40 41 22 13 23 45 44 16 17 33 19 40 
42 50 16 16 18 31 26 0 48 13 42 20 3 32 23 23 25 24 20 5 34 12 21 
6 3 48 24 36 1 29 1 0 6 20 18 35 15 19 30 40 32 4 3 14 15 49 
21 20 31 1 23 19 42 48 28 0 35 29 21 45 13 18 45 45 25 19 13 36 1 
35 48 8 4 46 35 38 1 32 48 0 6 7 33 29 44 35 29 11 9 9 42 33 
7 44 24 17 23 38 10 28 45 3 13 0 21 35 33 43 19 23 8 10 28 4 31 
16 38 31 39 1 10 47 9 4 28 9 3 0 42 15 31 30 13 1 42 4 4 4 
45 12 45 11 43 10 38 2 49 15 30 27 29 0 36 36 34 37 50 32 36 49 35 
12 33 42 29 39 44 46 10 36 50 27 12 44 20 0 44 40 18 37 22 3 30 45 
23 16 37 45 45 29 14 43 23 18 6 11 50 13 20 0 14 22 45 6 40 29 30 
50 18 43 17 40 47 32 45 15 46 6 18 10 26 43 44 0 49 17 46 44 28 9 
6 33 20 32 21 5 15 28 47 41 17 44 16 20 3 29 39 0 17 12 28 4 11 
6 33 4 44 22 29 46 40 44 35 2 41 12 10 47 9 27 28 0 31 38 49 15 
1 17 11 24 41 21 28 30 33 1 6 46 28 37 29 27 33 36 32 0 8 48 32 
42 25 8 43 32 31 41 34 48 17 12 41 33 38 34 49 39 25 12 15 0 3 1 
36 16 32 11 31 50 45 45 6 42 18 20 25 36 16 48 40 48 39 49 4 0 40 
35 38 5 42 44 34 48 8 46 33 30 41 40 42 12 22 1 41 40 3 11 21 0 
23 0 13 13 48 34 41 36 15 26 5 48 46 32 45 6 40 7 11 47 48 46 35 
41 34 0 47 24 37 19 47 49 10 1 29 14 16 42 29 46 1 7 23 32 8 26 
44 45 10 0 18 16 12 35 29 6 14 25 38 23 29 2 10 5 18 19 28 45 47 
17 18 30 15 0 11 11 10 40 26 15 28 15 41 3 14 20 3 36 15 31 45 16 
40 28 19 50 45 0 42 3 6 14 31 31 47 28 42 39 2 1 24 19 17 38 11 
11 8 39 50 46 35 0 15 34 13 15 2 2 29 2 46 12 17 19 38 21 2 47 
35 44 25 22 32 2 35 0 41 13 29 28 30 17 12 11 45 47 18 41 31 18 17 
45 26 14 37 6 40 7 1 0 29 18 9 14 24 45 25 24 4 13 49 22 2 24 
24 50 35 35 1 22 22 20 30 0 22 30 19 50 49 9 45 46 45 35 12 50 11 
21 4 39 17 21 23 15 28 32 46 0 15 22 3 14 2 22 40 36 29 10 39 38 
35 5 46 26 15 10 18 4 38 41 24 0 14 30 32 47 35 1 49 6 2 40 34 
5 28 47 45 44 25 6 49 33 40 22 33 0 19 34 21 46 9 6 11 28 8 24 
49 39 35 20 26 6 35 31 5 37 48 1 1 0 19 29 21 16 43 49 40 8 34 
42 47 14 13 14 6 41 50 42 13 26 31 29 8 0 10 24 50 1 14 3 36 36 
35 18 34 3 17 39 40 19 30 19 17 16 48 39 7 0 13 42 29 40 5 46 36 
25 21 40 22 11 43 44 48 26 5 49 7 13 46 30 11 0 40 3 11 24 34 8 
14 14 11 22 18 37 9 36 14 31 41 49 43 13 14 45 28 0 47 25 32 43 12 
18 41 27 11 34 31 39 37 45 23 3 18 7 26 11 39 26 8 0 39 41 42 18 
17 14 4 17 48 45 25 14 49 2 15 3 47 20 46 7 4 29 47 0 27 36 18 
47 26 7 38 35 40 22 18 43 3 21 50 25 13 8 17 34 45 13 31 0 24 1 
3 5 30 41 43 19 4 11 45 15 32 49 17 28 11 10 11 36 42 32 9 0 13 
33 47 46 33 50 37 45 3 15 6 44 46 24 2 9 44 47 4 14 33 8 6 0 
18 0 26 47 30 6 24 34 27 40 43 42 40 23 33 46 10 20 17 16 43 1 27 
5 21 0 5 10 1 18 39 39 18 27 5 27 30 20 37 20 32 21 19 38 17 2 
4 34 30 0 27 48 37 35 47 17 16 5 41 22 26 25 47 24 17 39 1 25 16 
35 46 4 27 0 24 50 36 45 24 13 11 4 17 22 30 25 20 2 5 22 10 39 
23 39 49 11 45 0 35 48 3 50 16 27 39 49 34 24 22 14 35 12 23 43 42 
30 19 9 4 17 50 0 47 37 47 4 7 46 24 15 28 13 5 1 48 22 14 46 
27 29 23 47 1 48 39 0 20 10 38 47 31 9 31 2 42 19 49 6 14 19 23 
33 3 11 9 44 1 30 11 0 26 21 29 35 42 31 31 21 49 49 48 27 44 19 
50 43 6 48 11 14 33 49 16 0 50 27 4 47 21 37 42 4 38 40 50 12 27 
2 25 39 22 11 49 50 8 16 43 0 29 14 4 18 4 47 41 17 29 27 6 29 
8 38 35 11 35 7 45 11 37 45 7 0 23 42 32 9 40 3 34 50 9 35 35 
25 33 18 19 39 8 48 24 21 36 21 24 0 17 2 38 1 14 43 13 6 6 35 
7 31 27 22 38 2 14 45 28 48 45 24 13 0 2 43 16 19 38 13 14 25 22 
3 18 15 8 2 2 20 7 47 29 29 41 27 37 0 43 17 20 47 10 26 9 24 
29 44 39 36 8 49 25 25 43 43 10 35 29 9 8 0 31 50 13 26 21 2 16 
46 23 26 7 23 2 18 17 4 50 14 30 40 22 20 16 0 44 22 33 22 37 36 
32 42 9 35 10 40 47 48 1 38 23 14 48 17 11 2 26 0 23 7 26 40 11 
22 49 20 36 11 34 19 4 38 30 30 10 41 34 48 39 42 28 0 21 6 49 26 
8 26 24 4 5 43 46 10 15 11 47 21 20 10 15 25 30 13 30 0 47 50 43 
34 39 26 28 4 37 31 30 6 34 12 46 42 44 12 8 30 26 8 28 0 16 20 
14 20 14 38 25 18 49 8 26 2 27 15 42 36 28 28 39 10 30 36 5 0 13 
10 25 19 22 13 22 34 5 39 22 27 15 25 6 14 16 13 14 31 49 8 11 0 
20 0 27 2 26 30 2 37 49 49 30 15 1 11 40 20 4 6 27 25 22 13 5 
38 28 0 11 23 15 24 47 17 6 7 5 49 5 42 20 37 43 32 18 41 24 48 
1 24 45 0 25 46 10 8 4 24 37 48 16 39 25 16 8 38 14 2 33 25 9 
47 12 35 29 0 34 19 35 43 5 23 32 41 27 38 28 40 28 38 9 3 33 19 
2 40 3 45 22 0 36 45 4 39 41 23 43 28 34 40 18 26 39 19 32 32 25 
35 48 48 28 31 48 0 37 14 24 23 26 29 10 46 26 40 48 50 49 2 35 41 
19 35 10 45 1 10 13 0 20 34 2 37 28 5 6 48 44 5 47 17 25 17 50 
17 50 24 44 43 37 42 20 0 33 31 41 45 30 13 19 37 48 28 2 5 40 24 
42 33 41 21 42 4 45 2 35 0 10 24 19 18 11 21 7 17 27 28 15 19 7 
38 11 26 35 26 19 50 40 24 13 0 11 44 8 41 3 23 45 38 25 32 47 31 
21 12 46 8 16 41 11 25 27 25 5 0 35 46 31 45 8 29 26 3 45 37 12 
8 25 3 31 4 45 33 41 40 38 10 7 0 41 15 40 18 4 9 30 49 36 37 
39 23 46 23 29 37 10 49 29 3 45 10 4 0 21 5 36 37 16 43 37 35 17 
26 39 41 31 19 11 22 44 16 38 26 22 36 30 0 35 32 17 46 32 42 10 8 
13 31 11 19 14 19 22 14 7 50 2 23 48 8 33 0 48 19 49 27 35 37 8 
34 33 36 25 1 6 50 48 6 44 8 18 27 10 20 50 0 48 4 22 2 32 26 
21 14 33 28 50 19 27 33 15 25 21 5 47 29 34 39 18 0 17 14 9 45 8 
16 31 31 23 29 19 2 24 14 36 27 9 13 22 43 24 7 32 0 21 23 30 33 
47 22 13 42 17 9 36 6 39 23 32 13 49 2 47 27 41 9 32 0 41 12 36 
29 39 17 12 47 45 10 33 39 22 29 33 35 9 11 38 3 43 39 8 0 47 4 
27 50 24 42 27 31 41 13 42 39 22 11 44 24 26 5 13 41 46 6 35 0 10 
34 17 18 38 16 4 6 39 3 4 39 26 13 17 38 6 19 30 42 26 31 41 0 
11 0 24 16 37 12 49 31 48 12 42 19 17 16 8 24 39 15 38 8 3 36 18 
22 18 0 12 9 17 8 23 17 14 9 30 44 6 44 22 29 42 8 9 6 43 48 
7 46 1 0 31 32 30 15 4 19 28 5 44 3 48 26 3 32 23 26 46 28 11 
37 23 3 31 0 17 36 47 1 45 31 26 24 12 17 9 37 27 44 2 11 41 3 
40 13 41 25 4 0 39 26 37 30 47 21 47 9 29 28 1 13 30 7 19 34 25 
18 29 37 10 45 46 0 47 33 45 18 20 35 34 40 40 43 33 9 25 8 1 29 
4 16 8 30 9 26 31 0 23 4 23 20 15 45 13 38 45 44 30 41 48 3 3 
27 25 46 38 11 20 47 49 0 44 26 24 40 25 21 2 15 38 21 2 23 14 48 
15 19 46 28 6 39 15 46 18 0 4 26 1 39 34 35 21 15 11 26 5 29 45 
42 6 38 17 43 30 43 20 46 31 0 40 30 10 28 43 34 15 9 35 49 8 21 
14 24 32 18 30 17 6 42 47 9 19 0 21 27 40 40 39 46 36 3 49 8 46 
12 10 25 8 28 32 46 17 21 31 38 22 0 43 14 35 25 50 26 15 5 34 31 
11 39 1 3 44 27 13 50 46 9 14 19 12 0 23 44 23 39 25 46 31 39 39 
34 5 48 26 4 21 36 27 35 3 12 32 50 36 0 7 26 38 20 4 22 35 29 
9 24 3 13 32 28 37 40 10 4 42 22 6 46 6 0 19 23 43 14 19 25 11 
8 31 23 8 16 14 37 26 27 17 5 5 47 24 24 41 0 39 9 41 45 43 8 
40 29 31 11 20 20 47 12 8 16 4 48 17 22 41 25 12 0 24 3 34 28 26 
18 1 50 32 45 33 4 6 29 31 18 50 41 45 27 5 44 18 0 30 15 9 39 
1 49 7 2 1 15 47 18 42 9 30 15 11 30 12 39 25 15 8 0 3 38 24 
30 18 32 46 49 7 30 36 5 13 17 29 1 1 25 44 32 40 9 12 0 39 10 
21 26 34 48 44 6 44 15 7 7 2 28 19 40 21 5 17 41 38 7 5 0 18 
49 33 30 11 15 32 33 19 45 26 35 21 47 6 13 1 14 24 42 40 6 11 0 
28 0 23 32 35 24 28 24 18 24 33 5 4 28 2 18 33 42 12 32 39 12 26 
43 49 0 43 15 42 16 28 14 15 15 12 38 5 7 30 30 9 6 46 27 3 3 
17 44 29 0 12 34 31 33 30 8 18 49 2 31 34 42 9 36 9 41 10 19 41 
42 40 47 11 0 4 12 4 27 44 36 24 41 32 50 36 31 32 47 32 35 7 45 
40 3 27 46 38 0 50 21 38 36 43 34 26 2 39 15 23 28 21 27 32 25 14 
29 41 2 43 23 5 0 27 45 29 34 34 48 1 44 35 8 25 5 6 6 50 31 
7 6 48 48 16 9 19 0 11 9 26 20 26 24 36 44 45 27 16 11 41 15 1 
43 5 39 22 38 21 47 23 0 26 19 14 49 35 46 46 26 40 18 27 18 26 9 
28 25 20 50 15 31 28 40 46 0 10 16 7 14 43 10 45 21 49 15 37 50 2 
13 26 2 48 49 2 27 43 15 47 0 25 35 27 14 2 39 7 17 45 36 24 5 
33 29 33 3 16 45 47 29 4 40 10 0 27 13 45 48 17 32 26 14 3 46 19 
32 30 17 47 44 33 43 49 42 14 29 9 0 43 24 16 47 36 33 47 37 44 35 
26 50 2 7 41 40 35 20 23 21 9 15 47 0 4 37 20 2 15 36 6 49 46 
49 4 3 25 1 36 41 32 7 10 26 47 5 17 0 45 37 42 3 14 23 41 8 
50 29 27 13 10 16 31 32 1 39 37 30 2 48 5 0 17 40 50 29 42 15 50 
39 50 50 20 26 15 24 34 42 27 5 41 4 24 49 39 0 26 25 1 25 10 38 
11 25 16 48 33 26 14 15 44 50 44 50 40 27 13 41 41 0 17 9 17 47 11 
25 12 44 31 18 1 25 5 42 40 41 2 40 25 4 29 32 49 0 21 28 34 6 
47 5 35 22 26 35 35 34 17 43 41 1 50 5 4 2 8 14 40 0 40 8 4 
10 38 37 39 37 13 35 11 47 19 27 19 15 40 47 47 25 40 20 8 0 24 49 
12 40 25 50 25 31 41 8 38 44 49 44 45 47 36 38 48 22 49 6 47 0 22 
24 31 40 14 6 12 39 1 20 50 31 12 27 48 14 38 38 5 20 40 32 34 0 
21 0 22 45 50 11 38 42 48 9 18 2 40 17 44 11 11 25 30 19 38 25 49 
14 34 0 21 38 24 11 35 45 37 8 41 41 11 19 20 6 1 2 9 22 41 13 
10 37 31 0 20 27 28 31 41 21 44 9 23 9 11 29 24 14 32 14 15 32 45 
50 27 34 42 0 42 19 30 17 29 3 8 1 25 35 8 5 34 7 15 47 37 47 
32 38 11 9 27 0 28 39 28 9 27 32 15 37 4 37 35 36 12 11 4 16 6 
16 8 37 45 16 9 0 48 7 1 35 9 3 46 46 32 34 43 2 29 2 45 32 
19 11 48 4 19 49 22 0 4 36 33 32 26 23 3 23 33 12 30 31 2 26 48 
6 34 9 41 4 3 19 10 0 26 15 12 35 40 26 47 12 41 49 36 48 49 26 
22 20 24 30 12 11 40 49 21 0 44 6 22 6 14 46 29 46 19 35 27 8 17 
15 38 14 47 36 1 39 33 16 29 0 49 30 13 40 17 25 42 9 20 27 44 18 
29 18 21 34 17 13 3 17 14 23 19 0 5 6 36 16 15 25 40 10 39 28 28 
24 26 2 6 12 22 28 26 8 32 24 47 0 10 46 27 3 34 27 30 49 15 26 
12 8 34 31 9 27 35 30 17 5 40 2 44 0 45 32 11 2 32 39 38 16 38 
32 9 27 20 38 23 7 34 10 30 13 49 15 45 0 23 31 14 2 42 28 15 19 
7 8 3 32 22 23 26 49 10 27 11 24 26 26 5 0 39 39 12 24 33 46 11 
39 46 31 37 39 21 19 38 47 39 23 14 3 19 18 7 0 2 34 9 12 20 36 
39 41 19 47 27 25 13 30 4 32 23 46 19 7 2 35 34 0 5 30 23 31 22 
2 13 23 36 21 33 11 41 25 35 42 3 8 41 18 42 44 44 0 25 18 35 41 
41 7 1 11 5 18 50 4 32 48 6 17 40 7 25 42 4 31 19 0 14 8 39 
5 17 50 12 17 43 12 37 48 14 38 11 23 17 36 10 29 44 41 21 0 4 44 
48 42 2 12 18 2 40 45 49 21 34 3 2 35 12 43 1 8 43 45 50 0 43 
29 29 35 9 7 44 3 26 23 37 35 11 19 8 11 5 25 10 47 4 15 18 0 
27 0 20 15 1 49 36 43 34 29 9 44 5 13 23 28 10 46 47 42 23 48 47 
18 42 0 16 4 33 47 33 33 49 47 28 12 2 15 45 6 46 18 33 40 9 27 
17 14 45 0 39 28 16 15 1 12 42 20 31 3 24 36 45 3 47 2 47 10 48 
28 2 21 14 0 16 40 1 25 41 9 39 41 25 2 9 45 19 17 18 49 35 36 
42 22 12 21 21 0 2 15 37 38 12 17 20 37 43 18 14 1 26 50 38 2 12 
42 12 49 35 36 9 0 28 35 29 12 13 42 11 49 2 45 20 50 10 5 21 27 
24 5 15 17 28 6 17 0 43 49 48 35 31 31 50 22 37 17 7 9 4 34 6 
7 46 33 19 13 7 7 1 0 28 48 41 15 38 45 20 20 32 23 19 36 13 15 
8 31 19 3 23 34 34 4 46 0 18 44 19 48 20 34 9 44 11 37 49 21 37 
40 16 12 28 18 47 26 36 35 48 0 43 43 39 2 50 10 34 24 18 24 3 24 
22 20 47 50 36 23 30 8 50 15 44 0 21 42 3 41 45 17 37 29 11 33 46 
26 6 32 32 9 34 27 14 32 48 35 17 0 45 43 32 18 12 3 6 28 49 29 
49 18 11 47 20 40 8 31 46 42 41 27 44 0 41 19 4 14 47 32 36 34 47 
37 25 9 48 13 49 26 26 5 6 47 48 8 14 0 22 12 14 38 7 1 3 43 
26 18 50 42 49 8 39 10 47 13 46 3 31 36 39 0 22 27 9 6 20 38 36 
30 46 34 6 33 2 33 44 30 33 45 45 50 41 49 22 0 1 18 37 45 10 35 
3 6 33 36 24 43 12 49 46 33 5 41 39 4 8 44 26 0 38 27 3 33 13 
8 37 37 48 23 5 9 38 33 44 27 46 44 29 23 47 29 41 0 32 32 38 13 
40 10 3 46 15 7 43 50 19 7 2 41 48 47 50 27 20 8 41 0 8 50 12 
14 44 11 30 22 29 9 37 22 2 25 46 47 28 46 28 41 2 46 33 0 25 21 
44 3 31 27 48 2 22 25 42 30 13 29 46 9 36 36 36 14 41 33 36 0 50 
16 3 50 23 32 43 18 39 13 17 37 44 50 8 49 46 31 8 15 47 11 45 0 
34 0 19 32 37 42 5 17 32 42 43 36 44 38 29 28 26 21 29 8 3 18 46 
42 3 0 10 29 38 41 33 34 18 39 40 21 19 31 41 45 1 13 23 32 25 44 
9 6 20 0 20 18 6 37 36 40 8 28 39 27 30 27 14 18 26 49 9 26 47 
5 17 11 47 0 35 26 29 45 31 37 21 49 45 4 9 18 23 28 48 32 50 33 
44 31 4 12 19 0 38 45 47 33 17 19 12 2 4 10 22 21 11 8 45 28 41 
18 29 36 24 5 50 0 4 21 11 45 48 22 24 30 44 24 8 41 1 34 4 4 
30 33 3 6 9 2 8 0 37 24 5 6 3 13 25 27 46 34 45 44 13 7 25 
14 30 30 30 28 48 4 17 0 45 45 38 15 50 3 21 49 42 3 14 24 21 44 
17 21 17 19 48 13 8 6 40 0 42 48 6 20 23 26 29 24 11 34 7 11 11 
16 49 26 24 25 35 4 41 49 33 0 4 21 14 10 14 9 50 41 10 39 5 47 
18 44 34 48 23 13 30 4 41 14 33 0 6 6 18 44 24 39 23 2 49 43 15 
2 49 10 17 16 15 11 44 48 22 7 19 0 32 32 41 27 13 42 12 46 43 41 
38 8 5 46 16 27 3 37 38 6 4 3 42 0 35 39 7 48 15 44 47 16 12 
50 37 37 12 33 12 11 10 37 48 23 12 12 3 0 13 20 50 34 42 12 35 2 
16 29 40 6 39 6 45 48 2 46 25 27 9 18 10 0 4 44 41 26 28 19 7 
31 31 24 36 45 28 16 11 6 5 28 49 22 8 22 28 0 23 5 16 40 46 27 
37 36 45 45 11 46 40 1 36 7 33 9 49 10 33 4 12 0 18 32 42 41 21 
49 11 47 2 32 17 19 22 12 29 11 5 45 38 42 50 17 20 0 21 6 19 21 
16 13 10 13 45 20 43 49 8 5 37 16 37 35 48 10 15 23 33 0 15 45 5 
49 45 16 45 12 13 1 13 21 35 2 29 45 35 42 19 23 49 29 14 0 21 6 
18 29 2 7 2 8 6 48 24 5 27 12 14 16 48 50 8 31 49 46 34 0 2 
15 9 40 14 18 46 1 34 37 31 34 43 27 38 44 5 11 43 7 24 12 48 0 
2 0 34 21 26 22 24 41 48 16 26 23 17 14 44 18 39 40 10 48 40 19 46 
29 21 0 40 10 6 4 20 6 39 11 40 18 7 6 43 42 24 28 44 39 16 9 
21 10 24 0 1 38 23 3 48 26 23 29 7 6 50 37 13 18 38 28 10 37 12 
27 47 37 12 0 46 49 36 21 46 31 30 20 1 30 37 6 16 48 3 42 35 18 
39 1 1 44 6 0 12 10 7 11 7 22 9 33 27 14 26 28 5 12 6 27 49 
27 36 50 7 27 12 0 22 31 7 45 28 10 9 37 12 2 43 25 11 40 21 24 
48 42 48 10 43 41 21 0 49 30 29 41 41 24 15 45 49 36 49 35 30 50 28 
32 24 19 27 15 26 12 38 0 46 37 28 4 38 8 10 17 20 32 10 9 16 49 
19 18 14 47 8 45 39 12 6 0 41 24 21 11 25 41 16 26 46 37 43 34 5 
13 20 27 37 39 19 30 3 20 42 0 12 34 5 2 14 18 18 18 50 34 32 38 
30 17 48 36 27 4 6 15 22 24 16 0 15 6 44 20 22 6 20 33 3 21 33 
10 28 21 39 3 9 29 20 43 50 23 26 0 41 11 40 4 43 27 47 6 20 39 
18 40 47 20 48 47 12 30 2 29 17 47 8 0 21 16 38 2 48 37 3 31 16 
43 30 4 10 33 3 28 7 6 16 13 21 10 31 0 43 33 11 33 8 13 48 45 
9 44 3 19 38 5 25 50 20 18 9 3 47 17 17 0 39 14 10 3 46 23 2 
34 38 11 35 46 20 37 5 45 18 18 48 22 10 8 14 0 15 24 32 7 47 46 
13 7 35 26 16 23 19 49 11 2 22 8 10 16 8 3 9 0 6 13 15 23 41 
35 50 46 8 31 1 45 29 15 16 6 39 26 5 1 20 4 15 0 37 47 7 17 
26 14 50 42 6 13 15 27 44 32 23 22 23 35 31 9 42 18 5 0 33 38 7 
3 22 41 4 3 40 2 49 29 27 35 19 24 32 8 40 46 33 14 38 0 23 24 
16 4 32 16 40 46 23 19 42 25 29 20 12 29 2 2 10 26 25 46 3 0 46 
38 5 12 49 1 3 23 23 19 50 35 29 6 37 23 37 50 6 27 11 36 10 0 
40 0 4 20 29 38 44 23 38 14 27 22 21 17 28 4 41 45 20 46 20 6 29 
36 34 0 24 16 30 23 26 20 19 43 11 28 15 9 29 23 16 29 50 31 37 8 
7 36 20 0 45 33 10 11 7 15 16 5 12 18 37 5 22 15 50 12 44 8 29 
10 40 14 46 0 12 23 5 17 20 26 43 29 27 39 47 35 41 17 9 13 29 45 
24 4 41 43 18 0 44 15 1 19 43 50 29 26 30 32 37 48 39 2 48 47 30 
20 40 10 17 26 30 0 10 46 36 46 1 15 17 11 6 20 5 11 3 20 7 50 
30 49 13 18 3 4 19 0 21 11 31 49 44 34 1 33 2 19 36 42 24 7 4 
28 12 13 22 32 29 34 42 0 46 28 23 20 11 11 4 8 27 6 27 16 35 20 
16 23 27 5 37 4 43 18 29 0 33 43 26 21 2 5 32 23 41 37 20 36 22 
21 15 41 22 49 11 9 36 48 42 0 19 8 46 40 46 27 43 30 49 29 49 41 
28 36 40 2 4 46 34 37 29 16 35 0 44 2 12 15 15 5 32 10 43 35 1 
7 14 6 15 36 46 49 8 21 8 23 31 0 38 6 33 47 8 13 2 12 14 4 
24 2 38 34 13 28 25 18 19 7 6 27 30 0 27 46 39 11 39 38 22 46 27 
22 22 25 10 33 9 25 47 42 24 38 3 40 4 0 27 2 34 21 33 4 39 17 
25 12 27 6 1 19 2 14 24 42 9 48 31 17 10 0 4 46 17 43 22 15 33 
39 27 38 42 12 9 5 18 40 43 38 5 47 14 33 28 0 8 6 46 28 1 46 
45 42 24 11 43 30 26 16 11 17 2 43 23 50 18 9 7 0 43 9 7 3 17 
10 27 20 46 21 19 10 38 27 38 32 43 32 46 19 2 17 26 0 42 24 33 21 
3 5 41 34 10 49 50 3 20 44 44 29 33 48 41 47 10 7 7 0 23 41 15 
11 31 19 22 41 6 27 34 15 29 35 39 24 16 6 38 9 11 39 25 0 19 39 
49 4 14 22 11 21 16 35 18 10 31 38 44 11 15 38 9 44 27 36 29 0 16 
45 44 24 26 42 23 49 46 35 16 47 23 32 16 9 19 45 6 18 30 11 25 0 
8 0 37 22 45 23 22 2 45 48 33 10 34 9 20 49 36 30 44 37 22 25 16 
41 22 0 30 50 30 40 50 21 18 50 5 20 36 37 4 47 50 27 44 41 18 14 
13 48 7 0 39 21 10 27 25 43 39 1 43 46 1 16 23 43 13 46 28 16 11 
30 39 35 12 0 32 34 44 11 28 35 48 28 9 32 44 41 20 40 45 44 7 16 
20 44 42 3 31 0 28 35 32 46 41 49 3 18 18 5 9 28 43 31 33 11 17 
46 19 43 35 30 2 0 43 6 33 22 4 15 20 41 21 30 3 17 26 47 40 7 
29 6 14 26 36 12 13 0 2 13 24 5 3 48 23 10 47 49 33 40 40 9 28 
49 4 48 14 39 48 41 15 0 8 15 28 39 41 38 21 4 16 32 44 31 10 31 
10 17 43 48 20 6 19 43 7 0 50 49 2 7 10 29 23 24 15 12 48 17 40 
26 10 33 23 27 45 17 8 47 28 0 18 19 44 31 21 41 29 35 47 15 9 28 
41 39 31 11 26 44 9 29 19 12 14 0 21 42 34 16 48 30 24 26 49 4 21 
34 38 17 48 2 33 37 27 2 2 32 48 0 20 44 42 16 20 24 50 18 9 6 
6 24 40 38 26 32 6 23 39 10 25 20 6 0 44 45 28 43 26 43 43 11 13 
40 44 15 22 6 15 5 3 50 36 12 29 33 44 0 8 15 8 6 22 29 13 22 
24 50 39 49 22 42 31 24 26 17 45 43 34 46 24 0 4 26 42 19 37 11 40 
9 27 11 2 21 29 19 37 21 33 50 18 21 15 33 7 0 43 13 23 26 10 45 
34 40 10 12 42 4 30 31 10 27 12 35 42 12 38 20 22 0 3 6 40 47 13 
44 17 26 9 21 20 49 6 15 36 30 14 44 22 43 9 38 15 0 7 40 23 24 
6 37 24 22 19 24 42 20 20 21 49 21 47 43 37 33 33 11 33 0 4 13 27 
5 29 18 17 28 14 16 42 33 7 41 21 12 40 36 50 2 25 15 45 0 16 9 
15 23 26 1 22 5 32 47 7 19 12 29 32 45 4 2 47 28 5 28 39 0 42 
31 26 32 48 48 34 10 8 40 18 11 47 14 46 42 28 42 12 10 36 50 23 0 
9 0 33 9 41 47 50 29 38 41 38 21 24 43 50 20 25 7 49 38 50 30 44 
18 36 0 32 9 11 19 36 44 18 3 42 8 18 49 40 8 38 10 30 2 27 24 
26 41 3 0 42 9 18 5 12 48 1 44 16 15 23 9 38 39 10 2 48 21 18 
32 36 33 21 0 36 50 11 28 20 28 17 45 10 42 7 19 11 19 40 7 6 42 
15 2 34 17 49 0 50 22 20 1 30 3 9 9 18 10 38 33 5 1 20 31 16 
49 21 14 18 32 20 0 49 34 9 14 13 40 21 31 37 20 2 12 7 1 28 38 
42 2 33 40 10 24 37 0 35 6 36 11 49 4 14 3 31 19 2 21 17 22 39 
46 20 47 30 1 13 3 40 0 14 31 39 12 29 13 35 43 11 26 48 24 9 27 
30 23 27 24 17 21 43 5 30 0 11 16 3 6 14 43 31 23 24 33 16 23 30 
11 42 36 41 46 27 42 45 20 49 0 31 19 40 25 3 28 46 32 47 9 1 28 
46 26 7 22 50 31 4 24 41 43 5 0 50 12 35 38 27 26 17 14 35 42 18 
23 37 24 19 28 45 28 2 20 15 30 33 0 47 10 34 25 27 11 42 46 8 38 
15 40 13 18 41 20 7 31 45 16 37 29 4 0 20 48 32 3 9 46 40 24 41 
21 30 39 28 44 1 40 3 44 46 11 35 23 34 0 6 11 5 9 45 39 20 14 
47 19 7 14 27 46 9 33 50 18 15 24 20 34 29 0 13 27 6 41 42 23 42 
18 19 48 14 26 42 5 38 45 35 21 7 34 21 22 30 0 25 44 45 11 46 43 
20 50 15 23 33 42 33 40 49 29 42 5 1 38 17 13 21 0 17 29 13 24 30 
3 14 50 8 42 47 32 47 47 12 46 26 49 48 50 3 10 13 0 5 6 37 43 
15 29 21 34 14 12 24 29 33 33 19 41 47 1 24 25 1 36 8 0 2 32 31 
10 25 39 19 14 19 7 16 8 19 44 11 49 22 38 8 34 21 24 19 0 29 13 
7 9 2 49 30 36 13 19 48 35 11 35 19 46 45 45 48 5 22 18 26 0 1 
47 37 2 2 37 43 3 38 29 13 3 47 19 31 18 15 40 22 4 39 21 9 0 
50 0 15 3 43 14 39 23 19 48 11 38 7 13 15 47 28 49 20 17 11 7 48 
33 23 0 27 15 27 34 16 50 15 37 30 38 37 38 50 44 30 14 15 10 16 42 
9 13 19 0 3 18 13 23 34 23 11 3 2 33 30 16 49 13 40 4 48 47 2 
27 25 29 10 0 28 5 40 3 47 47 33 42 14 15 47 25 16 4 28 31 15 20 
36 36 5 20 29 0 32 2 25 7 18 45 8 36 44 25 9 35 18 44 20 15 7 
19 42 17 2 2 38 0 25 1 21 16 38 8 39 43 5 9 27 9 2 22 41 15 
47 6 29 3 1 8 19 0 10 38 45 5 30 17 14 4 27 30 15 50 7 47 30 
21 29 6 32 4 27 41 35 0 19 43 17 5 46 11 23 50 38 18 32 12 29 43 
3 10 27 41 5 50 30 38 22 0 34 19 17 36 50 48 19 4 42 19 3 27 12 
14 13 19 43 5 30 27 33 25 36 0 2 28 27 46 6 13 22 42 5 31 22 33 
36 29 25 23 2 19 15 40 44 26 16 0 41 47 14 23 13 46 50 11 40 10 33 
16 8 24 3 13 41 21 28 48 46 41 32 0 27 41 18 32 29 8 19 35 43 27 
12 37 50 42 41 10 46 5 21 33 24 4 13 0 17 50 50 7 24 20 16 28 21 
50 16 38 33 45 14 22 4 21 25 41 40 47 38 0 4 22 1 12 32 43 26 9 
8 24 28 1 33 30 2 46 16 27 49 42 37 34 5 0 9 15 32 34 18 12 49 
14 24 21 13 47 35 24 9 35 35 45 42 8 15 5 44 0 32 43 2 26 10 14 
41 5 2 20 17 43 47 50 10 9 47 10 10 5 31 21 34 0 17 22 8 43 15 
48 45 27 41 4 22 1 41 16 37 40 50 33 17 12 27 18 32 0 12 35 25 36 
45 48 5 1 14 12 10 35 4 2 21 27 8 7 44 27 39 26 50 0 20 43 11 
20 11 22 14 9 7 50 41 46 9 40 12 1 29 36 4 8 39 32 32 0 33 38 
30 6 10 5 34 41 43 37 35 6 43 34 29 45 29 1 3 4 36 14 7 0 13 
38 46 6 15 42 36 18 12 39 12 29 32 31 17 5 4 23 9 49 10 25 34 0 
19 0 17 1 42 25 8 36 28 46 20 32 18 19 15 50 19 50 7 19 24 18 31 
6 47 0 14 13 47 49 31 28 16 47 38 4 27 39 15 50 12 11 26 11 17 9 
1 14 49 0 41 5 5 9 42 42 1 17 39 12 4 29 13 12 38 48 19 5 36 
30 15 38 11 0 5 1 46 8 49 8 15 47 47 50 14 6 45 27 19 25 6 38 
38 39 28 11 22 0 49 50 39 13 48 5 16 35 35 3 45 50 9 46 34 3 9 
24 15 8 30 49 6 0 44 22 50 31 30 43 27 50 33 44 29 48 9 11 45 17 
42 31 15 30 4 50 27 0 11 29 22 35 30 15 14 3 43 50 44 45 42 49 25 
36 43 9 4 12 6 30 48 0 25 43 14 7 23 27 15 20 2 44 45 39 2 8 
8 48 35 19 42 37 48 15 16 0 4 19 18 46 22 22 1 39 21 32 31 47 42 
16 9 42 26 28 31 42 2 47 10 0 24 28 36 12 20 43 15 43 1 11 28 11 
39 6 32 44 48 2 6 25 8 21 11 0 17 32 27 28 16 10 17 23 14 8 10 
44 18 37 11 31 46 7 40 31 37 15 5 0 20 37 45 35 34 40 47 22 2 4 
17 20 30 43 16 49 34 35 38 15 3 30 12 0 14 7 37 21 10 19 19 41 25 
3 27 7 42 22 26 33 33 17 36 8 41 1 18 0 32 39 31 8 7 46 50 50 
3 41 25 31 28 47 19 37 4 34 13 43 17 3 37 0 24 28 8 2 5 48 18 
22 21 14 40 6 33 30 11 13 45 25 3 25 16 17 42 0 48 37 14 30 32 25 
29 8 1 30 2 7 30 49 45 45 3 35 20 5 18 39 41 0 37 8 44 21 19 
19 15 28 21 8 37 11 16 41 18 36 48 43 6 39 27 31 24 0 31 15 1 30 
50 41 47 12 24 10 46 28 23 39 4 10 40 36 2 32 50 44 38 0 29 5 35 
50 23 13 13 50 15 6 35 13 7 18 39 16 38 25 46 13 1 20 13 0 46 47 
44 33 16 4 25 50 24 38 27 22 26 15 41 25 50 12 11 31 23 38 27 0 48 
42 2 21 15 8 5 32 37 10 42 40 3 29 30 47 46 41 6 11 25 30 47 0 
13 0 1 47 50 46 1 41 39 41 8 21 47 41 14 33 10 43 20 7 40 13 34 
25 39 0 47 20 15 15 41 17 27 2 18 46 39 21 19 8 9 31 47 21 2 33 
33 32 40 0 33 14 31 14 42 19 41 35 30 26 8 4 27 36 26 49 24 31 19 
30 46 26 13 0 41 35 11 27 44 42 33 43 7 15 31 32 2 10 4 36 34 28 
12 10 45 11 5 0 33 45 22 23 29 2 14 3 44 8 1 41 29 32 43 48 43 
47 34 2 40 47 4 0 24 39 20 46 36 3 35 16 18 30 31 29 32 22 20 5 
41 44 12 37 25 1 20 0 25 4 41 31 19 13 12 10 15 36 41 48 35 9 7 
28 1 10 43 34 11 48 3 0 11 26 23 43 43 9 28 10 30 24 19 46 42 46 
22 16 3 7 21 16 43 42 25 0 36 47 34 16 12 27 33 18 10 28 2 30 5 
47 20 20 1 38 26 11 25 16 14 0 16 33 29 45 40 27 40 32 11 20 2 37 
47 9 43 16 34 48 6 9 18 41 16 0 18 19 33 38 20 29 17 31 50 20 33 
19 34 34 33 43 41 20 46 42 11 4 10 0 24 11 9 23 43 14 19 7 46 26 
17 12 26 7 40 21 4 44 39 2 18 14 40 0 10 32 1 5 15 40 23 50 6 
14 10 10 27 12 7 24 18 31 13 38 44 17 23 0 8 37 1 50 42 48 22 3 
43 10 21 50 41 42 9 4 18 23 26 12 48 16 48 0 14 10 48 20 22 21 5 
27 47 43 10 44 19 15 40 31 2 34 12 18 1 6 13 0 16 33 9 27 46 15 
18 6 26 42 40 38 41 45 28 1 32 39 34 25 7 32 49 0 41 40 28 43 25 
29 36 49 47 8 47 32 38 13 44 10 12 29 38 35 3 29 27 0 50 36 24 33 
31 30 17 32 6 35 34 19 37 18 23 44 27 40 43 43 31 44 13 0 41 39 38 
29 23 47 20 48 46 12 14 28 7 1 46 6 20 31 26 42 48 4 44 0 7 43 
40 36 11 45 10 37 46 7 24 34 45 43 1 45 36 37 38 38 8 24 40 0 16 
43 31 34 24 13 6 2 16 37 45 31 37 33 12 9 3 37 25 19 22 34 17 0 
2 0 14 20 36 41 6 11 16 37 34 3 24 43 30 12 37 25 41 6 9 48 50 
12 14 0 12 25 28 36 2 33 5 19 33 26 30 21 4 27 15 47 6 21 9 48 
34 10 19 0 29 42 1 1 29 16 26 20 2 2 6 24 17 28 25 15 4 29 35 
42 17 1 41 0 33 49 26 10 3 27 42 15 30 3 6 49 44 2 33 27 3 7 
7 28 20 48 3 0 49 19 31 7 5 19 50 18 3 29 1 18 3 3 7 23 44 
11 37 27 22 12 30 0 32 13 22 3 33 35 11 23 22 35 46 28 41 23 21 37 
47 31 35 3 20 44 34 0 31 24 46 35 13 17 33 22 31 37 40 50 44 34 17 
17 34 43 7 30 34 7 26 0 17 50 24 25 40 47 37 9 10 38 29 42 29 37 
50 48 6 39 14 15 41 2 24 0 27 4 31 14 2 11 14 14 1 24 49 30 35 
40 43 44 26 45 29 30 12 15 43 0 38 31 34 46 1 42 20 42 35 15 27 47 
22 10 33 36 49 46 24 29 18 30 7 0 16 8 14 46 38 21 13 22 13 12 11 
43 33 19 16 14 23 31 32 15 15 9 43 0 21 34 43 9 30 34 38 37 25 8 
24 19 38 37 47 32 22 23 44 15 36 11 17 0 50 18 34 33 2 48 36 16 42 
7 16 44 12 46 12 33 38 25 25 37 35 10 1 0 28 27 27 50 11 42 22 45 
8 10 18 43 42 47 1 37 40 40 43 33 12 23 43 0 35 37 10 40 6 40 11 
25 32 41 18 6 7 25 49 26 24 21 13 8 34 44 4 0 21 37 37 39 36 48 
43 27 39 6 34 43 13 2 3 16 5 47 36 36 2 24 42 0 45 12 42 14 19 
12 49 15 10 41 34 39 4 20 1 26 28 39 14 29 50 23 33 0 36 24 22 5 
9 12 49 9 2 47 45 42 27 45 34 25 16 41 41 25 2 30 13 0 50 47 4 
22 8 48 38 46 42 23 30 6 41 48 8 41 4 11 33 32 42 9 28 0 25 31 
45 15 49 39 10 49 32 7 11 22 9 5 40 42 11 14 2 4 20 48 40 0 43 
28 8 1 38 15 19 48 21 42 19 30 41 14 34 39 8 33 25 49 50 30 26 0 
50 0 36 14 20 22 19 41 5 8 27 42 2 37 42 39 22 34 13 9 40 30 40 
26 50 0 28 28 25 45 22 46 50 40 14 2 8 15 25 46 48 30 31 38 12 4 
50 13 47 0 48 20 12 41 36 42 40 46 11 11 15 42 44 44 47 34 12 27 3 
38 35 34 24 0 48 39 16 29 10 43 28 22 50 16 32 28 25 11 6 15 49 25 
6 48 5 10 4 0 4 37 34 4 50 27 48 25 12 15 46 14 3 21 13 30 4 
33 39 15 27 13 17 0 22 24 7 13 4 14 30 36 20 38 35 13 43 26 40 29 
46 3 41 20 14 30 47 0 4 44 36 45 3 15 16 46 28 41 20 13 31 44 15 
44 12 33 29 27 27 18 9 0 21 5 14 5 44 12 37 44 4 43 28 3 19 18 
20 27 22 5 42 8 22 23 14 0 9 35 31 9 29 38 35 4 20 37 36 16 40 
39 10 22 34 41 48 17 21 4 41 0 46 26 43 7 7 22 35 10 37 48 42 6 
20 13 4 8 6 19 39 8 17 33 3 0 30 38 12 33 9 17 25 6 44 6 45 
36 34 37 32 29 32 35 27 50 19 49 34 0 40 10 31 33 42 49 32 46 24 14 
24 14 19 46 40 27 44 13 42 49 50 26 28 0 20 22 25 41 8 24 41 34 34 
31 4 22 24 29 34 33 8 12 10 22 22 10 24 0 13 33 42 9 33 38 27 1 
34 15 32 11 12 17 9 24 23 33 31 40 33 15 24 0 17 49 10 30 35 37 40 
5 6 11 49 13 8 16 15 8 46 8 30 21 7 43 18 0 23 16 49 38 38 39 
42 20 41 48 10 26 10 24 8 42 15 44 11 26 1 14 5 0 1 9 8 25 35 
32 3 45 17 25 31 38 15 36 49 3 16 14 41 8 15 49 40 0 6 35 38 17 
16 27 47 17 18 9 11 48 30 30 14 8 38 39 4 43 2 30 37 0 44 6 16 
42 45 12 10 7 41 3 19 3 41 47 16 37 19 21 8 14 29 4 39 0 19 23 
3 7 3 19 11 7 38 26 49 45 12 50 35 2 5 8 3 21 46 11 27 0 24 
12 23 2 36 22 45 16 8 41 18 48 19 43 6 7 38 30 47 31 27 43 3 0 
5 0 37 34 19 3 6 27 33 43 8 46 29 46 31 18 26 35 44 11 41 4 44 
3 17 0 10 50 1 15 42 49 31 1 31 10 19 15 2 4 42 10 32 8 25 40 
23 14 11 0 27 21 4 13 37 17 3 49 11 35 17 10 4 6 12 42 44 28 46 
49 37 13 3 0 24 31 3 1 9 46 19 14 44 46 40 25 45 38 37 44 34 29 
11 8 31 36 44 0 39 5 21 17 31 12 27 16 25 15 18 31 32 35 16 44 3 
42 22 24 15 14 31 0 18 5 7 35 12 20 26 5 23 39 37 15 47 39 30 39 
2 18 30 16 11 27 7 0 6 10 19 35 9 16 9 12 30 25 24 3 12 24 28 
15 46 49 10 46 42 45 21 0 20 6 24 4 21 6 35 49 21 41 48 2 26 44 
36 18 40 14 27 8 40 23 36 0 18 15 24 3 34 17 2 32 15 12 39 49 30 
35 13 39 7 46 27 4 12 14 23 0 3 22 11 32 20 32 16 38 31 48 20 6 
40 47 4 1 32 20 10 33 41 37 45 0 6 33 28 25 21 12 14 20 24 4 42 
21 32 24 36 32 50 50 25 9 2 11 30 0 23 43 3 46 46 34 3 31 33 17 
27 6 49 43 8 45 26 17 28 46 2 48 26 0 23 28 46 39 11 34 16 28 44 
46 3 5 33 18 17 19 36 22 23 10 5 6 18 0 37 39 42 6 49 42 24 16 
28 26 17 31 18 50 46 42 48 17 39 33 11 47 39 0 26 27 10 49 43 24 29 
39 22 17 10 9 50 19 28 18 36 20 30 25 30 16 38 0 49 19 40 30 26 43 
16 23 8 41 50 17 29 40 43 32 42 50 37 46 14 9 41 0 46 23 20 50 4 
14 31 22 10 11 40 11 31 3 44 4 46 7 45 2 19 1 3 0 50 29 43 39 
39 26 43 21 24 41 28 45 7 6 44 13 10 28 20 41 7 39 29 0 13 29 48 
46 41 40 20 7 23 46 21 21 22 11 25 43 46 18 40 16 21 3 9 0 38 49 
3 44 36 25 49 10 47 11 50 31 11 41 30 2 32 5 34 5 49 37 36 0 22 
3 35 36 24 24 17 24 9 10 20 11 48 39 46 34 32 25 36 24 10 23 30 0 
