39
10
49 0 14 25 50 3 27 4 12 18 36 
33 33 0 43 25 32 24 50 31 25 38 
3 25 37 0 31 46 19 17 28 22 17 
23 19 43 46 0 45 16 7 50 23 38 
14 38 19 3 28 0 47 6 2 38 5 
4 2 27 48 43 24 0 28 45 4 34 
10 27 40 1 13 15 41 0 48 30 16 
17 50 8 38 24 15 7 34 0 4 50 
14 16 40 18 14 21 42 45 3 0 21 
38 13 46 39 28 38 49 19 41 13 0 
7 0 9 22 22 38 4 44 39 25 28 
18 45 0 42 5 21 45 37 22 38 42 
23 46 45 0 10 28 4 5 20 11 36 
17 38 44 41 0 44 6 45 19 31 10 
28 4 20 26 3 0 44 22 41 19 33 
2 27 31 49 40 11 0 14 12 45 34 
50 25 29 39 11 30 2 0 1 12 16 
50 19 42 29 15 20 27 19 0 7 35 
33 14 1 28 35 41 8 45 1 0 33 
42 33 24 47 10 3 25 31 16 23 0 
42 0 21 30 4 34 34 35 3 34 21 
35 45 0 6 10 2 36 25 1 5 20 
23 7 50 0 29 24 18 45 46 19 13 
45 46 4 34 0 43 12 34 48 45 1 
7 5 12 31 49 0 48 28 15 46 24 
29 24 27 46 1 36 0 21 2 30 17 
39 40 34 21 26 39 41 0 23 18 40 
2 27 7 4 14 19 46 20 0 30 27 
41 31 1 45 35 22 19 9 34 0 8 
42 33 18 28 13 17 21 41 6 11 0 
7 0 6 47 6 22 2 18 23 32 32 
40 2 0 22 4 27 9 39 40 37 5 
20 33 39 0 11 49 20 9 29 42 47 
48 5 14 20 0 21 36 34 45 24 33 
4 47 27 2 18 0 40 12 15 2 4 
28 32 4 2 41 24 0 17 37 8 3 
44 39 31 35 34 35 39 0 2 34 42 
25 45 16 5 1 24 6 37 0 43 9 
8 44 27 39 19 17 2 12 30 0 47 
19 48 37 21 40 16 16 43 19 33 0 
2 0 10 32 11 29 34 16 50 2 17 
19 30 0 44 49 46 50 12 43 16 18 
34 27 23 0 38 23 28 8 46 15 35 
8 14 19 11 0 8 48 13 17 10 36 
1 2 11 13 29 0 39 4 38 26 40 
5 24 27 1 49 26 0 38 45 39 2 
27 21 35 18 9 5 12 0 34 42 48 
37 46 34 31 18 33 16 10 0 9 34 
24 20 20 26 30 35 37 18 12 0 32 
11 19 28 8 10 31 17 44 5 24 0 
28 0 20 47 29 3 10 40 47 34 17 
10 28 0 36 5 28 7 1 10 38 24 
18 44 23 0 11 37 19 18 26 21 38 
16 23 6 35 0 7 5 24 42 23 21 
46 41 35 45 23 0 34 34 24 30 3 
30 8 7 31 7 34 0 47 36 42 35 
42 15 26 47 1 38 23 0 1 48 24 
34 10 37 17 29 28 10 28 0 39 4 
36 45 46 19 8 9 16 25 29 0 24 
8 38 50 39 30 32 16 38 44 35 0 
11 0 33 26 7 20 21 21 41 3 29 
24 19 0 48 39 50 48 19 8 39 43 
22 48 22 0 25 16 46 10 49 38 48 
12 22 35 4 0 43 3 19 40 49 38 
38 26 23 50 50 0 39 40 11 39 33 
13 8 49 2 13 13 0 11 2 41 25 
11 23 3 5 17 3 35 0 45 47 47 
29 30 10 2 6 47 26 23 0 25 28 
7 49 10 5 35 5 23 34 41 0 30 
43 18 49 25 27 16 23 18 33 48 0 
4 0 45 15 43 4 34 49 48 46 17 
38 39 0 28 14 19 13 13 48 20 13 
30 2 4 0 17 4 11 31 36 26 40 
24 8 40 28 0 24 12 34 18 1 2 
6 26 38 25 43 0 5 41 35 6 15 
4 25 48 21 18 3 0 42 49 39 44 
3 14 22 7 44 31 50 0 1 41 7 
29 46 47 19 8 5 14 30 0 25 50 
21 47 30 12 37 49 10 20 10 0 21 
20 36 29 8 49 42 4 32 32 12 0 
6 0 41 45 49 36 8 28 30 13 14 
39 12 0 24 40 23 7 35 11 20 45 
21 30 41 0 20 37 43 18 40 21 16 
1 33 49 13 0 45 31 2 31 26 29 
22 31 7 46 33 0 9 12 39 36 42 
8 43 12 37 42 26 0 50 26 12 43 
41 39 10 48 14 6 14 0 12 46 42 
6 5 36 42 24 41 24 46 0 37 29 
32 29 4 29 9 8 22 12 22 0 19 
32 26 19 33 39 33 21 9 33 27 0 
46 0 1 44 44 37 3 8 20 14 1 
2 5 0 39 34 12 13 35 32 39 6 
34 2 40 0 27 11 30 36 3 4 41 
20 15 13 10 0 34 31 36 11 42 6 
1 3 48 21 17 0 27 37 35 22 26 
48 40 21 27 44 44 0 11 17 33 7 
17 5 17 23 32 37 42 0 29 1 31 
28 25 40 34 5 32 4 20 0 10 35 
43 2 31 28 44 30 45 36 17 0 40 
21 19 29 35 39 46 36 25 40 30 0 
36 0 8 35 42 49 24 1 37 23 12 
40 42 0 7 49 15 16 25 40 30 2 
43 6 12 0 11 10 9 47 5 45 10 
47 30 30 30 0 49 36 17 40 29 20 
30 8 14 6 1 0 30 12 30 21 23 
22 47 45 39 38 30 0 46 25 32 41 
28 46 42 13 16 11 12 0 28 50 29 
50 35 11 11 23 35 43 7 0 11 31 
48 17 35 23 39 1 35 42 43 0 20 
40 42 9 39 43 34 16 2 41 40 0 
18 0 35 31 42 23 37 36 35 16 3 
38 40 0 15 1 44 11 12 20 25 15 
27 21 35 0 30 40 9 27 23 18 40 
19 41 16 21 0 14 13 36 43 50 2 
15 50 26 40 33 0 1 27 8 46 32 
23 47 28 26 14 47 0 50 1 3 15 
11 14 17 27 35 47 24 0 44 38 31 
26 19 21 23 1 27 45 46 0 48 40 
32 19 27 37 17 23 14 41 8 0 17 
13 35 41 36 42 2 33 50 5 37 0 
27 0 34 21 15 7 4 27 5 26 37 
3 5 0 4 14 33 42 37 31 10 13 
33 34 37 0 21 19 41 29 35 32 49 
45 46 41 11 0 13 49 49 13 30 14 
46 10 16 21 15 0 9 32 27 3 50 
16 2 40 43 4 44 0 47 50 47 17 
25 42 24 27 43 8 14 0 43 1 35 
43 25 1 47 17 24 19 16 0 7 10 
9 3 33 32 33 43 6 49 8 0 19 
2 50 16 14 39 5 37 39 29 7 0 
45 0 39 26 19 7 42 1 44 27 31 
26 31 0 43 37 8 23 10 42 45 50 
3 16 36 0 33 33 44 9 38 9 13 
37 30 38 1 0 15 21 27 15 25 42 
42 13 22 27 44 0 21 7 29 6 16 
46 46 44 29 5 30 0 3 44 36 14 
33 14 35 15 45 46 44 0 43 22 38 
47 45 17 4 9 40 44 10 0 39 12 
38 31 32 43 18 42 37 9 46 0 36 
18 33 29 12 9 29 28 8 32 48 0 
28 0 14 7 19 20 1 29 41 21 15 
37 43 0 5 24 26 3 32 43 47 3 
10 36 47 0 37 20 14 16 5 45 30 
13 36 28 41 0 35 25 24 13 24 17 
13 46 38 32 50 0 25 28 6 37 6 
47 36 11 30 39 42 0 17 21 50 6 
35 24 47 41 3 1 16 0 15 40 2 
30 20 19 31 40 15 48 16 0 37 45 
36 11 19 39 34 28 25 49 3 0 43 
8 4 14 18 33 39 50 47 30 49 0 
10 0 14 17 36 27 28 17 31 40 25 
45 1 0 34 6 21 24 6 8 8 25 
26 17 12 0 47 44 26 7 2 48 1 
16 1 37 39 0 35 22 45 33 13 6 
11 44 10 29 49 0 8 20 8 48 9 
34 42 40 5 24 44 0 3 20 43 1 
22 16 34 39 10 44 15 0 46 21 49 
30 23 46 2 15 33 8 34 0 48 37 
6 49 4 39 18 24 12 33 16 0 42 
20 25 41 12 35 45 11 21 20 6 0 
44 0 25 38 49 30 11 47 38 40 41 
36 19 0 22 7 45 24 12 45 22 36 
33 32 31 0 30 30 5 32 34 18 20 
22 37 15 43 0 44 32 12 6 10 7 
27 24 43 25 6 0 1 4 35 17 12 
33 17 50 34 23 12 0 45 8 20 26 
29 13 21 20 20 50 5 0 29 14 14 
12 7 35 15 9 9 40 7 0 24 29 
1 48 18 7 37 5 37 31 20 0 32 
37 4 37 34 28 15 4 23 5 7 0 
47 0 25 22 3 50 27 32 36 25 15 
22 39 0 35 41 25 32 45 14 34 15 
13 24 9 0 32 27 9 20 2 37 45 
5 17 2 18 0 33 27 26 15 7 11 
24 2 7 6 10 0 49 19 46 9 47 
20 40 40 40 44 23 0 16 41 26 41 
7 31 49 30 11 6 37 0 18 9 49 
7 31 8 24 42 11 18 4 0 22 29 
40 24 43 41 26 15 27 12 24 0 10 
11 36 39 16 4 43 3 27 45 5 0 
12 0 2 38 11 40 40 33 17 48 34 
6 13 0 20 48 2 33 38 9 5 46 
29 25 44 0 50 38 22 42 42 20 49 
9 41 9 17 0 18 38 37 33 1 36 
32 11 15 41 4 0 49 17 42 15 21 
6 45 22 49 26 37 0 9 39 23 19 
48 42 47 49 25 16 4 0 3 31 14 
47 5 8 20 15 19 11 4 0 46 40 
6 50 27 50 44 15 19 10 42 0 31 
30 49 11 33 39 41 14 16 16 39 0 
46 0 14 12 2 24 1 37 3 35 8 
26 5 0 44 34 14 48 15 47 6 11 
47 44 12 0 50 34 49 45 26 32 24 
5 46 38 7 0 44 42 39 26 26 43 
28 16 26 34 5 0 25 6 28 20 41 
26 18 10 5 42 2 0 3 12 18 26 
7 12 22 11 4 31 18 0 37 40 22 
10 39 22 14 34 32 19 28 0 46 9 
43 17 6 41 48 38 36 33 16 0 42 
39 28 9 50 36 17 44 15 30 24 0 
8 0 20 38 48 31 38 46 47 22 10 
34 26 0 17 9 33 41 6 32 13 17 
45 35 21 0 48 34 33 31 22 28 17 
38 4 48 22 0 1 24 30 8 10 11 
42 40 12 6 9 0 14 12 1 17 46 
11 13 2 14 30 24 0 49 40 15 49 
8 25 20 5 23 30 28 0 45 8 10 
12 48 22 3 25 6 24 15 0 40 21 
22 30 5 33 7 26 2 35 43 0 28 
26 40 44 12 4 18 21 7 34 29 0 
36 0 17 43 8 35 13 42 50 39 25 
1 34 0 1 44 28 28 20 37 49 48 
29 44 3 0 31 34 22 5 10 50 8 
36 17 32 12 0 35 5 38 48 48 44 
34 3 46 18 27 0 42 39 50 35 26 
48 34 8 37 1 42 0 15 13 24 13 
9 32 1 31 39 34 3 0 39 9 23 
41 23 39 6 14 26 49 35 0 4 43 
34 5 26 24 11 3 10 46 12 0 43 
41 25 24 36 35 2 2 15 30 43 0 
40 0 1 41 12 36 26 45 3 24 25 
44 30 0 9 32 30 5 6 28 21 37 
25 8 28 0 16 32 16 50 4 21 12 
25 34 6 12 0 3 33 14 15 39 35 
9 7 22 37 49 0 12 17 42 7 31 
46 25 44 43 18 33 0 23 25 30 21 
27 41 33 12 1 11 24 0 48 30 47 
42 42 40 37 29 19 36 42 0 17 21 
49 8 47 41 16 50 40 14 44 0 21 
11 39 35 19 9 18 25 11 37 39 0 
38 0 20 13 11 39 5 36 8 15 50 
48 32 0 9 9 22 19 45 43 47 1 
21 11 4 0 9 36 4 7 21 28 11 
45 25 5 29 0 34 30 46 37 2 12 
15 33 49 45 24 0 30 31 27 47 41 
24 33 15 36 19 27 0 17 4 25 36 
48 15 30 4 6 23 27 0 30 26 42 
24 8 41 36 37 38 12 9 0 36 7 
23 31 25 38 38 13 11 19 11 0 7 
14 42 12 17 14 50 3 46 40 1 0 
3 0 1 1 6 17 16 42 30 50 31 
15 8 0 19 18 13 17 41 43 16 43 
12 9 20 0 19 29 32 47 25 22 37 
36 17 20 35 0 5 23 30 20 21 22 
21 32 20 31 43 0 7 24 44 4 47 
10 11 30 47 40 45 0 32 33 27 36 
20 18 8 13 46 49 38 0 34 14 41 
38 22 22 45 23 31 39 40 0 27 23 
9 3 22 25 28 25 37 23 46 0 11 
41 48 43 36 3 4 24 7 36 44 0 
19 0 40 30 13 10 39 39 36 25 9 
6 43 0 7 5 27 17 47 33 36 21 
12 15 38 0 4 50 41 29 37 42 20 
7 33 5 33 0 4 20 23 9 16 39 
37 2 49 37 5 0 49 41 38 10 37 
8 41 21 15 33 4 0 2 27 14 20 
10 2 45 5 3 24 39 0 24 2 7 
45 38 18 47 34 11 17 2 0 50 1 
50 42 28 6 12 16 12 40 1 0 1 
18 47 45 47 30 35 7 44 35 32 0 
11 0 17 37 3 42 20 24 24 31 22 
38 1 0 28 13 21 18 25 40 43 37 
12 49 24 0 2 40 48 43 22 18 50 
4 23 17 18 0 41 33 6 25 14 43 
42 38 9 29 13 0 18 19 33 27 12 
10 18 1 48 20 12 0 44 35 14 45 
27 3 7 32 19 16 34 0 10 23 38 
13 50 26 1 45 24 40 46 0 39 22 
30 11 46 6 40 36 22 19 48 0 29 
40 21 12 20 17 40 32 28 11 48 0 
34 0 10 11 39 50 11 43 1 3 47 
23 48 0 47 42 16 16 8 2 42 33 
44 16 13 0 45 49 43 39 7 35 6 
43 13 36 42 0 39 20 1 7 6 30 
44 21 17 2 7 0 42 24 20 5 1 
33 30 36 28 4 19 0 48 16 41 8 
22 36 17 48 5 10 13 0 6 4 46 
16 1 46 13 40 24 49 11 0 39 7 
19 20 3 34 23 13 28 8 38 0 20 
23 35 17 49 8 8 5 19 48 47 0 
29 0 19 17 10 35 33 34 23 38 31 
20 37 0 28 34 40 3 33 33 25 42 
33 5 18 0 34 23 31 34 48 5 32 
20 30 14 42 0 29 50 3 44 50 41 
29 5 21 8 1 0 37 7 34 10 6 
25 22 45 6 15 24 0 2 33 37 4 
49 37 18 6 11 40 23 0 37 6 40 
50 40 34 34 13 29 35 10 0 33 36 
25 1 38 50 8 48 36 8 28 0 5 
49 21 7 46 43 43 37 15 48 12 0 
15 0 21 29 21 6 36 38 11 44 37 
40 42 0 50 2 30 49 50 19 49 13 
5 15 10 0 1 42 30 33 39 42 21 
42 21 13 22 0 22 4 22 18 45 22 
11 25 15 42 16 0 7 21 6 16 45 
43 19 16 35 8 50 0 12 28 29 27 
3 50 20 24 45 20 29 0 28 30 26 
27 32 24 27 3 30 50 19 0 36 35 
9 28 23 48 28 24 5 29 15 0 23 
43 45 39 18 20 11 6 42 47 46 0 
28 0 44 27 40 18 12 45 39 32 28 
50 44 0 42 45 19 26 28 22 46 21 
15 1 13 0 8 34 32 43 6 8 42 
24 9 22 40 0 7 15 1 33 30 17 
30 16 47 38 23 0 50 3 45 50 44 
34 34 46 27 32 28 0 31 20 7 36 
19 39 32 40 4 42 22 0 2 38 4 
25 45 43 30 42 49 5 26 0 35 35 
30 49 6 14 9 41 13 46 9 0 30 
35 32 27 44 48 41 35 7 34 32 0 
28 0 1 8 47 20 40 42 17 35 33 
24 5 0 35 23 7 21 33 18 32 14 
29 27 44 0 8 19 44 18 49 32 1 
15 48 43 3 0 7 29 41 10 45 19 
50 46 11 26 7 0 30 47 5 38 28 
9 17 25 21 3 2 0 8 50 28 26 
22 43 35 35 18 26 13 0 33 17 29 
30 24 23 13 14 33 16 18 0 2 39 
47 14 12 4 43 48 23 22 50 0 5 
22 41 32 19 48 7 12 27 9 32 0 
18 0 15 38 10 49 35 45 13 7 21 
36 41 0 49 40 30 8 32 32 42 21 
3 41 33 0 12 8 39 42 5 16 8 
22 40 10 20 0 22 33 27 2 6 8 
4 11 16 30 19 0 32 43 43 40 41 
26 30 35 38 29 27 0 32 27 3 10 
44 41 48 50 49 47 31 0 29 18 48 
32 30 26 34 17 42 25 4 0 43 27 
47 50 15 25 32 42 6 22 42 0 45 
1 50 50 46 15 14 14 17 31 23 0 
1 0 14 26 43 9 46 5 1 21 37 
2 29 0 34 27 14 45 26 23 18 7 
41 10 38 0 24 47 32 30 30 20 4 
29 9 23 21 0 26 34 25 23 17 37 
38 5 1 5 43 0 22 17 24 33 21 
38 42 49 24 32 42 0 26 2 46 28 
16 25 32 18 9 44 7 0 13 1 30 
21 3 7 32 20 37 9 34 0 31 26 
16 7 48 50 17 37 11 49 39 0 35 
8 23 28 39 21 14 24 34 46 50 0 
16 0 4 24 3 1 35 36 18 5 46 
33 43 0 22 20 13 10 28 32 1 23 
33 8 25 0 16 23 49 26 18 11 7 
13 26 38 31 0 11 12 34 45 49 32 
2 43 45 43 3 0 16 1 8 27 11 
36 42 33 24 17 8 0 29 8 31 3 
10 19 7 48 34 7 5 0 41 10 1 
27 33 34 20 22 40 14 32 0 14 7 
48 18 41 1 21 21 44 15 15 0 4 
33 26 14 47 22 33 37 47 10 47 0 
12 0 11 48 27 35 3 9 13 3 27 
44 47 0 45 25 5 42 28 7 28 13 
14 41 27 0 7 18 1 19 37 48 39 
4 18 23 18 0 46 38 20 15 16 18 
13 31 13 38 10 0 36 32 40 43 31 
6 31 20 47 33 22 0 34 42 9 34 
35 23 16 14 24 27 25 0 27 30 18 
22 14 41 10 1 33 28 39 0 47 33 
19 30 45 18 34 23 48 27 35 0 24 
4 29 6 32 34 40 16 49 14 34 0 
12 0 6 11 25 9 42 40 11 46 1 
44 45 0 45 26 16 5 29 48 31 1 
29 48 43 0 6 14 44 8 9 26 12 
18 30 26 14 0 22 14 20 20 10 42 
34 38 31 35 31 0 9 35 31 17 29 
12 18 18 13 6 14 0 13 5 11 16 
35 32 35 35 33 14 20 0 32 5 2 
36 9 39 40 18 41 18 9 0 25 6 
9 28 43 47 50 50 12 13 8 0 8 
1 15 9 44 7 2 4 47 2 17 0 
40 0 4 26 15 44 3 30 29 45 15 
47 5 0 30 6 7 8 40 38 35 34 
3 7 24 0 48 2 22 50 45 33 17 
38 22 7 9 0 17 6 2 28 4 48 
21 34 19 44 12 0 47 35 4 38 50 
13 16 12 19 15 33 0 30 29 14 23 
3 35 46 29 28 26 48 0 22 39 1 
6 12 34 38 14 20 39 31 0 37 6 
37 47 7 33 4 22 10 39 45 0 34 
27 24 15 32 45 36 38 40 16 36 0 
49 0 13 15 38 45 2 32 24 5 45 
45 50 0 43 9 36 7 28 13 26 7 
16 10 28 0 6 25 32 48 3 44 28 
33 49 15 1 0 7 24 32 20 39 3 
40 37 34 50 40 0 27 32 7 47 38 
8 25 15 9 21 40 0 36 10 14 13 
5 30 30 27 13 46 36 0 42 2 12 
25 8 25 23 18 30 26 29 0 17 48 
1 41 7 6 21 8 35 6 30 0 18 
39 23 7 26 49 10 7 8 37 44 0 
