41
28
32 0 46 49 9 17 33 47 22 48 11 30 39 49 44 12 9 30 39 35 23 37 23 34 42 24 14 40 33 
2 19 0 1 23 15 43 5 22 45 21 34 38 44 27 45 21 38 42 13 44 14 34 40 11 15 50 24 9 
12 8 35 0 3 44 14 20 29 11 8 24 6 40 40 14 10 6 48 29 10 28 13 4 32 1 46 20 18 
30 40 9 15 0 20 46 10 38 36 31 44 30 7 16 11 31 19 8 5 25 21 31 6 17 22 14 31 50 
4 4 3 48 45 0 3 50 21 50 10 36 44 31 27 24 26 4 50 3 13 3 23 14 44 42 46 48 50 
35 42 44 6 16 11 0 34 33 29 47 35 5 17 40 32 10 22 11 44 44 7 31 14 23 12 19 47 31 
40 9 6 50 5 1 36 0 9 16 31 29 20 44 42 48 7 15 49 47 13 42 5 23 31 2 5 43 5 
28 22 45 47 14 3 43 20 0 41 35 1 16 5 24 44 41 33 25 50 15 34 7 8 14 23 35 40 36 
37 26 49 1 8 32 31 45 36 0 32 7 42 50 28 17 30 49 31 9 19 11 32 48 27 5 29 22 22 
14 32 25 30 14 8 34 16 37 50 0 9 23 44 50 6 2 19 9 15 6 41 28 16 42 27 22 25 5 
28 22 46 29 10 10 31 5 7 27 28 0 43 44 1 44 49 23 36 26 12 27 47 9 47 14 16 31 37 
17 33 3 42 33 29 39 15 5 30 13 34 0 19 1 45 42 31 23 12 40 34 17 19 42 47 13 29 32 
13 49 15 45 29 45 39 24 24 37 10 16 13 0 30 44 44 23 42 44 26 2 18 17 42 5 42 3 50 
15 12 46 20 50 7 2 7 15 19 6 25 13 21 0 18 45 13 47 27 5 24 26 19 5 20 3 30 46 
33 24 41 37 42 39 10 13 41 40 16 6 29 38 29 0 4 36 19 14 32 1 22 29 8 16 49 26 39 
44 41 1 47 28 7 24 42 29 19 33 24 11 6 4 23 0 31 21 27 37 47 16 20 1 40 49 45 11 
45 33 22 44 14 22 19 50 40 19 29 22 14 38 25 18 37 0 41 21 46 18 7 28 45 22 40 42 29 
22 50 8 30 12 14 47 47 48 40 11 40 37 5 33 12 43 5 0 23 10 41 3 15 49 29 50 43 39 
5 28 22 24 31 41 28 41 12 50 11 1 41 29 20 48 31 31 9 0 14 24 17 3 18 18 32 38 20 
35 9 1 12 22 9 42 20 18 38 10 46 27 43 1 43 44 23 19 12 0 33 18 19 48 42 29 16 39 
25 4 6 49 3 9 6 3 49 50 29 33 37 1 30 43 22 14 37 31 16 0 10 25 46 14 27 38 18 
40 4 21 43 43 4 45 14 32 12 43 19 37 48 44 44 44 36 26 32 38 26 0 26 29 43 35 23 15 
30 11 35 27 21 39 13 45 30 37 41 33 6 16 12 11 21 19 45 18 17 31 2 0 28 1 6 30 15 
29 42 1 9 31 30 34 21 27 17 48 48 36 49 15 7 46 43 27 23 15 15 9 24 0 40 5 49 50 
10 7 26 16 10 49 17 38 37 32 2 26 32 42 35 4 21 47 33 18 17 45 33 9 29 0 8 50 14 
34 27 19 27 31 35 12 20 41 33 39 37 33 27 21 15 41 2 41 24 31 5 3 44 22 32 0 34 15 
25 18 37 3 49 4 4 10 13 26 45 48 30 15 14 39 9 46 35 40 25 18 18 28 17 27 33 0 30 
24 26 5 50 2 48 45 23 46 37 39 30 23 11 2 16 7 43 44 16 41 15 36 27 48 45 41 7 0 
1 0 9 36 22 21 25 36 38 22 46 47 33 21 42 43 22 8 6 17 14 17 3 21 25 34 17 40 10 
41 29 0 3 7 8 38 23 38 1 17 9 49 25 15 44 12 47 12 46 50 22 14 19 42 28 27 41 48 
38 12 39 0 4 36 27 47 43 44 40 26 33 19 6 22 42 47 19 39 3 9 10 28 22 22 40 39 28 
10 11 30 31 0 48 25 50 40 28 6 14 49 18 2 19 7 36 14 31 17 43 28 45 9 38 38 39 29 
34 17 33 46 38 0 20 34 33 10 45 35 44 6 32 15 42 6 40 35 8 42 21 37 9 9 22 35 33 
16 21 43 10 36 21 0 6 11 24 18 12 48 18 36 48 42 29 38 11 11 14 4 4 49 4 32 38 13 
31 25 37 16 35 1 17 0 40 2 26 8 36 26 4 18 38 29 38 40 6 24 46 30 22 12 25 20 13 
18 45 7 5 34 43 30 50 0 31 46 13 17 19 9 40 3 30 26 35 10 36 16 20 17 42 32 40 36 
45 16 5 11 32 5 23 8 20 0 4 2 33 25 19 8 34 25 23 37 16 6 27 43 37 40 10 27 2 
26 41 13 2 4 44 6 16 41 3 0 36 14 37 33 34 26 24 3 36 18 9 37 42 20 45 25 31 18 
23 18 22 23 29 22 33 29 41 50 30 0 31 14 42 43 22 38 24 30 24 44 17 13 38 25 9 43 39 
49 44 8 30 14 38 43 24 31 14 36 16 0 50 5 35 25 23 6 5 18 44 21 32 22 45 7 25 6 
5 35 48 20 29 44 31 48 43 50 17 26 49 0 20 41 25 38 14 24 39 32 39 15 20 5 25 46 29 
13 36 35 8 14 38 19 47 16 16 37 7 25 38 0 33 23 39 30 19 25 30 8 34 31 34 37 24 17 
21 29 16 5 48 3 36 7 16 10 12 12 2 45 9 0 23 28 17 14 45 7 42 31 25 7 22 49 5 
2 4 25 28 14 2 27 37 50 33 9 23 3 26 8 29 0 18 8 24 35 49 11 4 17 23 30 11 29 
48 42 48 27 4 31 5 12 36 35 48 50 19 23 24 46 9 0 42 43 31 34 3 8 49 49 14 7 41 
1 8 6 35 42 48 40 9 35 33 20 22 21 46 43 34 10 24 0 17 27 38 8 9 32 37 30 45 46 
35 50 28 40 24 14 12 28 30 14 8 21 33 16 12 26 23 21 11 0 38 10 24 40 25 48 31 4 43 
50 24 48 13 3 44 24 36 5 30 48 7 35 16 5 46 17 47 44 23 0 47 33 10 16 19 8 37 11 
10 4 43 44 11 19 28 6 17 46 19 40 42 27 22 43 24 5 4 45 20 0 44 9 2 37 32 47 18 
15 32 44 46 8 14 26 2 38 5 47 17 38 50 30 22 28 5 31 21 12 17 0 43 15 4 43 42 16 
46 41 7 30 23 11 41 36 2 23 32 28 1 21 5 20 8 37 7 20 15 38 24 0 33 1 26 7 48 
39 29 42 16 22 10 6 47 48 17 45 27 9 44 20 6 23 3 20 42 13 24 7 17 0 36 22 2 9 
18 25 30 47 5 44 47 23 31 17 7 42 15 9 22 42 43 31 12 21 18 18 10 48 7 0 15 36 16 
22 25 30 1 9 48 29 24 38 48 23 15 48 47 25 7 47 28 27 4 2 16 25 6 11 31 0 41 50 
15 32 40 40 8 31 1 6 37 7 34 17 30 49 4 45 9 47 24 21 44 4 1 29 39 32 14 0 7 
1 25 40 28 7 29 10 6 9 33 7 17 46 19 20 41 45 11 24 4 13 30 48 14 8 20 7 11 0 
32 0 12 2 27 18 45 6 13 17 6 10 1 40 48 37 26 40 7 25 25 34 10 35 29 8 11 45 22 
28 27 0 21 37 23 49 25 47 31 31 50 2 14 8 25 39 1 24 15 15 43 22 25 1 45 32 28 22 
28 24 19 0 7 1 35 36 41 35 23 29 41 23 40 46 9 7 24 12 27 36 46 28 35 47 30 29 6 
3 20 43 41 0 22 4 20 7 13 44 1 30 23 34 5 28 45 24 42 4 27 16 45 22 21 1 36 33 
46 34 10 21 6 0 30 39 15 31 38 20 20 20 39 47 14 23 33 5 2 41 1 40 24 38 26 29 38 
26 21 21 21 18 38 0 12 29 34 31 24 43 46 40 47 7 4 23 34 39 19 31 49 39 47 34 42 45 
44 37 34 31 1 2 39 0 11 18 49 2 33 27 18 31 43 10 13 7 2 5 34 20 15 42 41 19 46 
23 32 25 35 47 17 36 47 0 47 43 42 45 1 37 40 6 22 2 12 1 1 6 30 35 28 40 41 11 
18 19 40 11 33 44 38 36 25 0 18 36 11 33 34 47 17 21 12 2 19 44 14 44 41 29 18 45 17 
3 40 7 8 27 25 30 29 4 31 0 12 7 49 4 31 4 16 1 19 17 10 13 14 17 39 22 17 4 
25 49 32 16 49 21 34 35 12 29 35 0 9 5 19 14 41 50 45 21 41 33 41 25 29 50 29 8 41 
27 41 19 5 8 26 4 5 50 47 8 28 0 21 47 43 38 17 10 13 42 49 24 17 44 2 27 21 35 
25 4 16 21 14 43 9 22 10 31 1 29 15 0 9 41 4 37 43 21 37 48 37 12 40 16 17 42 3 
24 26 3 32 6 19 31 46 31 38 15 28 38 22 0 29 37 9 34 27 41 33 14 7 10 6 34 38 38 
42 26 5 47 1 6 48 34 28 20 24 47 29 46 23 0 50 28 43 49 27 8 26 31 33 40 2 20 11 
19 44 27 22 32 44 4 5 33 18 28 33 25 46 9 40 0 10 31 12 38 42 8 33 13 36 12 30 17 
46 23 8 49 36 38 16 35 44 3 15 36 42 18 17 10 16 0 17 2 13 17 42 23 9 40 33 20 12 
12 14 36 21 14 38 10 11 11 29 47 38 30 25 47 7 17 27 0 47 24 41 23 47 19 10 18 50 5 
50 49 9 4 18 5 24 30 18 45 22 4 8 6 50 37 20 15 33 0 43 45 17 43 14 37 46 21 39 
18 17 11 47 39 6 12 12 21 44 20 26 2 18 40 22 5 43 17 35 0 24 10 49 45 35 7 10 34 
7 46 18 23 34 35 13 1 34 26 16 2 45 38 17 27 46 7 42 28 27 0 22 9 44 30 36 16 8 
19 17 12 32 46 29 6 25 27 47 42 17 6 40 38 30 27 15 41 36 43 23 0 49 28 16 33 7 35 
38 24 44 49 20 6 32 18 14 35 7 17 33 43 1 49 15 25 23 37 34 29 17 0 15 45 30 15 46 
18 35 16 14 22 21 38 3 4 44 48 1 8 20 16 43 9 25 4 1 22 1 13 42 0 11 21 2 9 
7 29 4 41 41 37 1 30 19 43 45 12 6 48 45 22 28 23 29 14 14 25 7 21 26 0 14 25 17 
23 25 4 2 20 29 47 26 40 7 10 22 20 37 24 16 30 43 46 25 6 41 14 39 42 38 0 46 33 
22 33 15 27 12 34 7 45 40 44 43 27 2 19 32 21 13 8 45 27 1 41 42 34 19 1 12 0 32 
11 15 10 33 34 14 5 8 43 33 10 36 30 30 27 36 50 19 23 37 10 44 26 35 43 19 32 31 0 
41 0 32 8 12 23 26 34 25 34 11 44 39 15 25 29 30 48 9 47 22 15 7 34 1 28 25 23 18 
40 26 0 40 15 32 24 17 11 25 48 14 5 46 2 2 40 25 35 22 35 16 46 37 34 23 11 17 35 
49 8 35 0 49 3 17 36 9 21 30 7 42 9 18 5 50 46 42 27 13 5 45 26 44 3 38 2 44 
40 6 43 22 0 8 32 13 18 14 15 3 29 17 44 19 46 29 31 27 48 42 37 38 31 34 4 30 4 
33 42 46 15 16 0 43 19 15 37 35 34 27 6 38 37 31 40 49 47 12 26 30 16 22 12 5 2 3 
18 12 39 5 3 9 0 36 22 19 38 14 24 25 4 9 44 48 1 43 4 50 7 41 36 8 18 29 3 
27 25 4 12 41 16 48 0 26 47 30 24 47 3 15 13 3 36 23 37 22 21 22 25 12 12 49 4 11 
22 3 48 35 30 33 46 45 0 34 2 34 9 7 34 48 19 27 46 2 35 45 38 1 35 31 7 32 5 
1 42 50 43 13 37 4 44 33 0 40 17 20 20 18 20 34 40 29 16 37 25 6 36 16 47 19 17 34 
3 13 4 23 2 41 44 42 3 41 0 47 21 31 4 37 38 29 33 16 28 19 18 46 3 42 45 31 45 
7 34 46 45 21 20 42 20 36 44 18 0 29 25 28 31 49 32 45 7 22 20 49 38 15 3 39 16 36 
18 1 32 7 11 50 36 19 46 3 1 11 0 12 17 2 35 15 38 4 42 37 47 22 47 39 10 25 9 
47 32 42 32 5 7 3 35 13 12 18 25 43 0 13 4 30 45 46 10 4 47 3 50 16 36 25 50 21 
30 35 19 2 25 28 23 14 11 19 7 6 15 17 0 22 4 20 29 50 24 44 42 3 43 50 22 12 45 
33 27 46 30 7 32 5 29 43 17 1 15 41 40 19 0 26 40 5 39 30 31 46 46 8 25 26 27 39 
32 27 3 3 16 28 32 35 24 27 49 33 12 44 11 4 0 28 35 34 5 23 27 3 45 33 32 14 37 
31 39 6 32 6 17 47 17 15 49 50 13 8 35 3 13 6 0 7 19 38 36 43 31 41 43 23 16 6 
24 8 21 35 15 45 4 35 22 18 28 46 47 44 40 30 35 21 0 47 39 24 41 40 27 14 27 2 39 
9 15 40 34 2 41 44 7 29 16 49 14 31 18 42 39 30 24 41 0 42 3 1 6 22 26 28 32 34 
18 44 21 38 44 15 27 8 29 45 44 6 1 33 2 20 23 34 8 7 0 49 2 48 41 37 11 36 8 
9 18 8 25 10 11 40 35 45 11 20 16 41 34 10 35 30 35 41 21 50 0 36 49 43 20 26 35 17 
47 31 2 34 30 20 49 11 37 20 47 40 44 17 26 13 15 42 16 15 42 13 0 11 3 20 16 8 23 
20 16 5 34 27 23 38 14 10 37 37 22 36 50 48 11 38 2 28 34 11 36 29 0 28 11 20 26 35 
20 50 14 14 13 26 41 22 15 14 14 21 30 12 4 28 5 44 30 43 15 1 15 19 0 38 25 13 34 
38 27 23 8 48 4 44 11 23 23 10 10 9 26 46 25 38 8 4 49 33 1 23 17 40 0 33 20 20 
35 46 26 38 14 8 35 39 41 6 23 26 19 44 6 33 35 21 34 39 6 41 31 31 21 15 0 2 37 
4 7 18 15 34 25 27 27 48 22 47 2 42 7 34 32 35 29 31 40 45 41 32 20 50 31 14 0 44 
15 46 18 50 6 48 35 35 39 8 43 44 18 29 35 14 24 33 48 49 8 49 46 43 35 12 43 13 0 
25 0 49 16 4 11 33 12 2 5 48 46 44 23 50 44 27 37 37 23 16 6 19 46 17 34 16 36 17 
50 25 0 15 45 6 22 11 40 43 39 33 35 18 34 10 27 37 4 27 9 6 20 7 48 40 27 7 6 
3 49 20 0 46 47 46 3 30 33 2 39 1 39 4 35 48 4 38 49 23 10 19 30 30 40 28 11 31 
19 18 5 30 0 16 5 37 44 20 37 38 22 32 30 45 36 16 26 20 2 35 10 44 2 28 35 46 34 
19 41 7 20 35 0 22 11 16 47 10 36 35 18 42 28 18 1 27 42 30 25 45 15 14 9 10 46 10 
24 3 2 32 9 3 0 25 29 31 19 37 10 20 30 39 7 41 35 35 44 32 27 2 1 43 17 10 25 
27 44 11 26 27 2 42 0 45 8 4 26 15 17 49 37 33 41 32 11 46 6 8 23 24 26 3 28 47 
1 1 39 43 44 1 3 37 0 8 12 33 19 38 45 49 37 10 21 28 33 40 20 11 11 6 15 19 19 
21 38 1 25 24 45 44 8 16 0 34 21 17 47 50 25 29 50 43 8 12 10 36 15 5 25 46 7 32 
40 28 37 30 32 35 16 21 11 9 0 45 43 1 42 22 27 50 11 37 40 46 32 12 14 7 8 10 36 
23 46 50 28 38 13 18 39 47 42 35 0 12 34 4 19 41 48 16 11 18 15 39 6 15 10 18 37 8 
16 23 23 25 26 31 48 16 10 18 5 39 0 24 33 30 8 27 25 6 42 14 22 16 42 47 42 21 35 
41 36 19 21 27 10 23 24 20 11 37 4 6 0 4 32 31 11 23 44 33 9 48 38 35 12 45 45 45 
8 31 28 34 11 14 25 24 49 34 13 15 10 6 0 39 17 38 3 36 11 41 36 32 25 48 39 26 43 
48 34 10 32 16 29 17 39 33 4 44 43 29 8 32 0 27 10 30 23 3 10 22 48 9 10 34 4 22 
50 4 36 22 38 33 27 16 24 31 49 32 40 50 35 35 0 10 43 33 34 4 5 15 19 17 23 33 27 
37 2 23 32 25 45 40 29 19 22 6 46 31 17 3 30 31 0 42 14 11 37 14 49 17 2 21 19 46 
40 17 6 15 50 50 30 23 9 18 7 45 11 6 16 39 38 37 0 3 37 2 36 38 26 10 23 40 23 
3 7 31 5 26 45 40 2 16 42 47 32 38 31 22 14 35 20 1 0 32 48 11 29 15 19 33 44 4 
29 31 6 27 10 7 21 2 37 2 19 16 17 15 23 47 41 22 49 22 0 15 25 41 41 23 9 26 42 
28 16 37 44 1 36 23 36 37 20 22 32 11 20 27 34 1 35 15 34 39 0 33 25 48 34 23 40 5 
40 15 5 2 31 29 25 22 16 26 16 32 42 37 10 22 50 18 12 45 49 7 0 40 38 44 43 4 45 
42 40 11 29 46 19 46 22 15 20 2 32 46 5 18 26 20 34 42 2 23 4 48 0 17 12 45 7 34 
26 17 8 39 25 30 31 27 15 37 36 24 41 39 7 30 17 30 50 44 39 15 19 11 0 2 2 22 38 
42 44 17 1 13 13 46 49 13 13 7 16 25 42 11 33 48 18 11 35 47 18 1 32 46 0 13 45 12 
48 48 37 24 8 43 35 21 21 35 12 29 43 9 18 4 23 35 19 48 4 37 13 34 42 38 0 42 25 
44 36 6 50 19 35 1 16 27 34 8 32 8 40 13 13 7 33 42 39 50 48 9 11 44 48 8 0 12 
35 4 33 21 2 10 28 35 30 13 10 8 9 3 27 40 27 38 40 15 24 50 28 9 46 4 25 47 0 
27 0 45 6 22 28 39 31 23 2 38 31 49 13 28 34 45 24 34 31 48 21 20 35 7 8 43 38 36 
26 24 0 25 48 35 32 9 36 7 39 31 20 22 5 38 40 7 42 3 47 17 34 36 12 24 27 26 7 
10 49 14 0 35 2 46 48 28 13 34 14 31 19 49 38 35 4 11 27 17 32 45 1 17 41 41 20 43 
39 14 25 9 0 6 2 26 8 25 46 19 26 7 10 28 23 29 22 29 19 47 1 8 13 50 10 26 16 
49 47 45 11 27 0 5 40 50 9 5 26 17 23 30 10 9 43 1 10 22 18 28 39 19 13 2 47 38 
6 13 9 47 27 11 0 10 29 1 8 50 3 21 29 15 24 47 12 46 17 42 50 20 50 50 4 48 21 
9 26 48 26 9 3 44 0 46 47 30 40 13 21 32 8 36 2 8 2 40 14 16 23 2 6 31 47 6 
44 10 47 24 13 39 21 25 0 11 24 44 18 35 19 28 17 22 33 46 10 42 35 48 43 2 8 8 43 
3 47 20 29 7 38 3 38 34 0 17 50 32 12 34 25 28 14 34 6 45 39 7 30 24 35 37 15 9 
12 4 22 6 32 28 23 15 5 16 0 12 47 17 40 34 6 33 15 49 9 10 21 29 18 3 13 5 47 
17 47 45 20 24 44 26 30 45 45 50 0 35 11 11 24 49 23 10 29 49 23 25 41 20 39 7 50 42 
25 4 4 19 23 26 49 8 22 43 24 23 0 15 4 11 39 15 15 48 50 47 31 46 44 35 7 25 42 
7 25 32 18 45 34 6 42 42 32 13 36 13 0 16 27 30 37 7 34 19 15 2 6 24 9 1 45 44 
8 11 35 16 1 7 2 48 11 7 29 32 49 20 0 48 34 3 12 38 32 5 17 8 29 24 6 27 5 
19 8 9 45 39 12 34 32 48 47 36 6 14 30 19 0 31 28 3 21 46 5 23 22 48 14 14 40 42 
3 6 43 46 31 47 29 4 48 34 43 38 36 17 36 6 0 27 32 18 25 48 28 1 21 36 31 1 47 
36 11 32 26 22 42 29 42 4 40 26 18 2 16 33 45 10 0 33 10 39 37 17 22 32 46 16 45 26 
6 22 10 50 47 32 18 38 3 18 16 45 38 45 2 37 7 1 0 23 32 46 7 11 3 22 13 10 20 
40 1 30 7 47 3 36 32 30 26 22 20 48 45 43 43 17 16 1 0 42 15 35 25 46 43 14 31 50 
11 7 29 34 22 49 48 3 38 10 49 36 9 20 8 32 30 3 35 1 0 14 19 37 6 13 19 6 6 
26 34 14 34 22 37 22 23 48 38 49 49 47 40 5 7 18 16 34 45 28 0 44 17 40 29 31 36 43 
21 23 22 4 44 43 28 4 47 15 14 23 49 35 34 42 5 36 4 25 14 30 0 39 48 35 12 29 32 
18 24 5 41 2 29 3 25 16 45 6 5 13 1 11 3 2 12 46 43 10 25 36 0 44 28 12 29 41 
35 25 19 33 15 46 37 23 11 23 21 21 33 10 26 11 30 50 12 13 20 36 46 24 0 16 36 22 44 
39 11 14 40 50 12 41 42 26 24 41 18 15 39 43 29 41 26 11 1 49 25 15 28 1 0 17 22 49 
29 46 17 29 24 43 34 50 9 32 21 21 20 35 35 6 10 45 49 31 44 18 34 41 26 22 0 45 14 
47 36 40 34 40 43 13 31 8 12 44 22 5 43 20 10 5 40 31 15 40 9 19 6 19 41 5 0 12 
12 26 4 3 49 20 4 23 42 37 32 28 22 5 49 48 1 27 27 1 49 25 37 36 41 30 25 39 0 
18 0 34 16 49 38 2 20 32 8 41 24 35 40 47 18 18 9 4 44 36 10 21 6 42 15 5 13 37 
40 18 0 12 20 46 15 6 8 22 33 40 20 36 17 41 11 4 42 11 2 7 19 28 38 37 39 29 47 
29 24 35 0 34 39 33 43 40 30 4 40 26 41 11 47 26 14 24 1 43 31 45 39 23 44 12 30 21 
41 25 33 7 0 37 10 29 48 49 7 32 3 25 1 32 50 3 36 12 47 23 2 24 14 39 36 16 34 
35 12 40 28 3 0 23 50 5 22 33 40 32 33 49 28 7 43 48 19 31 14 40 21 9 1 34 48 40 
1 20 19 1 45 45 0 13 37 18 4 1 2 2 27 28 21 47 31 14 25 24 17 21 42 18 36 20 46 
42 32 28 19 25 11 4 0 2 15 39 37 38 36 42 40 39 47 18 30 38 12 50 12 21 21 24 16 34 
49 27 34 10 25 18 45 36 0 27 32 27 41 23 27 7 8 44 27 39 33 28 33 45 1 6 33 34 42 
20 8 49 2 45 20 3 38 6 0 28 14 18 47 4 13 16 41 39 15 36 44 5 28 44 35 33 7 17 
33 34 4 42 34 4 17 20 34 26 0 46 3 24 19 2 16 14 21 37 24 20 30 10 18 19 49 48 16 
30 5 17 13 14 37 5 23 25 22 34 0 44 38 43 32 15 43 12 13 26 3 12 31 14 47 33 47 4 
24 37 24 36 6 2 40 29 10 34 40 38 0 14 30 41 42 38 44 37 28 48 46 25 7 36 23 13 19 
24 3 16 31 40 2 50 39 48 49 38 37 4 0 3 6 9 23 26 12 23 21 39 27 4 47 20 7 28 
12 18 50 34 39 22 6 7 19 9 48 13 31 3 0 45 39 6 1 24 45 41 16 34 11 12 40 48 35 
26 12 34 20 46 22 27 30 49 5 48 33 48 49 41 0 14 28 49 43 18 45 38 49 47 47 12 38 46 
34 40 22 49 24 21 31 7 26 28 18 9 26 15 41 2 0 3 42 48 42 26 21 33 13 48 30 41 39 
14 37 24 34 34 31 47 10 33 50 9 27 18 34 39 50 32 0 35 43 30 48 48 45 5 15 46 21 14 
7 10 2 44 31 43 44 39 4 35 25 45 19 32 19 4 33 21 0 25 42 33 33 32 14 38 12 41 16 
43 19 19 38 11 34 3 24 49 16 47 26 40 50 46 48 10 48 11 0 16 29 42 23 45 22 30 31 24 
28 39 7 19 2 28 46 35 16 38 35 36 29 46 5 18 24 50 2 33 0 38 35 4 41 1 26 38 2 
47 25 16 31 3 30 46 10 9 28 24 12 5 12 32 22 13 25 37 34 37 0 6 21 23 28 49 37 44 
35 16 18 27 41 45 39 42 22 4 34 50 1 46 9 46 26 40 28 27 3 32 0 28 27 39 5 16 42 
4 44 4 4 44 2 26 43 10 47 22 11 23 41 1 9 42 38 34 42 48 25 47 0 38 21 11 41 3 
39 42 38 37 29 48 38 29 1 30 7 49 20 16 37 29 19 18 4 13 32 20 35 2 0 21 25 44 29 
47 16 34 33 11 24 5 18 10 35 32 26 4 23 8 13 32 35 22 32 39 19 20 4 7 0 29 22 19 
8 37 16 5 4 9 32 36 47 24 38 47 11 19 20 34 36 29 10 9 12 22 20 36 3 13 0 40 29 
47 30 27 32 2 37 11 23 20 27 22 45 41 23 17 8 47 26 22 21 49 36 18 29 20 13 8 0 36 
17 30 3 42 19 4 39 17 48 7 45 24 8 48 15 9 7 15 19 39 6 12 40 28 41 20 30 11 0 
13 0 48 12 40 30 25 6 40 25 31 26 38 35 1 11 41 31 48 13 1 22 9 23 6 45 19 31 6 
41 25 0 2 50 24 29 4 50 45 6 45 34 43 26 35 26 40 32 5 5 2 49 47 43 7 30 39 5 
26 7 46 0 11 44 1 49 50 30 26 14 6 48 12 47 26 3 30 9 47 25 47 16 14 15 26 4 43 
29 9 43 45 0 40 50 25 38 11 35 40 43 27 35 47 14 18 49 8 41 3 22 40 28 21 43 30 29 
41 32 46 18 47 0 7 22 21 34 19 16 48 37 9 16 19 40 17 21 41 1 3 46 16 19 14 41 7 
20 15 24 48 20 47 0 47 29 40 22 46 21 13 26 30 50 34 10 4 44 6 22 39 5 22 40 28 39 
37 31 50 33 17 15 2 0 19 45 18 29 41 12 38 30 18 21 1 28 26 23 47 33 9 11 47 2 48 
27 20 26 30 19 9 43 9 0 22 14 4 48 24 12 5 16 32 14 33 19 43 21 35 22 12 3 16 40 
48 42 23 21 14 4 42 26 42 0 49 23 4 45 21 47 8 47 31 2 12 42 17 28 47 14 33 6 7 
36 5 18 16 43 3 12 31 41 34 0 34 20 20 30 24 33 42 30 24 22 24 28 26 32 1 5 49 31 
14 26 7 32 49 36 40 38 31 7 11 0 43 9 16 17 13 48 33 42 12 44 46 6 35 9 35 33 9 
29 37 16 38 5 31 17 16 28 2 22 35 0 40 37 2 36 19 32 13 9 11 13 34 19 14 37 38 19 
21 22 24 14 3 32 10 45 42 23 39 29 49 0 1 35 46 11 8 22 8 44 21 16 27 22 25 48 16 
3 47 25 18 43 49 45 7 29 8 32 9 27 8 0 44 47 44 35 11 10 28 39 8 7 15 31 25 1 
6 47 43 29 34 44 42 45 48 21 36 1 7 29 18 0 4 26 14 31 37 27 20 34 37 15 38 38 15 
40 19 4 12 24 45 2 32 15 4 25 34 17 50 49 23 0 49 10 4 50 21 5 31 2 1 39 25 36 
13 7 15 47 6 27 6 30 17 24 27 13 28 36 39 22 39 0 47 21 27 22 11 39 5 34 39 44 35 
38 3 12 35 20 16 20 9 40 29 29 40 45 20 7 25 33 42 0 22 36 17 10 13 5 19 48 15 2 
18 11 13 18 33 21 42 15 13 43 43 13 17 30 33 10 19 31 33 0 2 5 14 22 43 17 9 18 29 
40 8 17 23 1 18 41 30 17 12 8 24 28 43 13 41 50 10 20 37 0 27 4 37 39 16 14 48 5 
39 21 1 25 3 13 25 6 26 20 12 50 39 4 44 8 23 9 24 13 2 0 31 43 8 40 31 3 37 
21 28 7 38 20 37 41 47 11 34 21 15 18 7 16 30 48 21 49 23 11 30 0 16 7 40 35 3 9 
28 44 36 22 11 39 35 49 14 25 30 2 14 48 47 40 39 9 45 45 16 13 10 0 20 33 30 27 42 
13 50 49 35 34 32 19 18 49 49 4 30 23 17 17 23 41 47 10 14 33 26 19 31 0 41 9 43 15 
34 16 40 32 12 43 36 14 27 45 19 32 29 29 42 40 6 16 23 49 47 37 29 36 20 0 14 10 37 
32 18 45 26 40 4 34 33 10 23 18 30 32 4 47 47 29 29 35 5 35 30 26 25 36 45 0 19 47 
38 4 13 49 34 50 32 9 50 43 43 25 45 10 31 33 48 44 18 43 41 32 8 42 29 6 3 0 3 
43 20 40 45 36 37 45 6 11 20 46 32 23 39 48 37 36 10 10 25 49 43 28 43 28 27 7 7 0 
47 0 21 20 29 48 30 16 30 3 48 40 8 16 26 23 29 48 36 21 2 35 21 6 19 46 28 4 1 
43 48 0 18 10 31 39 9 40 50 18 35 43 23 18 34 38 21 2 10 24 20 49 46 42 6 5 22 26 
15 2 33 0 21 26 16 37 6 31 30 28 28 17 34 30 31 2 28 30 17 38 19 49 45 19 31 31 44 
3 26 4 26 0 17 34 25 49 35 15 17 8 31 29 8 41 24 33 7 37 20 16 40 28 26 5 39 47 
3 39 2 46 35 0 44 3 5 27 3 11 34 9 32 46 38 11 22 37 9 11 8 21 36 24 45 25 38 
36 26 50 12 45 29 0 46 47 13 22 24 38 26 3 15 21 22 24 28 39 20 3 17 4 19 30 36 46 
18 17 23 40 19 16 20 0 1 4 50 39 31 37 50 26 40 49 49 33 9 44 1 15 50 17 36 18 34 
10 47 43 16 43 50 29 46 0 50 34 19 11 33 15 18 22 35 48 3 21 27 28 5 21 47 28 3 18 
2 23 23 34 48 36 42 8 7 0 24 38 37 21 30 41 15 30 23 26 30 33 43 16 20 34 48 7 32 
42 23 19 16 48 12 45 27 11 36 0 13 48 23 11 16 12 10 16 50 48 38 40 41 25 2 24 35 9 
8 4 50 1 30 10 17 34 6 23 39 0 10 36 14 4 44 10 29 7 23 28 5 10 18 49 9 45 2 
33 45 15 25 28 36 20 8 36 13 18 14 0 45 32 6 38 27 40 13 24 36 47 15 23 17 12 32 4 
45 33 3 21 16 15 2 12 9 15 32 50 44 0 47 8 48 12 44 29 46 49 23 41 9 47 21 16 36 
30 42 8 16 4 17 14 4 11 47 48 30 31 45 0 30 13 9 13 31 40 39 17 12 24 34 37 5 23 
42 44 25 45 50 16 32 17 7 17 46 28 34 5 38 0 15 46 50 15 4 43 29 1 34 41 26 47 14 
31 35 33 18 12 42 13 17 22 4 30 15 14 13 6 42 0 18 4 7 35 30 47 29 34 22 1 30 14 
44 42 5 24 19 18 37 23 34 29 16 42 43 21 43 43 20 0 1 41 31 23 9 17 38 20 13 35 34 
6 49 46 11 13 49 24 31 49 6 47 46 27 33 9 39 38 15 0 43 9 4 37 15 22 11 50 42 35 
26 17 5 7 34 3 18 35 33 5 30 44 48 13 44 14 4 45 4 0 40 1 28 50 5 21 27 30 20 
35 25 1 14 8 39 6 33 2 40 12 24 16 24 7 33 35 49 11 42 0 43 1 18 16 46 2 35 49 
18 50 37 8 23 48 1 9 5 17 37 10 7 12 13 14 33 31 24 27 21 0 18 21 22 16 39 28 34 
7 35 19 6 4 8 16 3 4 5 1 19 24 49 28 19 13 2 36 32 39 4 0 33 15 28 9 28 50 
30 15 43 35 21 17 2 21 49 31 7 50 47 11 11 29 30 6 3 23 40 2 9 0 15 3 46 46 4 
3 4 29 45 30 16 23 39 13 17 49 8 47 8 20 32 45 37 36 29 44 5 35 23 0 7 6 11 28 
7 28 32 25 21 49 18 46 3 12 20 31 38 22 17 14 8 46 26 32 32 28 20 17 10 0 18 10 48 
19 7 39 25 5 46 33 35 35 24 37 49 40 25 29 34 17 5 41 22 39 22 15 11 30 30 0 46 29 
8 16 15 4 39 20 27 47 24 45 27 43 39 32 30 34 10 28 42 8 49 37 50 6 27 38 10 0 48 
42 28 46 26 50 5 28 19 9 33 10 21 49 33 10 23 29 49 34 8 42 31 2 3 38 39 31 22 0 
16 0 10 28 2 11 30 6 46 50 1 43 35 5 11 26 27 18 22 9 16 27 28 28 28 5 3 6 11 
26 43 0 38 12 24 6 4 50 6 9 10 20 28 14 24 28 7 49 3 31 6 26 35 17 30 15 45 39 
33 50 47 0 8 24 45 21 7 13 31 12 49 8 27 22 10 12 40 39 14 5 50 22 7 50 25 5 1 
9 22 32 10 0 12 15 17 7 12 3 46 33 44 17 16 26 38 5 24 30 5 25 5 41 27 32 35 34 
28 41 8 49 40 0 20 49 42 49 2 37 44 10 15 48 9 44 6 20 38 35 47 20 46 2 26 47 34 
17 42 34 31 30 34 0 29 22 46 48 44 24 19 24 27 36 18 30 20 40 27 47 47 21 12 48 49 32 
21 12 48 15 24 15 25 0 8 19 7 14 27 37 27 14 47 13 46 19 11 20 34 28 22 6 7 8 21 
46 13 19 33 35 48 1 34 0 1 29 1 5 50 20 17 11 17 44 4 1 33 1 9 17 29 39 13 38 
35 26 9 17 8 4 12 7 39 0 31 42 39 26 30 47 34 46 15 11 50 17 18 6 13 4 7 38 46 
4 3 5 46 36 14 50 25 21 34 0 48 46 8 11 22 37 2 15 26 4 4 26 21 14 28 13 21 17 
21 47 14 1 17 17 3 37 26 46 4 0 12 31 22 13 13 18 16 43 7 46 19 11 39 31 35 42 29 
32 42 19 23 44 33 5 25 20 47 30 41 0 8 36 11 7 11 14 24 32 13 9 46 13 20 14 22 2 
37 25 20 33 26 25 6 35 28 31 18 48 18 0 39 43 22 37 2 50 10 9 5 28 18 12 10 17 23 
46 6 3 31 11 3 39 45 27 47 16 34 30 26 0 29 30 46 26 15 24 16 25 27 19 15 12 43 32 
48 3 22 16 9 33 40 23 29 38 37 15 1 48 46 0 40 37 16 30 34 26 48 22 36 46 43 8 21 
30 35 16 49 11 7 48 24 26 50 26 48 36 7 2 8 0 39 50 23 18 30 38 33 49 32 9 7 50 
32 36 20 16 26 19 43 44 23 39 5 45 1 22 14 37 41 0 33 49 20 47 14 47 47 20 40 42 43 
3 18 17 2 50 49 42 41 30 10 23 17 14 9 36 1 45 29 0 18 8 24 46 8 50 11 38 4 19 
39 24 46 37 27 1 42 5 22 4 45 3 31 23 7 31 11 32 6 0 39 28 47 2 42 23 35 19 7 
10 18 41 13 45 24 3 7 15 37 41 14 17 31 30 42 34 15 28 2 0 40 28 40 30 32 16 41 43 
23 5 14 43 32 35 46 4 13 33 8 7 21 1 17 25 42 42 22 47 18 0 11 9 8 8 18 18 33 
29 12 31 30 33 10 34 11 23 49 32 33 36 26 29 2 8 21 31 39 11 15 0 39 40 45 45 25 13 
46 7 35 15 17 13 26 2 2 29 25 11 17 7 3 44 11 39 12 43 32 8 1 0 38 38 29 23 14 
23 41 36 39 36 22 15 16 14 17 16 23 50 27 50 29 47 20 23 4 13 46 30 6 0 33 33 31 39 
7 47 28 39 41 12 30 12 43 36 26 45 43 37 30 44 24 39 43 5 8 22 42 18 7 0 19 2 28 
12 31 6 3 41 26 10 17 40 28 33 39 48 39 36 11 45 28 12 26 16 36 32 45 41 27 0 32 35 
6 11 33 23 11 2 50 13 31 23 5 18 28 13 5 47 7 5 7 20 36 31 24 29 7 26 12 0 26 
49 11 13 15 45 25 12 30 46 10 28 47 39 24 31 22 24 45 49 4 32 36 39 37 20 12 50 25 0 
37 0 4 16 35 40 25 15 20 11 40 24 4 2 25 2 47 27 11 31 13 1 2 6 13 28 9 44 13 
23 27 0 46 33 26 37 43 42 45 43 7 14 9 11 11 35 22 45 2 8 35 42 10 9 31 37 25 35 
49 3 8 0 32 32 2 47 35 44 41 29 16 32 10 3 35 5 17 4 40 42 21 42 33 8 37 29 31 
17 38 2 39 0 12 8 44 42 36 25 33 8 14 27 41 31 17 36 26 26 40 26 4 14 34 35 44 28 
12 25 24 46 23 0 17 18 7 39 40 4 25 17 11 49 31 35 46 26 15 30 12 17 22 11 4 42 42 
34 39 6 28 14 16 0 31 11 1 38 35 48 9 35 43 27 32 2 10 29 27 24 30 38 9 29 48 1 
8 3 35 20 25 26 23 0 1 35 27 11 1 31 38 30 47 12 29 6 45 19 41 40 10 45 13 16 11 
9 19 19 36 18 31 4 49 0 4 16 23 33 13 42 43 6 41 9 48 39 45 33 27 31 24 3 32 18 
13 25 26 13 11 12 42 17 9 0 26 33 1 35 31 44 46 6 23 32 27 48 35 19 36 15 27 17 27 
43 39 12 15 50 36 36 29 40 11 0 23 2 1 27 48 16 26 48 4 14 40 31 26 1 22 5 20 29 
7 40 48 35 46 16 25 20 14 18 2 0 50 46 16 7 45 1 31 27 22 38 4 10 18 23 4 37 13 
14 12 44 46 16 8 23 1 14 38 7 36 0 3 28 3 9 47 5 19 25 24 31 50 41 28 49 41 4 
30 31 12 42 29 13 7 2 24 7 35 38 44 0 7 32 13 25 41 20 10 1 2 21 19 36 13 39 33 
13 4 18 18 17 19 21 33 27 15 7 41 21 1 0 35 41 20 31 31 18 50 37 17 38 29 32 3 29 
10 44 7 17 24 25 40 21 40 18 22 25 36 49 37 0 10 34 30 40 50 18 31 49 5 32 21 33 26 
37 30 39 36 17 42 24 34 8 41 17 47 12 14 1 3 0 9 7 32 1 50 7 4 49 42 3 12 30 
45 2 35 4 42 14 34 10 29 37 9 45 26 4 2 43 14 0 44 39 4 30 47 47 26 39 33 26 30 
27 41 44 14 31 45 40 6 7 13 5 48 30 42 24 23 49 38 0 26 47 5 11 35 49 14 8 50 48 
6 10 16 10 38 5 34 39 43 45 14 32 15 47 37 2 39 41 25 0 39 24 24 27 1 7 30 26 16 
6 45 50 24 45 42 1 48 48 46 11 26 9 35 30 5 25 44 32 9 0 25 34 11 24 34 12 25 32 
33 15 3 8 30 19 34 49 45 41 37 23 47 39 4 43 31 49 30 39 45 0 23 26 14 49 17 41 22 
34 27 41 34 18 19 15 33 44 3 47 41 2 32 11 35 7 9 13 36 31 19 0 43 35 32 36 38 11 
39 40 10 13 28 13 15 18 1 4 6 28 25 21 50 29 3 40 38 14 13 42 7 0 40 4 5 41 16 
35 6 2 33 32 4 45 5 43 34 13 40 18 43 35 4 4 36 12 11 19 14 32 42 0 49 25 49 48 
33 21 9 24 22 49 33 45 2 24 46 21 27 46 36 19 28 49 46 20 8 4 36 19 43 0 31 48 21 
25 11 34 8 6 48 22 23 25 40 18 19 10 41 2 31 40 42 34 24 28 13 15 1 29 29 0 40 30 
35 41 31 41 1 12 21 42 40 39 15 29 25 14 45 38 31 27 10 17 2 5 30 2 47 24 44 0 12 
46 34 29 27 8 42 38 35 10 28 19 49 21 10 42 1 27 6 50 15 19 28 21 2 20 23 29 30 0 
11 0 29 44 27 19 9 47 7 10 39 22 33 26 10 29 4 9 12 47 42 14 30 26 42 25 29 43 19 
13 28 0 8 35 14 9 25 31 34 42 30 12 14 35 41 38 34 17 39 10 49 17 43 8 27 37 16 32 
3 2 3 0 40 17 29 44 33 31 38 20 18 36 48 20 18 33 36 29 30 39 39 9 8 41 33 20 47 
35 50 9 27 0 43 43 29 32 40 40 46 36 42 9 7 47 48 22 25 1 47 26 26 41 9 37 43 15 
44 45 50 34 9 0 48 48 32 30 43 26 43 20 39 29 43 41 44 38 31 32 12 11 19 9 19 50 10 
24 18 19 6 1 15 0 38 45 40 12 27 44 11 26 18 5 46 33 32 9 47 34 1 16 50 13 34 32 
34 32 26 40 49 39 8 0 12 25 21 43 5 1 34 4 29 17 45 21 6 45 7 24 26 37 41 13 41 
17 3 7 38 32 6 12 9 0 37 37 46 22 18 6 30 26 41 28 8 14 30 22 49 5 42 28 38 28 
8 50 4 8 27 18 45 22 15 0 5 24 46 23 45 43 30 49 50 39 39 27 48 36 10 34 49 11 46 
5 2 46 4 19 35 1 37 34 38 0 45 50 11 9 12 37 4 13 41 35 29 19 7 43 40 49 1 10 
15 44 24 28 7 50 18 13 9 21 27 0 39 45 7 47 11 5 39 28 19 37 50 7 22 8 26 17 36 
46 4 15 20 34 41 23 41 15 18 44 11 0 41 49 28 34 36 3 41 23 23 46 39 1 21 33 24 15 
37 3 20 32 34 33 18 5 6 8 6 4 35 0 6 47 38 46 18 28 39 22 24 36 6 35 45 13 1 
16 15 49 1 18 8 4 12 48 13 28 9 31 23 0 28 29 48 38 39 17 49 1 6 4 6 35 43 14 
18 15 47 39 20 18 40 42 9 5 36 27 3 36 41 0 34 40 19 8 49 46 8 8 48 7 46 2 15 
9 45 45 34 15 41 45 33 16 39 40 14 34 37 20 43 0 3 12 15 13 11 23 15 38 28 44 18 11 
7 49 33 24 16 25 33 14 11 3 12 13 42 8 18 1 30 0 44 16 10 38 15 45 45 32 39 5 37 
31 8 6 21 23 34 27 18 7 16 48 9 4 7 33 1 50 3 0 22 4 5 14 9 34 29 8 23 42 
5 38 42 27 21 46 34 3 47 42 40 8 31 1 45 14 46 8 7 0 31 33 45 46 30 18 2 32 17 
50 23 43 16 12 35 13 19 25 22 38 8 24 31 5 9 14 14 23 5 0 20 46 39 21 2 43 10 10 
43 13 10 20 15 17 4 25 49 25 47 47 38 26 39 25 20 49 8 2 41 0 37 17 4 29 28 48 5 
35 23 14 19 25 4 27 12 12 19 44 8 28 31 11 39 18 26 18 44 7 14 0 1 4 35 8 20 6 
47 7 41 37 20 49 40 27 11 28 23 34 50 28 14 2 5 1 25 11 27 28 36 0 4 10 4 49 21 
22 10 35 17 35 21 16 5 29 7 38 29 41 35 28 40 4 34 45 29 50 50 49 35 0 34 9 30 19 
21 37 28 16 1 20 5 2 44 6 50 29 12 9 24 49 13 47 21 43 50 46 50 27 10 0 20 21 22 
12 50 34 26 42 47 34 42 30 22 28 21 30 27 47 49 35 16 17 42 27 1 23 37 39 37 0 19 25 
38 2 7 32 49 34 40 45 22 24 38 16 25 32 20 41 20 50 13 23 50 2 42 45 3 30 45 0 12 
28 47 38 5 28 10 5 29 16 47 23 47 38 3 27 11 28 2 17 45 31 32 18 40 25 46 26 36 0 
10 0 13 29 19 39 29 17 25 37 33 38 16 28 41 26 23 28 17 36 48 26 32 17 1 14 1 31 46 
30 49 0 31 33 34 19 19 3 18 4 8 10 36 2 25 45 15 1 18 41 6 45 12 8 11 28 11 29 
47 29 6 0 39 48 21 46 39 3 6 32 10 23 24 6 24 9 27 12 24 7 22 36 13 34 41 40 35 
37 23 22 6 0 9 41 6 40 48 20 12 15 6 36 43 10 19 8 19 33 40 39 50 34 17 37 22 25 
43 43 6 8 31 0 12 3 30 34 27 1 32 18 17 26 39 16 48 18 22 30 27 45 26 23 8 46 49 
24 39 40 22 20 32 0 48 5 15 5 34 45 34 13 27 43 8 37 16 24 13 11 19 20 19 1 46 16 
49 31 35 24 17 4 6 0 46 37 29 12 36 20 21 25 11 14 24 38 17 50 2 19 36 42 23 36 14 
20 21 4 20 36 32 7 35 0 20 11 29 30 7 32 7 29 25 30 4 42 36 9 6 46 13 29 17 47 
12 49 33 45 18 43 26 16 26 0 43 1 38 15 40 41 4 45 8 11 19 46 40 11 12 19 45 28 12 
15 9 7 8 15 10 23 22 28 35 0 13 15 6 41 3 33 30 17 27 46 18 3 1 6 19 48 2 23 
38 21 26 24 15 15 1 18 37 43 24 0 6 18 20 26 11 46 47 13 6 38 29 33 2 18 33 44 12 
8 1 39 17 9 1 34 7 9 39 50 41 0 40 35 47 37 43 22 29 48 28 40 11 23 35 46 35 10 
39 25 6 33 21 40 10 36 4 7 47 18 37 0 19 3 7 47 23 16 3 33 46 9 47 4 46 35 19 
41 17 33 13 16 24 19 35 34 18 21 1 25 11 0 33 37 26 12 12 9 38 5 26 13 31 33 28 43 
16 10 29 25 5 42 46 38 25 35 2 13 1 18 23 0 30 2 16 28 22 13 23 21 43 35 26 31 37 
42 20 33 34 47 26 20 25 39 46 46 34 16 46 13 41 0 10 50 9 20 32 47 12 16 5 7 31 43 
39 36 41 29 12 9 47 5 3 18 17 25 49 49 41 6 20 0 45 6 18 10 31 34 36 17 12 5 45 
8 17 30 41 46 27 36 3 6 18 22 7 50 8 39 42 33 35 0 21 33 7 6 46 10 1 13 34 9 
3 6 13 1 4 2 48 36 39 26 30 23 14 38 1 3 23 49 18 0 2 42 42 3 33 41 23 38 3 
21 20 40 33 43 28 1 1 6 22 3 48 11 4 4 8 6 49 20 19 0 5 44 37 2 45 32 18 12 
4 30 10 32 14 45 15 19 37 47 30 36 38 1 47 1 46 20 41 38 38 0 46 28 42 4 19 48 28 
33 38 39 12 11 40 47 26 13 22 35 17 40 35 21 9 20 34 32 5 47 37 0 6 25 42 30 24 8 
2 19 28 45 47 38 36 49 9 19 26 48 4 22 39 25 36 25 49 3 25 19 23 0 20 38 44 31 47 
33 14 20 32 16 40 25 45 44 40 20 2 49 23 1 2 8 35 1 26 48 32 39 17 0 31 21 34 33 
47 8 8 3 8 40 17 45 49 45 33 15 48 45 32 47 5 47 5 2 19 21 13 4 44 0 5 50 1 
25 4 1 46 6 42 49 36 32 18 45 10 7 6 4 14 2 36 29 3 1 43 13 34 17 33 0 15 26 
46 5 9 3 41 16 21 45 44 37 10 6 47 46 15 38 3 45 45 13 18 49 2 8 26 47 1 0 33 
42 18 30 24 27 23 40 27 9 42 20 41 36 9 20 16 27 24 6 5 28 25 32 22 38 2 8 48 0 
4 0 2 28 44 16 39 4 27 8 36 29 24 6 38 29 11 26 4 28 10 29 36 32 3 41 46 5 17 
37 8 0 36 25 16 43 24 8 15 26 26 48 5 44 8 41 45 32 50 40 47 21 47 34 25 49 19 18 
20 25 3 0 21 34 38 40 50 1 4 9 14 15 22 46 50 29 31 5 35 29 41 9 9 47 15 21 16 
12 3 1 17 0 24 6 38 41 24 6 14 17 5 8 41 41 23 36 26 25 25 47 5 45 44 34 40 29 
17 44 24 20 18 0 24 39 48 4 43 40 9 34 6 27 23 18 38 31 21 1 18 36 11 40 46 42 15 
48 6 24 41 17 9 0 25 30 32 44 50 31 19 44 37 31 46 17 42 19 21 32 28 6 3 19 29 49 
9 14 30 22 33 25 50 0 48 20 50 43 25 32 47 42 24 39 1 2 8 31 6 15 24 5 23 44 16 
29 18 38 49 31 26 22 19 0 15 28 49 45 44 39 12 47 24 17 38 24 41 5 18 3 17 22 18 3 
49 7 18 10 31 35 20 2 13 0 45 45 6 26 23 9 11 3 8 14 42 44 19 50 39 36 21 26 24 
1 35 32 10 9 19 21 9 11 39 0 15 10 20 10 35 30 23 32 49 18 46 8 1 9 8 26 9 30 
7 29 25 11 9 47 2 28 13 35 47 0 8 3 1 50 14 44 5 23 35 35 21 17 4 22 8 29 44 
35 23 3 34 10 41 2 32 15 4 1 23 0 9 7 18 38 35 41 16 45 8 37 16 3 3 25 46 37 
13 21 39 2 18 9 44 40 33 14 48 12 50 0 18 49 40 5 50 27 29 3 29 20 32 42 34 36 48 
8 50 32 36 46 16 20 45 16 49 6 50 13 28 0 5 22 44 5 46 41 39 26 49 3 49 17 34 35 
1 8 11 34 24 47 33 34 32 13 16 35 49 5 25 0 6 45 27 16 26 25 48 38 37 39 46 10 32 
1 29 37 29 32 35 44 8 38 22 27 17 46 21 40 32 0 40 12 42 34 2 43 8 22 2 9 10 4 
20 24 46 29 38 1 33 3 26 37 3 14 12 18 18 24 1 0 49 30 4 9 7 48 28 4 26 31 8 
22 16 28 24 26 41 38 15 26 49 30 45 38 37 6 3 9 28 0 23 34 25 35 22 3 29 7 45 14 
26 19 25 12 21 26 32 11 10 30 39 22 30 4 48 3 20 36 16 0 22 2 46 19 26 4 47 33 38 
44 25 45 19 46 25 39 8 24 18 25 13 5 45 44 29 40 1 5 22 0 37 19 34 43 42 24 13 31 
50 49 8 24 43 45 17 35 35 21 26 6 16 41 29 2 12 3 17 7 2 0 40 37 3 43 12 1 26 
41 2 28 23 13 8 8 25 11 1 21 11 28 9 44 20 26 50 7 46 40 33 0 32 39 7 6 30 11 
13 5 32 31 44 42 45 34 43 4 43 8 34 4 41 11 32 7 30 43 46 18 28 0 43 6 5 36 9 
20 40 17 8 29 48 13 6 19 41 18 37 15 11 27 22 7 49 13 37 42 22 7 50 0 27 37 15 46 
27 40 25 39 7 36 14 4 38 36 29 36 42 36 42 42 40 44 28 36 41 6 37 7 42 0 50 18 49 
33 17 32 43 33 18 29 30 16 29 30 30 48 24 35 21 21 27 46 7 30 15 11 33 9 30 0 5 22 
4 19 47 8 19 15 22 22 5 36 4 24 7 12 27 11 14 49 38 18 22 16 37 15 4 11 19 0 18 
6 49 35 4 13 8 27 48 32 23 11 33 3 14 17 35 24 22 50 18 39 50 20 10 42 38 1 38 0 
33 0 32 4 8 46 4 16 7 2 1 11 49 35 30 30 41 38 6 16 8 49 2 42 33 12 2 29 6 
29 25 0 12 26 8 39 16 50 20 4 37 49 49 10 34 24 11 2 33 10 21 30 22 37 23 43 39 31 
41 21 47 0 45 25 11 29 28 39 36 42 47 15 30 21 35 19 17 10 40 19 18 22 11 19 20 36 49 
3 25 4 15 0 50 35 10 49 8 42 24 38 32 6 35 26 10 37 46 41 9 38 18 6 34 50 13 23 
50 37 27 6 26 0 30 25 14 32 27 47 30 21 22 28 27 43 22 9 13 33 46 1 32 25 45 41 15 
7 48 32 1 22 37 0 50 21 16 19 13 2 31 22 45 34 41 16 21 37 10 42 13 12 42 50 41 4 
36 46 31 31 40 10 7 0 34 46 46 8 34 23 7 12 25 9 7 32 12 2 18 41 10 24 4 6 16 
35 20 10 22 47 47 36 20 0 38 32 13 22 15 11 38 46 8 37 15 4 30 39 4 35 19 29 2 19 
6 22 8 36 5 42 49 26 37 0 36 38 26 22 42 37 27 44 11 48 42 30 45 2 38 40 2 36 47 
17 25 4 19 46 17 15 16 25 27 0 17 23 12 13 9 22 50 40 32 38 3 27 41 9 31 10 40 11 
20 21 47 4 6 3 10 13 33 20 30 0 6 28 21 3 18 45 25 30 18 37 31 38 1 21 49 45 40 
34 46 38 36 27 4 46 5 31 14 18 9 0 3 47 39 30 10 27 10 32 25 24 14 6 30 23 25 40 
33 47 33 8 9 20 30 38 33 45 29 25 25 0 48 37 32 8 21 15 41 42 9 41 44 39 13 16 10 
32 32 6 5 30 7 23 35 31 10 1 34 18 2 0 48 15 49 36 7 27 38 33 49 10 9 35 48 25 
6 39 20 46 5 20 6 1 39 24 45 19 26 3 2 0 48 21 32 23 41 11 26 46 3 7 39 23 49 
34 47 47 46 9 48 29 42 41 5 30 48 46 47 27 25 0 42 39 1 36 32 1 39 27 12 8 14 30 
44 18 40 16 48 8 18 42 28 49 10 28 24 10 8 16 3 0 26 45 14 50 22 11 19 38 37 18 33 
8 20 35 2 35 49 49 24 15 14 50 39 30 35 48 43 29 24 0 12 22 44 23 25 36 14 50 31 22 
7 22 28 11 41 35 35 8 15 9 44 25 12 34 1 39 26 6 35 0 15 25 18 40 15 26 46 40 36 
45 49 38 35 19 27 18 44 37 39 49 45 1 40 29 21 30 37 11 11 0 22 37 10 9 16 16 47 39 
32 13 36 45 46 49 14 16 21 10 7 35 17 8 2 37 7 40 15 36 39 0 20 36 40 35 30 14 8 
40 30 19 4 30 29 13 25 4 4 50 2 27 14 1 21 31 26 44 15 36 23 0 2 27 2 12 50 13 
28 47 11 17 36 6 26 41 41 4 6 39 45 28 33 3 41 13 10 26 19 15 9 0 10 36 49 23 17 
28 43 3 19 29 50 48 8 44 33 16 21 38 10 31 28 21 6 20 9 40 50 36 39 0 3 25 44 13 
38 1 31 37 33 10 14 48 1 37 10 45 31 26 9 8 48 39 38 10 35 32 40 31 29 0 15 27 29 
8 14 16 4 7 35 21 44 2 29 38 29 47 34 27 34 46 25 28 15 41 28 42 14 37 35 0 29 7 
12 1 9 19 34 35 40 38 22 6 39 46 5 16 6 19 1 10 13 1 5 6 35 4 37 12 38 0 30 
23 2 18 23 6 15 32 1 21 20 45 12 44 40 13 41 37 33 11 25 22 23 14 28 22 28 2 6 0 
17 0 5 32 22 47 11 15 20 39 16 40 41 35 6 48 32 15 2 8 16 44 45 18 5 2 14 8 50 
39 40 0 2 29 14 26 35 17 38 24 15 33 26 43 2 21 43 21 41 17 26 33 13 20 21 36 12 23 
38 28 21 0 34 4 15 32 49 15 12 27 9 21 31 44 42 37 25 41 2 43 47 12 31 23 41 25 7 
28 32 8 28 0 15 12 30 10 3 31 30 11 12 4 7 32 44 33 47 45 39 21 33 47 46 11 30 42 
17 40 11 13 40 0 25 21 33 4 50 45 9 2 34 39 7 45 30 40 40 40 31 38 41 45 30 18 7 
50 12 33 4 33 39 0 44 14 20 18 21 37 33 25 28 44 38 38 44 6 33 27 2 17 22 41 2 36 
2 20 19 11 8 15 34 0 43 18 41 27 14 40 26 37 28 9 3 8 16 4 44 3 8 37 13 25 23 
11 17 33 42 37 9 12 1 0 50 11 30 18 41 36 27 48 11 30 16 7 41 25 8 19 34 37 33 9 
17 12 25 45 41 11 33 2 9 0 36 27 32 15 37 29 48 23 40 25 18 18 6 47 7 47 18 33 36 
9 14 9 1 26 4 34 39 37 35 0 28 30 4 26 40 26 4 35 43 5 47 10 46 44 12 15 41 12 
15 18 49 23 29 47 43 45 28 27 6 0 11 3 40 12 39 12 46 15 43 17 22 4 13 25 28 40 49 
19 15 40 12 13 22 24 19 37 5 1 7 0 33 45 48 27 29 33 2 7 49 8 33 16 50 49 46 44 
15 36 49 1 7 45 27 14 37 45 49 32 17 0 43 2 8 45 8 11 22 24 27 35 43 27 33 1 11 
33 24 12 14 27 31 5 2 7 50 50 38 19 35 0 41 35 34 21 41 6 6 25 22 42 39 24 20 39 
2 7 25 24 44 16 32 14 33 35 5 36 39 1 1 0 45 9 23 4 39 37 50 9 7 43 46 6 8 
3 20 25 3 11 17 50 1 26 26 44 3 4 27 3 49 0 16 5 17 6 25 27 34 17 21 32 2 2 
48 19 32 49 11 25 11 13 10 3 26 23 1 1 20 33 29 0 1 36 10 48 11 41 39 29 50 34 27 
37 9 32 30 15 49 4 8 45 46 42 30 17 40 39 14 30 45 0 5 24 8 2 39 21 47 43 5 37 
28 44 21 11 41 35 27 2 21 47 9 3 48 13 38 34 9 6 43 0 8 22 28 9 35 46 10 20 35 
21 12 33 23 44 17 30 2 25 31 39 33 14 38 43 34 37 3 27 45 0 14 5 12 41 50 47 16 50 
35 37 16 32 16 42 31 9 14 37 9 32 33 37 9 29 18 11 45 35 36 0 26 49 43 34 25 21 16 
1 43 23 48 1 31 18 39 15 8 17 22 7 34 21 1 44 45 13 28 47 34 0 24 39 3 31 15 9 
39 23 48 41 21 16 9 21 14 11 31 3 19 21 14 10 44 23 29 2 6 48 49 0 39 13 43 20 18 
20 34 46 20 16 9 1 42 10 27 2 42 26 50 37 33 15 11 10 27 20 14 45 30 0 3 13 3 41 
25 9 29 28 47 41 2 30 16 11 37 11 21 22 1 18 22 37 26 7 12 16 25 3 34 0 43 48 7 
39 16 18 4 7 10 18 2 48 24 45 35 49 7 18 4 24 50 7 49 13 28 9 16 38 47 0 29 9 
34 27 45 4 44 46 41 50 44 34 5 11 4 50 21 49 43 42 9 5 49 22 29 35 37 49 44 0 12 
8 2 17 10 31 10 18 21 29 42 42 4 16 18 11 41 46 47 46 14 8 11 24 46 39 25 10 13 0 
49 0 10 18 45 2 30 43 42 18 45 30 44 33 50 20 2 50 5 39 31 11 39 40 41 4 30 5 48 
28 21 0 22 7 1 5 23 20 24 47 2 37 26 19 23 1 17 2 32 8 41 23 47 34 36 30 2 10 
21 28 42 0 23 25 45 15 48 24 24 44 28 27 1 28 4 4 2 5 43 16 39 24 2 48 47 7 6 
24 38 21 22 0 3 13 49 47 5 29 12 31 5 26 28 44 9 4 32 41 46 43 31 34 25 10 45 32 
4 41 25 29 39 0 9 24 37 3 23 26 14 2 32 49 25 41 24 39 40 12 31 43 45 16 16 10 31 
8 37 47 44 19 17 0 43 15 5 34 43 46 3 42 41 37 29 19 40 15 45 6 44 1 21 6 20 24 
48 31 13 23 49 43 30 0 17 26 33 46 35 39 35 20 7 32 44 38 21 41 7 17 48 27 46 37 2 
43 47 23 14 48 20 17 24 0 21 20 47 10 13 24 11 46 23 5 26 11 37 38 19 28 18 50 34 42 
15 16 47 4 6 28 25 29 10 0 32 38 20 18 46 36 13 47 28 9 17 46 21 25 23 21 27 16 5 
28 46 46 48 37 25 10 6 23 44 0 5 35 50 32 37 42 17 7 43 41 3 7 32 41 42 17 47 45 
42 25 33 30 13 20 2 15 37 41 34 0 43 37 31 40 3 24 25 18 14 34 33 6 14 35 26 3 22 
14 6 7 20 29 16 14 49 11 25 22 31 0 31 22 5 27 24 50 4 23 18 29 17 17 50 34 11 9 
19 19 45 38 17 31 1 32 34 14 15 22 17 0 41 43 49 4 38 33 12 29 29 41 35 22 31 4 36 
39 40 21 46 5 6 30 42 31 34 14 1 22 24 0 43 11 35 33 7 27 36 19 14 13 1 50 31 41 
29 10 17 37 27 15 43 45 43 19 17 11 12 1 19 0 20 24 32 41 5 36 31 50 39 25 28 50 20 
26 9 46 6 26 40 14 21 17 28 25 7 32 49 18 17 0 17 46 16 36 1 44 39 19 9 27 5 48 
10 28 12 49 15 23 19 34 24 11 36 22 38 49 4 47 8 0 34 23 38 13 34 23 29 13 15 20 32 
21 27 47 49 35 16 11 39 16 26 42 9 31 34 43 6 10 44 0 49 2 41 43 12 26 4 18 35 27 
6 33 37 1 3 37 14 48 14 37 37 22 38 15 31 32 42 15 8 0 30 42 18 20 20 17 19 42 28 
16 22 46 18 32 35 34 33 40 42 6 44 21 46 42 23 7 28 14 26 0 12 30 34 39 10 6 35 39 
14 18 35 35 46 37 32 43 42 19 41 4 32 49 42 1 9 15 9 47 26 0 47 13 39 5 16 17 36 
38 7 9 26 50 46 19 23 8 21 48 34 14 49 31 38 38 11 45 13 39 34 0 30 46 47 38 13 18 
5 46 31 31 21 47 5 36 11 15 4 37 30 20 44 39 17 25 34 27 16 26 2 0 44 21 4 48 5 
27 13 29 12 33 2 19 12 40 18 14 18 45 46 27 23 7 9 34 20 41 42 30 22 0 5 36 2 30 
44 38 10 18 49 1 10 49 37 42 4 29 1 32 49 49 11 16 33 21 49 30 37 12 20 0 29 14 35 
34 7 7 47 1 39 19 3 8 47 19 44 37 29 37 15 6 5 19 10 44 31 11 40 4 32 0 31 14 
1 48 48 20 37 25 15 30 35 8 29 13 13 46 41 15 47 40 34 20 44 23 7 16 11 5 42 0 3 
46 18 44 19 8 5 3 11 50 50 7 12 15 7 30 48 27 7 47 48 40 47 43 15 48 12 21 28 0 
42 0 32 10 33 33 13 35 17 15 10 5 8 44 31 15 48 33 22 6 38 43 9 39 5 8 45 13 49 
26 29 0 22 47 35 25 19 18 41 25 29 2 23 13 34 18 2 39 5 9 33 45 33 26 6 33 36 33 
44 5 25 0 39 50 36 42 36 38 8 24 19 12 47 8 8 43 4 16 30 26 22 3 20 40 4 17 32 
47 46 41 2 0 39 37 25 36 1 40 3 37 22 49 30 44 16 36 48 37 38 25 33 3 18 7 8 23 
3 5 50 46 20 0 11 39 43 18 22 30 25 22 23 7 4 2 29 8 27 42 9 5 5 7 31 44 22 
14 39 35 33 30 3 0 34 47 41 8 18 12 11 38 27 44 6 23 15 15 19 30 2 40 49 31 31 44 
1 45 39 40 17 17 29 0 29 38 48 46 19 40 11 13 44 11 47 17 5 33 11 49 35 16 30 4 34 
38 45 35 50 23 41 46 47 0 19 29 45 44 9 49 6 9 28 46 26 8 18 8 29 2 15 26 12 40 
46 5 24 38 14 46 41 43 13 0 46 47 50 16 16 26 32 2 23 47 34 5 41 8 20 4 46 17 31 
16 33 35 48 29 6 1 15 6 8 0 31 14 8 14 46 32 50 27 43 2 33 48 1 42 30 28 36 6 
47 5 34 19 29 11 27 31 12 50 21 0 10 16 11 27 44 43 33 27 42 45 27 21 27 3 15 49 19 
33 43 18 2 21 46 19 2 24 13 35 47 0 37 16 20 1 7 34 37 22 21 7 50 47 1 44 11 21 
34 8 16 14 13 8 48 19 32 19 40 21 43 0 26 21 31 49 30 6 30 7 21 21 20 29 27 49 26 
44 22 1 27 35 48 18 17 47 21 35 29 18 2 0 19 38 45 16 30 45 37 19 48 22 39 31 15 14 
38 47 36 36 10 22 26 11 19 13 36 45 9 4 35 0 28 46 27 12 5 2 33 26 14 48 5 40 25 
24 30 38 5 34 4 30 1 36 49 20 46 27 9 20 32 0 31 35 37 33 35 21 26 13 19 10 12 6 
21 22 39 6 33 1 37 39 26 31 12 5 25 34 43 48 8 0 17 29 44 13 45 33 14 18 8 41 4 
5 26 36 24 43 24 30 14 11 14 14 27 22 32 6 50 23 32 0 8 1 28 29 5 3 32 18 43 27 
40 26 38 25 10 33 35 50 46 38 12 1 4 29 38 44 3 3 22 0 32 39 33 41 37 50 40 26 27 
21 33 43 25 32 4 25 36 27 39 17 39 48 7 5 36 20 7 48 50 0 41 11 1 29 47 12 39 7 
35 2 26 21 8 9 30 13 45 38 20 1 5 3 18 14 36 33 34 33 29 0 5 17 44 43 27 36 10 
33 15 29 20 15 18 1 25 14 47 32 39 27 42 41 33 37 47 46 39 44 37 0 44 14 28 7 29 30 
36 32 28 32 23 20 30 31 9 1 37 37 2 43 50 40 2 46 6 37 14 34 7 0 46 32 47 17 47 
21 16 42 9 40 21 40 32 19 1 16 8 12 11 24 37 11 9 37 1 37 4 12 33 0 2 42 17 2 
26 32 50 27 4 34 10 44 9 29 48 32 4 19 22 1 30 49 25 4 11 20 36 24 10 0 17 10 18 
4 10 8 49 5 39 7 37 1 40 5 29 1 30 29 33 11 6 47 19 33 11 4 3 17 13 0 42 6 
47 27 17 37 25 43 41 50 22 50 28 16 12 35 1 40 45 47 3 31 42 4 13 5 20 42 35 0 43 
6 5 32 42 47 1 41 25 23 18 5 9 40 30 11 12 29 32 7 48 11 14 9 20 11 11 15 43 0 
15 0 13 18 33 8 48 44 17 18 36 19 12 45 27 18 27 43 44 41 13 43 1 26 39 35 37 32 43 
46 13 0 32 36 36 48 10 10 1 22 1 42 36 45 44 43 13 46 4 35 47 32 27 17 21 3 50 14 
38 29 49 0 21 17 2 21 6 5 33 26 47 17 8 27 22 43 50 27 49 8 34 26 40 34 48 46 14 
36 15 16 33 0 49 47 23 22 23 31 26 35 24 39 38 30 20 7 19 39 6 6 25 21 27 2 7 4 
4 10 38 19 6 0 8 21 41 18 43 49 20 36 5 49 13 25 42 26 19 46 46 20 28 29 7 9 30 
41 46 7 48 41 20 0 19 14 43 7 30 17 19 48 13 27 8 49 4 1 7 12 47 36 26 38 8 8 
40 10 40 49 49 41 1 0 22 37 2 30 17 37 36 20 18 13 9 1 49 33 43 20 31 4 9 23 29 
49 22 22 4 12 12 24 34 0 17 31 18 28 47 42 41 6 20 38 15 22 42 30 24 18 37 9 25 47 
40 10 46 41 18 22 24 16 31 0 27 5 26 12 37 1 32 42 23 2 42 3 15 11 16 44 2 37 20 
49 5 17 3 37 27 44 8 36 28 0 11 26 18 26 26 44 34 40 10 6 29 42 27 14 8 33 45 26 
49 31 47 17 35 4 17 27 10 3 39 0 36 44 43 47 14 13 27 24 28 39 18 33 5 42 32 41 7 
29 4 46 5 33 18 9 6 32 45 41 15 0 9 49 35 31 1 25 13 36 46 13 1 31 9 18 37 32 
48 42 25 4 13 11 49 7 7 34 4 26 35 0 41 33 19 37 10 19 41 34 2 4 18 19 5 11 16 
3 16 46 15 31 28 8 40 20 37 2 49 1 28 0 25 18 22 37 2 5 31 33 45 49 49 47 49 47 
38 8 35 9 50 34 5 42 38 39 46 8 34 44 49 0 50 9 21 41 6 28 37 46 33 3 7 36 20 
21 47 17 34 29 12 2 13 2 43 49 18 24 33 30 34 0 42 45 22 38 34 45 41 29 7 44 19 2 
12 3 6 44 48 35 21 42 23 12 29 22 42 37 49 16 22 0 23 32 45 8 13 41 9 36 49 37 27 
7 38 28 36 43 1 1 50 38 6 20 40 13 39 12 30 16 50 0 46 48 47 26 8 34 12 25 44 50 
12 47 8 50 49 45 35 35 35 44 30 42 36 49 28 16 4 43 33 0 20 2 12 43 36 3 40 31 32 
31 44 25 18 7 2 38 41 48 21 42 19 4 27 46 23 21 5 12 48 0 48 42 31 19 43 25 49 1 
5 23 47 9 14 4 4 42 19 12 36 35 12 38 18 34 2 14 16 25 16 0 20 16 49 28 33 34 39 
14 7 26 32 4 38 37 26 24 33 5 1 23 5 5 9 20 28 37 11 25 48 0 17 29 9 24 35 35 
7 48 31 31 20 16 29 13 36 4 31 24 1 43 10 20 10 16 2 12 16 7 30 0 1 47 24 15 17 
40 48 23 31 3 2 19 27 2 24 31 8 26 42 24 16 47 13 10 32 38 48 20 44 0 22 23 20 1 
18 31 34 47 1 13 24 39 31 1 21 50 24 33 18 36 35 45 36 24 34 14 5 35 14 0 33 29 43 
28 30 9 31 33 19 9 22 40 35 8 14 19 35 36 46 42 11 9 5 30 34 9 27 37 46 0 17 4 
26 50 33 18 34 32 11 2 43 41 17 5 25 47 46 50 38 23 6 50 29 9 44 4 25 24 13 0 45 
21 32 44 37 3 5 46 41 3 41 30 38 24 34 4 1 44 5 31 33 38 10 40 15 41 18 26 18 0 
7 0 30 44 11 19 17 32 11 48 30 3 20 2 6 48 48 43 18 26 45 6 43 10 20 43 30 7 12 
42 29 0 47 36 30 29 35 24 47 20 19 8 3 43 3 14 2 11 32 33 12 43 23 23 42 31 12 14 
20 24 18 0 40 10 20 19 20 34 18 41 24 22 25 1 23 49 19 42 13 41 46 19 32 49 24 50 50 
6 24 44 49 0 17 21 4 24 2 30 48 34 25 33 31 35 21 9 12 38 43 50 25 23 40 50 24 24 
6 36 41 37 21 0 20 15 10 24 43 8 1 21 27 22 19 22 9 38 8 16 34 12 41 12 13 7 6 
50 21 10 18 47 30 0 19 16 39 12 13 5 19 21 12 29 1 12 17 17 29 6 2 31 12 17 9 22 
25 1 25 9 14 9 11 0 3 33 41 5 42 9 6 30 11 46 34 39 45 23 34 40 1 46 41 28 45 
20 29 6 30 21 47 42 39 0 37 5 42 11 11 9 46 11 7 26 9 24 26 42 35 29 29 14 50 42 
12 24 13 23 31 16 33 4 35 0 25 21 12 14 42 24 42 42 28 35 14 38 29 45 21 33 4 20 29 
44 28 2 8 47 1 27 13 43 20 0 30 45 26 42 27 32 5 47 10 34 18 44 38 1 30 37 4 34 
30 42 41 27 47 5 11 7 24 14 15 0 14 15 11 49 22 48 40 38 46 2 13 17 36 45 36 11 1 
41 1 28 11 47 44 34 2 29 3 49 22 0 32 20 9 42 33 47 19 7 46 16 3 41 49 9 32 18 
25 5 33 12 44 10 17 24 36 4 17 22 28 0 48 44 46 42 17 14 33 5 26 4 48 17 5 5 26 
48 38 13 38 13 17 27 25 21 37 28 22 3 36 0 6 29 30 48 30 49 23 8 49 32 45 50 13 50 
2 36 45 40 5 42 26 49 41 29 10 12 21 19 26 0 5 39 42 30 20 20 25 18 19 26 7 3 41 
39 31 44 13 4 27 23 35 42 39 17 12 10 7 38 1 0 39 18 28 4 33 45 43 3 21 44 31 27 
18 27 15 49 39 35 10 11 36 47 8 45 47 41 13 1 25 0 19 10 13 37 17 31 8 30 50 8 44 
38 41 43 11 47 46 18 16 25 19 23 26 48 28 16 42 11 34 0 8 43 33 43 28 2 34 18 41 1 
47 7 19 40 28 16 23 46 5 48 48 1 24 47 26 7 47 35 16 0 9 2 39 48 47 43 16 12 46 
13 41 27 30 6 17 20 18 50 33 48 32 6 21 38 13 36 7 20 36 0 18 22 6 50 2 32 50 9 
10 23 48 12 5 27 33 14 21 19 45 8 28 8 7 14 37 35 4 32 1 0 35 11 36 47 27 29 42 
35 28 28 25 17 11 9 28 36 37 27 29 38 25 43 17 13 12 8 10 15 43 0 13 17 29 18 9 26 
12 12 16 28 49 42 29 43 41 21 41 17 50 30 28 1 8 25 45 26 42 44 24 0 35 19 19 27 43 
16 12 46 49 3 33 16 24 21 49 31 46 46 50 27 42 22 41 10 36 15 13 9 5 0 24 33 35 18 
39 31 9 30 16 37 28 30 25 42 14 18 15 4 30 9 44 49 31 42 18 32 14 29 10 0 41 28 3 
3 42 26 21 49 48 36 40 40 1 31 9 23 47 17 30 27 43 21 11 33 50 11 26 2 43 0 1 8 
18 31 21 25 9 25 28 34 17 44 20 18 19 40 19 44 18 22 20 21 15 34 2 18 20 18 21 0 3 
32 50 20 6 47 29 23 10 30 6 1 48 20 34 14 34 23 4 42 43 32 17 8 30 24 30 43 35 0 
30 0 4 6 42 5 26 3 18 25 15 21 41 18 10 14 13 22 23 2 32 21 18 45 16 26 28 22 15 
43 40 0 33 18 37 39 30 26 1 10 44 45 31 46 10 9 34 2 25 22 4 45 9 2 29 11 14 12 
10 40 16 0 27 5 39 26 35 32 3 5 30 31 38 13 13 29 8 1 25 9 36 33 24 3 50 12 48 
32 32 40 26 0 25 19 17 12 44 17 40 43 21 25 27 32 48 46 42 16 33 47 23 21 10 40 4 24 
8 42 24 5 28 0 28 4 1 14 29 6 13 22 2 19 13 18 9 4 34 9 2 27 8 9 46 15 36 
9 19 16 36 15 43 0 4 3 44 36 16 43 22 27 18 19 41 30 44 32 28 11 4 2 36 20 15 7 
15 16 46 32 14 19 42 0 46 14 21 48 29 48 17 19 33 44 11 13 33 34 8 18 30 3 33 8 49 
16 15 50 46 29 48 38 28 0 40 34 30 3 35 23 6 21 32 16 35 12 42 22 9 26 7 33 23 7 
49 17 30 32 11 43 30 49 21 0 3 1 50 30 41 43 10 32 10 48 12 3 48 48 37 48 47 8 44 
6 25 39 47 26 31 30 24 5 48 0 43 42 43 7 50 30 16 36 33 1 30 49 44 48 35 12 5 2 
19 43 34 15 36 36 43 47 14 5 25 0 49 12 19 6 34 18 7 19 46 48 19 22 13 15 7 15 8 
31 42 12 14 26 29 6 12 15 28 6 7 0 14 3 17 12 12 34 40 11 44 11 30 28 44 9 4 1 
22 22 50 30 22 36 17 23 43 11 24 34 14 0 45 20 41 1 12 33 46 3 10 1 32 18 5 15 20 
12 34 21 18 26 6 40 43 28 27 36 28 37 44 0 20 2 11 6 48 49 42 40 28 32 27 8 49 12 
21 19 12 17 22 47 11 9 40 6 8 8 5 27 13 0 24 27 5 10 9 41 50 21 12 7 16 29 23 
7 40 41 18 8 28 23 9 15 19 7 40 33 11 12 5 0 48 40 44 15 28 4 6 22 49 40 22 21 
49 1 10 6 19 39 2 1 16 41 1 28 5 4 10 8 48 0 21 27 31 39 17 14 18 22 14 45 4 
34 19 20 18 7 2 11 15 9 1 21 44 9 11 40 8 39 17 0 11 24 45 49 25 29 14 41 33 32 
37 43 35 5 44 49 17 47 22 34 21 3 43 45 49 48 50 33 22 0 28 27 7 29 6 4 22 9 36 
45 41 4 16 20 29 29 17 17 16 50 11 45 43 37 6 46 8 32 1 0 50 28 30 31 20 5 6 31 
15 29 2 23 41 31 2 31 30 6 34 14 16 33 31 34 33 11 34 34 20 0 24 10 46 40 9 37 18 
12 24 46 16 24 49 3 38 14 28 21 14 42 7 26 40 25 18 35 18 47 46 0 49 9 21 22 11 42 
19 7 33 32 45 35 19 7 10 18 41 18 31 44 20 6 41 21 43 14 48 21 21 0 23 24 19 22 17 
26 37 45 3 38 11 19 8 45 39 19 8 38 20 31 8 27 18 38 4 26 43 19 50 0 29 48 44 49 
37 11 9 27 14 3 32 23 23 38 30 20 25 13 12 3 3 36 26 28 40 14 46 7 31 0 18 41 33 
19 45 25 41 17 20 22 34 30 42 44 35 39 8 35 40 38 19 29 13 31 16 48 43 22 17 0 10 23 
15 2 46 46 12 49 5 29 14 40 3 5 42 28 23 11 42 42 40 33 30 7 19 13 39 28 3 0 4 
48 32 19 1 11 49 19 28 46 49 24 41 3 6 26 49 17 25 22 3 43 37 1 31 28 27 44 9 0 
34 0 34 7 34 47 1 31 33 21 2 45 44 9 46 15 44 19 49 30 24 32 21 47 15 7 50 12 11 
31 39 0 24 34 6 11 45 13 42 40 44 3 26 43 29 15 31 28 44 48 22 8 13 29 48 20 27 14 
38 43 28 0 47 40 21 2 32 29 11 39 49 1 3 3 29 5 28 49 39 42 32 35 30 6 14 39 24 
27 45 37 36 0 35 32 26 49 13 48 13 5 42 47 37 20 40 46 48 20 5 34 24 20 22 39 22 6 
9 48 42 26 33 0 29 6 34 24 3 15 19 27 4 17 8 16 44 48 46 46 15 40 10 17 19 19 43 
22 18 14 46 11 21 0 41 15 6 37 23 13 42 3 47 37 32 29 43 2 17 16 5 28 42 27 10 44 
9 32 10 14 11 13 13 0 7 40 19 9 7 14 3 2 29 22 35 4 44 18 3 29 39 27 18 27 6 
13 37 5 34 11 47 6 25 0 28 9 3 29 40 41 48 13 20 36 38 14 15 27 6 7 23 17 26 6 
3 21 38 43 37 8 44 3 15 0 25 47 17 47 28 2 13 33 26 4 28 6 16 19 41 30 13 42 37 
31 48 11 45 21 1 22 7 22 10 0 43 33 47 45 49 45 40 22 17 37 25 44 25 48 13 49 50 38 
2 47 14 25 17 8 23 17 14 2 46 0 47 6 45 42 23 33 21 31 12 18 24 1 8 46 5 12 38 
24 14 32 23 1 35 5 25 47 19 17 40 0 22 32 31 38 26 21 32 30 2 3 15 43 18 39 21 29 
47 6 29 13 46 36 44 1 21 24 47 21 41 0 17 26 15 5 42 40 36 43 13 33 26 23 32 36 21 
49 40 5 12 15 27 29 41 40 5 44 37 39 31 0 18 3 24 11 40 36 27 1 38 26 50 36 36 34 
24 4 40 14 1 23 2 32 19 35 7 14 39 35 25 0 1 49 3 47 13 46 30 2 12 43 50 45 49 
2 30 13 30 42 46 18 37 15 30 37 16 29 37 34 40 0 5 26 48 42 26 38 27 47 39 23 39 44 
2 28 22 1 29 4 30 40 23 28 23 43 18 39 36 20 17 0 31 34 9 47 12 8 17 3 3 24 14 
3 16 41 19 7 25 36 37 8 36 38 26 8 45 18 27 4 5 0 25 38 2 8 31 8 39 31 48 40 
20 5 48 26 31 16 37 7 37 5 37 44 4 50 12 31 44 9 2 0 2 45 32 14 49 29 37 13 46 
36 33 30 27 27 46 17 3 39 12 45 42 8 11 40 50 19 31 34 3 0 46 50 15 30 29 46 45 39 
42 50 47 45 4 42 22 5 25 10 17 8 33 9 43 32 15 11 45 35 42 0 15 30 48 3 10 50 36 
18 50 48 32 1 29 12 39 16 1 38 16 39 36 25 9 15 27 20 38 8 34 0 16 19 2 11 48 27 
20 50 42 44 43 37 37 25 12 36 8 5 48 4 17 14 24 29 47 6 40 22 34 0 27 41 13 28 35 
35 30 30 40 31 36 19 16 9 44 24 2 50 1 47 29 19 15 40 4 18 3 46 24 0 15 43 37 49 
16 16 4 31 10 2 40 33 6 18 25 12 35 1 5 30 5 45 6 40 25 5 8 26 23 0 24 18 33 
35 7 26 39 49 21 1 43 40 43 42 48 11 15 24 2 41 29 19 18 48 16 19 20 37 48 0 24 11 
9 28 9 36 35 8 48 50 42 36 14 15 50 13 41 13 3 8 29 10 32 7 36 45 5 1 36 0 19 
39 7 3 2 47 40 35 12 35 7 14 4 17 25 10 5 15 5 18 36 26 7 17 29 19 14 30 3 0 
43 0 15 32 35 23 30 11 36 34 13 18 11 28 29 28 47 45 26 43 8 47 31 30 1 33 1 44 32 
41 24 0 33 33 10 32 20 21 25 29 32 38 14 24 22 3 37 7 8 47 29 20 34 44 22 23 6 13 
35 32 2 0 23 36 30 46 10 31 35 1 47 9 8 22 17 45 6 44 24 10 28 14 27 43 47 4 21 
41 39 12 38 0 27 8 36 44 27 9 3 35 29 12 23 3 6 12 39 22 48 18 50 16 29 33 3 8 
18 26 30 39 26 0 25 20 42 24 14 20 2 23 29 40 36 3 10 45 48 6 12 21 32 9 32 24 24 
40 46 9 44 5 28 0 26 2 30 14 9 4 42 31 29 42 42 37 50 20 28 14 14 19 38 6 3 7 
5 48 30 45 2 47 3 0 28 6 27 48 45 3 39 6 39 2 42 7 25 33 29 41 22 33 4 46 26 
33 40 7 50 25 20 47 32 0 35 14 3 46 29 2 37 16 40 5 18 40 9 25 18 47 49 29 25 26 
8 9 12 49 1 27 46 16 20 0 48 20 34 42 25 5 38 39 11 47 31 43 25 33 28 37 7 18 8 
23 10 1 47 45 22 24 26 3 4 0 45 2 7 22 46 42 36 35 48 34 21 30 8 38 32 44 34 33 
26 35 13 44 10 38 44 11 48 23 39 0 20 1 29 36 35 17 46 25 22 30 41 43 2 10 34 38 43 
3 13 15 1 39 42 1 19 42 1 42 19 0 28 36 44 13 46 28 34 42 45 23 22 37 20 12 4 36 
42 11 35 26 1 2 9 36 9 38 32 10 29 0 18 44 16 4 6 44 44 47 31 6 32 1 46 48 30 
41 29 31 27 38 16 27 32 16 16 19 26 28 9 0 5 8 47 25 14 28 30 6 34 15 19 10 39 11 
5 4 26 5 5 29 45 30 8 6 22 14 41 12 1 0 38 38 18 17 39 27 48 36 27 33 21 50 36 
45 17 9 28 27 16 27 13 41 14 22 49 15 25 1 42 0 3 50 37 18 6 47 28 1 44 1 35 7 
19 50 23 34 29 9 36 41 48 44 37 25 36 39 48 24 46 0 18 24 3 48 44 24 33 34 33 31 49 
40 8 35 27 32 20 44 41 41 39 21 6 40 11 45 9 14 12 0 33 18 49 4 5 26 27 32 10 25 
26 40 50 47 29 37 2 40 10 10 44 16 45 7 33 8 48 18 14 0 37 50 16 20 23 50 14 50 36 
3 9 50 50 10 20 16 1 39 24 28 3 9 5 50 4 19 18 23 43 0 21 48 29 9 19 23 25 11 
21 28 47 16 37 16 37 1 10 44 6 26 42 32 20 24 41 11 29 46 16 0 16 4 33 41 8 16 6 
31 42 32 38 45 5 31 11 27 12 16 44 18 50 45 25 12 48 1 39 28 5 0 18 8 45 30 45 6 
24 15 26 30 1 31 21 19 13 19 31 37 2 9 48 30 45 35 28 17 22 29 21 0 43 7 27 29 26 
24 24 43 16 11 25 38 12 37 37 44 38 29 26 13 44 17 15 37 20 8 39 13 10 0 2 28 35 45 
45 33 23 24 3 45 46 39 27 16 26 28 22 36 44 9 42 41 38 46 17 27 27 42 40 0 9 18 35 
11 33 14 33 40 43 18 4 14 20 35 35 31 24 18 1 39 10 49 23 46 5 19 12 41 40 0 29 18 
7 31 34 44 28 11 29 44 3 44 38 29 18 40 45 22 6 4 15 43 10 26 4 31 11 46 40 0 6 
15 2 43 1 15 1 48 34 37 42 8 21 46 24 49 46 23 20 5 6 11 47 7 37 25 37 9 31 0 
28 0 4 33 32 21 24 30 1 2 37 15 18 43 12 36 15 47 45 48 36 28 9 9 42 41 35 46 19 
46 6 0 27 29 42 17 6 34 9 26 1 23 45 49 44 36 5 38 13 49 11 43 41 30 39 23 4 20 
45 41 42 0 36 28 12 5 47 10 37 26 26 7 3 6 21 45 26 41 29 15 23 37 3 22 48 8 4 
15 48 40 19 0 14 37 39 18 34 15 45 34 44 48 26 19 12 38 43 9 37 20 35 14 33 25 6 23 
5 39 14 31 4 0 1 32 13 48 7 13 21 15 38 37 31 31 8 36 17 48 19 41 35 5 49 17 45 
13 26 37 39 32 17 0 14 46 1 15 30 44 16 14 22 6 26 23 45 50 34 5 33 25 40 39 25 37 
48 30 26 6 34 38 50 0 22 21 24 40 48 24 42 30 17 29 43 1 35 47 36 10 33 5 18 12 9 
43 13 50 43 42 28 48 22 0 40 25 10 29 14 50 35 2 34 47 27 42 25 17 47 48 38 41 40 13 
21 43 1 17 26 42 29 8 25 0 47 7 47 45 9 28 4 33 23 22 47 1 8 50 8 42 20 34 26 
16 2 6 1 38 36 1 47 24 43 0 3 22 22 27 28 37 40 30 48 17 40 43 15 15 20 43 12 14 
44 44 26 7 9 4 43 23 41 7 9 0 10 9 31 31 41 20 50 26 25 31 13 18 12 23 17 36 23 
38 41 32 45 25 38 3 31 17 47 14 19 0 35 5 47 34 21 38 9 10 13 24 46 21 18 38 34 32 
26 15 34 42 18 20 36 50 26 15 36 21 28 0 50 25 23 37 8 40 26 16 35 41 36 9 27 10 14 
46 11 28 38 5 22 6 3 14 22 1 15 19 47 0 9 7 3 38 32 13 50 23 34 10 48 8 16 42 
24 49 34 41 11 23 5 15 38 49 17 6 45 22 10 0 15 7 26 8 20 26 35 33 22 46 47 14 24 
28 18 40 47 7 15 29 16 39 11 5 47 43 45 20 5 0 21 26 19 28 13 19 4 23 1 46 16 39 
16 12 46 14 9 32 37 20 9 20 50 31 44 45 27 47 21 0 11 28 31 16 28 1 20 29 37 11 9 
15 18 47 12 49 40 50 27 16 42 39 12 9 50 47 1 27 39 0 35 19 43 7 2 40 19 36 24 38 
12 26 35 23 21 29 5 41 23 39 32 4 45 50 31 30 23 17 23 0 16 32 50 44 40 2 42 17 8 
17 8 43 14 17 13 16 40 7 16 41 31 45 6 29 39 8 32 25 43 0 27 23 18 3 13 8 7 13 
33 46 21 30 12 48 25 16 46 19 37 33 35 41 24 7 26 43 22 26 22 0 5 33 21 18 24 32 44 
40 41 1 10 6 4 8 12 45 12 19 48 31 13 43 39 45 43 9 36 50 11 0 27 21 37 31 41 28 
13 1 12 39 17 31 27 6 18 28 27 32 34 12 12 15 25 24 45 10 12 44 26 0 26 16 46 45 29 
14 31 24 26 13 30 49 45 50 30 32 1 37 38 22 18 16 27 3 38 50 13 47 13 0 36 32 17 19 
25 37 24 21 36 48 43 37 5 1 20 4 14 17 15 45 42 45 23 25 23 9 10 39 43 0 8 30 1 
35 11 41 31 14 31 21 13 7 11 15 40 46 35 14 16 8 50 25 33 48 2 21 41 9 42 0 47 16 
28 35 29 29 18 42 3 44 11 39 41 33 47 3 39 32 31 34 30 38 46 45 32 43 34 48 3 0 33 
40 1 22 22 34 5 35 22 33 37 22 4 33 20 5 19 10 42 36 46 14 40 11 25 13 10 21 34 0 
4 0 36 45 21 39 20 4 11 17 19 50 43 18 17 49 45 13 26 6 26 40 13 34 43 12 8 20 1 
41 48 0 10 25 35 2 19 47 42 1 15 13 17 45 2 42 42 44 28 48 41 16 13 37 4 45 45 41 
3 3 9 0 31 1 4 21 20 9 26 9 17 48 3 3 12 11 44 10 45 12 42 1 19 31 23 10 25 
35 23 21 40 0 7 28 44 40 42 35 13 13 25 32 33 17 35 12 50 39 14 1 26 11 35 1 30 11 
2 41 1 28 45 0 46 35 37 5 19 10 20 9 14 20 27 32 48 20 30 10 35 34 19 23 22 12 35 
47 10 6 7 49 33 0 38 2 34 35 19 29 48 46 12 17 2 31 30 50 31 50 30 38 31 1 2 18 
7 33 6 24 35 1 40 0 45 14 3 22 26 26 19 44 47 30 41 32 14 23 18 18 43 42 12 5 48 
31 19 27 48 32 21 45 1 0 29 46 45 48 7 18 3 50 9 4 25 13 6 33 9 41 19 38 46 39 
16 13 32 24 47 42 15 46 27 0 24 45 6 24 43 19 34 47 35 8 5 16 19 34 39 38 42 43 48 
11 37 30 45 25 6 36 16 14 21 0 1 15 3 8 23 36 10 19 39 13 15 25 44 34 31 41 24 48 
30 43 36 5 50 17 36 41 45 50 32 0 18 7 3 20 26 35 43 3 8 46 48 29 20 4 30 34 36 
43 46 15 34 33 39 37 22 35 47 16 36 0 23 33 42 10 38 21 7 13 5 19 50 38 39 17 2 32 
15 17 1 21 34 50 48 49 36 48 36 18 16 0 49 41 38 28 17 36 13 7 20 33 34 23 21 32 24 
46 27 45 16 38 6 8 19 47 45 2 23 35 44 0 25 40 35 39 47 6 29 13 11 23 31 39 26 45 
35 18 48 13 18 24 3 10 3 20 31 11 42 23 42 0 33 15 13 28 14 45 43 49 35 25 27 46 34 
16 23 36 49 30 13 34 29 48 40 6 12 41 16 37 15 0 8 36 14 6 22 28 9 19 11 13 1 43 
20 13 39 42 29 20 44 31 35 33 31 30 40 13 36 26 8 0 17 23 30 7 34 28 39 13 40 13 39 
15 17 38 18 12 41 10 35 1 14 33 21 23 7 31 25 5 34 0 17 9 42 33 12 44 40 22 36 36 
36 50 29 39 8 6 16 19 46 14 19 49 4 2 25 44 35 3 8 0 1 4 3 34 29 24 4 47 32 
6 44 29 41 6 24 49 2 35 45 14 18 41 12 29 42 16 19 5 41 0 9 18 10 38 15 36 33 33 
17 1 16 4 9 35 13 3 36 28 44 31 3 24 9 40 39 40 11 42 24 0 43 13 5 50 6 23 39 
34 41 27 20 41 17 36 35 30 11 9 6 50 27 7 39 26 25 38 36 9 21 0 49 25 26 42 9 24 
38 11 5 3 12 25 19 45 2 24 41 37 39 25 11 29 32 5 42 48 36 25 30 0 26 19 38 30 14 
42 3 44 50 9 12 48 19 6 6 45 26 8 12 38 2 34 2 48 35 10 21 43 22 0 50 12 38 13 
32 29 35 24 45 6 3 50 30 41 28 28 28 43 23 26 10 17 40 25 38 28 42 17 41 0 46 4 22 
10 23 1 47 24 35 38 28 22 21 32 3 9 39 22 43 24 21 8 18 49 18 12 33 22 14 0 25 4 
38 19 34 49 3 32 40 8 41 31 4 43 6 46 5 40 36 38 16 50 7 49 43 21 39 37 24 0 42 
12 18 26 10 10 34 40 4 38 33 50 28 49 15 3 43 17 15 13 3 13 22 48 35 49 26 48 40 0 
26 0 14 11 17 8 49 46 24 6 45 33 22 6 2 3 4 38 38 2 42 47 50 4 25 24 21 29 40 
20 41 0 12 35 37 1 28 25 22 34 20 1 19 29 38 23 32 42 47 12 20 45 48 11 25 6 43 26 
10 37 43 0 38 20 7 4 16 33 49 35 6 24 29 32 4 18 2 23 18 13 32 43 33 24 18 20 26 
44 1 10 32 0 8 2 15 36 42 33 31 13 25 22 40 33 7 42 39 42 14 44 43 24 33 26 14 28 
44 10 14 2 37 0 29 22 32 39 3 48 22 14 46 13 36 21 11 44 41 43 10 26 33 30 29 12 50 
9 37 49 33 39 38 0 42 32 20 30 26 46 1 8 44 5 44 17 29 18 32 8 4 23 33 23 35 34 
35 32 23 9 17 23 24 0 3 5 16 34 26 4 31 17 41 35 48 41 36 17 22 39 14 50 44 18 2 
34 27 1 16 3 8 48 38 0 7 18 30 28 34 42 50 29 33 3 15 2 42 13 39 35 33 50 18 13 
44 10 9 23 5 23 19 29 16 0 18 23 47 34 29 35 18 19 13 2 25 22 10 31 48 30 17 10 22 
38 16 33 4 41 35 45 47 9 7 0 24 12 24 22 14 15 31 18 18 13 28 22 17 20 49 44 41 34 
30 12 43 38 13 47 41 50 36 20 7 0 49 35 38 9 13 40 41 2 1 47 16 18 12 50 48 45 17 
50 13 5 47 44 11 18 48 14 36 49 27 0 32 14 30 11 12 20 29 41 13 5 31 9 42 41 38 15 
45 32 39 16 3 24 1 23 15 10 5 24 20 0 12 50 4 42 25 20 33 36 7 50 30 19 5 4 45 
33 47 6 4 24 4 4 33 48 34 25 8 13 8 0 46 3 15 6 21 2 6 28 17 17 22 5 29 38 
32 9 47 49 21 7 41 19 4 2 50 17 9 17 6 0 9 1 12 20 29 12 48 16 14 34 3 40 5 
31 39 32 20 25 16 1 40 37 26 38 7 18 28 50 14 0 7 4 44 39 23 8 16 10 35 1 27 35 
43 34 15 18 17 36 38 16 20 30 42 43 16 17 23 26 25 0 13 11 35 48 3 8 30 9 1 33 23 
23 23 36 25 40 17 47 4 12 20 41 32 40 35 44 27 13 1 0 23 6 36 41 35 22 40 42 37 41 
27 35 9 16 4 15 43 48 45 17 3 49 20 19 15 6 23 30 46 0 14 9 31 18 8 29 27 38 33 
38 15 35 48 31 7 28 27 11 25 29 25 42 47 33 46 49 24 37 17 0 27 30 49 11 47 23 32 46 
18 1 38 27 28 10 10 31 33 6 19 14 42 38 45 49 2 21 22 13 49 0 22 10 5 41 22 7 9 
16 25 2 9 25 32 10 10 37 2 47 33 38 2 14 43 6 23 25 39 35 1 0 9 26 1 20 47 46 
41 33 37 7 4 1 15 8 4 10 40 10 29 36 12 1 24 40 25 47 9 18 50 0 18 47 19 25 16 
16 26 9 5 35 15 19 4 15 41 30 37 37 6 39 46 34 15 11 49 39 9 3 12 0 45 1 37 24 
34 20 10 36 27 50 42 29 2 35 25 15 17 9 36 34 11 39 10 4 29 4 34 32 8 0 26 27 8 
24 47 11 35 28 45 21 46 31 45 10 38 14 11 44 50 41 46 33 31 23 19 2 7 41 34 0 46 30 
37 29 28 2 23 35 6 5 25 41 37 22 39 41 3 16 29 23 40 18 10 34 42 12 43 47 35 0 5 
46 4 45 45 49 41 10 3 18 8 15 30 5 40 26 50 10 11 43 33 17 36 28 18 45 28 21 3 0 
38 0 16 9 27 1 2 9 21 46 43 24 49 32 1 49 22 9 10 14 21 9 42 3 33 5 3 39 11 
27 27 0 50 22 20 8 15 2 49 39 30 3 31 6 5 18 38 44 1 16 37 7 10 35 15 50 44 47 
13 27 22 0 48 14 49 44 20 43 2 29 25 37 47 23 21 31 12 41 4 38 35 46 11 2 23 25 21 
17 16 8 21 0 14 19 40 23 17 32 40 33 12 35 26 36 16 27 30 40 35 40 5 3 10 40 9 28 
32 11 47 41 25 0 24 4 27 45 8 11 18 8 50 4 50 22 9 42 3 10 11 45 25 44 35 37 27 
12 5 11 24 10 12 0 42 6 35 50 8 39 32 49 41 9 16 12 33 35 37 6 32 2 48 7 19 22 
17 22 47 40 37 27 16 0 41 47 37 9 47 8 48 15 23 1 4 22 12 20 37 10 33 3 2 41 7 
23 10 27 4 43 21 40 13 0 3 19 2 6 33 50 12 29 4 36 27 39 41 9 2 45 36 8 2 30 
13 15 38 36 37 10 19 38 11 0 5 4 38 9 2 20 33 2 16 29 21 26 31 29 17 25 2 16 14 
8 32 18 36 20 10 1 39 31 17 0 20 24 32 25 18 49 32 40 31 39 40 20 43 20 30 32 5 32 
36 22 11 35 44 5 30 30 37 19 19 0 49 2 32 2 36 47 5 39 2 14 30 35 36 22 27 25 39 
39 49 7 38 6 19 3 10 6 35 30 28 0 45 39 12 14 21 32 38 8 18 8 24 25 43 4 19 6 
37 26 13 18 30 41 41 39 13 31 44 34 29 0 43 31 12 25 12 7 25 19 22 15 40 40 18 21 32 
26 32 46 2 50 47 24 30 23 13 48 4 48 24 0 1 41 39 5 29 26 27 12 50 31 48 44 38 15 
12 23 28 13 20 9 14 31 35 42 34 33 20 1 40 0 13 14 3 28 45 21 24 2 36 39 46 5 14 
32 16 5 7 9 9 19 50 36 36 34 39 11 20 6 47 0 22 47 6 27 23 38 17 45 17 44 44 38 
22 43 25 25 5 50 50 20 38 27 24 11 33 41 28 29 19 0 39 35 1 18 6 15 42 41 29 42 45 
50 10 41 16 16 31 29 43 12 10 35 12 21 37 9 45 24 45 0 44 33 11 38 27 28 9 43 20 16 
29 33 34 26 8 5 21 29 37 8 46 3 12 35 17 9 5 24 31 0 32 47 20 18 46 35 10 35 12 
34 13 8 23 11 13 15 29 27 9 4 16 17 31 8 17 49 42 21 27 0 21 18 24 35 13 39 19 9 
16 39 42 48 21 9 45 24 1 24 42 50 20 39 33 46 20 15 15 17 12 0 1 47 43 40 8 41 17 
40 23 11 22 44 7 13 38 18 6 46 8 36 35 17 26 1 21 7 33 36 28 0 15 49 25 3 47 15 
42 49 9 13 19 29 35 28 14 20 7 14 26 45 28 15 20 7 31 28 35 21 43 0 19 2 8 32 12 
8 12 48 42 10 49 47 20 48 33 39 8 50 39 13 31 15 44 7 41 50 1 29 18 0 22 20 31 21 
6 40 12 12 48 23 21 2 23 15 5 28 49 9 17 37 18 24 28 47 9 12 5 9 1 0 41 12 7 
34 30 21 41 19 26 15 8 21 28 10 28 19 12 9 50 39 30 43 42 34 42 50 48 42 35 0 13 44 
36 4 11 8 11 14 19 43 45 15 10 23 44 10 17 41 14 50 28 48 4 5 20 22 49 21 23 0 42 
31 23 49 35 13 21 23 18 18 3 18 5 43 17 5 25 20 20 49 25 26 10 34 42 7 15 41 31 0 
35 0 39 9 41 42 28 13 23 16 26 11 24 37 50 23 12 33 24 5 37 1 45 2 30 23 49 16 21 
39 7 0 28 48 31 42 34 29 44 28 14 16 5 33 10 45 10 26 38 27 37 23 9 33 11 5 31 40 
37 30 19 0 43 12 42 34 9 48 13 43 46 16 44 18 6 11 39 32 18 36 7 20 48 11 40 35 17 
48 46 38 27 0 12 44 43 15 10 21 5 14 49 1 48 48 33 43 11 43 6 4 23 23 23 13 5 30 
10 21 32 23 8 0 18 11 3 25 17 34 23 2 4 47 40 34 19 20 35 10 23 15 19 29 42 12 45 
23 16 4 49 39 13 0 5 39 39 33 7 32 40 46 23 16 9 38 41 2 8 34 39 4 44 20 21 38 
6 14 44 16 6 17 30 0 10 13 36 34 40 49 9 1 2 13 38 46 15 1 50 10 41 1 10 38 39 
28 50 5 20 42 18 33 26 0 39 41 26 23 16 14 3 24 5 2 4 49 33 37 42 7 25 7 37 7 
4 3 16 47 29 42 33 13 31 0 15 48 32 26 26 13 23 13 23 49 38 47 37 37 50 7 39 6 41 
9 49 45 36 31 26 22 37 25 29 0 44 25 32 40 44 40 4 22 24 8 24 20 44 2 8 50 10 18 
17 16 41 41 36 42 5 32 20 13 1 0 1 4 27 48 34 29 25 7 8 43 48 47 35 16 49 17 40 
5 44 29 31 17 4 21 9 39 4 39 40 0 36 12 20 41 21 23 4 48 22 11 23 33 44 3 25 20 
20 7 25 38 25 15 27 27 35 21 35 50 7 0 39 45 26 37 17 23 32 28 6 14 43 45 20 18 45 
21 46 38 14 30 2 40 33 29 1 16 21 35 44 0 7 1 39 5 42 34 16 48 47 28 31 44 42 15 
43 33 44 6 47 33 6 39 33 21 21 5 50 13 47 0 36 2 2 47 34 49 13 4 41 28 35 29 23 
50 11 34 36 10 25 40 47 8 10 24 3 38 18 18 19 0 34 37 35 3 2 11 26 29 47 9 16 31 
29 4 28 13 4 34 40 23 38 35 46 25 23 50 28 42 29 0 45 46 32 45 36 7 42 1 26 21 39 
35 5 40 1 10 10 19 5 32 12 49 5 29 46 32 49 41 10 0 30 3 34 35 1 2 13 35 36 43 
47 37 13 28 13 1 39 33 46 45 16 14 31 24 11 17 47 42 4 0 50 5 9 1 41 46 19 6 1 
4 38 39 26 25 27 8 45 50 21 42 28 7 49 4 47 45 17 22 10 0 24 34 6 22 32 36 38 39 
37 22 33 45 46 39 29 8 7 41 39 5 16 16 18 27 50 26 44 6 5 0 4 47 30 47 46 27 20 
33 17 44 40 39 20 8 28 39 48 33 18 20 46 41 5 28 18 44 8 16 29 0 22 6 42 33 34 33 
25 3 49 50 13 10 26 40 47 50 16 47 8 40 39 3 44 26 37 9 14 43 2 0 29 3 19 4 4 
46 39 48 7 36 25 4 36 49 33 6 11 21 1 9 29 3 48 1 26 41 20 12 17 0 47 26 20 33 
2 20 48 44 6 22 45 8 3 10 11 34 37 3 4 12 21 26 38 14 35 24 27 5 19 0 28 13 26 
27 31 11 11 6 22 34 30 36 12 6 49 7 1 26 43 37 17 40 38 16 1 47 21 38 6 0 48 29 
44 44 26 28 10 19 31 23 50 1 28 16 20 25 26 9 20 40 7 34 49 34 18 2 39 25 11 0 27 
35 40 23 50 24 6 36 43 37 29 40 39 20 4 44 37 40 25 19 42 25 38 2 49 50 14 31 10 0 
26 0 24 39 35 9 5 38 10 29 28 42 14 39 34 23 42 50 19 15 45 41 32 13 14 6 19 2 47 
39 24 0 1 11 26 27 17 13 40 5 31 15 16 34 8 12 34 6 3 42 16 11 49 32 50 36 19 45 
12 25 29 0 40 4 41 22 5 28 32 38 13 18 10 2 46 38 50 30 8 24 1 31 1 17 11 32 28 
26 20 11 41 0 8 23 1 15 26 42 12 26 12 4 35 3 18 41 24 6 9 4 44 1 7 12 21 12 
45 29 24 43 10 0 45 30 9 21 48 5 46 10 37 20 47 38 4 46 21 17 29 33 26 37 26 19 22 
26 11 34 46 2 39 0 21 48 18 19 17 18 25 26 32 20 37 29 47 23 35 47 13 3 17 1 46 16 
46 48 7 34 26 8 33 0 10 14 9 44 21 16 22 29 19 38 29 46 41 47 13 40 8 30 47 37 29 
49 32 30 1 44 6 2 21 0 13 33 43 17 44 22 7 28 35 26 8 13 18 44 15 39 5 6 19 34 
9 49 4 30 21 4 12 33 29 0 44 28 11 21 9 7 6 36 30 47 26 7 12 23 5 39 25 12 5 
17 42 47 38 37 18 12 14 29 13 0 46 40 11 24 49 42 49 47 42 9 37 10 3 26 9 44 27 48 
26 50 41 47 43 7 17 38 47 40 24 0 3 47 44 27 24 34 8 15 34 13 32 7 42 33 3 19 8 
39 21 30 43 42 15 38 29 23 50 47 4 0 8 12 45 9 24 40 12 44 33 30 42 1 29 44 35 45 
44 49 14 41 39 10 49 26 10 32 12 33 6 0 48 1 34 12 12 27 2 37 48 19 44 41 25 25 10 
30 29 15 48 31 43 36 25 36 6 16 49 13 20 0 49 42 28 30 38 36 29 9 39 18 18 34 9 47 
30 21 1 14 35 40 47 32 17 14 3 13 13 27 48 0 6 47 28 39 18 49 27 16 11 38 39 31 21 
40 48 31 47 35 40 45 16 6 2 14 24 23 18 26 15 0 28 25 24 3 11 34 21 40 45 42 48 3 
6 40 27 46 9 26 42 20 34 6 29 23 32 33 1 45 15 0 16 45 32 2 2 33 13 16 29 11 7 
27 41 2 43 42 42 11 16 25 18 15 47 27 6 31 23 47 1 0 21 29 33 26 26 30 47 17 1 4 
7 15 31 31 16 35 44 43 4 36 32 40 23 35 21 48 2 49 5 0 47 21 11 16 16 8 33 25 1 
16 23 46 26 42 7 9 11 38 34 32 43 13 38 19 11 20 31 7 48 0 6 29 28 49 12 5 34 46 
50 15 24 34 11 44 27 31 40 6 49 16 27 10 10 18 17 13 35 33 43 0 5 47 28 26 27 45 38 
45 47 15 37 24 13 12 24 11 48 32 20 11 38 21 14 32 41 22 47 19 11 0 33 49 21 1 4 45 
18 46 8 34 49 40 37 43 41 13 43 14 49 37 8 20 32 16 22 5 34 33 46 0 36 5 49 20 35 
15 16 17 24 10 18 6 15 41 48 21 22 2 28 23 20 49 9 48 33 4 13 18 6 0 29 49 11 35 
1 22 30 1 20 2 29 25 46 20 4 32 31 43 29 34 45 1 4 6 10 26 38 47 1 0 38 32 3 
49 11 45 11 7 21 15 19 19 21 2 50 50 49 25 29 5 17 2 11 35 35 11 29 46 5 0 26 26 
35 33 50 33 21 27 27 35 25 43 25 11 29 11 15 25 49 4 7 12 2 9 42 35 36 21 18 0 15 
50 17 16 3 46 39 35 37 21 19 30 24 22 40 5 12 42 41 33 24 20 37 30 42 49 14 25 26 0 
41 0 16 47 50 9 12 35 8 28 23 15 40 27 28 4 30 25 33 40 12 5 31 43 46 38 45 45 14 
37 24 0 4 33 15 9 46 6 23 30 16 10 5 47 35 20 26 43 48 43 34 1 18 16 24 13 22 11 
24 2 13 0 14 18 22 22 4 19 33 25 18 33 49 8 45 17 31 8 8 46 24 20 45 47 3 30 37 
7 39 10 3 0 38 36 33 21 18 2 43 33 26 31 1 44 18 31 10 36 44 24 50 44 5 15 15 50 
33 18 18 16 43 0 35 48 31 24 23 31 47 16 37 28 15 38 25 32 16 23 27 27 17 43 45 43 33 
39 16 48 23 22 33 0 39 1 35 28 41 41 34 21 20 46 50 14 20 7 47 35 6 31 33 50 28 6 
41 1 23 48 43 15 42 0 8 25 8 26 34 49 27 30 11 34 41 32 3 8 32 17 30 25 37 37 5 
11 18 41 22 6 33 10 35 0 5 44 49 20 29 12 21 43 38 36 9 20 5 45 47 43 18 25 49 9 
35 44 23 7 28 38 47 8 18 0 4 29 16 17 46 7 41 42 13 24 46 11 24 43 40 29 18 50 17 
22 48 5 31 35 1 1 12 21 43 0 42 42 15 14 26 34 8 43 3 9 38 6 1 6 2 3 49 11 
1 34 29 11 38 31 37 20 50 49 32 0 16 46 46 21 50 21 32 31 48 49 9 32 36 15 42 29 16 
48 50 29 32 3 40 11 37 15 32 5 35 0 28 7 34 10 12 37 13 43 36 1 35 20 22 2 12 43 
2 43 46 46 2 21 22 1 20 50 14 6 36 0 34 36 40 28 47 20 43 26 23 24 29 29 37 30 47 
15 10 10 2 29 19 36 22 37 9 33 7 35 34 0 41 13 24 8 8 2 16 46 43 25 32 20 17 30 
19 17 18 16 41 25 36 10 40 12 28 17 49 14 3 0 19 15 14 9 43 33 12 5 22 29 29 32 20 
18 36 21 10 2 6 3 20 42 17 16 10 48 31 23 12 0 30 41 4 3 43 24 11 19 11 25 48 8 
12 47 38 13 44 17 43 5 42 19 16 43 11 34 28 49 48 0 49 45 2 39 44 42 39 25 29 28 44 
25 3 49 27 9 46 8 45 30 3 16 32 39 19 21 12 26 11 0 43 10 46 13 21 13 31 46 19 19 
5 50 39 16 39 49 30 40 20 39 35 15 26 33 19 45 34 14 14 0 20 23 31 13 15 37 19 49 13 
32 37 47 13 27 40 41 31 15 50 43 41 40 31 42 37 26 28 35 13 0 44 26 29 17 33 50 46 25 
37 25 30 21 1 17 8 34 43 23 39 36 43 39 31 34 22 23 31 43 39 0 27 39 9 35 36 19 7 
8 31 30 28 44 16 45 41 21 22 41 23 24 8 44 4 40 49 20 6 46 46 0 46 10 19 4 36 10 
36 22 37 15 49 2 26 13 43 11 42 28 45 40 14 50 33 9 19 32 33 35 19 0 36 16 14 11 13 
35 20 9 41 31 35 5 50 36 26 25 22 32 32 12 30 7 43 12 6 33 47 27 11 0 35 5 28 2 
3 2 49 35 41 14 28 23 2 2 47 10 36 14 14 8 35 47 50 1 24 40 29 23 2 0 6 31 39 
43 49 6 27 8 4 47 35 27 40 32 19 5 39 28 6 46 2 20 19 33 20 27 38 5 27 0 29 13 
23 27 33 35 34 40 30 4 46 21 3 33 17 30 31 45 16 31 47 35 13 24 28 1 36 13 6 0 24 
23 18 22 32 25 34 13 1 7 47 36 15 9 24 10 26 50 38 2 4 39 32 23 24 30 44 1 49 0 
49 0 33 49 21 34 7 32 28 50 22 8 34 18 31 38 20 46 33 26 39 14 2 1 49 11 3 35 41 
46 48 0 2 32 34 14 2 25 48 15 32 3 43 33 26 29 30 19 36 9 44 3 29 48 18 12 36 48 
33 1 10 0 31 23 41 32 2 20 27 50 5 29 14 22 32 2 24 47 31 26 23 19 43 18 26 47 44 
20 5 14 22 0 28 5 43 47 5 1 31 2 1 25 9 4 19 32 31 30 31 48 47 45 15 5 22 11 
32 18 14 47 45 0 39 33 15 14 28 27 25 22 25 27 1 44 46 30 2 14 15 24 36 46 18 13 22 
9 19 8 24 34 33 0 16 38 37 34 8 13 42 44 41 41 6 7 9 6 21 46 2 19 25 20 47 18 
44 28 2 27 26 12 7 0 45 21 4 41 40 10 40 14 10 39 18 11 20 25 34 31 40 9 7 1 13 
18 39 49 15 36 48 44 10 0 33 31 37 31 38 47 21 3 16 19 46 32 32 42 31 8 9 28 44 11 
48 12 19 20 11 44 28 33 5 0 26 5 13 46 5 28 9 31 31 33 28 13 29 24 41 11 20 32 26 
9 41 7 9 5 34 12 21 12 18 0 20 44 20 38 48 40 15 34 36 28 14 22 27 28 45 16 48 20 
38 28 9 41 13 2 25 15 20 47 8 0 13 44 7 47 14 11 39 9 25 32 35 27 27 35 4 13 37 
15 29 14 40 36 42 34 35 9 30 32 18 0 14 34 20 19 27 24 35 7 25 14 17 7 7 23 39 4 
2 32 7 9 39 38 50 42 33 19 27 2 24 0 13 5 32 8 41 12 49 15 8 1 11 20 6 12 1 
12 7 33 13 4 31 33 27 23 23 30 26 34 29 0 36 9 47 33 33 13 10 36 50 17 12 41 39 44 
32 46 40 34 27 50 30 26 36 14 48 44 30 28 10 0 35 12 36 15 37 23 43 15 37 23 50 41 27 
8 17 2 14 42 40 46 28 34 46 50 34 49 10 23 33 0 36 40 33 33 26 15 5 27 26 3 22 40 
31 3 11 27 9 4 19 20 13 35 3 41 33 33 2 16 36 0 32 38 13 20 33 2 34 17 9 1 43 
12 25 39 40 18 6 47 31 35 23 25 46 42 3 20 1 38 42 0 50 44 14 39 41 44 15 9 20 49 
2 28 10 50 3 26 8 38 46 13 23 27 36 21 31 14 7 43 22 0 17 13 1 47 26 10 7 30 23 
35 45 26 10 36 48 30 8 14 25 43 16 45 32 6 25 19 23 8 43 0 8 28 37 22 37 3 36 1 
32 35 41 46 47 35 4 2 38 14 42 39 42 24 1 33 50 7 22 32 46 0 22 7 37 49 37 16 8 
8 4 24 33 12 30 26 29 34 48 19 11 29 5 38 6 32 20 2 35 28 5 0 22 31 31 5 6 11 
29 5 47 11 20 46 44 34 40 9 27 13 48 22 49 3 38 12 4 42 34 1 5 0 30 36 31 31 4 
32 44 2 8 24 16 1 30 1 9 41 33 11 5 17 24 43 40 37 6 7 20 43 19 0 2 14 27 28 
1 18 25 40 16 41 2 47 7 20 39 33 21 20 2 29 22 21 31 30 35 32 37 46 45 0 25 47 13 
1 33 6 11 39 24 30 34 34 1 17 21 4 20 17 24 1 5 35 38 19 14 48 31 34 48 0 43 19 
31 29 45 41 44 39 46 25 15 29 44 48 40 19 45 21 4 10 26 16 16 14 46 41 40 10 45 0 38 
36 25 27 42 31 11 3 5 7 27 28 15 24 43 10 23 11 38 48 1 19 27 28 24 22 28 4 18 0 
34 0 5 2 35 45 9 39 40 2 3 18 30 16 41 15 28 33 12 42 24 5 23 30 3 12 45 19 10 
48 4 0 20 3 8 36 22 2 25 43 20 16 4 20 22 9 21 19 35 29 12 50 41 11 37 30 14 12 
26 49 23 0 1 41 30 42 48 33 15 22 31 20 14 3 40 42 26 20 35 1 22 33 44 10 40 49 49 
13 10 17 28 0 22 10 26 27 21 20 26 25 29 24 26 6 47 5 10 48 47 1 19 11 11 30 11 5 
17 30 42 1 32 0 44 36 24 48 44 9 10 38 27 20 23 1 46 6 27 46 27 47 5 30 1 3 12 
42 6 18 43 49 22 0 10 42 29 25 44 36 39 3 8 3 47 1 11 20 32 46 11 15 24 35 10 40 
33 37 21 31 41 24 32 0 43 27 16 12 17 17 29 45 27 3 21 39 43 19 45 9 30 41 33 31 46 
46 4 20 15 13 21 10 42 0 4 13 45 15 21 16 27 31 39 44 3 3 1 35 13 3 46 17 21 38 
28 41 41 9 44 36 48 23 47 0 47 4 47 20 3 23 40 27 25 23 4 18 28 42 47 30 28 45 11 
41 17 19 46 50 22 15 13 22 36 0 21 35 18 4 35 42 40 7 34 49 12 24 27 22 45 18 21 1 
50 45 29 17 42 37 33 30 28 9 48 0 49 39 10 18 41 4 38 37 15 43 50 7 24 45 47 50 18 
40 48 2 32 2 14 14 28 8 5 44 31 0 22 5 15 32 9 35 10 2 6 37 19 8 32 6 8 1 
38 6 22 45 38 16 41 31 7 16 48 26 47 0 40 34 49 44 6 44 39 36 25 15 10 37 48 12 4 
30 45 1 46 6 13 40 2 34 50 44 6 15 34 0 26 44 38 35 6 16 4 20 14 27 13 20 16 13 
41 13 8 40 4 37 1 13 15 2 20 34 50 32 16 0 45 12 38 24 2 50 21 22 3 42 46 1 10 
31 25 33 37 48 28 12 21 42 4 3 29 33 13 29 37 0 16 22 16 22 5 20 15 26 47 15 14 20 
41 6 48 8 37 42 32 41 20 34 37 23 21 45 3 8 35 0 46 19 37 43 36 37 20 31 29 5 12 
10 7 40 34 14 42 31 37 6 45 42 42 32 39 17 32 36 43 0 2 11 17 7 41 1 46 27 28 6 
19 28 28 9 37 20 31 13 44 4 9 30 15 17 2 41 4 28 6 0 4 19 6 35 38 27 45 46 4 
17 40 38 38 14 25 18 28 18 34 5 12 8 5 39 33 34 23 47 50 0 5 1 48 18 22 24 38 14 
44 40 32 43 25 28 47 5 16 22 17 40 49 24 23 21 23 44 47 15 17 0 2 4 4 48 46 49 16 
42 20 17 40 38 5 35 28 2 13 38 30 8 35 18 13 7 8 2 31 28 27 0 46 28 28 24 47 42 
37 28 45 30 30 31 13 46 6 27 3 45 40 46 19 10 7 17 7 33 35 42 48 0 41 44 18 39 16 
25 39 12 15 8 43 42 24 19 8 1 28 22 22 7 30 6 7 42 32 8 36 22 11 0 17 15 7 45 
31 4 36 12 43 48 22 18 15 38 37 48 5 45 42 49 16 30 11 14 35 18 36 37 27 0 7 8 39 
17 2 48 44 36 47 44 15 23 40 35 25 1 40 16 18 21 45 28 14 45 24 45 38 4 44 0 11 13 
18 49 35 37 40 33 1 14 40 44 12 9 1 28 27 27 45 37 13 45 3 19 17 33 29 45 45 0 44 
7 10 40 42 36 32 47 24 5 48 35 19 40 2 28 27 33 20 13 18 47 18 43 18 32 16 10 50 0 
32 0 3 9 46 38 7 7 31 5 20 23 20 31 3 23 48 2 45 6 1 41 41 50 10 32 28 47 39 
18 23 0 11 21 22 48 43 2 40 40 31 33 46 48 23 14 48 43 37 45 46 46 16 37 11 10 9 42 
3 49 14 0 11 11 19 13 32 10 3 49 34 11 21 8 13 15 23 6 44 19 37 13 40 41 3 44 22 
7 24 10 13 0 39 2 50 41 26 21 23 27 35 41 5 45 45 4 34 25 38 4 23 38 4 16 23 17 
37 25 20 9 25 0 42 26 36 43 37 46 10 22 17 37 45 1 29 9 29 33 18 46 38 19 19 34 4 
2 22 9 23 29 34 0 5 2 1 14 3 44 16 19 3 8 9 25 4 21 17 29 37 25 7 45 34 20 
30 32 40 6 8 22 34 0 21 28 23 32 39 13 36 44 37 27 16 13 14 15 38 30 45 16 13 37 24 
36 35 17 34 50 35 23 20 0 25 47 36 44 36 32 31 37 44 15 9 32 35 50 49 41 32 20 5 42 
3 46 41 45 35 11 36 43 6 0 48 39 29 13 25 13 30 31 20 29 33 7 43 2 1 5 6 39 36 
37 26 3 30 30 31 17 30 7 42 0 9 25 47 38 31 46 27 30 19 11 38 19 11 13 42 23 36 10 
45 40 40 30 22 1 7 31 46 9 49 0 33 8 34 24 40 12 5 36 19 13 6 25 25 38 29 48 19 
15 41 39 8 46 8 36 17 2 29 3 47 0 32 50 1 18 32 37 3 5 45 22 1 38 37 17 47 39 
16 15 43 44 3 39 16 6 20 41 37 1 48 0 8 38 33 2 40 38 13 6 7 44 1 27 44 25 43 
40 2 22 30 11 47 1 37 37 10 45 43 34 45 0 48 41 50 2 7 37 35 19 36 47 29 35 34 10 
22 42 18 9 15 24 17 19 20 8 41 2 7 2 47 0 42 45 45 29 11 9 3 2 25 37 38 9 21 
16 25 1 26 14 42 15 45 43 36 29 11 29 30 22 42 0 11 6 31 33 23 44 2 34 6 23 1 19 
40 43 22 28 15 46 3 45 8 16 38 15 37 2 50 10 17 0 18 32 30 32 11 14 32 7 27 49 22 
23 17 21 41 42 46 6 50 14 2 46 34 27 27 34 46 18 17 0 46 22 44 43 18 38 42 22 38 29 
29 41 21 39 48 31 23 42 46 48 23 41 47 1 46 15 22 49 3 0 5 28 19 14 41 31 28 28 30 
49 33 49 21 9 27 21 24 32 8 37 47 5 43 1 21 44 5 25 44 0 48 4 16 44 19 34 2 11 
27 30 9 20 3 43 43 13 49 3 33 21 31 23 34 15 12 7 50 35 18 0 44 48 26 3 35 33 46 
17 6 2 26 25 10 47 2 50 17 44 13 50 38 22 41 23 5 14 25 21 2 0 32 13 34 17 43 33 
32 33 18 19 10 48 46 43 2 8 47 21 26 32 16 46 13 38 36 30 22 8 4 0 49 22 9 25 16 
25 39 42 8 17 14 20 18 50 26 4 3 42 30 40 15 9 43 49 40 36 36 1 47 0 32 14 12 25 
29 19 47 1 23 31 19 13 16 39 4 12 12 49 46 38 34 33 39 43 19 39 41 29 10 0 36 30 39 
39 46 26 4 3 46 39 31 29 3 30 12 12 27 50 20 39 37 28 38 40 13 13 50 26 19 0 7 40 
29 19 42 37 1 30 25 20 14 1 10 17 10 16 9 31 4 27 32 42 40 21 40 23 9 43 49 0 26 
34 27 29 35 39 49 3 11 12 44 11 32 3 30 7 39 28 12 28 25 5 32 47 49 38 16 1 9 0 
29 0 20 29 9 31 49 37 38 22 26 28 12 13 49 20 11 16 50 40 10 15 1 45 47 15 24 22 2 
31 31 0 47 24 49 45 32 43 15 3 1 4 43 19 18 3 35 17 12 6 13 36 33 38 27 41 44 28 
25 33 45 0 8 27 36 8 42 29 4 14 19 17 28 46 14 50 36 18 46 34 42 13 49 12 16 39 45 
48 10 48 8 0 1 5 18 33 9 44 28 8 12 27 25 31 3 44 40 36 41 20 39 41 24 48 45 33 
20 47 46 11 48 0 13 44 19 7 6 19 13 10 14 6 6 9 10 34 7 18 33 46 19 27 4 4 29 
22 7 35 3 10 36 0 13 12 49 17 10 50 33 6 24 47 25 27 26 27 14 33 33 14 14 38 15 38 
1 27 34 45 9 15 48 0 50 22 16 4 25 2 44 8 42 50 35 24 13 9 49 44 1 28 28 15 40 
24 21 40 22 21 25 12 22 0 33 16 41 19 8 25 26 10 24 2 26 21 25 42 14 29 14 3 30 3 
33 34 17 32 50 9 26 2 27 0 32 5 27 33 37 10 35 45 6 5 35 24 35 27 26 2 45 15 33 
7 11 9 18 45 10 39 49 49 9 0 19 50 49 24 34 43 48 49 39 38 32 30 35 8 48 46 29 49 
7 41 30 6 44 44 45 17 23 37 33 0 23 48 11 36 37 38 6 36 50 2 35 29 4 7 28 2 28 
27 1 20 50 31 41 43 9 29 13 6 6 0 30 18 20 11 17 16 41 21 45 48 20 43 10 29 48 23 
13 27 49 17 42 18 40 23 17 33 43 8 19 0 28 8 26 50 31 21 34 16 19 37 42 37 31 33 29 
31 28 40 3 43 21 46 2 15 40 14 13 28 48 0 44 34 24 33 3 18 41 45 43 29 9 14 7 45 
41 8 30 12 35 12 42 40 44 41 15 49 32 6 11 0 11 18 9 7 19 25 3 19 5 28 16 38 37 
35 11 44 30 14 2 12 8 10 3 28 16 6 4 41 33 0 19 5 37 36 34 33 12 1 7 39 20 39 
39 26 34 20 24 6 6 33 47 36 36 30 45 4 1 16 31 0 41 13 21 12 36 37 24 30 3 3 3 
50 44 23 25 33 24 19 35 19 9 43 1 49 9 37 33 20 7 0 42 30 32 47 20 16 27 49 27 3 
39 10 41 22 3 4 33 3 13 11 48 21 35 17 47 22 49 13 23 0 3 50 4 5 23 12 23 21 3 
24 7 48 34 47 16 46 10 19 21 48 46 26 34 21 9 10 21 45 15 0 1 49 18 15 27 25 4 36 
5 18 10 30 33 31 30 6 14 15 25 20 21 37 4 29 15 27 27 16 33 0 47 14 42 28 6 3 26 
40 34 7 23 13 11 5 1 12 19 13 46 5 16 46 46 46 26 45 14 45 40 0 1 1 48 39 3 9 
5 19 2 27 28 4 16 30 8 3 7 11 33 3 18 46 14 32 11 18 2 18 46 0 2 12 40 31 1 
34 7 25 24 8 46 47 43 17 37 19 2 50 16 38 44 20 34 31 43 23 5 37 17 0 28 35 8 37 
23 50 15 39 23 15 47 2 28 34 3 37 6 25 30 28 14 10 18 36 30 3 33 28 9 0 39 29 29 
21 9 47 23 39 10 21 17 22 30 29 35 19 37 17 37 32 45 37 48 25 9 4 19 18 22 0 7 21 
17 37 31 35 36 18 32 19 37 31 48 47 5 14 6 34 31 34 17 44 36 47 47 15 2 32 4 0 12 
6 28 6 17 3 50 50 35 50 45 49 1 6 48 50 1 47 41 44 12 3 20 39 34 6 14 35 21 0 
41 0 17 33 5 15 20 14 10 25 32 44 5 14 22 35 36 35 16 39 39 48 46 18 11 38 43 9 36 
40 22 0 12 40 16 30 45 34 12 44 37 36 35 40 27 16 47 39 48 32 36 3 50 40 25 47 23 45 
49 23 18 0 22 11 28 20 3 20 5 40 35 27 2 25 41 29 3 4 8 20 3 14 49 45 28 1 37 
22 23 15 20 0 8 1 35 40 27 16 25 8 21 24 46 43 50 14 6 34 29 10 11 23 43 15 25 46 
9 19 28 34 27 0 33 31 48 40 20 28 26 17 35 14 14 29 46 38 46 8 22 49 31 23 17 9 13 
12 43 27 43 26 40 0 32 9 39 42 31 38 43 49 4 30 37 30 18 44 46 48 44 47 27 30 38 38 
20 47 12 11 25 19 36 0 47 44 35 1 28 4 6 26 37 16 1 3 10 18 19 45 43 50 15 17 14 
49 30 17 47 2 44 39 43 0 30 21 13 25 13 7 37 2 30 41 41 41 23 8 32 26 27 29 20 1 
2 19 11 10 2 23 49 14 19 0 4 26 10 18 33 7 45 38 28 47 12 33 43 14 10 25 26 42 42 
48 41 20 23 25 38 41 12 11 4 0 23 41 9 23 34 26 15 31 24 40 1 38 38 49 33 9 19 9 
5 2 35 27 31 7 16 28 34 3 36 0 30 43 46 35 35 6 7 4 10 10 39 45 45 3 3 42 11 
3 21 41 16 19 33 8 9 19 47 10 2 0 7 6 42 12 45 44 48 6 4 4 44 26 6 10 50 17 
7 41 24 29 16 6 26 13 13 21 11 11 39 0 26 16 9 48 2 3 4 47 33 50 9 6 37 8 49 
28 16 11 10 34 41 2 29 23 32 36 2 31 30 0 50 25 33 37 17 28 39 35 29 4 7 46 21 25 
41 15 24 30 49 27 36 47 11 2 27 48 24 38 36 0 16 17 2 23 18 33 26 26 19 20 30 11 43 
37 7 3 38 21 28 38 9 9 7 4 5 44 3 15 32 0 11 20 5 2 49 13 38 6 23 3 42 16 
39 5 11 19 16 43 10 4 49 40 27 46 50 28 8 10 49 0 19 24 30 12 45 9 50 26 10 45 25 
19 48 16 18 37 23 20 4 46 35 40 2 43 11 34 22 43 9 0 2 21 6 28 7 5 30 12 4 45 
47 11 43 6 49 36 35 1 24 9 10 28 9 4 14 14 30 23 37 0 1 12 38 7 18 9 24 19 42 
41 12 39 25 19 25 7 36 42 34 3 8 26 33 48 35 49 25 13 2 0 14 44 26 8 25 4 34 10 
4 26 48 26 17 44 10 13 21 36 10 35 47 29 23 46 20 30 25 29 40 0 23 20 35 12 17 28 48 
37 31 50 16 42 48 33 16 36 28 41 33 23 36 14 14 15 28 5 36 21 30 0 38 46 29 5 21 31 
7 14 15 1 16 13 26 40 36 44 44 50 47 7 10 42 40 43 6 5 10 6 20 0 34 12 43 28 8 
43 5 37 37 27 2 10 23 14 41 17 11 10 24 28 21 35 6 40 15 20 47 6 37 0 50 16 22 1 
45 31 39 24 35 19 47 31 8 7 23 45 47 38 29 49 26 46 45 36 28 49 49 7 3 0 13 38 47 
49 1 38 11 31 9 28 33 3 43 26 41 28 48 14 28 33 45 18 32 19 7 11 4 22 36 0 23 47 
33 32 22 23 32 50 32 7 20 12 15 39 10 46 47 34 20 4 9 31 35 21 25 9 46 6 29 0 42 
41 34 40 45 36 32 1 21 22 4 10 28 16 8 9 21 31 30 22 23 11 27 35 18 28 43 12 13 0 
7 0 14 27 26 22 40 17 37 23 20 3 29 46 26 13 16 45 31 16 28 13 5 28 17 34 6 32 14 
49 23 0 18 44 21 39 15 8 27 35 7 26 41 22 48 12 27 44 28 35 15 19 23 47 28 35 50 3 
36 11 42 0 16 9 3 39 1 2 9 8 7 12 5 40 11 25 40 37 41 7 17 40 41 29 47 50 30 
50 22 17 37 0 39 12 23 17 43 41 18 39 34 48 10 19 36 21 24 11 30 13 22 38 48 9 47 20 
22 2 37 12 3 0 9 1 31 42 22 19 50 33 23 18 34 23 48 8 9 7 21 5 8 24 39 50 37 
50 30 39 30 16 3 0 45 42 4 6 36 25 48 29 27 15 3 24 29 7 46 38 16 50 2 38 13 1 
48 30 38 14 9 14 32 0 13 34 39 35 30 28 27 30 17 12 33 12 29 44 40 5 1 11 43 42 12 
14 39 29 28 41 45 45 25 0 18 22 17 34 47 15 31 15 40 49 29 20 8 49 38 20 27 34 7 8 
25 38 4 16 23 20 49 45 11 0 7 40 34 32 6 49 41 16 28 32 30 9 41 11 12 14 23 5 16 
1 10 2 7 38 37 1 30 19 1 0 12 28 17 37 4 33 10 46 38 3 1 48 4 50 3 28 49 34 
27 42 2 50 16 34 44 2 6 34 46 0 46 5 19 22 16 17 5 14 23 38 29 3 19 36 2 15 4 
7 3 4 11 39 17 3 28 50 12 12 33 0 43 3 28 27 50 42 48 32 27 38 33 49 15 27 47 49 
39 34 15 14 19 41 46 4 30 36 7 39 16 0 45 16 6 43 31 30 35 1 27 19 44 5 34 28 19 
20 6 46 13 21 5 39 17 47 49 15 3 8 25 0 47 14 36 10 16 32 22 28 6 35 47 12 49 13 
15 22 10 36 14 28 34 24 40 45 18 12 7 50 10 0 44 16 27 27 27 30 6 9 46 18 46 47 43 
50 12 16 9 7 26 2 25 40 30 40 31 41 24 25 41 0 42 5 26 22 19 12 19 20 35 22 34 10 
14 14 19 18 31 42 24 29 29 9 6 31 49 35 5 37 38 0 47 37 6 31 18 4 13 20 25 25 39 
44 47 24 35 42 43 12 26 12 22 50 49 50 46 12 33 49 46 0 24 34 8 32 33 39 35 29 29 46 
11 6 48 7 17 36 36 33 36 21 40 6 23 29 26 16 47 38 6 0 36 6 21 15 25 1 41 31 12 
15 36 1 14 15 16 16 7 25 43 32 15 11 30 48 29 6 19 12 29 0 7 17 42 48 23 44 41 40 
41 24 7 27 5 24 19 50 21 26 41 8 14 20 42 5 6 42 25 27 23 0 37 19 32 30 3 5 48 
44 3 41 22 26 26 16 1 37 6 10 37 11 48 8 31 28 4 15 37 25 38 0 42 31 19 14 18 5 
5 25 48 3 20 21 7 18 36 20 33 39 5 41 19 1 33 38 16 25 29 39 5 0 26 38 18 23 7 
12 11 3 12 9 11 47 12 9 7 18 40 42 41 46 9 22 27 33 35 19 42 49 32 0 48 43 27 16 
21 22 15 2 49 50 7 25 17 21 31 44 44 7 42 26 20 27 33 39 44 47 4 12 36 0 39 38 21 
12 22 14 16 35 32 42 37 42 17 42 43 34 21 42 2 46 40 41 13 50 23 12 22 10 38 0 22 25 
18 4 17 10 12 36 14 45 7 15 10 13 16 6 34 4 35 41 5 24 5 3 16 46 49 26 21 0 39 
11 42 7 47 10 17 20 39 1 33 31 49 8 47 45 32 31 28 47 45 40 8 38 20 34 49 20 15 0 
38 0 21 11 37 16 25 35 16 8 13 4 49 36 46 4 3 10 7 17 8 9 35 16 22 29 27 50 3 
5 38 0 14 11 48 5 2 30 22 45 33 33 13 30 24 18 25 48 9 44 5 36 10 27 33 12 7 4 
5 40 8 0 39 25 32 11 21 49 43 2 32 45 24 31 16 24 34 46 30 11 49 48 32 18 6 49 20 
29 38 29 36 0 49 49 26 33 37 45 8 32 19 4 20 32 47 28 50 32 5 44 4 49 17 27 43 7 
42 27 21 20 34 0 42 43 11 14 16 34 47 48 48 29 30 26 15 12 8 29 16 36 41 6 18 15 35 
35 31 20 22 6 20 0 42 11 24 39 48 28 12 9 18 31 44 4 34 8 15 24 23 3 16 36 28 26 
41 31 14 16 27 8 27 0 34 47 12 41 29 7 19 6 38 17 34 46 21 49 6 47 3 34 8 20 11 
9 18 6 21 42 16 20 44 0 26 33 1 4 32 35 34 33 14 6 1 47 19 36 36 32 40 8 28 36 
34 11 32 19 39 17 26 30 7 0 21 37 41 49 13 12 35 33 43 39 14 22 15 39 29 7 23 43 23 
32 24 31 35 38 35 11 15 1 33 0 15 16 10 4 26 43 19 11 49 6 24 2 50 47 20 15 14 19 
22 4 13 16 24 3 49 33 40 3 4 0 15 3 47 35 1 28 23 5 19 39 46 11 47 25 37 50 30 
25 34 15 24 21 42 43 47 21 50 43 8 0 6 44 4 16 7 34 4 28 18 49 20 47 10 46 30 26 
44 16 41 37 4 19 8 6 38 30 45 12 4 0 38 31 29 31 48 14 46 43 45 40 42 34 22 13 27 
15 19 14 25 12 18 4 5 9 6 5 37 36 48 0 28 27 40 43 24 31 19 41 17 13 33 35 34 49 
26 50 3 32 7 32 42 20 17 20 50 37 34 26 20 0 25 43 27 11 46 17 14 2 42 48 33 9 24 
2 1 42 28 34 6 29 10 3 23 31 4 7 8 11 20 0 43 38 47 43 22 42 20 7 24 39 32 13 
48 12 34 25 24 18 19 16 29 23 3 29 48 11 22 21 47 0 8 39 9 3 33 50 11 36 16 3 10 
32 36 4 46 24 17 12 42 40 6 30 39 40 46 42 20 35 19 0 46 12 21 50 10 17 50 24 11 16 
13 23 39 8 16 9 35 44 20 8 5 31 49 31 31 41 28 1 19 0 8 42 30 26 17 21 41 40 32 
26 37 47 1 6 46 30 17 18 22 23 32 12 48 1 28 14 15 13 41 0 20 19 40 49 5 4 25 33 
47 22 38 26 19 3 18 33 12 5 26 4 1 14 24 6 28 38 47 44 30 0 49 4 7 29 50 13 7 
48 48 46 3 21 47 20 46 35 48 13 9 30 18 17 9 40 10 40 6 46 34 0 22 17 7 32 4 49 
19 32 47 20 41 12 36 14 9 23 33 4 44 29 22 31 25 38 14 12 33 45 18 0 20 10 7 12 14 
27 30 46 40 44 22 28 4 1 44 19 19 33 3 1 17 27 36 12 18 13 42 42 20 0 18 43 16 24 
15 28 10 34 1 22 38 30 27 44 11 22 2 19 30 32 20 46 29 30 45 1 43 24 46 0 45 2 35 
38 27 22 1 6 4 40 24 34 35 19 12 15 21 41 34 26 40 17 45 12 10 1 23 14 36 0 30 15 
36 37 39 6 20 4 43 50 23 11 17 48 29 7 49 35 27 18 16 25 10 10 49 6 28 8 23 0 28 
27 49 37 20 25 26 38 48 47 13 42 12 29 41 12 16 24 19 16 6 12 16 46 47 21 5 5 27 0 
38 0 34 28 12 31 15 24 24 24 47 24 4 19 2 39 15 26 5 46 19 49 34 32 10 43 18 17 12 
3 41 0 50 20 21 12 10 14 35 30 32 14 18 38 43 28 46 12 38 10 28 32 21 17 10 36 28 5 
2 19 20 0 14 49 13 21 33 47 4 34 7 43 26 30 47 23 33 2 11 41 4 15 32 30 7 34 22 
21 34 11 35 0 34 5 12 16 11 19 16 5 18 10 32 42 29 31 18 3 2 25 44 27 35 18 14 48 
5 39 34 43 29 0 50 13 14 44 49 24 38 14 14 36 5 18 47 43 32 23 23 3 49 39 32 20 46 
40 34 1 16 42 14 0 12 22 35 23 27 19 48 18 49 30 8 31 39 38 39 40 10 38 25 33 26 33 
36 35 4 47 31 17 24 0 11 48 8 47 1 3 14 20 45 21 25 35 5 25 24 42 8 44 32 7 1 
24 14 41 9 39 30 37 1 0 19 30 38 31 44 39 33 50 35 39 36 25 20 16 18 1 48 21 8 13 
43 47 4 49 10 24 37 34 17 0 38 13 24 28 20 26 41 37 5 11 37 41 42 24 5 46 33 31 9 
47 41 11 18 22 25 8 23 27 40 0 21 21 2 49 34 47 27 13 48 50 41 28 14 44 11 22 22 2 
23 49 3 28 43 29 38 26 27 45 3 0 4 13 3 14 48 34 41 35 42 9 28 29 34 35 32 18 20 
28 18 8 50 3 7 1 28 37 43 28 24 0 11 8 20 32 11 45 37 38 14 16 10 20 38 30 43 46 
21 20 43 12 11 19 49 10 38 3 1 7 2 0 36 12 42 13 12 31 1 8 47 24 41 45 31 6 12 
8 38 13 23 14 6 8 18 50 17 13 43 10 11 0 44 8 44 30 36 28 5 19 8 27 49 42 38 24 
46 3 17 31 13 37 3 1 41 28 44 47 28 45 42 0 46 49 39 42 47 4 17 47 16 45 29 8 39 
31 37 25 22 18 35 22 48 1 33 30 23 9 44 18 17 0 37 40 50 11 28 12 28 11 50 41 21 29 
6 2 36 35 29 14 20 4 4 22 29 44 23 45 46 16 10 0 19 39 10 49 31 29 5 29 48 12 20 
9 15 23 28 15 44 42 50 47 45 45 45 25 14 13 16 11 7 0 38 33 16 12 1 31 2 11 31 26 
23 32 7 32 3 1 46 40 50 2 29 30 4 47 20 15 25 45 35 0 36 19 14 45 22 10 29 4 47 
14 42 26 4 13 17 27 16 39 13 42 25 18 23 16 10 29 9 30 20 0 43 36 7 8 27 46 8 10 
37 35 22 25 47 50 27 9 27 25 17 38 20 4 27 13 3 11 18 46 48 0 35 44 2 49 35 4 28 
36 18 28 18 9 18 29 4 42 18 28 19 47 8 34 5 43 43 50 39 10 45 0 6 16 28 13 12 3 
42 21 26 12 46 49 24 9 47 49 29 2 26 24 21 35 33 50 49 41 2 39 10 0 6 35 16 19 42 
13 13 41 47 7 27 12 22 43 17 23 49 35 25 8 44 15 48 14 36 24 21 33 29 0 14 22 1 3 
11 20 27 31 31 33 47 35 9 32 46 50 13 50 42 17 27 1 6 27 32 16 42 38 2 0 33 18 42 
30 12 33 36 26 9 11 24 40 42 18 3 29 24 35 33 3 14 24 25 29 17 2 14 16 25 0 22 45 
28 40 29 48 15 5 5 47 49 11 25 4 39 19 28 36 33 4 49 8 31 9 36 39 10 44 13 0 14 
11 20 21 2 38 16 46 50 13 21 38 24 20 39 35 42 40 20 36 11 39 17 31 12 26 14 15 20 0 
5 0 41 38 22 42 42 37 30 40 24 17 24 24 28 23 13 17 26 39 43 25 44 49 40 8 3 25 44 
39 10 0 26 24 2 26 46 23 33 17 32 28 2 5 2 17 4 13 37 12 45 19 45 50 26 22 46 11 
43 49 14 0 39 17 44 41 31 48 43 22 48 32 1 31 50 44 11 42 20 42 32 36 46 17 14 50 21 
15 27 49 31 0 31 35 30 35 4 44 12 9 15 22 20 12 41 39 30 45 39 46 7 15 31 26 20 11 
13 18 23 3 44 0 21 17 21 45 42 18 48 21 47 47 1 49 33 6 21 13 25 5 28 35 5 33 19 
21 34 50 5 16 19 0 23 36 21 10 15 44 5 49 17 50 22 32 24 43 50 6 16 48 21 49 49 38 
14 45 19 40 39 48 1 0 11 42 13 33 2 25 11 30 40 18 12 17 14 9 5 6 3 31 40 20 15 
19 2 35 17 21 35 23 27 0 41 26 6 7 48 7 9 10 50 22 19 39 26 26 31 9 33 35 29 9 
39 17 9 49 28 36 42 40 28 0 16 32 40 38 4 50 43 7 10 16 2 47 47 3 10 22 32 40 43 
22 26 34 36 6 15 38 25 18 7 0 29 13 15 19 33 35 41 29 1 22 27 38 3 24 20 28 12 43 
14 50 27 47 47 49 18 2 32 47 34 0 24 17 25 26 1 31 4 38 28 15 18 19 44 31 18 17 34 
24 11 17 29 3 46 11 18 30 33 16 16 0 2 31 3 45 46 28 6 2 13 2 44 16 40 34 29 46 
31 34 17 30 33 34 29 22 30 5 21 22 14 0 8 21 48 39 22 27 35 16 25 48 3 13 15 22 22 
18 1 40 20 17 16 38 47 17 36 33 18 2 31 0 15 41 7 34 39 6 32 46 28 18 7 44 31 6 
37 14 18 18 13 7 5 30 16 2 5 49 21 25 32 0 3 39 10 33 35 11 7 47 29 27 16 41 22 
24 22 13 23 35 32 10 3 19 16 5 45 27 35 26 6 0 30 40 35 7 14 25 29 48 12 46 46 30 
18 39 42 47 17 33 6 45 40 32 14 40 15 29 34 24 6 0 38 9 26 32 41 50 37 32 34 9 49 
43 16 12 40 36 31 36 31 24 8 28 44 30 32 17 48 26 46 0 43 35 41 5 42 24 37 21 49 27 
40 6 16 34 25 7 2 25 21 25 4 35 43 4 1 49 10 16 47 0 50 25 2 11 36 41 25 9 38 
24 38 3 16 32 10 42 19 42 45 20 23 30 43 28 2 43 8 42 38 0 5 44 14 22 24 49 2 38 
45 31 43 50 49 14 1 33 22 38 3 34 13 33 7 16 47 24 20 33 25 0 10 43 34 33 21 34 31 
24 32 43 34 9 4 24 12 2 20 24 17 42 46 30 6 6 9 26 22 37 49 0 25 1 29 19 14 35 
38 10 18 29 30 20 9 40 46 20 25 9 9 46 14 27 1 4 42 29 31 38 28 0 25 46 13 45 26 
7 43 5 41 41 40 24 43 3 46 37 22 37 40 11 37 34 18 13 41 35 48 50 26 0 28 35 5 50 
32 44 34 18 26 33 34 4 15 35 18 20 23 22 25 5 17 20 43 41 28 42 41 28 50 0 4 42 10 
43 30 14 7 35 24 11 9 13 20 47 5 7 8 22 50 1 44 19 13 24 46 9 8 43 15 0 23 40 
3 6 18 23 42 25 11 35 22 11 36 49 11 16 43 48 24 38 35 21 21 42 28 6 35 29 36 0 47 
22 6 15 21 2 21 7 8 2 24 13 33 47 37 28 40 9 21 2 8 3 12 35 5 31 3 20 12 0 
28 0 13 38 13 39 15 14 17 47 16 48 40 10 36 46 50 25 2 25 34 14 39 48 15 27 29 45 10 
21 11 0 40 49 2 45 30 40 37 50 45 32 23 12 44 43 23 13 48 18 16 36 30 29 28 36 49 40 
15 23 37 0 10 20 5 46 36 26 49 39 16 6 6 13 25 8 43 11 2 45 5 42 15 32 27 44 36 
31 12 22 16 0 46 41 26 14 14 35 12 19 17 8 18 25 24 32 13 11 23 5 22 36 26 48 45 10 
31 23 29 44 11 0 11 6 15 28 23 20 16 31 50 12 23 31 43 35 38 38 18 41 50 15 34 13 26 
40 36 41 49 46 17 0 33 42 7 19 8 6 3 4 48 1 13 47 30 24 44 49 6 33 13 8 22 14 
32 29 30 28 49 30 25 0 42 33 22 21 15 17 21 17 13 35 30 35 35 21 41 38 18 5 40 33 42 
31 8 36 38 45 20 11 28 0 39 31 8 23 30 6 19 41 27 15 7 24 33 44 49 34 23 38 44 42 
42 12 23 9 47 34 12 25 36 0 34 21 48 10 39 24 4 22 12 6 15 22 47 42 40 33 10 9 38 
10 3 15 7 26 20 36 27 8 50 0 27 46 45 44 6 44 45 9 14 44 20 45 12 11 33 29 20 45 
21 34 26 38 25 24 16 33 19 14 22 0 41 3 47 46 23 36 10 21 28 42 49 45 24 47 15 18 15 
42 4 25 48 50 41 7 25 24 40 22 21 0 29 23 25 32 38 23 41 24 49 40 26 24 8 42 4 22 
40 2 41 10 6 1 42 15 39 24 41 13 40 0 22 50 47 38 50 50 19 25 13 37 24 24 45 16 2 
29 2 40 9 38 35 35 22 49 12 15 29 31 10 0 44 14 32 29 34 27 41 29 36 8 42 35 48 27 
16 17 36 12 35 40 37 38 35 33 25 6 38 28 49 0 27 36 21 38 15 20 23 43 46 12 40 12 50 
16 32 17 3 37 9 7 32 26 3 45 42 23 6 30 50 0 4 28 40 13 31 10 23 22 47 34 7 43 
25 41 1 46 29 37 22 3 16 23 19 29 21 18 1 33 27 0 47 42 15 44 44 42 34 50 49 20 7 
10 46 6 4 2 15 7 35 3 49 13 37 34 27 34 32 10 11 0 42 14 10 41 45 1 42 43 49 31 
50 18 47 30 17 16 44 20 17 16 28 7 11 16 30 28 34 6 31 0 18 10 10 25 39 8 7 47 19 
1 6 12 9 16 27 36 36 3 34 20 19 33 14 15 44 34 36 3 44 0 11 18 17 37 13 32 22 41 
43 8 23 11 19 25 20 12 5 20 42 35 31 45 26 1 37 13 35 46 45 0 31 5 22 4 4 9 34 
40 25 46 34 5 45 43 45 12 9 50 9 45 4 40 15 44 19 14 16 43 17 0 1 1 48 26 46 13 
3 1 7 16 16 36 23 30 24 8 30 36 3 31 39 28 13 26 2 42 42 41 29 0 35 40 43 42 24 
25 46 37 30 50 31 42 12 3 34 43 9 31 11 41 36 40 29 14 12 28 24 38 22 0 25 4 21 13 
22 22 27 24 45 50 5 28 22 1 36 22 39 28 25 29 34 43 12 32 1 43 46 12 30 0 30 46 1 
9 15 5 47 10 30 40 31 8 20 15 32 6 14 15 40 43 42 24 50 49 9 39 33 43 40 0 12 30 
27 15 44 15 4 4 20 7 46 40 13 9 39 45 22 15 28 30 26 37 29 7 19 38 7 46 3 0 50 
27 23 4 20 18 11 5 43 26 50 28 2 45 8 44 4 30 15 12 5 38 24 5 13 14 25 2 21 0 
47 0 7 9 8 2 20 30 24 36 44 42 29 41 29 39 28 2 25 43 21 14 16 9 43 35 48 13 3 
18 41 0 6 43 9 34 47 19 42 20 50 25 28 20 18 36 24 34 15 10 36 27 12 40 33 31 8 32 
49 17 24 0 5 7 28 6 45 38 49 20 7 32 20 36 32 25 19 43 44 48 23 19 1 33 4 18 41 
30 16 11 28 0 27 16 21 26 47 46 18 1 14 23 48 26 15 9 28 16 41 30 16 14 39 14 34 26 
48 24 22 4 10 0 15 16 22 38 42 30 17 49 11 36 29 1 42 30 26 25 44 37 25 26 3 50 50 
1 48 40 14 32 45 0 29 23 25 15 42 49 8 26 38 23 30 11 17 31 45 37 14 48 35 9 2 4 
38 47 28 8 15 17 22 0 41 3 17 36 5 32 13 4 37 50 31 19 49 7 14 46 16 36 20 6 15 
34 42 29 24 44 25 36 29 0 37 34 34 41 5 48 21 14 26 13 49 32 33 28 48 4 41 3 48 24 
2 13 22 46 12 7 7 11 38 0 13 11 8 28 26 50 16 47 28 44 9 43 32 40 24 21 24 32 7 
45 26 33 41 28 12 27 25 13 39 0 30 48 41 11 26 14 2 42 5 8 29 32 7 14 10 39 32 20 
23 49 26 38 26 1 17 13 30 21 30 0 16 49 25 4 9 48 46 19 33 7 26 22 30 20 25 29 13 
19 20 32 39 31 8 3 14 14 43 23 41 0 44 14 35 32 12 40 9 4 28 49 16 14 21 49 14 47 
28 46 19 2 23 4 45 11 40 42 35 42 23 0 41 46 6 24 28 39 43 42 41 18 31 16 25 35 20 
4 18 19 32 44 6 37 18 24 22 19 40 20 24 0 42 21 5 17 32 38 4 11 40 43 11 21 5 37 
29 39 36 48 20 25 8 22 23 3 49 17 4 28 32 0 3 10 49 24 19 49 48 26 49 43 48 16 43 
29 27 22 23 1 50 39 35 36 21 21 45 17 21 48 2 0 19 15 34 26 29 38 33 12 48 37 39 32 
13 38 6 23 9 15 44 47 32 26 17 5 39 48 18 40 29 0 29 3 28 50 25 30 28 14 41 15 41 
44 11 26 14 12 8 23 49 15 49 36 2 28 2 21 44 49 30 0 38 32 20 44 34 19 35 11 33 39 
8 28 9 19 1 3 3 22 1 3 43 32 25 20 25 30 43 2 1 0 48 5 37 30 35 3 33 21 1 
28 7 30 2 26 34 41 37 40 18 1 25 50 50 44 46 37 6 7 1 0 20 4 26 34 10 35 35 22 
49 25 16 19 32 2 44 44 24 42 6 41 29 38 40 26 2 27 49 6 43 0 34 48 47 26 21 32 24 
31 46 42 41 50 20 39 16 2 32 43 48 6 50 22 46 1 16 23 32 14 50 0 33 34 37 30 29 15 
27 19 43 12 21 21 13 28 50 15 42 9 50 25 25 20 34 1 50 44 13 3 47 0 11 48 50 11 31 
14 8 5 21 42 24 40 33 40 31 28 36 38 44 46 36 25 14 33 40 26 14 50 36 0 30 36 3 25 
23 33 15 21 10 32 15 42 11 21 18 26 35 42 30 3 24 15 6 19 7 12 36 35 17 0 22 6 1 
9 19 42 7 22 15 11 8 17 7 26 6 30 4 25 5 47 8 5 34 34 47 13 15 30 34 0 19 11 
47 30 4 38 27 14 34 43 29 12 5 21 32 23 37 17 39 1 40 4 37 32 39 10 18 22 18 0 12 
7 27 27 38 47 50 11 37 3 38 30 17 20 33 26 35 3 34 3 11 11 46 26 30 45 15 24 15 0 
