42
9
41 0 50 33 40 17 38 42 49 40 
33 22 0 49 14 1 47 27 31 50 
27 23 43 0 3 46 33 26 11 23 
44 30 17 24 0 31 38 32 46 39 
29 27 49 18 34 0 8 32 46 6 
7 41 18 16 39 20 0 10 41 16 
34 39 5 50 14 6 16 0 49 20 
23 10 41 11 33 5 8 49 0 5 
2 10 39 35 22 50 28 19 21 0 
5 0 29 41 48 14 40 23 48 8 
34 30 0 13 43 3 36 39 10 37 
15 47 8 0 14 8 41 15 9 32 
27 49 17 6 0 22 46 36 11 21 
29 25 46 2 39 0 35 47 24 20 
42 9 8 4 47 13 0 13 14 23 
13 41 21 1 33 6 9 0 46 50 
41 29 8 18 8 42 16 10 0 35 
41 14 9 24 17 35 22 24 1 0 
25 0 24 2 5 43 8 23 23 21 
50 29 0 43 41 43 44 36 6 46 
12 25 1 0 16 39 38 29 23 1 
15 39 25 37 0 29 10 6 34 23 
48 37 36 50 45 0 35 21 16 32 
42 50 21 16 39 11 0 39 11 49 
50 9 35 15 27 21 8 0 9 35 
46 14 1 33 36 9 21 39 0 20 
10 12 30 17 46 23 7 37 23 0 
31 0 50 1 14 48 18 11 6 26 
38 33 0 11 16 43 36 1 26 3 
32 9 14 0 12 45 1 42 30 49 
20 34 14 13 0 9 40 48 28 10 
35 33 17 33 23 0 31 34 34 6 
10 44 19 44 16 21 0 21 26 28 
10 19 5 50 22 18 19 0 42 23 
13 26 24 21 19 16 27 17 0 43 
37 49 37 34 29 11 46 33 37 0 
30 0 26 18 44 42 34 13 38 10 
5 35 0 11 49 14 31 8 22 9 
32 40 25 0 4 18 50 28 35 27 
41 26 40 45 0 5 40 32 39 17 
5 19 34 41 8 0 31 7 22 32 
32 38 36 6 26 8 0 3 14 44 
12 27 8 19 16 8 8 0 22 12 
20 11 31 21 18 25 15 4 0 3 
26 42 32 44 48 47 18 46 47 0 
42 0 36 1 33 43 42 47 20 13 
10 37 0 3 26 33 36 20 38 12 
2 11 21 0 11 42 23 5 27 22 
12 18 29 11 0 1 21 12 16 37 
12 37 18 40 25 0 48 12 6 17 
50 50 10 46 25 11 0 36 17 35 
27 32 44 28 28 16 21 0 35 3 
35 49 36 33 15 17 50 8 0 1 
44 13 37 23 49 37 6 6 28 0 
13 0 17 43 19 26 35 36 36 35 
44 34 0 10 3 20 40 46 28 7 
31 17 36 0 43 47 18 11 42 5 
49 4 33 8 0 22 23 39 8 19 
10 17 23 2 48 0 30 33 7 24 
42 41 44 48 28 21 0 30 26 39 
42 21 20 26 8 35 30 0 37 33 
3 36 12 37 15 12 21 36 0 12 
35 30 20 7 10 41 44 19 2 0 
12 0 2 26 13 29 47 34 47 38 
50 35 0 9 39 22 11 47 31 21 
13 5 27 0 32 27 43 9 45 46 
20 36 11 30 0 32 40 34 19 36 
8 40 8 15 4 0 18 24 22 1 
4 47 8 9 10 30 0 21 32 15 
25 30 25 33 4 34 2 0 15 12 
28 20 3 19 6 4 25 40 0 41 
13 48 2 10 9 5 42 6 49 0 
39 0 11 26 31 10 1 25 9 39 
12 25 0 37 25 14 39 6 46 2 
49 35 42 0 5 35 20 40 8 34 
13 15 22 20 0 42 49 35 13 4 
36 48 11 3 45 0 47 15 14 16 
4 39 34 13 4 13 0 4 44 21 
8 34 27 7 41 2 17 0 13 44 
18 42 33 39 40 1 36 21 0 49 
41 46 41 45 40 21 5 37 19 0 
1 0 50 12 9 17 48 28 28 30 
28 30 0 7 9 37 32 3 47 22 
33 16 50 0 34 28 33 15 13 48 
30 13 45 6 0 3 5 34 17 13 
33 10 26 36 11 0 13 22 9 42 
42 32 10 9 43 44 0 50 22 21 
20 17 23 29 44 4 1 0 48 15 
35 22 27 3 26 21 20 21 0 37 
47 48 5 37 12 20 42 23 31 0 
39 0 22 21 1 7 31 34 15 50 
41 4 0 16 22 35 14 49 37 37 
15 40 7 0 40 40 22 7 4 24 
17 33 6 3 0 38 22 23 12 27 
44 35 15 46 19 0 12 21 30 17 
22 25 13 41 39 26 0 33 27 34 
25 49 32 49 45 4 7 0 18 32 
45 38 17 45 49 24 37 5 0 3 
23 19 22 46 19 11 6 35 29 0 
12 0 26 45 30 21 11 39 49 13 
45 46 0 40 12 40 1 30 27 43 
1 28 26 0 40 4 34 23 11 8 
12 30 31 22 0 44 10 25 46 42 
38 15 18 6 7 0 1 11 43 10 
13 11 30 21 16 43 0 19 6 8 
4 22 22 11 8 10 3 0 27 19 
33 24 2 31 38 44 10 43 0 12 
26 45 21 25 30 12 25 11 1 0 
29 0 42 14 38 4 39 2 21 24 
21 27 0 8 8 3 30 33 28 19 
8 32 23 0 37 12 24 31 44 11 
38 29 43 10 0 37 47 10 25 36 
5 45 21 14 30 0 17 20 40 16 
5 18 42 41 43 3 0 44 17 29 
28 43 31 41 8 11 28 0 15 42 
32 11 41 11 49 29 45 28 0 33 
49 45 3 7 17 22 8 26 26 0 
19 0 47 37 41 17 20 19 33 33 
6 15 0 38 11 36 16 25 39 29 
26 45 20 0 14 47 15 20 46 23 
27 22 27 9 0 33 32 35 10 18 
6 42 45 22 43 0 17 46 40 14 
45 39 9 38 32 28 0 44 33 32 
7 5 1 22 21 21 47 0 43 11 
7 47 32 7 26 27 48 20 0 48 
35 4 2 4 19 7 2 25 8 0 
15 0 39 40 49 16 50 50 29 5 
18 34 0 21 24 25 1 6 40 43 
32 39 13 0 32 40 12 31 9 29 
30 3 37 44 0 21 47 14 32 4 
22 8 32 32 7 0 47 23 30 37 
28 12 30 2 49 29 0 14 21 36 
45 34 50 28 19 7 22 0 20 27 
18 25 14 25 10 43 48 35 0 32 
12 50 32 16 10 11 26 4 48 0 
50 0 29 5 9 31 50 11 20 49 
5 44 0 40 26 11 37 21 5 6 
23 4 2 0 37 5 15 47 3 22 
5 30 24 39 0 3 15 10 22 42 
22 10 45 14 14 0 41 44 44 42 
42 36 39 45 45 5 0 5 3 1 
46 14 24 41 12 28 29 0 7 40 
25 16 41 25 16 40 46 50 0 46 
12 10 40 12 43 12 23 5 17 0 
33 0 10 35 20 34 50 15 15 9 
18 32 0 49 17 35 8 1 20 28 
1 18 21 0 50 50 46 10 44 44 
11 34 21 13 0 18 7 11 47 48 
6 6 32 42 11 0 2 32 28 18 
48 45 25 32 12 24 0 34 23 38 
47 34 10 39 10 41 7 0 4 31 
38 6 14 42 6 39 11 45 0 14 
47 9 7 20 19 22 28 13 49 0 
19 0 29 23 48 29 45 19 15 13 
38 18 0 46 42 36 7 21 44 23 
5 6 39 0 37 22 17 10 38 14 
31 28 16 39 0 11 48 42 38 25 
9 40 27 20 23 0 42 27 23 28 
18 6 24 1 49 25 0 49 24 7 
10 33 8 6 38 42 31 0 38 38 
48 50 7 49 50 48 32 12 0 4 
47 35 33 48 11 49 40 42 32 0 
41 0 31 29 41 40 37 41 32 6 
18 3 0 2 35 39 36 4 29 24 
21 20 6 0 27 19 38 21 3 39 
24 12 23 9 0 17 47 11 41 8 
9 7 10 20 8 0 19 43 15 9 
3 13 47 48 45 32 0 25 19 23 
27 15 12 42 21 38 48 0 18 20 
33 9 37 6 25 48 28 46 0 23 
15 1 13 38 34 5 29 19 40 0 
43 0 26 18 42 35 49 25 34 27 
46 18 0 37 23 23 41 49 10 6 
23 47 39 0 50 20 49 10 11 18 
10 39 31 8 0 14 3 48 6 42 
2 42 25 39 32 0 41 21 33 28 
37 43 29 23 40 24 0 49 6 23 
2 43 7 20 32 24 31 0 15 46 
47 39 5 34 25 17 50 47 0 19 
32 35 15 48 30 38 22 24 19 0 
40 0 38 50 7 9 8 31 47 14 
36 33 0 10 1 9 18 45 25 45 
24 3 18 0 13 24 43 6 18 21 
8 4 14 19 0 48 9 6 41 28 
46 40 30 47 4 0 28 4 15 15 
9 31 27 48 3 5 0 44 48 21 
1 28 15 8 2 41 37 0 23 43 
50 17 35 2 46 18 41 50 0 36 
15 28 49 40 10 9 28 48 38 0 
45 0 11 1 9 26 1 38 6 14 
13 39 0 38 40 10 32 36 4 48 
30 8 35 0 10 7 4 20 29 21 
23 11 18 6 0 30 5 4 43 13 
43 41 41 35 14 0 41 4 28 11 
48 26 18 18 5 6 0 12 49 41 
3 35 4 47 40 48 30 0 16 45 
46 8 10 34 36 18 20 44 0 13 
7 45 44 45 6 30 44 22 3 0 
4 0 6 6 13 44 31 15 1 8 
9 46 0 1 44 5 48 46 9 21 
2 15 40 0 1 48 12 44 5 4 
47 8 30 25 0 4 19 45 27 11 
39 34 14 29 20 0 36 10 11 48 
12 13 40 46 50 48 0 10 42 8 
14 4 8 45 19 40 28 0 18 44 
29 35 42 33 50 29 38 7 0 25 
7 24 46 5 41 38 14 32 42 0 
14 0 1 9 32 15 12 12 31 24 
3 45 0 15 25 1 2 43 31 27 
7 29 14 0 12 9 43 23 3 19 
13 10 13 21 0 31 37 48 14 17 
35 47 20 31 22 0 20 6 35 13 
10 33 23 44 13 10 0 11 8 3 
29 3 43 17 9 13 44 0 50 22 
11 33 14 28 27 37 36 8 0 34 
7 26 8 45 6 24 31 13 21 0 
46 0 19 48 3 10 24 35 20 12 
25 19 0 39 8 37 22 48 45 3 
49 33 7 0 37 8 5 27 4 32 
46 35 47 20 0 36 46 42 48 31 
24 9 23 41 44 0 8 26 12 40 
46 50 39 37 47 12 0 22 33 31 
15 10 11 43 27 6 43 0 40 36 
16 5 33 43 16 40 42 24 0 37 
30 9 39 50 11 47 15 31 5 0 
43 0 9 38 36 49 4 16 28 39 
20 31 0 32 18 48 5 22 10 7 
8 4 35 0 50 45 23 25 42 24 
42 16 49 15 0 29 47 2 50 31 
48 31 7 29 28 0 38 1 22 43 
5 13 11 35 28 2 0 41 8 27 
20 43 15 16 11 7 31 0 24 13 
40 6 3 36 16 49 25 25 0 30 
1 30 27 47 50 24 30 21 30 0 
14 0 8 39 48 25 22 20 32 8 
16 33 0 20 50 49 4 26 11 17 
41 19 47 0 13 11 3 22 40 29 
1 24 44 42 0 36 40 28 17 16 
25 43 32 32 17 0 34 42 9 43 
10 1 31 23 21 39 0 7 40 2 
33 2 48 36 27 35 44 0 19 9 
14 25 47 31 23 32 38 2 0 19 
36 9 3 14 21 2 11 12 40 0 
48 0 28 3 5 35 47 38 45 16 
19 40 0 17 47 39 48 25 28 34 
46 30 28 0 50 36 20 21 22 31 
50 20 31 46 0 25 16 45 46 42 
7 9 41 1 43 0 29 16 20 13 
2 39 21 5 39 44 0 19 15 32 
12 48 43 33 35 14 17 0 39 25 
36 24 15 2 2 43 7 19 0 19 
43 46 38 50 34 16 8 19 33 0 
10 0 45 32 37 27 10 34 34 48 
49 24 0 25 28 35 4 4 30 47 
48 1 37 0 29 49 21 25 26 20 
44 12 14 27 0 25 16 31 7 44 
44 50 47 6 18 0 19 45 8 45 
44 16 12 34 46 5 0 20 11 18 
46 32 47 12 12 2 41 0 41 22 
34 23 50 10 47 28 11 11 0 31 
50 43 34 19 34 42 26 32 11 0 
8 0 10 17 10 7 15 48 35 26 
47 33 0 38 46 15 28 47 11 35 
46 35 19 0 35 24 36 24 21 19 
35 28 48 5 0 36 31 41 34 31 
6 25 16 35 12 0 12 3 14 29 
44 5 28 7 23 24 0 7 31 47 
42 24 37 31 37 37 47 0 13 8 
28 42 48 7 5 32 47 42 0 37 
20 11 23 8 32 10 7 30 16 0 
41 0 29 6 25 49 5 35 50 11 
44 25 0 38 29 39 49 4 25 22 
32 38 1 0 47 10 32 37 38 21 
24 35 42 28 0 24 7 22 7 35 
3 4 44 43 22 0 5 21 4 17 
49 41 23 24 4 8 0 38 26 43 
16 44 20 24 38 12 35 0 11 16 
19 17 1 32 8 33 15 2 0 21 
29 39 16 46 26 6 15 38 47 0 
49 0 1 31 34 40 49 14 6 13 
15 29 0 16 33 9 12 39 3 37 
16 17 33 0 41 10 3 37 10 38 
27 20 18 14 0 10 50 15 36 11 
35 35 27 3 18 0 2 20 50 23 
5 46 30 4 8 24 0 19 49 21 
14 9 41 29 48 30 11 0 38 37 
45 2 20 17 18 23 2 4 0 18 
11 14 50 32 21 10 30 32 14 0 
8 0 23 13 45 45 11 29 1 28 
20 7 0 38 48 42 31 16 25 49 
4 39 29 0 8 3 4 7 9 36 
22 33 38 32 0 50 16 17 4 15 
25 1 7 9 38 0 17 45 32 48 
30 13 22 19 16 46 0 12 27 44 
36 1 21 9 38 36 26 0 7 18 
41 39 7 22 31 39 17 41 0 25 
42 45 2 12 13 22 6 27 46 0 
14 0 4 17 43 20 23 23 31 4 
45 16 0 13 21 34 31 49 5 43 
42 8 32 0 34 3 26 22 20 33 
42 24 38 49 0 4 12 40 12 4 
2 48 19 35 50 0 1 35 23 26 
13 22 11 21 13 8 0 29 15 19 
15 31 2 42 22 1 41 0 31 7 
16 46 12 2 31 23 27 48 0 7 
24 7 9 32 49 30 1 9 49 0 
22 0 21 12 31 21 40 43 26 31 
3 10 0 27 19 44 19 44 19 28 
14 12 41 0 39 45 16 1 5 8 
11 33 33 22 0 42 13 3 20 11 
46 36 25 23 9 0 6 42 25 39 
31 6 14 41 39 30 0 3 38 48 
8 33 27 46 30 17 32 0 32 44 
49 31 19 15 17 25 9 48 0 34 
3 41 3 36 47 21 27 21 49 0 
45 0 21 45 3 20 5 15 45 37 
34 50 0 6 9 42 27 12 44 44 
21 16 40 0 39 33 41 47 50 47 
46 23 36 7 0 20 10 18 38 12 
50 46 12 14 1 0 23 38 25 48 
28 45 50 26 24 4 0 27 7 6 
10 6 39 4 7 20 8 0 19 22 
1 27 31 47 42 4 16 13 0 48 
32 7 16 18 1 8 44 19 6 0 
48 0 21 50 33 30 13 5 8 32 
24 47 0 40 42 7 32 1 38 48 
17 32 3 0 46 11 11 6 45 1 
40 43 5 31 0 10 38 15 11 49 
22 19 48 18 42 0 35 22 42 17 
9 41 50 35 17 14 0 10 27 38 
4 2 11 40 27 35 13 0 15 15 
28 43 37 2 28 47 33 30 0 19 
1 49 40 19 24 19 44 47 5 0 
1 0 6 27 42 22 33 1 12 9 
39 32 0 42 13 6 28 20 45 49 
31 8 13 0 4 2 38 46 9 29 
48 35 28 42 0 46 31 31 12 9 
39 37 22 4 1 0 17 38 45 48 
28 39 44 13 50 30 0 21 14 40 
42 48 5 39 46 14 5 0 4 27 
31 47 37 12 32 44 19 31 0 9 
28 27 7 47 16 7 40 18 20 0 
35 0 36 36 49 21 32 41 39 15 
5 50 0 41 8 49 48 40 8 48 
11 16 8 0 50 45 20 21 44 38 
33 46 32 48 0 50 29 45 20 19 
42 33 27 5 22 0 44 30 14 31 
19 20 28 10 7 9 0 10 29 3 
13 36 42 16 28 27 45 0 8 44 
34 7 1 13 14 30 29 49 0 26 
22 7 45 15 21 31 40 2 25 0 
11 0 23 39 24 39 21 26 32 35 
28 26 0 5 50 11 14 50 46 8 
30 7 6 0 49 32 9 34 38 23 
8 49 16 11 0 27 26 3 34 35 
6 10 18 31 37 0 32 45 2 23 
21 22 46 32 15 25 0 23 10 46 
19 12 42 30 41 1 48 0 18 34 
20 17 50 29 48 28 29 44 0 37 
40 50 21 25 4 30 37 13 17 0 
28 0 27 34 41 39 18 31 34 22 
44 27 0 20 17 33 19 48 26 36 
23 43 25 0 19 3 21 39 33 11 
26 45 9 13 0 43 29 35 21 42 
1 30 29 33 48 0 14 6 36 18 
17 23 17 2 27 29 0 45 14 20 
42 10 24 13 3 6 8 0 6 40 
14 32 34 42 33 13 28 48 0 46 
7 41 45 12 13 18 4 22 10 0 
44 0 24 18 30 18 29 9 44 11 
18 39 0 28 23 26 43 24 42 4 
34 26 41 0 5 25 30 33 38 23 
26 31 47 6 0 10 31 46 14 32 
22 35 14 6 33 0 40 3 11 9 
19 35 16 2 38 22 0 14 20 46 
20 40 50 39 47 30 6 0 34 13 
14 12 29 47 28 12 11 3 0 7 
41 29 43 2 3 15 21 14 4 0 
