42
23
7 0 6 22 39 33 49 5 1 26 41 38 45 46 15 37 14 26 34 46 44 36 25 14 
28 45 0 11 24 27 24 31 32 15 20 50 41 19 9 4 19 15 21 2 32 26 25 24 
29 29 34 0 32 1 25 50 9 25 33 42 44 45 22 26 28 28 46 10 23 26 46 25 
18 6 22 16 0 31 23 34 43 39 4 21 33 46 44 42 30 7 16 12 26 9 28 15 
9 47 40 43 25 0 37 16 2 48 33 5 17 27 30 10 19 36 41 40 4 41 24 40 
30 35 36 16 3 7 0 15 21 17 40 42 13 19 41 30 9 6 23 2 23 1 41 27 
16 1 47 47 26 35 19 0 24 24 36 8 10 9 40 22 14 46 34 12 39 27 35 17 
42 28 6 32 34 32 40 1 0 40 40 8 20 15 7 10 40 36 48 17 18 28 11 32 
22 20 35 10 7 40 39 2 1 0 31 35 6 20 20 4 36 43 35 35 19 21 1 20 
7 8 36 45 27 42 11 18 39 31 0 47 35 13 50 22 34 12 1 38 8 39 30 1 
41 20 33 13 24 34 44 42 12 22 1 0 28 3 21 46 12 11 41 14 46 25 23 35 
41 36 21 1 23 18 33 44 31 28 7 45 0 25 44 29 37 34 46 40 36 14 13 22 
20 13 16 40 27 17 26 35 27 19 35 42 27 0 3 33 21 24 29 28 20 1 47 27 
22 18 32 4 31 1 36 38 22 29 15 2 39 8 0 29 6 27 6 44 30 27 40 3 
3 35 1 25 16 7 36 43 22 24 36 45 22 45 14 0 45 34 42 31 14 13 12 2 
45 14 46 23 1 14 8 17 1 33 16 30 20 30 27 20 0 31 36 36 44 29 3 13 
8 11 14 11 10 39 46 26 40 41 34 7 12 21 34 36 29 0 14 8 36 13 6 16 
44 15 8 22 50 28 28 19 23 42 1 38 13 38 3 48 28 6 0 7 27 40 37 24 
15 50 48 1 7 30 22 18 1 2 46 21 47 3 17 46 49 13 22 0 11 16 11 33 
22 49 27 16 30 31 7 30 27 7 42 43 23 3 27 21 39 2 24 1 0 37 17 17 
7 45 12 10 8 15 18 27 8 5 17 26 3 31 14 42 38 44 23 20 14 0 5 11 
44 43 22 43 34 9 42 10 47 5 32 20 22 18 21 49 16 10 31 35 38 6 0 27 
24 40 25 11 37 7 15 48 3 3 35 18 17 37 23 35 19 16 45 21 22 22 12 0 
43 0 24 18 46 7 11 34 21 23 39 17 48 3 9 49 6 4 32 8 29 18 37 1 
4 13 0 44 25 12 19 44 35 6 3 28 33 37 19 12 8 38 19 33 12 30 1 39 
20 26 20 0 10 42 39 15 43 45 6 24 14 33 14 36 22 2 30 4 12 46 25 26 
13 38 42 25 0 20 10 36 26 22 3 25 24 49 42 9 2 46 42 10 34 27 13 5 
30 44 3 48 31 0 32 26 40 44 45 1 8 23 1 15 45 33 10 31 3 11 9 40 
37 31 43 28 8 20 0 36 42 50 50 33 13 31 18 13 5 44 46 14 31 30 49 34 
37 2 32 47 28 25 46 0 11 44 21 4 17 18 38 4 18 20 8 4 1 9 40 39 
34 28 21 5 37 7 48 28 0 11 38 47 7 27 27 24 9 17 4 40 39 42 28 1 
46 18 40 28 44 23 26 49 26 0 47 14 48 20 7 21 9 4 47 44 44 29 22 31 
28 42 47 50 37 47 19 2 47 7 0 27 25 37 47 30 4 5 35 39 21 11 14 29 
4 2 47 45 36 43 49 34 23 25 37 0 13 36 48 24 40 2 7 46 17 42 43 33 
34 12 25 43 39 9 40 1 21 14 14 43 0 49 40 2 34 9 49 23 5 1 1 35 
44 6 32 46 38 14 15 48 37 12 20 14 33 0 12 50 10 25 33 24 17 50 23 5 
25 50 50 24 37 18 19 38 33 34 28 32 38 8 0 14 3 37 6 17 28 32 30 27 
20 22 10 39 48 23 27 34 36 22 2 7 47 38 41 0 29 30 19 24 37 31 6 31 
13 3 12 30 38 11 33 45 24 46 23 31 3 27 30 21 0 16 6 50 43 10 36 1 
18 15 47 28 38 10 8 43 46 15 42 48 37 37 43 39 24 0 3 27 28 12 24 7 
39 2 1 48 9 31 32 13 21 27 3 45 15 41 34 46 36 17 0 3 28 17 11 30 
43 35 23 18 26 40 34 9 39 44 9 9 26 37 12 49 12 15 2 0 21 21 34 42 
28 49 40 8 41 11 10 47 41 28 22 8 13 36 14 6 23 38 19 14 0 1 7 33 
9 9 24 19 41 13 15 41 10 10 44 46 19 36 33 43 48 30 48 18 31 0 4 30 
50 13 48 9 29 33 3 21 41 21 16 32 49 17 43 19 34 26 37 13 49 20 0 41 
46 20 41 46 21 35 4 40 2 5 29 25 6 43 5 37 9 7 39 3 25 3 5 0 
34 0 26 6 11 15 43 45 41 32 30 22 3 39 38 38 32 36 38 32 15 28 21 42 
37 27 0 29 40 29 6 10 17 17 43 16 8 20 16 25 39 48 8 15 48 45 35 40 
16 49 21 0 26 4 16 43 39 27 14 34 19 34 36 4 17 35 22 14 5 11 23 31 
19 17 12 49 0 35 8 14 23 48 2 37 13 41 8 31 7 1 25 4 39 45 36 47 
41 3 45 41 30 0 27 32 30 30 44 18 3 9 42 17 9 32 14 42 37 17 48 24 
13 9 5 16 13 31 0 7 34 37 34 21 22 47 41 17 34 46 16 23 8 20 23 6 
23 16 35 17 23 26 3 0 49 30 43 30 32 33 26 12 20 49 23 10 32 20 39 20 
21 18 15 31 46 22 45 41 0 4 40 4 33 1 29 15 35 9 34 35 41 29 17 9 
35 9 35 47 24 35 11 42 37 0 34 46 14 49 8 45 8 28 35 3 26 43 29 44 
12 41 35 39 1 48 35 48 41 5 0 9 31 22 11 25 22 6 44 48 18 49 5 16 
17 27 14 27 8 7 27 41 17 6 16 0 24 6 40 47 10 44 2 36 5 9 40 27 
24 47 3 14 48 33 45 12 45 7 26 19 0 12 37 22 28 42 15 14 43 26 6 38 
20 33 9 34 4 16 13 1 7 27 50 41 30 0 5 43 29 8 22 44 21 18 30 21 
36 23 23 25 45 40 45 48 2 18 10 33 32 40 0 49 41 47 33 6 20 42 12 47 
43 23 50 36 6 21 32 35 20 40 12 23 12 32 42 0 19 12 12 29 49 23 20 22 
12 40 10 32 48 39 13 11 30 25 26 30 2 46 4 39 0 28 21 33 40 43 20 17 
38 10 5 14 45 8 14 13 24 23 1 38 47 47 40 34 47 0 8 30 33 49 36 2 
40 24 8 23 2 29 41 31 29 42 24 22 23 43 26 19 3 16 0 12 3 7 2 8 
8 42 38 37 37 32 14 38 18 3 8 16 41 37 35 12 35 34 43 0 22 46 23 26 
18 41 21 40 27 17 38 34 45 39 16 1 31 14 42 4 49 16 5 6 0 20 15 28 
36 32 19 5 27 20 15 30 13 35 17 21 46 16 43 37 21 31 19 13 28 0 25 36 
4 49 44 30 45 7 41 18 6 3 14 36 9 9 13 11 14 31 9 4 16 15 0 43 
46 39 7 29 34 25 1 3 1 11 46 15 7 34 40 20 24 22 18 11 19 33 31 0 
35 0 29 9 21 6 32 19 21 21 40 6 48 42 39 28 8 43 6 50 13 25 13 44 
6 28 0 25 11 36 33 48 4 25 14 8 23 50 25 5 46 21 33 41 26 25 2 36 
49 32 46 0 14 26 6 19 20 6 22 35 4 43 31 22 33 39 23 37 31 35 34 17 
28 33 38 10 0 29 31 35 37 19 5 43 27 29 41 19 23 48 6 44 3 1 16 22 
13 16 50 50 2 0 4 39 21 2 15 16 18 32 39 47 40 39 21 36 17 49 1 5 
43 43 21 50 39 26 0 41 32 16 13 12 26 45 30 32 34 33 31 35 42 13 14 24 
37 35 2 17 5 32 15 0 50 24 12 11 8 8 32 4 50 45 11 34 50 5 21 13 
2 11 8 38 3 36 14 10 0 43 29 19 34 16 38 10 37 50 2 14 38 14 34 22 
25 2 30 31 41 31 30 14 19 0 17 22 50 6 47 45 13 14 10 3 19 29 39 48 
38 13 36 24 34 49 42 33 50 19 0 39 34 36 24 6 24 29 14 16 1 17 45 39 
4 40 6 40 1 29 11 15 44 36 5 0 42 19 5 7 46 16 28 35 23 32 18 14 
9 39 8 36 25 6 14 39 32 44 25 32 0 35 29 10 42 4 39 4 46 49 32 32 
38 20 22 18 1 23 33 23 7 37 27 47 1 0 43 43 37 9 31 48 23 48 45 24 
23 18 7 37 31 34 29 22 16 27 7 21 17 3 0 39 14 16 49 22 18 46 9 32 
9 49 12 3 45 16 1 9 34 43 47 49 1 44 37 0 2 39 29 15 12 20 44 22 
26 34 21 17 33 24 27 27 28 15 37 48 38 20 32 35 0 7 15 19 23 28 21 4 
39 20 29 48 34 40 31 48 12 15 28 36 19 24 49 19 35 0 8 17 19 35 14 47 
50 33 8 45 9 47 2 21 44 6 30 33 48 4 27 44 38 48 0 18 26 33 11 35 
14 11 9 46 34 16 12 3 20 25 24 30 15 27 46 23 1 10 45 0 34 31 39 42 
1 16 9 15 30 21 18 39 14 39 49 45 34 50 2 19 6 33 3 11 0 9 25 25 
13 17 42 26 17 16 39 27 5 25 19 8 31 26 1 33 33 2 36 10 41 0 16 32 
12 23 50 41 39 2 28 28 34 27 42 46 48 38 45 1 24 26 12 45 20 15 0 43 
21 44 6 50 21 9 23 15 34 47 36 31 4 18 26 50 26 27 47 36 31 40 30 0 
3 0 46 38 2 13 35 29 22 13 47 30 29 48 34 3 8 20 11 13 9 50 13 8 
42 34 0 49 26 37 19 23 30 13 32 14 3 5 33 8 11 31 5 25 23 34 24 39 
28 16 24 0 19 28 25 19 31 31 40 38 46 18 15 9 43 4 40 18 18 47 34 31 
48 25 12 1 0 32 4 25 41 24 18 45 21 11 14 50 46 5 44 1 34 14 17 38 
41 46 23 13 22 0 34 17 7 43 44 35 26 45 17 25 37 28 7 50 15 28 23 44 
48 29 5 44 13 24 0 46 1 18 32 38 22 5 10 42 3 7 7 12 3 27 26 39 
5 30 31 7 24 27 14 0 2 10 18 2 25 34 18 40 5 33 47 44 18 45 7 45 
20 28 36 4 43 8 17 21 0 18 23 41 50 15 33 17 23 24 4 30 29 4 3 36 
8 36 18 3 30 7 34 9 44 0 49 35 11 30 38 24 22 44 44 47 35 2 44 18 
25 23 16 25 20 14 16 28 42 17 0 43 29 18 25 6 38 15 34 15 47 1 31 22 
38 35 1 33 36 36 7 19 34 14 18 0 44 31 14 33 15 45 29 21 44 45 38 10 
6 47 39 6 33 2 38 48 18 45 2 29 0 40 20 31 30 43 35 49 9 15 50 32 
26 25 33 20 20 18 31 38 27 50 26 45 37 0 48 30 25 18 47 17 1 49 30 35 
43 46 15 50 29 10 46 30 45 6 15 14 32 1 0 32 18 31 37 7 25 29 15 25 
45 33 13 11 32 13 49 50 33 47 40 40 25 6 19 0 3 29 31 21 32 39 23 35 
48 24 36 29 37 14 43 5 6 29 21 21 17 16 49 15 0 17 46 7 32 17 43 12 
8 13 12 35 29 44 9 34 36 22 49 16 37 47 34 13 36 0 41 42 34 12 4 35 
2 37 30 17 4 36 32 41 18 6 13 29 16 25 30 14 12 48 0 46 35 49 19 1 
13 19 34 33 22 41 26 9 50 4 28 11 49 50 28 5 48 4 32 0 32 10 25 19 
19 39 7 28 31 37 17 19 37 34 37 18 48 21 3 11 1 42 47 13 0 25 38 15 
32 15 34 43 48 32 17 37 41 38 1 15 45 16 14 46 22 34 36 42 27 0 12 33 
30 34 45 44 32 40 13 13 44 31 25 25 14 47 44 19 38 20 48 47 30 48 0 7 
9 45 37 47 25 29 40 47 38 20 32 5 10 4 38 36 47 28 26 7 34 20 41 0 
1 0 49 29 15 48 22 30 15 3 32 28 36 49 45 44 39 34 5 35 37 6 32 43 
35 16 0 50 34 1 20 5 42 23 40 5 37 48 47 15 42 25 9 6 30 23 32 18 
39 42 4 0 40 43 2 50 33 36 20 7 44 50 48 38 30 46 49 41 6 47 45 8 
46 42 20 13 0 10 29 1 2 20 3 48 11 43 47 31 12 40 23 7 19 18 42 4 
15 44 38 30 10 0 31 32 27 22 45 35 8 49 23 40 41 5 36 18 37 41 2 38 
46 33 16 37 2 33 0 41 27 40 5 39 5 20 22 50 41 22 39 27 27 17 8 40 
33 40 1 33 2 34 1 0 5 13 13 7 43 47 45 44 31 44 32 19 45 3 10 19 
20 19 6 45 46 49 14 26 0 21 38 43 34 48 2 1 39 43 39 50 26 42 13 30 
3 47 29 9 34 46 49 13 37 0 23 21 31 15 47 39 6 7 49 38 36 5 5 12 
46 29 43 43 26 7 4 35 27 8 0 39 3 49 18 41 31 31 23 25 6 12 28 22 
37 42 5 34 44 28 5 27 25 49 36 0 33 30 41 3 24 7 34 38 45 23 26 44 
40 39 17 19 7 14 31 49 50 19 8 7 0 1 21 23 10 8 22 31 14 5 14 35 
11 40 28 49 18 23 24 33 49 11 49 16 46 0 27 9 49 13 45 50 36 15 23 35 
2 3 35 24 31 24 42 13 40 26 4 6 29 29 0 16 13 27 27 36 9 46 3 6 
28 34 49 24 18 20 6 29 21 39 5 27 46 34 49 0 44 10 7 49 10 40 42 21 
31 20 48 32 24 10 29 15 40 50 48 7 41 32 50 24 0 44 35 48 34 18 24 3 
20 30 28 33 27 2 47 44 16 36 13 19 5 21 38 32 20 0 43 24 16 27 49 27 
9 12 10 33 6 26 43 9 3 7 17 29 3 46 27 2 13 43 0 7 32 22 28 14 
46 4 6 3 28 42 45 8 27 22 3 20 22 17 19 42 19 24 27 0 10 12 38 42 
35 36 44 41 12 24 21 17 5 31 48 15 30 50 23 15 18 9 49 41 0 8 50 26 
5 36 45 2 39 9 46 19 2 8 12 22 17 35 1 33 35 6 5 48 40 0 24 3 
40 42 46 9 9 1 14 48 35 35 11 39 6 18 22 33 8 10 12 47 7 18 0 29 
7 31 17 27 15 35 3 2 37 32 33 5 11 43 1 37 18 39 10 28 37 7 46 0 
46 0 16 13 23 48 39 28 28 47 22 13 39 28 42 25 50 14 32 33 24 8 23 13 
12 40 0 8 24 45 8 47 41 43 50 36 22 11 2 12 6 14 9 4 37 34 49 4 
23 45 43 0 40 47 46 4 33 38 23 4 2 34 41 16 34 20 50 32 20 39 43 21 
15 48 2 27 0 20 16 5 37 30 14 36 36 29 3 18 50 45 40 18 49 49 8 1 
29 16 49 26 34 0 37 2 29 15 30 25 29 42 46 19 35 18 34 36 25 38 48 5 
37 31 3 1 38 31 0 22 45 23 8 48 24 12 21 40 21 1 28 36 21 6 5 25 
26 5 26 6 50 16 13 0 34 13 31 11 13 45 32 37 15 48 44 36 2 22 45 23 
8 14 28 13 36 47 3 27 0 50 33 7 27 46 12 26 22 30 10 24 36 43 2 9 
45 39 15 14 38 28 21 3 3 0 32 33 19 42 23 3 27 37 10 5 11 30 38 6 
41 3 23 22 6 43 48 9 31 6 0 5 33 24 22 34 16 50 30 30 4 45 14 44 
34 50 27 33 38 26 38 41 29 8 34 0 24 11 15 6 15 11 6 23 3 13 37 40 
29 6 3 45 5 32 1 35 12 28 10 40 0 22 29 10 10 34 43 16 27 26 41 48 
24 2 44 15 20 48 22 12 31 47 11 48 27 0 35 32 34 10 29 23 23 47 1 26 
35 36 2 47 40 10 48 11 14 39 9 30 43 12 0 17 31 37 40 16 30 43 12 31 
33 25 2 10 7 48 3 19 1 24 26 10 30 19 2 0 32 2 34 37 47 10 19 6 
39 22 43 48 37 33 31 22 33 23 5 19 22 38 1 42 0 13 11 21 9 6 17 3 
38 13 35 8 15 46 7 15 22 15 20 14 38 14 50 17 36 0 20 3 44 37 25 50 
31 44 1 43 24 37 40 11 1 22 20 5 36 3 26 17 26 26 0 9 34 5 3 25 
14 28 13 45 35 39 4 24 17 14 13 5 14 14 4 34 28 33 5 0 19 42 19 10 
15 15 11 3 28 18 28 42 46 28 20 38 15 11 43 5 22 47 49 4 0 42 24 48 
12 4 22 43 31 2 1 34 34 45 19 49 30 25 36 27 7 39 22 18 27 0 45 27 
40 23 36 28 33 23 44 16 18 42 17 50 50 6 25 48 41 45 45 37 43 47 0 13 
13 31 37 21 42 15 20 7 22 17 27 33 21 46 24 19 12 40 30 1 8 14 26 0 
36 0 21 32 41 32 23 32 9 35 43 11 23 48 47 2 2 1 49 35 45 33 24 24 
5 3 0 17 27 34 47 14 47 5 50 5 1 1 11 25 39 34 40 9 43 40 11 23 
27 22 10 0 38 29 2 23 19 43 13 48 28 39 15 46 49 12 22 47 6 24 43 47 
1 42 27 10 0 2 5 25 32 34 45 31 41 6 24 10 35 45 32 31 13 38 4 34 
36 24 39 42 47 0 22 44 5 49 35 26 9 47 3 43 22 14 19 32 14 34 9 25 
41 25 3 37 2 25 0 44 31 9 48 8 41 36 13 14 29 10 40 41 32 6 30 15 
13 33 3 11 18 44 7 0 40 1 28 50 49 17 44 35 42 31 6 5 18 12 39 12 
7 10 1 41 22 25 44 27 0 19 11 11 41 5 50 14 26 37 3 9 8 14 37 15 
47 35 26 48 11 27 2 13 4 0 24 21 46 2 17 4 35 16 8 1 31 38 7 4 
31 43 17 30 18 16 3 31 49 21 0 45 4 6 47 27 34 1 18 48 7 17 35 5 
13 10 33 18 44 1 13 6 27 40 32 0 45 6 44 47 34 48 1 44 22 26 7 13 
48 39 39 25 1 14 40 50 37 47 39 4 0 21 35 48 9 31 37 16 19 14 25 2 
21 40 4 34 1 7 24 13 29 6 47 36 29 0 5 27 12 42 37 41 45 49 18 40 
27 49 50 43 13 35 11 39 49 24 38 18 35 47 0 31 40 44 14 34 10 49 24 50 
20 4 4 25 24 32 24 30 3 4 50 27 35 1 14 0 11 28 19 18 48 12 42 38 
42 16 12 47 48 31 16 9 42 4 50 31 39 10 11 37 0 7 26 44 35 15 36 20 
46 40 30 4 6 41 31 26 38 28 17 12 10 12 35 27 50 0 37 45 8 24 36 21 
26 2 18 32 11 23 19 7 23 7 46 17 8 18 28 11 18 12 0 28 12 3 22 48 
1 26 23 49 45 49 20 28 47 10 19 4 3 39 9 21 4 20 22 0 45 5 15 46 
27 9 23 27 27 47 47 25 18 5 4 17 7 38 24 24 9 3 30 49 0 7 39 14 
25 22 10 41 24 42 31 27 43 37 30 46 40 23 22 44 31 50 36 2 49 0 50 22 
2 33 30 46 14 43 26 16 39 38 45 48 5 18 7 24 33 37 28 11 31 28 0 43 
34 2 38 10 49 50 22 38 16 26 1 8 9 44 47 18 35 18 21 41 8 46 25 0 
17 0 26 25 27 3 15 21 39 41 25 41 47 44 27 33 27 17 18 1 30 22 5 10 
48 30 0 37 19 44 44 11 37 35 39 27 21 34 25 24 19 24 45 38 10 33 19 48 
3 42 2 0 41 4 24 8 16 4 12 17 27 47 17 46 28 45 31 39 6 8 18 6 
50 2 44 49 0 27 36 35 45 28 30 32 35 28 42 3 7 13 28 24 24 9 18 49 
27 3 29 17 43 0 30 44 13 40 36 37 3 40 11 26 31 30 19 18 39 47 15 32 
19 36 43 24 27 28 0 35 44 47 33 4 18 46 49 20 43 16 34 17 43 50 41 40 
14 47 38 48 45 5 42 0 29 2 12 22 11 31 50 7 18 36 6 42 40 20 36 44 
30 32 11 27 2 6 30 23 0 33 28 47 30 28 40 31 41 39 6 5 3 6 25 39 
39 43 10 16 32 37 8 1 21 0 28 3 8 16 34 29 40 23 22 39 39 33 35 21 
29 29 5 16 3 35 16 34 38 6 0 44 22 35 43 40 48 37 25 27 27 2 25 32 
16 7 11 16 32 31 18 36 6 5 22 0 31 38 28 21 6 17 5 45 16 2 22 13 
44 48 34 24 2 15 7 8 20 5 47 39 0 10 43 20 35 3 21 21 38 17 13 13 
3 21 17 20 11 22 7 10 31 44 44 18 19 0 49 7 16 22 50 47 3 27 41 40 
12 14 48 21 42 45 32 35 46 31 35 31 4 36 0 45 46 37 13 45 17 45 16 26 
2 37 46 5 50 38 20 11 37 12 32 6 7 14 2 0 16 15 50 10 48 37 34 18 
4 31 27 5 11 41 32 25 45 46 39 46 34 46 41 32 0 48 26 21 49 19 23 31 
39 33 35 48 31 17 36 18 39 19 19 43 25 23 34 10 21 0 5 38 37 10 18 18 
18 20 24 18 12 23 17 35 49 32 50 38 22 27 43 2 8 9 0 28 50 28 15 4 
17 10 14 17 50 44 32 36 21 21 16 17 28 7 50 24 46 23 34 0 21 12 25 35 
13 34 28 4 31 29 33 19 40 3 16 8 9 49 6 17 42 18 46 30 0 18 6 10 
16 45 8 35 32 27 45 45 43 42 25 2 34 23 40 2 7 39 3 26 14 0 13 49 
42 26 41 7 43 3 16 46 18 7 24 13 10 23 44 1 42 46 9 23 17 35 0 47 
23 45 2 17 40 41 15 30 47 3 47 17 9 42 21 3 43 28 46 7 46 10 10 0 
31 0 30 14 38 11 31 6 40 32 8 30 18 13 41 37 27 5 3 27 28 10 13 6 
36 9 0 21 44 16 46 21 28 1 13 35 22 37 26 3 5 50 41 14 15 10 30 24 
9 12 6 0 2 41 4 20 33 1 18 24 29 30 40 38 40 45 11 30 30 6 28 20 
50 1 3 49 0 27 37 47 49 46 6 35 13 32 11 45 31 24 32 30 35 4 13 48 
24 15 13 1 19 0 4 30 50 19 31 42 6 2 39 6 43 46 4 20 29 23 46 28 
6 30 50 31 7 49 0 26 44 17 37 3 29 34 15 36 28 45 16 7 17 32 41 5 
44 42 19 39 35 31 34 0 35 26 29 37 7 22 20 24 24 2 43 38 26 20 49 10 
22 28 10 26 26 13 16 29 0 47 16 26 7 39 39 10 42 13 33 3 27 1 48 9 
15 9 21 42 5 24 44 16 35 0 45 33 47 11 25 6 9 23 10 50 40 42 47 13 
35 36 43 1 25 43 18 23 9 25 0 20 46 17 5 21 12 6 4 50 41 13 7 42 
49 17 8 25 31 17 2 8 17 19 47 0 37 7 13 23 20 23 18 22 24 23 42 30 
39 4 2 49 45 37 42 7 50 29 45 44 0 35 17 19 38 7 7 17 3 28 21 19 
15 50 33 34 28 23 42 33 20 8 38 20 21 0 29 18 8 22 25 12 48 8 13 20 
39 3 4 31 16 18 7 39 3 18 36 38 50 12 0 3 15 34 9 47 25 36 47 48 
49 9 39 50 46 28 16 24 11 3 30 44 32 25 42 0 27 16 13 20 35 2 35 42 
19 46 19 11 29 40 12 38 34 43 5 6 23 27 18 11 0 11 38 45 26 35 20 19 
22 41 43 32 32 12 17 13 47 15 17 20 4 28 17 37 34 0 49 15 47 2 27 19 
19 50 48 3 9 48 7 9 7 50 28 47 21 36 8 31 26 18 0 30 9 42 7 8 
15 34 44 1 11 27 21 24 18 46 22 24 33 34 10 9 16 40 6 0 10 21 27 31 
46 1 27 19 40 30 22 19 28 13 43 34 19 15 47 46 33 37 27 11 0 2 50 13 
25 47 16 9 15 19 36 47 37 39 4 48 50 35 8 32 44 46 28 44 11 0 41 1 
42 44 19 45 23 24 45 16 30 47 39 2 22 24 21 7 50 42 17 6 46 16 0 17 
47 12 25 6 33 15 25 7 3 34 47 24 16 47 25 13 24 43 23 24 2 12 33 0 
37 0 8 24 39 28 2 44 35 5 27 27 22 33 49 19 13 2 5 41 36 19 26 50 
5 11 0 25 30 44 14 24 42 16 36 29 39 48 9 26 47 5 9 50 42 48 39 25 
42 15 6 0 30 21 19 12 26 15 12 9 20 29 4 23 1 22 32 36 12 36 5 11 
21 4 26 9 0 36 28 19 34 3 17 37 33 15 39 34 3 23 4 11 15 28 40 40 
48 43 32 8 28 0 11 13 27 39 38 4 35 26 46 11 26 48 46 28 7 4 43 22 
8 13 38 30 13 8 0 26 40 34 32 15 29 16 4 20 42 24 40 40 48 45 12 4 
9 8 13 28 13 19 50 0 33 36 6 22 24 46 41 31 50 20 13 48 21 3 11 17 
45 23 29 5 5 17 15 45 0 27 47 9 30 23 1 31 13 22 35 49 30 24 45 30 
25 1 43 40 21 35 47 42 2 0 48 41 18 6 35 15 45 17 22 11 45 28 37 11 
9 50 39 50 27 37 4 32 44 1 0 43 4 4 12 27 45 10 30 6 8 33 32 33 
25 29 7 40 33 8 13 50 3 38 40 0 34 40 32 35 21 6 48 16 48 18 14 31 
11 34 40 28 2 15 22 30 29 28 18 15 0 22 20 47 22 25 31 1 40 17 14 28 
38 14 25 10 1 11 18 34 16 11 48 46 7 0 44 30 11 35 31 8 12 7 23 17 
14 1 9 27 41 17 17 25 15 48 6 3 15 28 0 6 22 20 12 44 3 5 25 25 
41 28 46 21 17 9 9 3 22 15 47 12 10 43 35 0 27 17 49 37 34 49 1 42 
15 34 30 10 39 50 13 20 13 40 27 18 49 46 47 1 0 16 6 46 34 38 19 16 
46 30 35 36 28 4 18 42 26 41 37 31 37 37 50 20 3 0 9 45 35 23 34 25 
36 32 20 49 21 28 4 17 4 47 18 34 30 4 15 36 17 45 0 48 1 28 13 15 
11 14 16 37 43 25 43 34 44 13 5 50 5 8 6 48 15 23 24 0 33 35 19 3 
21 16 39 24 29 41 25 34 48 24 17 10 35 6 41 11 42 11 14 24 0 22 25 5 
11 29 11 48 34 28 5 30 31 42 11 46 21 5 2 15 43 20 30 8 26 0 38 48 
22 42 24 13 32 23 21 45 32 46 12 28 46 19 44 41 6 43 45 36 18 24 0 11 
21 7 41 47 21 5 42 17 29 23 31 39 6 11 16 24 7 10 47 30 50 10 27 0 
7 0 46 50 29 24 16 32 3 30 49 32 3 7 41 26 1 41 41 29 33 6 15 30 
39 30 0 41 20 38 26 22 45 11 12 30 35 1 22 26 18 2 48 21 1 41 24 8 
9 33 32 0 10 7 39 21 28 22 42 16 12 50 34 46 44 27 9 5 22 42 27 7 
26 30 15 23 0 28 35 36 15 40 15 22 32 37 7 17 16 6 40 35 8 43 35 11 
27 35 6 5 44 0 42 37 3 17 32 27 6 30 42 17 44 43 37 27 27 47 28 2 
10 37 10 44 49 32 0 8 20 14 41 20 39 38 22 30 42 23 4 12 6 50 11 1 
37 24 40 46 42 22 16 0 9 14 50 34 47 18 34 49 38 22 9 13 13 15 11 4 
29 23 13 45 5 23 36 22 0 2 50 36 24 20 10 36 17 49 48 33 6 39 5 25 
13 8 25 17 41 48 38 48 37 0 26 21 11 24 29 27 12 36 29 29 32 48 32 11 
29 28 36 42 15 15 33 5 15 24 0 48 1 38 30 7 46 24 15 2 50 48 50 49 
13 39 22 37 47 28 11 23 28 31 48 0 47 39 5 6 23 34 4 22 7 38 26 28 
40 32 30 33 5 18 46 32 14 29 29 23 0 4 43 28 36 28 4 2 21 20 40 34 
19 41 19 42 19 47 27 43 12 38 11 33 5 0 18 45 7 5 32 50 35 18 10 33 
2 30 6 18 45 3 36 6 8 50 48 11 43 36 0 27 28 36 37 37 17 36 44 11 
24 19 33 48 47 39 21 6 17 9 9 17 12 13 29 0 33 41 27 32 3 33 8 7 
3 21 29 4 14 48 32 43 47 9 20 33 50 12 6 40 0 17 37 45 31 3 35 20 
15 16 8 5 46 41 4 41 28 16 12 30 28 18 36 8 8 0 36 16 12 9 43 31 
29 21 35 37 16 16 39 27 5 18 2 14 39 7 43 36 3 44 0 19 43 17 38 33 
29 22 32 30 37 45 37 24 12 23 35 29 35 11 5 39 25 39 39 0 8 12 27 5 
47 2 15 1 14 19 40 50 14 42 39 7 15 34 37 2 33 18 45 40 0 42 4 28 
9 25 48 5 45 4 29 30 21 3 18 35 29 22 44 24 6 22 23 21 38 0 47 5 
40 5 39 37 7 41 18 37 13 44 24 7 27 16 14 46 47 36 12 18 5 48 0 49 
8 31 39 44 40 19 19 33 41 13 21 9 50 6 17 22 40 4 16 5 42 6 16 0 
18 0 9 43 27 27 36 26 29 50 43 7 31 7 19 47 28 19 45 11 33 45 7 7 
14 40 0 30 15 22 15 39 43 7 3 15 21 36 48 42 42 48 15 34 21 16 44 26 
10 4 43 0 26 48 11 32 23 22 12 2 29 37 48 21 4 15 12 1 50 28 43 48 
12 31 27 4 0 13 18 11 36 42 21 14 20 11 30 39 41 32 26 30 44 9 35 19 
6 45 27 11 20 0 10 16 44 48 18 6 31 46 22 8 19 5 11 27 11 9 23 28 
11 25 26 21 19 25 0 49 49 39 28 12 21 9 37 8 42 27 26 27 17 2 6 49 
43 19 25 7 26 34 33 0 25 11 33 17 17 37 44 39 48 19 50 20 17 4 35 1 
49 33 48 19 50 35 32 7 0 26 5 26 33 2 44 19 24 16 7 3 1 39 42 20 
21 49 38 29 8 17 33 39 45 0 9 18 27 24 28 15 34 40 29 27 41 12 11 11 
37 4 1 27 4 11 1 34 13 7 0 13 27 21 12 7 25 40 44 16 32 25 34 18 
45 46 2 23 14 23 13 1 8 11 38 0 2 25 8 41 29 29 44 26 6 20 11 1 
44 22 34 5 37 48 47 30 37 3 37 6 0 31 3 38 38 11 1 6 5 17 33 11 
32 17 49 15 38 38 49 29 48 34 46 8 2 0 30 19 26 4 12 31 2 49 39 3 
11 26 41 7 15 6 14 7 35 12 12 3 38 38 0 33 9 43 38 25 39 22 36 46 
37 9 43 25 3 44 36 31 12 43 15 39 40 48 32 0 34 24 34 28 12 47 40 27 
32 39 21 4 39 14 25 50 31 26 31 4 48 23 31 12 0 14 49 31 50 10 24 50 
44 12 12 4 1 6 44 25 50 47 32 12 37 32 41 47 17 0 38 44 34 14 9 44 
34 12 43 23 15 13 16 40 18 9 39 28 42 28 11 24 45 38 0 2 32 7 16 12 
44 31 23 2 14 13 17 40 36 35 18 28 43 9 34 29 12 34 8 0 15 4 48 5 
49 20 7 14 50 46 13 28 37 18 50 49 43 42 12 3 28 2 19 3 0 43 24 50 
18 16 12 9 40 48 50 2 9 47 26 25 32 7 49 17 44 24 8 32 11 0 43 10 
42 37 1 32 30 14 35 46 12 25 20 40 49 39 37 23 30 38 17 42 3 17 0 18 
30 46 29 35 25 30 36 43 40 25 6 21 23 40 17 20 38 24 2 15 50 13 18 0 
1 0 29 7 1 28 45 44 2 7 25 20 22 36 2 30 11 16 26 33 30 16 43 19 
15 34 0 13 18 29 19 2 2 18 17 29 29 6 18 29 9 49 46 24 50 46 3 19 
32 19 9 0 14 36 40 18 33 2 8 11 43 18 15 27 16 34 5 24 2 5 7 23 
24 43 38 18 0 34 35 43 44 24 12 16 32 49 20 6 17 12 1 35 27 22 46 26 
11 44 22 31 40 0 45 22 2 14 25 47 35 21 48 23 34 49 10 14 38 31 3 34 
29 46 28 39 12 2 0 20 31 2 29 18 28 24 13 4 3 50 2 11 2 8 3 35 
35 20 40 18 37 18 9 0 8 45 9 11 44 35 12 6 10 1 45 45 45 7 4 20 
49 22 45 8 14 36 21 1 0 27 26 11 44 20 23 35 34 14 44 21 23 19 14 19 
19 41 44 43 11 8 13 8 29 0 31 50 41 46 42 10 45 23 25 8 34 19 24 19 
37 37 16 11 32 2 36 32 1 35 0 3 26 18 21 44 11 44 14 18 33 13 20 32 
39 43 4 50 49 49 11 30 1 45 22 0 7 6 45 48 32 7 44 50 49 6 44 16 
43 24 30 15 15 21 1 42 6 18 6 28 0 19 28 3 37 34 41 6 3 31 46 14 
38 16 46 32 12 39 13 21 26 46 27 12 26 0 20 34 47 10 50 3 17 40 1 17 
29 5 4 7 17 9 1 41 35 47 11 42 49 19 0 39 40 4 43 47 30 33 42 16 
28 17 50 44 47 4 29 30 24 38 50 17 28 8 32 0 47 13 25 5 43 16 15 29 
36 28 21 10 50 24 44 22 35 38 39 27 41 18 15 5 0 38 7 17 37 5 50 3 
12 33 22 47 35 5 29 50 1 13 39 14 17 26 44 29 7 0 31 17 16 30 40 32 
42 29 48 21 17 36 49 28 25 37 26 9 28 28 27 9 17 6 0 39 38 14 2 5 
48 29 45 28 11 7 39 35 23 23 2 31 18 37 35 12 14 3 35 0 15 27 42 18 
16 1 30 22 50 10 42 2 18 41 25 50 42 23 8 39 22 36 3 3 0 37 27 48 
9 23 33 44 25 36 30 37 28 6 12 29 27 31 35 39 25 32 21 34 40 0 44 37 
43 40 7 15 14 29 25 40 31 40 4 21 50 17 16 18 16 38 4 48 44 30 0 44 
31 8 37 47 28 22 16 43 8 16 36 40 5 19 22 16 8 3 17 32 40 24 10 0 
35 0 23 10 15 5 47 37 47 43 14 46 26 7 27 32 47 18 15 47 46 6 15 27 
11 49 0 45 23 46 45 28 49 5 8 48 3 25 19 8 11 47 22 20 43 27 9 44 
15 40 26 0 6 50 17 44 28 5 20 46 49 16 11 25 41 2 16 16 42 19 10 25 
8 29 11 4 0 50 25 37 23 1 3 6 31 33 20 39 29 32 12 30 44 33 30 20 
42 1 23 31 18 0 27 12 18 26 6 15 19 28 39 13 44 4 18 48 46 47 10 31 
42 22 13 38 34 31 0 39 17 43 29 9 19 4 28 45 19 47 39 35 31 26 19 2 
12 40 19 18 27 26 35 0 34 24 33 21 32 10 5 39 28 38 37 39 23 41 19 20 
10 16 10 50 2 7 12 30 0 6 24 21 2 49 16 13 13 42 8 45 35 37 34 46 
36 14 8 12 48 45 37 46 11 0 43 20 10 2 18 26 34 28 13 3 16 9 40 4 
41 13 25 24 48 16 46 35 34 26 0 21 24 36 44 46 14 36 19 28 10 9 29 7 
11 46 16 24 18 22 34 19 38 47 11 0 18 50 24 21 39 30 15 9 37 34 32 44 
41 40 32 50 18 47 31 30 45 12 7 15 0 29 33 43 29 13 50 8 33 28 25 27 
47 41 15 31 49 45 1 43 23 29 3 25 34 0 36 23 17 23 8 17 16 6 43 9 
42 7 38 37 47 37 26 50 16 16 14 36 10 3 0 17 32 36 45 20 34 36 27 9 
9 43 40 34 36 26 12 10 22 4 32 23 25 12 9 0 4 6 47 30 38 9 21 1 
13 14 6 26 32 21 36 10 24 16 48 29 44 7 3 41 0 25 4 7 43 33 29 30 
43 21 27 41 14 37 7 39 50 39 43 28 21 30 50 31 39 0 36 45 8 8 27 33 
15 48 4 7 6 34 3 28 19 35 34 14 6 5 31 22 23 18 0 28 49 41 1 30 
33 11 25 24 19 7 38 21 23 17 38 13 43 11 30 1 6 47 11 0 25 43 38 17 
45 26 8 14 22 41 31 28 43 14 19 21 47 31 11 35 22 31 15 11 0 48 19 42 
38 11 44 17 22 2 30 26 37 46 45 31 48 11 43 17 31 43 39 45 49 0 25 41 
34 21 45 13 40 45 29 27 19 26 34 21 3 28 24 9 26 14 39 32 26 3 0 50 
13 24 29 14 35 18 9 24 44 14 21 11 47 27 39 40 32 9 19 26 5 14 40 0 
40 0 39 7 35 13 32 11 43 15 31 21 33 39 12 32 44 9 11 3 41 8 33 18 
28 32 0 37 24 8 24 7 28 46 50 35 39 25 29 34 46 43 34 21 7 30 26 45 
1 29 50 0 15 11 16 3 24 33 8 21 29 4 26 8 4 20 8 4 26 34 5 24 
7 16 25 15 0 11 8 37 26 39 2 37 37 45 8 9 47 13 44 27 2 31 4 50 
31 21 35 31 2 0 49 27 1 12 46 6 43 50 36 1 42 17 46 32 33 27 17 39 
13 46 11 11 41 32 0 8 3 43 4 17 45 45 26 28 35 28 13 1 26 42 40 15 
10 12 12 2 10 6 49 0 22 23 15 32 22 35 41 39 36 19 5 43 13 40 33 41 
7 16 39 12 5 21 26 41 0 48 24 32 2 50 30 31 48 47 45 33 44 31 13 5 
44 45 39 27 32 21 49 28 25 0 27 21 5 36 22 45 44 1 47 24 34 49 3 39 
40 7 39 8 47 19 8 40 11 44 0 12 46 17 16 44 45 21 49 47 7 26 29 25 
46 27 2 1 32 47 7 30 6 41 6 0 50 21 44 14 3 9 18 37 10 12 24 26 
29 28 7 3 4 35 3 46 14 11 32 43 0 32 45 19 26 43 4 15 6 6 12 16 
24 1 7 47 38 40 39 19 14 23 1 24 23 0 25 44 4 45 4 46 43 40 39 2 
32 9 41 42 44 6 47 18 21 17 13 34 3 47 0 39 16 6 25 42 19 21 31 21 
46 1 50 1 20 3 10 19 27 35 50 26 39 47 48 0 45 13 17 5 31 8 11 42 
42 8 7 39 40 18 48 21 31 2 38 46 42 45 6 27 0 16 11 48 36 50 3 21 
50 19 9 30 30 2 17 1 14 36 10 8 43 14 15 21 2 0 30 14 20 25 2 2 
7 1 7 40 39 21 10 25 43 40 37 8 20 32 39 19 19 15 0 2 25 10 32 38 
14 14 2 40 47 7 36 34 47 49 18 2 30 23 13 28 30 5 11 0 18 19 6 7 
45 40 14 11 46 5 23 27 42 26 13 44 26 38 31 13 19 7 6 41 0 9 3 30 
9 46 6 37 22 21 50 15 20 8 8 8 50 34 46 41 29 24 22 26 27 0 17 30 
37 41 49 42 43 11 13 16 48 42 10 5 16 40 19 2 7 43 11 44 36 19 0 31 
32 30 23 17 27 17 38 28 4 42 17 20 47 23 29 8 5 7 43 10 16 40 29 0 
31 0 1 11 23 15 34 16 24 44 18 10 18 12 20 44 36 50 11 15 7 14 49 20 
22 29 0 29 36 7 38 44 10 15 42 2 43 17 17 44 23 45 38 19 23 2 37 6 
17 38 11 0 21 43 49 2 34 16 32 31 39 44 37 48 10 36 1 9 46 27 11 27 
28 19 6 39 0 20 20 45 27 19 35 24 12 48 46 17 1 11 14 9 36 12 36 29 
1 36 47 28 33 0 23 44 42 30 6 12 33 2 38 11 32 15 22 6 13 4 21 26 
1 15 20 50 48 32 0 18 26 16 43 41 6 3 24 42 12 4 25 43 45 6 37 13 
15 14 1 32 45 15 7 0 24 25 30 11 46 14 14 24 46 11 12 31 46 41 12 32 
8 9 23 10 2 38 11 27 0 20 15 2 5 37 48 1 24 11 9 20 17 26 43 28 
28 48 31 30 33 33 25 41 23 0 4 32 43 24 22 5 5 36 14 4 41 32 13 9 
37 49 10 38 21 37 22 46 6 16 0 31 45 13 22 8 28 44 46 24 29 2 5 5 
27 3 6 5 34 3 23 2 46 16 39 0 44 32 23 46 5 4 2 9 26 28 44 27 
43 34 28 37 10 46 9 34 8 32 44 34 0 35 15 33 38 43 34 15 35 30 24 28 
27 5 49 42 20 28 43 29 28 34 26 14 21 0 7 17 14 6 38 32 32 12 38 40 
11 40 21 14 16 43 13 9 48 19 6 1 32 12 0 5 39 7 15 4 17 50 10 1 
13 32 27 20 9 47 49 43 16 40 16 38 2 50 15 0 28 36 15 26 29 45 15 6 
35 2 2 50 26 17 9 22 40 2 39 9 32 39 23 5 0 12 50 27 40 12 17 24 
3 39 42 38 18 2 25 31 6 48 27 43 19 7 48 23 26 0 8 18 26 37 13 41 
33 39 13 11 14 30 19 25 44 19 29 50 11 34 30 41 21 15 0 21 34 11 6 47 
5 48 15 27 1 33 44 41 37 40 49 10 49 5 41 12 2 38 23 0 33 24 40 8 
37 39 47 17 48 11 16 30 31 28 43 8 14 50 3 18 43 50 28 42 0 10 13 25 
31 37 30 4 20 46 38 23 23 16 40 28 38 5 16 47 30 21 10 18 33 0 7 47 
28 12 49 20 31 33 46 48 49 25 15 16 31 19 8 46 35 43 5 20 43 24 0 23 
15 13 27 4 49 21 50 45 43 24 40 2 42 22 26 8 40 28 18 42 3 24 39 0 
36 0 28 23 25 26 26 28 38 5 5 40 34 8 4 30 48 27 49 30 22 43 41 17 
16 25 0 9 35 15 43 25 32 20 42 25 41 27 26 46 24 20 15 37 36 47 3 39 
19 4 11 0 30 41 44 23 2 47 46 11 8 1 18 41 13 46 30 23 20 43 33 14 
3 23 31 25 0 11 8 6 6 21 14 36 41 32 5 13 34 39 48 40 28 46 16 19 
46 7 29 2 42 0 6 24 33 47 36 41 8 8 10 19 13 45 41 40 41 44 15 28 
9 9 33 47 35 23 0 3 6 18 38 5 36 18 32 6 15 1 47 31 40 5 42 47 
6 24 21 35 45 38 7 0 25 25 31 30 20 43 9 10 40 11 44 31 24 21 4 25 
1 31 40 26 40 45 13 26 0 23 18 13 28 23 15 38 9 18 11 14 30 6 39 12 
13 7 41 7 21 47 24 19 27 0 3 50 20 4 5 12 17 30 13 6 7 3 31 32 
37 26 23 35 13 13 8 24 19 13 0 20 28 20 49 39 43 29 49 50 37 26 23 46 
34 5 7 45 34 18 50 32 10 32 26 0 4 32 48 12 12 6 19 29 31 7 35 27 
43 19 42 21 27 8 3 44 6 14 31 40 0 31 7 18 25 7 19 31 11 46 44 45 
7 45 18 38 44 18 47 43 39 50 28 14 27 0 42 48 24 24 7 38 20 41 1 9 
32 5 39 45 23 12 27 25 31 49 24 35 26 10 0 21 9 27 10 22 43 41 3 43 
42 33 10 46 7 4 8 25 5 6 37 36 33 6 23 0 25 31 12 25 47 16 3 7 
22 15 4 48 12 10 19 9 19 29 12 47 12 13 17 20 0 22 24 25 19 30 40 24 
38 4 4 36 41 31 16 7 28 39 27 38 32 4 6 47 15 0 36 48 19 8 21 10 
11 12 15 43 4 24 42 35 28 33 41 16 45 8 25 28 29 3 0 23 35 8 36 26 
36 16 16 27 10 33 32 22 17 17 45 43 25 27 38 13 33 37 5 0 50 6 41 38 
12 39 41 8 19 16 35 37 2 26 36 29 27 39 47 32 2 46 11 25 0 49 1 16 
1 1 41 41 41 49 3 37 20 45 28 5 39 20 25 14 6 33 31 43 18 0 39 49 
12 25 36 5 4 5 45 17 40 11 24 41 8 29 26 45 39 49 40 17 34 50 0 34 
9 13 27 33 6 43 19 8 48 12 3 30 17 5 45 50 33 25 29 39 44 15 29 0 
18 0 36 31 38 43 44 29 23 15 13 41 27 42 28 23 40 24 21 3 26 29 5 49 
10 40 0 44 50 8 42 5 11 40 44 35 9 47 25 5 27 15 20 40 39 18 26 28 
3 23 11 0 36 5 19 42 39 1 14 37 22 49 49 45 22 31 10 2 1 33 8 19 
26 15 20 45 0 39 7 39 16 32 34 12 42 28 48 7 1 43 49 6 34 45 11 4 
7 28 21 49 10 0 30 16 25 45 46 4 35 21 36 25 3 33 12 48 5 38 37 8 
18 25 25 10 10 3 0 28 24 25 15 11 14 17 19 9 30 37 17 9 17 46 24 13 
36 15 18 47 23 23 47 0 7 17 20 21 3 25 35 20 6 23 18 22 30 21 11 22 
8 34 24 32 12 38 29 20 0 12 44 12 40 45 42 6 5 1 28 9 45 44 46 16 
35 46 17 12 37 50 24 45 42 0 26 43 10 13 50 42 36 19 38 50 9 10 13 46 
26 14 17 13 22 3 13 16 28 13 0 19 39 36 45 27 43 20 38 50 21 14 2 33 
44 6 10 42 40 7 45 37 7 23 1 0 42 49 20 38 3 42 30 10 15 48 45 11 
6 42 43 46 31 22 10 42 32 24 32 23 0 7 12 11 24 10 34 26 13 17 36 3 
29 24 32 35 8 42 5 37 35 50 46 4 1 0 47 12 14 16 47 31 19 19 17 47 
32 42 32 6 1 32 23 32 45 20 39 15 22 49 0 37 3 1 28 37 47 24 12 8 
11 27 48 21 10 16 36 18 34 12 27 1 44 27 36 0 5 6 13 18 2 35 12 33 
40 16 30 44 31 42 33 21 24 20 34 22 30 3 11 13 0 17 9 3 6 3 46 48 
43 26 16 24 31 35 6 11 24 49 44 9 5 31 22 6 26 0 2 42 4 31 10 6 
6 2 45 1 2 43 32 7 31 45 18 38 19 16 19 2 36 18 0 10 11 23 37 44 
7 32 45 4 27 4 12 42 18 33 21 10 22 36 34 4 18 42 43 0 14 15 38 44 
4 41 8 50 6 36 22 50 33 19 9 39 19 8 40 5 4 19 3 1 0 5 48 6 
47 17 3 14 42 19 31 24 30 19 39 41 14 20 4 6 7 46 34 39 41 0 14 47 
16 47 29 38 40 45 13 38 39 7 35 12 34 4 23 30 31 2 46 29 20 30 0 18 
27 36 50 13 47 5 22 10 16 34 20 37 18 13 32 42 30 17 32 1 34 29 8 0 
21 0 3 35 16 3 37 46 35 27 37 30 2 2 40 32 17 33 17 48 20 28 14 17 
6 17 0 50 11 17 12 38 29 34 48 28 29 11 13 39 20 23 20 49 43 1 38 12 
30 2 49 0 1 50 34 37 10 31 7 36 30 49 3 26 29 23 39 8 47 5 24 11 
21 5 45 48 0 25 50 30 21 17 18 6 20 9 18 12 39 46 47 39 48 23 25 33 
40 17 48 41 26 0 4 44 42 7 7 42 28 47 5 37 13 10 1 37 20 12 43 34 
18 12 12 1 12 50 0 16 27 39 47 22 5 31 28 9 4 17 24 27 49 14 18 41 
15 35 10 35 30 48 37 0 5 22 47 34 30 30 15 4 32 42 42 30 3 31 26 50 
6 36 2 47 20 47 36 44 0 20 50 21 47 16 3 16 37 30 3 42 50 9 47 48 
29 40 13 42 35 8 34 15 10 0 40 35 4 50 29 1 17 8 36 3 15 30 10 18 
38 29 27 6 1 1 39 26 42 9 0 38 23 8 7 6 2 37 37 36 11 7 32 50 
16 9 30 36 35 15 6 33 18 20 23 0 26 13 8 3 33 15 21 15 43 45 12 6 
43 11 3 35 17 29 45 49 11 7 30 11 0 48 22 15 5 12 37 26 21 4 36 32 
43 44 35 4 21 40 43 39 5 5 3 37 25 0 32 30 40 5 23 21 12 19 34 48 
5 12 1 17 4 7 20 42 3 8 30 11 42 32 0 26 25 10 19 18 26 7 45 36 
40 24 32 47 22 49 33 24 13 10 47 30 42 21 24 0 39 33 35 14 1 29 46 21 
38 8 30 49 11 44 1 8 41 11 27 11 43 22 10 49 0 44 20 35 17 2 46 2 
34 5 36 30 36 41 44 45 7 45 3 45 39 42 50 23 30 0 12 3 6 20 16 11 
31 18 23 37 21 31 45 29 20 43 6 47 45 25 15 16 17 48 0 16 20 17 41 28 
21 7 44 48 5 5 50 40 33 18 45 6 12 13 4 24 15 12 16 0 34 2 33 45 
6 48 15 47 36 9 4 46 44 41 40 2 31 27 34 41 25 21 3 24 0 29 1 20 
3 4 13 25 2 9 1 8 26 39 12 38 1 40 9 14 32 30 23 1 16 0 22 11 
24 47 31 22 42 13 50 10 17 6 28 13 44 24 35 2 38 44 34 15 14 19 0 40 
33 1 16 7 21 44 6 50 5 31 43 39 28 21 37 10 45 26 29 46 32 23 28 0 
16 0 41 48 28 36 7 33 8 47 6 7 49 21 26 7 29 17 11 6 24 32 1 35 
7 31 0 1 35 40 39 36 24 9 10 24 50 16 24 16 21 44 23 24 46 34 22 23 
16 34 38 0 47 13 35 26 50 47 15 7 42 48 35 23 44 20 12 33 49 39 48 26 
41 6 1 40 0 13 2 8 5 1 36 9 35 1 2 42 23 39 34 11 27 35 10 33 
19 37 21 29 5 0 34 2 24 35 19 8 48 42 13 45 13 48 39 11 6 6 39 50 
22 42 28 39 44 16 0 28 21 41 31 24 32 4 43 23 4 22 50 13 25 17 44 4 
1 11 44 21 13 39 25 0 5 27 30 37 49 38 27 46 8 8 7 48 17 17 18 31 
42 21 26 35 39 6 44 15 0 33 29 39 28 28 50 45 15 33 17 27 48 3 17 44 
36 28 26 42 5 18 20 28 38 0 34 31 3 1 38 5 37 49 33 15 5 21 50 50 
18 8 14 42 15 1 40 20 29 26 0 27 41 8 14 15 40 48 13 2 1 44 48 48 
45 28 29 30 29 15 38 13 24 37 28 0 9 34 41 26 5 27 48 14 3 27 24 48 
47 23 35 44 18 42 19 49 6 20 11 20 0 15 37 21 12 6 41 14 3 4 30 5 
31 49 22 9 25 4 31 46 22 21 31 32 7 0 45 22 20 21 6 39 23 39 24 22 
12 19 7 37 9 12 14 22 44 17 19 4 46 47 0 33 45 45 25 25 39 49 34 5 
14 17 35 22 43 48 16 8 16 7 27 10 41 18 18 0 23 34 8 49 38 15 39 41 
26 24 39 11 45 48 14 35 24 29 14 44 20 25 40 22 0 24 28 10 4 48 20 38 
43 27 27 3 42 32 50 47 41 26 27 9 49 5 37 22 11 0 2 22 4 32 27 25 
49 48 44 36 26 10 6 36 43 7 36 46 35 18 45 23 4 24 0 32 23 19 44 16 
42 18 38 7 50 2 27 16 6 17 2 29 5 48 46 25 38 36 40 0 34 2 13 9 
3 5 16 29 18 30 1 4 7 6 32 3 19 38 4 6 34 17 41 31 0 30 33 40 
40 26 8 49 44 38 29 11 15 30 9 35 2 35 23 9 37 6 13 46 24 0 24 46 
28 37 35 30 6 18 12 33 30 21 15 27 4 11 32 7 17 29 46 18 24 10 0 4 
2 22 12 8 5 25 17 38 17 17 31 31 12 10 9 23 43 3 47 29 15 38 8 0 
20 0 49 5 50 46 18 29 6 23 18 34 34 8 45 10 7 8 14 33 49 10 24 31 
20 48 0 8 6 3 16 27 32 40 15 14 43 9 50 26 21 21 39 12 9 13 29 27 
1 29 34 0 46 39 16 32 39 49 46 19 36 3 39 12 26 40 46 37 45 19 45 3 
2 8 33 43 0 13 11 49 16 19 42 21 8 27 19 20 38 16 8 26 16 47 41 15 
24 33 9 13 22 0 13 26 35 8 7 27 33 39 7 24 19 28 1 31 1 44 32 31 
35 8 21 9 21 37 0 43 30 7 11 43 10 10 5 49 27 3 43 8 14 2 1 37 
31 32 43 39 49 16 16 0 41 21 43 2 24 6 1 5 5 48 15 28 21 22 47 47 
15 15 30 24 29 8 37 18 0 30 34 21 40 27 29 48 45 14 41 21 22 18 8 32 
44 26 49 38 10 49 25 31 16 0 35 35 28 25 20 42 37 33 35 25 23 40 35 12 
28 26 50 20 14 30 1 25 30 7 0 34 36 48 30 21 28 19 6 4 5 6 43 1 
24 26 23 4 39 38 43 36 42 9 15 0 21 13 10 30 11 2 15 11 5 22 41 34 
45 8 13 8 6 17 37 31 7 36 25 27 0 45 42 26 13 38 38 22 42 27 33 9 
9 18 40 45 2 40 45 38 30 34 42 28 47 0 27 31 38 19 6 29 9 36 38 34 
36 20 27 3 24 18 50 49 7 12 49 5 40 16 0 22 35 41 12 48 46 44 3 14 
29 37 7 50 3 37 49 25 24 21 35 5 25 26 38 0 22 20 30 35 36 17 49 22 
41 22 47 21 38 48 39 42 41 33 7 48 16 17 18 47 0 13 8 37 26 34 6 12 
48 10 4 41 28 16 9 18 47 31 15 17 29 7 17 12 28 0 35 30 44 22 19 28 
22 6 3 33 23 28 31 24 39 35 10 50 11 35 8 11 27 32 0 16 11 18 2 50 
40 41 46 47 10 41 4 12 40 29 33 32 35 26 33 37 41 17 7 0 26 33 19 7 
6 28 21 25 4 12 7 8 10 21 6 14 43 27 31 21 34 35 23 21 0 21 28 3 
23 36 44 46 25 45 11 26 18 21 34 40 20 39 17 1 50 34 22 23 12 0 30 13 
41 10 10 46 24 42 10 49 36 29 25 49 39 10 17 32 14 50 46 39 43 9 0 37 
12 32 18 34 23 38 50 6 42 43 23 4 37 15 49 38 35 8 22 48 12 45 41 0 
28 0 42 34 2 9 24 17 42 20 32 23 49 14 7 8 37 12 37 23 34 6 16 7 
31 17 0 15 13 11 31 22 11 25 17 42 41 43 40 36 41 33 26 2 4 22 14 17 
36 31 27 0 22 10 12 40 12 35 12 35 4 35 45 11 6 11 49 22 48 33 22 17 
15 48 26 47 0 41 8 5 13 35 17 1 29 32 34 10 12 50 36 5 7 29 8 36 
2 47 22 20 41 0 5 1 16 34 14 15 13 24 35 16 49 5 31 49 1 37 35 16 
30 22 2 38 22 12 0 29 15 38 7 13 25 50 20 38 14 8 34 1 18 16 18 22 
37 28 35 38 1 27 30 0 8 49 17 32 42 49 40 18 29 4 5 49 27 6 12 10 
16 29 17 17 42 17 37 17 0 1 12 1 16 10 38 25 29 39 8 50 14 8 19 28 
40 25 40 5 47 13 17 42 16 0 25 18 19 9 34 10 39 42 13 1 31 30 49 24 
8 42 30 27 11 19 7 48 2 48 0 1 28 43 2 12 40 5 34 21 35 41 43 19 
16 45 29 20 9 1 8 38 49 42 1 0 32 14 18 37 7 23 10 27 17 22 8 7 
18 38 30 24 46 48 10 14 33 16 24 14 0 32 32 50 49 47 45 10 3 36 42 20 
49 23 19 27 49 26 14 26 47 8 39 12 32 0 29 28 12 41 40 28 18 16 41 4 
5 26 23 11 30 23 13 6 21 26 18 32 1 28 0 21 11 38 20 41 27 6 44 20 
18 20 20 33 20 14 8 24 5 9 19 14 2 26 15 0 34 4 35 3 19 37 15 47 
28 34 21 29 41 49 26 14 48 12 7 5 41 11 40 44 0 42 13 3 14 24 33 14 
19 35 24 36 37 43 4 26 34 3 24 42 49 49 36 18 25 0 29 45 21 3 46 21 
24 23 14 41 11 6 35 2 23 45 21 2 44 18 14 40 21 45 0 36 24 3 18 20 
42 45 7 45 28 35 30 12 11 24 14 50 13 23 2 43 20 49 2 0 1 47 29 48 
42 1 12 40 24 27 18 22 19 7 4 23 47 5 12 7 17 44 34 10 0 28 31 18 
1 17 19 3 17 25 1 17 23 13 47 16 44 16 46 6 36 44 3 45 44 0 9 50 
6 38 9 43 35 7 14 20 21 12 34 11 23 5 24 1 48 19 40 32 11 50 0 40 
18 41 21 39 49 16 26 36 24 43 18 14 15 8 33 16 11 9 44 27 4 11 6 0 
24 0 1 12 43 5 27 5 27 40 6 49 42 2 14 19 16 4 46 26 10 19 6 42 
10 44 0 16 3 30 24 17 24 36 7 36 48 39 37 23 21 9 20 16 28 8 17 17 
32 3 42 0 44 41 32 29 2 38 18 9 3 50 40 25 26 4 24 33 14 35 16 17 
30 29 31 25 0 18 40 3 28 34 44 27 34 1 38 30 26 43 8 6 48 30 30 35 
24 32 35 45 12 0 5 26 3 33 16 36 12 16 10 7 11 12 35 40 26 10 23 6 
25 38 24 48 40 6 0 29 19 37 1 44 8 44 33 45 41 24 8 41 45 19 15 26 
15 16 36 47 44 13 40 0 5 26 1 26 11 8 38 7 37 47 4 48 50 12 22 3 
14 29 17 45 17 18 20 28 0 38 10 12 10 32 4 10 35 6 47 46 19 7 18 23 
38 3 18 22 44 42 22 16 15 0 44 14 23 18 28 19 24 38 6 23 39 1 46 29 
26 33 38 19 42 3 16 3 47 46 0 7 29 42 49 46 26 37 16 45 48 17 19 32 
42 8 37 24 9 13 34 30 22 43 25 0 43 40 7 24 30 13 49 41 17 27 12 49 
28 25 42 31 37 23 7 48 13 7 2 46 0 11 5 30 7 40 13 16 35 37 18 7 
7 20 13 36 32 49 26 2 5 31 10 10 49 0 18 33 48 8 15 46 12 36 39 12 
13 26 34 43 2 4 12 27 13 10 18 35 11 24 0 37 25 50 38 5 47 15 2 45 
31 39 7 16 9 21 41 6 22 19 9 50 11 49 7 0 24 48 44 4 47 1 31 33 
22 24 21 40 47 25 31 42 47 12 31 3 4 45 39 4 0 7 22 5 47 17 3 24 
26 27 43 14 7 4 12 6 45 1 6 36 42 38 31 45 31 0 41 28 13 39 31 46 
3 30 10 41 48 25 46 34 17 19 50 46 14 4 12 24 39 35 0 7 36 3 48 9 
47 17 27 27 24 7 40 41 36 46 32 41 34 48 14 15 31 49 17 0 40 17 43 43 
17 42 20 17 39 28 33 45 43 5 21 14 24 21 48 23 28 28 29 15 0 50 32 13 
28 27 26 21 26 37 37 9 43 5 25 10 36 4 40 1 14 3 1 39 36 0 14 34 
40 44 33 26 39 12 39 28 43 36 29 43 40 14 8 7 8 6 47 29 10 50 0 12 
13 20 39 27 16 12 49 43 28 15 44 36 27 44 12 49 47 5 27 32 25 7 12 0 
50 0 37 6 47 44 34 40 35 25 40 33 21 7 1 36 23 16 45 43 2 28 47 28 
31 13 0 47 8 50 25 33 19 37 6 8 39 41 10 16 6 10 38 30 20 47 45 24 
5 49 12 0 32 12 38 33 5 34 4 10 26 34 47 26 40 11 42 21 46 15 49 12 
46 14 1 40 0 33 14 48 28 32 37 40 43 10 39 44 22 32 5 1 25 36 31 35 
32 9 35 49 20 0 28 26 49 9 6 37 17 18 11 49 50 42 36 27 28 39 44 5 
17 1 18 21 40 42 0 14 25 27 15 30 19 31 49 16 29 50 6 39 31 37 23 23 
26 11 34 6 10 39 10 0 3 46 38 5 18 48 2 8 37 8 46 32 11 3 38 43 
18 1 26 8 27 23 1 14 0 18 44 29 42 11 6 36 4 36 17 12 35 32 26 31 
18 27 43 20 31 36 6 13 21 0 38 19 16 5 35 32 33 31 45 25 38 25 20 11 
48 31 22 42 46 44 41 4 11 43 0 21 8 31 35 4 20 28 13 31 9 4 43 41 
32 20 5 35 31 40 7 39 7 49 17 0 46 39 10 44 10 20 30 35 8 24 35 27 
2 49 28 25 47 25 44 11 7 6 40 40 0 22 41 10 10 14 4 5 14 10 14 40 
15 11 34 3 12 29 20 35 18 48 44 4 36 0 4 16 11 14 13 38 11 41 49 20 
22 19 10 20 21 4 19 21 18 38 10 13 15 13 0 22 32 33 37 21 23 42 29 38 
24 7 49 44 41 2 22 4 50 16 41 13 35 3 10 0 50 32 49 28 26 16 26 42 
1 48 42 31 6 24 20 27 28 44 32 36 14 23 10 29 0 19 47 34 11 47 25 1 
38 30 23 38 39 25 15 3 22 49 15 48 47 50 21 16 31 0 30 40 13 20 4 17 
47 27 22 21 9 30 32 16 45 27 47 4 2 34 36 31 2 14 0 41 10 38 49 25 
14 30 49 31 4 31 7 12 32 35 14 27 11 18 5 6 23 40 33 0 20 21 50 46 
20 33 45 49 38 49 29 44 29 48 3 9 42 11 50 29 35 38 16 16 0 20 39 7 
25 14 48 8 18 20 6 29 4 15 34 30 49 9 33 20 13 3 41 35 29 0 9 9 
14 46 24 12 48 33 6 34 27 31 26 21 35 41 41 12 25 24 20 49 45 8 0 31 
2 20 3 19 3 13 29 5 29 17 5 35 13 45 8 8 47 48 31 8 49 23 39 0 
48 0 29 22 42 16 11 10 10 15 6 15 23 43 46 14 4 21 48 27 48 4 30 6 
29 17 0 18 17 23 1 14 50 32 29 31 5 40 31 22 13 44 19 7 41 29 48 23 
15 12 34 0 45 10 10 23 26 35 18 23 44 25 49 44 38 9 2 6 33 44 13 41 
24 23 50 36 0 33 29 48 40 28 31 45 3 5 40 7 4 41 10 3 46 37 17 38 
47 15 50 32 48 0 39 23 16 29 3 21 10 23 11 25 40 48 38 28 46 13 31 47 
40 48 3 48 16 23 0 41 17 5 7 36 4 22 34 47 50 2 5 16 16 50 34 30 
35 44 17 21 6 8 10 0 22 25 16 18 11 34 45 41 8 43 39 36 17 4 37 7 
3 7 1 38 27 41 48 15 0 47 6 19 19 4 50 3 35 9 45 36 11 38 4 23 
13 6 11 48 24 28 14 18 27 0 48 38 14 15 6 21 33 31 28 2 22 6 16 27 
38 8 40 4 28 22 18 27 20 50 0 34 38 33 17 44 24 38 33 39 42 21 17 37 
38 30 39 13 6 33 37 32 17 48 29 0 24 40 34 25 37 46 9 22 18 14 31 18 
38 17 37 4 15 40 18 24 6 21 22 3 0 25 39 10 13 44 33 19 17 41 5 43 
4 41 13 46 43 33 50 49 23 7 12 1 47 0 19 30 23 43 50 24 23 4 19 32 
1 48 36 47 28 36 46 15 27 34 24 34 14 2 0 44 25 42 6 22 49 46 13 39 
14 45 15 11 27 18 18 32 40 35 9 13 48 7 37 0 23 14 28 43 35 17 23 35 
16 22 49 25 33 18 32 20 36 38 10 23 3 14 26 20 0 47 10 3 34 49 5 39 
47 18 5 34 8 22 4 28 22 41 10 49 40 28 43 36 15 0 8 16 24 25 39 35 
35 9 39 8 47 26 14 39 37 11 33 3 8 28 34 25 49 33 0 11 38 33 43 15 
37 42 4 24 39 27 34 32 15 9 34 21 25 20 14 8 3 8 2 0 24 38 8 26 
36 9 31 34 18 42 15 1 3 42 44 3 17 43 2 26 13 3 30 18 0 44 25 7 
10 5 35 25 8 30 31 20 28 29 16 19 16 9 43 16 40 1 8 31 30 0 31 18 
48 16 1 33 40 21 8 40 32 12 2 21 30 33 17 7 21 22 22 17 24 1 0 24 
37 17 21 37 41 18 36 44 28 29 38 38 10 7 48 42 49 20 40 34 8 14 38 0 
14 0 34 23 44 38 9 8 14 44 47 42 15 16 19 34 18 23 46 19 25 42 43 46 
8 50 0 24 31 24 48 35 17 17 23 30 8 4 18 24 49 35 20 16 44 41 19 42 
32 23 15 0 2 18 38 40 40 46 21 38 16 44 15 29 35 17 10 30 25 43 37 12 
31 1 49 48 0 34 6 27 49 5 39 8 42 9 9 46 17 29 28 34 34 37 17 2 
31 34 6 36 50 0 34 11 45 50 46 12 35 2 20 41 6 34 20 22 33 27 36 23 
21 26 21 44 2 48 0 10 3 25 15 49 18 14 28 21 28 16 44 45 9 47 47 25 
45 48 39 23 50 15 15 0 34 26 45 11 36 10 30 40 10 48 40 43 37 21 4 2 
27 28 14 43 7 40 33 28 0 27 24 2 26 46 13 25 11 39 10 32 24 24 3 43 
11 49 26 34 48 19 4 10 4 0 42 46 12 45 36 23 9 44 43 17 35 12 8 4 
45 48 23 30 5 27 40 30 28 24 0 36 3 45 31 6 35 9 23 15 48 35 50 1 
31 25 17 2 38 31 8 19 31 3 45 0 32 37 26 40 50 33 15 12 19 39 10 33 
29 28 39 8 9 12 48 11 20 45 47 42 0 6 39 26 2 50 21 6 5 1 50 49 
19 10 20 24 32 33 23 32 13 22 42 38 24 0 49 23 50 8 33 43 25 38 41 34 
34 11 8 14 13 48 34 5 33 29 30 20 49 39 0 38 17 28 48 13 34 21 14 1 
2 3 27 22 49 23 8 25 12 29 26 36 13 24 20 0 11 34 30 17 10 10 45 30 
24 11 20 17 15 28 25 7 14 21 11 6 11 36 26 35 0 32 25 4 18 41 23 3 
26 43 9 37 29 5 4 5 42 8 24 3 12 29 7 43 47 0 37 23 13 16 3 19 
10 26 8 45 35 35 6 27 39 2 8 45 24 7 42 47 3 10 0 17 20 49 37 33 
15 7 26 32 8 32 19 11 38 23 25 49 12 21 10 19 21 37 31 0 36 2 4 35 
33 37 6 41 21 4 50 34 20 23 44 44 39 10 3 48 46 21 41 21 0 22 50 9 
30 26 43 41 46 33 19 2 31 12 22 43 46 2 42 48 8 39 40 5 26 0 19 28 
22 10 18 39 35 16 12 33 13 34 29 26 15 28 13 4 1 2 22 14 32 17 0 17 
7 47 5 23 34 32 33 45 33 12 48 22 31 28 45 34 37 19 29 9 10 18 27 0 
27 0 20 45 36 39 4 5 6 47 5 43 12 42 31 43 28 2 31 39 46 14 17 7 
32 26 0 6 18 36 45 3 8 8 39 21 28 3 40 47 44 42 28 7 2 17 39 17 
3 4 44 0 42 28 28 22 22 13 10 14 13 10 33 37 20 12 44 47 36 23 22 3 
41 39 5 38 0 47 19 8 16 40 44 9 4 14 42 3 26 30 36 17 9 19 40 28 
38 11 6 9 46 0 8 21 3 44 32 2 3 4 24 41 25 4 5 45 24 19 1 30 
23 28 9 19 17 50 0 6 14 35 2 11 18 28 42 10 12 8 20 42 16 23 13 40 
50 2 40 12 14 4 24 0 16 9 37 31 34 32 38 40 4 3 38 18 17 2 43 7 
14 33 44 44 37 5 27 36 0 8 10 39 10 17 28 39 43 11 11 36 2 32 47 9 
29 25 19 16 40 28 5 47 38 0 7 46 26 29 20 10 37 12 33 1 23 25 44 29 
23 27 15 45 7 6 17 41 25 17 0 25 16 20 19 39 38 8 4 13 1 3 22 2 
10 24 1 25 24 20 31 24 34 35 47 0 47 39 25 33 48 41 22 16 21 10 4 4 
41 19 23 45 43 20 12 43 26 1 26 5 0 22 7 32 43 22 45 44 41 31 24 22 
50 13 25 6 23 30 37 1 43 6 20 11 6 0 2 26 38 4 23 43 21 46 14 21 
12 42 9 29 45 27 16 13 23 18 47 23 32 18 0 15 39 14 40 1 34 49 2 46 
26 42 46 8 40 19 39 3 27 37 43 14 14 14 1 0 42 25 27 43 48 43 10 29 
44 20 40 35 30 32 46 31 22 10 46 33 38 50 20 27 0 45 35 15 21 37 39 5 
1 26 13 48 27 7 6 5 4 17 13 2 38 50 34 10 22 0 32 7 22 4 19 31 
13 43 6 50 49 14 28 40 43 6 16 39 9 17 34 19 24 16 0 6 43 17 26 48 
32 27 11 25 44 39 31 18 1 33 45 50 6 22 8 8 42 26 28 0 21 47 23 12 
26 43 39 13 33 6 48 27 15 38 45 24 24 38 39 35 1 12 38 15 0 7 15 18 
28 48 17 8 15 18 39 5 2 10 16 36 33 5 27 48 12 3 7 31 13 0 12 48 
35 21 3 41 28 9 9 9 5 11 26 12 15 16 48 34 10 26 33 44 15 8 0 2 
7 31 25 14 26 12 1 34 5 16 1 33 38 12 27 12 46 43 2 12 26 7 44 0 
12 0 33 15 20 48 5 30 19 34 27 20 47 11 3 46 33 47 5 27 21 46 15 34 
11 22 0 33 14 37 1 14 47 27 50 38 13 32 12 42 4 30 26 48 17 6 18 16 
17 9 1 0 10 5 7 49 37 48 48 49 4 49 15 41 43 18 21 31 44 48 23 41 
14 21 5 1 0 48 46 48 48 28 43 7 16 5 37 42 9 40 28 14 40 16 33 9 
44 39 39 33 31 0 47 26 25 18 44 19 38 39 50 7 1 41 50 50 22 11 42 49 
36 7 27 12 41 16 0 35 34 25 31 13 11 12 10 13 18 1 2 19 39 23 36 50 
3 9 34 28 23 40 16 0 12 48 2 41 3 27 5 35 35 9 34 11 45 7 26 40 
45 42 28 33 50 20 43 4 0 27 50 8 24 4 8 39 12 44 9 20 16 10 22 7 
37 13 16 17 10 5 12 42 43 0 27 20 40 36 46 8 17 42 5 49 14 3 20 31 
32 28 21 23 18 36 38 10 30 23 0 35 42 20 34 4 33 50 15 9 15 48 34 19 
3 17 36 43 28 12 11 9 5 17 33 0 35 40 40 32 45 7 6 17 40 17 1 4 
38 34 39 22 49 49 45 5 34 48 10 18 0 7 32 44 10 49 20 15 31 25 38 49 
14 44 18 20 3 10 31 45 2 3 13 49 9 0 39 40 13 10 11 13 50 37 30 22 
26 14 13 46 19 21 3 21 30 1 35 25 29 32 0 29 42 46 3 4 9 16 45 34 
36 21 9 7 5 21 12 38 12 35 22 42 7 40 14 0 13 25 49 32 33 48 24 15 
12 31 31 19 17 47 34 22 7 32 31 28 25 10 14 49 0 50 18 13 23 41 7 40 
23 3 32 41 30 10 34 13 36 12 7 47 27 25 3 46 42 0 29 13 15 11 26 13 
40 3 11 1 33 15 35 1 24 5 41 8 17 36 7 5 12 24 0 20 45 17 19 14 
38 24 48 23 22 45 28 42 30 47 40 43 38 19 10 2 48 2 11 0 34 42 36 17 
37 10 35 24 2 42 42 32 47 21 40 24 27 36 42 14 7 46 14 12 0 12 27 44 
19 37 2 22 22 44 6 36 22 2 7 12 14 37 22 27 50 38 16 44 22 0 49 45 
33 16 6 38 5 38 29 24 6 10 17 16 38 50 20 20 38 41 36 18 23 21 0 24 
29 27 35 19 14 25 46 34 22 21 42 19 6 17 6 2 48 43 28 1 2 47 22 0 
35 0 28 30 18 28 3 36 31 23 13 43 27 12 20 19 16 50 11 27 45 46 46 31 
14 4 0 32 40 38 26 45 20 23 33 6 1 42 34 7 18 31 37 40 19 7 14 40 
45 32 30 0 28 29 41 26 3 26 39 47 16 15 47 14 48 6 29 43 20 45 7 19 
27 32 44 43 0 46 9 7 28 25 1 15 38 8 9 48 17 30 47 30 30 13 46 18 
43 22 17 39 35 0 40 14 45 45 38 13 3 46 35 49 30 44 20 12 23 16 50 9 
7 40 9 13 14 23 0 15 27 7 32 15 2 21 30 20 23 38 11 6 21 1 45 7 
2 32 31 18 36 11 2 0 24 2 43 14 11 50 27 28 1 22 30 11 7 22 32 34 
28 1 25 48 24 13 11 30 0 9 12 34 7 31 33 6 30 17 6 8 13 9 8 19 
21 47 10 10 35 41 40 39 35 0 20 48 4 18 12 14 28 12 42 14 5 49 17 20 
48 18 17 1 44 1 14 20 26 21 0 32 4 2 14 3 27 40 19 24 49 37 33 30 
38 18 4 28 47 21 46 3 21 5 27 0 13 42 18 41 47 38 22 1 23 34 37 9 
12 14 9 16 25 37 25 18 33 15 39 29 0 34 41 24 17 49 30 18 11 49 25 2 
11 9 49 23 37 28 37 10 47 2 9 42 15 0 38 6 22 17 46 38 44 49 4 39 
8 6 15 5 2 43 16 26 11 37 13 49 8 26 0 15 39 41 47 5 43 28 25 49 
9 29 44 9 2 16 12 32 4 8 20 42 17 22 23 0 35 18 31 26 49 6 2 40 
49 47 2 7 47 48 44 11 12 33 8 6 26 9 35 15 0 11 49 6 9 41 38 34 
49 18 18 13 38 12 2 26 44 8 39 45 13 50 9 15 34 0 10 47 9 9 9 17 
47 26 33 17 16 50 50 43 50 11 13 4 40 30 36 6 50 11 0 8 15 49 37 14 
22 16 2 35 22 50 45 30 25 40 2 21 37 5 46 36 26 44 15 0 40 35 50 46 
20 35 49 4 48 49 2 44 18 11 12 11 1 14 16 28 44 6 32 39 0 15 39 9 
49 2 4 25 32 21 35 48 30 23 20 33 50 24 46 47 32 23 46 34 11 0 25 45 
45 22 11 17 21 35 4 12 32 31 27 50 3 44 24 21 24 34 13 33 39 32 0 32 
16 5 49 9 50 16 19 6 49 25 7 10 3 21 5 14 13 27 11 39 3 24 24 0 
43 0 4 8 2 23 50 48 42 6 14 41 46 12 22 27 4 46 14 26 28 26 46 35 
22 1 0 19 21 1 7 29 44 30 43 32 7 5 43 14 46 6 1 33 2 46 12 26 
43 42 37 0 24 15 25 27 46 48 47 20 37 2 4 30 48 36 28 21 12 4 31 16 
22 12 33 18 0 20 28 43 45 39 10 26 26 29 15 34 14 19 3 47 34 11 36 7 
13 42 27 4 47 0 25 26 1 23 13 27 15 13 33 7 8 19 6 2 31 27 27 29 
2 34 3 15 2 9 0 7 47 6 37 5 20 27 44 25 46 20 13 9 4 14 3 50 
22 31 12 46 29 29 9 0 5 30 37 14 26 20 45 11 25 42 16 16 21 29 8 14 
31 14 45 10 33 19 19 24 0 15 49 34 32 34 41 14 29 19 48 32 26 34 13 19 
5 2 10 39 17 38 48 32 22 0 14 18 31 32 34 20 27 37 11 14 49 27 36 13 
27 34 29 37 48 24 47 32 30 18 0 46 40 8 23 31 2 36 17 18 13 18 17 10 
32 45 50 22 46 15 21 14 43 19 40 0 34 5 39 1 1 8 25 33 38 13 37 45 
12 4 6 10 28 33 9 24 45 10 25 47 0 42 49 3 2 17 10 5 3 21 19 39 
26 13 35 17 10 39 35 30 47 46 1 38 18 0 40 6 43 32 34 46 45 24 30 43 
9 3 6 23 17 29 9 35 24 44 16 30 48 43 0 16 50 36 10 31 28 2 42 11 
36 12 11 17 23 20 26 24 15 47 20 26 14 4 16 0 19 2 39 11 27 45 3 10 
9 1 16 35 11 35 44 3 42 18 42 21 12 6 12 37 0 16 48 20 1 34 28 18 
2 46 20 42 30 40 41 15 17 33 2 3 17 7 35 16 40 0 22 44 29 9 23 34 
5 13 40 2 46 29 25 2 27 32 33 14 39 41 44 15 13 2 0 3 25 38 10 4 
46 30 31 33 31 30 40 49 9 30 13 16 29 40 39 45 36 43 32 0 26 22 34 43 
47 25 47 7 32 28 7 48 46 45 10 44 23 16 47 45 23 37 34 25 0 35 27 26 
15 25 25 7 17 33 7 35 33 13 38 35 8 35 23 9 21 3 32 17 22 0 20 47 
16 29 40 49 9 40 38 10 9 20 50 32 32 8 21 40 16 39 11 28 32 36 0 32 
39 10 50 29 13 22 3 10 4 46 29 9 29 27 35 49 46 45 4 29 15 8 3 0 
42 0 1 50 13 17 29 11 42 15 31 48 1 39 9 11 26 38 6 11 46 37 3 50 
43 13 0 32 41 16 34 29 7 18 32 8 9 28 13 9 37 32 44 4 14 28 32 27 
46 40 35 0 19 16 24 4 12 16 39 2 7 1 36 38 46 9 37 25 30 20 32 1 
34 14 29 19 0 30 3 34 40 22 12 37 36 2 31 15 13 33 15 20 42 20 27 6 
9 2 44 48 45 0 27 3 2 8 15 39 2 6 38 5 25 9 33 50 30 46 14 50 
37 15 45 25 43 16 0 50 41 31 7 8 21 18 36 5 40 13 20 11 29 22 13 30 
10 26 28 41 12 9 21 0 47 11 45 2 8 34 50 3 11 37 9 25 9 45 48 17 
38 39 4 44 38 11 35 36 0 29 24 35 36 50 15 26 39 32 11 11 48 26 16 28 
22 40 11 9 24 21 47 5 36 0 12 9 41 2 8 16 33 37 26 10 24 34 49 15 
3 47 12 21 44 48 34 1 42 23 0 11 33 5 27 2 12 15 32 20 50 24 42 24 
24 31 16 29 25 22 16 43 45 24 25 0 8 13 13 1 4 8 2 12 17 19 42 25 
12 6 35 15 46 42 14 50 41 12 23 38 0 40 28 20 10 29 26 30 17 9 30 20 
40 49 14 28 13 48 13 25 6 33 7 5 23 0 40 8 21 1 31 24 34 47 40 25 
12 27 38 43 33 42 39 25 16 32 37 46 16 32 0 14 2 3 29 38 18 6 34 23 
48 21 22 5 30 36 36 47 23 1 25 3 2 25 5 0 31 33 17 8 41 24 36 45 
42 40 37 30 22 6 10 22 19 29 4 41 23 11 37 9 0 40 31 35 15 46 42 29 
13 27 48 48 5 1 48 44 50 12 26 31 16 43 7 14 42 0 13 29 6 25 49 35 
33 21 47 9 19 10 39 21 50 50 11 25 3 25 8 6 22 22 0 35 5 29 47 30 
21 17 33 18 44 2 17 37 4 14 43 15 28 8 43 30 34 11 42 0 27 32 6 18 
4 40 35 8 8 35 40 44 6 36 41 26 43 37 43 46 20 33 13 7 0 11 11 10 
30 48 29 42 1 44 38 21 49 16 49 29 28 9 44 10 3 15 20 37 29 0 38 33 
1 44 42 15 22 44 19 49 7 44 30 5 11 29 43 39 1 18 16 42 10 44 0 8 
15 37 26 24 11 43 41 24 31 43 16 29 49 10 29 16 27 31 18 42 36 48 5 0 
34 0 31 10 26 20 20 14 46 23 7 37 28 28 47 21 8 6 16 20 50 12 46 1 
44 30 0 22 2 40 12 43 3 22 17 33 43 43 1 18 22 5 18 47 43 22 13 32 
2 20 6 0 23 12 26 17 49 43 39 31 17 46 48 18 24 34 31 5 15 12 46 5 
29 7 39 45 0 15 32 15 3 29 31 49 21 32 34 40 31 28 5 18 40 4 12 35 
23 24 38 44 14 0 13 18 48 21 6 16 28 16 24 31 3 17 28 36 2 36 47 28 
36 41 45 50 27 11 0 44 7 1 17 23 16 22 28 38 2 41 12 34 29 16 17 7 
25 8 47 3 1 12 19 0 11 50 26 46 2 4 20 14 41 38 27 50 16 11 43 8 
10 25 30 27 45 41 3 19 0 13 20 34 20 43 31 8 43 45 32 7 24 40 26 27 
35 33 28 21 46 2 16 1 46 0 32 50 37 29 22 36 24 20 47 8 34 33 20 50 
22 11 31 35 5 35 4 20 19 35 0 49 45 44 18 20 8 17 47 19 38 39 43 44 
30 21 10 8 37 27 32 42 45 15 34 0 7 11 15 18 12 17 43 12 31 3 31 28 
42 6 1 40 42 38 14 32 11 29 17 2 0 14 45 27 17 44 37 44 5 31 11 12 
9 43 49 35 2 46 27 12 42 50 44 19 2 0 37 37 41 5 31 34 23 28 45 14 
4 18 41 26 19 45 10 26 48 31 45 43 48 43 0 3 12 37 34 17 25 3 21 26 
25 31 7 47 39 24 47 39 34 14 30 46 18 12 20 0 9 18 33 24 47 39 8 45 
40 48 2 20 48 40 12 20 12 34 42 16 46 13 49 21 0 3 1 43 11 29 18 48 
36 50 17 26 49 43 29 25 38 17 37 17 49 38 5 50 49 0 23 45 19 13 26 46 
25 47 20 13 21 46 47 48 16 22 1 17 20 31 14 13 27 33 0 9 5 50 9 46 
50 34 49 1 44 38 34 50 36 10 5 42 30 30 31 9 29 42 19 0 21 46 49 21 
35 19 36 10 18 37 4 22 47 16 2 20 29 23 46 3 10 32 23 15 0 8 15 40 
35 33 47 24 31 13 31 39 1 1 13 14 32 9 29 17 14 33 38 9 26 0 28 11 
2 37 33 39 9 39 23 34 13 21 30 1 27 22 13 23 10 16 28 1 19 16 0 9 
15 45 32 16 10 33 21 7 14 7 23 45 38 48 25 23 50 28 18 50 44 2 8 0 
2 0 45 1 10 29 44 48 28 42 36 28 19 44 28 24 13 2 43 14 16 44 4 28 
26 25 0 35 43 29 24 2 17 16 13 38 31 21 10 24 43 14 17 30 31 9 10 30 
31 46 26 0 15 17 8 31 37 15 48 18 26 35 44 1 19 5 41 20 13 7 7 47 
3 4 28 1 0 50 50 15 24 19 16 46 5 48 4 9 36 9 36 26 24 33 3 35 
39 50 14 48 26 0 41 39 48 24 25 49 23 12 39 7 31 37 1 25 50 10 40 39 
3 16 46 5 12 27 0 31 34 15 1 20 40 2 37 3 39 33 31 18 23 31 50 31 
47 48 3 5 39 24 8 0 4 25 50 11 11 32 30 36 28 21 43 41 34 23 43 50 
6 45 35 12 43 19 43 18 0 9 4 36 50 8 10 23 42 11 7 47 45 40 42 26 
21 9 47 4 47 30 40 16 9 0 5 49 47 11 5 12 16 35 33 32 2 8 46 31 
29 19 49 2 31 28 26 48 10 14 0 19 14 3 46 16 46 38 20 38 28 45 10 13 
12 38 49 41 12 13 9 41 18 25 29 0 19 35 49 29 10 39 33 8 39 34 42 41 
9 20 20 38 44 33 21 19 36 19 6 37 0 14 32 37 15 35 2 24 1 39 25 28 
31 48 10 10 50 45 38 21 30 21 48 41 21 0 43 26 15 8 48 7 43 1 29 12 
15 29 2 19 23 38 10 41 2 35 43 39 40 35 0 23 21 24 49 48 27 17 17 41 
16 22 10 38 16 4 33 32 28 2 36 46 31 48 27 0 15 34 20 31 46 6 29 4 
36 31 36 28 33 44 3 3 46 48 38 36 47 14 1 44 0 38 19 3 16 38 4 39 
43 23 48 35 15 8 37 21 36 38 19 24 8 31 26 1 38 0 25 50 41 48 43 12 
31 1 33 27 43 28 3 14 16 32 42 44 5 35 10 39 46 10 0 28 3 49 28 41 
44 14 12 19 16 41 39 14 42 50 11 18 35 32 32 44 44 33 25 0 3 42 16 38 
22 16 29 37 5 32 21 41 14 3 11 40 13 32 10 38 23 28 19 50 0 44 44 18 
26 8 15 16 34 21 24 25 49 28 26 40 3 38 4 34 33 22 10 48 15 0 24 43 
19 12 35 46 2 26 24 16 44 29 49 3 30 41 16 37 20 41 29 13 12 37 0 42 
8 1 19 45 37 29 35 47 4 2 15 46 5 49 26 23 50 25 12 33 11 4 35 0 
25 0 44 17 35 40 8 37 12 32 32 21 28 45 33 32 38 38 10 33 45 2 15 45 
12 39 0 45 19 29 39 50 5 31 4 16 45 1 20 45 45 40 18 41 34 15 34 22 
31 40 19 0 37 25 23 29 9 34 11 49 6 47 46 39 8 24 32 27 40 25 30 39 
31 19 43 15 0 44 28 11 31 30 28 17 14 29 11 2 26 32 3 45 33 35 2 14 
49 50 1 11 18 0 3 39 45 47 2 1 39 19 32 9 35 32 23 30 19 29 30 32 
11 47 22 7 45 37 0 30 47 5 29 5 45 16 44 18 43 29 42 33 20 13 29 23 
33 44 24 18 14 10 5 0 34 36 19 18 41 14 46 46 44 8 18 5 46 10 14 38 
44 42 14 31 1 28 46 10 0 20 32 25 39 14 22 20 17 38 50 46 20 26 48 4 
5 47 33 49 26 3 8 33 13 0 20 7 31 27 50 30 5 6 40 10 48 9 39 7 
33 23 39 1 18 47 15 44 12 46 0 39 10 34 18 30 21 7 12 50 13 20 7 41 
44 17 8 46 40 31 17 50 46 16 41 0 1 26 37 3 40 37 48 26 45 36 38 41 
46 38 27 20 3 37 10 27 38 26 33 45 0 34 10 1 26 14 45 46 43 45 44 18 
4 34 5 22 13 15 44 13 6 6 27 13 9 0 13 12 15 14 37 39 3 25 44 43 
19 31 36 23 13 1 40 46 46 3 21 23 36 48 0 15 47 12 44 14 27 40 7 48 
43 13 3 30 32 7 6 41 43 11 42 36 42 28 43 0 31 12 16 11 32 10 39 40 
26 18 50 40 27 10 12 17 4 13 33 43 10 11 21 9 0 39 40 13 28 13 45 12 
23 19 20 13 2 11 29 26 39 5 23 27 13 32 17 30 32 0 31 44 38 24 9 35 
34 21 41 8 22 42 47 11 28 32 6 28 22 8 47 10 6 25 0 38 45 39 37 34 
9 27 22 11 32 48 19 7 39 14 35 37 43 12 4 7 34 42 45 0 45 46 7 5 
46 23 35 22 39 14 37 15 47 47 37 33 31 1 32 16 14 10 25 18 0 14 38 22 
5 49 3 18 4 3 44 42 39 3 23 26 38 47 26 31 44 2 50 38 40 0 6 30 
24 7 2 26 32 36 21 39 42 9 2 31 24 36 46 33 12 3 5 49 31 8 0 25 
44 20 38 30 32 16 15 50 32 49 20 29 12 2 28 13 7 18 14 32 18 37 16 0 
3 0 45 48 20 38 35 35 8 49 16 33 9 7 44 6 39 23 27 9 20 33 5 8 
35 31 0 35 40 48 31 17 27 7 8 5 36 36 35 47 27 15 47 42 21 14 30 44 
22 20 2 0 29 41 5 9 17 33 49 38 13 39 4 46 38 27 33 40 26 2 2 9 
20 5 27 1 0 45 24 42 34 44 6 37 13 21 47 2 27 22 49 41 22 37 49 23 
8 24 20 10 15 0 39 25 5 43 20 12 32 25 14 5 15 44 42 15 44 7 3 41 
25 42 26 6 18 27 0 12 31 22 22 33 19 27 25 15 27 46 20 2 45 44 9 15 
27 13 18 34 47 30 23 0 6 16 6 33 45 19 39 33 7 28 32 40 41 11 43 45 
28 40 30 16 19 24 6 8 0 48 16 27 49 43 50 43 15 1 49 17 17 14 45 30 
47 38 13 14 25 13 4 19 4 0 35 19 40 44 17 15 4 32 11 48 35 29 42 41 
41 7 35 17 39 42 45 26 32 33 0 11 34 28 7 11 32 46 44 48 24 14 25 11 
49 48 37 45 35 7 16 10 1 5 48 0 23 7 40 46 16 27 10 10 37 7 34 34 
38 48 22 29 3 42 32 19 27 17 47 36 0 20 3 47 10 19 16 24 10 29 30 34 
4 42 50 29 21 14 5 38 4 16 15 50 48 0 13 29 14 19 20 37 22 7 10 4 
27 13 30 1 41 22 34 24 5 8 14 18 37 3 0 13 11 5 22 29 44 21 6 4 
50 47 41 3 5 41 42 9 28 45 39 23 17 42 14 0 15 17 20 42 10 42 35 46 
42 11 7 9 32 50 28 16 34 22 10 31 4 50 19 30 0 34 14 49 36 24 49 31 
47 20 42 7 13 25 30 46 12 16 2 50 42 49 32 10 9 0 1 29 6 2 7 11 
11 15 48 41 9 47 44 49 22 43 31 11 40 41 44 16 42 4 0 26 49 16 2 1 
28 31 2 4 41 36 45 44 29 40 9 32 42 15 34 22 50 18 17 0 30 8 12 38 
43 20 16 36 37 2 27 9 46 9 15 21 10 7 44 4 14 27 50 3 0 21 31 9 
2 1 8 33 26 31 49 22 43 17 44 10 34 25 50 9 42 3 31 14 24 0 27 45 
25 15 7 15 4 3 8 10 17 12 12 15 35 30 19 1 29 47 37 23 4 17 0 47 
10 29 14 19 8 50 40 18 36 25 7 34 18 20 16 46 20 36 8 27 49 23 10 0 
16 0 30 24 3 3 17 37 5 41 9 19 47 36 40 34 1 10 28 45 26 41 29 46 
1 31 0 13 1 18 37 47 41 49 38 19 49 40 34 48 38 1 49 20 16 25 50 24 
30 7 36 0 35 48 50 5 47 20 37 34 24 22 41 17 20 19 44 19 20 9 18 41 
45 17 13 40 0 44 28 21 14 22 1 8 33 45 33 3 50 42 45 42 50 12 7 11 
26 48 35 30 2 0 22 7 30 15 13 16 42 18 36 10 11 20 49 24 13 23 14 8 
22 37 16 45 27 26 0 17 18 30 38 7 37 43 10 48 20 42 15 22 44 21 29 42 
36 14 32 34 23 1 39 0 45 39 12 40 13 43 36 27 30 4 48 45 37 4 12 50 
17 2 22 30 32 48 1 21 0 37 43 46 31 32 46 43 45 18 42 43 18 25 3 47 
5 34 16 35 18 46 26 43 38 0 24 15 16 33 1 22 7 47 38 42 4 20 47 6 
46 35 12 3 28 46 12 44 26 14 0 5 17 46 17 14 34 26 12 1 9 7 18 30 
10 44 47 35 46 31 34 50 27 9 29 0 20 50 6 43 49 48 26 31 39 2 28 34 
27 41 34 4 16 42 20 39 49 29 6 3 0 9 31 11 16 14 43 14 28 9 17 48 
14 29 33 13 3 33 27 29 28 32 11 21 45 0 12 27 18 8 8 20 30 42 45 4 
34 18 37 11 18 47 38 50 26 10 44 21 26 34 0 30 18 6 23 1 28 21 49 11 
17 4 37 25 7 21 39 38 6 19 25 49 46 16 23 0 9 32 40 33 35 11 2 42 
1 34 29 40 15 7 41 18 34 36 7 21 7 31 22 32 0 29 37 23 38 3 2 35 
34 2 33 15 19 38 39 14 1 16 13 37 42 28 32 25 31 0 16 1 42 14 39 46 
17 29 10 8 4 49 39 14 39 50 50 45 38 32 43 22 30 46 0 22 7 5 44 45 
31 5 48 13 43 22 2 10 22 45 7 17 37 10 30 35 16 13 2 0 25 37 42 33 
44 43 38 44 22 46 43 33 41 23 34 29 4 6 37 46 43 38 40 28 0 1 32 15 
7 13 1 11 6 44 4 20 9 39 22 5 20 5 29 31 15 29 12 17 44 0 3 31 
27 30 29 17 10 37 48 14 33 13 28 32 31 22 36 37 39 37 4 26 40 32 0 1 
18 42 14 7 26 50 39 15 21 4 33 24 31 27 28 45 33 11 26 40 43 42 24 0 
48 0 10 29 43 24 30 41 28 41 45 29 12 26 46 30 22 15 45 48 7 28 49 48 
5 10 0 12 43 21 15 15 43 9 27 19 16 48 48 8 16 36 31 27 42 30 3 16 
3 49 3 0 40 11 45 46 35 46 50 13 24 33 12 38 20 14 27 2 21 36 8 31 
33 25 8 30 0 12 27 2 8 18 3 45 9 45 19 26 5 48 14 42 23 17 36 24 
25 4 49 11 14 0 16 28 33 30 46 19 21 15 4 16 34 8 45 42 45 21 38 3 
43 2 38 22 5 7 0 44 35 14 47 2 33 26 14 16 39 42 40 21 15 14 26 49 
12 2 32 30 34 29 25 0 41 3 38 1 6 10 26 44 24 26 36 11 5 24 14 21 
40 20 43 6 1 5 1 23 0 40 17 4 27 21 23 27 10 7 40 7 49 46 26 8 
7 14 49 17 46 29 4 22 25 0 49 31 42 11 42 23 25 36 3 15 12 39 7 49 
23 2 49 26 4 16 17 15 25 15 0 12 37 43 2 39 5 45 37 46 29 29 40 31 
17 19 35 15 21 46 32 14 20 50 15 0 26 16 47 3 50 6 8 34 6 28 49 6 
30 23 48 48 21 26 43 29 21 34 21 33 0 8 20 1 47 19 44 1 43 37 29 26 
24 9 42 37 40 21 45 34 4 19 14 5 42 0 24 49 12 39 27 22 44 43 45 15 
46 30 6 12 15 13 27 6 19 2 48 24 40 29 0 39 3 8 26 50 18 14 45 15 
9 24 21 33 13 16 16 35 34 29 45 46 8 35 10 0 31 22 27 13 45 4 45 50 
9 33 50 24 14 19 44 28 1 2 15 47 38 45 30 14 0 40 4 18 15 46 46 34 
32 18 49 46 28 41 1 50 12 15 25 12 50 13 42 2 16 0 40 2 44 45 43 39 
22 36 42 14 23 41 36 31 5 14 49 19 7 16 24 16 37 50 0 2 3 33 14 33 
31 2 49 3 2 25 44 2 39 39 30 28 10 36 28 28 10 27 34 0 21 49 1 44 
36 36 43 24 15 44 44 40 7 8 4 12 12 25 39 35 7 11 12 11 0 31 27 38 
14 31 10 23 42 27 49 43 35 30 8 13 17 9 1 29 9 46 49 24 20 0 7 25 
16 3 21 42 28 10 37 41 14 10 48 29 44 6 22 2 14 8 16 19 33 5 0 13 
22 26 6 33 4 15 32 4 19 8 6 44 20 22 36 22 34 49 39 44 4 19 30 0 
7 0 23 38 45 36 16 5 38 42 12 41 50 16 22 28 34 27 33 6 30 22 38 13 
3 31 0 29 37 33 21 45 12 10 3 46 50 10 17 21 47 39 14 21 15 33 29 22 
20 50 6 0 16 12 12 48 40 9 19 11 35 14 8 29 23 17 48 50 31 47 21 23 
19 18 7 37 0 18 16 1 24 30 24 9 10 38 27 6 34 1 13 14 38 31 50 32 
7 40 10 42 5 0 18 33 49 25 49 28 37 49 5 26 31 24 9 46 31 12 6 48 
42 46 11 14 50 19 0 34 33 42 20 36 1 47 8 25 47 7 48 26 35 11 10 40 
8 29 26 33 40 30 36 0 19 20 1 42 19 46 44 4 33 31 42 17 36 18 13 5 
29 23 50 12 39 33 37 22 0 38 33 6 4 36 25 37 44 4 6 1 17 50 6 40 
29 3 3 15 45 43 45 24 22 0 46 24 47 10 41 18 47 36 34 30 4 37 40 41 
18 8 44 48 13 31 18 47 5 23 0 34 21 9 36 18 42 29 44 9 35 9 12 28 
27 3 36 10 15 33 20 2 3 39 13 0 36 8 2 45 32 44 5 49 20 25 26 21 
9 12 18 42 2 11 28 6 32 7 30 18 0 46 27 21 3 14 35 21 31 32 46 1 
11 41 34 13 16 30 10 43 4 2 33 27 49 0 47 42 19 42 25 34 31 29 28 35 
50 5 23 2 36 35 4 45 39 13 11 8 2 18 0 49 13 27 23 14 27 16 13 50 
23 7 23 17 30 6 49 16 22 34 7 34 8 43 28 0 24 8 1 7 45 15 38 40 
40 1 44 13 7 9 16 2 19 38 5 50 46 14 19 24 0 39 40 48 39 24 46 34 
41 21 49 50 7 26 10 19 36 36 17 33 16 37 44 42 7 0 7 32 39 47 3 43 
33 10 40 27 18 5 17 50 16 45 18 3 43 9 9 9 26 9 0 20 19 15 30 32 
4 38 45 49 41 32 42 8 38 38 28 17 40 17 49 42 14 20 36 0 1 38 49 34 
2 34 49 48 6 30 28 34 29 4 29 37 40 23 7 26 19 25 38 30 0 16 15 43 
20 43 28 17 6 50 30 29 44 5 5 44 16 43 34 36 28 10 4 49 13 0 11 31 
10 20 8 45 18 27 1 19 19 37 41 29 6 29 13 22 35 50 25 36 32 36 0 30 
42 33 35 39 10 20 12 17 30 9 12 18 48 49 6 12 2 43 37 36 7 25 15 0 
28 0 8 16 39 20 50 39 26 50 25 40 17 12 33 39 42 49 8 21 11 20 44 11 
15 24 0 30 38 23 43 45 50 24 17 19 8 32 44 32 42 17 42 34 13 44 8 33 
44 30 14 0 2 38 29 36 14 45 34 47 1 15 41 12 16 33 5 25 17 50 44 26 
8 48 17 16 0 5 20 36 32 18 8 42 36 9 10 42 7 22 38 3 24 24 35 43 
17 2 5 26 2 0 8 20 41 33 1 4 7 5 21 13 32 45 9 3 29 44 24 6 
4 7 42 48 3 30 0 48 20 3 23 5 1 15 50 44 35 24 49 17 9 35 5 4 
38 37 9 7 9 15 22 0 7 50 44 47 2 20 11 10 17 12 36 31 2 34 50 21 
49 32 1 25 29 31 28 15 0 21 49 4 5 12 45 23 40 5 32 17 6 7 19 48 
24 25 14 32 5 24 4 4 20 0 38 16 11 25 8 41 43 26 22 29 26 4 17 6 
49 23 40 46 27 21 18 45 14 30 0 35 27 50 15 49 23 42 17 46 34 17 47 34 
49 32 14 39 41 34 29 43 45 8 19 0 16 10 16 28 28 34 3 43 2 31 41 31 
42 29 28 50 38 10 9 34 40 2 39 41 0 15 13 32 27 12 36 38 40 20 31 49 
39 8 14 39 12 32 24 45 3 8 1 23 11 0 14 34 42 33 37 24 30 15 21 25 
14 16 2 26 32 17 44 1 11 11 30 39 42 25 0 22 47 3 16 7 37 34 14 41 
22 13 28 44 6 4 47 2 35 19 33 50 24 11 6 0 43 29 9 8 41 12 31 26 
43 18 12 41 22 14 8 35 42 1 25 30 13 5 23 39 0 47 15 10 46 21 10 25 
48 36 47 24 29 28 26 24 30 42 38 36 27 44 14 25 38 0 28 34 42 50 50 31 
43 38 6 21 11 26 2 36 6 34 44 15 5 25 40 29 7 17 0 27 46 39 26 19 
47 45 34 40 22 18 37 18 25 49 5 5 36 24 8 15 48 28 6 0 33 3 34 30 
9 50 48 50 28 26 23 4 43 18 20 9 26 28 37 31 18 19 16 19 0 16 50 21 
5 5 50 2 30 19 33 44 17 14 16 25 40 24 19 9 43 2 45 13 38 0 17 15 
32 38 12 48 39 14 37 15 14 10 30 44 45 29 24 44 36 11 24 3 46 11 0 3 
47 7 50 11 23 17 21 38 34 38 41 19 15 19 22 45 31 30 49 3 16 11 31 0 
24 0 31 19 9 10 2 14 15 20 22 35 15 42 39 4 14 49 43 22 46 7 5 11 
10 25 0 14 17 44 23 48 9 37 36 26 26 30 5 8 12 36 20 24 21 47 30 4 
31 6 27 0 16 50 10 45 15 25 20 21 9 34 47 36 20 42 23 13 48 29 16 14 
24 10 41 32 0 36 27 33 34 14 31 22 34 11 17 7 48 49 43 22 2 7 10 46 
25 16 1 1 33 0 49 35 32 25 16 43 4 6 10 29 9 39 42 36 8 29 13 13 
25 4 35 26 15 6 0 8 14 8 15 15 17 17 36 27 1 36 30 50 47 19 19 14 
1 38 21 35 33 11 21 0 2 17 12 3 26 48 48 24 20 27 18 2 36 39 42 43 
12 24 13 42 1 29 30 17 0 45 7 40 34 38 44 22 25 4 37 13 48 5 14 11 
30 3 12 10 24 30 17 34 25 0 10 45 9 11 21 19 20 24 38 46 9 19 8 15 
37 26 6 43 49 49 26 44 39 48 0 14 34 39 39 19 6 37 28 23 15 25 43 35 
11 4 35 18 40 11 10 6 42 22 39 0 26 34 19 38 19 36 49 17 7 12 48 38 
30 31 5 33 10 32 46 43 40 45 42 45 0 39 15 32 37 33 29 43 22 12 1 14 
36 38 50 10 38 17 8 36 24 13 17 5 37 0 35 29 1 25 46 29 49 32 43 24 
49 4 4 12 34 29 19 27 27 30 18 20 45 10 0 22 8 27 33 9 18 33 23 10 
46 3 5 29 19 27 33 2 33 44 15 1 6 35 5 0 25 7 5 37 41 26 19 16 
34 41 3 38 3 17 23 25 41 27 45 9 10 29 50 1 0 1 44 28 36 27 31 10 
17 24 23 9 2 13 47 32 34 27 38 21 38 16 39 31 36 0 10 19 24 24 11 26 
45 46 7 5 36 47 49 34 40 4 32 36 14 30 8 21 13 45 0 45 12 33 23 8 
13 35 12 14 42 26 8 8 36 6 49 29 13 46 9 11 36 35 43 0 49 18 7 31 
25 1 28 40 6 29 30 50 43 23 38 45 20 25 34 8 8 32 47 47 0 30 16 2 
45 26 5 34 10 27 41 25 41 6 5 37 13 14 37 2 29 7 7 7 6 0 26 1 
39 37 3 28 35 17 22 11 1 10 50 33 14 2 45 20 23 3 49 48 39 16 0 38 
21 44 22 30 18 40 23 9 46 20 26 17 48 7 49 6 8 19 46 5 28 14 31 0 
23 0 1 34 37 35 4 8 29 12 24 50 33 35 14 38 4 21 28 1 4 14 39 36 
48 14 0 24 48 41 29 44 11 10 7 13 49 29 35 4 39 6 38 42 14 43 49 25 
15 42 21 0 16 26 28 27 10 18 35 16 36 24 12 7 18 50 19 13 40 26 22 16 
9 19 18 39 0 46 16 22 26 43 50 39 9 6 21 14 19 34 34 48 46 14 14 49 
31 28 50 21 42 0 46 30 9 50 43 26 12 47 8 39 32 45 46 10 23 37 35 3 
1 48 37 1 30 7 0 29 27 2 45 21 37 12 47 46 31 30 13 41 40 17 30 9 
17 11 45 2 3 1 5 0 41 13 46 25 49 24 6 46 1 3 22 17 24 18 27 21 
27 36 50 16 30 11 46 46 0 37 21 40 20 40 36 5 26 27 48 5 8 41 38 48 
22 25 35 13 39 18 50 6 42 0 41 40 18 17 4 35 25 31 18 1 39 29 35 37 
6 16 49 47 41 27 13 19 30 40 0 38 28 41 45 48 7 28 37 15 48 30 1 18 
38 22 42 23 24 41 40 49 20 38 39 0 30 48 41 22 10 30 29 22 10 29 29 27 
45 30 33 11 24 2 14 37 7 6 48 11 0 25 50 4 40 29 40 42 19 40 3 16 
1 17 6 28 35 20 8 41 40 9 45 48 44 0 42 30 17 48 6 2 32 24 50 31 
48 10 27 40 43 20 37 10 38 42 14 32 45 19 0 24 29 17 50 16 9 2 30 2 
11 48 49 24 44 14 39 21 43 2 37 9 18 9 31 0 15 21 3 49 8 6 30 10 
36 48 24 27 35 33 9 42 29 18 9 16 42 44 47 43 0 47 50 22 22 31 9 11 
7 21 36 35 45 6 3 23 47 31 38 14 27 21 38 4 39 0 34 10 8 41 10 43 
40 22 25 10 3 9 35 8 30 27 37 18 7 50 49 15 36 26 0 45 12 35 4 30 
20 23 10 46 33 39 21 1 20 47 28 47 14 21 47 1 14 13 24 0 9 38 40 4 
31 5 40 20 25 33 47 49 8 36 42 5 38 44 13 2 20 9 26 18 0 21 29 3 
36 44 39 26 31 50 12 45 43 30 20 29 42 44 19 47 19 24 49 20 12 0 23 16 
10 8 2 11 5 1 12 23 33 2 2 5 26 36 7 16 49 47 42 49 25 19 0 15 
21 9 1 13 8 44 23 10 42 14 29 30 19 30 39 8 45 32 8 37 27 40 40 0 
