43
15
4 0 22 40 38 31 35 46 4 36 16 35 35 39 7 7 
25 8 0 36 3 7 15 40 19 12 1 12 30 29 4 22 
7 18 14 0 3 24 10 48 35 29 8 33 36 34 13 32 
23 43 12 39 0 9 45 22 26 37 45 15 4 29 38 20 
5 18 1 14 9 0 17 21 37 34 47 28 24 8 46 24 
30 7 6 30 28 19 0 18 40 45 28 36 43 28 8 10 
7 20 48 10 3 16 35 0 20 5 16 3 6 29 43 32 
22 14 31 13 16 8 48 49 0 10 1 38 29 7 37 24 
24 43 30 24 40 8 26 49 43 0 9 45 37 2 15 26 
13 40 47 13 6 22 13 16 43 2 0 10 21 38 9 16 
37 29 34 32 42 10 27 5 4 24 46 0 16 38 5 21 
22 47 34 35 38 48 32 44 31 2 12 28 0 38 23 30 
37 38 40 28 22 17 4 20 24 16 37 36 44 0 39 10 
7 25 11 22 31 14 38 4 22 18 6 35 3 30 0 30 
32 40 33 24 37 9 26 11 33 5 18 27 11 19 2 0 
13 0 39 6 21 46 38 18 17 42 17 50 35 19 10 17 
32 2 0 41 44 35 47 3 20 3 2 31 15 28 17 14 
37 27 35 0 21 6 18 30 32 35 43 15 24 41 8 37 
24 8 1 17 0 23 17 37 18 35 5 10 19 3 19 16 
24 40 50 28 30 0 24 1 49 5 50 3 20 7 2 21 
24 12 13 16 29 24 0 14 12 44 48 1 9 1 16 46 
49 27 13 19 19 26 24 0 14 28 14 24 9 46 18 21 
47 31 17 15 32 48 7 38 0 41 43 10 28 6 31 30 
15 1 33 9 1 27 8 38 33 0 45 50 49 35 3 6 
15 18 44 24 1 20 43 36 35 48 0 42 39 23 27 10 
48 18 33 48 49 24 27 37 18 45 40 0 44 34 20 32 
49 22 36 36 29 43 35 33 31 10 22 15 0 49 12 9 
38 36 11 24 48 32 17 38 5 33 38 31 27 0 30 12 
27 10 17 3 49 21 4 37 49 17 14 36 3 39 0 27 
10 28 26 9 7 4 33 11 22 1 33 35 32 4 41 0 
12 0 8 4 19 33 13 48 46 13 39 34 49 13 7 35 
47 15 0 50 28 23 11 6 19 23 9 45 50 46 3 17 
37 23 34 0 9 6 6 32 34 6 14 12 32 14 21 24 
6 21 4 38 0 4 18 35 4 31 30 6 40 32 11 39 
14 3 44 46 2 0 12 15 4 1 30 15 31 44 15 12 
29 43 49 50 3 25 0 46 9 49 49 2 20 4 29 50 
16 1 24 18 50 10 39 0 18 19 13 41 17 4 8 40 
38 42 39 20 2 14 42 32 0 8 14 19 45 46 48 1 
42 12 26 1 14 14 7 27 15 0 2 41 25 30 37 13 
8 43 1 10 12 11 31 35 27 37 0 25 19 17 4 32 
16 43 21 18 21 30 41 3 45 26 31 0 15 25 18 11 
40 12 46 46 7 27 44 37 37 41 11 28 0 49 15 39 
46 41 24 33 36 48 5 12 17 34 18 40 6 0 34 31 
46 7 17 16 47 14 24 22 48 6 22 7 34 28 0 10 
2 42 39 6 31 41 42 42 33 14 35 50 29 13 39 0 
37 0 38 3 6 45 5 12 34 18 26 22 19 26 28 14 
41 21 0 35 7 32 26 2 50 4 40 5 15 34 3 13 
14 46 10 0 9 19 35 5 29 34 5 41 9 21 31 9 
22 16 14 19 0 23 14 16 22 31 14 36 38 49 17 41 
41 28 31 6 13 0 27 10 18 10 30 37 43 1 2 41 
17 31 20 46 19 39 0 1 16 31 49 49 24 29 46 33 
47 7 13 43 15 14 29 0 16 19 32 12 49 5 39 36 
22 15 21 41 48 5 19 3 0 48 2 40 12 1 7 14 
4 32 23 28 34 31 31 8 38 0 28 39 16 2 14 7 
41 47 27 45 28 34 4 39 49 28 0 29 4 15 42 25 
2 29 9 5 29 31 27 27 6 6 41 0 7 33 13 9 
40 17 40 42 12 44 35 6 30 31 1 44 0 25 50 6 
28 17 17 13 26 10 7 48 36 26 15 20 22 0 40 37 
27 21 26 40 38 12 14 23 30 32 17 23 29 24 0 28 
37 2 27 1 29 25 40 20 37 49 33 20 4 16 48 0 
24 0 14 17 44 4 31 18 36 13 44 14 44 38 32 10 
38 29 0 24 8 40 13 43 22 12 13 38 1 39 41 6 
43 11 7 0 33 8 3 6 36 21 48 19 17 15 7 15 
31 3 39 28 0 12 5 46 46 27 35 31 43 6 31 17 
30 30 46 8 2 0 4 37 5 24 7 32 43 3 11 21 
46 29 16 47 32 35 0 13 12 29 1 47 15 31 48 27 
11 1 5 5 19 40 22 0 8 5 12 44 48 15 21 30 
13 44 36 7 40 3 27 9 0 50 33 17 18 17 7 6 
40 7 8 47 46 32 38 49 43 0 31 25 21 11 36 38 
37 49 41 49 38 4 29 25 9 25 0 34 42 6 22 2 
23 6 2 50 23 38 41 18 26 49 26 0 45 44 26 15 
33 17 24 12 46 18 27 18 19 2 11 33 0 49 23 12 
40 33 28 41 9 19 20 11 13 1 46 32 16 0 50 13 
10 36 50 44 43 18 18 44 27 34 46 38 33 49 0 13 
5 42 45 14 10 44 18 4 17 46 13 7 12 11 1 0 
37 0 11 19 6 43 26 34 6 31 45 22 39 1 7 14 
32 37 0 13 1 47 5 37 3 41 20 42 32 33 48 30 
11 7 34 0 26 48 35 20 27 6 38 22 37 15 19 38 
5 17 48 4 0 15 26 44 11 15 47 1 9 28 36 1 
44 1 8 2 34 0 16 6 25 9 29 13 11 8 14 25 
18 22 34 3 16 26 0 35 29 34 4 18 47 19 30 47 
27 42 41 5 44 21 29 0 14 36 23 50 42 39 26 3 
16 37 47 40 29 29 26 26 0 21 25 9 22 25 48 17 
19 37 46 13 3 21 20 3 20 0 4 40 9 49 31 16 
35 47 4 31 38 31 50 29 2 18 0 2 17 20 30 36 
49 4 16 19 4 13 47 27 24 33 47 0 35 27 36 40 
21 27 46 6 41 13 19 45 10 37 20 8 0 44 45 2 
4 50 23 35 5 36 43 30 27 3 39 21 31 0 49 42 
47 23 43 13 48 25 22 15 40 23 31 10 7 33 0 34 
5 3 32 23 29 47 12 43 31 5 29 48 19 3 2 0 
43 0 38 46 19 41 48 16 32 48 27 32 35 34 13 25 
26 37 0 48 43 48 36 39 9 20 45 35 31 12 9 19 
28 4 12 0 38 31 44 14 38 43 37 40 22 35 46 47 
12 29 30 7 0 29 43 50 27 6 17 5 29 27 24 6 
18 4 23 29 50 0 29 24 46 33 31 12 49 5 7 8 
14 4 14 24 33 7 0 1 6 30 27 28 27 7 22 26 
15 38 15 37 20 37 49 0 7 46 18 39 33 48 27 17 
44 45 21 48 3 1 16 4 0 41 50 18 49 44 2 23 
2 17 25 7 17 25 35 19 37 0 22 16 47 18 6 44 
24 3 30 14 34 33 7 10 20 25 0 50 35 24 38 3 
39 6 6 24 16 23 9 42 10 43 10 0 27 34 26 38 
5 48 48 48 26 15 20 30 18 41 46 8 0 6 32 17 
41 12 31 35 34 10 42 45 40 22 16 12 20 0 22 25 
6 24 34 32 21 2 37 27 12 38 19 26 38 34 0 21 
16 3 10 44 2 49 46 49 43 28 13 4 9 27 11 0 
4 0 1 9 44 35 22 24 24 11 16 4 36 20 48 15 
34 4 0 11 19 6 13 2 26 20 26 10 26 42 5 9 
48 29 50 0 2 35 19 18 44 49 50 42 30 50 28 49 
14 27 2 28 0 44 10 44 40 21 48 2 25 40 19 25 
47 33 20 3 18 0 26 36 19 13 47 17 10 12 20 14 
34 2 48 22 13 34 0 24 14 11 49 5 40 30 4 33 
45 28 26 25 4 10 11 0 47 11 23 29 8 39 32 28 
50 32 20 7 15 1 27 19 0 6 42 23 20 9 4 14 
37 6 16 31 2 40 34 38 17 0 5 24 5 38 49 35 
26 36 32 34 50 24 20 23 39 33 0 18 10 21 33 32 
41 2 44 47 37 23 43 9 30 38 16 0 44 4 3 42 
46 39 21 22 17 38 38 25 5 41 17 33 0 27 49 35 
30 14 6 36 14 22 12 41 12 12 33 27 2 0 46 34 
30 17 21 48 37 30 40 50 17 45 3 27 39 7 0 21 
41 17 11 46 9 3 39 19 39 21 34 48 9 10 34 0 
11 0 37 30 22 11 1 13 30 12 6 41 15 39 41 12 
45 24 0 35 42 22 17 17 6 38 31 41 49 32 28 4 
32 31 40 0 34 34 17 48 17 47 21 28 37 50 41 18 
38 50 28 28 0 26 11 14 18 39 17 44 31 42 41 20 
3 31 3 8 24 0 10 26 6 8 46 47 7 38 21 44 
30 18 16 20 44 42 0 21 5 2 43 18 13 1 17 41 
36 7 27 27 18 47 35 0 42 18 9 13 45 21 33 30 
5 26 47 45 38 27 16 23 0 48 29 32 27 1 15 7 
47 25 39 17 10 41 31 12 4 0 47 46 26 49 12 31 
47 1 23 22 39 42 17 7 30 14 0 21 34 29 48 37 
21 34 27 12 12 39 6 4 23 39 24 0 15 44 48 42 
1 18 11 17 33 31 5 29 27 15 31 18 0 10 3 39 
7 2 14 17 27 12 49 37 1 43 41 48 50 0 33 15 
28 23 9 38 14 4 24 12 16 6 16 5 1 47 0 31 
21 47 1 35 33 23 1 27 22 31 2 31 11 25 42 0 
34 0 6 46 12 37 9 10 22 40 36 34 40 49 11 12 
7 49 0 41 21 22 45 47 16 1 43 27 46 38 8 12 
24 13 38 0 24 23 11 9 40 11 23 11 25 12 49 50 
33 3 17 10 0 24 4 41 41 3 48 38 40 46 19 10 
13 23 15 28 13 0 21 3 25 39 1 48 9 30 49 11 
20 36 17 2 10 25 0 30 28 34 9 33 23 35 27 35 
21 14 21 1 10 39 11 0 34 37 29 31 29 28 10 26 
45 11 42 42 29 3 24 45 0 10 36 34 45 32 20 30 
48 19 49 4 30 35 38 30 39 0 23 9 2 30 23 30 
47 2 19 8 14 23 31 43 48 33 0 48 20 12 16 27 
45 30 14 8 31 12 31 24 30 42 7 0 31 4 20 20 
1 44 22 30 40 32 27 24 7 7 18 27 0 1 21 33 
16 27 15 13 28 30 38 23 42 18 17 29 39 0 17 7 
42 28 23 28 33 4 48 32 27 46 18 6 8 2 0 14 
36 30 3 47 27 31 17 41 42 41 13 22 30 12 23 0 
4 0 38 8 50 15 40 4 23 39 29 18 45 39 18 11 
24 30 0 21 29 33 37 26 43 40 27 26 37 32 38 20 
32 19 21 0 4 43 31 49 9 37 24 33 7 15 18 9 
37 29 24 32 0 17 34 1 2 30 37 28 46 18 24 40 
4 23 36 20 48 0 50 25 36 26 30 26 22 35 5 50 
31 11 25 32 40 47 0 13 50 21 37 31 17 41 18 15 
36 31 36 48 21 11 22 0 45 21 10 13 44 49 3 41 
12 17 47 31 6 18 22 37 0 34 43 41 23 15 34 17 
33 34 18 11 45 46 37 37 35 0 40 9 16 4 23 28 
4 15 48 30 25 15 21 11 12 48 0 15 45 2 5 30 
38 7 12 5 27 29 26 38 9 46 26 0 30 13 41 47 
2 18 14 6 40 27 26 35 9 2 12 24 0 7 14 31 
1 35 33 5 3 3 5 49 46 50 28 27 40 0 34 49 
35 9 20 15 47 47 31 46 16 4 12 22 3 3 0 15 
5 20 25 28 45 42 48 8 39 45 48 20 18 7 12 0 
1 0 37 1 11 18 4 5 43 18 34 21 39 18 2 41 
31 2 0 46 32 45 9 3 12 40 8 37 2 32 21 50 
27 13 40 0 4 4 26 21 43 36 12 1 28 7 45 25 
3 30 7 48 0 14 46 24 37 12 3 49 26 12 3 31 
3 24 23 19 7 0 8 50 14 48 16 11 9 11 21 45 
32 46 18 15 6 8 0 45 34 7 4 4 27 28 1 6 
50 9 40 5 9 27 6 0 39 38 17 3 17 9 33 4 
38 14 17 17 22 3 9 48 0 48 24 8 40 16 16 4 
32 22 13 43 16 2 19 6 12 0 19 27 7 30 49 3 
41 37 2 3 17 41 10 12 30 3 0 42 12 43 32 1 
38 40 24 34 35 32 4 16 17 2 19 0 8 5 49 45 
46 29 50 46 33 22 39 13 50 14 22 11 0 34 41 24 
41 27 25 11 32 38 34 47 14 22 38 21 35 0 2 48 
33 6 13 36 7 14 13 48 49 30 49 27 25 21 0 13 
21 20 26 44 12 43 33 44 18 8 13 32 36 24 46 0 
1 0 5 12 2 31 17 48 49 35 10 28 29 27 32 33 
11 10 0 27 2 1 18 46 42 40 6 50 13 46 29 44 
32 27 24 0 3 29 45 16 23 40 47 24 22 42 34 34 
14 7 12 35 0 47 3 6 35 24 28 6 13 22 47 32 
5 2 20 41 28 0 1 6 24 4 39 46 37 38 5 27 
46 4 8 6 43 44 0 1 12 32 42 27 43 1 26 23 
32 44 27 9 43 23 2 0 2 6 33 9 33 9 47 2 
17 19 30 47 32 2 6 17 0 4 38 4 41 39 50 2 
9 6 49 31 7 3 11 30 13 0 5 44 3 3 23 34 
12 42 15 31 25 8 14 4 44 21 0 27 28 23 21 39 
32 14 3 4 25 4 35 29 40 50 7 0 40 18 43 39 
50 3 44 21 27 13 26 8 25 45 46 2 0 5 10 31 
26 38 9 25 24 31 1 49 49 31 27 14 26 0 32 19 
19 46 12 6 22 24 34 3 45 27 6 6 29 10 0 30 
2 30 20 10 25 19 31 44 20 8 49 4 45 40 50 0 
50 0 1 27 6 26 50 41 50 38 7 42 35 15 48 18 
25 23 0 39 20 30 48 45 17 8 50 38 3 42 48 23 
20 39 14 0 45 28 6 30 23 35 30 11 30 32 3 33 
35 17 46 2 0 34 27 16 26 10 3 6 35 20 6 39 
47 49 3 15 37 0 3 21 20 21 12 46 50 5 40 20 
18 13 14 25 16 21 0 8 41 14 47 5 14 5 43 23 
22 10 18 46 34 12 28 0 17 17 31 14 48 26 40 38 
28 11 37 41 35 43 21 45 0 40 18 40 9 39 19 32 
40 17 27 49 41 36 33 10 7 0 8 40 47 48 44 3 
23 33 1 27 20 45 27 14 9 30 0 1 16 28 28 44 
4 40 48 35 42 47 22 28 50 3 45 0 1 31 33 45 
47 24 1 38 46 7 9 13 50 37 13 3 0 18 19 41 
21 5 32 13 5 1 49 13 3 6 1 6 2 0 24 25 
44 47 32 14 34 27 15 41 33 38 45 27 49 48 0 30 
44 4 9 9 33 40 20 19 29 44 49 11 49 32 45 0 
2 0 8 39 26 44 16 22 5 35 15 6 15 50 26 11 
24 1 0 16 24 12 47 47 44 42 35 25 29 4 20 36 
16 17 9 0 38 36 38 39 23 5 14 23 50 25 44 27 
25 20 44 19 0 21 48 46 26 20 48 6 15 48 41 19 
38 19 35 49 49 0 40 7 12 40 23 36 28 12 10 40 
48 22 50 15 10 5 0 36 36 50 38 21 41 39 40 31 
23 41 33 36 27 5 16 0 26 46 38 19 9 4 46 35 
21 34 16 31 1 34 16 34 0 31 14 2 34 35 12 28 
49 18 22 10 50 46 45 26 33 0 36 32 47 5 27 42 
47 32 40 15 17 37 25 9 40 47 0 8 7 2 23 25 
22 31 15 18 39 1 37 44 46 40 27 0 9 33 45 19 
37 12 7 40 18 20 44 20 45 42 25 10 0 33 13 42 
39 44 4 9 15 2 33 37 39 41 10 39 45 0 26 41 
29 42 14 21 10 47 50 12 5 5 29 11 20 27 0 15 
42 4 32 4 1 33 6 25 31 18 5 25 19 49 8 0 
32 0 49 45 4 13 33 46 13 3 45 39 32 49 4 36 
41 13 0 11 24 50 6 7 41 25 8 24 18 34 3 6 
23 32 13 0 48 24 30 17 16 14 33 47 42 29 9 13 
2 7 22 45 0 28 43 14 45 50 2 26 9 20 47 40 
15 13 11 48 23 0 8 19 2 31 7 25 47 48 42 3 
15 29 32 13 7 17 0 46 39 26 13 9 37 14 46 49 
21 47 20 25 18 35 32 0 32 37 5 33 5 42 38 3 
46 17 4 48 38 47 27 8 0 40 23 19 24 35 35 14 
21 6 7 33 37 29 28 23 25 0 19 34 48 46 8 25 
12 5 1 23 18 43 34 17 8 2 0 44 39 31 2 49 
11 47 47 23 35 27 49 10 2 25 19 0 44 30 29 5 
50 32 50 16 11 14 24 13 17 22 38 40 0 49 31 43 
40 47 22 26 8 37 1 23 24 48 14 46 49 0 49 50 
49 5 38 4 2 13 39 15 41 35 38 34 30 2 0 47 
38 1 29 10 35 22 23 4 22 18 50 9 27 19 48 0 
19 0 25 15 18 23 33 3 45 30 31 1 33 32 42 21 
3 21 0 22 27 10 14 18 40 14 28 27 1 17 36 2 
4 13 47 0 43 17 13 20 12 29 15 36 6 50 30 35 
40 41 13 1 0 16 29 38 50 9 35 1 36 1 40 47 
33 37 10 28 27 0 39 36 39 25 9 33 10 43 13 25 
8 19 11 30 39 36 0 39 16 21 24 16 13 39 9 16 
27 19 22 33 33 50 47 0 22 3 47 4 3 38 43 33 
20 46 38 34 27 32 25 22 0 2 11 44 21 39 4 11 
26 47 30 9 32 15 38 10 31 0 26 12 47 8 33 35 
33 1 23 39 4 21 26 6 33 34 0 3 47 21 22 39 
29 8 18 43 21 8 24 30 12 19 33 0 36 8 9 15 
36 18 40 17 28 44 48 1 1 41 1 42 0 48 25 30 
18 17 38 42 47 5 30 16 12 28 10 22 12 0 21 22 
35 19 47 18 49 35 8 4 44 46 31 8 18 3 0 21 
16 26 5 33 1 16 48 16 12 11 6 2 28 40 19 0 
22 0 37 31 29 6 33 45 31 26 45 10 13 44 47 16 
48 12 0 14 42 12 34 18 30 20 6 37 3 36 8 43 
34 31 15 0 26 24 45 27 40 47 39 22 46 29 38 41 
3 4 19 46 0 13 45 39 36 29 35 5 7 12 23 19 
30 10 23 33 12 0 30 49 19 24 22 21 23 17 3 40 
38 39 42 29 3 33 0 35 40 45 49 46 45 36 41 19 
38 16 17 29 10 12 23 0 46 27 12 5 36 46 25 43 
23 22 34 39 47 17 15 33 0 20 36 45 20 29 35 17 
35 13 28 5 34 6 6 39 43 0 28 16 43 16 17 49 
48 40 16 3 26 24 12 48 44 3 0 23 33 47 43 15 
43 45 12 11 28 42 8 41 42 37 18 0 33 41 11 32 
24 50 17 22 39 6 5 27 9 43 23 16 0 34 2 11 
23 9 47 28 36 21 32 6 40 7 40 49 25 0 16 9 
42 21 37 13 30 24 17 26 5 10 38 19 3 18 0 5 
27 24 40 31 15 9 36 13 25 11 42 45 27 15 49 0 
7 0 31 12 1 1 3 29 22 22 38 6 33 43 19 49 
3 29 0 38 35 31 16 9 44 1 50 6 9 13 2 38 
30 40 12 0 7 3 8 8 3 17 3 48 3 18 44 10 
26 44 45 27 0 9 13 7 43 34 33 48 37 11 1 46 
44 17 21 34 9 0 16 22 36 16 42 46 27 21 32 34 
14 42 1 42 24 12 0 15 36 43 25 23 48 28 24 5 
21 47 3 22 9 31 33 0 35 36 44 5 8 29 35 13 
37 36 11 1 19 7 37 19 0 27 34 30 31 28 9 36 
19 45 12 11 22 49 24 50 24 0 3 32 7 15 48 20 
5 36 2 31 39 37 37 27 6 48 0 34 29 27 39 30 
1 5 26 50 26 10 46 18 14 14 14 0 37 38 49 38 
50 23 21 7 30 44 30 48 21 50 32 18 0 7 13 38 
21 48 12 44 3 27 32 15 23 10 9 18 38 0 17 25 
1 50 29 18 48 12 8 20 10 37 21 8 5 1 0 45 
43 40 6 26 43 16 26 45 47 11 19 8 49 47 21 0 
26 0 42 31 46 49 32 40 39 15 27 14 28 2 7 32 
20 28 0 14 28 18 20 13 13 24 10 26 6 33 8 30 
4 10 24 0 39 11 30 28 9 3 14 4 1 41 49 30 
39 24 38 15 0 42 42 44 21 30 2 13 29 7 37 24 
27 7 32 36 24 0 5 5 14 47 2 42 19 12 15 15 
19 23 14 45 21 2 0 18 18 17 39 11 39 45 37 49 
1 21 22 29 37 47 19 0 6 26 26 35 11 42 13 50 
23 32 6 15 33 41 16 13 0 16 22 9 40 15 47 14 
16 10 27 49 2 22 47 34 29 0 18 1 18 38 19 37 
42 27 5 18 16 29 34 30 5 8 0 36 9 6 8 29 
8 5 9 13 10 25 34 44 12 28 27 0 49 28 48 33 
23 28 44 30 31 32 35 47 32 35 33 31 0 23 41 17 
13 41 27 50 11 46 10 26 10 13 8 34 44 0 40 40 
30 6 33 22 35 9 16 27 27 48 23 8 27 28 0 28 
44 12 3 46 16 36 23 29 37 38 14 2 35 17 23 0 
48 0 42 8 43 6 28 49 1 6 8 48 14 50 3 39 
39 33 0 48 32 19 46 31 49 25 4 8 28 46 35 21 
7 31 10 0 4 50 32 1 35 23 1 45 11 48 38 18 
22 24 26 49 0 50 32 5 3 49 27 18 43 33 40 49 
50 4 17 35 2 0 18 5 46 4 7 38 48 25 32 24 
36 34 12 8 32 34 0 2 48 36 40 2 29 12 28 33 
39 19 46 25 1 42 45 0 13 36 1 18 29 23 42 12 
34 30 22 25 42 34 32 25 0 8 15 49 7 32 46 50 
39 43 19 22 19 20 3 1 32 0 33 42 22 26 8 14 
6 29 6 24 6 23 7 38 36 49 0 8 44 38 11 2 
36 13 17 36 12 25 10 2 24 42 32 0 30 41 42 1 
12 7 18 44 9 20 1 8 40 28 33 6 0 33 23 12 
27 15 41 30 47 29 5 40 47 40 46 28 32 0 33 25 
44 17 46 36 37 2 26 45 2 32 35 6 27 9 0 30 
20 27 30 13 16 18 40 11 46 23 8 17 22 5 14 0 
43 0 20 26 16 35 16 10 48 36 10 1 20 39 48 12 
23 28 0 32 17 20 19 49 19 17 7 4 7 1 14 30 
35 5 40 0 39 40 16 31 12 25 14 11 30 44 3 15 
48 1 14 34 0 50 30 35 5 36 45 45 1 9 10 31 
10 9 35 7 26 0 47 31 1 9 47 43 17 8 3 10 
40 5 17 3 10 4 0 43 18 15 50 1 50 5 45 45 
16 22 3 44 5 2 45 0 38 28 18 18 1 6 37 7 
14 28 2 27 5 40 35 7 0 50 28 17 42 21 7 25 
47 26 7 14 32 22 15 14 49 0 8 46 18 39 35 43 
4 38 31 8 37 24 49 29 40 6 0 32 16 3 17 39 
10 25 31 4 21 42 44 43 6 36 50 0 14 4 19 10 
23 46 22 8 25 30 12 13 21 2 49 47 0 17 8 50 
6 12 47 10 48 22 37 36 14 1 10 46 25 0 23 37 
10 45 11 31 34 36 45 46 43 10 49 12 11 2 0 22 
46 27 35 6 30 38 18 44 21 39 36 10 8 7 15 0 
35 0 37 41 34 43 4 37 37 25 15 12 17 4 1 49 
10 27 0 35 43 5 33 11 19 44 50 42 2 40 42 48 
26 37 39 0 29 26 12 22 27 9 19 10 41 10 42 19 
22 14 44 23 0 29 9 26 16 2 32 24 19 47 35 1 
3 47 45 27 39 0 25 28 26 26 38 39 1 26 24 46 
43 1 27 25 29 29 0 9 18 14 40 1 22 37 47 2 
44 25 43 9 16 13 46 0 33 4 45 44 38 19 35 41 
9 1 42 7 40 23 42 23 0 7 23 45 30 32 38 39 
3 41 30 24 45 15 9 18 9 0 33 48 19 24 31 35 
41 40 33 23 32 50 31 31 8 30 0 2 3 37 36 21 
33 14 46 15 42 4 9 46 41 26 50 0 34 33 24 42 
5 19 42 22 32 5 47 9 7 39 23 11 0 23 44 43 
12 22 32 38 50 34 23 9 40 31 33 45 42 0 48 32 
17 48 7 16 25 34 11 15 4 17 37 5 39 27 0 19 
43 36 2 49 14 29 2 46 24 8 32 10 3 42 49 0 
10 0 5 12 26 23 26 4 7 19 9 2 8 28 22 14 
30 35 0 33 21 39 47 44 44 34 4 15 2 33 8 44 
25 9 24 0 5 7 32 43 14 4 44 39 29 33 40 13 
21 25 25 10 0 29 48 27 32 3 3 16 12 29 22 8 
24 21 50 26 35 0 43 35 23 15 33 37 21 29 28 50 
18 12 5 21 33 41 0 28 24 29 46 48 28 21 3 41 
20 15 42 46 20 18 30 0 7 5 21 37 2 10 27 43 
28 49 4 4 35 5 7 9 0 40 18 47 48 21 31 38 
16 14 20 24 13 22 29 33 9 0 32 39 5 1 1 46 
39 18 47 36 18 50 24 17 19 37 0 14 6 3 29 24 
21 9 26 18 5 23 32 37 14 21 50 0 16 46 23 46 
50 7 9 44 29 29 2 35 13 38 42 48 0 1 38 50 
17 26 5 35 12 30 30 33 46 23 8 32 33 0 16 19 
34 28 45 23 37 7 48 9 50 45 19 24 14 30 0 13 
26 31 50 15 5 24 12 12 11 17 21 24 14 21 22 0 
48 0 19 20 44 5 15 3 29 1 43 19 17 5 40 43 
6 16 0 4 33 47 27 33 19 11 46 23 17 34 7 17 
34 35 39 0 29 48 1 5 20 26 49 24 3 49 22 36 
7 7 22 19 0 11 5 21 31 25 46 16 1 9 49 32 
48 19 22 35 10 0 35 29 26 42 43 2 47 29 34 24 
24 34 47 26 39 16 0 46 16 46 12 13 4 15 33 33 
1 46 21 44 2 5 32 0 15 13 1 29 31 30 27 10 
9 43 48 1 23 33 4 34 0 11 16 3 4 26 23 47 
32 15 44 10 42 6 26 35 33 0 19 42 19 34 25 11 
35 16 40 36 3 21 7 14 11 1 0 47 12 11 28 49 
2 6 43 17 20 14 38 21 35 4 34 0 8 16 32 31 
14 21 10 1 32 37 14 41 21 26 26 2 0 33 9 46 
45 16 7 34 18 37 27 18 5 47 47 46 6 0 33 20 
13 41 32 31 37 27 3 10 47 12 38 16 23 41 0 45 
13 6 12 39 10 19 1 32 15 44 38 3 5 4 35 0 
42 0 9 8 2 14 35 20 2 22 20 42 6 11 22 30 
22 5 0 28 11 35 42 34 17 23 1 12 9 18 37 50 
24 48 7 0 13 21 30 8 21 27 10 44 4 40 20 18 
14 41 11 35 0 23 34 26 44 20 43 9 43 36 1 2 
26 2 15 23 46 0 44 50 49 2 1 14 34 1 1 42 
38 44 47 5 38 22 0 49 34 15 16 49 5 37 20 12 
37 22 21 26 35 42 39 0 18 25 25 15 43 10 34 9 
1 26 44 29 6 15 47 32 0 13 31 28 19 1 7 48 
40 13 29 40 15 43 13 25 17 0 50 50 27 23 31 24 
29 40 50 7 16 24 12 9 15 48 0 41 41 8 46 7 
23 39 11 27 35 2 14 20 20 17 38 0 1 27 29 6 
38 24 1 40 2 39 20 45 41 25 29 4 0 15 42 24 
2 6 30 10 27 12 16 46 47 22 16 20 30 0 41 29 
23 35 31 9 11 17 40 19 45 19 4 45 21 3 0 6 
49 50 29 47 15 33 22 17 2 45 22 28 5 18 37 0 
20 0 41 4 13 2 45 23 6 32 7 13 38 35 42 24 
17 46 0 44 41 24 16 42 33 27 47 2 18 30 15 39 
40 35 1 0 9 50 14 41 8 2 12 26 44 47 40 2 
46 37 26 28 0 28 27 35 14 45 21 29 8 28 17 50 
27 44 42 44 18 0 28 38 27 43 10 27 38 43 30 48 
23 45 44 25 2 16 0 43 2 37 13 5 21 6 38 22 
7 13 42 2 35 32 2 0 4 22 24 9 10 34 18 2 
39 43 35 47 49 34 14 4 0 16 35 34 42 6 32 14 
8 32 40 21 4 14 47 41 45 0 17 21 42 22 1 43 
6 10 34 36 24 13 37 9 40 38 0 43 10 27 18 2 
41 47 23 9 17 27 21 13 15 38 43 0 2 40 31 28 
43 43 4 23 30 24 9 21 8 1 21 24 0 50 34 11 
5 20 24 44 27 25 20 13 34 17 35 48 20 0 49 32 
11 48 29 12 46 1 7 5 39 28 33 27 15 9 0 46 
4 21 30 4 33 23 29 46 5 4 23 31 20 6 45 0 
27 0 39 22 26 40 24 46 38 38 11 49 15 36 16 45 
49 5 0 5 38 14 14 19 16 16 9 33 2 24 9 23 
21 37 50 0 44 2 44 5 39 19 23 8 33 42 44 34 
8 43 30 11 0 6 19 27 32 42 31 8 24 7 18 8 
23 22 30 15 41 0 12 16 42 15 2 44 16 36 16 6 
31 27 22 32 1 40 0 22 14 4 5 45 6 8 13 44 
20 49 22 12 1 37 4 0 28 4 23 43 1 16 10 12 
3 41 17 36 50 32 3 25 0 17 18 1 8 26 10 47 
7 9 29 21 32 46 45 25 15 0 20 28 50 19 10 9 
39 7 5 43 2 4 40 22 14 13 0 18 24 5 45 50 
29 29 18 8 17 34 23 45 28 16 9 0 17 2 17 23 
32 34 16 9 29 45 4 34 9 43 17 37 0 16 9 15 
22 40 30 15 41 50 33 12 44 25 17 12 27 0 27 44 
37 38 6 41 32 34 9 47 16 6 25 45 10 15 0 50 
48 7 37 14 45 19 37 37 26 24 50 23 22 34 12 0 
33 0 28 8 15 6 30 32 25 28 31 14 44 14 10 17 
5 24 0 47 44 28 11 26 14 33 26 1 2 30 18 32 
12 37 13 0 5 23 48 38 45 9 21 17 32 10 33 32 
26 23 28 10 0 19 27 26 29 7 2 8 15 25 39 6 
28 2 8 46 20 0 27 31 10 37 19 17 29 38 24 12 
29 16 31 1 1 28 0 24 21 49 6 36 9 7 4 15 
34 13 7 4 43 16 25 0 14 14 5 45 14 41 42 3 
49 38 5 46 23 42 34 24 0 39 28 4 31 10 40 35 
18 25 7 23 35 5 23 35 32 0 46 5 2 17 47 6 
15 34 30 47 8 48 5 11 31 23 0 50 39 18 26 39 
35 15 25 30 37 20 8 19 7 48 27 0 4 24 50 19 
40 17 28 33 14 21 2 13 33 37 14 15 0 26 50 35 
16 5 9 43 12 40 28 38 10 37 8 16 24 0 49 32 
44 32 12 13 33 34 11 35 13 19 34 3 43 43 0 23 
6 32 19 22 33 22 46 31 39 29 13 30 19 47 7 0 
6 0 28 15 1 44 33 4 14 17 2 5 21 47 25 29 
38 36 0 46 37 32 26 47 2 16 10 49 1 23 34 21 
4 43 38 0 6 13 6 38 42 49 41 3 19 2 20 29 
1 49 6 10 0 42 27 34 32 16 31 9 27 49 41 45 
32 31 30 47 48 0 12 33 41 13 23 50 45 47 47 29 
8 45 32 38 9 50 0 46 13 43 44 21 11 23 25 5 
30 39 1 5 9 22 39 0 6 22 17 19 8 44 38 42 
33 38 36 37 24 15 45 12 0 32 45 37 18 38 4 28 
1 10 17 9 44 12 44 43 39 0 7 20 39 10 21 41 
43 3 26 2 11 33 26 37 2 40 0 36 28 19 10 22 
5 2 3 45 16 9 42 36 45 31 40 0 45 48 30 5 
26 35 41 42 3 35 42 37 43 45 26 24 0 15 19 8 
34 26 34 17 3 18 37 16 6 32 1 18 32 0 21 22 
39 29 7 48 15 1 38 27 7 38 13 16 11 50 0 41 
36 28 17 37 47 15 12 32 28 37 39 19 36 11 3 0 
18 0 11 16 21 7 47 17 17 5 8 47 49 28 29 40 
3 27 0 17 15 47 23 1 45 25 8 27 48 30 12 26 
33 3 17 0 4 21 3 50 40 43 45 19 11 13 30 1 
16 35 3 38 0 34 13 2 21 14 30 17 16 41 14 31 
50 38 6 29 25 0 44 32 24 8 37 3 38 25 21 29 
12 38 16 25 42 43 0 45 42 28 14 31 32 4 24 4 
37 10 26 12 45 31 6 0 35 5 7 35 11 46 1 31 
26 28 1 36 18 30 50 17 0 22 39 6 46 28 16 45 
13 28 50 4 50 44 12 13 26 0 48 7 4 12 18 7 
32 50 41 47 38 4 31 18 6 25 0 38 43 5 24 40 
36 29 19 11 44 7 11 42 1 38 14 0 16 25 39 12 
27 39 49 15 7 6 5 31 28 42 32 11 0 45 30 13 
1 8 39 37 13 28 35 2 24 1 21 8 41 0 10 25 
39 7 30 44 48 49 44 40 17 34 31 49 41 20 0 13 
47 17 13 39 37 7 27 39 27 35 42 38 25 15 37 0 
49 0 15 22 4 4 26 32 1 32 14 7 19 22 3 32 
30 44 0 32 12 4 5 46 2 23 19 12 18 3 10 7 
12 19 25 0 31 36 16 28 38 17 37 15 16 31 25 30 
38 5 36 45 0 5 48 6 13 12 33 3 13 49 36 42 
8 29 42 26 3 0 38 45 42 18 17 3 7 16 26 39 
39 15 28 43 31 7 0 33 8 5 9 7 6 13 49 33 
3 29 3 25 29 37 25 0 6 23 42 44 14 18 29 3 
42 40 38 23 44 38 36 7 0 5 35 26 22 37 17 46 
33 32 43 36 14 24 5 42 47 0 3 14 10 6 1 37 
44 15 30 2 18 17 19 41 5 45 0 18 23 48 41 4 
16 38 40 27 10 13 21 33 15 29 38 0 49 42 20 30 
29 30 6 18 41 11 42 35 50 29 14 41 0 39 41 47 
2 7 1 43 38 27 21 30 41 25 23 33 15 0 24 31 
19 27 21 25 17 38 18 30 50 43 24 3 41 48 0 47 
22 33 42 19 28 31 48 49 33 4 9 1 15 44 18 0 
29 0 28 12 19 11 37 21 14 25 10 35 27 2 50 15 
24 30 0 32 45 4 41 41 47 47 50 22 29 39 22 8 
37 3 37 0 32 15 47 42 22 38 10 2 19 18 9 43 
4 47 49 18 0 31 29 20 20 40 28 38 31 16 20 40 
9 33 43 18 23 0 33 41 21 35 19 33 9 45 36 3 
22 24 38 4 46 26 0 30 21 42 29 18 33 47 5 28 
16 27 3 48 1 20 27 0 1 36 11 14 27 14 50 48 
21 25 35 38 6 14 43 12 0 24 15 29 12 2 39 6 
50 44 16 8 3 7 7 47 35 0 34 46 24 3 44 32 
50 17 21 44 9 43 49 10 49 14 0 24 15 29 34 22 
8 26 13 31 11 21 11 7 48 42 14 0 28 50 5 11 
41 41 18 42 16 13 42 9 30 13 2 34 0 17 45 29 
42 28 14 14 26 21 12 22 33 12 39 11 23 0 2 46 
16 49 6 39 23 33 47 38 19 10 17 18 33 18 0 10 
37 44 13 19 1 37 15 37 29 40 30 19 36 31 27 0 
3 0 19 7 34 48 4 29 29 22 47 45 41 45 4 10 
3 29 0 5 24 25 46 48 4 1 9 1 13 28 49 44 
15 12 7 0 43 7 48 11 50 21 6 9 16 41 23 7 
47 21 33 19 0 38 2 15 12 7 31 5 15 6 26 47 
41 2 30 29 33 0 33 34 3 48 13 43 30 35 18 16 
31 8 32 45 13 31 0 30 9 12 42 50 1 1 12 2 
34 5 24 24 16 8 36 0 13 41 24 14 18 36 7 45 
23 31 44 41 1 48 34 12 0 13 17 12 43 18 37 33 
33 33 41 46 30 38 6 11 3 0 9 45 45 42 22 50 
13 45 3 18 20 20 7 11 12 5 0 1 44 12 7 4 
15 19 27 8 41 31 28 40 28 7 17 0 20 41 33 6 
4 42 40 14 5 17 41 1 17 14 26 23 0 30 42 30 
45 44 4 49 44 27 18 34 31 19 36 6 26 0 11 3 
50 16 28 6 2 9 4 49 3 38 25 19 10 45 0 16 
9 48 49 49 13 23 16 43 39 30 36 9 10 45 19 0 
11 0 16 40 14 14 10 45 25 40 21 41 46 1 12 20 
9 9 0 40 16 11 38 7 27 49 30 34 24 40 26 16 
50 45 4 0 35 27 9 29 46 31 6 14 23 9 28 22 
28 16 31 19 0 22 28 19 44 34 32 5 39 41 35 31 
37 6 49 25 21 0 46 43 17 35 12 30 13 9 10 48 
15 49 50 28 3 19 0 43 21 5 39 31 1 21 4 23 
21 38 12 1 20 9 25 0 35 7 26 35 49 47 8 42 
15 11 35 37 17 6 40 14 0 32 12 44 35 45 36 40 
45 23 14 12 41 42 1 9 41 0 39 41 15 44 2 18 
20 47 14 13 24 21 17 34 38 17 0 31 25 30 39 27 
25 30 49 17 31 13 36 35 17 50 15 0 2 44 48 26 
42 47 12 15 43 47 21 33 13 20 29 39 0 27 46 11 
18 22 20 15 15 12 16 27 22 5 35 12 47 0 13 10 
20 24 37 12 25 35 13 16 47 30 4 48 37 48 0 3 
25 10 40 7 33 44 32 29 33 15 27 20 41 10 9 0 
36 0 24 20 3 1 5 3 15 21 26 5 6 24 36 12 
14 30 0 30 19 31 26 23 41 31 17 38 45 4 48 49 
16 23 6 0 39 45 30 29 34 48 48 22 45 19 32 28 
38 9 44 21 0 1 47 40 22 30 33 13 34 40 37 13 
11 49 18 22 10 0 32 50 35 42 33 36 46 33 22 9 
31 4 10 3 30 29 0 1 33 48 2 26 2 27 6 32 
47 39 48 35 38 24 28 0 48 22 47 38 24 3 39 15 
2 8 1 21 3 9 25 38 0 8 35 10 16 21 20 34 
31 24 30 10 37 48 49 48 34 0 36 4 7 38 6 42 
5 49 45 33 1 18 2 6 4 24 0 22 2 40 1 29 
8 8 28 38 16 15 45 44 3 18 3 0 10 17 36 49 
2 37 32 16 30 11 22 38 20 16 29 18 0 27 36 15 
46 10 48 5 28 47 30 50 41 28 11 6 43 0 15 49 
9 35 21 5 22 36 20 24 21 18 36 20 8 22 0 38 
47 18 8 39 22 44 12 12 8 3 22 38 42 39 19 0 
6 0 30 23 22 8 44 48 23 15 29 26 36 27 38 43 
27 22 0 28 4 31 44 49 4 43 5 47 24 13 2 1 
49 29 36 0 3 13 7 47 37 15 44 50 46 44 10 46 
9 36 25 16 0 26 50 10 39 9 26 8 26 31 17 12 
21 35 21 15 31 0 48 1 25 26 37 31 36 14 10 31 
48 6 45 47 47 12 0 50 48 27 1 40 41 27 28 6 
31 17 21 3 23 16 26 0 29 29 49 9 11 50 30 46 
15 46 29 28 28 2 31 34 0 21 1 22 38 45 14 42 
8 24 48 21 6 15 16 12 37 0 15 23 27 17 49 39 
1 50 18 32 36 44 12 49 50 4 0 50 34 1 3 2 
29 31 16 38 41 35 14 30 24 31 50 0 34 42 13 5 
26 15 35 32 50 22 20 13 29 48 47 25 0 48 17 6 
31 16 10 36 37 42 12 30 8 4 38 21 45 0 1 37 
10 20 36 45 28 35 49 19 3 30 9 19 37 40 0 45 
11 16 13 18 50 35 25 7 27 13 15 36 28 28 13 0 
2 0 26 13 43 38 27 39 3 40 22 33 47 7 6 28 
24 25 0 40 14 44 22 9 27 1 3 36 14 10 33 14 
50 22 41 0 40 29 34 6 45 2 19 22 14 24 47 18 
38 19 1 49 0 40 40 47 14 35 42 43 50 13 41 3 
14 29 21 26 23 0 12 6 17 27 45 19 31 38 45 23 
9 36 30 34 15 18 0 13 12 43 24 3 8 7 49 36 
35 44 5 50 5 43 43 0 48 25 7 32 2 24 5 21 
9 9 19 13 33 8 20 30 0 26 36 1 18 28 2 20 
4 50 19 42 10 25 27 39 41 0 30 16 38 5 27 34 
16 39 8 23 15 45 39 45 16 29 0 15 15 29 15 5 
25 15 46 6 3 32 34 33 45 47 33 0 21 29 33 18 
20 15 3 43 20 12 11 6 38 25 16 6 0 3 13 45 
11 48 25 37 5 1 43 50 25 2 33 7 13 0 26 33 
25 10 12 49 9 50 13 37 45 43 15 10 9 31 0 37 
27 31 20 50 36 35 46 43 29 17 28 16 28 42 38 0 
6 0 48 30 5 1 6 44 5 5 46 48 12 30 44 41 
42 35 0 19 38 25 2 37 14 40 48 29 17 34 32 31 
35 35 45 0 8 37 17 30 4 31 31 34 27 15 5 39 
23 17 49 39 0 26 44 47 40 17 36 20 35 40 7 22 
40 11 23 25 11 0 13 17 23 8 24 12 31 39 8 42 
26 22 9 2 26 13 0 18 46 6 38 39 46 29 22 18 
32 40 47 9 42 23 4 0 41 45 26 6 44 42 15 14 
14 8 33 26 11 48 27 39 0 32 10 22 16 17 37 22 
18 39 2 41 43 23 34 31 16 0 19 22 31 15 27 20 
20 27 31 43 25 31 13 4 12 20 0 6 2 15 49 21 
8 37 5 23 8 18 42 2 23 42 30 0 28 18 7 40 
18 12 12 13 41 45 35 25 13 42 5 36 0 41 21 38 
21 19 32 46 11 35 27 43 19 3 28 26 9 0 1 45 
4 46 47 23 3 44 40 3 9 26 24 13 42 31 0 3 
32 2 31 35 22 11 46 22 47 5 42 20 43 11 14 0 
20 0 26 25 18 38 10 40 18 19 44 31 17 24 20 38 
23 35 0 12 16 21 26 45 24 30 35 9 24 50 18 11 
24 48 42 0 45 6 48 38 25 44 44 43 34 12 42 41 
44 23 3 10 0 33 7 8 27 41 39 26 2 46 34 30 
36 40 1 8 20 0 34 26 29 14 40 35 11 19 23 29 
42 33 33 39 41 36 0 22 41 35 5 17 21 2 7 31 
46 43 41 15 9 3 34 0 5 22 8 19 44 39 20 49 
47 40 5 13 47 44 20 7 0 43 44 14 49 16 4 4 
14 25 23 34 44 42 20 5 14 0 26 9 29 12 32 22 
43 33 21 37 8 27 16 40 10 38 0 27 36 49 21 45 
5 18 1 18 45 45 21 6 27 7 28 0 36 41 37 39 
15 8 26 21 1 32 28 30 47 28 48 35 0 13 47 17 
6 22 34 20 22 42 29 44 37 28 23 28 45 0 30 31 
41 26 3 22 23 19 11 28 20 14 27 38 4 41 0 48 
10 9 10 11 1 7 3 22 16 47 37 15 39 44 29 0 
4 0 34 50 17 37 23 33 41 24 49 46 44 14 6 46 
4 25 0 4 40 18 14 19 34 30 25 39 4 38 25 36 
5 23 35 0 42 11 43 38 38 4 25 28 18 36 13 6 
13 39 16 20 0 44 13 11 49 26 15 35 50 21 43 49 
19 45 16 38 44 0 24 10 23 46 3 16 37 50 16 41 
46 33 22 25 12 50 0 39 18 32 24 44 24 9 27 26 
43 18 46 6 7 33 3 0 48 19 32 3 17 20 18 28 
26 11 34 35 19 2 29 47 0 31 49 30 28 34 15 50 
50 2 46 21 11 49 42 45 9 0 8 44 36 4 43 10 
34 20 1 5 48 34 41 24 8 24 0 15 21 15 8 28 
6 19 34 19 32 1 21 50 7 29 35 0 17 26 28 26 
17 25 4 21 16 11 27 30 18 17 10 28 0 39 47 47 
28 27 37 31 3 26 3 35 11 9 13 20 45 0 26 14 
17 15 47 33 7 40 17 45 42 17 30 39 17 3 0 22 
24 33 3 11 2 8 30 45 25 50 15 41 44 12 4 0 
41 0 33 5 4 50 45 31 6 41 7 11 33 46 14 24 
37 36 0 32 39 36 30 18 34 24 7 38 21 22 33 43 
49 24 33 0 39 27 47 35 13 4 27 44 27 13 4 41 
25 35 31 2 0 13 29 9 5 27 24 23 49 31 48 13 
25 9 24 48 8 0 37 1 7 38 27 3 24 29 13 43 
3 6 31 34 33 3 0 41 21 20 14 40 20 7 16 4 
48 4 16 42 3 35 4 0 15 46 5 24 28 43 26 11 
6 31 43 34 22 17 19 48 0 16 10 35 39 4 34 19 
18 45 42 34 29 49 9 38 10 0 8 49 42 36 30 9 
26 48 45 10 9 10 28 23 44 37 0 30 7 50 32 19 
47 1 31 28 37 30 37 10 47 12 47 0 44 33 27 23 
26 33 18 7 35 38 44 44 26 9 40 22 0 48 47 49 
43 9 6 42 12 48 11 8 43 30 39 39 48 0 49 13 
17 46 47 22 12 47 39 44 48 32 3 8 6 19 0 48 
8 40 13 49 20 38 39 41 15 25 16 26 26 28 46 0 
49 0 46 46 13 43 45 26 26 36 2 4 16 8 11 9 
41 6 0 40 45 22 50 27 50 30 25 28 5 32 47 46 
22 13 16 0 3 33 8 12 43 27 4 32 14 27 47 16 
23 31 31 6 0 34 11 36 32 7 47 23 46 17 39 15 
40 45 29 40 30 0 41 50 5 29 2 30 13 14 42 40 
37 50 4 14 2 48 0 25 26 14 36 37 32 10 7 10 
12 46 5 12 14 38 35 0 37 17 25 23 26 2 5 5 
48 23 40 17 11 23 43 3 0 38 18 16 19 16 4 44 
9 41 49 19 41 34 9 2 28 0 2 2 14 37 39 29 
22 23 22 10 39 14 43 43 46 38 0 19 44 17 44 49 
20 19 33 24 17 33 28 34 15 21 40 0 21 13 15 9 
10 6 14 9 47 43 47 7 16 31 17 48 0 3 32 22 
41 42 9 30 33 33 31 14 23 47 45 40 8 0 39 49 
43 30 28 38 28 13 30 9 48 6 23 13 17 43 0 50 
35 25 2 43 31 49 13 33 33 26 29 43 42 13 3 0 
