44
18
39 0 49 42 3 27 50 34 34 14 43 37 4 11 36 12 30 22 29 
24 33 0 17 40 17 37 10 16 8 21 36 7 36 16 30 19 49 25 
43 41 32 0 12 18 22 50 13 29 7 45 4 48 10 3 16 2 27 
26 49 33 5 0 43 12 43 14 49 8 8 21 24 43 37 37 38 32 
47 13 16 45 41 0 4 9 4 22 5 23 26 4 20 15 4 44 1 
43 38 48 21 20 5 0 24 43 6 9 33 3 17 12 23 22 20 40 
11 31 9 30 47 40 40 0 38 41 23 4 38 6 21 49 37 45 50 
34 26 43 12 22 49 49 1 0 21 20 39 12 4 33 1 26 43 14 
43 13 42 9 32 32 14 2 39 0 18 3 13 4 31 18 23 38 44 
47 50 9 10 32 47 19 21 50 30 0 19 22 38 31 28 36 44 32 
8 26 45 11 48 21 10 31 49 9 16 0 8 44 32 45 8 29 43 
5 33 32 46 40 12 33 34 33 17 30 22 0 35 18 37 37 16 13 
49 37 3 39 1 1 48 11 5 42 36 38 28 0 31 3 35 31 12 
50 13 37 34 29 14 38 44 1 27 25 49 22 8 0 16 33 9 43 
41 17 33 32 48 29 8 41 49 46 40 49 20 50 37 0 26 37 3 
26 16 8 39 1 8 50 22 37 6 21 29 22 46 23 10 0 45 15 
29 18 15 8 26 38 16 43 4 3 8 25 12 47 21 13 7 0 43 
35 2 16 26 33 27 43 2 21 20 25 45 27 10 6 23 47 19 0 
39 0 18 41 21 24 9 4 48 14 12 45 25 8 9 39 31 25 43 
49 4 0 36 39 16 25 17 46 18 10 26 48 20 39 50 2 25 39 
3 15 29 0 8 23 35 13 31 7 47 13 16 6 47 35 13 25 44 
33 50 3 16 0 5 28 41 44 22 17 42 7 25 6 34 1 28 11 
15 41 32 2 27 0 35 18 20 34 3 5 30 14 8 15 7 20 26 
36 37 11 1 17 29 0 13 47 39 1 23 7 33 5 19 24 49 34 
12 32 24 19 48 35 44 0 39 40 43 4 35 42 19 37 9 15 42 
1 14 25 3 39 30 46 18 0 48 28 20 50 11 40 9 32 45 38 
3 18 39 26 7 29 39 21 44 0 5 9 4 20 25 41 28 24 35 
10 9 44 44 23 31 38 17 19 41 0 32 15 26 11 25 50 6 48 
3 26 7 46 15 18 37 42 10 44 8 0 46 10 34 16 25 22 36 
44 10 45 9 39 41 10 49 39 30 29 48 0 30 21 19 43 26 49 
29 14 45 26 7 32 21 44 9 23 31 49 49 0 2 40 39 6 47 
3 44 37 17 36 16 29 8 14 13 15 38 28 17 0 9 18 46 9 
41 19 3 14 38 46 32 38 18 41 32 27 9 41 15 0 22 41 32 
12 12 28 30 48 50 18 9 30 22 46 15 41 31 6 31 0 49 38 
45 39 7 42 35 49 48 39 27 38 4 24 23 6 26 27 6 0 35 
31 12 22 4 46 30 17 11 43 3 1 1 21 28 42 28 28 3 0 
25 0 21 27 29 32 9 23 31 5 6 49 40 40 14 26 22 50 38 
17 42 0 43 28 26 25 7 45 39 27 17 27 32 46 29 24 2 36 
8 2 30 0 13 31 16 25 11 13 3 14 37 26 49 28 5 11 37 
10 48 46 3 0 23 38 21 47 15 29 24 3 12 17 12 40 15 49 
9 5 11 28 3 0 15 12 5 32 2 1 19 49 28 35 42 14 5 
41 5 30 42 42 34 0 1 46 38 11 42 48 26 36 35 30 47 7 
26 33 45 31 41 19 7 0 20 46 46 30 46 18 20 4 8 50 10 
19 17 13 28 27 8 27 2 0 14 34 26 16 34 20 31 29 17 31 
10 10 15 12 36 22 38 5 17 0 42 43 22 44 19 36 25 11 31 
44 49 6 38 5 39 6 23 45 31 0 13 11 16 40 4 23 48 41 
46 8 31 42 40 22 41 36 10 42 41 0 8 30 10 10 1 35 19 
25 22 6 26 7 14 28 7 43 7 27 4 0 19 22 21 46 30 3 
50 3 9 35 47 19 30 14 33 37 1 3 2 0 15 5 35 48 27 
36 20 2 18 14 33 29 35 9 6 23 19 37 35 0 31 7 2 32 
10 41 25 37 46 43 32 41 7 41 5 13 50 34 24 0 45 10 10 
2 33 40 26 6 12 11 25 41 14 1 17 23 46 14 23 0 26 7 
2 50 25 9 36 23 27 39 30 47 7 40 45 43 26 21 5 0 19 
43 35 36 13 26 22 2 18 41 40 18 10 49 27 9 18 43 11 0 
36 0 43 47 17 50 17 33 15 19 2 19 8 42 2 41 45 31 42 
22 39 0 24 4 8 19 32 37 22 20 48 31 32 28 50 15 36 12 
23 26 36 0 20 31 12 3 1 49 33 49 16 20 5 46 18 47 4 
38 32 36 28 0 35 13 46 13 17 39 21 42 8 27 17 29 23 6 
7 2 9 12 1 0 8 20 50 38 6 1 44 35 15 32 46 28 4 
27 45 41 23 24 19 0 46 15 30 8 25 23 50 41 32 41 11 45 
46 26 32 29 9 36 25 0 41 12 23 4 7 10 13 50 13 3 28 
15 34 29 40 17 37 28 13 0 25 16 6 11 12 45 4 38 1 3 
23 48 37 5 49 34 8 23 11 0 24 48 13 24 37 39 5 26 28 
16 7 10 46 2 47 12 10 35 2 0 11 10 4 23 13 48 41 5 
42 10 36 45 33 44 26 4 15 12 43 0 20 22 8 19 26 22 44 
43 27 47 41 44 40 50 6 12 2 21 26 0 1 27 46 34 13 16 
42 21 25 16 20 48 32 1 17 15 30 4 41 0 28 1 19 5 14 
8 2 17 47 46 27 32 25 33 39 11 17 24 38 0 46 4 35 1 
20 28 7 50 9 44 23 35 27 9 12 44 26 33 22 0 32 27 11 
50 46 25 48 35 46 15 43 40 1 42 42 9 38 43 50 0 49 27 
8 9 44 24 24 12 1 23 13 40 14 29 45 42 12 35 4 0 39 
27 23 43 11 35 16 4 23 43 35 1 25 1 26 34 45 25 18 0 
18 0 27 22 13 48 12 34 26 30 11 6 50 30 25 34 5 24 27 
35 47 0 25 28 20 2 20 16 23 39 39 39 46 50 18 45 17 27 
18 14 25 0 32 28 10 37 43 17 44 5 27 41 47 2 7 11 29 
44 41 7 20 0 44 32 39 45 37 41 16 7 33 36 8 8 38 11 
3 4 19 16 41 0 27 36 27 11 47 49 43 37 40 39 39 2 27 
20 48 20 43 43 34 0 23 46 28 10 11 20 19 34 10 42 5 8 
11 28 50 31 35 18 22 0 43 47 44 5 27 18 45 35 32 38 40 
41 10 11 35 43 45 50 26 0 16 42 29 16 34 45 36 31 29 24 
27 40 14 2 22 50 38 29 42 0 2 42 17 35 37 47 20 1 45 
47 26 36 5 31 9 3 31 15 31 0 11 10 42 37 17 12 6 48 
27 40 38 11 48 14 4 49 35 50 7 0 42 20 15 45 41 35 3 
38 22 10 5 50 42 36 7 19 33 10 5 0 1 24 32 49 43 12 
7 37 28 22 2 32 25 3 24 23 12 47 16 0 1 3 14 24 34 
38 22 40 47 26 42 46 22 39 30 50 33 10 21 0 22 33 34 48 
25 17 21 28 31 47 18 13 45 23 17 10 3 37 50 0 49 11 21 
23 11 11 37 27 31 43 46 4 42 13 42 25 33 17 5 0 40 8 
13 11 42 43 29 13 47 24 5 30 27 13 33 12 10 2 11 0 24 
38 38 41 41 35 36 43 27 1 4 49 35 43 48 48 43 36 1 0 
30 0 30 32 49 41 3 27 14 19 42 9 2 32 24 23 44 18 2 
18 23 0 26 6 50 3 13 43 25 21 37 30 16 41 26 10 22 32 
42 39 48 0 38 15 22 18 2 18 49 23 26 13 50 30 47 25 14 
26 24 30 30 0 37 49 28 6 28 39 27 19 27 23 2 41 3 29 
5 31 9 4 39 0 48 36 14 21 50 9 38 1 19 16 12 34 48 
2 13 3 49 10 9 0 45 29 26 50 23 1 24 22 48 1 42 45 
6 22 36 32 44 23 28 0 28 48 40 38 8 3 15 39 4 40 40 
27 6 21 1 10 10 23 37 0 41 20 27 38 41 1 28 21 7 12 
13 21 19 30 21 32 11 5 41 0 19 47 9 12 20 33 8 24 37 
25 5 12 26 10 8 33 9 2 11 0 50 38 30 33 8 27 42 20 
22 48 35 40 40 6 19 4 40 33 8 0 7 5 33 27 41 47 3 
1 37 11 11 48 13 30 50 5 4 39 15 0 1 36 28 14 37 27 
2 36 15 7 7 6 19 50 1 45 6 17 12 0 39 37 6 27 5 
9 11 50 22 10 40 2 16 15 26 32 23 29 42 0 47 50 40 11 
38 45 31 5 43 49 13 36 45 38 42 50 29 46 9 0 24 5 27 
28 30 26 26 5 41 41 43 18 28 16 15 21 13 50 26 0 19 33 
25 4 18 2 10 25 46 14 25 16 48 37 14 6 38 21 23 0 10 
36 13 40 40 14 1 31 35 20 31 17 30 1 3 28 27 49 1 0 
10 0 26 21 2 30 41 17 26 46 31 15 10 27 1 40 41 41 7 
43 36 0 41 18 21 25 5 16 48 45 16 45 10 37 8 37 11 47 
39 34 33 0 49 23 38 5 50 21 10 4 17 40 10 13 22 35 13 
11 43 6 46 0 48 15 44 22 11 2 22 28 3 41 40 44 2 7 
24 44 14 3 13 0 21 5 46 13 31 5 6 32 39 3 46 26 19 
42 44 37 19 6 1 0 28 4 29 43 8 13 27 47 9 7 48 41 
50 9 30 35 41 2 2 0 14 17 6 20 34 25 8 15 21 3 8 
21 5 39 13 25 10 43 12 0 39 50 4 9 48 26 41 13 46 18 
40 7 3 35 17 43 34 22 34 0 45 19 50 49 7 45 1 36 43 
2 37 34 21 42 30 14 3 10 9 0 9 45 44 13 12 47 32 46 
6 36 39 47 29 4 26 49 44 39 1 0 48 15 47 40 48 11 10 
34 20 16 24 22 14 33 26 14 39 2 6 0 39 2 26 49 46 1 
5 6 8 31 45 43 36 26 3 13 44 12 6 0 46 3 3 13 12 
30 32 15 25 15 4 40 38 48 39 50 49 22 16 0 2 39 44 5 
2 4 26 23 38 46 12 20 32 3 33 6 3 37 39 0 14 20 14 
36 30 42 5 42 7 46 48 26 4 41 28 10 17 3 49 0 1 10 
37 7 45 19 13 45 22 37 5 42 37 14 11 9 47 38 4 0 14 
14 48 13 19 27 41 21 9 30 5 43 16 4 4 36 30 27 13 0 
20 0 18 18 48 33 5 2 5 12 13 43 33 31 22 14 40 36 4 
48 19 0 31 5 49 5 16 18 45 40 38 33 28 32 32 35 19 36 
47 16 15 0 9 17 23 29 8 16 47 24 21 2 15 19 33 33 9 
33 16 19 13 0 33 15 11 13 17 30 35 12 2 47 4 29 44 20 
39 39 3 9 26 0 41 40 19 45 24 38 24 14 46 50 23 3 4 
17 34 34 1 48 4 0 6 50 24 4 45 27 18 24 22 50 44 44 
7 25 40 29 24 14 21 0 38 26 44 17 40 13 30 45 1 12 10 
36 39 42 49 3 27 18 36 0 25 18 6 14 3 14 2 6 17 29 
14 39 11 21 30 11 29 12 33 0 34 42 16 33 18 13 12 15 6 
3 9 22 14 12 39 39 3 32 12 0 41 3 39 7 13 16 38 23 
50 15 9 31 20 42 44 34 45 9 35 0 39 2 42 50 46 4 9 
8 50 28 23 32 28 30 18 22 31 46 35 0 3 17 31 40 12 50 
48 22 39 30 21 28 44 31 18 44 10 50 4 0 43 3 5 9 38 
46 28 34 32 1 3 21 14 39 10 7 18 9 12 0 30 1 49 33 
20 28 30 50 29 2 10 36 8 22 27 3 32 49 9 0 43 45 35 
16 16 21 37 10 7 39 35 24 50 36 48 20 4 44 21 0 35 31 
9 46 50 33 22 16 45 49 37 36 28 8 10 16 18 46 35 0 34 
12 34 18 23 12 45 28 10 1 11 2 24 10 12 14 28 35 49 0 
36 0 34 44 6 42 12 21 3 7 17 41 20 31 25 20 11 10 1 
14 36 0 35 6 5 13 15 35 47 14 27 17 45 32 32 20 10 1 
40 6 43 0 7 3 9 38 12 20 32 31 27 5 50 2 13 15 49 
14 30 30 32 0 42 8 16 7 27 40 22 9 39 11 16 19 21 5 
9 7 34 26 18 0 44 44 33 5 20 10 27 16 32 18 34 6 30 
22 9 14 35 42 46 0 33 49 40 11 44 20 12 36 30 48 4 8 
15 39 13 37 39 9 4 0 46 48 50 25 41 42 6 6 36 48 13 
41 25 16 38 44 20 4 33 0 40 35 8 24 48 19 28 10 19 18 
18 36 21 6 31 46 49 34 25 0 50 19 39 15 27 39 18 7 30 
42 28 45 44 33 6 19 19 38 24 0 2 6 13 33 37 39 18 12 
42 36 44 21 40 11 45 4 14 2 21 0 32 36 31 12 49 18 42 
23 24 3 15 37 13 8 25 32 19 38 37 0 2 27 10 27 26 22 
37 22 38 35 49 30 42 18 49 7 39 21 45 0 15 15 46 16 44 
10 28 50 32 13 16 29 27 17 28 1 45 22 9 0 6 41 12 47 
4 38 26 24 23 20 14 2 36 11 25 24 23 6 11 0 16 18 48 
23 6 10 22 7 23 13 15 17 5 35 30 16 5 3 19 0 43 29 
19 36 5 31 18 11 30 18 2 43 5 45 34 7 41 8 18 0 7 
38 32 31 3 11 9 3 10 17 6 46 21 21 4 14 32 47 33 0 
44 0 43 38 49 42 39 21 20 10 22 21 28 40 8 37 46 32 11 
48 17 0 25 47 28 9 45 25 23 32 23 2 32 2 11 9 15 26 
20 39 41 0 43 32 41 49 31 39 39 17 38 34 26 23 4 35 30 
8 47 15 29 0 4 18 16 39 48 9 41 19 18 31 43 11 27 43 
21 6 35 34 49 0 48 21 6 8 35 48 47 29 29 18 31 2 19 
12 41 36 23 27 43 0 43 40 40 20 22 37 46 24 50 31 34 29 
45 24 49 17 9 49 11 0 31 41 2 31 13 2 37 30 25 50 36 
7 48 29 42 42 9 8 1 0 35 21 40 25 48 48 45 39 36 28 
21 45 32 38 12 46 2 42 9 0 28 19 35 8 22 24 14 24 36 
50 3 33 40 10 9 15 40 42 17 0 4 33 18 14 1 2 4 6 
4 20 37 34 41 50 1 31 33 50 14 0 19 1 34 24 10 39 33 
46 31 36 24 24 22 5 36 38 26 10 6 0 35 7 18 19 11 4 
50 17 13 33 40 29 27 15 27 24 16 21 9 0 9 25 18 7 23 
20 30 47 15 29 5 12 25 21 28 16 8 1 32 0 24 21 11 22 
20 13 42 7 48 9 46 32 20 18 18 2 31 17 50 0 45 50 31 
7 35 38 9 22 16 8 49 50 20 23 35 47 39 49 3 0 48 45 
32 14 33 39 19 48 35 45 8 20 47 50 8 6 33 43 14 0 26 
34 12 42 27 50 49 9 27 9 36 21 29 4 28 19 6 14 37 0 
49 0 19 17 41 24 27 9 39 3 1 12 17 2 4 26 24 19 37 
3 5 0 14 34 30 43 39 50 24 29 17 20 31 2 43 47 45 45 
9 44 39 0 15 19 11 47 9 15 43 35 17 3 30 9 32 3 9 
23 15 39 24 0 2 25 4 30 22 34 20 11 25 6 10 32 15 26 
48 39 37 4 38 0 22 28 47 15 7 27 37 11 49 49 35 25 31 
6 35 42 15 11 39 0 40 14 39 5 19 30 8 22 16 34 35 15 
22 20 28 18 47 6 10 0 48 4 36 23 21 12 41 32 29 26 30 
35 34 28 49 14 24 33 23 0 29 36 49 5 22 28 15 35 13 5 
4 39 39 37 5 14 36 5 41 0 18 43 28 48 30 47 37 50 1 
37 24 6 4 35 24 27 24 49 49 0 14 46 7 28 28 27 26 37 
41 48 29 15 13 10 33 15 31 1 38 0 19 9 36 29 14 48 39 
50 50 4 16 10 32 15 38 41 46 12 16 0 1 22 5 10 46 2 
23 23 12 46 22 20 44 27 36 30 40 29 18 0 43 30 39 27 27 
33 26 39 48 50 25 20 38 3 15 1 17 15 50 0 40 28 42 26 
28 5 29 34 22 34 46 36 49 12 29 20 36 12 45 0 28 27 20 
13 25 23 37 27 34 18 29 27 20 15 41 39 41 1 5 0 11 23 
48 49 5 6 3 15 27 8 10 34 29 39 22 37 23 21 15 0 18 
4 42 28 45 17 43 7 26 21 8 24 38 20 32 2 23 31 28 0 
16 0 8 23 9 10 19 25 34 1 38 49 28 19 19 26 34 1 19 
45 4 0 33 12 49 27 45 20 35 22 15 47 38 49 7 45 5 8 
45 45 33 0 10 20 33 43 20 27 43 40 5 12 36 31 33 28 27 
46 5 9 46 0 14 41 35 3 20 4 1 50 22 24 14 19 39 7 
37 36 34 50 19 0 30 1 3 30 30 10 29 17 6 22 31 49 1 
49 50 31 43 26 17 0 13 40 19 27 22 16 42 43 48 25 46 42 
44 47 36 30 46 12 11 0 5 44 42 38 46 29 41 26 14 21 39 
26 45 11 17 37 30 11 24 0 32 14 39 17 32 42 10 30 38 3 
15 19 5 20 32 21 24 22 3 0 24 49 31 41 28 23 9 50 2 
32 27 10 7 20 23 31 47 16 27 0 11 46 36 50 4 23 49 2 
35 6 13 40 43 16 27 37 25 1 24 0 11 45 23 43 8 49 11 
43 8 50 33 39 35 6 48 11 7 38 50 0 27 18 30 21 24 44 
40 42 34 45 31 33 48 30 24 5 32 38 4 0 29 1 43 30 41 
3 3 18 28 35 46 5 20 49 26 25 6 32 25 0 49 49 19 7 
28 49 28 17 35 9 12 1 17 24 4 10 49 34 39 0 39 18 22 
27 12 7 39 41 11 35 22 6 18 23 8 40 5 10 44 0 16 32 
13 36 18 9 17 34 30 32 17 40 28 41 18 43 7 27 23 0 8 
50 40 9 18 33 14 4 44 28 9 34 49 50 5 19 8 26 33 0 
5 0 18 45 24 9 9 45 46 45 16 1 31 1 13 33 3 44 26 
23 46 0 3 5 6 24 6 21 48 18 40 23 23 11 17 25 23 5 
13 27 31 0 50 24 38 19 39 43 48 9 21 16 48 11 43 35 31 
30 1 13 22 0 18 39 12 27 6 23 44 41 14 27 41 28 40 18 
46 23 23 16 36 0 18 31 8 13 27 3 42 12 30 26 37 45 23 
43 41 9 43 39 48 0 32 47 46 3 35 33 31 39 8 44 48 12 
9 15 15 45 42 10 27 0 35 24 15 11 14 15 27 32 18 36 50 
9 3 35 25 34 39 23 28 0 24 30 47 15 35 19 33 14 29 31 
8 48 50 50 17 4 24 18 37 0 32 38 8 1 13 3 9 35 45 
28 34 32 26 23 15 37 47 39 10 0 30 42 31 1 49 2 11 38 
50 10 36 31 2 16 3 41 40 16 30 0 34 12 27 35 38 37 45 
50 32 25 35 14 21 16 14 39 46 1 37 0 10 49 3 16 9 26 
10 47 32 16 24 33 25 21 17 5 49 4 7 0 44 15 4 3 29 
13 16 47 16 16 39 28 8 40 3 7 31 31 47 0 18 10 29 41 
14 34 9 43 11 43 4 11 15 35 39 8 23 6 47 0 25 3 44 
29 44 32 44 38 17 43 23 14 36 25 3 36 48 16 24 0 41 19 
20 21 5 4 12 5 24 44 19 33 30 2 35 6 44 25 31 0 35 
10 20 47 43 50 39 30 19 37 13 49 42 43 50 15 28 6 32 0 
39 0 25 33 27 21 45 48 11 43 12 2 19 9 12 17 31 15 22 
23 27 0 21 17 25 44 19 11 45 28 40 31 37 7 1 13 36 6 
3 34 49 0 2 45 40 46 18 18 18 4 38 25 12 36 44 6 29 
11 23 1 40 0 9 11 1 21 21 12 26 45 18 47 26 11 29 32 
23 21 33 32 21 0 7 27 1 7 7 3 28 46 43 2 23 2 14 
6 13 26 39 2 25 0 19 35 43 23 1 8 13 14 34 4 21 35 
47 30 2 44 14 8 4 0 44 18 43 17 33 44 45 46 12 6 16 
7 35 19 8 14 37 15 4 0 1 50 45 40 45 42 22 17 27 23 
12 12 50 18 36 9 8 26 18 0 10 30 6 13 2 9 19 48 37 
17 39 16 16 30 10 8 5 50 29 0 49 25 11 27 19 23 50 45 
17 39 49 11 50 38 19 5 24 46 37 0 43 31 27 44 36 1 38 
7 46 32 40 11 31 10 30 28 43 50 4 0 37 40 2 15 2 10 
38 6 40 29 48 25 36 12 18 7 48 23 32 0 26 26 31 17 4 
13 27 28 19 2 20 10 26 6 21 9 47 42 17 0 25 35 48 45 
49 28 49 8 4 49 14 3 33 6 12 24 28 6 24 0 48 2 26 
32 20 5 20 19 22 19 16 4 21 15 32 48 48 29 32 0 33 40 
6 5 23 30 5 49 38 5 15 32 44 3 24 45 15 50 3 0 28 
41 29 9 27 39 39 45 43 39 2 8 14 46 47 24 35 42 47 0 
3 0 3 15 6 32 15 8 37 22 2 48 20 17 49 45 1 41 5 
31 29 0 17 35 35 13 11 37 47 1 37 48 30 40 3 18 47 1 
13 35 47 0 44 20 2 18 44 45 19 35 10 19 46 6 19 4 14 
31 19 18 3 0 46 46 19 7 1 24 22 8 18 50 2 45 39 7 
8 37 9 15 18 0 41 19 43 3 38 32 41 43 11 37 40 37 29 
34 11 39 2 26 14 0 1 44 22 37 2 36 8 25 7 49 11 17 
5 17 2 27 35 4 43 0 32 25 11 32 12 22 28 13 24 12 28 
18 7 12 46 14 24 19 32 0 42 18 30 8 35 44 1 20 36 21 
28 7 27 36 9 45 39 41 12 0 11 16 24 23 34 14 29 32 5 
6 9 3 28 8 3 13 26 2 18 0 26 38 11 3 43 42 47 5 
2 33 49 17 8 24 13 9 16 18 45 0 46 44 6 13 47 14 27 
19 1 49 24 24 34 43 21 15 24 50 14 0 31 32 38 9 28 49 
6 39 2 29 15 50 38 45 31 6 25 21 26 0 15 39 17 23 47 
7 29 9 15 24 37 9 39 9 3 38 14 8 36 0 29 14 41 25 
25 40 36 49 37 29 3 37 47 45 49 36 26 15 9 0 42 3 50 
41 42 16 15 21 27 42 35 8 18 49 39 43 12 25 14 0 42 34 
11 8 42 30 13 37 41 14 40 23 28 23 5 17 33 29 24 0 50 
10 11 20 9 8 2 22 35 39 8 2 37 11 12 23 26 31 45 0 
8 0 11 29 29 25 7 37 19 8 35 13 33 7 14 39 26 4 31 
15 3 0 1 41 9 29 49 33 13 4 13 16 1 30 36 39 22 14 
21 32 37 0 13 22 39 45 38 22 7 2 39 49 36 9 42 12 29 
45 18 3 50 0 31 42 45 34 7 42 35 33 47 18 42 26 5 23 
45 2 31 13 46 0 21 7 42 31 24 5 27 8 9 19 7 44 5 
12 22 2 45 18 39 0 32 3 4 39 11 34 47 24 31 37 48 10 
48 33 22 32 44 39 11 0 21 30 31 35 27 15 40 25 38 14 34 
21 50 34 43 31 44 18 18 0 32 48 28 32 46 22 11 9 10 11 
34 30 29 13 35 48 10 2 19 0 28 25 21 10 10 10 48 16 48 
26 6 3 28 14 26 8 14 44 48 0 35 14 16 6 31 14 4 34 
6 9 16 37 34 30 25 41 44 12 39 0 19 22 49 6 13 34 5 
9 6 17 4 5 22 5 12 18 6 12 19 0 40 46 6 26 43 8 
33 40 22 23 3 24 32 47 26 25 26 36 8 0 3 23 27 5 48 
18 3 4 44 33 23 12 20 29 25 22 43 13 47 0 6 49 30 44 
33 36 4 43 22 9 47 30 36 32 49 9 47 14 41 0 9 8 41 
4 39 8 50 12 34 45 7 25 33 13 30 30 9 24 29 0 44 20 
45 25 31 45 48 3 37 31 22 21 29 9 3 5 39 16 45 0 41 
37 34 25 21 49 16 34 14 18 7 2 40 36 18 20 22 14 34 0 
10 0 10 41 5 13 31 12 25 29 17 30 8 41 14 15 33 43 11 
45 25 0 27 16 11 35 36 31 29 33 35 11 40 32 41 6 7 36 
50 32 21 0 44 9 24 37 18 34 10 16 38 25 4 26 9 28 40 
7 45 49 7 0 19 33 3 30 41 18 28 49 17 36 8 30 33 11 
40 1 16 3 29 0 44 1 26 15 41 8 31 36 31 4 2 49 12 
37 44 14 39 42 30 0 34 20 41 36 44 30 30 46 22 16 20 27 
24 5 16 6 7 44 18 0 13 22 10 33 48 45 16 37 47 43 40 
48 2 10 37 19 10 4 16 0 33 36 11 12 10 20 11 28 28 45 
47 32 37 20 22 29 8 25 37 0 43 41 29 43 34 4 33 18 19 
18 38 36 7 2 42 12 33 3 11 0 50 13 37 18 38 43 1 12 
3 28 30 31 29 45 23 11 26 5 43 0 27 9 28 3 43 11 40 
9 40 30 46 9 40 27 48 26 25 7 23 0 41 1 34 43 30 41 
39 37 10 42 34 42 17 7 40 26 2 23 11 0 44 8 49 34 11 
32 8 20 41 5 31 20 49 5 3 15 42 43 17 0 48 12 5 24 
30 18 7 39 29 2 50 1 46 3 14 13 16 42 17 0 24 11 23 
22 48 32 29 23 36 37 14 43 49 33 36 25 49 40 34 0 19 17 
5 43 29 18 42 4 36 17 35 42 38 23 26 20 6 25 41 0 7 
43 2 46 21 2 16 10 2 19 10 28 16 23 32 24 1 19 19 0 
45 0 5 7 29 44 7 1 46 27 21 23 14 31 50 9 34 42 18 
22 34 0 41 14 8 41 36 26 39 20 20 6 49 26 1 37 31 37 
1 14 8 0 40 21 7 39 40 29 6 30 29 7 40 41 7 29 36 
28 31 47 17 0 43 18 18 31 27 21 22 48 13 44 19 22 34 28 
10 33 14 35 25 0 19 12 31 47 11 13 30 16 43 47 16 10 1 
41 34 21 41 22 40 0 31 19 18 32 43 36 10 36 6 13 48 47 
23 44 6 28 5 13 22 0 8 19 47 6 29 1 48 35 19 32 50 
7 19 12 25 4 7 1 31 0 38 12 2 28 25 3 46 1 43 17 
45 13 30 9 19 15 21 35 14 0 39 31 46 1 41 4 7 6 29 
36 49 40 50 27 24 25 11 7 41 0 22 3 34 50 5 19 25 20 
20 49 1 48 4 20 43 12 50 43 11 0 11 24 19 48 18 16 45 
27 45 36 6 34 9 8 31 13 11 6 32 0 42 33 17 35 37 7 
28 38 45 21 7 15 25 33 50 46 18 4 6 0 16 34 10 43 30 
34 15 16 42 40 23 7 32 7 19 2 29 45 40 0 32 41 40 28 
1 7 38 21 32 2 10 12 13 9 6 40 48 32 41 0 37 1 23 
42 37 49 22 14 25 9 7 31 22 2 29 22 16 27 7 0 10 36 
42 14 33 15 33 28 11 49 27 17 21 20 38 8 39 10 49 0 3 
30 29 43 13 12 26 21 38 11 35 38 41 14 42 23 5 46 38 0 
40 0 28 5 22 12 16 49 43 36 12 34 45 40 12 17 24 27 32 
44 29 0 2 8 44 45 18 26 11 36 3 30 47 34 13 1 21 21 
49 8 17 0 28 15 20 41 9 5 16 45 26 24 41 15 42 12 17 
36 33 34 10 0 4 37 5 14 40 6 15 50 33 39 42 46 25 20 
15 16 15 32 18 0 36 41 2 31 36 12 13 16 6 23 46 15 39 
38 40 4 30 23 2 0 31 35 45 5 33 6 34 29 16 46 27 46 
2 5 16 49 19 3 6 0 19 2 27 40 10 28 37 25 4 9 36 
16 35 43 14 2 33 42 37 0 19 25 3 34 48 21 29 28 45 11 
23 39 21 2 25 5 50 4 46 0 35 28 46 32 30 20 30 31 43 
3 38 3 34 8 33 34 32 17 18 0 29 20 32 50 43 14 31 20 
16 14 11 39 14 48 37 7 9 23 44 0 23 14 19 41 36 26 7 
8 40 32 38 19 44 39 32 25 27 4 28 0 4 19 50 50 14 17 
32 14 24 6 47 2 24 11 39 44 4 11 29 0 46 24 36 6 41 
39 29 45 18 1 32 23 11 4 31 20 25 24 15 0 5 24 5 12 
34 3 44 31 14 9 6 45 29 15 48 9 4 19 13 0 9 11 36 
22 15 14 42 33 36 49 43 41 14 21 40 7 5 41 13 0 3 4 
48 9 15 37 13 7 4 9 13 45 27 2 12 15 4 19 2 0 41 
49 42 20 8 33 21 18 42 24 39 8 44 18 42 16 10 12 3 0 
22 0 36 2 7 38 25 24 4 16 40 2 6 37 38 3 1 14 11 
35 40 0 27 44 19 21 33 16 1 20 28 35 36 3 4 2 48 17 
39 42 4 0 45 35 29 5 28 40 18 3 21 41 17 29 6 26 23 
26 28 17 31 0 25 23 24 4 26 31 5 50 3 35 40 37 12 22 
8 40 5 48 39 0 42 32 15 14 31 30 11 7 30 28 31 26 21 
50 9 18 32 22 32 0 3 25 24 41 16 18 31 4 6 8 49 37 
18 28 39 26 50 11 10 0 43 24 16 25 25 23 22 10 20 38 4 
5 26 18 23 45 15 19 41 0 49 46 1 26 6 49 32 42 13 49 
32 24 9 7 22 29 8 38 50 0 49 19 44 9 11 17 2 4 23 
19 46 33 24 8 9 12 14 43 49 0 11 26 43 32 9 12 38 14 
45 48 5 39 16 8 16 20 23 6 38 0 40 10 4 46 10 23 18 
16 8 17 1 46 9 37 10 27 24 6 37 0 36 47 23 3 7 6 
18 30 30 25 9 38 36 7 26 3 39 7 31 0 33 9 41 46 31 
47 45 2 46 3 7 31 42 14 36 20 41 18 7 0 48 40 43 44 
39 41 50 29 15 40 33 35 21 21 44 23 29 45 2 0 43 7 13 
5 22 28 24 45 17 24 50 37 36 36 32 10 41 41 16 0 3 6 
31 19 30 13 14 19 36 11 49 41 8 26 40 25 1 36 36 0 21 
17 15 47 33 5 15 3 48 50 40 12 3 33 14 43 46 12 39 0 
33 0 42 9 10 39 35 18 33 43 12 46 11 32 25 6 21 50 38 
10 48 0 14 16 11 17 19 47 49 47 9 45 33 45 13 13 3 44 
12 8 27 0 13 16 23 23 42 3 39 8 38 48 12 15 5 36 14 
26 17 32 43 0 41 42 36 22 25 49 29 1 48 20 22 12 9 42 
11 48 33 42 44 0 20 15 31 39 12 50 48 31 29 9 49 38 36 
13 20 17 35 27 44 0 48 24 13 2 42 39 17 36 3 23 45 39 
32 34 24 13 28 11 4 0 25 23 27 19 1 43 49 32 36 50 40 
26 26 21 40 44 20 7 14 0 39 50 45 14 45 8 34 20 18 4 
13 50 42 7 32 3 22 21 6 0 13 9 43 8 32 36 14 47 19 
18 42 41 5 7 15 22 4 30 9 0 33 11 17 23 32 29 23 1 
48 19 45 19 19 23 14 45 5 47 43 0 14 28 32 11 16 3 27 
13 8 44 27 36 28 23 13 39 46 46 36 0 12 29 9 36 16 29 
24 50 24 19 41 12 11 25 12 16 31 2 50 0 1 21 5 16 15 
7 21 34 17 46 6 34 19 49 20 36 15 6 43 0 16 33 42 3 
3 45 18 32 17 11 17 8 32 38 47 46 15 7 13 0 44 30 46 
45 7 5 18 35 23 14 41 39 47 11 39 36 17 9 19 0 3 22 
48 25 4 24 1 39 24 47 23 4 5 30 2 12 13 21 39 0 35 
49 35 10 45 19 26 22 20 47 44 2 30 37 47 4 42 46 5 0 
42 0 22 7 17 45 39 1 11 37 10 46 49 26 16 29 25 21 18 
13 4 0 7 28 2 31 42 31 45 43 18 8 26 11 17 9 29 18 
29 32 41 0 21 45 8 40 13 24 48 18 37 2 13 27 37 29 43 
48 14 20 26 0 25 14 45 8 44 29 34 36 33 18 37 11 46 39 
28 43 10 50 39 0 40 8 45 13 8 42 5 32 40 32 24 12 16 
48 3 8 27 26 37 0 15 11 30 39 15 1 50 41 17 38 10 37 
34 49 25 31 19 30 2 0 37 17 39 48 44 4 10 6 22 14 43 
32 1 17 23 35 29 10 19 0 30 12 9 2 39 45 31 46 40 14 
41 18 35 28 26 39 21 27 14 0 36 35 5 45 29 27 24 7 9 
20 11 14 47 21 50 50 40 29 15 0 50 3 13 9 20 43 32 46 
9 4 25 28 3 9 16 25 35 26 18 0 30 25 15 38 23 26 30 
50 44 48 35 28 37 11 7 27 11 24 26 0 36 3 47 32 16 3 
35 43 9 6 32 47 16 25 23 49 40 36 16 0 41 33 41 43 38 
48 24 26 39 18 47 32 5 1 9 40 15 34 44 0 49 35 38 34 
21 45 13 2 20 3 15 12 17 42 46 34 44 45 10 0 10 34 43 
28 47 25 12 25 27 46 7 35 8 16 47 37 31 3 49 0 20 49 
25 47 4 24 24 6 30 40 10 18 15 46 6 24 10 7 8 0 42 
10 9 21 36 6 14 18 7 46 21 6 16 31 46 25 11 35 37 0 
39 0 4 23 19 32 35 18 29 42 40 3 43 37 30 23 11 40 11 
29 40 0 42 41 6 17 11 10 35 45 37 20 21 45 40 23 19 4 
20 41 28 0 36 19 28 22 29 5 4 34 27 43 21 6 14 32 46 
46 48 49 6 0 9 23 1 23 42 22 19 8 3 15 11 19 41 50 
34 44 21 15 20 0 27 13 7 27 8 2 17 15 8 14 44 27 22 
6 15 32 6 36 46 0 36 50 11 48 1 19 16 24 30 7 30 39 
25 32 29 23 44 2 46 0 43 21 26 8 11 44 10 38 40 14 27 
18 29 8 25 29 20 17 15 0 6 8 43 29 37 8 28 25 19 45 
44 34 22 30 10 44 25 11 42 0 50 5 42 32 27 10 4 40 1 
31 50 4 9 6 29 46 38 50 43 0 39 1 34 19 41 43 47 31 
5 38 20 15 1 19 28 18 11 15 27 0 17 19 33 18 27 45 19 
42 35 28 43 34 22 44 32 22 42 16 36 0 1 39 30 30 50 3 
32 16 50 35 31 38 19 32 12 34 25 7 33 0 7 25 22 1 12 
4 12 4 48 22 19 48 37 2 26 14 38 37 40 0 34 16 46 29 
20 7 4 40 25 3 11 10 8 15 9 10 11 29 38 0 19 26 38 
49 35 45 32 38 45 37 44 18 24 48 35 23 18 12 47 0 3 45 
8 14 38 1 38 12 11 33 28 43 15 35 1 19 14 47 17 0 11 
35 38 20 10 4 32 35 37 13 24 43 42 49 15 27 44 11 13 0 
1 0 48 48 33 21 6 18 45 29 33 24 29 22 27 1 1 12 16 
25 49 0 10 7 17 1 49 38 41 36 44 1 9 7 8 1 46 19 
14 2 18 0 15 43 10 3 2 13 34 2 16 42 48 3 11 19 13 
3 45 32 47 0 34 34 16 32 1 29 25 18 21 21 31 32 37 11 
48 11 7 1 4 0 15 39 16 36 25 44 46 48 48 38 46 49 2 
38 18 18 34 49 11 0 10 25 28 46 14 32 36 11 12 42 13 8 
7 2 41 18 8 19 48 0 41 39 5 31 27 30 26 22 29 45 19 
43 15 12 46 42 29 37 43 0 2 5 40 34 35 6 35 31 40 47 
12 20 10 49 37 9 23 5 44 0 2 17 38 10 7 16 43 49 49 
47 11 11 12 31 15 17 43 2 5 0 20 26 42 50 37 26 18 25 
10 44 28 4 24 37 36 36 27 15 46 0 33 19 43 7 36 34 29 
37 50 40 45 33 45 7 18 35 19 10 18 0 2 34 39 42 34 6 
22 43 37 24 27 46 39 3 47 19 37 28 19 0 6 16 8 40 19 
36 15 12 33 48 7 2 17 27 10 14 12 44 28 0 9 2 14 42 
43 13 23 45 7 31 48 38 32 8 1 4 2 44 45 0 21 6 20 
44 40 46 31 22 10 19 29 39 36 25 9 19 17 43 25 0 16 27 
47 42 8 32 36 10 25 45 17 23 8 21 17 24 22 40 9 0 25 
46 12 41 13 26 28 42 13 13 23 39 34 12 28 28 18 24 15 0 
12 0 12 4 37 6 27 44 47 22 19 19 2 38 30 9 18 29 4 
36 34 0 17 30 41 23 47 2 7 33 12 31 43 49 50 8 28 47 
21 10 6 0 14 20 30 7 23 44 12 36 9 26 45 49 25 33 41 
49 33 22 31 0 40 5 21 11 35 42 27 20 2 31 2 12 47 20 
48 22 15 37 24 0 18 30 36 17 48 8 17 32 19 17 10 10 46 
25 40 21 2 44 9 0 45 16 47 25 11 6 8 14 48 30 27 11 
26 12 9 5 2 4 38 0 23 3 19 10 9 3 42 21 7 37 7 
50 47 29 7 43 8 21 5 0 26 12 41 45 20 2 42 7 34 48 
37 21 38 17 14 22 6 27 6 0 39 23 19 35 2 27 42 31 31 
32 20 19 1 34 48 29 27 32 9 0 49 9 17 46 9 23 20 17 
19 33 33 8 1 17 3 32 33 7 27 0 40 18 28 22 12 25 14 
30 36 37 41 39 38 40 47 28 48 23 27 0 11 12 32 11 24 48 
48 25 20 2 49 3 16 22 50 43 41 22 37 0 5 21 45 44 34 
30 29 45 46 19 4 40 6 10 6 47 16 9 8 0 5 24 15 1 
45 29 38 35 26 17 38 47 7 6 11 18 6 17 19 0 48 31 45 
3 3 7 16 12 44 43 10 26 35 35 34 17 13 41 21 0 50 16 
47 45 4 29 8 22 48 34 45 43 1 30 47 11 27 10 21 0 12 
44 29 17 45 43 16 41 4 13 23 40 49 28 35 17 4 2 37 0 
42 0 25 46 36 19 29 49 1 10 47 38 24 7 8 42 29 28 21 
50 3 0 3 38 39 5 9 25 45 47 15 16 13 44 9 41 18 47 
17 9 11 0 39 46 42 7 45 16 39 17 32 7 49 8 47 5 50 
34 5 37 41 0 28 44 34 3 36 44 34 45 16 17 40 46 13 19 
10 12 7 11 32 0 45 40 20 9 13 40 17 8 17 40 10 8 14 
11 26 31 17 5 43 0 7 13 11 22 24 1 43 12 36 39 37 44 
43 23 24 42 2 8 36 0 21 13 19 36 18 5 6 9 27 35 38 
39 44 7 14 5 19 34 18 0 46 8 21 29 31 20 30 47 18 35 
40 19 24 23 31 35 31 38 28 0 43 17 19 42 16 27 49 1 44 
37 29 19 6 9 34 13 29 50 35 0 38 17 39 9 39 25 37 17 
14 16 13 23 34 17 41 42 2 28 17 0 6 2 33 19 37 10 39 
16 35 11 40 11 3 35 46 50 12 5 8 0 31 17 29 11 35 36 
31 15 46 3 15 17 33 35 12 45 34 6 48 0 2 50 50 10 3 
6 25 5 10 38 39 17 30 37 44 48 1 27 41 0 48 33 6 45 
44 13 20 44 8 26 41 40 13 45 14 3 9 31 7 0 27 6 11 
32 22 27 7 36 36 31 39 38 12 19 43 8 15 47 5 0 7 48 
33 12 18 29 19 48 26 23 17 34 36 17 44 1 36 38 2 0 35 
19 37 27 35 14 19 39 30 22 20 37 49 7 5 25 10 44 44 0 
44 0 3 3 29 32 14 19 47 4 21 19 18 8 21 13 13 36 20 
21 49 0 49 49 41 40 27 6 36 18 28 31 43 34 8 42 45 50 
32 40 6 0 13 16 17 16 18 11 5 13 17 36 44 19 5 40 45 
45 45 13 13 0 3 26 29 2 20 23 29 35 11 17 26 14 31 47 
15 8 33 32 34 0 24 29 23 44 19 32 34 13 38 45 13 47 50 
37 20 38 30 35 15 0 48 44 39 27 44 46 42 22 14 23 41 32 
13 13 12 40 35 31 32 0 11 20 36 10 41 41 48 20 26 27 12 
10 36 24 18 35 40 35 3 0 29 48 28 11 21 41 48 14 1 34 
39 48 35 7 48 25 46 12 34 0 49 36 47 27 16 45 3 13 5 
8 46 29 22 5 32 2 34 33 10 0 16 20 43 28 48 36 38 30 
27 3 38 50 22 24 7 36 17 33 22 0 12 16 18 28 43 6 6 
6 17 43 4 5 14 42 37 47 15 6 9 0 49 41 28 16 26 11 
18 9 24 6 16 20 16 20 13 21 44 48 42 0 50 22 43 31 22 
37 24 48 25 8 36 27 43 31 9 34 32 35 50 0 43 18 26 47 
32 1 1 24 38 36 2 21 43 49 23 7 37 7 10 0 6 30 3 
13 43 1 38 29 24 40 8 37 31 37 45 6 25 24 25 0 11 31 
21 13 36 13 23 38 43 29 21 24 22 28 22 29 20 40 5 0 33 
47 44 22 28 35 31 49 21 35 49 44 49 33 12 46 30 36 18 0 
18 0 1 21 14 46 50 4 16 36 9 9 8 25 17 20 41 29 17 
9 44 0 28 5 14 3 3 45 36 22 42 10 33 43 44 3 22 5 
13 33 49 0 22 25 20 46 40 12 27 24 27 29 42 33 29 21 43 
40 14 37 19 0 11 2 15 32 24 27 27 17 14 22 45 16 29 47 
19 38 19 9 9 0 24 41 26 21 9 44 50 27 4 23 2 14 9 
18 45 22 48 8 44 0 46 20 14 46 14 2 33 14 14 37 11 34 
24 31 5 14 28 35 32 0 7 39 24 50 24 44 12 9 37 48 34 
25 22 31 26 13 40 11 45 0 13 19 27 30 37 41 44 40 29 33 
4 4 17 38 17 1 6 22 20 0 40 2 2 44 46 16 30 12 39 
4 49 19 15 4 34 23 13 30 9 0 38 10 30 5 34 26 33 44 
18 38 6 30 20 41 21 21 43 12 25 0 31 14 8 29 5 36 30 
15 39 1 33 15 4 22 47 35 10 11 48 0 18 19 13 23 13 24 
34 25 29 28 45 33 42 11 39 50 46 31 32 0 26 19 5 11 44 
44 35 23 2 9 24 7 11 11 46 44 6 18 42 0 45 5 21 12 
1 38 45 19 42 4 16 22 2 5 29 35 29 14 9 0 20 30 29 
2 33 17 6 21 34 23 46 18 33 32 4 36 27 5 8 0 4 23 
50 25 43 19 37 37 22 2 33 26 18 30 48 49 13 16 4 0 39 
46 46 18 12 47 47 37 34 40 48 19 2 30 22 11 36 20 5 0 
37 0 33 46 30 34 19 2 47 29 38 35 34 42 20 24 17 12 8 
6 38 0 29 47 33 3 47 24 33 31 47 47 20 13 29 9 30 22 
43 17 12 0 49 11 1 18 49 50 7 7 50 29 14 10 3 30 33 
26 41 50 44 0 34 10 36 21 50 33 19 22 5 34 41 3 25 46 
47 8 28 29 29 0 35 4 40 18 34 2 34 37 17 33 47 33 39 
22 50 33 2 13 40 0 1 36 30 28 2 24 9 27 40 15 7 23 
6 48 13 16 40 44 43 0 3 20 17 46 2 40 9 1 2 32 25 
13 45 46 38 29 43 5 27 0 38 45 26 26 45 22 11 11 41 36 
27 6 11 40 10 11 21 34 40 0 28 38 44 23 8 46 15 3 13 
28 18 20 20 12 13 6 48 27 44 0 23 25 42 29 19 16 25 26 
15 24 35 35 18 45 3 27 39 45 23 0 19 31 30 19 49 34 23 
17 8 44 48 34 13 34 27 12 16 37 10 0 26 8 33 20 50 30 
28 43 1 26 17 35 24 12 26 9 14 43 6 0 44 46 46 49 18 
32 17 41 23 2 41 33 38 41 30 20 16 36 11 0 30 40 21 41 
22 42 41 9 25 22 37 25 14 20 10 43 14 30 9 0 15 38 34 
40 5 41 11 43 29 45 45 42 10 23 3 13 17 23 5 0 24 8 
28 23 43 19 36 27 27 13 29 48 17 40 8 22 24 47 1 0 17 
50 12 49 12 15 31 30 27 2 12 7 43 21 9 7 1 38 16 0 
42 0 21 19 15 35 30 50 48 28 2 3 2 30 16 17 7 5 13 
9 16 0 9 13 39 9 25 16 6 37 28 8 34 7 34 8 6 30 
48 36 27 0 19 12 18 3 28 24 1 33 42 26 15 4 44 42 23 
7 29 33 11 0 40 20 24 14 20 21 19 47 19 22 11 38 9 20 
36 41 4 42 11 0 11 36 25 33 15 11 13 4 40 15 12 2 27 
48 38 47 8 45 49 0 48 32 10 28 32 11 31 39 6 35 9 2 
20 16 19 22 26 15 37 0 9 4 7 17 29 33 7 20 34 41 22 
23 28 46 6 44 29 2 8 0 44 22 35 22 8 19 32 13 43 36 
8 26 13 33 22 36 45 41 15 0 31 45 25 41 47 49 35 13 31 
7 14 22 41 21 18 22 15 25 33 0 50 48 48 20 15 35 27 15 
9 41 7 10 11 4 14 21 14 19 31 0 38 24 24 7 1 7 29 
15 18 5 46 11 7 12 13 41 17 34 26 0 11 7 21 34 26 22 
25 47 4 18 27 1 5 4 34 37 9 27 42 0 48 13 37 21 9 
11 14 30 50 49 49 13 48 37 38 9 25 18 40 0 49 35 26 10 
25 47 42 5 42 8 24 25 4 15 26 36 13 24 37 0 12 24 12 
43 26 49 5 6 30 14 17 46 10 20 19 29 7 22 3 0 12 24 
18 6 23 22 26 24 45 49 22 2 26 35 38 6 17 37 43 0 1 
12 20 42 13 42 25 13 15 6 35 37 20 15 10 12 13 45 18 0 
39 0 21 50 25 10 7 8 13 41 11 22 14 3 42 15 21 42 42 
33 5 0 15 48 10 12 18 11 12 3 37 17 24 26 11 49 48 22 
2 37 11 0 35 5 30 34 3 43 43 33 45 6 44 18 20 30 41 
4 42 12 38 0 7 50 46 6 26 25 37 47 3 4 44 43 20 5 
32 49 50 35 14 0 7 20 26 29 17 47 44 49 5 46 21 45 7 
10 15 30 11 40 50 0 4 10 16 47 40 29 2 13 25 14 38 32 
41 19 28 6 19 32 22 0 29 9 33 27 33 1 32 9 38 34 6 
26 22 10 1 32 5 41 23 0 37 50 16 35 20 35 18 15 31 27 
30 5 46 49 40 12 41 21 33 0 34 46 8 20 14 30 19 39 17 
22 40 38 23 15 46 46 22 13 25 0 14 42 16 37 2 33 8 30 
10 27 32 48 11 11 23 7 28 29 31 0 2 6 1 47 2 43 41 
39 7 40 1 4 19 50 17 8 41 19 10 0 7 37 7 50 9 12 
35 24 30 27 1 9 18 17 41 11 20 14 45 0 15 44 12 45 1 
41 10 24 14 49 45 4 32 38 19 23 44 46 6 0 42 36 17 19 
11 13 7 32 33 37 28 39 47 44 46 5 16 45 43 0 6 10 50 
39 22 25 36 23 19 21 50 45 48 15 14 22 10 48 26 0 1 32 
45 9 27 37 36 11 48 10 36 34 4 28 1 41 46 42 48 0 46 
44 26 40 38 11 34 43 31 25 34 23 37 8 40 45 12 12 1 0 
24 0 2 36 15 39 13 34 38 47 17 47 25 19 31 13 2 32 26 
42 7 0 49 44 44 5 36 15 38 50 26 14 34 40 29 45 19 46 
10 29 38 0 27 5 24 37 27 35 1 15 43 24 6 9 19 20 6 
3 31 8 32 0 29 24 26 35 12 33 34 7 46 24 13 17 43 3 
39 15 3 25 7 0 18 21 36 50 46 26 21 6 15 21 24 43 38 
38 29 50 14 2 20 0 13 4 43 29 5 42 31 7 14 6 31 5 
3 29 24 41 11 44 25 0 30 9 42 28 19 36 22 32 25 30 14 
4 26 14 33 13 3 25 42 0 31 9 16 19 7 1 35 17 21 15 
15 48 18 7 39 22 12 21 27 0 25 43 34 11 7 28 1 3 6 
41 21 16 21 16 19 13 17 15 41 0 35 28 35 20 1 18 10 32 
46 47 37 42 22 42 27 1 50 48 48 0 10 41 7 49 29 26 1 
49 44 33 50 45 22 7 21 36 49 40 24 0 33 44 47 47 5 6 
19 50 50 24 45 15 20 15 19 6 50 29 30 0 6 44 1 19 17 
50 47 3 15 35 1 7 28 11 26 16 5 13 45 0 2 43 11 27 
1 25 50 18 30 30 4 2 22 8 20 35 31 32 25 0 30 48 9 
4 4 15 50 18 17 5 44 49 15 43 5 28 37 46 17 0 50 45 
18 32 17 23 12 34 29 49 9 27 46 34 31 34 48 43 40 0 7 
13 2 7 34 14 36 32 40 9 17 31 34 40 14 33 31 13 16 0 
43 0 32 42 32 21 19 8 28 48 15 35 10 8 35 48 39 5 49 
38 34 0 18 31 42 23 25 13 19 26 38 33 2 50 21 32 1 9 
15 32 31 0 38 26 36 38 17 6 50 9 47 36 1 9 34 43 29 
49 12 40 20 0 7 8 1 33 41 16 13 35 40 26 34 40 24 24 
18 1 9 32 43 0 25 18 26 4 23 40 37 24 19 8 42 34 40 
19 46 25 24 38 43 0 46 23 4 21 10 34 13 47 28 36 17 43 
21 18 19 15 2 32 5 0 28 43 5 43 45 27 49 43 44 22 28 
49 45 13 16 37 21 22 47 0 16 21 10 44 10 39 3 15 21 16 
21 4 45 44 19 11 50 41 31 0 9 45 12 41 20 26 50 37 22 
31 5 31 49 44 5 16 34 18 50 0 45 5 43 13 28 27 24 18 
34 6 26 3 16 46 41 14 3 4 31 0 41 18 11 2 31 35 17 
36 23 11 40 28 36 43 1 46 26 16 32 0 35 14 47 8 16 32 
47 28 39 36 9 30 3 13 4 27 32 35 3 0 12 28 11 42 1 
8 45 28 40 11 16 50 15 48 21 19 17 45 11 0 45 20 35 8 
28 50 15 31 37 15 33 16 19 12 23 4 5 25 23 0 46 50 22 
4 7 18 24 36 44 33 32 45 37 32 22 41 34 28 21 0 34 42 
37 28 8 14 8 45 48 39 42 44 17 45 45 50 12 24 16 0 29 
40 5 15 21 48 6 21 46 34 48 21 40 27 35 41 31 9 22 0 
14 0 41 49 24 26 47 3 40 16 50 43 33 11 18 18 49 31 29 
28 17 0 31 3 43 13 11 50 18 2 17 33 4 14 41 40 10 26 
31 17 29 0 18 19 9 41 21 3 2 38 4 23 28 4 13 3 43 
42 12 49 37 0 14 27 30 1 23 34 47 29 43 21 8 42 19 15 
1 11 48 22 13 0 22 10 9 13 15 30 40 29 42 11 48 48 49 
27 44 4 3 39 18 0 36 7 25 25 10 17 47 31 9 39 13 43 
46 21 50 27 28 5 15 0 16 22 34 5 5 19 45 24 9 15 26 
12 48 23 31 37 6 47 36 0 50 46 18 49 31 41 30 19 3 27 
50 1 17 50 39 23 47 3 3 0 21 6 15 43 38 16 34 28 15 
21 15 35 44 30 43 5 19 48 23 0 3 15 26 1 42 47 10 15 
10 13 10 50 34 34 3 27 30 35 4 0 30 34 48 13 16 48 38 
43 6 21 25 45 21 26 24 50 39 46 6 0 23 46 29 1 25 15 
6 22 32 1 42 4 13 20 16 18 40 6 2 0 10 3 5 5 5 
44 35 18 40 24 11 35 14 32 24 13 8 2 33 0 23 48 10 26 
7 43 14 18 12 26 5 8 35 44 38 36 4 19 42 0 25 7 40 
48 17 48 21 17 28 22 40 8 8 17 8 34 4 1 27 0 48 12 
41 27 24 43 35 16 27 41 27 47 21 44 16 28 26 34 1 0 44 
29 36 27 37 47 22 18 48 42 27 11 34 36 27 22 30 34 31 0 
16 0 5 32 32 45 26 1 26 20 14 42 39 33 50 3 7 49 12 
36 4 0 31 3 25 37 25 50 31 43 12 45 23 37 44 45 18 47 
12 47 42 0 1 36 21 3 5 6 3 45 11 32 29 28 10 44 31 
1 14 30 46 0 8 46 45 9 14 25 42 6 46 38 33 7 45 3 
21 36 19 10 50 0 21 32 22 6 21 12 33 17 14 43 14 45 5 
17 17 39 46 6 27 0 8 28 13 1 7 7 29 25 35 26 39 9 
12 42 14 10 15 36 41 0 25 48 32 9 29 14 33 44 28 41 28 
14 25 30 42 3 23 8 31 0 16 49 43 37 49 41 25 34 2 4 
42 7 3 4 6 32 30 26 19 0 35 37 25 13 1 35 7 13 14 
30 21 39 42 2 34 21 42 32 11 0 33 18 4 30 31 41 37 34 
25 10 19 48 12 27 4 23 44 41 36 0 42 2 42 29 11 4 32 
15 50 5 20 34 15 1 19 43 2 32 7 0 44 23 15 2 32 3 
46 32 9 13 39 29 40 30 7 40 10 42 39 0 43 27 50 27 37 
29 6 27 5 48 44 34 3 42 37 48 14 28 1 0 10 27 16 22 
24 3 12 27 31 4 9 11 10 2 13 39 31 45 46 0 28 23 27 
26 41 35 16 29 37 38 3 33 43 12 10 32 13 27 5 0 26 25 
25 3 25 24 47 37 34 32 40 3 7 3 18 50 28 33 1 0 26 
38 9 24 26 39 28 21 16 49 50 21 1 13 27 19 22 4 21 0 
2 0 3 45 49 32 47 47 36 47 31 26 12 33 49 12 2 17 18 
2 49 0 15 47 3 31 38 35 12 40 41 30 34 46 47 7 31 49 
31 39 28 0 27 30 4 32 41 41 38 18 22 39 11 11 2 21 5 
7 6 1 14 0 11 48 36 7 45 18 47 30 16 27 18 13 21 28 
41 25 20 11 16 0 12 41 1 17 40 1 30 20 33 26 43 50 26 
49 18 29 31 41 23 0 9 15 45 11 22 42 5 27 41 33 11 46 
35 46 40 39 24 11 31 0 47 7 16 49 14 4 23 27 42 15 4 
50 11 34 47 3 1 17 31 0 29 26 35 25 40 37 22 30 8 5 
37 10 45 18 1 45 17 43 17 0 32 7 50 15 13 12 38 33 1 
12 39 44 39 22 44 32 5 12 32 0 27 12 42 25 15 23 6 6 
9 33 11 40 31 10 35 36 24 30 11 0 23 13 2 5 22 18 20 
11 48 38 2 36 46 33 35 17 6 41 33 0 35 43 7 7 29 1 
41 23 8 34 5 37 20 3 44 40 19 25 7 0 21 7 46 12 9 
18 8 47 15 7 46 44 30 46 42 45 19 16 7 0 24 5 31 46 
12 27 43 2 32 34 3 44 17 42 49 21 27 40 32 0 49 39 21 
4 27 16 13 41 26 42 29 8 26 24 13 1 2 40 11 0 34 35 
16 17 27 13 12 14 30 2 31 26 15 6 37 17 18 4 1 0 5 
31 50 37 18 10 4 26 28 20 4 41 48 31 16 6 47 34 23 0 
45 0 42 15 2 34 40 46 16 14 3 39 8 45 48 2 36 30 34 
49 49 0 7 24 38 34 45 26 11 34 45 50 50 41 34 46 9 10 
40 29 17 0 47 23 45 40 24 40 13 10 43 46 46 36 23 48 36 
16 22 4 31 0 8 8 29 13 22 15 3 48 24 50 40 42 46 2 
18 3 26 13 34 0 15 45 32 17 18 38 49 14 28 44 49 30 38 
6 9 21 9 18 11 0 23 25 21 42 39 10 4 4 50 35 6 46 
10 4 38 40 37 27 42 0 12 25 23 2 26 5 25 20 3 36 38 
31 9 35 16 40 9 44 3 0 43 7 14 34 50 29 23 48 40 27 
50 17 22 45 18 7 36 1 24 0 45 38 14 40 2 18 13 5 47 
11 44 14 30 46 34 34 36 48 42 0 24 23 4 7 36 44 3 20 
16 36 42 29 31 40 36 49 16 29 17 0 13 16 37 25 26 37 46 
13 21 21 38 12 33 9 45 28 1 42 31 0 29 47 49 49 48 19 
6 33 14 25 44 47 19 5 19 35 26 38 49 0 29 20 40 32 33 
49 28 24 9 20 36 13 35 8 35 1 21 14 18 0 40 6 20 5 
33 39 27 25 20 8 14 25 20 40 2 13 11 39 16 0 16 50 20 
46 47 14 28 12 9 40 35 4 48 21 8 48 44 9 16 0 8 43 
7 25 9 17 46 46 17 23 34 45 25 12 6 48 18 20 11 0 23 
41 5 27 18 35 35 4 16 4 12 43 9 5 45 31 23 10 25 0 
12 0 29 2 19 12 40 26 45 11 42 43 24 40 29 33 36 25 4 
17 39 0 40 24 13 30 43 6 31 25 41 30 31 33 39 44 8 32 
22 23 43 0 37 42 41 25 13 24 31 22 14 26 19 21 28 7 22 
35 39 17 23 0 27 7 10 2 5 31 11 10 35 47 21 2 15 2 
11 30 47 50 49 0 1 6 13 34 17 49 23 10 4 27 18 9 20 
15 49 47 37 28 41 0 37 45 2 14 46 25 43 25 4 19 17 28 
25 36 40 17 17 15 23 0 43 3 32 22 8 33 18 39 2 37 16 
6 25 2 6 14 5 49 42 0 17 10 25 25 19 41 37 50 43 24 
30 48 33 33 15 36 39 5 23 0 45 31 28 37 42 38 38 14 43 
26 19 22 36 19 25 48 13 19 28 0 13 31 21 34 26 16 22 40 
34 23 10 17 18 9 32 5 11 40 24 0 33 38 32 28 45 24 25 
2 45 30 8 36 2 18 12 42 42 24 48 0 3 22 21 49 4 42 
34 10 2 14 5 14 14 8 40 36 40 32 4 0 27 11 1 14 27 
10 27 37 9 50 6 17 40 31 14 37 3 13 40 0 28 37 11 15 
23 39 41 17 44 28 12 33 22 11 39 48 38 2 8 0 44 39 28 
5 25 11 46 47 15 33 1 22 38 23 1 4 17 16 46 0 29 26 
37 43 33 10 47 17 35 7 1 34 27 36 45 20 1 1 33 0 37 
4 28 42 27 34 44 7 25 10 22 8 23 32 42 24 32 7 46 0 
46 0 46 29 44 12 41 14 50 24 36 43 3 50 4 35 30 42 2 
35 11 0 10 39 3 23 8 13 49 29 2 36 13 13 13 6 5 37 
8 11 16 0 1 13 35 20 21 32 8 23 4 38 3 50 23 48 47 
37 7 43 7 0 37 49 42 35 48 39 24 31 41 44 49 48 22 32 
36 34 48 26 20 0 32 41 1 41 45 41 49 36 41 15 17 19 49 
45 2 25 18 10 28 0 37 32 48 2 17 29 6 41 32 18 37 15 
49 12 38 11 16 37 9 0 47 45 50 4 34 16 25 25 50 4 21 
8 19 24 21 39 39 35 40 0 34 12 40 1 18 18 4 50 18 8 
12 34 36 39 9 13 34 38 28 0 14 36 43 5 6 38 11 11 19 
42 29 23 49 27 27 4 48 8 44 0 32 36 30 16 7 18 39 20 
35 19 10 12 37 2 11 21 4 41 8 0 35 14 8 7 35 9 40 
36 13 8 10 36 11 6 41 7 43 35 21 0 37 37 18 18 27 43 
9 30 42 22 39 6 23 13 41 23 31 25 29 0 45 7 18 33 26 
13 25 34 49 6 47 46 18 37 34 5 21 17 46 0 31 15 27 30 
48 14 25 2 38 23 21 33 10 32 14 40 14 19 5 0 42 6 2 
9 11 24 45 27 21 20 39 9 21 6 35 44 15 19 28 0 20 19 
2 11 38 12 29 24 38 14 5 48 20 36 16 26 40 30 7 0 16 
6 4 38 4 33 49 14 1 27 25 39 50 21 37 49 37 41 46 0 
14 0 48 33 1 8 14 17 22 19 24 5 31 46 14 8 4 23 17 
31 49 0 28 39 48 28 47 13 25 6 28 34 38 29 36 45 16 10 
34 5 46 0 25 37 12 31 41 46 46 30 26 42 18 14 32 6 42 
18 26 50 5 0 4 46 39 12 45 35 36 27 46 1 49 49 20 18 
22 7 12 17 9 0 7 33 2 33 50 14 11 20 6 23 44 28 41 
10 29 2 1 36 26 0 17 46 5 20 1 30 27 43 48 47 11 50 
31 1 18 43 23 3 13 0 40 48 35 16 31 4 3 24 9 39 41 
17 21 21 36 1 14 3 13 0 1 4 23 22 13 24 45 24 13 27 
23 18 7 49 39 47 29 32 31 0 25 16 49 7 19 4 7 31 40 
29 45 1 4 41 10 2 9 17 27 0 23 42 36 31 40 47 36 22 
35 18 33 25 8 19 34 29 47 3 48 0 4 18 6 44 6 45 19 
27 19 28 48 48 31 30 3 10 39 39 36 0 10 10 34 33 23 14 
8 5 38 32 21 13 13 50 11 14 9 17 49 0 31 36 22 20 17 
45 38 20 3 45 5 9 45 40 12 44 38 21 35 0 34 30 49 41 
31 46 49 16 35 48 20 17 44 44 41 8 1 38 41 0 18 39 36 
44 5 10 33 23 27 23 2 7 23 43 24 34 19 33 46 0 41 25 
19 30 3 23 33 29 12 16 4 33 11 6 48 3 47 48 37 0 44 
31 48 23 22 43 34 42 48 24 20 11 23 26 5 48 17 50 10 0 
34 0 22 23 32 22 8 23 41 41 1 26 41 28 36 32 40 16 43 
2 47 0 37 20 31 36 5 42 5 32 7 7 9 31 4 38 15 16 
22 49 27 0 15 50 3 43 41 22 34 43 26 41 37 40 5 15 3 
23 14 41 37 0 28 30 3 41 34 35 43 45 37 40 22 17 18 17 
17 37 48 34 27 0 40 14 22 49 30 41 21 17 5 16 1 15 1 
25 35 22 47 13 9 0 20 9 49 28 47 4 5 25 19 23 39 29 
6 40 38 2 23 6 31 0 24 50 14 18 39 29 36 26 21 43 34 
46 20 25 40 14 19 41 37 0 25 46 26 17 2 45 17 38 46 25 
14 23 12 16 17 39 9 7 41 0 11 49 11 29 34 33 36 28 19 
4 17 26 20 11 37 32 36 48 34 0 12 24 23 42 41 1 8 20 
22 30 4 36 31 8 28 31 38 14 18 0 42 35 17 17 48 34 30 
50 45 13 26 35 31 42 25 45 18 39 8 0 21 28 27 13 14 48 
16 19 36 19 42 31 50 18 18 6 49 45 7 0 25 8 11 2 13 
8 47 46 23 45 6 14 11 42 30 43 40 16 22 0 4 20 32 16 
44 32 3 32 26 17 14 36 27 50 11 14 50 10 27 0 14 6 18 
3 44 24 30 5 31 39 20 25 28 41 27 42 38 44 43 0 18 21 
11 26 21 29 9 10 30 14 1 28 30 34 14 3 17 37 18 0 39 
42 15 27 22 43 7 42 36 46 50 8 23 21 8 43 7 4 30 0 
47 0 24 35 15 1 42 31 11 41 42 15 39 11 6 21 6 2 3 
44 39 0 33 15 38 24 15 30 6 28 8 23 41 7 50 37 40 44 
4 27 15 0 35 41 32 16 1 22 7 40 3 3 16 6 40 13 15 
47 32 36 12 0 1 21 37 3 4 18 1 8 40 24 17 27 2 25 
39 10 48 1 49 0 38 2 8 41 4 26 43 17 1 45 35 40 8 
8 43 27 45 49 39 0 29 49 50 14 18 17 37 26 15 31 2 4 
17 46 34 49 10 43 30 0 33 28 12 1 50 13 5 34 9 19 10 
48 45 11 10 23 1 38 38 0 40 25 18 1 28 36 50 42 18 45 
25 10 33 35 15 16 11 18 48 0 50 1 14 33 28 7 5 34 7 
43 8 24 33 12 22 3 6 16 27 0 34 16 50 22 37 40 34 10 
27 14 30 45 49 6 4 39 37 27 42 0 40 44 24 3 44 49 11 
21 42 48 11 32 10 1 34 34 32 50 30 0 27 44 45 48 29 20 
27 48 9 19 30 23 35 27 14 27 34 11 13 0 7 23 26 19 42 
12 16 33 21 45 15 22 22 40 8 50 48 46 47 0 45 34 18 2 
3 3 13 26 27 5 46 25 1 24 20 43 7 2 25 0 3 36 13 
37 6 3 44 47 8 34 28 28 17 31 38 16 29 40 22 0 24 17 
30 37 40 29 26 21 15 49 2 47 1 49 23 43 11 32 48 0 12 
49 9 6 5 42 49 28 30 44 13 8 41 4 36 29 9 24 50 0 
24 0 8 31 33 30 49 7 38 27 30 44 38 28 35 32 29 23 15 
11 25 0 45 41 2 47 28 2 41 12 43 16 20 15 20 11 9 41 
32 17 30 0 8 49 5 23 49 36 6 36 24 10 26 14 14 49 49 
6 33 7 34 0 5 28 8 45 46 12 10 29 19 17 27 42 48 6 
35 3 26 41 19 0 4 11 23 16 18 2 18 2 6 17 22 6 26 
34 48 13 2 1 4 0 10 12 40 8 38 19 47 19 29 9 30 46 
23 15 15 4 24 33 12 0 40 44 28 10 4 13 48 12 1 8 50 
43 34 3 23 32 8 15 4 0 35 48 21 33 40 43 27 22 49 42 
12 31 24 30 40 12 11 32 2 0 36 45 41 8 47 12 29 16 47 
43 1 34 7 40 21 48 15 19 11 0 39 17 27 42 49 20 40 27 
27 13 44 42 13 1 7 29 9 45 40 0 25 22 11 28 31 29 48 
9 5 42 4 33 26 43 50 43 35 10 4 0 42 38 7 35 3 4 
3 2 39 33 1 12 13 3 26 44 40 29 40 0 46 13 1 12 36 
36 23 31 19 49 13 8 22 19 5 4 2 19 37 0 9 24 28 28 
10 26 4 31 42 30 50 50 11 15 46 15 41 41 27 0 22 50 30 
23 35 3 26 26 30 43 8 50 25 26 3 20 16 18 36 0 41 37 
32 5 32 2 19 50 3 44 27 5 14 14 25 47 38 30 2 0 44 
25 35 50 24 38 34 31 25 24 9 45 30 47 6 50 40 40 45 0 
48 0 22 16 4 24 33 4 39 44 37 50 29 15 41 15 25 12 7 
37 8 0 18 48 22 45 26 44 49 47 9 9 14 36 8 43 32 31 
28 22 11 0 18 21 50 40 45 26 46 44 5 15 22 44 43 3 32 
28 50 1 22 0 28 30 34 7 31 36 23 15 22 23 9 35 48 40 
46 19 38 18 9 0 27 19 31 1 44 33 37 15 21 33 26 15 32 
30 6 45 32 34 15 0 20 5 22 11 25 21 46 31 24 4 48 34 
45 11 42 24 3 47 30 0 40 25 44 21 3 32 46 8 28 5 43 
46 15 35 24 49 4 6 8 0 7 30 49 2 13 11 24 49 32 5 
41 7 3 48 3 45 40 26 35 0 20 30 29 14 19 27 32 9 34 
50 22 13 39 18 45 41 50 42 23 0 31 10 30 33 14 4 37 48 
41 49 12 41 34 23 20 37 29 28 17 0 31 26 32 3 40 50 11 
43 3 39 8 8 3 3 17 45 25 41 47 0 16 10 32 29 42 11 
22 9 38 40 19 32 17 13 34 12 48 50 7 0 40 34 4 12 35 
10 33 41 9 39 17 28 46 47 32 13 7 49 47 0 40 43 19 42 
23 3 34 8 41 45 20 42 20 46 18 1 14 12 49 0 47 20 9 
20 13 21 22 13 24 36 35 1 27 13 1 10 15 21 42 0 31 9 
2 2 43 46 39 47 48 33 28 46 19 1 9 2 28 32 24 0 6 
22 2 41 10 22 7 45 44 29 19 36 4 31 22 31 40 46 18 0 
