44
7
1 0 38 8 36 29 20 37 
8 46 0 40 32 24 33 50 
27 37 41 0 38 9 20 44 
5 24 45 6 0 13 35 30 
34 14 32 22 9 0 5 7 
1 38 16 38 50 46 0 19 
35 1 39 23 8 45 44 0 
37 0 39 18 2 14 15 46 
15 13 0 30 17 35 8 25 
33 8 11 0 16 28 43 26 
50 25 50 10 0 25 25 21 
23 7 34 5 41 0 36 47 
25 15 20 45 40 11 0 37 
25 37 22 15 38 45 3 0 
43 0 29 7 30 2 19 38 
14 18 0 43 40 41 26 42 
7 46 12 0 45 23 28 8 
44 41 22 39 0 32 39 25 
39 29 45 37 31 0 18 30 
28 28 26 39 17 10 0 11 
47 28 5 50 36 46 19 0 
41 0 10 21 16 18 45 50 
38 36 0 42 21 31 13 26 
40 48 3 0 11 9 12 29 
19 36 6 6 0 18 48 48 
14 17 39 47 44 0 7 48 
19 24 22 13 23 31 0 41 
43 35 19 37 47 36 7 0 
30 0 3 40 27 34 40 23 
24 16 0 11 50 48 3 25 
19 3 24 0 38 7 28 21 
25 32 48 36 0 32 39 27 
2 38 20 22 12 0 41 34 
15 50 21 10 17 26 0 46 
9 12 14 26 28 17 24 0 
32 0 45 49 41 8 37 6 
21 42 0 41 3 2 46 23 
28 41 29 0 36 12 41 5 
4 4 28 41 0 2 26 16 
21 34 11 4 23 0 3 20 
43 21 31 4 5 29 0 44 
8 30 8 15 30 23 31 0 
21 0 36 40 17 26 20 29 
42 21 0 1 7 12 40 1 
9 30 50 0 30 44 3 36 
20 48 32 8 0 12 12 46 
24 21 26 22 3 0 36 50 
48 22 38 47 34 42 0 1 
50 31 48 43 39 43 50 0 
50 0 9 36 37 21 46 1 
39 8 0 9 15 8 34 19 
1 25 35 0 9 5 2 11 
9 12 33 10 0 12 35 21 
17 35 15 23 19 0 47 24 
13 40 36 33 41 50 0 10 
15 29 32 26 8 33 50 0 
6 0 14 35 35 42 39 42 
47 3 0 28 10 11 31 22 
23 44 42 0 40 37 45 38 
36 50 27 15 0 3 2 44 
33 1 34 4 3 0 21 12 
21 31 39 28 9 33 0 17 
38 8 23 30 19 38 42 0 
36 0 41 37 22 39 12 21 
15 8 0 20 39 37 48 14 
2 45 6 0 9 10 11 2 
13 4 12 29 0 12 22 49 
42 4 35 34 14 0 3 48 
11 47 33 14 9 41 0 7 
23 19 40 22 35 3 36 0 
14 0 18 22 9 28 40 23 
38 26 0 43 27 40 23 23 
5 36 5 0 23 46 17 42 
48 24 45 1 0 20 46 41 
35 23 8 27 20 0 13 28 
37 13 25 37 13 25 0 24 
22 41 38 20 19 34 19 0 
34 0 35 49 40 37 44 17 
45 28 0 8 8 45 33 4 
4 36 50 0 21 10 46 19 
23 31 36 33 0 42 19 27 
34 8 32 2 12 0 23 1 
39 9 38 34 20 12 0 43 
36 18 30 19 43 21 19 0 
5 0 38 49 10 39 1 12 
5 13 0 7 45 26 41 12 
21 27 7 0 33 11 3 15 
27 13 38 41 0 35 27 38 
14 7 15 50 49 0 9 29 
20 34 42 23 23 40 0 35 
47 31 39 44 22 32 15 0 
41 0 24 36 33 18 4 28 
25 12 0 20 5 25 25 41 
7 43 46 0 28 32 33 1 
43 15 10 39 0 13 31 31 
33 49 47 13 46 0 23 23 
33 29 18 31 6 1 0 46 
22 23 19 49 16 44 40 0 
38 0 44 16 40 49 14 49 
9 26 0 44 6 23 48 43 
13 23 42 0 29 2 19 24 
15 28 48 27 0 32 6 21 
43 42 41 48 38 0 41 45 
6 32 24 47 9 24 0 24 
3 24 26 33 4 4 10 0 
1 0 28 20 14 25 17 23 
16 19 0 13 17 9 28 17 
35 4 9 0 35 7 48 7 
42 18 33 43 0 45 50 12 
5 23 45 29 3 0 12 43 
14 21 34 14 25 22 0 40 
14 12 31 1 47 7 19 0 
20 0 17 48 48 7 3 9 
10 37 0 21 30 18 12 12 
46 19 39 0 7 16 25 21 
33 25 22 32 0 26 17 29 
7 3 43 49 43 0 44 35 
6 47 32 47 9 34 0 4 
35 13 34 8 11 29 18 0 
43 0 43 44 32 33 48 37 
43 26 0 16 31 37 31 4 
35 29 32 0 25 18 27 41 
22 7 11 8 0 42 17 49 
13 38 25 15 39 0 11 14 
11 50 17 11 46 48 0 14 
21 17 16 23 3 1 1 0 
35 0 3 33 43 2 27 22 
36 34 0 24 41 31 39 30 
39 41 17 0 49 21 40 24 
30 15 15 22 0 30 28 2 
41 46 36 40 17 0 49 29 
35 43 22 37 34 43 0 25 
16 44 21 16 10 34 33 0 
26 0 49 24 33 11 27 5 
39 18 0 22 23 50 20 45 
39 39 1 0 15 40 1 4 
48 45 12 37 0 48 49 14 
22 45 7 20 44 0 20 16 
47 12 8 6 23 24 0 47 
25 1 15 35 23 31 28 0 
5 0 20 1 20 33 30 28 
4 13 0 46 14 28 42 18 
24 15 3 0 7 1 30 43 
28 43 10 18 0 28 7 24 
45 48 2 25 19 0 37 17 
25 7 1 11 40 38 0 43 
49 12 43 46 33 29 1 0 
37 0 12 29 23 1 35 28 
28 42 0 3 6 23 5 10 
16 44 39 0 9 5 2 50 
8 3 46 11 0 42 50 29 
31 18 22 45 29 0 23 9 
36 24 3 18 2 39 0 48 
16 48 6 18 34 33 34 0 
18 0 4 37 28 28 2 29 
10 33 0 12 9 36 50 47 
25 31 11 0 45 32 2 31 
21 37 41 4 0 13 3 43 
5 40 43 9 17 0 45 13 
14 35 18 1 21 31 0 26 
41 41 9 17 40 1 42 0 
18 0 45 24 2 32 4 48 
18 47 0 25 16 50 36 6 
44 19 1 0 19 5 34 11 
46 44 44 12 0 21 5 30 
46 32 37 23 2 0 2 37 
45 20 8 35 42 16 0 47 
39 43 35 22 45 21 48 0 
23 0 9 49 36 18 31 23 
2 30 0 41 12 50 19 22 
15 39 43 0 49 34 19 49 
50 44 34 13 0 19 14 7 
1 9 40 27 34 0 32 24 
24 39 38 34 22 15 0 44 
40 17 24 43 47 25 24 0 
5 0 43 24 11 2 50 24 
16 16 0 23 49 17 16 1 
21 1 35 0 16 37 49 42 
50 6 15 13 0 5 6 10 
27 10 21 22 39 0 33 47 
17 17 16 33 33 50 0 8 
24 16 35 5 49 43 19 0 
16 0 40 28 11 27 33 5 
38 10 0 49 48 45 14 39 
6 2 28 0 28 33 5 5 
35 20 34 5 0 49 35 27 
40 30 9 6 14 0 42 11 
21 44 12 13 1 42 0 30 
8 17 35 39 37 19 18 0 
14 0 8 27 16 38 15 32 
20 44 0 7 28 49 28 48 
30 41 42 0 32 23 28 36 
9 17 16 33 0 13 25 28 
3 49 16 13 16 0 10 27 
22 32 40 26 28 30 0 1 
50 5 35 3 15 33 28 0 
27 0 44 8 14 42 32 6 
42 12 0 34 25 40 5 17 
46 41 15 0 34 19 21 9 
10 3 6 46 0 49 35 9 
12 31 31 49 43 0 50 27 
5 9 50 25 28 22 0 31 
20 7 2 38 26 35 4 0 
15 0 21 20 47 12 20 18 
42 2 0 19 44 47 47 31 
32 4 26 0 47 5 41 42 
33 16 9 41 0 50 28 40 
46 5 8 23 1 0 5 47 
10 12 3 32 31 9 0 14 
7 31 32 31 25 50 38 0 
3 0 26 42 21 45 13 33 
5 11 0 6 13 42 28 46 
48 11 21 0 47 42 34 22 
43 24 16 25 0 32 28 26 
35 28 10 25 28 0 3 44 
30 16 2 7 43 15 0 6 
1 48 19 39 31 19 10 0 
20 0 11 35 34 17 16 11 
2 27 0 47 13 35 7 20 
33 46 39 0 14 26 3 18 
45 19 41 50 0 19 17 42 
27 47 37 1 10 0 17 15 
17 26 41 12 37 33 0 28 
40 6 44 8 9 36 19 0 
2 0 31 26 6 16 42 25 
42 45 0 35 49 50 20 26 
30 11 13 0 25 40 5 16 
21 48 3 40 0 20 41 6 
14 47 42 11 32 0 23 25 
17 11 46 44 26 40 0 25 
32 7 14 38 13 2 11 0 
46 0 32 34 19 31 3 31 
33 24 0 16 47 1 20 29 
48 44 39 0 18 47 1 13 
50 17 31 15 0 15 41 39 
41 39 3 7 39 0 45 18 
15 8 42 1 20 44 0 34 
38 30 48 25 21 47 34 0 
14 0 26 20 17 1 49 47 
15 3 0 5 16 13 42 42 
35 14 40 0 13 26 12 33 
36 47 18 28 0 8 29 12 
37 34 41 45 45 0 6 28 
14 34 41 39 47 21 0 1 
6 38 35 8 2 42 4 0 
17 0 8 13 45 35 1 28 
29 2 0 40 44 20 36 28 
20 14 21 0 18 37 15 21 
30 50 24 30 0 41 33 30 
10 33 20 6 37 0 8 20 
26 28 1 11 5 1 0 36 
32 2 45 27 36 23 37 0 
24 0 15 41 16 28 33 38 
9 39 0 16 44 19 48 20 
20 20 39 0 33 28 8 44 
37 21 8 33 0 14 36 49 
48 30 3 6 11 0 44 36 
19 30 41 9 26 33 0 17 
40 36 17 37 3 16 12 0 
32 0 7 45 9 15 43 38 
44 33 0 34 15 48 39 11 
9 13 39 0 9 5 34 2 
41 49 24 3 0 26 27 47 
35 41 46 12 20 0 37 17 
24 8 47 46 1 49 0 25 
47 7 45 29 45 7 31 0 
23 0 29 29 49 33 11 42 
9 21 0 7 40 16 41 9 
43 38 3 0 28 3 45 36 
5 42 13 4 0 35 27 45 
42 29 25 32 21 0 17 13 
13 18 14 37 27 26 0 16 
38 41 7 36 9 16 5 0 
20 0 43 1 43 12 45 18 
37 17 0 46 49 34 47 17 
43 33 9 0 46 24 47 30 
21 40 41 26 0 20 21 18 
1 6 19 27 12 0 41 22 
37 24 39 9 23 45 0 26 
2 19 39 43 29 49 45 0 
9 0 49 40 35 19 25 50 
4 11 0 17 43 25 1 36 
11 28 23 0 23 7 45 6 
9 20 37 2 0 3 5 19 
21 3 34 41 22 0 23 43 
8 29 42 43 17 23 0 34 
14 23 17 48 45 40 42 0 
42 0 17 20 23 4 40 50 
30 4 0 33 17 20 31 33 
9 33 2 0 3 28 44 3 
49 31 30 41 0 23 23 46 
47 21 4 8 15 0 28 30 
36 14 19 19 34 44 0 29 
25 10 27 47 43 2 6 0 
41 0 15 46 18 47 39 43 
37 41 0 32 32 17 5 33 
33 30 9 0 6 3 3 23 
19 34 35 44 0 1 25 25 
22 4 44 30 22 0 41 6 
7 8 41 18 40 38 0 50 
24 37 37 18 39 46 42 0 
31 0 18 42 40 49 33 22 
31 12 0 25 47 14 18 16 
37 39 2 0 45 14 27 27 
22 19 38 14 0 15 23 46 
47 48 26 12 30 0 33 42 
37 3 41 23 8 35 0 26 
47 17 22 27 20 35 38 0 
