45
27
30 0 15 4 33 9 28 5 14 29 31 10 7 39 21 26 23 12 8 4 25 9 14 15 18 49 14 45 
48 50 0 32 25 43 16 43 29 3 37 2 38 37 32 42 38 47 34 5 48 50 36 50 46 46 46 28 
16 16 50 0 37 34 46 34 8 14 47 6 17 41 47 42 24 36 11 21 17 43 18 27 19 34 45 16 
45 13 1 37 0 29 48 39 27 14 3 1 18 42 3 25 28 41 41 18 14 2 8 13 14 35 25 29 
35 49 40 32 3 0 39 31 40 45 13 10 28 20 2 20 29 21 36 44 29 15 18 40 36 28 17 31 
14 37 50 38 3 4 0 20 5 29 24 22 48 29 12 14 31 16 31 14 48 12 33 30 43 28 42 46 
15 17 9 5 4 37 9 0 17 3 46 25 8 24 50 48 42 5 49 39 15 18 1 38 25 5 15 19 
20 32 7 8 11 12 9 5 0 39 20 20 18 12 21 45 12 35 41 24 41 49 15 42 26 44 40 27 
29 14 29 35 50 40 18 39 36 0 46 39 15 47 16 45 10 23 36 32 27 45 23 40 4 34 32 25 
21 6 41 32 14 21 35 30 42 10 0 35 20 29 44 32 10 16 47 26 27 25 4 5 20 41 13 13 
33 6 25 26 2 19 15 48 34 46 14 0 25 44 13 36 4 1 38 16 3 34 13 14 24 7 8 5 
50 18 1 22 42 2 9 3 25 17 34 34 0 2 14 47 49 14 2 23 33 15 40 50 5 32 25 10 
30 20 42 1 20 44 14 16 31 34 25 23 23 0 36 10 11 38 17 5 15 40 37 15 50 22 34 26 
41 10 18 47 40 17 43 30 33 33 16 15 40 38 0 49 17 15 40 30 1 47 5 29 13 38 28 11 
21 43 6 42 29 36 18 24 6 13 38 35 6 30 7 0 27 29 22 3 15 28 41 21 50 11 43 34 
30 36 32 6 9 13 7 23 37 28 41 37 29 22 14 43 0 4 28 6 25 21 41 28 1 42 36 14 
34 30 22 6 32 37 3 39 38 25 8 29 23 49 8 20 50 0 38 35 24 43 14 49 17 22 6 18 
13 39 8 31 15 23 49 24 43 16 23 10 1 27 34 27 19 47 0 50 33 27 14 22 29 14 7 12 
21 20 32 5 34 27 20 40 1 30 44 44 7 24 25 15 4 28 29 0 35 48 10 38 30 21 23 23 
42 50 18 30 18 8 11 29 4 12 11 39 33 31 37 34 47 26 3 43 0 10 2 49 18 2 35 23 
15 12 33 2 34 11 5 29 41 33 1 26 37 46 46 21 3 44 39 46 4 0 12 27 42 5 18 30 
13 40 1 1 29 34 35 47 17 22 11 27 28 28 3 46 1 46 50 17 48 14 0 31 46 25 13 39 
20 4 36 42 47 17 31 42 39 40 33 23 43 2 49 30 50 43 17 12 18 1 16 0 26 46 6 1 
33 50 10 5 27 16 45 15 44 31 31 14 11 47 37 15 7 19 24 7 16 49 35 32 0 4 8 2 
22 20 38 11 46 42 16 49 43 29 35 6 7 49 37 6 49 19 29 6 15 32 36 10 7 0 23 49 
36 34 15 29 1 19 15 24 46 6 21 35 23 46 49 45 36 22 13 17 9 29 44 37 13 26 0 3 
37 40 34 28 4 24 43 30 15 28 1 34 38 43 26 42 50 29 34 6 11 16 38 50 39 44 6 0 
41 0 8 41 29 16 26 17 28 34 12 28 17 12 30 16 34 17 35 38 26 25 33 37 44 8 29 21 
42 22 0 3 34 40 10 18 3 23 25 50 36 9 22 15 43 30 22 12 23 27 45 32 21 15 1 19 
32 8 21 0 47 21 37 5 25 7 31 28 39 7 45 27 44 10 18 50 29 4 10 41 8 23 46 7 
45 48 40 33 0 19 40 42 36 46 3 28 29 50 4 48 9 12 2 34 6 29 50 2 23 4 16 23 
15 23 17 14 25 0 26 30 11 27 18 49 10 50 16 9 32 42 33 40 1 26 7 2 30 6 39 41 
29 45 46 17 29 4 0 17 27 14 29 39 3 3 20 43 21 41 13 43 35 41 20 18 11 40 15 16 
47 8 22 38 8 37 36 0 1 17 32 1 20 6 33 39 45 3 3 31 37 31 33 37 11 17 13 5 
1 9 27 36 28 15 38 21 0 20 43 42 32 16 18 19 27 40 41 43 37 3 2 25 16 8 9 29 
35 15 21 11 21 45 33 35 43 0 40 46 23 5 19 13 20 3 12 22 15 19 12 6 48 21 24 27 
3 49 34 12 28 20 37 4 6 49 0 32 22 37 34 34 27 38 44 18 39 19 41 33 23 4 37 44 
10 24 10 24 41 47 19 30 37 9 28 0 18 4 19 16 7 21 22 40 35 32 36 36 18 4 4 36 
8 13 16 12 8 42 26 28 30 47 25 42 0 25 18 4 47 18 11 27 14 20 4 34 12 1 14 3 
13 25 38 42 20 37 11 12 18 21 47 20 27 0 29 42 36 11 47 30 15 17 28 39 18 8 28 40 
17 4 29 5 11 45 39 14 3 43 6 6 5 15 0 7 36 27 22 41 1 36 29 19 23 16 22 49 
36 35 37 21 34 43 48 45 8 39 17 37 26 38 16 0 39 44 6 42 25 1 11 42 13 47 17 27 
5 38 36 7 39 40 46 4 29 17 22 22 13 8 21 50 0 47 10 35 16 13 20 41 26 18 25 47 
49 25 43 24 25 17 17 43 7 23 33 29 47 31 34 37 23 0 22 34 29 18 30 12 46 3 12 2 
14 35 48 10 39 14 43 47 29 36 43 48 5 47 15 14 27 15 0 32 39 36 30 33 18 5 34 47 
30 19 14 48 22 13 16 3 8 10 13 45 15 4 34 6 1 30 24 0 30 33 3 17 35 32 22 24 
17 35 2 30 6 6 18 14 28 15 39 22 35 40 44 7 4 15 20 17 0 35 2 24 32 39 31 5 
14 27 3 30 17 1 40 50 18 7 31 8 39 48 41 6 41 13 9 39 40 0 39 46 13 21 12 5 
40 15 12 20 42 25 1 5 37 26 36 23 22 46 41 27 1 24 8 32 20 44 0 47 34 20 30 42 
16 25 32 40 9 6 46 1 35 7 37 39 33 38 44 4 31 5 41 38 44 49 13 0 45 39 14 31 
35 46 19 28 1 12 34 36 30 6 36 27 17 26 46 7 20 15 35 26 44 27 40 17 0 29 29 43 
49 17 13 37 2 46 26 12 5 17 29 36 28 49 3 14 49 45 28 24 12 49 43 44 31 0 4 38 
37 9 6 3 50 22 20 35 20 18 20 35 31 42 15 41 40 41 30 8 27 42 13 42 22 1 0 6 
31 1 25 20 6 48 8 39 3 50 15 30 14 9 14 34 47 30 10 47 33 48 8 3 3 2 47 0 
12 0 46 46 15 31 50 17 39 35 45 48 14 38 23 4 12 41 26 12 16 50 13 9 16 12 12 4 
24 34 0 43 23 17 5 1 47 43 8 35 34 30 48 21 30 39 49 17 23 25 29 36 18 27 41 37 
48 50 38 0 30 3 19 46 44 5 43 23 32 9 37 27 11 4 6 42 32 18 29 34 20 18 46 40 
30 45 48 26 0 46 27 19 4 48 6 28 33 16 34 4 16 37 17 18 8 36 48 19 32 12 35 9 
19 19 17 19 13 0 8 29 17 50 7 18 28 6 41 34 30 6 26 24 27 48 14 14 47 4 50 38 
4 32 26 16 15 11 0 18 1 36 32 37 16 26 37 18 5 10 20 39 13 18 3 18 14 7 38 9 
12 5 6 20 15 13 20 0 25 35 24 41 4 17 39 40 49 49 19 11 49 41 31 10 4 28 15 38 
21 2 14 13 10 27 3 7 0 46 30 12 23 3 6 12 33 32 19 17 23 25 28 5 20 45 46 39 
19 31 46 2 43 50 26 50 24 0 21 11 31 27 15 33 44 19 37 47 8 43 29 49 28 36 12 43 
14 43 48 45 19 15 38 35 26 1 0 29 20 23 28 7 39 12 21 38 40 9 43 35 36 33 49 39 
47 40 33 18 17 32 8 13 7 26 27 0 43 17 40 30 7 44 40 18 24 30 37 41 37 8 48 22 
35 21 9 12 13 20 26 42 45 44 34 13 0 38 16 16 50 13 36 29 22 1 29 36 42 46 15 25 
9 10 50 47 11 19 10 24 42 49 15 15 23 0 42 48 36 13 10 28 30 9 15 37 28 1 29 27 
22 6 36 18 17 48 45 17 32 46 48 23 44 29 0 42 25 2 49 22 6 31 3 44 23 32 19 35 
17 45 24 22 46 32 43 38 18 7 32 48 17 29 25 0 16 40 16 38 34 2 17 41 35 30 30 24 
46 20 13 13 37 48 13 29 23 9 24 2 41 1 42 25 0 18 21 1 5 28 7 37 4 8 45 35 
34 50 4 39 42 17 9 47 18 6 44 46 1 4 50 2 8 0 16 15 47 34 10 43 23 15 30 25 
47 40 33 9 6 43 14 30 29 19 20 33 36 33 4 24 19 24 0 26 1 1 28 5 29 38 43 48 
1 25 8 32 25 13 43 13 8 36 47 39 4 37 25 22 33 39 34 0 29 14 30 36 24 49 40 30 
24 19 36 4 21 13 45 13 5 22 38 46 20 44 21 47 39 22 36 23 0 14 27 7 23 41 4 15 
35 22 39 34 33 36 34 19 44 22 32 27 27 9 25 20 50 45 44 15 36 0 44 34 48 2 14 17 
16 48 13 14 14 17 49 10 42 17 39 6 11 37 25 27 25 8 46 9 14 40 0 7 7 28 48 40 
29 41 38 41 32 19 19 18 22 32 9 19 10 29 50 33 4 12 40 34 28 11 17 0 9 41 7 5 
4 27 42 6 36 17 28 20 19 4 26 7 37 43 20 4 45 17 40 37 31 15 7 4 0 45 38 15 
12 18 25 30 1 26 15 15 41 31 26 23 3 32 10 31 30 28 6 4 42 9 8 22 42 0 2 20 
25 40 20 38 12 48 2 16 2 45 24 26 32 23 28 29 24 20 44 38 5 22 35 28 26 40 0 35 
24 4 11 3 38 50 6 40 26 22 43 15 25 1 17 8 36 6 3 25 31 14 30 35 3 49 15 0 
16 0 4 5 43 13 22 14 29 12 42 43 36 26 26 34 3 8 32 5 19 37 39 14 49 22 24 16 
4 10 0 25 26 50 40 36 41 36 21 29 30 43 12 22 5 16 43 20 27 49 48 12 23 4 49 30 
28 27 41 0 7 21 39 7 10 20 38 16 44 46 41 35 48 32 29 2 12 8 16 34 49 6 3 48 
17 7 48 3 0 23 1 11 9 14 46 15 9 42 37 3 2 17 50 50 24 37 15 50 30 44 3 38 
22 12 44 42 1 0 19 42 41 3 22 36 44 43 36 32 21 3 18 21 10 25 5 14 17 49 7 29 
11 2 7 19 9 21 0 14 40 47 21 4 14 40 50 46 50 31 32 7 7 39 5 44 48 12 23 43 
13 17 48 27 44 45 41 0 31 39 47 4 27 24 30 47 35 1 49 4 31 11 30 6 34 36 43 50 
40 7 9 9 7 36 28 1 0 23 50 45 11 20 50 19 7 3 28 5 34 28 43 20 44 49 9 43 
32 34 12 15 42 1 45 2 24 0 31 38 47 42 46 30 24 36 7 39 34 32 42 23 3 6 31 10 
23 47 38 16 10 49 44 47 18 11 0 35 3 10 26 49 46 27 16 32 14 39 49 20 34 38 11 25 
11 41 11 9 10 11 42 23 5 37 16 0 28 49 48 50 12 13 2 4 29 9 34 47 46 38 25 18 
22 25 28 5 29 50 25 33 6 7 3 25 0 43 19 3 44 9 12 38 33 17 40 37 7 32 34 33 
16 28 45 16 22 35 43 21 49 28 33 38 29 0 24 15 44 6 11 27 11 11 6 40 38 35 1 42 
2 33 39 22 23 45 18 9 6 12 42 32 40 1 0 48 5 17 27 25 9 10 2 46 32 46 5 24 
23 10 39 7 32 21 44 42 39 11 7 10 43 12 15 0 10 32 14 30 37 11 13 1 24 12 10 42 
33 50 37 7 26 18 21 45 50 17 6 11 11 47 10 10 0 45 11 17 32 47 45 43 14 18 17 19 
14 11 9 16 45 22 29 12 42 2 4 31 43 23 17 16 43 0 27 4 20 41 1 3 6 13 46 29 
45 38 7 23 40 10 50 8 35 41 2 11 40 32 36 18 8 42 0 30 24 10 31 29 1 37 14 47 
28 13 8 3 3 50 43 34 24 35 30 14 22 43 16 32 26 41 17 0 15 38 5 34 45 15 33 22 
20 15 10 7 36 27 13 22 45 28 38 49 12 47 48 13 34 29 29 9 0 31 44 49 4 10 21 49 
10 23 30 13 39 21 28 24 20 15 28 44 37 9 22 21 5 38 43 5 19 0 41 43 50 17 36 25 
41 26 17 6 48 15 28 4 49 16 15 49 29 34 23 29 49 6 36 43 50 10 0 24 44 17 18 17 
31 19 31 30 46 4 46 38 49 3 9 31 29 9 6 23 6 40 39 14 22 46 13 0 45 45 32 44 
25 31 3 24 39 30 49 48 35 19 36 19 46 33 46 25 26 40 25 7 34 44 38 18 0 4 28 4 
45 35 7 37 36 15 10 22 8 46 30 20 2 30 12 21 4 21 21 43 31 26 22 37 5 0 20 25 
11 31 43 35 20 11 26 4 13 29 33 50 5 36 12 39 29 47 20 24 27 22 24 34 48 33 0 36 
24 20 14 20 32 17 40 50 41 15 12 11 9 26 27 49 43 22 21 17 8 20 37 43 41 36 46 0 
49 0 39 8 9 38 37 26 3 35 50 10 2 34 15 36 21 25 18 36 11 49 1 23 31 13 28 17 
28 5 0 33 21 30 47 22 42 12 34 6 25 24 34 23 42 50 34 21 38 3 22 49 13 26 5 25 
47 48 16 0 27 47 11 21 48 49 3 30 31 5 12 23 25 38 20 43 13 28 26 10 24 48 43 40 
14 7 6 21 0 45 25 22 25 45 46 7 9 15 4 36 25 40 21 3 16 26 31 48 11 43 34 43 
47 21 39 43 29 0 4 21 7 42 43 32 35 6 34 37 28 29 32 11 29 9 43 2 20 3 45 28 
14 34 10 45 28 12 0 33 25 4 7 4 28 5 44 47 44 32 8 36 48 33 40 3 19 30 32 5 
34 5 20 19 40 34 27 0 7 24 33 49 4 24 23 9 33 22 26 4 6 35 13 49 20 13 17 48 
46 25 32 41 16 47 7 49 0 21 35 38 14 44 29 38 24 12 34 4 13 25 24 7 31 44 27 27 
21 22 6 1 7 24 37 32 33 0 42 42 33 8 17 24 38 49 34 13 10 28 48 39 37 37 9 5 
23 22 19 2 48 40 20 37 28 15 0 35 32 40 8 47 5 33 21 1 47 46 1 37 8 47 31 17 
49 23 33 20 14 48 19 14 11 14 41 0 44 44 38 31 47 24 15 2 23 3 32 43 7 17 36 13 
10 23 36 12 5 18 23 22 14 45 46 21 0 35 22 44 36 42 42 27 7 9 15 5 13 43 46 9 
14 18 31 27 3 29 36 9 42 26 3 37 27 0 21 17 18 2 28 45 18 1 10 46 2 15 40 29 
5 45 18 23 19 9 10 10 4 34 19 43 42 50 0 13 2 11 39 6 1 36 42 48 3 36 49 28 
8 5 23 30 13 14 50 31 14 25 4 35 28 18 12 0 14 35 34 35 3 19 39 8 35 13 10 40 
43 13 48 15 37 20 31 2 5 31 4 6 30 43 19 49 0 28 8 5 29 33 25 29 13 20 1 46 
10 20 48 38 18 4 24 8 19 17 10 17 15 47 16 8 33 0 31 28 6 11 50 40 31 28 8 31 
8 19 35 35 46 37 24 22 33 8 44 37 3 6 35 50 33 18 0 41 41 32 17 18 46 33 42 45 
36 11 30 17 11 10 23 17 39 34 32 15 30 41 26 34 50 40 44 0 25 1 26 50 7 13 37 17 
50 41 2 39 3 4 42 39 11 3 41 33 28 31 39 47 17 2 4 11 0 1 7 34 18 7 40 17 
45 10 11 24 5 24 44 24 27 38 46 30 11 38 2 15 31 9 7 17 45 0 12 30 34 6 9 26 
17 43 8 34 33 14 37 48 29 1 30 37 10 34 8 13 10 22 23 44 24 49 0 42 4 9 1 23 
23 34 31 27 18 47 48 28 31 19 4 13 17 25 41 24 15 1 23 47 33 38 49 0 21 13 34 16 
3 18 1 5 26 33 41 15 15 49 24 12 40 13 7 27 45 6 9 6 19 33 26 28 0 3 36 4 
41 35 35 11 15 35 31 45 10 30 15 29 31 27 10 27 25 41 40 34 34 26 11 5 15 0 5 28 
47 21 42 24 2 40 29 50 30 30 38 10 27 10 19 48 48 30 28 28 30 10 7 1 37 14 0 3 
20 16 24 31 46 10 8 35 25 19 7 13 39 3 27 30 47 38 32 13 24 16 29 14 25 38 28 0 
48 0 38 15 41 37 39 37 9 35 7 50 43 50 20 25 45 30 42 18 39 25 4 30 10 14 6 1 
29 5 0 37 11 6 9 33 10 47 11 28 20 24 2 44 43 24 48 45 32 43 50 21 50 23 8 49 
3 45 9 0 5 28 31 38 9 5 48 47 45 34 17 11 28 35 2 22 44 38 31 11 6 13 19 24 
9 30 34 38 0 38 48 10 31 15 39 6 1 40 37 44 40 45 28 4 12 16 33 22 37 48 1 15 
12 22 34 3 43 0 9 8 30 29 21 10 9 47 24 37 46 40 29 2 33 7 44 42 16 28 10 8 
9 27 9 47 41 37 0 33 49 9 32 37 13 42 32 7 16 20 36 20 7 38 29 37 32 8 46 19 
8 18 31 18 25 34 1 0 49 3 20 24 19 22 15 26 28 15 3 16 11 1 50 29 23 31 9 3 
20 30 41 27 40 46 19 25 0 31 29 14 12 30 41 34 5 46 46 18 49 42 13 1 23 30 42 35 
18 8 40 8 38 17 31 31 19 0 13 44 35 23 3 40 45 50 1 42 37 20 18 46 34 28 14 10 
12 8 30 19 48 48 11 1 17 42 0 21 27 45 49 11 15 42 3 12 45 46 3 18 2 22 38 6 
16 1 13 7 31 25 7 20 24 40 45 0 46 37 12 3 23 4 29 25 47 38 10 4 5 32 16 19 
15 10 40 28 47 11 43 46 1 5 36 41 0 2 38 30 37 25 48 7 25 33 43 30 15 24 47 41 
18 7 48 9 25 15 6 43 11 34 13 48 36 0 44 17 3 18 18 38 24 9 8 23 29 8 25 42 
36 22 30 26 4 1 20 26 39 4 47 11 26 46 0 46 20 4 13 50 22 31 17 41 12 47 36 24 
32 10 34 19 2 1 24 20 21 31 9 9 48 17 19 0 28 50 22 8 13 28 14 39 19 17 8 4 
11 20 32 19 29 19 28 38 16 6 35 46 11 3 26 26 0 40 46 4 2 6 12 39 41 41 40 24 
46 19 22 16 2 44 47 13 1 39 12 30 40 20 29 4 23 0 15 26 48 11 2 38 49 24 13 6 
49 50 31 41 29 39 46 32 19 44 40 34 3 14 40 26 38 28 0 16 15 33 27 9 17 27 15 43 
14 45 32 23 42 39 38 49 14 20 48 34 42 45 39 10 10 33 31 0 23 35 21 26 50 22 9 49 
24 22 41 15 15 14 47 32 38 38 21 49 45 16 15 27 7 40 45 25 0 20 44 18 49 34 46 42 
8 43 19 32 2 34 40 14 27 23 5 34 20 45 13 1 23 39 35 37 8 0 20 44 20 11 28 35 
30 30 5 43 32 19 22 39 40 19 6 20 16 5 2 38 5 2 7 25 30 7 0 44 46 10 50 10 
34 39 50 50 22 25 49 11 34 23 30 24 15 49 6 24 32 17 20 19 32 7 32 0 40 18 5 4 
5 24 37 10 34 32 10 38 1 40 20 35 46 17 45 18 16 25 29 42 26 25 33 12 0 29 40 31 
29 28 7 11 32 18 21 45 38 47 13 47 42 5 11 5 34 12 32 24 3 37 39 17 15 0 40 13 
28 30 41 26 31 44 2 32 11 44 30 39 18 25 22 8 21 3 29 37 37 16 20 49 50 48 0 17 
29 42 39 41 46 43 5 44 15 47 22 33 3 41 24 1 11 4 24 14 49 31 30 19 14 37 3 0 
26 0 13 11 43 27 34 28 23 40 22 4 35 46 13 32 8 12 50 21 26 47 14 16 9 45 26 34 
18 48 0 13 21 28 10 41 30 31 5 5 46 49 26 18 35 29 8 20 28 1 18 24 18 19 43 11 
6 13 48 0 2 48 1 50 11 25 27 2 27 25 6 34 1 3 8 5 22 50 29 29 38 2 26 48 
33 50 25 45 0 2 35 49 35 17 34 4 7 45 50 16 43 8 27 32 45 23 18 17 22 11 14 21 
12 28 34 11 50 0 22 3 18 11 1 33 50 42 27 21 18 17 49 1 11 23 34 36 22 11 21 31 
26 16 33 4 35 39 0 15 38 8 33 24 4 35 43 33 6 43 25 27 40 19 3 50 1 23 11 4 
49 28 42 13 50 30 42 0 28 2 28 47 49 12 28 39 13 35 43 46 16 19 41 29 44 47 34 31 
13 24 16 33 32 24 35 17 0 11 17 21 25 25 44 15 31 29 46 27 16 13 30 40 16 8 28 45 
36 9 49 48 16 16 49 29 5 0 37 45 16 25 28 12 29 47 14 19 21 23 4 10 1 48 20 19 
19 34 34 50 26 5 30 49 8 12 0 19 6 9 26 16 11 45 34 31 3 39 2 1 44 2 40 7 
23 33 49 49 1 46 48 31 46 21 37 0 20 12 45 30 4 17 28 9 10 46 7 43 15 17 18 18 
30 17 33 41 49 37 49 8 16 10 14 19 0 10 11 45 21 41 9 15 20 8 10 49 34 16 44 30 
11 16 41 34 32 34 28 19 15 13 30 39 34 0 14 38 14 44 4 9 50 50 2 37 2 7 3 48 
11 21 19 50 26 5 7 38 43 26 26 33 36 32 0 43 31 9 12 21 32 7 21 46 5 31 8 44 
30 10 29 39 28 29 36 18 48 47 13 5 34 27 26 0 45 38 19 21 23 18 7 22 29 41 37 22 
42 40 25 14 19 18 11 27 29 14 38 49 4 1 14 46 0 35 46 8 37 6 31 26 9 37 10 35 
26 24 39 50 48 41 8 44 29 23 33 44 37 23 50 48 31 0 1 20 18 23 5 12 38 34 34 50 
17 12 14 17 28 10 34 36 4 41 14 40 9 47 8 36 24 2 0 2 22 15 6 34 45 8 18 43 
12 22 12 2 17 15 42 41 32 15 6 5 35 3 38 46 8 18 12 0 12 21 15 20 39 36 33 13 
35 11 29 19 10 11 18 22 14 43 40 48 25 18 6 26 21 18 47 18 0 19 28 11 27 28 47 6 
22 48 3 24 16 35 3 7 31 4 46 46 45 17 31 24 4 18 20 37 45 0 16 40 49 21 39 16 
44 8 1 3 42 14 5 47 25 12 19 24 14 22 11 26 23 25 22 3 1 38 0 4 7 9 9 10 
12 6 8 4 3 28 20 10 49 31 2 5 33 41 21 6 13 35 45 7 16 34 40 0 17 25 50 37 
15 6 5 44 45 33 4 43 41 17 9 17 46 45 13 13 46 21 20 39 12 31 33 42 0 23 14 2 
45 29 16 42 30 4 42 5 4 45 37 8 23 30 48 30 39 5 19 49 13 3 21 45 46 0 5 11 
25 35 24 13 22 31 31 10 15 25 26 30 13 5 40 9 18 9 14 48 10 15 1 44 37 4 0 15 
40 42 8 22 46 25 43 17 20 31 32 16 27 42 21 33 6 14 26 6 45 23 45 3 37 33 7 0 
1 0 10 34 31 27 18 17 42 18 7 4 31 5 20 39 21 28 37 43 38 7 40 32 46 30 12 49 
21 18 0 48 5 35 14 18 42 7 36 1 6 49 11 50 3 26 2 34 21 36 6 3 17 17 44 46 
1 12 29 0 39 1 15 20 46 25 21 3 19 17 37 29 32 35 28 31 45 27 7 37 6 44 47 41 
13 15 16 31 0 39 42 19 18 31 29 48 1 41 29 16 26 33 24 34 17 35 8 25 18 40 36 49 
19 44 26 23 45 0 4 25 7 31 9 40 15 28 49 20 48 3 38 27 41 16 12 32 4 33 11 31 
7 5 41 48 42 3 0 43 50 25 5 7 3 48 17 23 35 17 43 10 7 18 16 10 22 31 13 46 
33 8 13 23 41 35 23 0 19 2 41 12 49 12 35 49 45 44 47 36 30 25 44 27 15 11 23 5 
13 42 46 19 17 30 7 11 0 43 13 33 17 18 25 48 21 44 6 45 48 22 20 21 16 26 46 33 
22 39 31 48 12 18 31 11 28 0 7 23 46 20 6 25 7 33 12 31 18 6 27 24 34 10 17 25 
33 44 21 30 43 22 47 36 22 12 0 15 21 49 37 15 21 14 22 11 26 43 48 13 39 5 46 29 
28 46 16 47 39 45 43 49 18 7 27 0 30 25 23 21 4 45 18 41 32 31 42 6 10 13 50 42 
33 35 31 33 26 48 43 20 40 6 16 27 0 26 7 39 48 15 38 42 36 3 23 45 19 22 14 15 
48 36 41 6 35 40 4 11 15 37 25 2 33 0 32 3 31 48 30 41 15 26 43 45 41 23 21 14 
39 11 40 12 11 12 34 46 34 50 1 31 38 23 0 47 24 11 41 36 10 5 50 42 48 40 31 50 
39 5 42 50 33 14 26 16 50 25 25 14 41 49 36 0 19 32 47 49 4 43 30 20 34 1 38 12 
9 39 20 43 23 31 12 45 42 43 50 18 17 12 7 47 0 50 36 27 45 11 20 31 11 1 41 28 
7 10 36 8 49 46 3 18 27 31 32 2 34 29 4 44 27 0 32 30 33 42 36 33 20 49 24 43 
1 39 8 10 42 33 3 6 35 7 35 2 22 15 45 31 16 18 0 34 44 16 7 26 5 29 22 8 
36 21 28 16 10 25 3 2 29 19 22 41 20 31 24 20 38 43 31 0 8 18 48 6 17 3 16 31 
27 44 13 4 31 21 26 18 35 8 41 26 27 20 13 16 12 45 28 15 0 13 43 38 39 13 49 14 
41 39 16 11 14 45 45 26 9 16 16 41 20 45 14 40 12 47 17 5 39 0 5 32 44 23 26 1 
18 35 6 25 42 33 8 35 29 19 48 28 32 32 44 5 1 47 4 8 21 50 0 4 27 42 46 45 
26 36 8 22 38 39 44 27 42 3 42 24 9 13 10 35 21 14 20 36 23 46 50 0 32 48 19 18 
31 19 32 30 33 46 39 32 50 22 47 10 40 39 6 3 3 9 24 46 46 12 15 33 0 13 23 11 
22 31 36 27 25 20 22 13 9 10 23 10 28 21 31 10 14 24 5 31 47 18 43 48 23 0 25 24 
22 20 4 49 18 10 36 17 2 15 46 23 41 18 26 48 43 31 50 46 25 16 2 2 9 8 0 43 
14 5 38 39 4 1 46 50 44 5 11 5 50 43 4 29 46 19 2 14 13 22 20 1 17 23 29 0 
49 0 7 19 3 40 10 18 22 12 15 26 42 22 46 19 33 43 32 26 1 3 21 37 6 33 8 45 
31 43 0 35 37 22 32 22 47 44 26 3 21 46 32 22 43 14 20 28 30 19 44 40 28 19 42 22 
27 29 20 0 13 20 33 16 38 30 27 29 5 10 50 49 26 7 41 11 31 19 32 29 23 36 6 28 
27 37 3 8 0 19 31 10 46 19 24 13 33 39 30 45 42 16 36 16 18 31 20 19 33 37 8 11 
4 45 50 48 27 0 15 5 39 1 27 20 10 25 1 5 31 3 45 9 23 1 25 40 14 38 21 38 
48 8 18 20 22 11 0 20 7 1 19 27 37 18 34 42 44 16 47 26 42 18 26 40 17 39 29 36 
10 30 6 37 10 7 27 0 8 32 34 7 48 50 5 44 4 12 27 9 41 39 10 31 25 18 12 30 
21 22 18 2 32 43 26 11 0 28 45 33 17 30 42 27 11 11 9 49 27 38 24 23 29 41 31 39 
47 1 49 32 20 49 28 6 37 0 14 32 26 6 25 44 17 9 29 11 29 50 13 50 20 17 19 36 
42 48 50 40 12 2 5 30 11 29 0 14 14 18 3 36 41 47 29 33 44 3 44 7 14 50 30 2 
39 34 2 29 16 1 14 36 9 37 25 0 21 25 1 45 34 39 45 16 43 26 14 23 3 42 34 26 
34 49 42 36 40 32 50 16 46 9 50 49 0 14 5 18 28 4 22 8 9 43 8 10 19 19 35 38 
27 26 11 49 38 33 25 31 37 18 1 36 40 0 26 35 49 25 39 47 2 39 9 37 20 32 34 25 
33 26 39 23 18 5 44 23 41 36 11 12 17 39 0 25 31 11 3 36 19 34 9 9 35 30 23 34 
50 19 40 42 17 4 8 42 5 49 45 34 32 46 3 0 44 14 15 27 30 13 15 28 27 18 46 15 
41 25 18 4 44 46 22 45 5 2 45 44 9 9 48 20 0 33 16 19 5 24 32 15 45 21 3 43 
21 36 41 14 25 22 39 18 18 37 45 1 39 11 1 48 43 0 20 22 19 22 16 45 46 11 49 42 
42 10 10 23 34 42 3 2 10 15 39 21 23 20 42 31 34 38 0 16 31 45 23 34 23 26 50 34 
22 5 41 46 3 26 30 48 8 8 14 12 9 36 9 42 34 5 49 0 49 50 30 36 12 9 45 19 
47 20 26 38 48 35 9 32 47 19 20 36 45 43 22 35 23 20 26 7 0 45 36 32 1 18 27 1 
34 42 20 30 37 9 8 34 28 32 21 17 28 1 4 13 23 15 19 5 7 0 29 46 14 42 33 39 
24 12 39 26 20 22 34 25 41 28 40 33 28 38 10 45 3 2 4 49 6 41 0 24 9 37 49 23 
44 6 46 6 38 5 21 35 22 40 7 2 46 44 26 14 35 34 33 42 18 48 35 0 44 12 39 35 
33 33 39 30 40 21 50 40 20 45 22 2 28 7 3 38 5 46 1 9 5 30 28 39 0 26 4 7 
5 47 22 3 45 49 21 38 2 34 10 18 31 46 4 7 20 14 32 5 36 15 10 30 48 0 12 31 
31 3 5 50 5 36 14 45 44 49 42 28 4 8 19 1 4 46 28 20 13 1 24 9 26 44 0 50 
22 41 38 42 5 33 18 40 36 48 35 5 33 18 2 11 9 28 36 29 47 17 14 6 35 20 43 0 
19 0 30 30 47 25 12 36 42 5 6 7 37 45 36 18 34 4 20 41 46 2 11 40 16 32 40 15 
3 6 0 27 32 8 35 41 50 11 7 1 11 43 47 26 48 6 2 41 42 44 30 34 10 36 44 25 
41 9 40 0 15 15 35 48 34 37 28 24 49 3 4 36 8 28 3 10 48 50 26 13 35 14 41 49 
21 24 23 17 0 47 15 11 1 42 21 42 36 26 46 13 40 21 32 4 39 38 9 22 6 7 26 46 
25 15 46 6 2 0 25 36 27 10 15 11 28 34 42 4 45 37 36 17 34 2 37 37 43 3 10 3 
12 13 2 17 11 21 0 19 37 37 47 16 41 12 41 20 3 26 10 5 20 47 35 14 36 21 40 42 
44 38 28 3 3 42 22 0 24 14 9 48 1 7 16 6 18 49 22 45 6 44 33 34 12 33 49 40 
6 28 49 17 47 21 29 25 0 49 9 44 13 49 41 17 6 45 28 10 48 5 42 17 16 14 26 35 
49 12 5 17 20 4 2 16 47 0 15 43 2 31 29 41 7 9 5 9 46 15 27 27 40 34 24 2 
36 15 11 34 3 21 36 31 14 45 0 42 25 10 47 26 21 42 3 27 30 20 14 35 9 12 5 30 
21 22 35 15 33 47 3 17 2 36 32 0 40 31 45 49 28 13 18 30 50 49 40 7 36 37 8 45 
32 22 30 3 22 49 42 16 9 29 30 10 0 29 7 31 24 35 10 14 46 35 22 37 22 41 32 5 
31 31 16 49 28 25 2 21 45 22 34 10 41 0 40 30 40 49 34 9 2 43 19 16 23 27 24 13 
10 11 36 9 12 40 44 11 35 44 30 2 35 27 0 37 36 3 1 50 23 7 6 32 38 38 33 31 
13 13 15 43 23 5 13 43 10 10 14 23 20 48 29 0 45 47 19 33 24 26 7 33 14 23 27 2 
7 4 30 48 21 29 10 32 49 20 1 8 48 22 35 27 0 27 40 29 30 25 28 12 35 19 6 10 
5 6 30 2 21 47 3 7 39 31 12 44 44 10 17 31 25 0 46 12 36 3 42 30 6 25 44 47 
27 30 43 45 29 15 20 5 26 20 19 31 11 45 16 46 47 16 0 46 35 21 9 48 37 39 8 21 
8 14 26 24 28 27 50 27 28 47 36 33 29 25 5 41 11 7 16 0 1 42 37 46 34 41 29 9 
27 18 32 6 7 22 45 13 42 1 46 41 4 12 18 39 49 11 33 18 0 11 16 19 37 31 24 7 
30 21 19 43 33 50 18 24 9 46 42 30 12 35 12 14 41 15 16 12 40 0 24 48 47 23 9 11 
48 12 50 46 25 33 16 15 42 24 8 14 42 37 38 9 44 8 32 22 33 50 0 2 29 22 16 12 
17 6 24 22 21 25 39 21 12 10 1 17 47 47 21 20 41 33 2 25 26 2 15 0 5 40 41 38 
29 49 11 22 24 10 21 49 9 19 2 38 40 3 16 27 50 44 42 35 25 13 30 11 0 46 20 41 
37 15 42 19 32 30 37 10 22 2 39 27 8 26 48 12 2 39 46 13 22 10 26 16 12 0 48 7 
13 16 19 50 26 4 19 35 34 18 50 21 9 3 44 45 25 11 17 35 10 28 2 29 22 1 0 7 
20 28 40 26 8 34 24 25 45 3 2 13 23 39 42 14 45 2 19 37 11 29 16 1 5 45 14 0 
47 0 36 15 41 28 26 47 49 7 45 42 43 37 36 28 50 42 23 49 44 46 18 14 8 27 4 14 
47 42 0 13 39 22 13 21 27 40 30 12 25 38 26 40 35 20 3 9 33 2 33 30 24 28 7 2 
19 30 22 0 8 15 25 12 1 8 45 7 21 31 17 10 39 20 30 49 11 18 6 34 45 5 19 21 
13 14 13 39 0 11 15 12 3 47 18 22 48 50 26 26 33 40 14 33 29 17 43 45 10 45 30 46 
34 13 47 28 3 0 47 5 50 38 45 7 46 6 20 14 13 21 49 32 50 36 43 24 44 32 23 40 
5 20 19 4 45 32 0 19 28 40 1 41 19 2 46 26 39 38 34 18 27 10 3 31 24 12 13 30 
11 42 40 3 46 31 7 0 50 30 19 42 12 15 38 42 25 12 30 30 31 4 10 5 36 11 14 46 
31 2 40 45 42 33 2 8 0 37 1 49 45 39 46 46 47 20 47 22 4 40 19 29 19 45 33 32 
26 2 37 4 43 32 35 27 49 0 41 24 1 30 13 30 5 24 14 35 42 36 9 14 35 40 39 11 
7 13 24 22 1 10 1 26 7 50 0 47 6 14 4 19 47 6 47 46 43 42 11 14 5 5 10 42 
47 18 39 3 15 4 22 29 15 26 19 0 23 41 30 37 23 6 27 8 22 38 17 12 8 39 44 47 
20 46 49 19 17 42 19 4 9 18 48 33 0 2 42 25 5 22 38 24 6 13 5 38 8 29 48 38 
4 30 6 32 15 21 8 3 33 16 7 3 32 0 23 26 28 6 9 45 6 31 14 13 40 20 15 39 
34 15 9 42 41 20 5 16 24 3 37 34 12 45 0 40 42 39 15 35 43 34 38 28 33 50 35 42 
8 40 18 16 12 50 33 24 38 25 25 17 34 27 7 0 2 25 19 26 33 12 41 23 25 25 35 23 
5 47 38 27 43 7 28 47 26 7 37 26 34 29 21 2 0 17 15 49 2 16 27 36 3 15 25 2 
30 17 18 44 42 27 28 29 28 1 49 33 11 6 31 31 46 0 38 44 42 4 41 39 6 10 27 34 
7 29 11 36 12 19 5 48 30 9 14 46 49 7 1 44 2 19 0 33 39 47 36 46 41 15 22 33 
48 40 29 13 34 15 44 21 50 17 16 37 15 6 8 1 23 32 43 0 45 36 4 48 38 37 28 39 
38 21 33 21 21 41 36 7 9 2 47 31 32 6 36 1 27 36 33 19 0 33 39 35 24 9 23 28 
48 45 42 41 26 6 27 6 1 18 46 45 46 29 49 49 50 27 2 12 39 0 50 3 21 2 5 10 
6 49 37 9 13 49 14 38 13 18 11 21 25 5 1 36 33 32 42 37 40 34 0 40 36 48 8 12 
39 48 42 22 40 22 47 21 8 15 9 34 46 32 41 37 32 39 6 28 7 39 15 0 20 40 11 18 
20 23 10 1 12 5 38 25 41 21 47 22 50 28 34 43 22 25 48 46 6 49 48 8 0 48 42 31 
5 1 34 22 32 30 4 27 49 49 14 48 29 9 7 1 16 36 18 7 50 23 46 44 46 0 42 15 
13 22 25 2 4 20 25 34 24 7 49 15 43 46 2 36 45 8 27 19 37 49 48 33 23 30 0 36 
32 32 6 41 27 41 15 41 6 24 47 11 28 4 26 33 45 17 21 26 11 48 38 1 36 19 23 0 
28 0 15 24 43 29 24 34 44 2 19 17 23 25 28 6 46 12 48 47 50 15 12 16 4 16 2 5 
26 34 0 45 5 5 8 18 37 27 33 32 19 38 44 11 24 15 28 45 47 48 6 2 26 4 40 20 
8 17 49 0 20 28 28 19 9 11 8 14 12 15 7 41 29 14 31 30 10 6 5 38 2 26 22 5 
8 21 32 19 0 2 16 39 10 21 28 14 4 41 20 36 50 17 1 17 30 41 7 27 39 46 24 30 
14 4 29 48 44 0 7 23 12 38 29 39 12 47 27 47 21 1 1 27 39 41 21 5 22 1 10 42 
15 1 45 43 24 29 0 36 25 7 43 31 20 48 18 8 48 21 29 40 20 4 44 37 26 39 19 35 
40 44 49 8 48 34 15 0 9 11 44 37 16 34 11 2 40 29 21 31 29 21 33 23 34 44 11 40 
39 21 15 19 4 5 44 46 0 31 9 35 34 36 34 10 48 4 35 13 7 10 2 4 9 6 9 40 
14 8 21 15 15 37 45 26 38 0 47 26 33 11 40 15 21 32 44 37 45 46 12 36 20 50 31 5 
31 38 17 7 13 46 16 30 39 10 0 45 21 48 42 9 23 1 29 3 2 17 45 31 23 15 19 14 
45 3 22 2 16 34 32 15 38 21 40 0 13 38 46 11 27 12 37 23 40 4 38 39 35 41 47 29 
39 36 8 44 42 44 32 22 27 17 8 29 0 37 16 28 21 2 12 16 16 7 6 18 20 36 43 30 
11 7 14 38 12 19 6 43 29 31 27 49 19 0 6 25 34 10 4 9 36 24 27 17 38 24 26 32 
23 33 18 39 8 49 15 22 15 13 30 47 10 32 0 24 49 41 25 13 47 10 32 23 9 17 28 7 
6 34 41 27 14 36 37 33 10 11 42 19 50 5 35 0 11 22 31 7 49 4 1 28 27 13 11 29 
23 41 11 10 23 31 42 10 38 25 37 16 12 24 49 14 0 39 49 7 13 43 26 22 1 28 10 30 
4 5 7 14 14 3 7 15 43 50 1 20 39 8 45 47 37 0 35 16 45 26 5 38 40 29 7 49 
37 47 19 10 32 13 2 39 5 31 11 23 13 5 9 7 15 38 0 29 18 6 48 29 36 17 13 16 
4 49 18 18 36 8 5 21 19 24 40 19 8 38 19 41 16 26 13 0 3 41 17 49 24 2 50 39 
43 39 18 34 44 20 48 48 41 37 14 25 15 8 34 41 33 25 20 21 0 31 37 7 14 10 4 11 
25 38 50 45 16 36 19 13 33 1 41 46 50 11 40 29 5 2 2 49 45 0 7 27 16 49 33 29 
9 7 32 5 24 41 10 23 10 41 43 48 40 46 46 2 40 43 30 20 11 41 0 9 3 12 9 6 
16 19 11 34 46 34 7 11 7 1 47 18 6 41 38 30 38 13 4 12 3 50 5 0 37 24 20 13 
19 18 48 30 43 15 36 44 5 49 7 47 15 33 36 40 2 44 25 25 30 23 11 22 0 41 8 47 
4 17 14 25 11 27 21 39 44 9 22 4 3 20 48 34 31 31 16 40 30 17 10 4 44 0 49 46 
34 46 7 27 39 36 19 33 27 41 25 47 21 44 44 43 32 31 40 23 5 33 39 30 41 26 0 18 
17 37 8 11 32 12 31 38 44 37 32 33 18 35 38 21 44 7 34 45 46 37 25 28 23 4 27 0 
42 0 2 7 27 37 14 18 2 46 20 30 44 35 40 7 1 6 1 49 23 39 17 12 46 24 7 31 
23 31 0 12 30 39 28 36 40 36 37 10 46 19 50 33 42 1 15 13 50 5 39 36 20 28 25 32 
38 25 40 0 12 4 30 34 46 21 35 41 42 16 50 1 22 14 46 6 30 23 6 25 11 31 11 8 
26 34 45 43 0 2 14 47 49 16 46 25 7 16 36 5 13 8 11 23 47 1 5 18 22 24 23 46 
10 32 50 29 31 0 43 22 8 12 26 42 39 29 20 1 35 26 39 39 40 44 18 44 18 1 9 15 
8 21 17 24 19 29 0 19 38 17 17 18 45 15 44 29 43 37 17 23 45 28 50 21 42 33 36 34 
2 42 39 32 29 23 29 0 15 37 46 3 23 10 10 33 35 19 9 45 24 46 16 25 7 2 29 14 
37 9 1 25 41 34 46 17 0 46 28 35 39 22 37 30 42 48 34 44 13 35 46 15 3 34 39 12 
39 36 17 32 31 1 10 42 6 0 37 22 13 40 15 44 37 8 34 20 24 38 16 25 28 23 8 16 
29 42 44 49 41 2 23 8 32 30 0 46 4 39 12 46 25 5 26 22 5 49 42 10 8 19 14 15 
24 23 11 40 9 23 35 32 50 12 39 0 31 11 17 7 13 7 12 31 32 12 43 42 21 2 2 4 
17 37 33 37 30 28 37 49 35 21 41 38 0 31 4 31 46 13 17 46 11 38 43 30 3 47 38 33 
4 32 32 41 38 8 19 18 45 18 26 9 4 0 25 19 22 43 17 25 50 29 31 47 30 4 6 42 
17 25 8 31 41 42 46 34 17 4 30 3 31 12 0 36 37 28 37 8 43 37 19 21 38 36 22 39 
4 24 35 3 37 32 16 3 44 37 38 36 17 9 41 0 2 18 14 14 45 38 43 45 19 43 47 14 
6 48 5 21 45 19 4 42 11 32 2 43 22 15 10 43 0 50 41 2 41 35 46 18 3 24 22 28 
1 11 29 16 10 41 18 11 5 40 17 43 17 13 17 31 20 0 17 22 43 30 29 1 45 28 42 6 
30 10 31 2 47 24 41 4 31 32 16 43 2 4 4 5 4 34 0 49 35 28 18 15 48 37 3 29 
48 23 11 35 38 19 35 39 1 25 38 21 20 27 10 37 50 5 24 0 20 40 26 24 48 12 30 7 
28 12 46 34 15 44 45 43 32 21 47 29 24 17 15 4 31 16 14 30 0 9 19 32 16 44 14 34 
40 23 49 13 24 9 13 7 28 6 41 24 27 25 34 29 17 3 27 1 3 0 25 23 44 33 49 50 
48 10 31 30 41 2 10 5 21 33 8 24 20 12 11 38 48 40 42 37 5 26 0 40 15 13 18 13 
32 15 50 6 31 25 9 15 48 47 26 1 23 17 21 13 47 10 30 7 39 43 38 0 26 4 41 12 
46 23 21 16 18 24 39 29 40 22 27 27 49 11 48 13 41 22 39 20 20 35 13 44 0 6 33 11 
25 39 28 25 3 41 14 14 42 28 31 9 28 35 39 31 42 20 33 31 46 42 30 47 4 0 15 21 
43 12 10 27 11 35 13 14 40 13 48 25 36 36 48 6 36 11 14 12 36 32 4 22 24 23 0 3 
15 33 10 31 21 38 20 22 3 33 1 21 24 16 21 49 18 44 45 47 46 49 36 44 37 41 4 0 
36 0 11 8 39 4 38 33 48 32 31 33 27 38 16 15 46 24 36 40 40 47 16 33 37 28 29 26 
7 17 0 48 16 44 30 35 35 11 45 44 47 33 42 18 39 18 36 17 8 32 32 4 13 8 47 1 
7 20 28 0 22 11 25 12 26 32 35 16 39 47 3 31 4 1 30 40 7 49 29 27 16 2 11 21 
45 26 13 35 0 8 47 30 28 16 33 24 34 22 21 16 36 5 3 47 20 6 1 28 4 33 19 41 
3 28 43 13 21 0 50 4 18 50 19 50 8 42 18 26 16 22 27 46 18 37 33 44 22 13 5 41 
16 45 49 10 2 39 0 7 27 50 23 21 4 35 19 4 17 18 6 46 5 3 30 35 7 27 38 2 
4 21 35 22 1 16 9 0 39 24 2 10 48 19 35 42 26 44 1 23 12 50 33 17 26 17 18 50 
39 36 10 43 33 15 38 3 0 7 15 2 21 39 27 31 31 15 9 8 27 20 11 5 42 6 5 27 
3 22 4 9 6 33 16 20 3 0 14 10 27 34 31 32 35 11 42 31 35 36 20 3 2 18 9 41 
30 29 32 18 37 29 39 36 32 3 0 7 47 38 23 7 28 17 6 32 24 46 38 27 44 50 25 20 
42 33 19 2 41 47 43 36 42 22 47 0 23 48 46 46 1 32 5 46 44 12 29 42 37 47 36 35 
45 43 3 38 18 12 9 48 3 14 2 16 0 50 46 38 16 7 20 33 35 29 1 38 45 40 5 32 
9 13 42 33 6 5 12 48 44 40 34 29 11 0 39 49 43 38 31 40 46 49 25 13 35 17 14 2 
7 44 5 8 49 14 31 1 35 12 32 46 11 39 0 48 44 27 24 41 23 46 31 9 1 14 50 9 
34 34 50 7 16 43 4 6 5 40 32 36 16 31 39 0 15 32 7 36 30 8 2 32 37 12 26 42 
6 27 36 4 45 49 5 48 17 35 5 16 3 7 33 44 0 5 45 38 26 42 8 17 27 45 29 21 
1 33 3 14 46 41 2 48 30 19 36 38 38 11 34 22 30 0 28 41 33 23 25 9 27 42 24 1 
50 49 11 10 10 16 28 5 15 14 22 10 26 2 10 4 25 19 0 8 1 15 9 36 37 50 4 46 
49 27 25 27 22 22 40 2 50 20 10 27 22 11 7 19 8 9 19 0 16 31 14 21 34 8 35 24 
36 42 13 24 11 6 21 29 28 41 38 1 38 36 1 10 35 16 43 36 0 41 8 40 28 29 31 39 
16 36 6 41 19 37 48 4 10 37 46 50 22 2 32 29 29 21 8 31 30 0 31 4 37 19 16 50 
34 29 2 35 46 30 17 6 44 23 50 20 14 41 32 41 24 40 17 22 34 9 0 29 12 8 21 1 
9 35 32 20 23 3 38 15 26 9 2 1 20 5 47 38 7 29 1 44 41 49 40 0 31 48 3 44 
16 25 50 41 28 25 30 8 21 12 4 28 17 27 27 6 33 22 39 47 18 38 21 23 0 34 7 27 
11 11 45 2 22 21 9 23 40 27 18 25 26 41 47 27 27 3 2 35 18 14 43 8 9 0 9 6 
27 28 4 27 8 21 48 19 48 26 10 32 7 8 5 37 30 15 47 13 6 21 11 45 20 32 0 23 
10 47 19 38 43 14 15 33 45 36 1 11 5 28 22 50 1 17 22 45 27 13 28 13 43 13 46 0 
50 0 6 18 10 7 26 48 39 23 29 38 17 19 43 26 11 2 30 5 43 36 35 22 10 29 49 38 
47 47 0 20 6 45 31 18 15 27 28 26 44 36 7 40 50 22 14 50 3 3 1 3 26 34 39 21 
11 16 35 0 8 32 9 38 2 43 4 23 43 37 2 28 49 34 26 36 20 36 46 35 1 47 29 47 
36 46 45 44 0 22 7 11 7 50 42 21 45 36 48 6 47 46 49 21 14 2 26 2 20 50 49 20 
35 15 31 35 11 0 3 12 3 6 49 10 1 37 26 45 28 8 14 31 1 22 30 49 40 2 27 16 
45 11 44 25 45 24 0 38 26 42 19 8 10 43 24 45 1 49 36 48 34 38 7 48 45 6 19 48 
48 6 16 42 33 34 37 0 18 43 13 24 16 28 50 50 3 10 50 4 39 28 27 30 1 4 5 43 
29 38 13 49 19 26 26 40 0 21 26 27 25 26 6 7 3 39 26 21 20 35 38 5 38 45 3 31 
21 21 27 16 39 29 42 9 30 0 30 14 5 41 2 11 30 27 33 26 28 33 21 25 42 25 34 35 
9 41 34 25 4 17 46 6 19 44 0 11 39 46 35 48 28 23 25 22 31 19 25 8 28 5 20 25 
49 50 47 35 42 6 45 33 18 46 5 0 10 38 45 47 42 36 17 45 31 44 35 44 2 17 4 3 
16 35 33 6 20 35 43 48 6 23 10 19 0 34 1 2 30 32 18 16 34 36 22 33 22 11 11 39 
31 14 7 45 19 39 3 29 49 36 40 35 25 0 46 48 42 20 27 49 11 30 42 6 13 35 2 20 
18 45 2 11 46 10 46 12 34 49 28 41 31 32 0 23 4 45 42 33 41 39 38 31 13 46 13 1 
10 39 9 45 11 18 19 36 35 47 25 45 26 29 34 0 15 43 42 37 18 30 8 39 11 21 2 11 
32 30 15 39 16 33 10 37 23 26 5 18 24 12 46 38 0 7 21 47 7 13 5 24 38 22 10 46 
21 3 1 48 24 9 8 38 6 21 8 9 13 17 43 12 39 0 39 25 13 6 34 20 33 41 25 45 
48 28 6 28 18 7 38 39 34 23 29 32 9 17 25 41 18 49 0 12 35 41 20 43 36 50 47 47 
40 37 34 18 8 50 15 10 10 50 44 40 2 25 29 9 39 10 7 0 17 47 31 44 2 34 29 40 
5 28 35 21 28 22 11 48 3 50 5 22 33 45 8 16 41 25 9 10 0 10 12 12 4 26 43 31 
1 9 43 33 35 29 10 10 32 25 30 16 19 42 27 27 9 35 39 24 22 0 40 16 4 27 25 19 
31 43 17 31 46 35 41 11 40 10 18 21 43 24 35 26 41 12 10 41 19 33 0 36 3 20 37 19 
9 11 44 40 7 11 10 30 18 15 45 34 31 29 32 38 17 42 15 46 1 38 14 0 26 43 17 35 
1 48 7 15 12 9 17 32 50 46 21 12 10 34 44 17 12 47 28 30 12 37 45 19 0 11 6 42 
19 21 48 19 47 40 26 9 32 11 50 33 26 15 47 33 42 47 31 5 13 7 21 3 29 0 16 38 
23 14 3 39 5 6 18 48 12 3 28 24 22 35 25 13 7 12 14 2 16 16 5 4 22 31 0 1 
29 12 1 45 40 32 3 3 46 30 23 46 27 8 17 36 30 14 24 9 21 38 45 15 41 16 14 0 
22 0 8 10 50 17 24 5 39 37 11 8 39 43 20 32 30 33 35 17 37 44 49 31 25 40 49 23 
31 41 0 17 36 5 24 18 31 46 36 30 6 23 23 20 30 25 23 26 31 40 39 9 12 30 25 30 
20 24 27 0 35 11 18 2 25 48 21 26 3 15 25 39 36 44 4 29 44 15 25 20 7 3 14 18 
34 43 33 5 0 7 30 45 48 8 20 2 20 39 22 48 22 10 50 20 11 7 1 4 15 9 2 31 
15 46 4 21 32 0 47 50 18 32 16 16 19 24 21 28 32 17 42 34 41 23 17 4 10 8 33 4 
12 33 39 19 46 5 0 49 30 3 4 50 20 24 39 4 17 7 44 31 47 41 29 20 38 23 26 12 
9 49 43 44 14 50 43 0 39 36 44 47 20 15 25 41 26 28 18 22 11 2 20 1 47 16 28 37 
13 33 14 2 46 21 44 41 0 32 10 10 36 21 31 1 19 23 10 25 16 22 1 4 42 21 2 16 
10 40 48 46 29 37 13 30 6 0 22 42 2 50 21 35 9 16 18 32 2 30 2 1 28 38 42 12 
15 13 29 23 31 45 6 35 1 34 0 14 32 50 9 1 45 48 31 8 25 46 38 42 39 24 40 1 
36 8 39 21 9 37 26 48 18 27 49 0 12 8 45 37 34 25 2 37 32 43 30 7 4 47 30 17 
16 28 21 41 50 42 45 20 27 13 14 6 0 45 25 11 34 19 49 20 50 31 10 4 17 38 37 8 
8 7 1 35 25 30 20 10 20 47 37 50 20 0 14 25 10 21 12 47 42 7 32 46 39 6 27 30 
37 7 25 5 4 13 34 37 13 26 28 40 26 25 0 16 42 38 32 49 1 37 6 50 33 6 42 46 
2 26 11 13 30 48 50 34 4 46 43 34 38 36 27 0 13 34 44 23 21 17 42 41 9 7 8 27 
44 31 7 42 49 13 17 33 12 2 14 49 42 26 41 12 0 46 46 49 11 15 10 44 16 40 33 21 
29 10 35 3 6 22 22 7 4 48 5 44 21 21 3 16 11 0 21 45 32 45 26 30 46 14 9 47 
12 34 37 41 2 17 42 39 24 27 50 9 27 20 19 38 15 42 0 2 28 41 12 44 34 46 45 2 
26 3 30 40 39 48 26 11 24 17 7 3 27 30 33 30 39 11 13 0 18 12 26 39 16 5 12 31 
7 50 40 4 46 7 16 16 36 44 38 11 12 2 10 46 21 9 39 26 0 49 8 33 5 23 34 28 
40 50 15 15 36 28 18 20 12 34 14 12 46 12 14 47 37 2 1 2 17 0 2 30 19 7 16 37 
32 49 17 36 32 13 30 26 16 22 30 3 34 45 33 49 13 8 47 44 15 36 0 12 47 4 23 33 
11 39 20 47 8 21 41 36 21 45 48 33 50 16 37 48 26 8 50 17 7 35 4 0 18 12 11 22 
23 47 38 21 32 9 31 19 38 46 26 22 32 43 9 12 5 15 25 48 28 29 38 37 0 39 4 6 
26 27 35 3 35 48 49 19 40 34 24 16 24 20 47 49 2 50 36 18 24 49 23 50 3 0 37 13 
45 45 9 2 33 29 4 6 43 3 44 41 25 34 25 20 29 31 49 2 29 31 30 36 37 4 0 36 
33 27 4 36 1 49 35 5 24 31 33 42 38 21 15 5 47 9 10 12 35 49 29 45 19 4 36 0 
35 0 14 16 23 15 29 43 21 29 40 17 43 42 40 30 1 40 46 40 12 31 15 27 33 28 28 42 
2 34 0 48 9 17 48 14 1 41 9 8 18 13 45 50 36 15 30 17 18 23 5 49 40 49 29 42 
5 21 38 0 33 46 38 38 42 38 31 31 1 46 29 40 40 43 32 28 28 17 32 29 12 3 12 11 
20 48 36 8 0 10 38 6 9 30 4 26 12 31 25 4 12 6 35 30 21 39 34 16 7 9 22 2 
25 24 43 26 30 0 35 28 18 45 3 23 21 13 40 20 10 36 17 20 48 3 14 20 23 28 24 41 
22 37 32 29 50 39 0 37 31 36 38 28 46 28 4 8 10 10 33 14 18 31 19 24 30 41 39 24 
49 12 4 20 48 7 44 0 6 32 13 24 24 33 27 10 35 22 8 21 43 44 46 4 11 41 15 7 
10 3 13 2 39 11 15 38 0 20 32 19 30 40 35 49 26 47 36 10 31 41 22 35 3 23 20 47 
31 4 8 44 29 34 1 35 4 0 19 11 35 13 18 39 40 3 3 28 31 9 46 20 8 25 32 34 
16 38 18 10 30 20 15 35 34 12 0 39 41 47 40 50 46 7 37 2 48 14 3 33 33 1 45 39 
39 36 35 1 20 48 1 35 47 36 10 0 32 16 48 33 5 28 15 13 32 42 9 1 13 21 24 34 
20 14 6 36 10 36 31 26 50 50 12 19 0 43 46 5 4 10 48 5 36 50 31 48 5 18 38 13 
48 31 35 22 30 47 14 31 22 41 50 50 47 0 36 22 34 6 17 46 21 36 37 5 41 16 16 38 
35 40 16 2 19 23 23 34 46 15 29 32 23 29 0 16 34 13 11 49 9 1 28 47 43 38 23 18 
28 11 27 45 7 14 9 30 41 6 40 32 28 24 3 0 27 20 27 35 23 42 21 4 42 30 17 8 
38 7 43 24 14 46 5 45 23 20 21 23 19 15 50 25 0 28 23 30 22 35 49 1 28 16 3 50 
27 8 7 35 15 40 7 22 23 49 33 27 36 23 30 30 8 0 49 5 17 9 43 46 27 20 1 46 
23 39 6 15 9 11 47 29 38 17 36 6 34 12 43 27 27 45 0 47 45 49 6 20 44 29 11 37 
42 34 12 30 15 15 44 35 33 17 34 24 16 39 44 42 14 23 44 0 22 5 16 16 20 32 23 6 
48 17 20 13 37 48 25 5 45 26 37 21 42 40 28 11 11 43 21 31 0 6 5 15 6 22 36 39 
32 27 19 43 48 43 9 47 19 14 5 48 26 42 35 50 16 27 2 3 32 0 28 5 6 27 11 43 
1 43 2 14 42 1 10 43 28 27 34 39 29 33 44 9 47 6 46 45 39 22 0 6 49 30 20 34 
8 4 22 13 17 38 50 9 4 17 50 14 47 17 50 7 24 33 38 24 20 38 20 0 9 50 31 16 
4 29 38 4 35 22 18 2 39 7 14 18 2 29 25 41 43 48 43 49 28 40 15 33 0 17 42 46 
14 20 35 14 14 36 22 47 30 17 13 16 42 30 16 11 1 11 15 37 46 46 48 27 12 0 7 32 
39 15 14 6 37 43 26 4 33 5 43 50 32 31 32 45 25 30 32 2 20 13 29 15 22 2 0 6 
1 19 22 9 3 7 4 34 32 16 11 27 24 16 26 33 7 8 11 34 6 14 2 24 47 30 6 0 
13 0 26 36 50 34 36 37 26 36 11 47 41 44 28 48 50 29 14 4 8 36 44 31 23 8 12 19 
50 37 0 18 49 12 23 2 42 8 47 17 28 42 37 40 41 22 11 18 18 6 9 15 23 11 44 22 
20 19 46 0 13 43 22 17 37 40 19 13 35 18 42 37 40 4 13 36 13 22 46 4 9 13 41 45 
14 42 22 45 0 38 19 1 33 23 13 34 25 6 25 50 1 23 10 26 50 26 19 19 11 11 25 31 
1 24 16 38 1 0 2 28 3 45 18 24 25 16 18 10 14 27 20 38 30 38 22 46 31 49 37 41 
19 45 24 11 35 14 0 39 50 9 7 26 33 23 29 22 5 33 49 35 10 33 17 5 42 42 23 45 
43 30 29 35 39 15 11 0 9 9 22 8 40 12 28 18 1 7 2 38 15 1 17 17 14 33 15 27 
9 3 40 33 20 12 19 46 0 21 31 22 38 19 12 21 14 34 26 9 24 33 15 16 49 41 5 8 
44 27 14 16 3 25 38 3 6 0 19 40 38 29 44 33 47 21 36 14 19 4 31 3 33 38 25 42 
45 44 37 42 43 16 4 25 20 8 0 15 20 13 32 10 15 46 45 39 31 30 1 19 45 13 27 36 
5 14 24 31 28 29 34 44 9 19 27 0 48 22 25 19 14 40 7 16 1 37 44 16 8 39 50 44 
12 45 26 43 29 16 30 49 11 46 27 38 0 42 30 39 2 46 19 48 17 6 11 38 29 39 48 26 
50 12 49 17 43 29 35 23 49 33 27 48 32 0 42 26 9 18 13 19 25 22 49 43 20 39 41 33 
39 1 8 48 4 32 41 31 38 13 29 35 10 7 0 8 40 19 20 22 17 25 30 3 20 16 20 24 
4 1 19 29 29 2 46 47 22 42 36 24 17 41 12 0 38 46 40 29 10 18 14 10 24 1 17 25 
9 9 48 39 32 35 8 38 30 20 34 50 34 14 11 37 0 48 34 47 6 26 14 42 8 30 38 10 
7 41 42 46 29 13 27 37 39 24 4 4 39 9 4 32 19 0 13 41 45 46 7 28 12 40 5 12 
49 45 17 41 9 45 25 2 47 39 24 6 38 7 27 23 13 44 0 31 8 47 23 33 24 45 39 43 
14 50 13 31 6 25 1 28 43 22 34 46 10 15 7 7 43 45 7 0 4 38 19 35 16 18 9 48 
16 27 13 44 46 20 2 11 2 35 9 19 32 38 30 35 1 30 49 22 0 43 40 16 40 29 39 36 
5 45 16 48 13 47 27 36 2 31 29 38 26 8 4 5 23 35 27 26 17 0 9 35 34 36 20 38 
5 26 11 23 16 8 35 48 16 37 37 47 22 5 2 29 5 23 42 24 15 39 0 36 44 6 2 13 
20 47 11 33 12 44 10 23 11 41 8 14 30 42 11 38 19 36 39 6 22 15 31 0 30 11 45 46 
24 16 41 17 17 14 45 15 2 6 5 25 4 12 32 42 38 47 10 12 32 4 2 17 0 8 18 46 
42 6 16 31 22 18 48 37 8 20 24 42 50 36 27 10 33 15 11 36 45 40 23 43 34 0 2 33 
14 20 15 24 10 50 19 3 10 36 26 33 8 7 26 25 22 15 6 10 27 6 45 19 3 47 0 33 
2 3 33 24 47 21 36 34 18 44 47 15 42 32 33 18 25 8 32 4 29 19 16 1 29 29 42 0 
6 0 9 25 46 21 13 18 17 1 27 12 29 13 23 23 9 32 26 50 14 29 45 38 21 12 22 44 
4 34 0 38 32 46 19 29 30 25 43 48 27 3 24 15 32 42 13 30 19 32 7 10 34 26 29 15 
13 12 22 0 4 34 50 19 15 34 14 45 16 10 34 43 49 16 34 50 48 40 15 13 47 9 33 3 
13 48 24 4 0 7 18 5 16 19 3 40 14 27 34 10 31 18 47 47 20 35 39 8 45 1 27 31 
25 49 49 26 46 0 2 47 7 18 11 11 39 49 5 19 24 47 27 20 23 15 31 34 45 1 12 13 
18 24 40 29 3 30 0 37 31 18 20 28 44 13 31 27 43 20 8 8 48 15 17 16 12 18 31 5 
16 45 16 5 25 34 40 0 29 34 28 32 8 10 12 25 2 4 19 34 8 42 39 38 14 38 43 14 
48 1 9 29 12 23 26 22 0 37 2 16 3 10 23 2 44 16 39 50 49 37 41 16 12 43 34 24 
13 28 7 2 18 33 20 43 29 0 26 49 21 36 35 41 39 50 39 16 24 35 41 46 23 26 38 45 
28 8 35 47 36 28 49 13 45 30 0 1 49 21 41 31 24 18 17 19 14 15 47 2 17 23 28 11 
39 22 32 34 26 30 39 43 35 44 29 0 13 43 37 22 47 9 49 40 46 34 4 18 28 6 8 24 
30 32 6 19 25 9 18 10 42 13 47 25 0 20 33 48 47 30 40 5 26 27 44 1 43 19 33 33 
28 36 5 5 28 19 6 9 12 29 25 4 4 0 26 28 30 34 13 24 21 14 36 8 38 38 2 32 
48 37 32 14 1 42 27 40 25 38 8 20 7 14 0 25 37 18 5 36 1 1 50 14 17 30 45 13 
19 43 28 17 17 26 37 9 22 30 16 25 13 28 36 0 3 43 27 44 18 8 40 49 41 33 3 1 
31 48 24 16 34 6 30 8 48 48 21 42 44 20 6 3 0 7 3 31 24 24 16 48 21 40 37 28 
5 30 44 38 34 15 25 6 12 48 15 32 20 34 20 38 6 0 22 36 1 48 2 37 43 39 3 30 
28 16 50 4 26 48 29 25 28 5 10 38 27 19 14 44 6 42 0 21 11 40 5 28 43 49 5 37 
31 3 44 1 50 31 36 48 41 12 44 40 35 42 9 42 34 46 35 0 9 32 34 8 31 1 18 43 
40 24 38 8 6 21 11 48 22 35 4 11 7 42 21 24 33 12 3 37 0 20 32 13 45 48 14 47 
5 47 46 13 1 32 39 46 25 4 5 39 19 24 44 38 8 30 35 28 17 0 12 11 26 19 48 31 
24 9 11 44 11 42 25 7 2 27 22 4 29 18 46 47 21 29 24 35 14 26 0 45 6 15 13 37 
30 44 37 20 45 3 2 16 38 14 10 45 48 44 18 43 11 37 27 6 10 22 15 0 40 48 46 13 
18 48 14 6 29 48 6 46 13 15 7 28 1 28 3 8 34 11 35 27 42 47 33 34 0 20 39 7 
27 8 29 47 23 49 41 35 18 24 8 32 47 42 48 5 29 4 9 26 29 8 14 32 30 0 14 19 
22 21 15 31 37 40 42 29 38 35 18 35 29 11 44 35 34 26 29 38 35 44 42 5 30 11 0 13 
28 19 45 48 18 9 31 19 14 4 44 22 42 5 13 10 21 11 20 31 16 36 23 30 7 2 26 0 
35 0 28 30 10 2 27 28 14 11 44 37 1 26 48 42 30 32 41 4 38 33 22 34 22 44 11 30 
48 43 0 46 15 41 16 34 47 41 35 44 43 46 15 42 3 17 34 11 44 33 24 6 42 39 4 15 
43 13 44 0 9 17 41 47 31 22 15 29 47 35 43 2 2 46 39 49 8 23 42 19 18 38 34 17 
47 24 37 5 0 27 38 2 41 34 47 27 28 2 50 35 20 39 38 38 26 2 31 23 11 4 41 46 
42 1 44 27 21 0 33 24 50 7 36 11 3 10 33 2 19 5 20 12 48 9 39 23 31 31 1 8 
16 16 2 26 2 36 0 43 11 40 40 21 6 45 28 50 28 35 29 35 28 44 50 13 18 42 43 44 
37 3 29 14 46 21 25 0 9 34 6 10 9 17 17 22 13 29 35 14 17 20 10 12 38 3 46 23 
15 17 4 35 34 10 43 7 0 9 11 27 25 36 20 20 16 23 25 20 19 12 22 38 34 33 29 26 
24 27 41 41 11 1 48 11 42 0 31 21 26 50 25 11 14 2 3 11 29 47 1 44 40 14 34 28 
12 43 30 20 2 6 34 20 30 18 0 21 16 24 38 10 28 36 2 49 20 45 1 9 36 32 23 50 
29 23 34 2 28 28 24 37 18 13 12 0 20 20 16 5 32 46 32 37 37 41 38 24 9 39 15 14 
34 11 35 44 39 30 7 6 47 47 16 43 0 38 1 2 42 15 24 32 29 4 40 20 13 5 45 36 
10 41 50 25 14 13 15 41 26 34 20 24 40 0 14 11 9 36 31 39 50 37 40 47 10 35 7 37 
10 44 42 23 39 44 44 47 15 48 22 2 31 24 0 10 26 9 45 1 43 15 43 32 34 33 17 46 
50 20 45 41 40 8 27 5 47 35 11 32 30 47 18 0 47 11 14 29 8 26 27 15 39 15 35 14 
22 17 13 8 41 22 48 44 27 20 8 33 45 5 19 13 0 42 48 14 22 46 48 47 21 21 4 10 
20 24 6 7 27 6 44 5 38 35 27 21 10 32 3 41 27 0 4 31 34 4 7 14 23 41 1 13 
19 24 21 43 38 37 13 29 21 21 14 32 28 1 50 31 29 15 0 27 5 40 44 7 20 18 40 20 
6 14 10 34 16 26 43 26 31 18 43 39 35 47 4 32 20 14 23 0 4 34 5 26 36 9 14 47 
24 26 18 1 26 48 17 7 15 12 38 48 6 36 25 19 14 37 26 43 0 8 37 12 38 6 45 37 
37 2 38 24 25 2 30 20 1 14 17 18 42 18 40 39 21 32 17 17 18 0 9 36 13 49 33 21 
39 38 14 30 46 31 12 31 6 28 38 13 46 27 16 25 5 47 20 35 26 18 0 48 42 6 40 29 
19 29 17 25 25 43 31 41 33 37 35 22 37 30 38 35 11 33 20 21 41 3 34 0 31 16 30 48 
46 22 40 23 25 7 3 43 2 40 3 13 21 15 36 34 38 21 26 33 5 38 33 37 0 9 37 19 
38 17 45 36 9 46 46 36 20 43 15 10 15 35 38 36 46 8 20 50 7 6 19 47 10 0 41 48 
43 8 39 4 14 39 38 15 27 8 4 45 18 25 30 17 41 24 12 11 48 18 3 38 29 40 0 38 
13 33 48 48 26 19 48 3 28 31 40 1 22 28 20 12 28 42 14 3 25 27 40 28 23 49 30 0 
50 0 25 6 2 25 25 2 26 33 29 10 28 26 21 22 3 36 2 23 41 34 29 7 25 46 15 37 
13 36 0 44 20 25 28 40 48 29 22 30 15 27 20 2 38 33 18 14 39 32 3 25 4 27 1 9 
46 22 19 0 32 6 11 38 39 41 40 9 35 1 37 23 44 31 6 37 46 21 33 41 24 7 32 26 
5 11 11 40 0 44 25 19 44 26 10 41 25 5 39 32 11 48 25 33 14 3 10 9 45 49 41 5 
39 14 31 45 25 0 24 35 33 28 31 1 16 11 33 43 47 35 41 32 33 7 39 22 44 50 25 19 
24 46 3 17 42 4 0 20 31 30 45 15 17 1 21 7 5 31 48 10 22 32 10 13 24 4 17 9 
48 50 42 38 46 1 6 0 11 37 26 15 9 13 42 2 13 2 20 25 32 12 1 35 42 47 41 3 
38 14 33 29 13 25 46 22 0 31 39 8 19 17 45 10 20 30 16 39 47 31 30 47 11 5 30 35 
47 48 16 50 42 6 48 19 47 0 4 47 3 35 18 20 22 25 45 1 9 38 3 32 6 26 8 44 
22 8 18 23 25 33 41 49 25 15 0 39 17 13 19 26 13 16 33 14 5 30 11 9 23 17 4 22 
48 44 17 11 24 34 13 27 12 30 32 0 22 20 44 19 46 7 36 28 38 40 12 40 16 23 13 4 
14 11 50 45 6 22 11 43 5 8 5 16 0 34 1 42 15 33 34 11 45 11 11 16 2 38 40 16 
33 36 5 1 38 12 30 49 16 12 36 27 1 0 10 2 14 38 3 21 45 38 48 48 7 32 12 19 
44 3 46 48 8 17 6 29 7 1 8 17 4 4 0 2 27 3 48 8 10 35 10 48 28 50 18 45 
28 35 39 48 19 26 44 37 46 21 14 28 10 45 32 0 45 14 31 36 17 42 36 22 45 10 25 2 
34 34 6 19 49 41 22 29 45 19 4 39 41 11 17 7 0 7 39 20 48 16 4 15 35 47 15 2 
4 42 13 44 39 45 25 10 3 41 2 16 38 39 17 38 26 0 10 43 45 6 25 30 16 7 40 28 
37 31 20 22 22 35 40 19 37 32 25 15 45 17 2 14 16 5 0 24 32 10 49 17 39 25 5 20 
46 29 13 47 38 49 17 38 30 34 19 30 32 49 20 31 6 2 46 0 48 28 5 11 14 11 34 8 
18 39 15 31 48 18 15 44 40 25 35 38 17 28 30 22 31 48 26 42 0 34 40 18 11 38 30 7 
42 42 19 49 37 5 42 50 49 16 4 22 12 17 6 31 7 21 15 30 20 0 49 33 31 17 36 42 
25 28 21 4 43 19 11 24 3 22 26 49 33 25 29 31 7 27 26 14 26 29 0 10 12 41 24 50 
38 43 9 38 32 1 14 17 22 29 13 11 4 2 43 4 9 31 22 32 5 42 19 0 27 4 41 23 
16 46 19 10 13 20 19 24 31 44 34 45 49 19 8 8 2 45 17 23 12 34 26 2 0 31 20 42 
46 46 25 33 34 41 28 49 21 4 19 50 42 36 28 12 10 25 37 23 13 47 35 17 32 0 38 19 
12 33 21 17 30 44 28 23 28 7 11 1 4 22 21 37 4 34 45 25 38 34 22 16 27 45 0 47 
29 50 12 8 2 47 23 17 17 1 37 40 7 14 13 1 6 50 25 33 2 43 10 31 34 37 13 0 
32 0 28 11 6 41 36 48 49 23 16 50 10 4 32 5 5 37 18 44 39 11 25 34 16 16 3 12 
45 37 0 41 32 25 15 34 42 40 6 45 46 5 9 16 41 35 7 41 21 2 48 38 23 13 40 48 
2 7 44 0 46 40 39 24 4 12 33 35 26 45 21 41 16 50 43 22 40 31 46 35 50 10 26 32 
10 48 50 19 0 20 35 17 32 35 46 11 5 8 31 6 4 9 50 31 46 1 12 32 39 31 41 50 
18 7 23 45 36 0 14 7 15 7 13 14 16 41 28 39 6 20 39 38 14 9 25 42 27 50 29 31 
32 49 16 11 39 29 0 35 50 26 13 2 26 42 2 17 50 42 45 35 41 18 12 7 13 50 43 27 
42 43 15 46 46 7 34 0 26 16 42 2 26 37 6 29 14 43 19 14 47 13 43 26 1 33 15 39 
13 20 43 3 12 46 2 44 0 7 12 17 7 19 8 27 1 9 40 19 48 35 39 49 14 45 36 47 
14 50 17 14 14 31 18 21 6 0 24 39 41 31 36 13 22 2 27 12 46 39 37 42 18 11 14 17 
5 25 22 29 9 26 49 38 45 41 0 48 3 26 2 38 21 28 20 50 38 13 23 18 47 38 33 41 
9 28 9 50 3 1 14 14 47 34 45 0 30 16 33 48 19 32 4 24 37 45 2 16 15 48 12 27 
5 32 8 25 42 27 35 41 11 37 41 45 0 3 13 38 41 38 33 40 34 6 15 4 36 43 14 47 
47 7 12 44 2 42 25 9 32 40 9 4 4 0 32 43 38 33 41 9 21 24 7 11 29 32 8 28 
21 40 28 22 32 29 30 38 34 49 43 40 4 29 0 4 6 1 29 29 37 3 14 28 22 45 34 43 
23 41 47 34 12 45 14 4 19 5 18 28 25 24 45 0 10 39 40 2 6 43 21 2 10 1 3 22 
26 8 13 7 28 48 36 8 47 38 16 31 45 40 26 35 0 2 34 2 5 13 9 5 39 32 43 29 
1 2 39 37 33 9 23 39 46 7 49 41 30 40 17 48 22 0 23 10 7 16 18 37 1 27 49 49 
10 18 4 24 25 35 20 36 6 9 2 33 22 23 2 30 29 4 0 43 23 15 46 11 33 17 23 36 
14 34 16 39 10 34 11 14 22 43 33 24 7 10 4 11 40 21 41 0 39 35 15 38 9 47 35 27 
35 14 7 22 8 3 49 7 3 41 20 42 49 12 9 31 38 46 30 37 0 13 11 36 22 12 26 34 
2 49 46 8 43 25 8 26 50 15 21 26 22 8 4 2 21 20 30 42 28 0 26 34 50 13 18 49 
15 24 29 36 11 32 19 48 8 7 33 28 17 42 36 9 16 17 20 8 29 9 0 9 16 2 33 35 
7 26 16 47 45 25 27 43 3 22 30 11 44 3 10 47 46 38 43 13 50 42 18 0 19 33 44 10 
20 7 15 13 34 29 48 13 23 43 11 38 3 41 50 34 38 37 7 26 5 20 12 14 0 28 9 21 
35 15 8 47 14 2 15 8 36 38 9 47 33 47 41 38 5 36 50 41 22 1 9 31 32 0 27 18 
6 1 45 2 36 25 8 13 49 15 46 48 37 38 33 14 46 29 41 25 30 15 32 8 28 29 0 19 
49 35 6 28 15 37 35 10 8 42 37 24 22 25 35 42 23 9 39 14 3 40 38 14 3 42 3 0 
39 0 41 19 37 24 8 6 10 29 44 37 31 11 2 28 26 22 9 5 19 50 46 23 10 49 40 15 
17 9 0 47 42 26 24 35 47 20 39 5 14 17 16 15 6 49 36 29 28 12 25 14 16 6 48 24 
3 43 18 0 10 38 35 43 40 1 32 3 11 8 27 6 9 37 17 46 38 3 35 40 25 24 21 12 
3 43 46 32 0 37 28 50 32 4 2 30 18 30 25 27 15 24 47 25 21 2 7 16 28 49 10 11 
21 18 4 43 36 0 18 23 40 48 6 1 16 34 8 46 3 8 7 50 17 14 27 21 16 29 49 50 
11 47 27 18 33 27 0 18 30 14 1 9 45 1 7 35 30 9 24 31 42 14 7 5 9 21 50 43 
48 45 48 38 15 37 18 0 13 44 21 39 18 39 16 29 32 3 49 13 50 10 29 47 13 43 49 7 
37 5 43 18 47 34 34 20 0 36 17 13 45 8 33 45 41 10 21 7 42 26 36 25 2 11 9 50 
33 19 48 36 46 16 30 32 8 0 1 3 42 34 5 47 44 16 40 4 6 17 16 38 38 42 36 8 
32 1 30 41 8 39 35 1 1 38 0 31 17 29 28 2 37 40 7 30 23 37 30 43 9 13 7 3 
33 18 32 11 44 10 9 49 31 29 11 0 45 3 50 4 46 6 35 23 25 29 16 29 48 31 13 13 
21 2 9 22 29 2 36 2 34 20 27 38 0 8 21 29 21 9 30 12 27 24 33 35 37 24 40 32 
25 18 40 34 30 31 48 38 48 23 7 33 44 0 18 49 21 26 30 48 16 5 50 46 20 19 20 37 
39 38 18 23 48 39 21 11 34 45 37 47 8 10 0 33 31 49 2 48 19 10 26 13 9 7 27 24 
27 26 23 20 16 11 45 9 1 31 1 10 44 23 7 0 15 27 40 33 41 6 23 19 48 18 21 1 
27 14 26 9 16 21 15 44 36 12 26 21 36 13 2 33 0 1 48 43 5 47 3 12 36 19 25 37 
18 5 7 26 2 45 11 18 46 25 22 36 39 29 29 21 3 0 2 19 47 28 5 40 19 50 26 17 
5 25 3 40 41 42 35 47 40 30 37 24 27 26 46 7 9 30 0 13 4 26 18 33 9 35 50 28 
10 14 15 38 26 26 29 6 44 43 35 31 45 5 32 40 42 17 28 0 43 22 33 49 32 40 38 22 
41 37 43 44 6 41 14 26 34 26 42 11 49 49 20 2 14 25 49 19 0 50 45 29 41 42 8 8 
6 27 15 33 49 39 5 38 20 2 49 29 40 31 30 48 14 50 7 30 45 0 2 31 36 8 42 19 
23 46 9 2 3 48 34 9 49 19 43 44 22 45 11 1 1 15 46 9 38 21 0 47 15 42 36 29 
13 5 47 30 26 8 20 32 42 11 50 47 32 7 23 31 29 22 7 35 35 34 2 0 30 21 13 33 
31 3 50 45 11 17 20 21 4 2 40 18 36 2 13 19 41 1 19 14 3 16 40 19 0 43 35 1 
44 30 4 17 10 13 25 40 30 43 17 40 30 13 36 19 29 40 5 21 33 23 16 11 29 0 3 49 
31 16 13 32 2 26 16 26 42 1 36 31 5 12 13 33 27 25 12 39 2 17 48 11 29 39 0 15 
19 22 15 43 39 7 14 44 24 18 12 15 15 14 37 44 18 44 10 50 10 20 41 40 37 18 15 0 
48 0 14 18 3 3 13 12 48 5 28 9 47 24 42 18 39 16 15 10 48 25 15 24 30 17 20 40 
5 49 0 32 25 6 22 43 17 30 7 15 9 3 3 16 33 17 10 47 36 9 42 32 25 25 28 20 
40 33 41 0 39 36 34 24 7 50 24 3 3 26 32 25 38 33 1 6 7 45 9 33 8 21 20 35 
31 14 18 7 0 1 29 2 4 34 39 19 30 26 30 47 17 10 14 7 22 4 34 4 49 25 19 21 
26 31 1 34 18 0 16 50 43 43 32 17 3 25 25 29 41 49 15 21 31 28 49 43 24 44 15 49 
31 47 10 19 33 32 0 8 27 23 34 6 1 14 27 37 4 35 43 11 32 47 26 44 5 34 4 39 
43 27 38 28 40 3 18 0 19 46 34 14 35 21 18 49 6 8 44 14 8 4 42 46 8 31 34 34 
2 5 4 6 35 30 44 15 0 50 35 7 16 48 47 8 42 21 22 8 41 14 49 20 36 11 21 47 
35 2 32 31 47 7 20 16 14 0 42 28 29 6 28 3 49 21 1 29 17 11 47 50 26 36 24 43 
20 4 36 19 45 15 33 10 14 19 0 5 11 9 29 32 44 50 43 44 3 13 12 50 50 35 33 4 
36 39 2 7 45 23 14 1 12 29 24 0 34 14 23 19 39 31 17 41 20 39 30 3 1 33 43 22 
31 8 5 36 34 12 11 48 21 13 12 10 0 38 45 28 20 16 27 9 31 30 45 23 19 34 45 13 
16 7 37 2 24 3 2 34 43 8 43 40 22 0 3 26 48 27 19 7 4 26 11 10 37 24 24 13 
43 36 35 36 3 40 50 46 41 35 11 39 7 36 0 12 35 12 23 37 38 28 4 48 47 1 27 41 
38 6 48 50 28 50 41 10 49 9 23 41 1 22 8 0 36 13 16 31 1 18 14 26 48 15 38 37 
35 39 38 39 36 27 49 13 41 44 36 34 39 16 27 13 0 27 40 33 37 16 21 19 35 31 20 27 
23 24 30 50 35 41 13 7 21 11 20 37 14 2 10 17 42 0 28 33 42 35 42 2 50 8 33 1 
22 14 21 3 8 16 1 27 39 11 45 1 43 26 10 6 2 7 0 3 19 35 6 4 27 8 49 29 
42 31 22 31 42 3 40 42 43 1 8 13 22 14 26 21 6 48 27 0 40 16 25 37 50 43 5 14 
17 16 11 45 46 10 38 9 46 17 31 3 48 4 35 17 5 44 45 32 0 6 10 35 48 29 31 9 
13 17 45 23 38 37 40 24 26 33 7 13 3 35 5 30 4 26 46 30 37 0 32 9 32 6 48 24 
9 7 32 13 17 15 1 26 42 2 45 43 16 9 30 9 35 49 32 42 48 1 0 30 32 23 33 2 
22 31 9 13 17 40 14 32 17 45 21 41 48 3 10 14 29 10 33 30 22 7 24 0 24 34 25 7 
26 9 28 50 40 34 14 30 45 34 39 28 3 3 27 14 14 14 9 34 40 39 38 2 0 22 41 4 
30 15 8 35 30 43 34 38 24 40 45 31 7 34 24 15 30 40 32 30 28 45 44 10 10 0 26 41 
18 38 21 27 29 50 31 34 15 37 49 10 35 20 16 4 25 20 33 2 1 17 24 8 12 40 0 12 
26 36 22 49 25 4 3 17 50 3 13 17 32 27 50 9 28 32 31 48 10 13 41 20 41 27 24 0 
41 0 1 14 14 15 39 38 5 49 43 39 24 6 33 4 16 2 12 3 2 25 1 8 46 26 32 43 
2 14 0 45 2 8 49 30 13 16 36 39 49 29 44 23 2 16 39 9 25 15 7 47 39 9 38 26 
50 41 43 0 19 39 34 46 37 41 4 42 31 26 26 20 38 30 14 13 25 8 3 49 42 7 17 7 
29 45 17 7 0 44 21 23 31 23 23 18 1 15 33 8 32 48 25 9 34 49 46 20 18 26 46 13 
19 48 42 2 12 0 22 27 18 43 24 48 48 11 4 46 48 15 12 14 49 43 1 21 2 17 49 34 
9 34 26 50 31 49 0 8 4 34 32 22 7 29 38 16 15 8 1 28 48 31 4 48 6 7 13 48 
21 19 27 40 35 13 38 0 19 35 18 25 17 50 3 50 13 17 43 5 35 11 27 36 13 2 40 2 
4 5 36 20 44 19 1 37 0 35 7 42 37 45 41 20 32 48 34 34 28 45 31 41 31 13 2 28 
37 45 34 15 39 46 11 35 14 0 49 48 31 49 49 16 15 7 26 6 10 44 41 46 38 29 18 13 
7 24 14 5 8 42 41 14 43 2 0 42 3 42 34 7 6 33 1 3 35 29 29 16 35 6 7 42 
35 47 49 47 36 21 34 5 12 1 44 0 40 39 9 35 24 14 15 24 15 27 37 36 14 37 26 34 
34 28 8 29 50 2 1 6 18 45 5 7 0 32 9 30 46 6 39 11 14 27 44 6 2 21 33 43 
16 48 11 36 10 10 38 50 27 4 22 45 39 0 39 3 18 29 9 9 42 6 48 42 31 25 27 12 
8 40 22 6 9 18 9 36 8 8 10 46 47 45 0 10 3 42 35 45 23 26 24 27 27 43 13 41 
38 19 7 31 11 34 48 31 11 5 48 13 28 30 4 0 45 10 20 14 12 48 47 45 50 47 31 4 
37 34 13 46 13 47 27 22 18 2 28 49 13 50 15 49 0 48 44 22 17 43 23 30 17 8 30 1 
44 41 24 8 34 30 30 12 47 48 10 35 17 2 9 36 44 0 33 21 2 13 34 48 48 6 25 14 
12 14 4 46 38 34 46 33 31 44 44 44 20 33 38 18 1 38 0 10 6 16 34 37 37 35 37 29 
39 11 44 27 3 10 16 18 48 43 2 22 2 21 19 28 42 50 40 0 2 19 25 16 47 10 47 20 
49 28 27 18 12 2 6 8 23 38 18 42 34 4 16 41 25 50 16 8 0 35 48 6 45 37 45 36 
11 14 45 47 17 6 40 18 40 21 26 41 21 47 14 47 41 25 8 6 49 0 3 35 42 48 44 39 
36 2 22 32 31 17 17 45 44 28 41 1 37 44 36 26 20 50 9 46 12 21 0 1 16 21 30 39 
37 8 30 3 50 24 18 5 17 18 39 45 24 5 2 21 19 1 24 22 12 13 28 0 16 43 39 49 
28 15 1 7 12 2 29 30 38 15 26 42 28 19 40 20 8 31 5 36 41 11 1 33 0 16 48 9 
27 25 31 15 10 11 26 41 41 17 12 28 44 46 26 14 6 43 9 47 3 23 44 20 35 0 39 4 
8 17 15 18 42 15 43 2 6 8 1 16 32 2 29 50 4 47 4 12 40 16 47 45 40 7 0 1 
6 5 32 11 30 22 7 18 24 26 49 21 14 1 45 21 7 6 28 28 46 24 24 40 23 31 28 0 
15 0 43 21 21 28 35 14 38 47 25 47 21 44 25 34 6 24 5 27 41 11 46 46 41 39 13 30 
6 32 0 31 42 39 50 45 43 26 3 6 21 36 50 13 48 46 10 36 34 4 12 19 50 36 46 41 
17 19 47 0 31 32 16 6 9 6 16 33 9 21 50 33 9 3 19 35 42 41 48 49 50 31 4 29 
26 45 14 32 0 7 43 9 29 24 29 23 24 6 31 42 8 32 14 2 15 35 21 4 16 32 1 5 
50 19 21 48 1 0 29 37 30 14 43 35 27 16 13 22 9 30 31 45 29 11 49 41 18 37 30 39 
44 6 42 48 1 6 0 38 9 10 4 32 22 45 19 1 28 15 47 37 36 3 14 12 24 36 37 23 
44 1 29 3 12 22 41 0 44 25 23 46 35 22 29 4 12 6 49 9 1 11 10 22 27 21 1 44 
37 31 44 18 12 14 33 45 0 9 32 1 21 1 5 26 27 6 19 13 15 8 50 3 7 26 27 37 
13 34 30 3 33 12 28 4 13 0 31 5 34 21 39 34 46 31 5 29 8 46 35 34 17 8 9 36 
37 37 29 37 43 36 28 21 11 29 0 30 19 9 24 1 13 46 1 36 42 27 24 5 22 2 47 19 
41 28 1 14 45 24 26 42 17 35 45 0 13 49 43 18 24 17 1 37 20 35 45 23 38 17 23 18 
10 13 33 7 35 46 17 38 44 10 16 35 0 45 33 32 34 28 2 38 37 49 9 50 38 21 16 28 
34 46 5 14 48 23 7 17 29 35 29 10 17 0 33 6 25 15 2 17 43 37 3 11 46 36 29 36 
19 1 14 45 36 20 19 33 42 40 46 18 12 39 0 17 4 50 50 43 22 5 44 35 35 37 5 24 
41 31 36 10 29 20 38 39 16 15 40 43 40 49 50 0 15 35 20 34 5 5 21 50 12 47 44 7 
31 25 17 29 9 32 47 28 2 7 31 18 49 25 50 1 0 39 11 7 3 24 6 30 50 16 3 50 
19 21 32 25 14 35 13 7 14 50 37 31 12 43 21 48 9 0 5 2 36 31 5 21 11 1 40 41 
34 26 46 18 13 7 32 28 7 21 32 18 33 37 18 36 2 3 0 30 45 11 3 8 22 45 15 18 
19 15 1 21 24 24 45 29 31 19 32 24 25 30 15 14 28 27 38 0 19 49 13 19 19 9 22 46 
31 32 18 24 23 49 39 13 14 7 50 9 44 38 8 37 18 20 29 6 0 15 46 39 31 46 8 46 
19 7 46 32 13 2 28 15 48 13 45 9 26 36 17 2 8 28 18 44 32 0 42 26 2 50 30 17 
31 35 43 38 29 16 4 21 7 18 26 37 7 17 24 10 24 23 11 4 20 48 0 44 32 3 28 14 
15 28 31 45 33 33 36 48 30 5 26 17 44 23 15 11 35 33 42 12 28 8 32 0 2 30 39 27 
47 33 42 12 35 1 3 39 44 27 23 44 5 21 19 44 5 49 6 18 31 5 38 10 0 49 12 17 
37 7 46 29 16 44 7 40 15 39 44 41 16 41 34 22 34 12 40 38 41 9 15 28 4 0 24 22 
46 42 46 32 13 24 35 16 33 49 49 8 50 48 32 5 6 12 8 41 27 48 34 5 48 10 0 25 
26 28 43 19 25 43 23 11 48 20 7 31 18 31 26 2 24 35 4 40 40 9 4 10 16 46 33 0 
45 0 49 8 42 34 3 50 9 39 40 31 25 16 28 38 35 36 49 32 41 10 2 46 11 20 45 21 
36 18 0 24 34 3 29 10 29 13 40 29 23 28 18 22 37 12 43 11 39 13 2 25 19 11 35 6 
24 43 3 0 48 22 40 33 15 42 15 7 28 46 6 50 26 45 8 26 4 23 38 15 35 18 9 6 
9 34 44 6 0 23 19 24 37 36 10 43 7 33 46 4 31 23 6 16 16 33 13 27 30 11 35 32 
33 36 28 19 31 0 13 35 25 32 49 9 34 10 22 20 15 16 3 1 44 9 19 8 43 29 3 44 
23 46 7 14 45 39 0 37 42 2 8 42 13 44 49 22 23 32 14 22 6 44 14 49 12 28 10 42 
24 14 28 36 40 28 20 0 12 29 25 36 15 46 23 31 19 7 25 41 7 46 37 47 26 29 7 47 
50 10 47 45 36 35 47 14 0 28 24 23 2 35 25 37 43 48 47 50 27 34 14 45 43 38 37 3 
47 37 18 2 7 34 32 20 3 0 32 31 50 30 49 9 3 45 35 23 7 33 9 44 49 30 30 31 
13 36 15 5 8 50 32 50 28 11 0 22 16 19 3 5 34 12 18 48 21 28 25 11 50 8 15 31 
21 38 43 20 23 28 3 19 35 38 27 0 23 1 48 50 32 43 23 19 5 4 28 26 33 31 33 10 
3 39 25 15 47 43 19 12 13 35 42 50 0 39 16 35 21 47 35 45 48 23 29 44 19 28 40 11 
28 44 13 10 39 41 18 50 31 10 23 31 31 0 32 37 37 47 2 24 31 39 20 7 29 49 37 36 
37 25 46 7 38 8 33 42 18 50 26 3 10 21 0 16 5 12 24 5 15 16 37 42 47 17 4 10 
22 8 38 34 11 2 6 32 26 35 3 35 23 48 41 0 19 38 21 49 14 10 23 16 45 6 45 22 
20 1 33 49 41 35 49 11 34 31 16 15 2 5 40 41 0 20 10 39 32 18 26 18 5 26 18 41 
1 50 43 43 29 17 31 36 32 43 37 12 1 24 37 7 39 0 22 7 48 10 20 33 46 36 17 13 
5 45 33 29 23 23 44 49 12 41 39 38 49 21 20 9 48 33 0 48 38 8 31 20 30 34 20 21 
31 31 17 47 7 12 4 26 42 49 15 14 40 7 26 26 16 50 34 0 9 27 41 11 35 13 39 29 
6 25 26 4 45 4 3 14 18 45 45 32 26 45 45 28 11 34 20 8 0 32 33 5 4 30 50 11 
44 41 20 32 34 19 34 49 2 16 45 20 10 37 44 8 31 22 19 8 15 0 32 13 1 2 44 31 
48 23 20 22 25 46 43 10 23 49 13 11 14 43 47 44 12 16 14 10 21 38 0 26 25 33 11 43 
47 12 28 20 31 41 39 36 26 33 45 21 25 18 28 21 10 18 12 6 15 18 39 0 1 35 39 35 
10 10 48 46 40 14 4 47 48 46 29 33 20 25 8 21 12 18 46 40 43 44 18 17 0 7 21 6 
28 29 24 28 36 42 7 30 26 29 37 5 7 22 21 31 26 31 35 42 31 8 48 27 33 0 39 50 
42 17 43 32 39 19 8 26 18 25 18 44 42 14 46 32 42 25 13 40 18 22 13 42 36 22 0 30 
26 20 31 47 45 47 43 15 13 33 48 48 37 49 46 3 7 8 38 44 29 35 26 7 3 21 50 0 
32 0 21 4 1 46 18 40 33 6 37 28 24 47 49 50 34 50 45 27 27 41 23 19 7 35 49 29 
2 42 0 45 25 45 25 48 11 45 10 32 2 31 47 17 40 17 29 35 41 46 29 2 27 13 26 44 
9 10 2 0 47 17 48 39 39 41 12 13 34 49 50 38 6 24 18 43 47 30 24 33 3 29 50 8 
34 23 41 18 0 13 20 31 39 2 43 13 16 5 42 9 27 29 4 45 36 42 8 24 28 10 20 29 
14 36 28 49 19 0 18 41 6 16 1 44 50 15 19 11 37 13 11 3 39 5 22 48 5 49 34 15 
16 26 50 13 9 43 0 41 18 4 25 44 45 48 14 37 43 26 35 4 31 18 32 22 11 18 8 32 
25 42 38 23 1 35 3 0 26 31 17 39 36 7 25 1 8 12 20 17 5 25 19 29 22 21 46 4 
47 35 5 39 46 2 12 16 0 26 16 2 44 11 46 39 6 26 38 50 48 7 17 25 10 42 1 4 
7 7 14 17 3 5 31 6 42 0 27 29 43 35 46 9 26 42 11 27 6 9 37 13 3 35 21 48 
48 30 11 45 48 45 48 5 10 13 0 50 50 39 30 40 48 30 48 45 16 2 48 42 33 50 15 46 
45 21 44 11 33 32 8 33 27 32 32 0 31 49 37 41 49 13 43 11 38 26 20 40 34 6 40 6 
47 50 39 28 45 33 50 4 35 16 3 18 0 18 32 47 14 17 48 17 47 29 12 49 30 40 39 28 
20 25 32 11 5 44 26 12 34 38 4 38 49 0 49 33 7 34 11 26 44 7 30 7 23 37 39 43 
27 35 1 10 39 7 6 31 30 3 6 48 25 42 0 21 14 26 13 11 19 48 47 6 16 19 15 46 
21 41 18 9 25 16 1 49 27 33 29 16 31 44 19 0 4 4 28 13 2 2 37 16 32 10 26 21 
45 31 30 35 41 24 11 35 41 12 45 32 32 24 44 44 0 32 47 48 30 26 30 44 2 39 7 13 
44 35 26 37 49 49 46 7 19 47 48 39 42 21 9 29 43 0 10 46 31 29 9 43 34 35 12 47 
46 15 38 29 47 34 12 17 50 16 25 46 34 37 17 26 48 35 0 8 7 10 17 1 1 43 43 26 
35 36 43 42 3 37 2 1 42 31 19 1 5 30 4 9 14 18 14 0 13 45 12 34 46 50 27 5 
38 29 14 37 36 5 9 27 32 8 24 23 9 32 37 26 45 29 34 3 0 27 7 8 38 33 29 30 
32 24 3 48 43 26 32 15 22 28 45 33 47 47 4 22 2 41 46 5 32 0 8 36 39 17 16 24 
29 31 22 27 4 8 25 27 3 29 10 31 47 27 18 16 48 1 46 38 7 24 0 35 7 48 38 24 
49 24 38 14 32 28 2 4 34 1 1 41 26 23 20 1 44 42 10 49 29 14 43 0 39 39 21 29 
18 5 47 15 30 17 34 26 4 15 15 29 4 46 24 34 15 47 10 21 15 37 23 41 0 15 39 39 
46 35 31 50 26 11 50 34 50 38 36 22 25 42 47 17 37 29 13 6 4 5 31 28 42 0 30 50 
14 32 33 6 50 41 28 39 41 23 16 40 19 5 12 25 47 30 26 35 29 19 21 37 13 3 0 33 
36 41 5 4 9 46 11 37 3 17 32 36 31 47 4 7 45 21 40 45 2 42 31 35 49 17 45 0 
22 0 46 11 47 44 48 9 43 48 37 20 7 44 8 19 10 8 15 44 45 39 25 12 26 16 23 9 
32 45 0 10 20 6 43 2 40 42 42 21 38 39 23 4 7 20 26 15 46 38 33 33 24 20 5 22 
6 47 34 0 36 31 21 40 27 49 38 17 14 15 43 18 28 18 38 27 6 22 35 19 42 1 2 28 
22 49 12 37 0 1 2 21 46 44 8 7 40 18 49 46 6 19 4 12 50 3 20 6 15 36 43 49 
50 22 28 42 35 0 30 43 19 29 37 2 16 13 44 48 25 20 11 48 10 8 27 30 50 39 40 2 
26 2 44 47 1 8 0 3 21 24 16 17 23 10 25 31 18 19 18 38 49 7 6 46 37 5 39 33 
41 24 43 29 4 45 29 0 18 17 35 40 1 9 10 23 24 9 4 39 39 36 27 9 11 33 1 41 
46 21 6 8 43 13 25 13 0 48 32 38 13 28 32 7 14 33 29 17 30 40 34 32 38 33 17 1 
48 14 16 33 47 3 5 33 48 0 11 28 48 39 34 48 26 43 22 41 11 7 29 14 26 32 16 21 
2 12 39 19 25 27 13 28 49 32 0 50 42 10 24 49 9 3 5 32 29 47 42 9 39 16 42 6 
44 19 1 40 1 32 33 3 22 9 43 0 4 21 26 6 50 44 44 31 32 37 8 21 12 21 50 37 
25 10 4 1 4 33 21 19 9 48 43 49 0 10 28 21 28 50 11 2 11 3 41 43 15 45 36 11 
19 37 49 40 20 1 45 8 43 19 9 40 21 0 1 8 47 2 2 46 21 4 17 31 21 1 20 40 
34 34 18 39 6 18 22 2 33 11 9 24 48 15 0 20 28 9 42 22 31 11 46 44 41 14 50 16 
8 3 7 29 39 50 12 12 25 26 31 3 22 50 49 0 26 37 44 28 49 6 34 39 22 29 30 39 
30 38 40 28 25 6 3 15 49 27 33 21 24 36 4 46 0 3 29 39 50 32 12 21 8 48 37 2 
10 24 15 35 50 9 12 33 24 35 48 6 48 20 35 1 50 0 5 23 5 13 3 39 36 43 41 30 
8 18 18 33 31 39 5 43 41 35 42 33 12 13 3 30 12 5 0 24 42 31 47 12 22 3 25 32 
39 8 36 30 43 9 30 4 15 7 2 18 18 43 27 44 16 8 22 0 12 43 11 24 28 31 19 49 
50 11 7 47 31 6 7 17 36 6 5 49 24 33 9 38 24 10 38 7 0 49 4 3 46 14 32 13 
40 29 35 9 49 24 10 30 44 9 11 22 12 11 27 42 39 12 9 48 30 0 34 23 50 18 44 13 
50 46 9 12 33 49 44 18 38 2 48 7 26 14 3 16 30 13 39 26 47 23 0 13 15 35 5 34 
34 6 7 35 41 5 11 11 35 35 48 29 23 19 43 39 40 41 5 34 34 28 19 0 44 38 30 19 
17 28 34 44 28 28 16 11 12 32 18 8 2 15 4 19 31 33 35 16 7 4 34 23 0 25 30 21 
50 7 38 14 47 12 37 45 33 1 42 21 1 8 9 32 8 23 34 3 20 30 9 39 11 0 3 14 
12 14 44 11 20 48 7 16 4 25 19 21 47 16 20 22 18 39 13 35 9 49 23 27 50 42 0 28 
2 21 48 50 3 45 48 25 32 40 40 23 23 44 42 5 7 39 3 37 38 50 9 42 50 49 19 0 
6 0 14 42 17 11 28 21 6 46 7 26 17 26 49 41 39 33 28 17 40 41 17 44 16 38 48 5 
40 2 0 13 6 50 4 27 42 11 40 23 30 45 3 38 47 48 31 23 27 38 47 12 27 14 33 10 
28 39 21 0 26 29 14 24 31 5 34 1 26 13 50 8 31 49 10 49 22 37 3 20 46 35 16 22 
17 44 40 36 0 43 18 44 49 3 41 15 44 16 22 23 34 14 48 6 11 27 31 17 13 17 16 11 
23 25 20 25 42 0 14 42 7 38 15 48 9 9 19 2 5 41 35 16 33 1 15 20 6 49 30 5 
45 36 28 28 20 27 0 7 22 24 34 16 23 30 24 15 35 19 17 39 48 42 26 27 26 28 1 33 
11 9 6 14 27 12 9 0 48 22 10 37 29 33 3 48 28 21 25 13 36 9 37 30 1 40 11 33 
14 20 10 2 1 19 45 46 0 13 19 21 39 12 22 27 44 26 33 39 7 46 44 48 7 1 16 15 
24 25 29 5 24 17 30 46 28 0 13 9 37 10 38 7 35 9 50 37 1 15 33 43 5 19 1 5 
38 20 22 4 1 36 4 21 22 35 0 15 48 23 32 26 50 31 18 46 29 19 39 9 40 7 15 15 
1 42 32 25 37 23 13 43 26 7 10 0 8 2 7 18 36 1 45 3 15 20 40 33 12 38 23 23 
36 49 12 33 47 36 21 4 29 40 10 28 0 25 11 39 50 44 22 10 45 23 1 4 8 46 4 1 
45 11 9 20 37 14 1 27 45 15 24 13 22 0 31 3 39 46 42 17 29 5 32 40 40 41 29 29 
50 36 45 4 37 43 36 27 43 21 20 23 14 24 0 34 45 36 20 10 38 14 20 13 8 17 29 26 
47 14 22 19 30 9 36 1 42 50 12 37 20 37 5 0 11 18 27 19 3 5 21 37 5 21 31 41 
15 31 23 38 37 9 18 39 13 22 2 40 14 29 24 43 0 45 24 33 40 1 10 10 45 32 49 26 
22 27 27 18 49 50 19 22 21 19 13 26 29 3 48 43 40 0 17 37 5 25 31 28 43 31 39 41 
41 6 21 29 6 38 34 47 13 36 4 4 41 46 8 3 25 33 0 49 4 38 3 17 21 28 46 45 
2 41 49 35 38 11 9 28 17 50 41 7 38 46 7 36 7 36 14 0 46 9 18 29 4 11 32 35 
4 38 39 1 1 11 44 32 6 15 2 17 44 33 18 42 4 34 26 12 0 9 32 18 11 35 15 50 
36 34 13 45 25 6 26 6 41 28 50 41 46 45 14 1 21 6 19 21 14 0 41 27 25 20 35 21 
26 22 21 28 16 36 12 8 49 44 20 28 12 18 27 28 14 4 44 31 18 46 0 32 47 6 17 45 
37 46 8 38 26 40 35 1 35 21 50 34 5 35 37 15 7 2 29 8 4 37 14 0 14 22 26 5 
4 31 41 24 23 50 42 26 13 42 7 45 38 27 17 43 8 14 20 40 46 31 31 25 0 45 27 9 
42 50 33 44 17 50 36 32 20 45 47 28 35 13 10 25 24 1 8 42 32 37 44 6 50 0 2 37 
9 24 1 16 29 47 42 1 26 31 48 41 45 2 46 47 49 11 37 36 27 37 6 7 25 38 0 36 
28 5 6 27 44 15 14 28 8 20 29 18 31 44 13 34 45 27 11 13 40 37 40 45 46 14 16 0 
10 0 22 18 44 42 42 11 14 46 20 4 4 26 32 25 38 28 21 44 6 42 14 4 12 31 14 26 
46 41 0 16 11 31 31 50 4 6 41 27 38 27 21 30 18 14 41 23 35 31 16 49 13 25 3 9 
24 46 19 0 7 13 28 17 15 24 31 9 24 24 27 28 20 47 1 33 17 36 13 47 40 21 8 29 
45 31 43 4 0 37 29 23 26 9 37 35 14 11 11 6 7 38 5 18 50 9 4 46 3 12 43 36 
23 12 49 29 36 0 6 49 22 34 31 27 23 45 1 2 20 33 13 38 23 7 30 6 10 36 3 9 
21 42 35 41 42 45 0 44 50 14 10 9 49 9 13 39 22 26 11 33 24 49 8 34 14 40 25 20 
29 44 6 39 44 34 47 0 29 31 50 41 35 29 2 2 38 11 25 15 29 11 19 9 31 50 3 30 
10 13 9 22 1 18 25 15 0 7 8 21 15 16 12 35 8 23 35 26 4 23 48 20 23 40 26 46 
10 11 36 26 40 41 4 37 16 0 23 28 41 17 5 37 45 31 41 10 50 18 27 11 36 46 24 50 
8 13 43 36 33 26 23 15 4 22 0 33 31 25 12 25 19 35 46 45 9 50 36 3 40 33 30 27 
29 34 1 50 30 16 42 47 25 23 38 0 46 15 45 40 34 24 48 10 36 38 43 8 26 41 2 15 
50 22 10 3 4 3 50 45 32 4 22 3 0 15 33 15 50 46 48 50 30 15 11 3 30 43 23 45 
39 37 26 25 10 29 1 43 26 16 20 35 43 0 16 1 8 30 2 45 45 3 23 43 12 29 41 22 
1 39 20 30 11 31 8 11 9 7 30 13 25 14 0 41 40 35 27 14 7 15 14 4 23 28 48 29 
43 17 44 14 46 19 7 1 4 6 37 10 4 36 5 0 43 1 1 40 21 31 13 33 8 36 16 34 
8 38 36 47 2 14 3 16 45 15 43 34 44 18 14 38 0 35 49 18 10 22 10 22 3 23 39 27 
48 30 34 36 29 31 35 50 14 18 10 35 46 2 20 11 29 0 8 17 46 3 18 26 49 10 19 6 
13 49 16 34 25 14 37 5 36 12 29 15 3 10 19 1 20 25 0 14 22 8 2 50 43 45 6 43 
25 31 5 35 26 10 26 23 1 48 35 35 21 10 48 35 49 50 43 0 14 37 34 17 6 24 46 47 
48 11 49 23 39 19 22 12 25 31 27 3 6 28 37 19 4 35 41 44 0 13 11 18 1 44 2 43 
7 41 15 50 12 31 13 28 13 2 25 47 17 50 48 24 4 23 48 38 36 0 50 16 14 21 34 3 
35 38 43 49 30 37 27 16 22 11 32 16 23 43 1 25 17 29 39 24 45 16 0 38 14 29 46 14 
7 7 26 1 29 28 28 29 41 20 4 45 10 41 34 27 13 22 7 26 46 36 26 0 50 35 33 11 
9 20 50 30 21 35 23 20 10 46 10 4 39 45 15 11 6 13 35 30 34 11 39 25 0 42 22 21 
19 22 31 27 17 46 18 20 9 41 41 34 11 37 21 25 31 4 19 19 31 31 25 21 37 0 1 3 
28 48 31 26 38 49 14 4 49 29 20 43 8 21 26 7 21 15 29 24 43 13 36 9 21 24 0 3 
41 39 47 11 40 17 44 41 22 28 16 3 35 48 33 23 47 12 12 11 48 5 25 5 6 8 27 0 
11 0 15 13 23 5 14 46 24 16 2 19 31 26 15 31 4 29 5 13 45 27 10 40 40 47 10 13 
5 36 0 14 43 5 32 41 33 26 10 5 12 40 39 24 18 21 28 32 36 47 18 2 47 50 44 14 
1 1 25 0 24 27 45 2 42 38 3 10 14 49 36 32 5 45 24 44 23 6 3 43 20 12 16 25 
17 38 35 18 0 43 12 18 40 33 2 37 29 17 39 48 37 15 12 14 33 50 15 13 7 23 6 21 
9 48 9 6 12 0 11 21 35 4 4 36 18 3 31 46 50 4 9 46 28 35 8 17 29 8 48 33 
25 2 26 28 46 37 0 41 10 43 24 46 25 18 46 4 44 33 30 45 12 2 5 16 9 49 27 29 
36 1 32 31 48 14 28 0 47 33 29 27 41 31 12 22 4 26 9 34 28 32 32 14 34 49 14 37 
31 20 37 17 30 19 8 6 0 9 11 44 48 12 40 50 21 16 7 39 14 50 31 1 40 50 15 50 
48 4 37 48 32 35 27 48 27 0 47 12 47 23 23 7 13 43 32 12 23 38 33 12 49 28 11 50 
38 1 19 47 18 15 19 11 2 22 0 14 13 13 35 43 23 24 4 10 17 41 43 18 9 8 39 43 
13 16 43 39 20 21 36 39 47 8 50 0 45 32 4 13 6 42 30 19 49 38 45 10 38 45 19 44 
9 46 33 11 40 29 23 7 46 9 34 44 0 42 28 46 47 15 25 9 28 14 29 38 27 29 39 41 
5 18 6 6 44 2 28 27 44 14 47 11 17 0 9 48 18 47 8 37 28 21 42 49 45 14 36 41 
31 31 8 7 33 1 39 19 40 40 4 40 42 15 0 2 3 33 18 14 43 19 16 12 42 19 43 12 
20 13 19 12 43 8 12 48 47 36 8 15 11 28 41 0 9 28 44 18 45 13 20 40 17 27 50 44 
22 15 20 17 38 41 39 20 7 21 29 11 33 31 17 6 0 17 25 4 4 15 29 8 34 48 2 48 
49 50 23 3 35 44 15 40 34 27 20 21 25 22 9 35 38 0 50 33 36 15 46 15 24 42 24 46 
29 44 7 36 19 37 43 40 20 34 18 44 18 18 42 34 29 47 0 5 29 32 7 45 21 35 16 16 
33 3 35 50 12 12 48 37 47 27 42 1 35 32 33 40 1 20 6 0 15 18 24 13 37 27 37 45 
15 23 49 37 2 4 21 11 37 36 35 7 33 21 32 45 8 37 47 21 0 48 49 18 45 1 29 2 
49 10 41 48 23 25 17 34 15 48 41 41 48 14 22 47 4 16 14 24 45 0 37 29 5 1 31 16 
48 16 6 5 36 23 2 23 1 46 38 13 32 16 38 18 48 17 47 50 7 26 0 3 14 29 38 5 
8 13 32 36 48 43 10 20 18 10 44 5 18 46 42 22 1 17 4 32 8 8 19 0 32 39 4 31 
9 22 13 42 27 49 18 45 10 20 10 40 20 23 47 20 8 4 12 29 5 16 5 2 0 47 25 6 
48 50 44 50 48 44 12 1 48 6 18 17 7 1 1 32 2 42 27 34 10 12 39 11 28 0 27 26 
27 44 17 11 46 2 44 21 46 17 20 13 47 9 23 49 14 41 38 6 29 4 34 3 11 21 0 41 
47 36 12 33 23 22 19 35 7 31 45 23 15 14 30 6 16 33 30 31 26 37 14 25 21 41 21 0 
48 0 24 11 15 50 25 12 48 36 34 35 48 41 28 24 16 18 20 19 23 43 49 49 19 21 32 40 
15 10 0 23 38 12 32 1 22 12 47 17 45 48 4 16 45 22 31 36 39 3 3 21 46 6 2 19 
29 49 25 0 43 45 19 35 47 38 13 47 23 16 41 7 12 20 2 25 22 19 27 5 27 38 35 44 
38 13 39 28 0 32 11 13 23 23 38 4 23 27 13 8 29 32 26 9 20 48 46 42 2 44 31 31 
1 2 44 48 6 0 10 25 48 34 50 36 15 13 3 19 35 25 17 30 49 9 11 49 24 2 29 16 
47 43 22 38 34 2 0 30 13 21 29 40 49 14 2 15 24 30 46 11 47 17 30 12 18 36 15 33 
22 40 4 21 47 27 44 0 29 6 13 12 3 14 33 40 49 6 35 18 17 47 45 38 19 28 41 33 
49 17 31 5 3 19 19 9 0 24 17 9 43 23 20 24 10 12 18 44 48 14 27 31 6 33 18 49 
37 28 3 35 44 6 44 45 12 0 25 8 10 35 45 25 17 32 47 42 45 47 23 35 26 2 34 44 
20 23 37 25 23 35 20 33 31 22 0 32 15 37 30 25 12 35 4 9 10 3 40 11 50 9 41 23 
3 14 43 27 34 10 13 25 23 26 50 0 36 25 15 13 44 46 50 33 5 16 23 12 50 23 44 25 
41 30 13 37 17 32 12 18 20 38 45 49 0 5 25 6 2 37 36 18 34 45 40 46 15 50 27 36 
8 30 3 43 5 41 36 22 45 11 39 34 5 0 13 48 44 6 1 2 28 31 11 22 25 15 5 10 
30 1 34 48 38 40 47 5 39 18 45 41 9 19 0 3 11 41 48 2 14 21 48 47 41 15 49 50 
6 47 9 28 29 1 31 7 22 11 14 2 45 8 9 0 10 27 11 11 44 9 28 50 31 28 14 41 
40 32 5 44 33 39 40 41 9 30 40 17 40 28 12 32 0 1 28 47 8 6 13 39 20 30 5 6 
41 28 47 28 50 16 11 42 26 17 17 32 14 5 18 1 30 0 37 45 21 16 47 47 50 4 32 6 
35 28 43 35 15 29 33 50 14 12 3 41 2 30 36 37 15 34 0 47 33 3 39 12 10 34 36 35 
40 45 31 48 25 19 10 26 15 34 33 3 3 31 6 4 39 28 47 0 43 41 31 11 32 17 8 49 
4 46 16 34 2 30 45 44 5 34 14 29 22 43 5 21 3 33 32 44 0 3 48 36 24 33 38 43 
44 10 34 49 32 17 20 7 31 50 1 32 23 9 38 1 21 25 49 25 50 0 37 10 8 49 35 15 
46 6 11 42 1 14 37 1 34 22 35 33 12 2 37 24 22 3 2 10 35 16 0 47 15 49 34 13 
43 8 1 27 50 47 3 25 1 20 8 50 18 36 9 4 30 37 43 38 23 14 13 0 38 5 48 26 
30 31 9 46 44 18 2 45 44 34 45 35 37 9 28 37 4 14 4 35 24 27 13 18 0 29 6 46 
40 30 45 13 22 3 22 23 45 42 25 14 32 16 42 15 20 35 3 7 29 46 28 9 25 0 1 13 
2 4 18 42 17 38 22 12 15 50 22 24 32 15 37 34 45 30 50 22 20 33 12 43 34 27 0 50 
17 45 3 36 38 21 40 20 20 27 1 9 27 11 4 27 16 49 12 21 42 43 12 33 30 25 30 0 
44 0 20 43 26 9 41 38 6 17 13 14 34 3 42 46 17 8 45 22 24 12 16 6 46 44 22 6 
9 24 0 33 20 7 14 42 47 1 27 1 43 19 39 5 38 15 3 16 9 30 47 26 5 39 9 1 
18 29 14 0 47 33 37 35 30 32 35 44 8 21 11 46 45 41 7 2 4 36 7 28 42 44 29 13 
27 12 48 28 0 31 49 13 25 18 37 31 19 6 34 9 24 3 22 46 46 49 35 2 36 49 37 6 
15 11 1 23 4 0 4 24 8 18 34 7 13 10 8 37 28 9 10 38 47 20 28 33 26 21 49 33 
15 43 11 13 30 45 0 43 48 14 18 15 28 15 33 27 41 41 47 9 37 38 12 7 44 26 11 41 
37 38 28 26 2 5 21 0 9 16 8 22 27 18 17 10 24 11 44 33 24 14 44 37 43 29 12 13 
46 4 36 17 37 19 4 7 0 10 36 42 14 23 44 24 11 34 20 20 41 20 29 38 47 1 44 38 
27 44 2 36 47 40 43 26 6 0 30 42 35 8 15 10 50 38 19 31 11 30 41 33 4 24 9 21 
43 18 16 40 17 44 32 27 14 9 0 1 45 24 31 18 18 31 43 35 13 27 11 29 1 28 20 33 
8 37 11 48 12 39 19 50 9 40 41 0 25 42 27 38 46 42 38 25 7 30 13 23 2 12 39 47 
45 33 39 16 12 47 11 25 41 3 12 39 0 7 5 31 9 28 41 18 44 37 39 15 38 14 3 14 
4 46 14 10 37 24 42 25 18 20 25 30 29 0 31 2 48 43 30 49 19 3 50 4 45 12 45 46 
11 6 18 2 2 9 34 8 30 28 44 26 16 15 0 31 13 40 4 11 40 13 35 42 22 8 16 35 
11 4 43 19 48 43 28 32 19 50 19 23 21 45 24 0 23 20 50 5 33 4 22 38 14 42 1 5 
34 27 15 47 45 37 25 23 5 37 9 46 34 38 34 12 0 13 22 31 41 45 39 12 22 23 3 33 
31 40 17 29 27 48 38 45 6 5 4 24 37 47 22 20 36 0 12 4 22 45 21 11 25 43 12 10 
10 45 15 43 24 42 5 44 34 38 9 33 49 46 44 29 7 9 0 48 45 45 24 20 26 11 20 32 
38 10 29 43 36 16 38 28 1 41 12 31 33 32 4 39 32 27 29 0 5 26 2 43 4 16 46 18 
16 37 25 39 33 4 10 17 34 5 46 24 18 12 19 44 38 45 29 16 0 13 42 35 38 49 32 16 
6 37 18 26 27 41 48 22 41 26 2 30 27 23 15 20 34 36 4 12 44 0 8 9 6 9 38 31 
5 25 3 37 40 1 39 4 31 17 30 20 34 20 40 28 18 36 16 2 43 49 0 22 1 2 46 20 
22 49 28 12 17 39 10 44 48 39 40 13 29 38 19 34 4 4 17 21 43 5 30 0 42 20 44 36 
38 7 3 2 35 45 32 18 6 3 5 14 31 24 26 42 39 29 24 37 14 25 15 19 0 48 36 25 
27 18 19 37 43 23 4 22 38 46 38 5 18 48 21 14 32 49 41 37 48 18 13 41 13 0 46 8 
23 14 43 35 5 50 20 5 50 37 17 12 41 28 2 39 47 2 24 6 40 43 11 33 20 7 0 49 
28 10 5 29 24 48 16 31 9 45 12 34 5 48 43 22 28 15 38 50 10 46 29 17 40 39 40 0 
18 0 30 4 10 15 48 1 43 46 45 9 43 15 26 47 44 44 35 19 20 9 47 22 34 19 33 8 
40 32 0 31 39 39 35 8 48 2 6 36 47 36 4 6 48 27 19 23 23 25 13 3 36 32 22 20 
32 22 8 0 20 42 33 41 12 11 16 7 20 8 8 28 46 39 9 39 33 16 3 50 46 15 46 10 
33 28 30 46 0 7 18 16 26 27 44 36 45 14 46 43 46 32 20 50 16 16 47 18 15 27 43 39 
5 30 23 13 5 0 46 24 8 35 31 21 1 2 43 32 2 3 3 15 26 38 23 8 18 27 16 31 
45 36 10 16 19 14 0 30 11 47 5 32 32 49 40 39 9 15 12 19 48 23 35 46 16 13 13 18 
2 32 23 5 36 40 16 0 30 22 25 16 3 38 23 32 35 47 21 21 17 36 49 14 43 6 8 18 
8 11 41 45 4 6 46 28 0 30 25 50 46 43 33 11 17 35 49 10 32 26 42 50 49 45 42 47 
33 3 18 30 49 29 22 8 20 0 32 30 13 47 42 45 2 10 48 26 29 34 25 32 30 45 47 27 
43 16 11 42 1 12 9 14 26 12 0 46 1 18 21 25 42 36 6 36 13 40 31 40 40 2 20 13 
14 8 21 39 35 3 2 29 43 9 40 0 30 2 39 28 20 41 15 47 8 8 9 34 47 25 9 34 
37 12 27 21 41 31 49 46 7 5 24 11 0 49 16 42 33 33 47 27 35 25 12 12 50 26 5 12 
6 5 25 25 14 27 20 16 18 17 39 50 49 0 3 43 22 15 18 4 49 43 16 27 1 50 49 24 
9 25 1 28 45 36 20 44 41 32 30 10 35 29 0 50 25 17 45 47 28 33 32 41 48 32 23 7 
20 40 29 24 25 16 3 11 42 18 40 44 15 29 9 0 3 41 35 9 19 20 43 42 10 7 4 21 
42 27 35 3 46 23 29 50 5 12 8 6 44 33 18 9 0 8 28 2 32 50 24 30 50 13 24 4 
37 28 48 20 18 22 46 11 35 8 15 44 21 36 30 5 41 0 33 30 15 37 2 35 35 32 6 22 
22 18 47 35 41 22 20 43 22 7 43 41 34 49 22 34 1 43 0 34 31 47 20 20 40 18 33 10 
17 35 44 14 38 13 50 24 44 38 24 24 23 2 44 8 48 48 42 0 46 16 16 19 34 42 49 25 
26 2 48 8 17 8 13 3 8 29 43 6 28 35 25 28 46 28 19 12 0 30 3 13 23 43 26 38 
44 2 17 11 23 39 39 24 23 46 31 7 16 10 49 37 29 6 42 15 12 0 41 38 23 6 23 37 
46 23 40 26 15 41 21 20 2 41 19 21 17 40 11 3 33 16 22 4 3 32 0 17 34 17 1 12 
27 3 14 45 6 50 3 43 2 34 20 16 16 46 41 47 46 11 35 25 25 1 39 0 6 8 34 20 
35 14 6 6 9 14 30 45 17 39 46 13 21 15 47 10 20 13 50 6 8 12 35 22 0 23 32 27 
37 26 14 9 38 22 31 19 30 46 28 11 3 37 1 24 8 50 49 15 11 29 41 19 43 0 8 28 
12 23 30 35 34 27 38 43 19 3 30 9 41 40 46 18 15 43 3 48 20 8 39 27 22 25 0 18 
16 9 36 45 17 30 45 20 47 50 11 44 34 15 45 32 21 28 42 8 26 15 11 26 27 41 11 0 
9 0 4 34 3 14 10 10 23 34 34 8 14 29 47 21 50 18 5 49 19 33 25 27 18 49 30 17 
43 1 0 49 10 19 27 19 36 16 13 48 47 35 25 42 12 48 13 15 13 11 5 15 43 22 28 22 
28 34 28 0 16 4 35 43 18 22 35 24 40 38 10 12 5 38 20 8 15 45 41 14 29 6 35 17 
7 38 37 6 0 39 41 5 41 3 39 47 45 13 42 7 21 27 25 24 27 4 50 1 28 24 14 14 
28 38 20 49 11 0 19 18 37 31 36 30 36 50 34 19 9 17 41 26 46 24 38 21 38 5 33 9 
14 7 38 10 33 26 0 28 27 4 33 40 36 27 45 6 26 36 47 39 25 44 35 41 34 37 49 18 
40 40 17 33 45 29 11 0 5 30 44 26 48 11 22 8 15 27 28 5 50 2 18 13 35 41 16 9 
15 29 17 4 23 35 8 38 0 37 38 50 45 8 16 40 26 33 10 50 29 3 36 20 14 7 32 50 
16 22 28 33 42 29 21 46 26 0 14 40 4 14 3 34 21 28 27 33 48 34 13 43 31 25 41 38 
6 30 10 3 48 42 36 43 16 10 0 5 9 17 38 21 14 13 43 7 37 26 19 16 42 38 25 34 
16 3 30 48 8 1 42 15 17 17 11 0 43 12 28 11 19 12 24 19 16 11 14 50 30 38 19 5 
12 37 15 19 16 23 8 20 40 37 12 48 0 8 25 23 4 48 3 50 45 9 16 1 4 19 19 9 
24 3 4 1 10 39 47 31 28 3 49 46 21 0 5 9 21 33 50 26 12 42 38 10 2 28 39 24 
46 46 37 11 50 47 15 34 18 36 36 3 9 11 0 45 45 2 50 7 30 41 1 45 19 4 43 8 
18 36 43 3 24 21 16 2 35 42 42 49 49 6 21 0 42 36 47 48 18 1 47 44 8 3 21 10 
34 46 1 19 7 8 40 48 49 25 34 13 32 44 10 10 0 4 10 2 9 24 20 9 10 22 7 25 
8 21 43 35 50 3 12 32 6 34 24 36 41 10 9 23 17 0 2 34 16 25 41 37 41 49 2 12 
37 14 37 41 47 1 34 32 27 6 40 35 10 21 12 5 27 30 0 25 11 50 15 48 43 9 39 41 
1 17 34 2 37 49 41 26 18 20 43 28 35 8 28 33 17 28 18 0 24 46 13 37 11 11 24 41 
13 22 17 45 33 8 10 33 16 44 4 4 37 20 46 44 35 34 3 40 0 4 22 33 31 16 41 15 
46 38 30 23 42 14 8 29 4 2 25 11 20 26 25 13 40 14 25 32 5 0 1 19 2 28 9 34 
38 42 40 37 30 42 44 15 46 36 21 13 40 29 41 42 43 11 24 34 15 29 0 10 44 18 41 10 
11 45 19 29 46 34 30 20 38 14 16 46 19 27 11 30 27 19 1 35 3 14 9 0 27 42 5 25 
19 9 32 47 20 39 33 34 20 27 7 26 30 10 10 4 29 28 15 5 8 4 50 33 0 25 17 7 
7 47 37 43 38 41 9 12 11 6 18 46 7 36 43 42 4 20 44 22 25 44 10 31 49 0 27 50 
18 16 10 49 22 3 32 26 37 34 35 20 35 22 49 49 49 11 32 8 20 15 13 46 14 31 0 45 
33 14 37 6 44 11 41 41 46 1 7 46 44 26 11 7 8 19 50 9 1 26 46 12 21 18 19 0 
31 0 4 3 15 36 42 9 50 13 1 29 41 10 45 31 3 48 42 15 39 33 9 9 6 27 14 22 
44 7 0 18 26 36 27 43 10 37 44 37 22 5 35 26 48 7 30 29 41 15 20 24 48 20 6 29 
36 22 46 0 48 38 23 20 15 44 45 25 44 14 18 35 45 10 11 20 11 4 8 12 2 27 49 23 
8 25 33 20 0 6 31 48 7 38 41 46 50 50 35 21 32 3 32 36 15 24 31 26 14 38 50 45 
25 29 11 44 22 0 39 50 13 41 11 25 19 14 17 11 47 4 14 11 21 26 34 26 9 21 41 35 
50 28 49 20 33 6 0 36 24 29 28 47 25 12 1 23 30 22 28 13 23 49 13 34 22 50 27 30 
20 42 3 2 24 32 5 0 50 36 42 42 43 14 28 43 33 20 8 40 50 21 3 4 5 32 9 18 
36 37 45 27 20 7 27 16 0 32 26 26 24 43 7 1 38 38 30 36 50 45 6 31 14 15 10 27 
10 17 38 49 21 16 15 19 13 0 42 16 22 36 38 13 11 7 44 34 48 43 20 16 16 25 46 9 
23 31 7 31 13 10 31 17 50 45 0 28 6 9 29 39 39 47 23 9 1 12 33 45 24 20 31 13 
34 41 2 23 25 26 7 42 39 7 11 0 3 12 6 21 13 17 30 39 26 19 5 32 20 43 17 45 
47 40 36 34 11 32 48 47 27 49 23 3 0 31 2 37 50 33 36 20 47 46 42 20 29 44 32 6 
45 29 10 32 30 8 31 10 3 4 24 50 22 0 15 9 45 15 45 27 8 25 32 6 50 34 23 21 
50 6 20 8 40 30 27 4 19 17 17 43 46 1 0 42 35 46 9 37 49 32 38 47 5 34 17 24 
31 13 23 11 49 7 38 31 5 33 47 34 21 46 12 0 40 28 49 2 32 8 33 48 10 41 48 25 
39 13 9 15 24 23 6 46 41 46 7 18 37 8 21 38 0 2 50 26 17 4 20 48 20 6 33 35 
17 49 15 13 21 2 33 49 18 46 19 24 12 15 1 22 45 0 22 32 16 25 38 45 47 11 15 32 
22 20 16 40 9 42 38 39 47 27 33 37 17 5 9 3 43 33 0 27 14 2 3 49 4 48 25 18 
11 30 4 18 3 6 21 11 30 3 6 10 32 24 26 4 45 12 35 0 16 11 17 35 3 14 35 1 
30 19 22 12 42 35 25 28 10 43 9 31 32 47 44 29 50 37 24 45 0 41 26 49 4 43 14 10 
7 44 45 2 5 19 5 41 43 9 41 15 26 8 47 17 11 37 31 4 20 0 17 38 36 17 41 40 
11 4 20 18 20 29 25 18 34 15 42 5 13 27 6 2 21 9 23 48 37 45 0 10 39 18 12 10 
41 40 7 10 35 15 29 44 38 23 41 21 36 1 41 13 3 20 33 19 27 14 16 0 18 27 45 43 
3 17 45 32 1 9 19 35 28 28 5 7 40 34 34 19 30 30 39 37 47 47 32 8 0 19 36 43 
33 27 25 40 34 41 22 26 28 44 41 41 12 17 17 13 36 48 13 43 35 44 46 37 38 0 39 8 
46 7 36 37 13 15 17 37 9 4 39 22 16 19 9 6 26 39 40 27 20 31 35 46 11 7 0 43 
9 39 31 39 2 45 34 26 20 42 7 29 26 46 31 8 9 48 26 47 24 27 38 21 48 49 12 0 
38 0 15 23 40 27 7 22 8 48 29 16 37 27 33 44 40 14 19 10 14 31 40 24 26 49 35 11 
20 33 0 1 10 41 4 34 46 11 47 3 30 23 4 39 34 30 44 12 49 14 31 37 25 2 38 35 
32 49 42 0 47 42 43 46 3 26 47 19 26 33 44 38 33 43 12 40 38 10 43 6 44 33 38 37 
47 40 46 27 0 9 3 20 2 47 20 1 12 38 27 2 13 37 12 19 30 5 27 48 45 13 13 1 
26 40 43 48 15 0 4 6 50 14 31 20 11 23 14 42 41 14 43 50 2 12 9 30 20 33 14 8 
32 20 42 2 15 46 0 3 44 13 5 22 36 8 32 27 38 33 18 2 46 16 13 37 35 2 13 11 
39 18 10 24 15 2 47 0 24 30 23 29 6 15 21 20 30 37 43 7 43 21 35 21 48 2 32 18 
43 20 34 7 50 2 35 14 0 27 4 31 7 35 12 8 48 16 4 12 37 26 47 34 1 43 46 21 
41 5 47 12 22 34 34 4 5 0 47 16 30 5 30 7 43 26 6 36 23 31 13 38 5 44 41 46 
42 46 37 34 15 5 31 45 10 31 0 42 9 24 1 8 4 1 1 25 8 7 20 4 8 45 7 23 
40 28 18 42 19 32 39 42 9 19 14 0 1 25 24 35 48 13 35 48 13 22 24 10 37 5 20 33 
39 23 43 29 40 9 32 42 18 42 39 24 0 27 36 10 50 35 38 50 50 35 22 22 42 23 47 45 
2 17 18 31 38 50 50 50 19 16 41 25 43 0 43 32 18 6 25 12 21 28 12 24 26 49 5 20 
48 17 2 2 6 43 14 31 25 50 11 1 25 28 0 36 42 34 45 14 8 7 3 5 16 17 12 27 
18 40 43 43 33 33 30 2 33 18 15 35 32 29 13 0 8 18 45 24 38 44 42 21 40 31 36 48 
13 46 13 36 35 45 17 47 42 32 8 29 18 45 27 3 0 24 19 11 32 29 45 46 37 22 43 25 
34 26 19 3 12 47 35 17 6 21 32 31 41 16 33 21 26 0 11 16 6 43 17 40 47 22 21 4 
20 19 50 26 15 42 20 34 22 24 30 46 33 34 28 21 32 42 0 39 20 17 46 25 21 26 6 38 
32 17 36 22 32 41 43 16 49 7 45 18 39 21 33 12 48 46 16 0 34 23 15 47 8 5 33 2 
38 25 45 29 1 10 5 39 17 36 2 48 5 40 18 30 15 38 25 50 0 50 34 35 27 25 11 22 
15 17 21 29 17 50 40 5 42 5 28 45 9 35 33 16 26 47 49 11 45 0 5 36 33 21 31 33 
2 5 40 18 5 40 38 41 22 47 8 35 49 15 35 27 26 37 43 17 16 18 0 19 9 31 27 1 
28 10 32 39 8 37 17 39 1 2 37 24 6 21 44 11 19 19 12 1 46 10 28 0 10 46 28 15 
18 35 36 31 38 29 39 11 31 41 9 50 49 32 27 35 26 39 14 38 47 22 7 50 0 40 20 26 
5 18 32 22 43 31 22 50 4 15 21 49 46 17 10 14 21 11 20 13 19 19 26 3 21 0 32 41 
19 46 29 37 42 19 3 35 43 49 19 16 20 27 33 24 20 5 41 19 22 37 9 37 40 21 0 7 
8 36 43 30 1 12 40 4 4 26 29 30 31 43 32 17 15 2 45 1 36 36 46 6 48 31 14 0 
19 0 32 37 42 47 21 12 46 49 50 20 18 5 30 24 30 49 41 26 10 26 40 20 45 35 45 21 
21 22 0 41 37 32 20 48 21 23 18 34 32 9 19 48 34 17 46 34 41 21 13 7 48 16 23 22 
38 30 12 0 43 8 3 1 42 24 8 13 38 49 7 9 2 13 15 9 17 42 29 6 4 50 1 5 
50 9 15 44 0 22 10 49 11 42 11 25 26 30 9 28 24 27 4 8 36 34 13 12 45 33 7 6 
31 9 24 9 44 0 8 48 1 33 9 15 42 28 1 47 17 41 38 40 29 9 14 6 30 50 42 15 
21 38 48 21 11 16 0 4 19 2 18 2 32 18 32 8 45 15 12 13 30 36 38 46 21 7 44 28 
48 17 4 45 10 2 44 0 28 14 36 39 4 27 25 32 45 50 39 6 22 48 1 19 41 18 37 13 
30 34 42 27 14 17 38 7 0 3 49 24 43 31 25 5 44 10 26 9 37 6 4 44 47 33 1 23 
31 47 48 13 27 23 40 15 44 0 23 9 25 37 39 18 30 46 26 47 26 47 43 7 10 15 10 1 
7 26 41 46 45 13 45 7 10 5 0 37 48 20 41 11 11 22 1 2 22 48 38 25 48 21 37 26 
26 39 41 39 48 17 23 33 39 4 27 0 15 12 43 33 9 26 9 29 27 35 36 32 36 9 14 39 
3 19 1 43 26 9 38 19 19 20 17 40 0 31 48 9 22 8 46 37 40 29 16 30 50 40 42 10 
41 41 7 5 31 34 28 20 14 38 12 2 7 0 25 24 15 39 9 20 49 29 27 14 25 41 22 25 
10 38 39 2 4 34 49 48 29 12 15 36 6 3 0 29 45 34 46 44 31 16 6 2 42 41 20 44 
32 14 27 33 15 9 9 19 32 26 37 9 19 9 27 0 46 3 24 24 14 46 1 32 31 29 47 42 
10 5 37 48 12 34 40 17 34 2 29 50 28 48 35 47 0 20 48 38 26 22 39 10 49 18 18 6 
49 32 32 47 5 19 18 50 14 46 28 25 25 29 42 43 44 0 25 24 46 17 11 4 13 33 41 22 
20 22 46 39 31 45 28 42 36 2 6 24 32 10 48 22 2 42 0 24 14 47 31 46 17 25 44 22 
40 38 28 20 14 15 47 48 29 19 8 48 31 47 38 7 42 38 1 0 43 37 19 40 3 21 10 27 
26 40 26 29 14 37 24 39 4 8 33 42 10 36 13 20 4 44 45 44 0 17 9 24 5 29 24 2 
36 21 49 25 49 5 38 22 9 3 40 44 11 7 9 35 49 9 46 42 7 0 24 50 37 9 27 16 
11 17 16 21 1 41 36 39 18 6 33 34 38 22 15 5 17 14 1 34 37 9 0 25 26 47 33 33 
45 12 22 13 16 23 40 28 5 43 32 39 3 26 19 41 30 16 25 9 20 43 20 0 33 23 9 43 
30 2 43 41 25 18 8 41 27 47 43 17 12 49 45 10 12 35 25 48 9 18 19 46 0 10 22 24 
14 3 43 39 40 8 30 10 26 13 3 8 21 46 35 43 44 37 49 14 11 26 33 8 49 0 48 11 
35 12 34 47 31 4 45 45 39 35 9 4 10 32 39 19 48 10 28 5 3 25 26 25 10 11 0 8 
14 38 20 36 40 42 47 46 49 43 16 22 4 27 1 46 8 35 34 40 32 23 7 36 48 21 44 0 
9 0 11 36 10 38 21 46 31 8 19 49 19 12 13 37 40 26 32 39 24 28 3 29 18 40 27 21 
26 41 0 31 35 38 20 49 39 36 14 34 29 1 8 46 44 27 10 17 22 27 46 33 31 4 10 47 
17 6 32 0 18 20 12 50 21 41 27 35 12 50 14 25 1 27 43 4 38 17 32 10 2 9 24 5 
45 30 9 50 0 31 29 23 32 33 4 46 15 17 1 38 6 17 43 48 17 9 3 45 7 39 1 22 
31 35 47 31 9 0 46 7 6 41 32 27 4 34 28 32 43 48 32 29 37 37 30 26 43 9 12 8 
46 42 36 3 12 31 0 7 42 48 36 24 37 19 10 46 48 24 41 40 15 39 28 11 48 25 10 15 
36 2 10 5 22 48 39 0 12 14 6 30 15 23 27 36 35 7 25 45 11 27 42 33 2 2 20 47 
19 19 32 38 28 3 17 21 0 41 38 32 2 40 31 49 32 42 45 27 17 38 4 44 4 24 31 50 
38 45 20 8 3 3 2 20 43 0 33 18 3 13 7 7 45 47 25 23 5 31 28 10 41 8 26 3 
9 16 26 28 14 47 3 29 27 22 0 31 30 50 39 11 7 50 24 42 14 10 32 9 48 30 1 27 
20 11 35 29 50 27 50 43 5 17 5 0 5 7 10 29 30 24 16 46 24 17 20 21 11 17 17 12 
44 27 7 29 49 14 21 34 18 43 43 31 0 3 50 46 6 40 46 20 35 4 32 3 36 32 35 27 
10 50 40 24 13 34 15 7 16 48 39 6 41 0 37 27 11 38 31 35 43 25 22 14 32 16 47 32 
8 12 25 22 48 15 37 11 35 29 19 31 48 39 0 44 30 9 2 40 30 49 28 22 15 5 47 42 
3 39 36 9 9 16 2 7 45 41 26 42 42 5 26 0 43 32 19 50 38 5 31 42 6 30 26 18 
34 31 41 10 18 1 23 34 23 49 20 10 16 46 32 49 0 39 33 10 48 25 23 36 40 47 5 10 
38 23 47 31 29 34 48 19 27 5 32 9 42 20 21 4 44 0 12 10 35 42 23 32 3 23 20 28 
43 11 45 1 14 13 41 35 12 26 19 42 27 18 28 6 45 8 0 25 19 29 5 20 42 28 38 21 
18 15 41 45 8 9 6 5 9 32 5 18 46 1 35 9 29 26 21 0 33 17 15 18 38 45 49 2 
49 39 42 4 24 27 42 24 20 21 31 12 33 21 14 20 24 41 41 29 0 19 45 46 41 17 8 5 
5 4 48 4 50 9 8 7 17 17 29 31 41 4 28 15 39 48 15 38 12 0 4 46 45 47 5 21 
33 5 43 1 37 16 23 38 20 23 18 32 3 26 15 47 3 46 10 50 25 42 0 30 8 44 2 20 
43 2 8 3 7 46 39 26 2 25 16 42 16 19 17 8 43 21 17 12 13 48 7 0 43 50 38 6 
46 41 26 35 8 35 47 30 37 12 20 11 37 15 1 13 23 37 4 45 31 9 34 38 0 37 27 41 
8 46 45 16 4 20 41 43 35 27 40 9 7 19 40 30 46 23 11 31 48 13 35 34 7 0 46 44 
25 38 7 39 48 31 45 39 35 43 47 17 42 47 22 16 37 34 29 48 26 42 30 39 15 27 0 47 
43 46 11 11 9 9 26 16 6 28 38 43 28 12 31 5 38 50 7 20 35 26 47 49 1 28 49 0 
18 0 34 9 19 24 22 35 3 44 25 32 38 9 16 31 17 38 49 42 2 36 46 37 42 39 9 8 
13 17 0 49 12 10 32 10 9 33 47 9 14 21 43 10 37 31 6 12 49 4 4 10 9 50 10 27 
14 23 47 0 17 30 16 14 23 36 45 13 22 7 49 8 49 20 29 35 21 9 26 9 6 37 28 11 
4 9 8 41 0 12 1 6 47 36 36 31 30 49 8 21 25 43 19 35 5 50 47 6 41 30 16 40 
18 38 14 41 31 0 3 6 11 14 29 4 1 22 2 3 22 13 39 50 37 14 39 2 17 38 2 23 
11 7 4 17 11 47 0 11 39 9 23 45 1 27 44 47 8 46 39 18 14 3 48 26 43 2 30 30 
27 29 37 48 4 29 30 0 45 4 10 12 43 5 11 14 44 50 19 39 24 43 17 32 6 29 21 39 
20 14 32 11 16 32 18 34 0 10 23 26 42 23 48 49 43 48 35 46 14 3 40 4 26 25 13 7 
37 11 47 31 19 33 40 10 32 0 23 49 46 12 37 27 5 21 25 27 17 26 45 24 35 22 33 8 
37 31 10 7 37 4 25 32 24 13 0 43 7 9 33 39 17 21 49 39 34 27 26 36 34 2 48 47 
32 43 37 13 10 37 26 3 29 23 16 0 13 43 38 6 4 42 29 19 18 34 38 28 3 37 33 50 
31 12 46 26 5 39 7 44 39 38 1 34 0 21 34 31 10 45 5 36 46 47 22 23 45 5 34 31 
13 44 16 34 27 27 37 46 42 34 47 12 24 0 37 44 17 17 41 46 49 35 4 29 33 48 1 38 
3 9 39 2 21 22 9 45 1 24 4 25 7 34 0 39 39 26 48 44 12 10 4 5 7 4 10 36 
47 10 16 33 36 26 40 35 37 3 32 26 40 16 42 0 44 44 13 17 39 15 47 15 3 35 5 39 
28 50 5 33 49 12 37 13 35 36 41 18 49 18 50 2 0 36 44 23 5 47 18 10 12 44 37 22 
21 50 45 13 48 32 38 13 35 32 21 34 15 3 4 8 9 0 3 46 18 21 16 45 29 9 13 50 
43 10 40 43 39 12 40 17 13 40 23 44 36 12 6 15 20 15 0 11 8 2 43 11 2 10 48 19 
2 5 6 16 5 36 33 45 3 45 39 32 22 26 37 42 18 37 10 0 11 7 16 2 25 14 49 6 
48 50 50 39 34 42 44 39 13 8 24 18 8 4 17 4 20 31 34 39 0 33 16 2 43 16 1 38 
13 37 4 31 2 7 31 35 46 4 7 6 41 29 38 24 35 44 19 2 8 0 40 12 32 44 31 10 
24 33 48 7 24 34 5 31 3 10 27 22 12 28 19 22 50 14 26 43 10 45 0 42 18 49 47 49 
31 23 25 22 37 22 47 7 3 48 47 34 22 37 48 36 15 8 22 8 24 39 19 0 12 19 19 39 
50 29 41 31 8 27 36 25 9 28 38 41 1 15 21 17 24 4 31 5 7 13 10 28 0 11 28 40 
26 42 5 13 4 19 33 47 29 13 18 39 7 37 13 40 8 28 18 21 43 3 22 45 9 0 38 14 
33 38 19 14 21 31 37 10 33 4 16 35 22 18 18 43 5 6 15 24 19 44 23 3 1 43 0 7 
47 23 21 10 4 16 5 1 10 10 50 48 9 20 27 31 37 42 43 46 4 26 11 17 39 45 15 0 
46 0 39 15 17 13 28 25 41 38 13 44 12 20 17 18 9 33 6 9 6 4 42 14 37 11 8 47 
4 22 0 13 4 22 10 2 10 13 45 43 37 21 35 30 40 19 43 30 24 30 36 18 28 12 31 39 
11 5 26 0 29 7 6 31 21 20 25 9 23 3 19 8 5 14 41 20 39 22 25 3 45 44 31 35 
18 18 4 36 0 42 41 21 41 6 37 17 37 31 40 14 11 15 10 21 28 5 23 32 4 38 43 43 
18 36 2 31 35 0 27 21 14 4 16 40 17 32 32 28 3 18 47 4 39 49 8 15 39 36 24 3 
30 46 37 1 49 50 0 48 4 5 4 7 33 11 10 26 11 45 25 43 39 46 28 20 14 7 34 4 
44 10 22 14 45 12 24 0 42 19 18 16 42 18 34 28 24 49 12 15 44 29 24 48 20 14 43 35 
7 3 26 23 44 15 47 5 0 45 34 41 12 21 37 19 8 43 30 34 26 5 19 5 21 3 43 41 
25 21 13 3 50 3 27 17 39 0 43 45 23 27 21 30 34 40 9 50 45 7 10 16 5 40 31 18 
31 39 49 5 21 2 25 22 35 32 0 31 41 10 45 21 31 15 48 8 7 5 26 35 15 13 3 49 
34 15 5 8 13 20 35 47 28 41 39 0 25 21 3 49 46 2 10 19 41 50 37 30 2 7 32 25 
13 5 4 35 43 18 3 41 7 30 25 19 0 22 25 48 43 41 27 24 37 4 6 30 33 6 45 13 
49 48 36 4 1 31 45 22 42 25 6 47 7 0 19 13 42 16 28 41 48 16 3 44 40 25 34 46 
21 8 25 22 30 49 6 5 43 22 27 24 38 27 0 3 6 19 35 31 17 19 42 14 15 6 15 47 
48 47 4 46 29 18 36 24 15 17 3 27 48 2 14 0 20 21 40 4 3 22 13 47 26 5 45 17 
27 30 44 11 16 15 2 9 9 40 26 48 7 3 3 39 0 40 16 8 33 16 6 22 44 26 2 12 
26 35 1 29 42 35 1 9 45 22 7 38 12 47 44 6 31 0 45 42 48 1 19 25 7 11 47 13 
1 22 8 50 36 14 3 26 24 8 12 35 14 6 44 9 17 33 0 28 47 36 23 50 42 49 34 5 
12 7 11 44 18 45 22 1 38 37 22 21 25 9 22 20 48 19 10 0 28 43 7 11 8 25 33 1 
27 29 22 17 1 3 10 42 19 13 15 44 41 42 5 6 22 46 12 4 0 38 15 4 3 23 40 6 
12 5 47 4 20 36 44 46 23 17 20 21 19 16 18 3 8 34 26 20 37 0 38 1 40 13 13 30 
14 12 26 20 44 12 47 48 37 23 10 46 9 48 46 33 40 2 25 44 39 21 0 13 46 20 48 20 
20 25 4 8 41 7 6 30 35 48 47 27 9 23 18 31 31 48 38 18 22 41 5 0 12 38 38 20 
41 44 49 30 1 47 42 28 24 33 16 19 39 3 18 12 36 44 26 16 21 21 40 33 0 49 32 31 
49 30 20 43 20 3 38 16 37 36 19 47 31 17 46 45 48 15 30 50 15 5 30 20 19 0 12 23 
49 21 4 17 31 19 16 44 48 4 41 46 16 1 38 32 26 18 47 45 49 26 27 42 18 20 0 32 
16 45 50 50 25 9 31 40 45 33 20 38 28 15 24 48 41 8 20 14 50 28 23 4 2 22 17 0 
24 0 23 44 12 49 12 38 50 50 48 5 16 37 36 11 43 50 6 31 20 31 26 29 36 35 49 6 
33 39 0 22 47 48 4 42 8 18 2 21 22 26 41 15 24 50 37 42 33 29 39 35 24 49 22 3 
37 48 45 0 9 28 1 6 6 12 29 2 7 13 46 28 44 42 29 35 6 29 16 3 29 50 44 16 
28 44 5 48 0 48 27 1 6 10 23 44 44 21 20 36 4 46 48 31 29 38 1 46 44 45 14 17 
24 22 46 17 9 0 34 35 29 12 8 31 5 30 13 41 19 22 49 36 14 36 44 12 8 31 20 15 
29 28 49 11 3 34 0 10 27 34 14 7 35 10 37 41 24 47 15 44 1 17 47 32 24 45 10 1 
31 30 10 39 36 40 20 0 6 2 13 47 28 21 21 36 7 5 16 15 27 28 45 20 15 43 38 20 
49 32 46 25 16 44 34 30 0 48 25 26 21 45 40 31 40 11 1 37 23 31 32 41 27 9 31 33 
23 36 10 46 46 48 21 22 25 0 6 39 31 35 38 41 39 33 30 45 20 37 48 6 10 14 7 15 
40 17 42 19 16 35 11 11 44 38 0 29 30 23 25 19 6 34 23 21 2 36 40 44 9 48 15 12 
47 25 31 1 32 40 34 32 5 34 38 0 24 46 25 27 48 1 4 1 22 45 18 42 22 37 44 5 
30 50 24 33 22 1 24 15 37 13 37 48 0 40 40 44 15 23 47 50 25 28 10 42 43 5 47 44 
18 29 34 10 14 38 36 5 32 31 1 16 23 0 23 11 41 36 15 7 12 32 1 4 19 25 38 19 
27 20 9 32 28 26 8 6 36 3 3 23 10 4 0 36 13 34 23 32 27 3 18 20 7 28 49 35 
12 17 26 15 36 27 19 9 35 23 50 23 41 15 17 0 25 38 33 43 47 8 47 39 20 47 44 11 
17 10 1 3 4 29 41 46 39 11 39 18 46 41 46 1 0 41 35 50 41 13 36 43 33 24 36 3 
28 15 29 6 18 42 16 3 49 35 21 46 45 50 20 28 15 0 49 15 47 6 12 47 49 35 48 3 
49 32 17 19 29 19 27 13 32 11 5 22 26 31 39 47 17 20 0 40 6 41 44 8 29 34 9 39 
47 16 19 31 21 20 40 18 21 33 16 42 27 18 38 38 18 10 27 0 39 17 17 16 30 29 46 43 
12 6 24 38 35 21 31 31 48 14 30 34 3 37 14 19 15 1 29 13 0 38 4 6 40 20 8 20 
23 30 1 39 3 26 27 28 12 47 45 31 21 46 37 40 25 38 26 25 3 0 4 49 1 30 50 33 
6 8 1 35 19 28 1 9 1 48 25 28 9 26 10 2 22 21 20 8 17 1 0 15 31 2 44 34 
18 20 31 50 10 3 43 22 20 12 13 26 4 21 38 37 43 50 11 18 49 44 2 0 28 31 10 43 
16 5 44 20 33 26 45 34 40 20 48 16 25 16 5 40 41 9 45 17 38 30 15 22 0 32 42 27 
35 25 18 4 19 50 11 28 18 27 42 31 1 10 37 49 17 45 35 36 2 44 4 11 19 0 37 44 
5 37 40 23 39 41 49 10 10 22 17 30 16 15 39 38 14 49 29 45 7 2 31 49 28 47 0 7 
25 41 21 7 36 33 7 7 41 28 5 4 40 2 50 27 28 1 16 19 22 14 7 41 13 40 43 0 
37 0 4 7 41 45 42 35 24 19 40 15 31 48 9 9 48 10 10 46 39 43 8 25 3 49 12 29 
35 12 0 35 30 45 46 41 21 3 35 38 10 12 6 29 31 38 13 20 18 10 13 16 47 32 17 2 
50 30 29 0 4 43 34 14 50 13 35 10 20 36 7 38 6 13 23 50 35 34 15 27 38 41 30 44 
19 23 46 38 0 48 29 45 41 42 25 32 45 27 49 6 17 47 28 43 35 12 22 8 3 25 32 33 
19 36 3 42 13 0 14 40 45 28 17 48 13 42 42 17 47 32 32 28 24 36 28 49 31 10 48 46 
33 48 16 44 13 16 0 46 27 5 40 33 19 32 38 5 29 50 50 16 1 43 45 26 26 22 47 9 
47 41 38 23 33 16 19 0 7 48 13 23 35 47 46 16 12 8 50 13 47 37 32 50 49 31 45 47 
3 39 22 40 22 17 8 50 0 36 18 17 1 4 14 31 8 17 28 16 19 6 28 34 19 27 9 1 
22 16 42 40 42 38 19 16 19 0 26 23 2 18 39 47 30 45 41 49 10 34 6 25 33 21 16 26 
42 25 5 4 13 14 17 37 34 44 0 28 25 13 35 48 13 32 44 27 48 31 9 48 40 28 28 50 
18 16 42 9 19 27 12 28 42 14 23 0 11 38 2 3 14 36 17 17 37 25 36 44 43 40 45 19 
46 34 27 16 26 35 14 50 21 43 36 9 0 49 1 7 7 50 9 33 39 46 28 46 13 23 12 42 
25 32 23 49 19 24 8 17 45 15 49 47 26 0 25 3 32 22 1 8 18 36 19 30 44 34 7 7 
23 18 39 15 43 15 44 39 18 49 44 17 36 42 0 35 13 42 2 12 8 14 44 47 24 12 15 44 
7 7 2 29 15 12 18 35 49 7 1 6 33 32 36 0 35 33 28 34 23 27 2 6 39 43 22 50 
43 30 22 15 4 28 21 38 33 16 21 29 5 19 7 36 0 6 42 47 30 26 29 9 14 46 28 43 
17 5 1 14 36 43 13 25 6 28 43 48 28 12 45 4 20 0 13 50 30 5 21 16 50 48 47 43 
24 15 22 8 19 26 36 5 33 32 2 35 36 42 44 2 9 14 0 44 19 19 32 26 40 2 47 49 
39 47 40 2 17 39 1 40 10 34 21 24 22 42 8 12 22 18 29 0 14 38 11 20 8 36 4 28 
25 42 40 33 7 23 27 48 9 44 31 36 46 36 2 35 18 38 41 23 0 28 11 20 4 22 23 33 
11 28 28 32 16 14 11 27 49 21 2 15 2 45 45 50 19 42 32 33 29 0 36 27 2 20 46 32 
1 14 23 36 11 34 40 17 20 32 12 15 23 35 9 4 15 16 24 39 28 33 0 12 2 13 41 40 
4 26 2 26 13 20 32 10 13 27 35 42 31 12 29 26 19 7 27 10 49 21 33 0 13 37 46 8 
4 19 2 21 24 20 44 37 41 18 7 50 45 41 25 46 28 30 24 44 28 49 8 44 0 45 36 32 
42 34 44 40 39 17 13 29 42 12 6 12 22 37 26 38 8 13 8 32 19 24 25 5 33 0 14 3 
30 6 12 9 27 39 39 3 3 48 29 18 33 33 13 33 35 22 19 2 7 2 11 1 32 37 0 4 
13 18 10 39 7 25 15 33 23 31 4 29 23 33 35 23 41 29 45 26 50 6 41 40 33 14 12 0 
46 0 29 45 12 27 41 35 27 36 44 10 22 43 18 50 40 3 32 44 46 19 23 30 21 22 38 11 
4 8 0 27 20 6 43 14 20 5 29 20 27 39 38 7 49 30 32 8 2 9 1 16 39 8 40 19 
44 23 49 0 24 40 40 30 32 20 10 24 4 29 30 48 45 12 34 5 5 8 12 24 1 40 15 36 
3 4 42 38 0 12 17 25 21 47 6 5 30 38 10 7 38 40 6 28 29 23 11 6 5 6 3 35 
11 32 49 49 35 0 26 4 27 29 28 22 12 38 4 10 2 40 7 4 18 45 2 24 35 45 12 36 
14 43 48 37 33 10 0 32 15 39 48 7 20 5 35 34 29 11 19 44 41 25 13 9 17 48 2 36 
41 9 8 15 5 23 40 0 40 34 31 41 39 3 6 40 21 4 33 38 50 33 12 24 14 17 1 22 
11 2 34 32 40 32 24 42 0 6 32 34 3 48 15 46 50 49 20 30 42 35 36 43 6 35 11 3 
4 29 36 44 49 4 2 29 39 0 1 50 2 8 30 15 34 39 21 30 40 35 38 13 25 45 37 10 
37 26 9 29 48 30 29 20 13 21 0 38 35 50 46 36 8 50 50 18 23 12 20 3 4 35 5 21 
19 17 17 11 49 12 44 15 4 30 22 0 2 23 29 10 3 14 1 36 31 44 49 30 13 26 27 14 
49 17 23 6 44 43 9 11 4 47 10 39 0 23 6 32 33 28 28 48 46 45 3 18 39 3 49 25 
27 21 37 4 35 23 49 46 48 32 25 28 10 0 14 18 6 6 5 12 13 25 13 17 3 35 29 32 
19 47 49 34 3 45 19 32 41 18 43 25 17 25 0 11 34 1 4 1 38 33 28 47 13 35 41 37 
50 15 5 35 20 7 41 30 50 50 48 23 33 42 32 0 28 39 14 30 46 38 15 30 16 49 35 41 
49 42 50 37 49 12 9 19 18 37 34 24 18 26 46 12 0 35 4 32 18 47 1 50 8 49 5 46 
49 36 35 39 36 35 16 42 38 50 13 49 11 25 23 14 41 0 6 41 12 20 43 4 46 12 18 17 
45 49 42 42 38 45 17 11 34 34 48 48 39 3 34 8 12 22 0 6 21 44 25 37 10 3 9 43 
27 6 33 40 28 18 18 22 44 46 8 25 5 45 14 40 31 44 8 0 2 10 36 35 42 24 7 48 
24 21 12 33 40 30 2 40 5 2 45 21 30 21 32 41 13 4 47 1 0 27 30 35 7 16 45 7 
34 42 21 41 16 21 21 45 1 32 13 19 46 4 5 10 38 37 24 28 32 0 28 45 23 39 28 7 
21 44 36 6 18 45 23 18 49 34 11 29 50 10 26 31 9 50 36 2 48 22 0 21 48 20 43 17 
26 6 47 49 3 39 15 50 1 16 26 46 24 24 36 7 26 27 8 24 19 6 48 0 36 24 3 26 
9 50 24 39 37 25 29 47 13 2 36 9 41 36 10 26 16 34 4 13 29 12 15 46 0 21 12 19 
49 21 9 11 25 50 13 6 1 28 28 40 21 46 27 24 6 40 19 18 38 9 31 32 3 0 20 41 
48 48 35 28 19 25 6 30 27 4 41 11 10 29 31 10 48 39 44 34 18 3 38 10 7 2 0 45 
32 40 40 27 9 6 10 15 9 16 1 9 15 15 16 50 21 15 29 9 39 8 50 34 44 9 37 0 
