46
4
35 0 11 48 21 
19 8 0 10 41 
46 28 5 0 11 
17 23 21 16 0 
30 0 45 41 48 
38 45 0 43 40 
32 32 5 0 35 
23 20 23 49 0 
9 0 27 1 12 
5 22 0 19 4 
19 17 10 0 50 
46 44 8 21 0 
18 0 28 3 4 
27 3 0 37 40 
18 9 40 0 37 
3 26 18 27 0 
6 0 6 2 41 
23 10 0 11 9 
27 37 30 0 22 
36 44 44 38 0 
25 0 35 17 46 
17 19 0 23 7 
41 11 44 0 47 
32 32 1 43 0 
49 0 34 44 40 
42 17 0 49 9 
17 44 28 0 40 
23 15 5 25 0 
15 0 2 13 19 
9 23 0 10 37 
34 46 1 0 12 
17 15 27 45 0 
37 0 37 24 2 
50 4 0 47 8 
37 9 29 0 24 
42 33 34 26 0 
6 0 20 32 31 
20 32 0 35 27 
25 8 7 0 47 
17 37 42 3 0 
18 0 33 3 37 
42 4 0 25 12 
5 6 33 0 1 
44 37 46 1 0 
12 0 25 7 47 
33 47 0 26 6 
2 48 28 0 43 
48 1 41 50 0 
17 0 26 6 9 
30 47 0 35 3 
46 21 26 0 15 
49 35 33 39 0 
12 0 6 35 43 
31 45 0 20 22 
8 48 35 0 45 
26 32 14 5 0 
15 0 33 34 18 
31 37 0 22 15 
40 4 2 0 13 
21 12 7 18 0 
15 0 40 31 43 
16 49 0 20 23 
7 35 2 0 33 
12 41 27 14 0 
7 0 22 50 16 
2 15 0 8 25 
35 20 3 0 27 
44 8 1 46 0 
42 0 18 30 37 
1 22 0 39 16 
14 12 12 0 46 
36 40 3 50 0 
28 0 39 7 50 
12 41 0 17 1 
32 6 9 0 47 
47 44 29 49 0 
35 0 6 41 45 
11 40 0 13 35 
33 34 3 0 41 
3 13 40 45 0 
17 0 3 50 6 
2 1 0 34 2 
1 30 6 0 45 
14 43 20 21 0 
33 0 14 11 30 
49 9 0 39 38 
26 22 17 0 28 
38 27 48 19 0 
17 0 14 30 44 
44 24 0 48 34 
23 40 45 0 32 
35 18 21 41 0 
15 0 33 8 40 
2 11 0 47 9 
14 13 30 0 30 
35 7 14 25 0 
32 0 37 29 1 
13 27 0 27 9 
16 28 8 0 10 
14 8 3 8 0 
2 0 27 14 6 
19 9 0 18 6 
17 21 30 0 32 
45 18 50 16 0 
27 0 21 1 49 
40 20 0 28 38 
6 50 24 0 25 
4 38 46 7 0 
10 0 23 29 9 
43 8 0 6 23 
20 23 34 0 43 
47 46 15 49 0 
28 0 42 33 44 
7 4 0 19 32 
49 26 1 0 20 
35 43 3 30 0 
26 0 24 22 22 
40 42 0 23 20 
15 28 30 0 17 
36 36 42 11 0 
35 0 26 47 12 
5 2 0 50 6 
5 48 10 0 18 
7 37 39 27 0 
20 0 5 17 24 
24 43 0 9 37 
19 14 29 0 29 
25 2 46 13 0 
35 0 41 35 9 
46 42 0 26 25 
24 16 18 0 43 
32 6 13 29 0 
40 0 3 47 32 
20 19 0 37 43 
17 11 43 0 41 
23 22 32 3 0 
2 0 48 34 17 
2 30 0 32 29 
29 43 1 0 8 
26 17 6 14 0 
2 0 1 40 22 
5 15 0 44 16 
4 43 43 0 36 
49 35 2 3 0 
35 0 15 41 34 
22 46 0 27 11 
22 18 3 0 27 
19 30 18 50 0 
5 0 29 40 22 
32 11 0 49 38 
4 18 14 0 10 
38 47 31 45 0 
41 0 48 24 11 
27 22 0 42 7 
24 30 1 0 37 
12 17 48 24 0 
26 0 43 31 20 
46 30 0 21 25 
17 4 31 0 5 
32 18 24 25 0 
38 0 9 37 21 
7 7 0 24 33 
37 34 49 0 3 
10 12 27 37 0 
20 0 40 34 45 
16 11 0 50 11 
28 50 44 0 24 
42 38 25 7 0 
6 0 26 49 3 
31 28 0 18 19 
19 48 33 0 12 
32 18 15 6 0 
27 0 44 35 43 
34 29 0 10 28 
10 26 43 0 8 
14 1 42 50 0 
9 0 43 47 34 
13 24 0 7 42 
22 16 26 0 18 
28 38 30 11 0 
35 0 39 47 48 
3 33 0 23 28 
17 22 44 0 6 
36 11 6 19 0 
