47
9
22 0 18 20 8 10 11 42 21 36 
42 31 0 8 8 4 46 33 36 50 
15 13 4 0 20 8 50 1 1 20 
39 33 34 38 0 23 15 46 11 31 
33 46 40 15 30 0 31 34 11 46 
15 43 14 37 41 22 0 44 26 13 
37 2 10 20 7 10 42 0 4 38 
2 5 8 43 12 43 16 1 0 41 
11 50 33 24 37 48 5 36 8 0 
6 0 2 42 13 45 48 3 9 9 
21 13 0 39 30 23 26 43 32 7 
39 23 31 0 21 21 41 32 33 26 
30 14 16 13 0 16 22 3 37 2 
47 40 10 10 41 0 4 35 45 38 
2 31 28 7 31 5 0 41 17 14 
27 35 32 1 31 12 23 0 23 45 
44 8 48 18 28 37 25 47 0 42 
47 29 32 28 37 26 4 30 3 0 
49 0 23 34 11 22 50 8 26 2 
21 46 0 9 49 37 19 9 41 38 
40 35 4 0 41 33 35 14 45 38 
33 49 49 6 0 48 2 10 25 50 
12 33 37 48 10 0 2 35 4 1 
34 49 42 14 19 46 0 39 14 46 
49 8 40 49 48 28 13 0 25 27 
4 16 49 8 39 12 19 47 0 9 
1 43 25 2 6 30 34 30 46 0 
46 0 20 31 3 17 34 6 11 18 
10 13 0 35 10 36 36 26 32 39 
2 26 11 0 31 45 23 38 39 22 
21 48 2 11 0 15 18 32 17 6 
47 2 50 15 2 0 28 45 9 34 
24 42 7 40 26 25 0 42 32 5 
36 16 25 9 15 29 13 0 36 13 
16 50 49 18 28 20 30 29 0 30 
39 38 24 33 36 37 39 15 47 0 
16 0 32 22 28 20 33 14 46 2 
32 39 0 38 22 3 17 15 30 10 
36 6 15 0 37 10 48 45 3 45 
31 4 30 39 0 20 50 32 48 4 
41 38 30 16 5 0 33 19 49 41 
43 18 35 8 18 6 0 28 3 9 
33 29 22 25 33 18 38 0 33 43 
22 43 19 38 40 6 13 24 0 42 
30 21 2 32 19 12 8 3 36 0 
11 0 24 36 24 11 18 42 50 20 
33 17 0 5 13 28 22 41 47 6 
22 6 28 0 29 45 44 15 48 32 
7 1 10 11 0 18 31 33 28 10 
7 48 33 2 46 0 40 37 31 8 
37 18 44 31 42 22 0 6 36 48 
8 32 30 42 10 14 36 0 35 50 
10 23 49 25 31 50 13 34 0 50 
24 21 10 39 43 15 37 28 31 0 
39 0 27 9 38 5 32 34 25 46 
30 15 0 38 20 16 12 41 27 9 
10 13 38 0 44 18 9 23 33 16 
38 20 40 16 0 6 33 33 47 9 
41 23 19 17 41 0 6 5 33 19 
13 5 5 49 48 16 0 6 28 15 
43 46 9 1 16 22 17 0 46 6 
7 15 10 5 37 19 3 1 0 5 
40 43 23 33 39 36 40 11 29 0 
11 0 40 22 24 10 29 19 41 1 
1 41 0 8 47 1 45 50 49 18 
10 8 18 0 36 46 48 12 17 35 
43 11 8 23 0 11 5 43 6 6 
35 33 6 31 37 0 46 18 2 11 
47 43 43 28 33 41 0 19 31 3 
11 25 45 25 13 43 45 0 26 30 
44 28 30 3 5 45 39 16 0 16 
12 29 21 23 19 44 37 15 24 0 
42 0 16 28 17 5 30 3 32 31 
12 10 0 21 14 37 11 16 24 24 
31 45 39 0 49 39 18 25 7 2 
32 39 7 1 0 38 48 20 3 11 
3 28 24 50 1 0 23 14 28 6 
46 49 43 10 7 45 0 20 6 21 
35 44 28 10 43 49 29 0 21 44 
25 12 22 23 44 35 1 14 0 47 
1 32 45 17 35 12 13 29 9 0 
10 0 23 33 13 31 32 28 36 9 
34 43 0 35 26 22 30 29 40 16 
34 24 5 0 9 10 43 48 20 25 
26 18 10 16 0 48 14 41 19 49 
11 13 31 40 45 0 9 26 18 22 
12 26 10 15 38 46 0 46 29 5 
4 2 13 41 15 12 8 0 3 18 
50 18 45 22 36 4 32 19 0 28 
36 45 30 47 33 43 21 36 44 0 
15 0 12 31 15 21 20 9 37 17 
36 21 0 48 19 33 43 42 26 50 
28 41 41 0 7 33 20 18 10 35 
26 8 19 21 0 20 29 18 43 41 
37 36 47 25 13 0 49 37 47 49 
30 17 12 38 5 8 0 43 44 46 
4 9 29 12 47 12 36 0 34 30 
48 15 1 19 1 40 2 5 0 41 
3 3 28 42 20 37 21 38 43 0 
23 0 39 3 12 28 26 33 15 35 
13 26 0 39 36 39 30 20 39 32 
48 11 17 0 22 36 50 17 41 42 
18 13 39 43 0 41 9 19 14 46 
27 37 37 25 37 0 37 6 39 29 
2 17 14 49 23 31 0 5 23 28 
27 2 3 3 45 38 35 0 16 3 
46 21 36 31 18 26 35 43 0 3 
45 24 25 30 16 48 21 16 24 0 
28 0 20 40 8 38 18 32 42 12 
43 24 0 42 50 41 21 35 10 19 
44 21 50 0 38 15 30 29 10 50 
3 47 36 6 0 32 29 15 7 46 
13 39 33 19 49 0 26 14 42 19 
11 46 33 4 46 7 0 29 28 45 
24 40 5 11 30 28 18 0 30 46 
27 38 43 14 36 34 26 23 0 22 
37 26 22 24 24 24 12 18 15 0 
18 0 49 1 30 27 5 34 41 18 
42 2 0 10 5 1 20 31 38 4 
27 48 11 0 50 29 24 35 42 3 
24 1 16 32 0 49 12 13 1 31 
45 48 11 38 30 0 45 17 34 21 
13 32 26 3 44 37 0 21 35 20 
5 18 20 28 45 35 3 0 11 41 
2 11 4 48 42 50 40 36 0 40 
43 39 19 16 34 45 4 23 11 0 
27 0 22 7 30 11 14 42 9 34 
11 18 0 4 26 36 19 5 15 24 
18 15 40 0 26 13 9 47 28 47 
2 39 35 25 0 25 22 25 26 40 
35 22 50 40 6 0 34 17 29 19 
37 17 4 1 12 19 0 22 37 9 
22 2 9 48 33 33 18 0 41 20 
50 37 43 32 2 11 29 21 0 43 
25 28 9 6 9 35 41 11 12 0 
44 0 1 28 16 4 39 14 4 24 
32 37 0 40 17 22 16 14 18 43 
26 6 15 0 44 22 41 26 47 9 
1 16 43 24 0 8 23 22 25 40 
42 34 33 5 18 0 49 37 48 34 
4 9 7 44 42 42 0 43 15 5 
47 1 30 37 40 8 30 0 14 38 
31 8 29 17 45 48 26 23 0 35 
10 21 38 17 7 25 7 22 38 0 
2 0 7 24 2 32 43 19 25 25 
11 6 0 44 25 26 5 11 6 40 
6 38 14 0 10 18 20 7 33 45 
18 31 44 6 0 30 18 20 29 7 
15 30 27 36 49 0 21 23 15 17 
41 36 46 33 6 2 0 35 2 35 
24 43 40 4 45 49 49 0 1 44 
31 6 26 27 5 48 49 47 0 27 
14 20 39 44 37 3 3 17 48 0 
50 0 35 26 43 21 29 34 47 36 
18 11 0 35 28 38 48 27 42 10 
42 15 31 0 49 35 10 25 22 33 
46 30 6 37 0 1 29 2 50 17 
19 39 36 48 44 0 9 12 31 36 
43 36 32 42 18 45 0 44 12 3 
17 2 1 17 18 49 46 0 38 17 
31 31 10 7 27 39 32 8 0 4 
25 44 22 22 37 4 24 33 37 0 
1 0 5 13 12 44 40 26 35 48 
17 3 0 22 37 2 6 42 32 50 
27 37 10 0 44 10 11 42 19 18 
32 45 15 47 0 43 35 13 45 34 
5 20 38 21 31 0 42 41 16 5 
32 39 43 16 31 6 0 4 47 47 
28 8 45 2 20 25 22 0 44 40 
34 20 10 38 25 7 23 38 0 13 
13 6 6 18 3 45 6 10 31 0 
26 0 17 15 10 43 47 38 35 38 
39 3 0 50 14 49 37 2 7 46 
45 45 14 0 36 44 43 44 42 41 
41 10 5 50 0 46 10 44 47 28 
25 25 28 14 50 0 40 20 34 35 
13 49 8 19 16 46 0 50 12 16 
17 41 23 23 17 1 6 0 48 26 
33 40 7 40 20 3 10 27 0 33 
19 32 45 25 16 11 9 31 44 0 
34 0 23 44 10 1 35 44 28 6 
5 3 0 9 27 9 3 15 37 44 
28 23 30 0 6 10 40 14 32 30 
22 43 25 13 0 14 36 8 22 25 
32 24 40 23 46 0 43 47 5 24 
24 42 23 43 10 29 0 17 31 8 
14 29 13 5 46 20 5 0 23 35 
31 42 39 23 20 37 28 33 0 14 
5 6 27 38 9 5 16 40 40 0 
7 0 29 33 47 47 34 29 44 44 
13 28 0 28 20 18 24 9 16 13 
35 2 23 0 37 15 28 16 12 26 
31 27 20 9 0 39 7 30 49 45 
2 35 46 6 44 0 26 43 16 6 
36 36 39 4 30 44 0 42 31 39 
17 21 15 6 32 36 9 0 49 18 
24 5 39 22 40 20 30 7 0 31 
18 30 8 48 45 50 22 30 27 0 
37 0 27 48 27 17 9 19 13 28 
30 46 0 4 10 48 46 8 19 12 
17 14 46 0 20 25 23 13 24 2 
31 20 27 16 0 34 2 10 22 22 
20 48 38 31 4 0 28 42 50 11 
28 9 32 12 40 26 0 38 6 17 
31 18 2 26 14 43 7 0 38 44 
2 15 13 2 1 27 24 39 0 22 
24 37 10 19 28 26 12 36 16 0 
20 0 19 30 2 28 29 36 29 4 
21 45 0 34 46 24 17 34 40 35 
49 26 9 0 6 39 2 4 15 19 
7 13 41 27 0 14 29 27 38 19 
14 1 38 34 17 0 22 23 4 44 
39 28 14 44 35 39 0 41 13 10 
8 14 31 29 48 14 11 0 30 16 
14 44 31 5 19 36 48 21 0 39 
48 15 10 37 34 35 9 16 37 0 
5 0 13 29 2 36 1 20 19 24 
38 35 0 4 25 24 37 7 10 10 
13 34 9 0 28 46 14 50 44 48 
50 22 31 47 0 21 33 27 6 17 
37 12 9 31 35 0 50 12 11 36 
36 24 42 23 30 24 0 26 46 32 
28 27 17 16 3 43 4 0 20 48 
44 42 15 22 48 19 21 20 0 48 
2 33 49 9 17 36 28 15 21 0 
7 0 28 42 7 22 26 1 50 29 
1 22 0 10 17 28 15 3 19 19 
22 15 26 0 24 3 10 27 24 13 
33 19 11 31 0 38 38 22 47 43 
6 37 21 40 21 0 48 40 20 48 
39 36 6 35 7 48 0 18 7 1 
45 33 26 33 31 48 13 0 18 32 
18 20 35 22 45 31 23 48 0 32 
49 33 44 28 35 33 13 39 39 0 
8 0 49 13 14 14 32 38 28 14 
18 24 0 7 23 27 4 17 22 50 
14 17 41 0 26 12 10 16 19 24 
8 17 49 43 0 20 43 9 6 19 
19 5 7 4 35 0 17 17 5 24 
26 26 6 40 11 13 0 33 49 22 
49 32 38 3 48 45 8 0 31 11 
16 26 4 14 15 22 35 48 0 18 
44 10 33 24 9 7 36 40 43 0 
19 0 18 6 37 10 22 21 11 24 
32 17 0 7 12 47 4 7 2 30 
21 12 12 0 34 6 13 46 39 40 
40 25 23 31 0 18 8 3 39 14 
6 29 16 33 44 0 4 49 4 32 
11 33 14 29 18 8 0 27 16 28 
32 35 13 43 42 21 32 0 32 37 
1 2 49 49 10 8 41 1 0 23 
15 38 19 8 36 3 32 35 7 0 
26 0 11 7 16 4 3 30 22 5 
2 13 0 38 45 1 12 18 48 2 
33 13 24 0 6 39 17 36 13 28 
10 24 49 10 0 12 7 15 7 21 
31 36 48 47 19 0 38 4 39 39 
35 21 38 7 41 39 0 1 49 23 
34 21 22 40 31 42 25 0 21 48 
6 42 1 31 31 45 42 37 0 13 
5 36 44 36 3 50 29 1 42 0 
41 0 3 33 11 10 14 35 31 36 
49 42 0 5 6 23 49 41 48 48 
38 4 41 0 43 16 4 26 46 13 
30 48 18 22 0 11 30 50 35 19 
16 46 32 38 47 0 50 9 43 46 
8 49 14 46 46 5 0 3 41 47 
2 48 37 29 35 15 1 0 6 33 
18 27 31 25 7 38 30 25 0 2 
16 1 8 41 35 24 9 18 47 0 
49 0 34 3 14 20 21 34 48 38 
32 38 0 11 18 37 41 17 41 16 
16 34 43 0 27 16 21 3 38 41 
39 11 13 13 0 21 17 18 3 22 
31 5 8 10 42 0 9 1 48 38 
42 48 14 17 25 44 0 9 43 35 
4 23 19 32 11 32 31 0 45 37 
25 20 18 45 1 35 20 37 0 37 
8 6 42 35 26 18 34 12 41 0 
27 0 23 37 20 5 28 33 14 30 
4 49 0 45 27 30 47 22 26 29 
21 48 48 0 29 48 39 8 1 38 
43 20 47 1 0 49 49 42 4 23 
1 6 15 40 12 0 37 5 16 38 
42 32 27 46 14 1 0 40 14 15 
43 48 25 48 12 4 41 0 40 45 
34 3 50 46 35 26 25 21 0 20 
15 31 36 11 24 32 2 16 20 0 
11 0 48 7 46 12 36 34 49 6 
48 4 0 45 11 50 23 42 22 13 
38 46 47 0 1 22 43 32 26 33 
30 33 24 43 0 47 46 35 30 43 
39 38 42 15 13 0 37 21 27 18 
26 4 32 13 19 3 0 20 14 20 
23 11 27 14 15 37 3 0 5 17 
32 5 7 49 27 20 31 4 0 35 
22 23 34 11 31 45 26 6 22 0 
2 0 18 14 22 24 34 26 12 20 
16 26 0 23 6 13 8 21 39 22 
11 28 28 0 12 33 16 18 49 41 
37 13 30 32 0 39 9 15 1 38 
3 10 32 24 23 0 15 1 15 29 
13 16 11 26 40 42 0 23 15 29 
45 41 35 49 5 26 43 0 40 49 
40 35 37 14 42 12 21 18 0 29 
41 38 6 13 12 18 37 5 33 0 
31 0 11 23 38 10 25 31 20 11 
3 5 0 6 6 31 33 16 11 31 
42 49 25 0 49 6 23 14 32 27 
23 32 30 18 0 12 50 43 13 30 
27 3 25 13 33 0 22 2 19 14 
23 36 7 23 48 1 0 38 46 6 
9 32 6 1 25 28 48 0 8 38 
31 36 44 7 13 19 4 40 0 8 
6 30 17 4 48 37 10 41 47 0 
20 0 1 35 29 30 17 44 35 32 
25 26 0 28 47 15 25 34 21 34 
21 17 23 0 39 20 8 43 33 16 
40 6 34 19 0 42 34 32 29 8 
4 3 6 27 13 0 29 37 30 15 
30 9 16 42 20 27 0 4 40 24 
24 31 31 27 36 48 1 0 4 30 
48 6 35 45 16 36 18 31 0 19 
28 44 5 45 2 41 44 13 24 0 
1 0 49 36 8 15 3 11 8 48 
28 27 0 17 9 27 9 49 40 24 
30 36 44 0 30 24 40 9 27 46 
20 30 29 40 0 34 23 24 50 6 
44 41 41 32 35 0 8 38 40 5 
3 19 17 46 46 13 0 18 14 28 
30 22 25 47 49 39 7 0 41 28 
20 38 43 44 35 27 4 6 0 50 
33 48 2 37 42 35 35 7 8 0 
30 0 24 35 17 23 20 46 44 29 
31 47 0 42 2 26 44 30 19 3 
12 9 34 0 41 43 40 14 35 16 
26 44 31 41 0 12 43 32 28 18 
43 3 16 24 48 0 41 49 23 9 
8 32 23 9 7 23 0 32 24 48 
24 39 32 46 4 38 4 0 20 1 
48 41 36 50 21 49 26 37 0 17 
37 38 11 44 42 20 32 6 4 0 
44 0 18 37 8 9 38 45 9 39 
37 48 0 50 29 20 29 41 1 33 
24 8 11 0 25 33 21 7 46 36 
38 31 48 12 0 15 48 34 11 3 
14 41 33 48 5 0 12 10 40 39 
17 9 18 33 3 41 0 38 8 48 
43 20 36 17 2 13 2 0 8 29 
41 25 34 3 45 10 26 27 0 11 
50 26 4 50 15 43 32 41 38 0 
19 0 5 28 7 24 7 50 42 42 
18 48 0 39 20 46 48 34 19 16 
5 14 14 0 9 7 27 31 38 33 
45 44 5 43 0 35 12 26 34 3 
1 35 1 28 4 0 3 19 9 29 
22 31 31 6 17 46 0 27 27 27 
24 10 48 2 27 37 24 0 5 49 
37 25 14 28 44 12 46 33 0 35 
16 28 11 11 40 49 48 9 7 0 
2 0 40 28 10 16 8 35 3 25 
5 50 0 8 15 4 50 5 33 34 
16 44 37 0 20 10 34 11 12 50 
17 13 20 50 0 4 18 30 23 15 
22 28 9 6 44 0 42 38 42 33 
28 1 24 11 7 8 0 16 33 16 
21 33 30 44 49 5 9 0 18 40 
5 6 47 41 36 32 35 34 0 6 
25 10 1 46 32 19 2 34 12 0 
27 0 6 7 13 34 22 3 10 40 
36 28 0 29 5 48 26 3 33 36 
37 38 16 0 42 27 23 3 41 23 
15 25 1 12 0 43 16 44 32 13 
34 42 22 25 39 0 26 42 50 7 
28 21 13 25 44 49 0 33 15 47 
46 35 29 35 11 44 50 0 38 35 
40 24 36 13 12 16 14 19 0 42 
15 13 49 40 1 28 16 26 21 0 
10 0 41 32 2 29 28 20 48 48 
34 50 0 32 28 25 2 42 3 26 
21 15 9 0 48 12 25 8 18 3 
48 6 35 2 0 19 36 24 41 48 
3 38 46 8 44 0 14 19 30 20 
10 37 38 48 48 48 0 3 46 11 
12 13 29 8 45 11 26 0 23 42 
13 32 31 47 5 35 5 40 0 16 
30 14 22 45 30 33 5 49 32 0 
15 0 50 8 38 50 24 25 12 28 
19 45 0 43 35 32 22 22 6 48 
39 14 33 0 3 44 9 32 23 32 
40 17 34 47 0 4 47 30 12 23 
35 26 33 8 23 0 43 8 36 45 
23 45 32 1 24 25 0 35 16 35 
49 13 6 50 6 28 42 0 35 46 
45 23 42 47 6 21 49 38 0 30 
16 32 42 40 46 9 14 9 28 0 
1 0 40 44 10 12 38 12 31 49 
18 35 0 21 6 17 38 48 13 13 
4 27 40 0 12 2 36 45 19 35 
44 10 18 47 0 36 47 50 42 46 
3 36 11 5 35 0 25 23 32 4 
10 11 15 4 43 33 0 47 11 33 
39 39 38 8 15 43 3 0 18 22 
32 21 49 24 6 26 42 45 0 27 
2 50 42 15 40 21 33 36 9 0 
21 0 41 17 35 1 26 15 12 3 
8 45 0 22 18 2 18 4 42 12 
5 37 5 0 40 13 48 7 45 12 
41 24 50 18 0 26 30 35 33 28 
5 47 20 24 9 0 45 23 34 1 
6 34 48 25 12 49 0 10 29 49 
5 31 29 20 29 7 15 0 25 38 
3 41 19 42 34 19 40 50 0 45 
42 31 28 11 17 29 47 1 11 0 
14 0 16 13 2 8 48 31 31 3 
50 35 0 19 13 9 34 7 20 44 
33 14 1 0 29 35 12 4 18 48 
22 45 14 1 0 23 28 46 2 9 
26 2 33 21 12 0 4 17 41 15 
27 30 22 45 4 48 0 35 15 38 
11 35 32 1 49 41 1 0 10 36 
39 50 13 41 18 8 25 32 0 19 
11 12 3 47 13 45 48 28 39 0 
