48
22
17 0 42 22 30 33 14 4 1 26 4 2 17 23 43 1 50 10 3 50 32 22 43 
41 1 0 10 27 28 41 3 21 1 3 32 25 11 17 42 42 29 4 48 6 36 17 
7 39 15 0 13 45 8 38 13 15 5 18 25 2 22 21 6 37 14 48 5 3 49 
36 49 32 34 0 9 18 24 47 35 17 7 24 44 21 12 15 46 46 34 38 39 28 
7 36 16 21 22 0 23 17 35 8 31 15 8 4 17 32 11 50 20 39 18 20 2 
18 29 28 50 44 22 0 18 3 22 16 11 9 42 46 19 38 47 1 30 50 10 26 
10 36 17 46 34 36 46 0 14 49 21 8 6 19 37 44 22 30 45 18 5 10 49 
48 46 25 36 42 12 24 38 0 39 21 42 42 20 42 34 49 39 32 7 9 17 40 
2 36 28 33 44 25 22 35 33 0 5 17 11 38 22 22 48 45 35 40 11 33 38 
14 27 17 3 39 31 7 36 48 2 0 33 9 44 39 8 10 19 50 17 4 38 38 
26 10 4 12 28 41 38 23 20 6 7 0 15 23 2 16 42 37 42 29 47 7 16 
28 30 28 33 41 35 17 40 45 30 50 27 0 2 8 49 28 4 16 49 26 33 27 
2 30 17 7 44 27 14 25 25 41 31 10 32 0 25 34 45 1 3 7 30 11 28 
15 46 1 8 43 9 38 14 49 32 34 1 28 48 0 17 35 41 40 27 20 5 9 
46 42 26 25 44 9 15 47 19 3 17 25 16 21 6 0 37 34 5 38 12 43 50 
27 31 47 36 29 17 12 18 3 41 23 6 1 10 32 19 0 15 29 49 3 14 31 
35 3 33 46 29 5 7 23 33 43 17 47 16 45 29 9 31 0 49 35 2 1 26 
2 10 21 47 5 16 40 9 13 41 36 46 47 44 3 33 38 7 0 12 30 9 31 
40 4 45 37 40 7 49 1 18 13 30 10 2 23 26 33 1 41 33 0 25 31 26 
11 20 49 35 6 48 11 29 41 21 17 22 20 17 3 18 26 33 11 12 0 23 24 
16 37 43 31 8 6 7 21 47 35 50 15 44 25 39 6 1 1 41 40 23 0 10 
43 30 4 9 31 34 16 1 14 19 4 38 4 13 42 26 41 6 22 20 24 33 0 
22 0 6 24 28 30 20 32 11 22 33 2 7 44 13 27 49 25 24 6 47 21 32 
11 6 0 21 26 14 26 10 36 18 3 36 11 9 48 36 4 4 46 19 4 47 21 
37 48 20 0 30 49 43 31 49 15 27 12 40 45 18 7 4 7 7 1 37 16 49 
21 34 5 30 0 13 22 20 10 29 18 35 41 20 24 7 35 27 18 5 19 39 10 
49 19 3 18 47 0 50 40 12 3 11 6 38 27 36 25 20 30 10 30 5 48 45 
6 5 48 34 48 22 0 30 33 32 47 11 12 35 37 27 45 25 20 21 18 16 25 
36 33 47 21 11 8 39 0 45 40 34 12 5 14 49 20 14 3 19 33 20 29 9 
27 16 1 39 43 35 35 11 0 35 31 30 32 20 16 38 27 12 22 45 38 8 28 
1 31 23 29 25 12 18 3 35 0 46 46 27 6 31 20 22 15 5 10 29 50 31 
25 33 29 5 27 26 7 11 25 42 0 2 50 16 21 16 15 10 24 44 32 46 34 
36 44 10 7 7 40 8 41 28 29 29 0 20 6 41 50 21 36 42 46 25 21 4 
25 7 16 50 7 50 45 37 36 18 36 42 0 47 36 45 20 19 18 4 35 15 24 
22 46 15 26 16 39 38 2 37 22 13 33 19 0 4 41 7 34 8 46 41 43 11 
35 15 44 14 26 16 23 28 22 37 39 2 36 21 0 36 31 35 6 49 35 31 15 
30 14 18 42 30 13 35 46 39 25 31 11 11 1 32 0 2 14 23 30 9 50 26 
45 17 18 20 22 3 23 40 42 9 30 21 35 31 47 34 0 36 11 44 26 48 15 
21 25 10 36 50 34 43 27 5 23 15 4 20 1 24 11 41 0 33 24 49 33 23 
31 41 16 2 5 30 37 20 16 25 29 30 46 44 11 36 3 39 0 48 15 4 8 
6 32 11 46 10 26 20 12 3 49 32 49 44 19 21 49 30 14 41 0 36 8 41 
26 40 6 31 1 6 30 35 2 19 19 24 35 34 41 9 20 11 50 4 0 22 30 
49 48 50 42 16 5 10 35 25 19 1 16 7 21 41 30 26 15 33 18 48 0 14 
30 21 35 37 8 21 44 30 36 4 19 46 42 8 32 9 40 25 25 18 44 1 0 
23 0 20 28 21 18 41 35 36 22 5 33 36 18 29 8 29 48 40 41 45 33 48 
48 11 0 30 34 48 17 25 8 44 30 20 30 48 15 10 37 3 3 45 1 32 15 
14 7 41 0 3 2 12 27 36 27 50 19 26 23 17 42 35 44 19 11 15 11 3 
16 39 31 43 0 19 12 37 39 50 32 16 33 48 23 43 45 15 14 31 9 3 21 
11 22 43 44 46 0 19 10 27 40 18 4 11 41 2 23 10 44 16 49 39 50 37 
11 40 20 19 42 49 0 4 48 34 3 50 46 28 9 1 26 17 19 29 24 42 49 
29 37 33 41 23 6 20 0 16 10 15 21 25 12 3 25 27 27 12 24 43 34 2 
11 45 25 14 9 19 50 30 0 10 27 45 12 11 33 36 2 26 48 28 18 43 36 
26 4 47 48 1 40 43 18 50 0 50 15 28 26 39 17 10 47 2 17 31 5 45 
30 1 42 42 41 25 36 26 15 17 0 10 26 19 21 17 12 18 10 38 42 27 46 
48 34 8 48 35 17 1 26 2 13 31 0 31 25 47 6 10 49 18 33 24 35 49 
18 50 20 47 43 36 35 7 43 14 18 34 0 4 9 34 44 41 19 26 39 15 48 
46 39 47 20 6 8 12 20 10 3 11 49 16 0 8 28 38 25 16 41 46 20 18 
14 41 44 48 27 6 27 15 49 46 34 21 5 32 0 50 23 31 28 45 23 4 16 
24 5 43 26 17 3 44 10 48 19 29 28 26 7 27 0 8 31 6 44 46 5 16 
15 46 3 47 38 2 35 14 1 47 14 48 18 40 5 1 0 40 24 21 39 48 16 
42 28 7 44 47 23 47 40 30 9 11 9 40 47 24 20 15 0 43 26 35 19 32 
14 28 39 38 4 31 17 20 26 16 18 50 4 26 40 45 6 13 0 17 12 17 6 
38 10 50 9 28 20 9 28 14 14 47 11 14 30 5 9 20 17 23 0 11 33 46 
41 40 43 48 31 21 37 13 18 7 15 8 41 30 38 46 4 48 11 48 0 3 5 
3 44 12 11 40 48 44 1 40 7 24 42 19 10 16 30 39 38 42 1 46 0 41 
46 7 40 26 22 24 14 25 1 35 44 37 37 50 36 20 32 40 20 17 18 9 0 
35 0 49 12 29 31 24 9 23 6 2 9 13 48 6 22 14 26 20 38 15 7 39 
49 32 0 23 16 45 20 6 3 32 29 23 38 22 41 14 44 44 40 16 28 30 43 
29 25 2 0 30 48 19 14 50 30 3 3 46 50 30 6 15 29 40 17 4 20 30 
40 10 35 32 0 1 33 26 48 50 29 10 7 4 49 14 15 22 38 40 33 50 21 
36 27 41 35 38 0 30 11 27 12 26 24 49 35 43 46 17 19 31 24 32 4 24 
37 44 26 7 1 15 0 19 29 15 37 31 20 25 9 41 16 45 47 37 23 17 34 
34 6 15 22 19 5 20 0 9 10 18 18 12 40 47 9 32 30 47 9 33 12 37 
18 16 18 38 27 3 36 28 0 45 31 8 3 11 21 42 29 46 14 9 6 28 13 
2 13 19 44 8 14 18 41 15 0 35 23 47 38 50 5 32 28 18 24 33 24 38 
5 38 37 38 41 1 1 45 24 6 0 10 5 14 5 20 34 45 23 10 5 16 23 
30 15 33 43 25 15 36 42 32 46 40 0 14 9 32 8 20 24 17 40 21 11 17 
38 33 36 50 12 45 23 2 23 20 23 32 0 8 23 5 49 27 37 9 33 24 14 
16 50 47 39 26 25 50 44 15 46 13 14 27 0 1 7 26 3 42 19 31 24 21 
42 27 24 35 15 25 41 4 12 29 43 24 18 36 0 3 24 19 48 3 29 6 28 
19 45 46 5 42 2 34 18 14 44 41 46 9 20 15 0 42 11 25 4 11 34 35 
21 4 33 21 23 29 23 22 28 45 16 15 8 30 40 11 0 34 39 21 45 15 50 
33 23 28 34 10 28 38 29 26 45 44 35 25 43 23 22 29 0 5 45 43 16 46 
30 44 12 35 2 50 41 15 41 39 20 21 21 11 43 40 19 45 0 34 50 20 21 
21 24 6 47 38 12 10 16 50 23 34 38 43 35 22 26 26 38 38 0 11 5 5 
15 4 23 12 29 40 36 50 9 16 27 9 23 39 29 6 13 29 5 25 0 40 47 
37 34 18 9 19 44 19 47 13 10 17 17 9 3 25 27 34 21 31 50 15 0 19 
11 34 12 34 47 21 26 9 6 31 16 19 17 39 44 20 22 43 31 13 4 17 0 
43 0 7 30 27 31 36 46 35 45 40 33 19 23 35 48 36 48 49 21 4 4 36 
1 41 0 36 36 33 14 50 39 19 3 15 45 41 5 4 21 41 40 14 22 36 27 
36 48 17 0 10 23 37 45 33 42 1 13 7 7 40 41 45 4 32 35 7 21 31 
5 29 44 44 0 32 27 8 31 41 33 50 25 5 39 19 23 42 14 44 37 11 15 
32 34 48 14 30 0 46 37 32 37 30 6 6 44 39 17 29 5 18 26 11 10 31 
8 32 36 3 26 32 0 41 22 14 35 20 41 47 10 46 19 48 13 45 9 46 21 
20 49 46 31 6 13 9 0 26 11 50 5 1 27 17 29 28 20 6 42 15 17 22 
37 4 42 8 34 37 21 14 0 17 1 35 37 13 37 8 46 26 28 14 38 24 21 
36 46 33 30 40 20 43 40 18 0 32 4 48 13 42 39 49 30 23 5 48 34 4 
17 40 4 42 21 25 30 14 2 29 0 48 16 18 46 25 5 47 1 21 27 33 4 
34 15 24 16 7 27 49 41 34 26 37 0 32 30 43 26 48 50 19 10 5 30 26 
50 47 25 43 25 26 27 4 27 7 21 13 0 7 39 19 6 18 4 16 12 46 23 
30 36 17 32 30 49 2 3 18 29 24 9 15 0 28 41 14 2 24 15 30 49 31 
12 17 37 37 30 45 2 7 40 19 30 28 18 39 0 27 44 47 28 3 25 40 43 
40 49 25 41 15 4 2 43 48 16 24 49 25 50 46 0 43 19 8 2 11 40 6 
29 38 10 3 38 9 28 37 28 25 42 19 28 38 13 39 0 30 48 6 48 22 15 
5 20 15 27 49 4 10 45 24 29 4 34 21 38 32 12 16 0 43 15 12 38 50 
7 6 23 8 31 30 28 4 6 43 35 14 33 41 39 11 11 24 0 27 33 2 14 
16 44 18 25 8 19 32 13 33 11 27 5 13 9 5 42 23 30 18 0 20 23 11 
50 7 5 41 24 6 33 42 35 6 49 44 40 29 40 6 23 10 22 43 0 11 25 
37 28 29 30 7 20 2 48 16 32 41 6 45 11 21 17 45 27 31 41 26 0 22 
7 19 19 26 2 18 8 9 48 31 1 26 20 27 13 45 49 13 41 37 40 17 0 
4 0 35 35 30 36 6 15 46 12 20 49 16 22 10 11 31 19 34 41 8 35 11 
5 20 0 41 45 5 1 28 18 1 40 32 41 16 34 42 22 33 2 44 3 19 32 
28 5 6 0 3 34 18 45 7 47 33 32 43 31 15 39 41 2 15 18 45 19 10 
34 31 45 28 0 40 47 2 40 14 33 43 23 43 37 39 2 18 10 24 45 43 50 
9 23 4 27 33 0 42 50 29 35 25 13 18 21 25 9 7 29 48 5 8 19 50 
1 8 23 3 3 1 0 48 8 21 25 17 35 22 22 24 13 15 11 40 35 48 18 
11 25 16 15 43 12 32 0 26 41 35 31 10 22 47 5 31 40 50 32 28 4 39 
2 37 3 38 33 17 34 44 0 19 34 2 33 48 48 37 39 8 37 27 45 34 32 
5 13 50 28 8 34 22 41 4 0 21 15 22 24 30 12 6 29 15 43 47 17 47 
8 40 49 7 44 2 42 46 2 9 0 6 20 32 40 38 6 10 50 23 29 31 32 
19 27 25 8 27 2 8 12 3 38 16 0 8 6 11 29 1 41 21 49 8 19 6 
17 4 48 22 18 24 6 43 25 39 16 26 0 21 23 33 36 25 40 38 40 7 18 
4 25 35 28 27 9 9 2 30 24 14 13 11 0 22 10 6 35 35 7 10 13 28 
42 30 40 7 19 5 47 9 20 30 50 49 50 24 0 37 41 47 47 35 23 9 43 
13 8 13 12 27 20 6 4 34 47 5 27 33 5 38 0 21 40 4 6 22 4 34 
13 12 22 37 19 44 38 10 26 41 19 49 18 32 44 8 0 29 27 3 17 47 4 
44 24 41 32 4 27 7 31 18 37 40 29 46 1 40 41 1 0 13 17 24 21 15 
8 35 38 6 27 33 26 29 19 38 38 10 19 49 46 37 40 11 0 3 46 24 33 
10 39 37 44 18 38 27 41 1 23 33 30 16 7 44 49 1 25 5 0 39 19 2 
42 36 33 42 45 14 23 6 21 26 42 26 25 50 19 33 15 38 3 29 0 38 15 
27 39 33 40 43 42 11 29 42 35 15 8 48 2 11 26 44 13 18 45 2 0 8 
38 40 32 45 31 18 10 17 36 40 15 27 9 44 10 6 22 32 46 43 35 7 0 
12 0 17 3 17 23 39 45 41 11 43 13 20 1 43 8 49 12 43 19 25 49 25 
44 21 0 43 17 17 38 42 37 50 10 24 32 29 16 43 14 46 22 22 46 30 22 
14 39 43 0 17 48 23 20 3 25 10 8 37 23 32 25 6 23 8 50 24 43 4 
47 20 15 42 0 6 49 47 48 3 4 46 22 8 4 25 1 40 19 18 47 35 15 
24 42 43 11 40 0 41 49 15 47 6 29 10 43 23 3 7 17 22 6 28 7 5 
42 2 24 21 32 22 0 18 32 7 47 20 33 47 23 50 46 10 7 49 39 8 40 
43 48 12 2 48 34 2 0 46 41 8 8 19 1 42 37 20 9 27 48 15 50 33 
41 11 27 31 7 22 13 50 0 30 19 47 3 9 27 10 31 25 34 30 11 6 13 
25 28 22 8 9 41 48 22 41 0 43 41 11 8 1 25 18 27 30 34 42 28 40 
23 49 34 11 10 29 3 14 36 39 0 28 29 37 49 9 50 14 22 2 8 28 5 
12 49 19 9 6 7 7 1 27 14 35 0 36 6 24 25 48 31 19 19 28 8 2 
33 29 15 27 10 28 16 12 40 20 12 18 0 37 36 42 2 24 46 7 35 12 14 
44 1 44 35 26 17 42 33 40 1 48 11 16 0 41 45 30 48 30 36 15 24 15 
24 38 38 39 6 29 46 23 21 23 41 20 36 14 0 34 25 3 49 21 8 31 12 
21 27 20 2 7 45 49 28 50 47 40 30 28 6 47 0 37 11 13 38 17 30 25 
20 47 6 32 47 23 28 37 45 17 34 12 18 12 20 4 0 22 2 25 44 24 44 
30 6 36 28 29 16 39 8 21 15 32 47 7 24 47 26 48 0 26 50 14 2 23 
46 16 38 36 18 7 41 36 43 37 1 27 17 50 46 19 45 12 0 49 38 47 20 
31 22 6 46 8 47 4 49 44 11 42 7 11 21 41 43 49 32 17 0 35 23 45 
46 31 8 48 31 30 32 38 16 15 27 26 35 17 31 22 50 45 32 44 0 44 41 
35 10 39 25 29 2 14 17 21 12 48 36 27 26 39 10 16 25 18 7 46 0 27 
31 35 36 25 13 28 32 23 4 29 2 5 46 48 9 7 2 30 25 49 45 15 0 
29 0 50 41 6 33 40 30 8 27 37 46 9 30 5 39 4 40 37 36 49 9 19 
35 22 0 30 42 2 9 24 39 32 47 33 16 7 37 34 8 45 42 43 46 3 15 
10 38 18 0 5 18 48 40 38 14 47 7 10 16 19 26 42 39 21 34 39 5 49 
26 14 49 3 0 20 33 42 44 6 13 17 20 13 43 24 48 42 26 49 45 34 36 
10 48 22 16 33 0 3 4 23 12 14 10 11 12 5 6 15 28 8 46 20 42 44 
43 47 7 33 19 42 0 29 9 40 11 16 41 5 2 32 5 1 40 41 33 1 4 
10 3 32 20 42 27 49 0 41 49 15 45 16 5 26 9 50 35 13 44 4 24 50 
46 21 50 5 34 23 8 7 0 30 9 43 40 37 5 2 49 50 3 10 50 13 1 
47 39 47 7 46 2 5 29 40 0 48 30 11 8 11 20 37 43 26 34 42 36 36 
24 16 39 5 48 36 13 42 44 25 0 37 45 25 11 9 28 27 7 3 2 20 46 
10 27 48 42 29 14 10 35 16 22 16 0 11 16 31 19 42 4 19 16 48 4 5 
25 13 36 10 28 16 49 28 40 34 17 29 0 7 12 8 7 7 50 33 10 10 15 
29 15 46 29 10 36 3 34 36 22 42 5 3 0 35 6 20 36 44 36 38 33 32 
45 38 25 7 34 48 13 17 16 44 46 10 34 22 0 15 50 7 14 25 6 49 45 
37 2 10 24 1 38 14 39 25 22 32 48 20 8 4 0 4 3 6 22 19 6 48 
10 43 1 35 6 37 38 23 13 28 34 50 1 23 48 10 0 48 25 4 28 20 24 
28 37 2 7 47 4 11 20 35 30 39 39 43 17 23 16 33 0 28 1 2 9 5 
15 21 8 31 6 43 8 47 16 29 29 36 16 15 33 49 41 35 0 12 44 43 4 
11 12 31 31 38 32 43 27 27 18 16 24 23 32 50 16 48 18 12 0 38 15 11 
11 8 2 9 33 34 38 17 41 16 13 11 10 46 1 25 6 27 4 40 0 3 11 
20 42 42 2 50 25 37 45 32 5 40 1 1 23 30 30 49 10 39 10 28 0 1 
12 12 22 4 16 23 13 36 35 25 8 1 38 10 17 32 34 13 30 46 34 8 0 
22 0 10 45 28 46 27 28 45 1 43 34 20 31 31 31 47 10 15 33 47 21 15 
43 1 0 36 21 13 18 26 27 31 32 17 4 41 12 9 38 28 36 8 40 25 15 
17 18 29 0 37 1 38 3 16 14 38 37 8 17 45 43 25 14 11 20 25 13 2 
4 28 40 20 0 39 23 38 47 39 31 41 29 34 18 42 27 18 38 24 16 19 30 
18 34 46 15 46 0 3 22 48 21 1 3 16 15 2 47 32 50 31 28 17 49 6 
17 39 11 25 34 38 0 44 32 1 48 33 25 11 7 25 25 27 35 25 42 11 41 
26 19 4 41 30 36 39 0 43 38 3 31 12 17 7 4 21 20 35 5 39 50 5 
34 41 42 41 8 26 5 44 0 42 8 46 27 13 42 22 43 8 8 44 9 11 31 
44 49 40 18 21 6 16 41 38 0 22 41 22 36 13 50 40 29 14 39 45 11 24 
16 40 45 12 50 27 28 47 46 42 0 45 3 47 43 1 40 5 49 28 2 20 24 
36 42 7 9 44 19 29 31 20 16 21 0 21 34 1 23 9 7 39 14 41 27 50 
27 33 17 8 39 40 9 40 17 10 4 43 0 4 4 6 41 34 10 19 16 22 30 
33 26 10 1 17 47 42 39 39 30 47 37 16 0 24 43 36 30 40 22 31 49 12 
18 41 47 20 4 17 6 4 23 12 29 48 1 41 0 49 39 23 13 48 29 21 24 
46 18 39 32 48 49 31 30 44 41 31 22 9 19 4 0 48 44 26 34 35 8 36 
8 18 24 2 38 41 17 10 33 21 41 44 45 30 32 22 0 19 7 24 44 18 38 
17 30 32 30 35 26 20 22 45 37 17 11 10 21 9 47 11 0 40 13 35 9 10 
31 16 25 25 16 22 8 27 11 15 19 20 2 44 20 8 7 42 0 41 11 27 4 
27 35 20 12 14 23 47 35 31 33 30 8 49 17 6 10 10 48 15 0 18 26 3 
42 41 20 15 27 4 34 21 45 48 34 27 39 40 6 5 9 36 31 27 0 34 36 
41 44 45 4 2 47 32 43 47 9 29 25 43 30 43 49 46 43 2 11 39 0 33 
25 23 28 16 5 6 39 30 38 50 19 7 50 26 20 23 2 38 39 2 2 25 0 
49 0 15 48 27 13 10 40 38 25 24 48 9 20 23 27 37 43 27 4 17 21 29 
6 37 0 30 17 29 23 42 15 22 37 31 50 24 13 19 28 44 30 40 50 26 46 
9 42 7 0 47 47 16 46 13 48 35 4 21 9 12 47 46 31 17 46 11 2 11 
28 20 50 14 0 18 15 33 25 28 22 4 11 28 38 11 32 27 27 20 9 39 47 
46 3 5 8 31 0 49 49 23 4 15 44 48 15 38 48 33 48 31 31 23 7 33 
18 49 34 10 36 50 0 41 20 42 44 23 32 24 47 10 10 34 35 27 5 18 39 
17 30 24 24 35 45 29 0 39 29 17 40 14 36 6 24 22 13 50 33 35 23 1 
26 34 14 1 24 38 48 46 0 47 2 16 29 33 5 37 13 15 46 41 4 15 7 
42 11 12 4 36 12 22 28 23 0 33 16 16 4 40 10 35 21 41 41 33 21 38 
48 7 24 20 36 1 35 37 44 20 0 36 20 42 4 39 20 2 36 25 19 30 33 
13 18 1 47 3 31 26 1 13 33 36 0 4 13 6 31 17 27 21 44 36 40 47 
30 35 48 7 46 2 39 5 8 2 9 16 0 44 6 20 39 48 5 12 44 7 4 
34 39 41 34 39 36 10 4 26 44 44 17 38 0 17 49 47 35 24 12 9 25 35 
46 48 12 26 47 39 23 39 25 47 41 27 1 10 0 16 12 14 4 46 5 27 15 
23 28 18 4 40 2 20 39 33 48 29 50 43 44 23 0 14 39 22 31 37 20 47 
26 12 17 39 32 24 11 9 14 21 8 32 26 34 8 44 0 49 22 20 37 15 43 
48 1 18 22 40 50 15 25 25 40 45 26 2 7 38 2 21 0 47 28 24 35 9 
42 12 19 39 6 46 23 9 18 34 33 34 15 16 22 10 34 11 0 44 39 46 18 
37 50 32 2 7 48 1 24 9 41 8 40 9 7 4 1 44 19 2 0 16 23 12 
43 19 43 22 30 11 13 18 30 47 13 25 26 19 7 5 39 26 8 45 0 26 43 
26 25 7 16 7 34 17 26 38 31 46 26 8 14 10 35 18 41 11 42 11 0 12 
27 35 32 35 45 40 31 26 8 29 37 1 43 18 15 15 5 30 1 5 9 32 0 
29 0 50 12 44 46 4 9 18 34 34 33 15 49 23 35 23 39 28 46 13 24 18 
40 8 0 21 42 21 4 36 32 41 6 3 45 6 32 23 1 44 27 18 40 45 3 
19 29 20 0 43 30 33 41 23 10 47 9 12 11 5 23 5 34 5 33 2 44 27 
12 4 17 4 0 50 38 35 19 46 34 23 38 40 42 23 28 24 4 42 18 46 7 
37 45 21 19 28 0 40 43 13 8 44 9 42 18 17 27 27 33 3 39 41 2 26 
40 24 16 32 32 7 0 32 29 11 26 31 6 18 22 33 32 10 46 27 33 26 29 
29 48 25 7 1 48 22 0 39 30 5 6 11 5 47 3 47 8 37 31 30 34 34 
11 13 49 5 44 2 43 44 0 15 19 50 11 46 18 7 26 6 35 7 22 47 27 
50 7 18 37 29 14 38 40 2 0 47 46 45 38 13 8 47 4 21 47 36 41 37 
12 44 2 35 41 33 31 47 23 13 0 38 35 13 43 38 8 23 30 6 25 17 3 
16 1 31 44 18 10 31 37 25 11 37 0 14 46 24 35 44 23 6 10 6 25 34 
8 3 1 15 9 46 48 18 30 16 21 9 0 29 1 5 48 15 22 17 36 38 27 
49 49 48 14 23 29 7 1 16 12 29 33 44 0 28 43 3 1 35 39 8 32 21 
44 37 46 35 40 26 41 38 39 39 47 32 5 2 0 18 45 24 20 11 30 50 9 
31 47 8 27 5 12 22 32 47 30 46 28 6 11 19 0 39 40 32 10 28 23 40 
37 12 23 41 36 6 12 20 48 2 22 35 7 50 28 13 0 22 30 17 8 42 17 
37 28 47 7 27 35 30 29 20 22 37 41 11 46 5 14 27 0 16 20 28 33 44 
7 21 5 20 12 28 11 31 12 15 48 20 26 46 45 29 30 28 0 40 19 33 50 
49 16 39 32 9 8 4 2 39 15 34 43 21 26 3 7 24 3 18 0 40 11 22 
43 41 21 9 19 48 37 43 38 14 12 7 23 39 31 30 19 3 27 11 0 27 34 
37 33 25 19 27 23 4 37 1 43 39 28 24 49 11 50 39 6 15 47 27 0 20 
32 15 4 14 26 44 35 16 13 1 46 10 4 38 34 1 22 14 39 2 14 20 0 
18 0 45 16 32 19 19 15 22 46 30 7 17 1 11 16 14 47 10 3 36 30 39 
33 14 0 45 23 17 39 34 2 8 26 7 13 47 9 48 44 25 16 1 42 6 16 
3 38 37 0 24 35 9 17 30 49 28 40 30 13 2 38 46 3 26 39 44 22 31 
10 39 15 8 0 16 3 35 38 36 39 34 18 12 8 37 44 5 26 35 29 27 30 
24 17 46 46 7 0 29 13 25 4 12 44 22 28 49 9 27 43 15 45 12 43 2 
47 46 41 30 10 10 0 22 13 9 44 5 31 16 48 12 21 46 6 26 11 36 22 
24 40 30 38 35 28 33 0 21 35 16 38 23 21 1 5 28 19 3 4 41 3 1 
18 47 34 11 16 23 19 39 0 37 33 16 25 22 2 50 23 26 45 30 39 9 39 
44 44 28 12 16 19 37 23 7 0 45 19 24 22 34 5 24 13 11 3 46 30 6 
7 46 29 4 28 47 28 10 11 15 0 42 30 4 41 34 4 7 50 2 14 26 21 
7 49 30 17 19 2 32 19 36 14 10 0 39 37 32 34 13 42 41 46 48 35 5 
33 43 30 15 40 9 5 4 45 16 30 36 0 40 31 24 11 28 26 28 42 29 29 
20 16 4 3 21 44 8 12 19 29 37 3 16 0 37 38 5 12 24 15 33 19 44 
9 2 43 4 39 31 13 20 20 43 26 5 24 14 0 12 38 39 11 46 33 48 2 
50 38 15 37 24 24 14 5 28 47 10 26 8 2 11 0 18 5 27 49 49 9 44 
27 12 14 24 44 25 35 4 37 36 47 7 3 5 39 3 0 8 39 7 15 16 29 
46 48 7 10 28 22 6 20 35 49 44 6 11 4 24 50 31 0 40 20 24 11 24 
29 1 50 6 29 3 19 10 43 44 29 48 17 17 17 35 47 14 0 48 17 2 49 
14 47 45 36 30 9 9 17 46 42 19 22 19 7 10 23 43 4 1 0 25 7 50 
27 14 37 7 34 47 43 7 26 44 22 31 37 4 12 44 24 11 1 26 0 49 37 
30 45 48 11 25 25 21 45 17 27 43 15 20 32 49 23 26 13 24 39 17 0 26 
50 39 21 7 12 50 30 40 24 31 1 41 34 43 10 23 22 19 36 31 28 45 0 
38 0 23 34 31 45 2 36 39 2 10 20 5 45 10 40 19 13 22 15 27 4 13 
14 30 0 48 7 14 3 42 5 4 36 48 6 1 49 23 32 5 29 5 36 29 42 
21 30 48 0 50 34 4 7 15 16 1 42 26 9 5 33 39 38 34 48 47 7 35 
7 40 10 42 0 46 32 17 37 23 18 34 23 9 18 9 14 19 38 49 40 20 48 
14 25 40 19 49 0 17 41 21 39 32 35 37 24 8 41 42 9 25 48 30 29 24 
43 37 46 16 30 25 0 15 10 49 18 15 10 27 35 3 27 33 50 46 3 30 3 
39 23 44 2 24 28 30 0 24 42 41 19 41 33 3 23 34 38 17 6 30 34 17 
23 15 32 6 39 32 43 48 0 34 27 44 41 49 24 22 29 1 37 30 25 27 24 
41 37 3 50 4 50 13 30 47 0 1 19 22 50 30 20 19 40 48 32 45 8 43 
47 42 5 49 12 10 17 19 50 10 0 41 49 25 46 3 40 28 43 36 4 30 44 
22 27 24 43 9 33 48 32 43 32 16 0 48 40 11 45 6 39 4 14 28 2 10 
32 2 6 24 16 50 21 39 10 4 13 3 0 21 29 25 19 1 34 21 18 17 9 
33 27 6 42 45 23 5 32 41 3 43 13 45 0 23 38 36 17 48 12 5 23 13 
36 37 41 17 31 20 3 30 7 34 44 24 19 29 0 18 25 6 48 35 28 14 11 
11 9 34 3 32 16 18 23 6 12 36 21 42 19 1 0 28 43 35 30 12 46 9 
19 21 5 9 18 43 43 15 20 46 50 25 27 33 33 29 0 39 37 12 35 29 32 
39 48 38 49 24 29 5 50 48 3 16 3 40 14 48 23 49 0 26 31 42 43 41 
22 17 43 19 45 15 47 43 50 12 30 38 33 7 21 19 20 14 0 10 21 48 48 
10 24 44 20 31 16 39 37 4 38 40 49 27 22 7 6 34 41 3 0 6 4 4 
23 3 31 41 2 30 7 17 32 22 43 24 7 20 25 25 34 32 4 13 0 8 43 
48 35 30 50 13 15 30 19 18 43 45 6 1 41 39 40 14 10 31 37 6 0 18 
6 4 16 37 31 9 8 22 2 41 47 31 5 47 12 3 18 43 38 13 5 50 0 
30 0 1 19 34 37 44 18 45 32 21 37 31 29 27 35 26 34 22 12 46 42 4 
10 20 0 37 43 29 11 42 39 50 44 13 7 24 15 19 47 23 14 4 7 10 26 
44 24 19 0 35 19 43 9 17 1 9 9 27 41 49 48 44 16 8 3 43 22 44 
18 23 4 20 0 8 38 49 49 43 35 44 35 26 13 25 45 43 50 31 34 43 4 
48 48 25 20 49 0 29 48 47 5 18 4 1 7 47 32 50 35 21 18 2 17 24 
33 7 24 35 20 22 0 15 3 12 38 1 15 25 7 45 39 40 20 1 46 31 27 
31 26 7 29 13 44 16 0 11 16 41 37 24 15 18 47 14 10 27 33 2 6 17 
50 42 22 26 5 47 32 49 0 2 22 44 6 27 48 29 42 9 22 38 2 23 11 
28 1 42 27 43 26 11 25 14 0 29 22 15 26 15 7 38 39 19 29 18 40 16 
30 10 42 49 36 18 19 11 15 4 0 44 40 15 21 34 28 5 7 39 28 9 16 
34 12 23 14 36 21 33 19 23 5 21 0 12 21 33 36 44 40 43 6 3 14 18 
21 36 1 36 4 12 15 23 30 13 8 15 0 26 31 26 23 33 48 29 46 32 40 
19 3 50 2 43 11 17 46 22 6 2 17 42 0 37 14 50 18 22 5 50 26 9 
5 7 7 6 19 18 11 9 25 19 37 32 18 48 0 36 2 19 4 6 34 41 2 
13 10 39 40 9 33 31 8 41 32 14 10 48 44 46 0 38 43 50 35 13 32 34 
30 11 20 16 14 16 3 2 45 43 19 3 45 48 17 29 0 9 29 29 17 28 6 
19 8 50 43 7 32 12 6 50 28 21 29 31 29 20 43 19 0 15 6 40 37 22 
42 46 50 48 21 14 42 7 35 15 7 24 43 13 17 22 9 21 0 40 39 43 41 
33 16 18 39 10 16 10 14 12 38 19 48 16 5 43 9 11 48 15 0 44 44 6 
22 7 37 8 27 47 6 35 50 49 29 2 13 34 31 33 5 26 47 21 0 3 20 
6 45 48 12 29 50 11 42 25 50 47 27 44 12 2 2 40 13 8 28 38 0 21 
20 14 42 10 29 28 44 39 47 23 4 3 2 42 11 15 19 6 25 9 24 29 0 
5 0 37 40 20 32 3 37 34 13 26 32 35 26 34 20 20 22 33 49 36 4 25 
24 42 0 10 11 42 25 45 3 3 30 47 42 9 6 20 9 47 42 2 14 11 28 
21 17 16 0 27 45 50 35 42 11 39 25 31 13 49 10 22 11 13 39 11 24 3 
39 35 25 15 0 50 14 37 7 35 40 14 47 21 44 45 15 30 46 18 11 20 9 
17 29 43 21 50 0 26 32 40 25 50 5 18 29 31 3 31 50 21 6 4 4 35 
17 17 29 17 27 46 0 33 44 43 13 34 30 19 47 22 30 15 11 26 46 16 15 
42 3 15 14 13 50 47 0 47 6 16 5 32 12 26 43 33 49 36 7 32 7 42 
35 49 13 7 9 21 7 45 0 29 9 20 3 25 26 2 14 33 34 48 46 7 18 
25 38 35 46 37 32 13 40 39 0 35 8 1 18 16 1 7 41 27 41 11 38 46 
12 10 1 17 32 36 4 24 34 12 0 35 17 24 26 22 14 34 26 33 40 21 35 
45 25 8 36 13 27 44 21 6 47 31 0 30 26 26 45 20 50 28 37 15 1 47 
16 2 43 26 36 27 43 15 29 48 26 28 0 15 27 9 47 24 27 31 14 6 39 
37 45 50 46 19 14 27 6 4 6 35 49 10 0 7 44 37 41 17 29 42 18 34 
4 49 12 19 12 4 5 10 35 38 41 27 16 48 0 26 40 9 30 39 24 45 21 
43 16 17 3 3 37 36 15 35 15 21 3 42 2 35 0 50 3 23 2 44 21 47 
8 34 42 47 11 2 8 50 3 45 39 34 6 46 3 10 0 2 18 24 21 3 27 
6 13 6 25 6 9 27 16 23 1 50 46 9 34 11 7 26 0 35 7 36 12 27 
15 9 46 39 48 44 22 34 21 1 45 31 28 30 41 37 47 50 0 23 38 23 38 
35 11 38 19 49 45 42 39 14 18 16 30 48 48 29 17 11 34 45 0 39 31 49 
2 28 7 32 16 40 39 8 13 25 5 27 25 36 2 30 45 27 42 32 0 37 27 
16 48 32 43 9 30 39 39 43 34 8 36 9 10 13 18 29 3 1 7 5 0 42 
26 21 24 43 16 32 40 18 48 49 13 25 13 9 50 24 32 9 19 24 32 21 0 
20 0 39 28 42 17 27 49 40 32 31 23 24 23 12 20 16 14 7 50 25 37 10 
24 35 0 48 5 19 6 21 42 38 31 10 5 2 35 16 25 16 13 20 8 18 32 
3 39 37 0 39 5 16 45 13 25 7 35 11 16 43 44 13 9 43 19 40 44 42 
15 18 10 35 0 1 40 42 38 6 29 43 42 33 10 18 30 2 5 48 26 7 4 
21 42 20 23 32 0 3 4 27 39 28 39 11 25 19 29 21 16 6 21 37 2 6 
19 24 11 35 45 29 0 42 14 42 19 36 11 48 19 15 29 9 39 35 29 41 15 
4 22 35 50 2 32 40 0 43 5 21 2 15 24 46 12 48 9 25 36 25 36 21 
26 14 22 11 6 38 48 32 0 2 23 16 4 21 40 50 46 28 11 25 50 14 15 
10 34 45 20 17 11 31 10 44 0 16 29 34 47 22 29 41 26 2 45 23 19 29 
49 20 25 23 49 14 47 25 50 37 0 7 11 5 39 16 36 21 37 2 43 30 1 
26 38 43 28 17 37 35 23 5 42 47 0 31 35 26 45 45 13 17 14 19 16 43 
27 37 17 41 26 41 31 9 21 27 50 49 0 44 38 31 21 47 11 41 28 32 16 
14 25 4 40 41 27 24 36 30 12 35 34 11 0 6 11 27 12 45 42 46 21 21 
32 36 32 8 15 43 21 4 28 39 11 12 23 43 0 37 36 50 5 36 36 48 38 
15 11 28 25 10 20 49 46 36 36 45 44 43 18 9 0 34 13 31 16 27 34 47 
23 49 34 19 41 26 45 38 11 36 24 44 22 22 31 40 0 34 1 5 33 4 26 
17 30 50 19 28 17 43 6 21 22 4 18 38 29 42 42 30 0 24 1 48 26 10 
21 50 47 38 4 23 47 15 22 2 44 48 32 4 19 22 49 29 0 46 5 15 3 
40 4 34 2 49 43 22 31 32 6 1 8 10 1 23 41 13 20 9 0 6 50 3 
25 40 47 38 23 8 26 22 3 21 45 19 10 43 4 3 24 5 44 42 0 21 39 
48 25 45 18 50 8 17 26 47 10 3 38 30 45 5 11 20 14 6 10 3 0 31 
13 42 42 31 38 11 46 5 13 9 33 37 43 23 44 5 9 18 6 27 24 36 0 
16 0 22 13 10 48 13 35 30 36 11 36 18 13 3 27 20 21 6 31 43 48 45 
6 44 0 2 33 18 16 6 39 4 27 7 27 27 20 18 29 14 33 20 33 23 22 
1 26 10 0 42 28 39 47 1 47 32 39 21 17 20 8 16 46 20 25 48 7 10 
12 37 27 8 0 3 43 43 48 23 15 23 34 43 27 23 27 38 17 42 4 30 25 
38 6 4 48 21 0 48 38 1 8 26 15 42 15 24 15 21 37 5 8 49 10 24 
49 33 28 32 43 20 0 32 8 6 4 30 37 49 21 4 5 22 45 11 23 7 47 
20 1 12 50 12 17 31 0 38 46 32 16 15 8 22 21 39 6 19 19 1 20 12 
12 29 26 44 17 33 33 14 0 39 37 17 2 13 27 20 43 8 15 27 18 8 49 
21 34 14 33 34 33 40 43 4 0 7 28 9 39 34 25 18 50 49 6 33 43 29 
48 7 9 45 19 13 11 4 24 3 0 4 14 8 42 31 35 49 50 24 47 34 11 
25 5 38 37 19 40 16 29 12 26 6 0 43 37 8 25 40 15 27 32 50 33 25 
5 26 27 34 38 16 50 7 9 47 46 38 0 32 4 7 33 45 22 39 45 41 29 
8 16 6 24 10 9 36 48 15 34 28 50 50 0 13 11 35 3 50 30 6 17 10 
47 49 26 22 34 32 33 11 11 39 35 27 18 12 0 29 15 7 42 22 12 33 12 
11 33 4 45 23 10 19 40 16 36 13 49 19 7 48 0 39 26 4 15 4 24 40 
15 24 45 49 7 38 43 38 34 5 28 36 39 44 18 39 0 9 23 42 22 23 50 
15 20 43 22 17 19 17 19 47 29 39 21 18 31 1 24 4 0 32 48 28 2 8 
22 33 19 5 21 37 45 42 13 2 18 16 10 25 6 35 22 25 0 22 16 8 49 
48 18 26 38 39 36 20 11 25 45 48 8 49 11 4 13 49 30 24 0 5 17 37 
4 2 22 26 18 19 10 24 7 36 50 23 36 2 29 33 48 10 23 2 0 28 23 
18 3 27 46 32 9 26 43 43 4 33 12 14 24 17 14 18 1 1 2 39 0 12 
8 26 25 2 34 16 33 14 33 15 9 31 35 20 49 23 37 1 48 14 44 47 0 
41 0 25 38 5 17 35 43 22 1 27 35 6 45 2 21 30 26 11 10 29 21 18 
3 33 0 40 48 15 45 15 1 4 25 19 12 36 1 15 30 50 49 22 11 15 32 
47 29 25 0 48 2 8 26 37 5 16 26 23 22 6 16 19 20 48 8 1 23 11 
38 33 16 21 0 16 46 12 12 7 10 4 21 37 11 23 17 44 7 25 18 21 3 
37 13 29 10 15 0 31 29 25 4 14 9 37 42 43 33 31 42 30 26 43 10 16 
20 1 20 5 47 4 0 4 1 26 6 40 36 46 3 42 7 32 32 34 32 7 40 
13 50 19 31 35 13 16 0 45 42 28 43 22 44 28 40 10 34 26 21 3 39 3 
47 7 47 30 40 36 49 45 0 10 28 9 30 39 20 36 17 19 41 36 32 15 13 
43 25 9 14 17 23 48 9 11 0 5 2 10 3 13 34 5 24 30 47 48 19 16 
13 14 40 21 24 18 7 30 18 7 0 39 35 15 22 21 26 19 26 47 1 17 5 
29 30 17 24 33 14 18 6 35 17 44 0 27 13 46 25 47 50 30 3 31 38 45 
21 19 49 12 35 49 12 22 2 18 49 8 0 36 10 4 1 35 43 13 12 22 23 
41 38 10 26 1 23 27 17 49 36 18 35 9 0 49 26 22 30 20 45 14 16 26 
28 5 10 15 43 50 46 10 19 26 23 48 28 11 0 3 9 48 39 45 35 20 14 
41 1 1 6 25 14 13 44 17 9 8 16 10 5 16 0 36 31 28 22 39 18 42 
12 12 21 15 20 22 22 7 20 31 7 15 15 10 14 37 0 25 33 48 26 9 15 
41 13 1 48 43 12 9 18 14 31 47 49 40 40 36 11 44 0 41 22 11 40 27 
10 46 40 7 23 44 3 40 42 42 33 48 21 9 15 22 29 11 0 48 2 18 26 
19 17 20 25 2 15 39 7 5 49 26 15 3 6 8 37 40 15 15 0 24 40 5 
16 42 20 27 46 22 13 11 13 38 9 35 27 24 37 48 43 39 1 35 0 38 35 
22 6 6 9 15 43 22 34 38 44 36 15 2 28 5 26 19 17 45 44 36 0 38 
6 19 29 35 50 42 23 26 23 5 17 31 21 14 21 38 8 20 40 30 1 15 0 
49 0 13 22 9 44 17 21 35 41 44 50 34 1 38 31 30 44 30 12 12 22 32 
48 21 0 8 41 5 32 9 25 4 7 38 41 21 17 13 41 49 6 6 39 14 23 
31 37 14 0 34 8 29 27 11 19 39 44 17 16 1 1 3 13 39 26 16 40 44 
47 10 17 15 0 17 3 32 6 6 33 18 25 40 22 28 21 25 31 49 44 38 49 
48 4 1 12 40 0 46 43 17 14 49 34 38 40 4 17 44 12 24 29 13 34 12 
50 42 12 30 25 42 0 15 45 18 47 6 48 13 14 14 5 14 36 13 39 20 20 
42 3 32 25 5 32 20 0 26 16 26 16 36 5 10 1 11 21 2 3 19 32 37 
32 43 41 4 30 7 10 43 0 50 45 43 30 1 9 48 1 38 34 26 42 31 31 
33 27 9 4 5 3 16 12 37 0 1 39 5 21 40 34 1 2 13 16 23 26 21 
44 25 10 43 13 20 15 19 44 40 0 7 2 10 15 46 26 3 7 28 39 9 42 
42 46 38 8 18 37 33 14 26 9 5 0 13 33 34 45 12 41 46 48 18 8 49 
49 19 30 20 6 26 10 9 46 38 12 3 0 34 14 5 6 3 29 37 30 15 48 
48 48 32 12 32 41 17 32 41 41 35 43 48 0 19 28 49 31 7 4 17 14 17 
1 31 50 31 8 35 44 20 32 28 35 1 22 33 0 39 45 45 19 42 14 47 21 
19 42 16 36 28 4 48 31 27 48 35 32 48 1 12 0 1 34 33 39 22 10 7 
9 48 48 46 11 36 12 35 25 50 20 30 13 9 16 22 0 8 40 22 1 2 37 
16 40 35 38 33 45 36 10 26 26 12 12 34 19 39 33 44 0 12 19 42 23 36 
13 19 39 3 36 13 25 49 1 9 5 22 32 9 11 23 4 18 0 50 15 24 45 
19 1 26 47 34 26 46 10 33 11 15 31 28 17 50 31 10 23 36 0 27 26 3 
7 12 37 30 22 22 9 2 42 8 12 19 1 38 27 39 30 50 3 41 0 27 45 
7 2 31 45 23 24 8 27 30 48 19 16 44 14 10 4 5 25 2 32 19 0 7 
19 10 16 13 4 21 44 36 25 35 26 13 6 36 50 27 49 36 44 15 29 15 0 
50 0 35 44 14 30 26 46 28 39 45 27 1 33 22 29 11 20 38 34 44 23 35 
40 32 0 9 24 5 28 27 16 39 4 28 5 10 32 20 41 42 18 41 47 47 31 
36 5 3 0 28 49 38 16 6 32 35 42 16 45 12 5 6 22 18 2 23 7 23 
23 29 12 48 0 42 30 47 16 4 27 38 10 46 5 22 27 30 39 1 33 23 44 
13 45 37 8 36 0 36 46 23 46 24 25 14 32 25 16 1 47 36 10 16 31 16 
28 36 16 50 35 46 0 39 13 23 25 50 30 16 18 11 34 45 11 20 31 31 15 
35 33 23 47 11 29 43 0 15 24 7 13 48 18 2 42 36 2 1 35 33 1 1 
14 3 10 49 41 13 42 50 0 46 50 35 13 1 34 28 38 35 10 20 8 1 44 
17 19 1 9 43 9 9 20 47 0 49 14 35 19 20 38 13 38 31 24 24 12 13 
13 5 1 9 9 14 17 25 13 44 0 50 21 37 42 49 32 21 34 41 27 4 37 
49 17 16 8 1 22 22 40 35 28 32 0 4 6 46 9 34 50 46 4 22 36 21 
36 48 34 46 15 6 10 40 34 35 10 26 0 6 35 44 1 14 45 3 23 9 23 
39 33 36 3 24 37 34 46 24 32 2 29 32 0 18 24 5 8 16 30 45 44 48 
44 31 41 24 41 49 33 9 20 13 12 13 9 1 0 11 12 33 24 7 39 12 29 
25 28 4 26 28 9 38 37 44 15 29 42 39 6 13 0 1 47 35 14 15 13 40 
17 19 9 23 45 46 34 7 38 6 37 16 6 13 21 15 0 22 24 22 33 20 48 
35 18 13 6 50 32 28 23 25 47 16 36 11 35 18 5 14 0 42 4 37 27 23 
6 24 50 50 30 32 13 40 44 31 20 20 35 41 11 40 46 3 0 30 16 32 40 
50 21 2 37 47 18 11 30 29 33 21 12 13 40 6 50 3 46 10 0 36 3 36 
16 42 1 27 45 24 47 2 8 12 42 16 24 29 48 44 36 46 29 15 0 2 38 
49 23 29 22 34 47 50 35 6 46 37 15 6 11 36 21 24 37 34 28 25 0 10 
20 47 16 27 2 9 10 15 7 39 35 28 44 28 48 23 40 50 2 24 6 46 0 
29 0 9 24 38 9 15 23 43 32 24 13 39 3 33 6 8 45 42 25 42 40 49 
30 28 0 17 8 23 1 47 34 27 2 4 24 18 8 4 15 1 46 42 14 7 12 
16 5 25 0 15 18 33 6 10 49 15 7 31 29 46 22 1 43 22 46 49 47 11 
36 30 16 49 0 4 31 41 30 50 26 43 19 13 13 33 8 34 14 28 18 3 39 
18 38 29 9 43 0 1 3 20 18 9 15 5 19 46 50 19 30 26 19 20 16 31 
39 11 33 10 18 35 0 39 33 21 30 8 47 12 29 21 46 38 41 27 30 9 34 
5 9 44 38 9 15 35 0 3 49 34 24 37 50 18 26 34 33 19 32 36 39 36 
47 23 34 21 49 34 38 28 0 44 37 23 5 7 24 16 31 26 24 48 18 31 25 
24 26 30 3 20 4 9 9 48 0 23 45 19 13 21 4 39 17 2 16 21 41 38 
15 45 12 2 19 2 43 8 38 22 0 5 22 50 9 42 47 14 34 20 35 39 50 
10 38 12 46 28 38 8 47 3 11 35 0 36 11 35 41 19 36 7 16 41 35 24 
15 41 22 45 47 21 38 32 2 6 50 16 0 35 25 40 23 25 6 1 42 19 45 
38 14 49 7 6 46 49 13 20 49 15 37 23 0 22 24 33 41 38 10 21 9 30 
37 46 1 16 29 13 33 11 40 44 5 21 3 8 0 47 40 15 42 34 40 36 2 
1 49 3 19 50 43 15 13 33 48 36 9 28 3 7 0 41 18 36 31 10 9 22 
32 3 19 17 36 2 24 18 38 20 44 36 46 3 14 10 0 14 40 46 27 12 7 
35 45 30 45 34 24 25 48 10 26 43 29 17 50 50 33 8 0 14 40 15 11 17 
15 43 8 5 27 8 22 41 14 32 10 25 19 24 37 42 18 50 0 43 40 10 18 
43 17 36 15 10 31 33 33 37 47 47 18 31 38 37 30 48 18 26 0 19 12 12 
19 43 32 26 47 16 46 41 23 21 8 47 1 42 19 13 48 42 9 32 0 45 14 
28 2 44 50 5 39 3 26 15 42 7 32 48 44 33 34 35 17 37 47 25 0 27 
11 34 37 46 11 35 20 35 11 31 17 6 15 31 33 47 12 8 39 47 7 16 0 
41 0 20 45 26 30 14 7 42 45 49 40 2 42 10 13 10 28 18 7 30 31 26 
15 42 0 30 3 2 38 6 29 8 28 21 45 44 18 2 36 5 6 28 20 36 19 
17 13 39 0 23 35 3 31 21 41 27 36 15 5 3 47 27 13 20 37 16 41 13 
32 47 17 46 0 8 43 13 1 2 12 41 47 26 17 14 29 4 3 49 38 37 44 
9 29 13 49 40 0 28 44 9 33 20 28 4 32 42 7 39 45 39 9 41 26 24 
25 8 27 30 14 34 0 17 34 18 4 26 38 39 38 33 9 3 35 8 43 29 21 
19 22 36 22 23 15 8 0 11 29 47 18 35 5 5 23 11 15 10 43 49 2 25 
29 44 4 20 7 36 36 24 0 33 33 45 4 39 5 44 42 12 3 27 8 25 29 
21 4 33 28 37 43 21 48 1 0 31 19 45 44 42 19 4 8 23 25 6 14 36 
41 2 16 18 17 24 49 41 23 45 0 50 50 24 1 37 29 50 43 4 35 32 15 
35 45 12 2 24 9 45 5 33 19 16 0 36 14 32 12 20 27 47 50 11 8 25 
45 44 19 18 17 29 23 32 3 30 4 26 0 17 22 6 15 1 40 46 19 12 32 
35 39 38 6 18 31 17 7 35 21 7 11 50 0 18 34 6 42 16 32 2 17 37 
32 38 15 41 14 13 47 11 15 40 13 14 10 31 0 31 12 12 43 16 47 45 33 
19 7 22 38 32 45 49 31 38 11 15 49 7 50 41 0 28 18 5 10 25 6 18 
48 37 9 3 26 31 4 39 37 21 42 50 20 9 19 26 0 31 2 13 35 2 3 
49 11 24 31 22 35 26 12 37 20 27 1 9 36 30 29 20 0 18 27 49 25 45 
7 8 31 32 9 42 24 9 13 22 16 46 38 49 29 45 9 20 0 14 25 35 23 
24 19 50 34 47 3 32 45 8 4 29 5 4 17 1 40 26 34 38 0 28 8 5 
36 14 48 32 50 26 9 8 36 50 10 35 35 12 33 26 46 22 28 19 0 15 13 
18 33 45 12 44 20 45 30 38 7 16 19 34 37 37 15 3 6 36 1 18 0 29 
45 20 33 40 8 50 38 17 1 39 41 23 47 15 37 38 33 40 14 7 13 4 0 
20 0 16 29 46 40 31 19 22 34 15 45 39 38 25 29 4 13 45 42 21 7 27 
28 11 0 40 22 29 15 24 46 37 12 17 42 50 18 12 12 11 8 49 30 6 27 
28 8 27 0 13 9 29 28 19 16 42 48 43 39 18 7 19 3 4 48 38 28 34 
22 47 25 12 0 43 2 35 35 23 27 22 1 34 33 45 16 6 45 19 19 46 26 
45 8 29 45 6 0 43 5 45 32 19 50 44 36 31 38 48 37 27 35 32 19 21 
22 39 34 24 24 37 0 48 4 19 9 38 47 3 18 34 49 46 42 30 28 46 4 
1 40 47 15 29 9 9 0 43 35 15 7 24 36 41 11 32 19 18 47 29 50 42 
6 40 29 20 14 38 31 43 0 2 41 26 19 38 45 28 9 9 40 45 26 25 24 
41 29 33 44 38 15 23 13 32 0 18 4 10 34 7 37 9 45 21 13 42 14 16 
49 17 4 16 4 11 9 8 34 24 0 17 33 50 50 38 21 50 16 20 40 10 9 
16 28 11 21 23 50 45 25 14 33 10 0 25 31 17 41 23 11 13 4 25 34 30 
44 1 8 38 22 25 21 47 23 25 6 41 0 2 26 5 33 38 10 13 10 11 34 
23 25 20 22 31 28 5 7 36 36 25 36 35 0 10 14 36 29 20 4 17 11 36 
20 41 15 15 18 29 26 45 12 25 20 10 28 34 0 19 1 44 43 43 16 39 21 
16 16 41 45 20 3 31 44 6 45 24 38 6 29 7 0 16 11 27 32 42 24 50 
17 26 33 30 18 28 26 11 25 46 48 49 25 50 24 23 0 9 23 14 19 20 25 
37 41 29 40 45 29 33 16 34 47 48 17 49 16 13 41 36 0 4 18 46 20 29 
41 7 5 7 42 39 19 10 29 6 31 42 40 42 2 28 34 48 0 29 10 12 1 
2 9 1 9 10 19 38 11 2 24 6 9 1 22 36 38 37 45 47 0 25 19 42 
37 8 27 22 40 8 20 20 18 11 18 40 6 47 7 34 29 1 22 18 0 4 7 
37 31 41 30 43 46 12 34 13 37 32 10 23 44 33 38 29 31 41 32 7 0 45 
42 11 17 40 32 4 16 47 4 1 38 30 21 46 31 10 15 24 8 34 49 31 0 
8 0 47 25 13 2 41 22 42 28 22 1 42 40 31 14 4 15 9 19 16 33 32 
22 43 0 23 37 8 20 16 18 25 24 47 11 4 20 15 19 2 25 26 12 24 16 
30 29 6 0 1 47 11 10 50 16 33 48 27 25 32 40 15 34 3 26 10 48 28 
46 30 27 44 0 39 46 7 44 41 22 8 6 14 44 31 7 24 5 9 25 8 14 
13 27 46 34 29 0 38 41 24 36 14 18 3 33 27 24 3 22 14 44 22 43 27 
20 19 19 47 34 28 0 29 22 2 24 20 33 18 1 48 6 17 20 4 18 36 44 
39 12 12 5 33 21 34 0 45 32 37 22 36 7 28 16 33 4 14 45 15 13 45 
33 1 9 23 5 17 47 24 0 18 25 41 26 31 7 36 29 45 9 39 7 43 33 
12 32 44 21 41 35 16 40 24 0 22 32 44 29 11 46 10 16 17 49 8 19 47 
46 31 47 9 48 25 19 36 27 6 0 3 1 40 28 30 35 27 13 9 29 2 20 
45 37 29 25 33 35 44 22 9 35 14 0 15 37 13 24 32 37 41 22 38 45 26 
42 29 22 19 31 32 41 37 50 41 45 26 0 36 11 31 24 43 34 43 6 47 18 
37 25 42 17 11 45 26 18 7 15 25 20 45 0 1 4 15 5 13 31 23 36 24 
21 11 27 14 2 14 49 38 46 40 29 25 42 48 0 27 15 21 47 11 32 34 30 
1 17 16 30 21 28 30 30 25 25 32 14 4 32 40 0 47 43 13 20 20 20 36 
41 21 9 7 39 40 42 35 13 5 40 41 10 11 49 22 0 44 21 8 16 16 5 
44 29 44 46 26 25 5 48 13 15 11 16 27 45 22 15 40 0 41 39 41 13 27 
24 14 22 29 48 21 20 49 13 5 21 37 28 31 13 44 15 18 0 30 15 43 26 
31 44 35 5 1 30 32 18 27 25 43 17 5 31 24 47 27 34 29 0 14 2 7 
46 40 18 42 2 47 26 21 11 48 35 49 33 28 45 44 20 41 17 46 0 28 46 
45 11 26 33 20 18 41 46 36 29 24 24 49 45 37 10 28 36 42 6 14 0 45 
32 6 48 46 2 33 15 39 48 7 30 50 46 8 16 19 27 8 31 15 12 6 0 
25 0 10 30 1 8 11 13 32 4 22 32 50 29 21 36 25 17 8 32 48 32 17 
45 49 0 49 30 45 10 10 34 26 50 33 27 31 39 17 1 26 4 27 16 3 8 
18 47 29 0 46 34 2 42 23 34 15 25 8 15 31 3 28 17 4 22 21 46 33 
18 3 40 48 0 9 16 33 29 22 16 15 37 31 3 2 50 26 8 42 4 17 19 
3 23 24 36 49 0 48 38 23 45 33 13 36 29 26 6 37 44 27 41 6 43 9 
44 28 50 1 27 18 0 28 15 29 42 17 49 1 17 24 23 17 35 41 49 22 32 
25 46 24 26 44 40 14 0 16 14 12 26 44 30 47 37 49 22 21 46 30 4 21 
20 31 26 40 13 22 10 7 0 15 44 37 13 3 4 27 2 24 39 1 14 29 6 
23 7 38 28 36 19 13 21 4 0 42 28 4 27 44 50 5 27 42 6 8 47 33 
8 17 44 33 23 20 47 8 29 41 0 43 14 8 20 2 36 36 42 44 44 41 45 
35 50 28 34 3 20 12 10 8 21 9 0 41 50 21 35 3 47 44 25 47 14 38 
12 13 37 30 3 42 7 15 15 4 42 13 0 33 45 6 39 18 27 46 20 33 22 
6 17 21 32 1 34 46 50 19 45 32 47 38 0 16 48 23 18 21 3 44 7 5 
50 37 38 41 48 8 27 49 1 44 5 40 7 20 0 10 22 41 23 19 15 35 48 
31 37 7 40 42 45 10 26 17 40 15 1 18 34 44 0 11 36 39 24 21 44 39 
42 48 9 28 14 46 30 31 26 43 21 2 7 2 34 8 0 16 32 39 26 27 16 
25 7 3 26 29 30 38 31 41 14 4 42 45 9 32 14 32 0 14 46 37 14 23 
31 16 28 42 27 28 23 42 33 19 12 26 24 3 26 38 18 50 0 43 45 2 7 
49 15 8 26 27 2 1 26 30 40 2 3 27 37 49 37 3 10 8 0 50 32 36 
31 19 36 30 39 44 47 47 44 20 21 24 18 14 35 2 2 22 41 7 0 39 22 
24 21 27 39 40 31 48 34 38 3 26 13 35 39 40 47 14 8 30 34 47 0 33 
32 3 20 35 3 2 8 37 9 25 47 9 46 15 4 50 4 16 49 11 32 19 0 
48 0 5 30 47 12 6 8 34 28 6 26 42 39 24 20 5 29 46 26 2 44 1 
17 27 0 44 26 44 14 4 14 35 36 2 14 6 16 6 7 40 3 29 25 48 42 
33 5 27 0 30 31 49 37 4 35 30 25 48 38 3 4 37 12 45 31 14 21 41 
40 26 19 4 0 50 23 7 24 24 20 4 26 45 40 49 15 33 5 28 32 1 22 
40 8 28 3 3 0 3 42 34 45 34 21 42 15 1 12 27 50 15 47 12 7 6 
45 13 9 15 38 48 0 12 26 37 40 40 18 37 11 27 47 20 4 32 40 25 20 
5 3 25 48 3 6 5 0 13 35 40 15 35 14 15 44 39 15 45 22 19 48 31 
2 47 15 2 1 4 46 43 0 30 18 31 25 8 7 40 40 45 6 21 25 5 1 
4 3 47 12 3 31 39 38 18 0 6 22 25 1 29 34 2 5 2 18 42 10 48 
4 40 8 38 50 25 50 16 48 24 0 26 1 44 13 5 40 1 15 5 42 50 25 
3 34 6 12 7 44 1 20 7 14 42 0 6 49 8 5 15 32 14 39 2 8 49 
49 1 35 21 47 16 1 3 38 18 49 29 0 37 24 33 39 19 6 15 29 17 13 
10 38 15 48 36 36 34 41 4 48 17 5 35 0 6 27 37 48 36 19 5 26 24 
8 20 22 31 33 43 46 33 37 30 32 37 41 47 0 7 49 30 16 19 48 14 1 
13 33 39 28 12 32 9 30 11 13 37 36 31 45 27 0 6 4 41 45 22 12 38 
23 49 15 30 31 49 6 4 36 29 11 8 8 40 42 5 0 31 15 24 8 19 20 
50 6 17 12 23 25 12 28 3 42 39 25 10 41 14 33 1 0 10 24 8 27 9 
26 23 37 38 14 49 10 30 49 4 19 3 50 10 13 20 27 32 0 42 8 26 19 
19 34 30 2 42 49 14 14 34 12 44 41 30 44 25 36 11 14 18 0 23 44 35 
7 8 41 5 20 32 34 43 16 19 33 8 5 4 8 13 7 12 17 35 0 21 7 
10 9 30 19 45 42 21 29 41 3 25 34 28 23 11 38 29 33 31 42 47 0 25 
8 23 40 21 28 49 7 7 7 10 15 50 49 32 25 1 38 42 23 38 29 31 0 
33 0 21 27 36 2 20 33 34 4 29 11 35 2 7 30 24 15 22 23 34 46 16 
20 28 0 24 30 13 29 45 39 20 10 47 28 41 20 45 42 48 37 25 23 7 36 
39 14 31 0 19 22 14 28 1 15 45 35 18 1 50 12 22 7 5 40 15 10 2 
39 25 17 10 0 30 23 25 36 10 23 10 34 39 11 50 45 7 31 12 19 45 2 
43 23 19 46 30 0 26 31 20 34 42 27 38 26 7 2 12 35 6 27 29 35 12 
9 18 11 2 23 12 0 48 9 4 41 7 37 32 44 41 34 44 49 6 40 39 18 
7 1 35 44 44 45 47 0 6 43 16 17 31 15 2 35 28 4 19 23 26 39 37 
32 39 25 8 22 1 13 28 0 24 46 24 41 11 10 18 30 19 3 12 48 48 41 
20 1 30 40 50 16 46 37 18 0 14 30 21 20 46 19 36 24 46 44 16 42 22 
8 24 41 26 11 24 1 20 14 41 0 39 41 19 24 29 32 2 47 32 38 28 10 
12 40 40 22 11 33 30 17 4 33 50 0 49 44 6 49 24 6 22 36 48 50 39 
33 30 27 45 8 42 44 48 34 4 44 48 0 13 2 36 39 14 19 41 48 38 6 
42 21 31 24 34 28 42 10 3 31 11 23 8 0 11 45 16 26 38 23 7 50 46 
5 46 43 48 39 17 9 17 7 3 2 28 39 7 0 15 35 9 16 6 24 2 14 
38 41 44 26 45 48 44 4 25 32 7 47 16 35 31 0 36 40 26 2 36 24 9 
21 31 22 39 2 41 29 8 1 26 44 42 9 2 4 13 0 23 12 24 4 29 21 
21 43 41 30 4 24 27 31 23 16 41 29 21 14 5 6 46 0 3 26 18 31 31 
3 25 26 30 32 28 4 41 13 21 31 1 10 30 49 22 38 5 0 31 21 4 28 
1 30 32 41 9 17 16 21 28 11 40 41 41 16 4 24 42 49 27 0 32 4 20 
49 21 5 25 8 25 15 21 37 11 27 25 24 47 49 42 19 37 26 42 0 43 20 
11 19 40 33 18 15 14 32 44 22 25 32 32 12 37 34 10 41 6 7 25 0 30 
14 16 43 8 26 1 30 41 7 12 28 30 11 36 36 26 7 1 8 5 18 5 0 
50 0 43 15 38 6 36 28 35 37 36 45 31 5 24 41 11 39 14 2 3 16 14 
4 2 0 1 1 49 35 35 5 50 21 13 10 16 50 43 39 45 45 14 23 26 42 
35 30 31 0 12 35 47 13 45 3 15 40 37 39 14 37 5 37 43 50 32 37 25 
18 46 8 41 0 18 1 19 8 40 43 38 13 17 21 21 37 50 39 43 5 18 49 
20 30 11 30 2 0 41 8 21 24 45 6 11 12 35 4 45 29 12 27 46 25 48 
49 27 47 16 35 1 0 44 12 39 32 8 20 27 29 30 39 49 29 50 20 20 44 
7 7 10 36 33 6 10 0 31 29 23 24 23 31 34 33 37 6 8 28 12 6 25 
4 43 9 26 15 41 14 48 0 47 6 29 6 21 40 7 49 18 38 2 9 3 35 
47 5 48 47 6 13 23 42 42 0 8 38 33 4 17 28 8 42 20 18 31 27 18 
45 26 14 44 30 8 41 40 11 48 0 22 19 46 5 29 19 36 2 26 5 14 21 
18 39 37 40 21 10 47 32 41 22 9 0 29 11 23 33 12 33 15 1 3 47 41 
11 36 21 24 30 23 35 17 6 22 4 24 0 8 26 8 41 37 32 43 30 7 1 
10 18 45 6 36 24 19 11 4 12 24 28 28 0 1 19 48 31 24 48 25 17 37 
25 37 15 7 5 42 28 20 10 18 35 11 26 4 0 29 24 37 12 48 45 18 43 
50 31 49 7 22 40 1 19 33 32 34 23 43 8 41 0 30 19 28 34 35 3 6 
44 18 26 16 19 7 37 36 28 23 20 33 38 35 9 49 0 21 39 20 41 36 3 
27 3 11 22 33 8 43 20 12 34 41 44 38 32 31 7 21 0 44 33 47 4 12 
4 11 21 7 21 21 8 45 16 12 21 41 41 24 5 48 25 30 0 43 8 11 36 
43 44 47 28 18 14 19 26 9 40 49 16 49 1 1 27 37 23 13 0 17 19 29 
24 47 41 8 2 23 20 4 4 46 1 19 19 28 10 44 3 44 26 40 0 3 31 
42 25 25 5 47 49 43 21 46 45 18 14 20 1 37 10 13 46 6 6 36 0 4 
16 31 33 24 17 44 20 20 41 29 26 43 6 17 33 47 26 22 11 34 1 7 0 
2 0 5 8 10 7 43 31 31 35 48 45 39 10 45 23 23 32 49 1 26 4 39 
38 28 0 45 21 28 17 21 35 45 3 3 9 29 28 17 7 37 27 40 11 45 29 
48 18 7 0 39 25 4 40 13 33 26 3 13 17 30 15 37 16 15 11 50 3 43 
36 1 16 45 0 7 26 12 25 36 43 44 10 30 28 14 40 42 17 45 33 21 28 
7 16 11 37 42 0 50 11 26 1 45 26 6 32 7 23 30 47 15 1 9 40 10 
19 8 1 37 24 27 0 23 44 6 21 23 8 45 1 34 20 34 12 14 11 43 50 
34 24 47 8 18 13 20 0 31 32 12 38 47 48 4 37 6 27 35 3 8 40 6 
34 24 12 23 46 28 31 39 0 45 29 18 20 25 27 41 16 10 11 24 25 39 11 
20 49 3 31 33 29 36 30 9 0 35 10 29 41 23 47 46 17 43 50 44 18 9 
29 28 29 10 15 12 25 43 35 15 0 17 24 5 13 20 15 46 3 4 16 21 34 
10 46 37 19 20 15 44 32 26 46 43 0 11 21 26 3 24 14 25 5 16 1 46 
12 17 19 34 26 2 47 47 41 2 38 46 0 19 33 23 47 42 11 49 4 40 22 
31 44 43 44 13 22 39 30 11 6 33 15 34 0 20 1 37 39 42 35 29 5 42 
23 25 8 20 1 18 33 45 17 48 7 41 37 25 0 41 33 39 26 9 12 41 33 
13 5 49 4 46 5 22 7 20 11 17 40 21 18 37 0 44 22 21 47 17 39 36 
8 44 34 26 47 7 4 10 21 44 1 41 13 4 21 48 0 22 28 23 11 29 47 
24 48 5 23 46 46 4 38 15 25 45 28 47 6 20 21 9 0 16 4 11 41 24 
40 31 6 34 24 25 49 19 44 29 8 12 20 37 22 24 11 8 0 6 34 29 26 
46 35 7 16 28 2 19 8 7 18 6 1 8 24 17 13 23 30 39 0 46 31 17 
21 36 36 34 49 36 5 46 5 8 45 14 35 21 27 9 47 48 1 37 0 22 40 
6 19 29 48 8 49 36 26 45 34 45 30 15 22 30 44 4 34 4 11 14 0 49 
7 45 40 46 36 15 33 42 46 45 45 31 30 17 6 1 29 6 11 29 13 11 0 
20 0 5 7 6 29 4 44 17 33 11 27 7 13 35 9 12 14 22 44 4 38 50 
35 35 0 43 13 39 3 6 48 1 35 37 46 26 35 40 31 36 30 48 30 12 35 
5 23 5 0 22 43 17 42 40 36 9 23 20 20 23 14 17 16 42 11 36 11 42 
21 17 10 24 0 22 34 36 15 7 9 39 1 30 20 9 17 11 40 6 12 50 28 
23 6 15 18 17 0 20 15 7 19 27 24 13 3 38 13 19 46 9 4 22 3 15 
32 20 43 44 9 49 0 32 22 30 50 43 44 44 4 10 5 17 17 1 50 40 12 
27 17 18 21 5 42 45 0 48 8 28 25 9 25 46 25 24 11 16 26 48 48 25 
20 10 44 10 10 41 42 37 0 22 3 25 20 43 26 27 39 45 40 28 33 42 15 
19 36 29 15 30 44 7 35 25 0 43 15 3 47 8 27 46 33 4 6 22 7 22 
35 5 4 50 47 23 22 36 20 15 0 33 6 41 9 31 46 12 49 31 37 29 32 
6 40 29 19 12 50 7 25 27 21 9 0 47 2 25 11 31 47 34 14 40 24 50 
20 42 18 19 15 38 42 7 41 20 44 3 0 50 14 21 29 12 23 30 46 39 13 
47 44 7 7 35 32 3 47 24 39 9 6 20 0 37 2 44 35 19 33 20 30 39 
4 49 25 48 10 19 23 42 10 28 12 8 46 24 0 12 9 4 11 5 45 47 5 
45 44 44 34 28 19 38 11 14 19 33 8 41 8 32 0 37 22 34 25 33 30 31 
45 13 42 28 32 26 16 22 15 36 43 49 5 32 5 26 0 41 5 4 50 15 44 
25 38 33 4 28 18 39 22 20 14 26 14 50 32 43 50 37 0 13 46 42 4 48 
16 42 4 1 33 46 43 20 30 30 16 2 38 5 45 28 49 49 0 33 44 16 29 
24 42 32 23 34 42 18 42 5 24 40 28 22 42 1 27 35 44 29 0 50 35 46 
48 49 44 38 5 9 14 48 9 10 32 38 19 13 19 10 12 2 2 39 0 26 43 
12 11 33 4 27 23 14 40 16 16 44 28 44 34 30 47 38 9 28 7 15 0 30 
46 35 23 39 8 26 32 27 49 47 20 5 38 33 6 1 32 42 34 20 45 17 0 
44 0 41 19 36 31 16 15 43 11 20 29 32 16 49 31 39 15 39 9 39 18 48 
8 39 0 47 47 41 37 27 37 24 45 36 30 41 33 21 23 45 16 13 6 37 1 
26 6 18 0 7 20 44 28 46 12 6 49 47 33 30 40 34 25 28 16 25 46 34 
46 36 8 49 0 19 42 44 44 27 13 11 8 13 41 30 34 17 34 10 28 34 31 
32 45 50 41 34 0 12 41 35 40 12 5 43 10 33 50 22 26 36 2 19 29 36 
36 26 17 49 5 42 0 12 33 16 19 1 16 5 14 50 28 9 32 3 42 24 49 
3 21 31 48 35 46 8 0 24 26 16 2 46 9 24 24 35 8 50 24 7 47 37 
42 45 28 36 22 48 27 21 0 16 38 13 37 24 47 18 7 7 17 25 42 43 35 
14 10 6 26 5 24 25 4 19 0 17 2 16 29 37 20 49 24 10 48 6 1 15 
33 22 1 28 18 1 43 8 32 6 0 45 8 32 19 31 47 44 4 46 12 19 46 
36 8 18 32 38 8 43 15 45 37 35 0 49 27 34 25 28 6 24 11 12 36 47 
22 22 6 2 18 27 17 44 10 39 47 38 0 37 44 10 37 14 35 15 17 12 9 
24 33 42 48 23 17 48 23 2 8 11 39 37 0 46 26 36 41 16 49 1 27 46 
3 40 48 32 18 20 11 26 47 19 35 13 49 24 0 11 21 5 50 47 38 38 39 
27 48 8 15 11 28 45 49 19 12 32 28 30 2 50 0 42 50 28 12 26 11 42 
5 24 48 3 26 20 12 49 4 39 9 14 13 1 24 3 0 9 34 31 48 1 24 
31 22 44 9 22 14 1 19 26 12 28 36 44 34 18 9 2 0 26 38 20 8 44 
19 16 40 50 18 47 20 29 45 14 42 31 43 26 10 18 49 48 0 49 35 14 47 
37 28 8 41 36 1 32 6 11 32 16 38 3 28 19 22 47 5 50 0 47 17 15 
44 13 41 42 50 34 27 40 22 24 31 22 30 12 43 27 11 19 48 40 0 3 10 
16 6 24 32 49 27 2 45 36 17 31 22 34 45 50 45 2 48 29 21 11 0 43 
8 31 49 8 30 20 44 31 50 28 12 35 47 36 18 18 35 1 39 28 38 14 0 
42 0 9 29 48 27 16 18 50 11 33 50 24 49 44 34 42 47 32 1 5 17 4 
10 50 0 49 15 27 34 14 28 32 34 5 44 39 41 30 33 44 28 14 1 17 30 
35 24 37 0 25 35 44 4 8 27 34 47 39 49 29 50 12 39 34 37 33 1 17 
19 6 5 44 0 13 15 38 23 41 17 37 30 16 25 28 3 50 21 25 24 7 22 
47 50 42 1 34 0 32 39 30 14 34 29 18 6 32 20 42 31 40 20 5 43 30 
2 19 14 25 34 37 0 35 16 9 28 11 48 9 5 2 12 31 7 34 11 3 4 
2 48 20 47 33 8 40 0 35 4 3 29 17 48 23 38 9 48 3 46 49 25 2 
7 8 24 16 40 19 9 14 0 21 32 28 49 18 16 6 38 4 27 27 25 24 9 
20 43 7 30 25 22 10 31 16 0 5 29 50 42 12 24 18 19 21 26 41 32 47 
40 50 5 23 4 10 49 19 23 50 0 29 49 39 31 9 10 45 37 4 40 17 23 
20 19 25 44 15 37 9 6 50 33 27 0 23 4 8 26 2 19 50 33 47 33 30 
22 43 24 43 10 9 26 39 38 42 30 18 0 30 37 49 11 45 13 11 17 1 47 
23 16 28 1 35 44 19 5 8 20 40 41 48 0 32 21 23 27 1 30 11 46 35 
44 37 28 40 4 9 5 20 37 16 29 26 21 8 0 15 10 24 33 20 34 35 11 
28 40 40 17 41 23 36 10 38 41 2 38 23 42 23 0 46 41 11 50 39 33 24 
13 22 12 13 8 18 27 47 41 12 1 33 9 39 50 37 0 18 33 34 28 29 38 
25 33 36 24 37 28 43 10 34 47 29 4 27 18 5 29 15 0 19 33 41 50 40 
37 40 33 34 46 4 43 18 5 6 46 25 48 29 27 35 31 50 0 5 32 29 5 
5 5 12 33 32 40 18 16 45 38 38 35 47 46 41 3 32 39 17 0 17 42 23 
9 3 20 26 2 31 38 34 37 19 11 32 36 29 22 14 22 4 1 40 0 11 8 
37 13 33 31 45 29 18 16 15 13 14 32 47 10 14 7 38 37 28 12 2 0 20 
25 16 11 13 31 19 18 14 16 3 13 1 16 7 44 22 37 10 17 22 4 49 0 
19 0 5 32 12 50 16 16 14 12 50 7 18 39 18 21 33 48 49 48 2 47 11 
20 47 0 45 7 13 17 1 19 45 30 16 26 47 7 31 19 19 2 48 2 42 13 
44 48 19 0 27 2 5 12 18 24 3 2 8 35 36 18 44 3 50 14 43 5 28 
3 13 21 15 0 2 29 30 46 5 46 20 7 3 48 38 37 16 47 8 28 7 14 
25 39 22 46 2 0 26 50 48 38 49 9 17 46 6 6 37 3 34 39 28 48 7 
39 29 33 20 6 16 0 35 18 36 28 21 39 39 33 43 6 27 5 47 8 8 21 
49 37 2 33 32 29 44 0 24 40 29 16 18 1 44 14 32 20 34 13 21 13 32 
46 7 18 23 45 48 7 34 0 32 41 50 18 31 47 19 24 35 7 25 12 38 43 
24 22 33 50 43 45 36 13 45 0 38 9 18 41 46 16 9 34 46 18 6 48 26 
18 33 13 17 14 46 50 7 46 1 0 44 4 34 46 41 45 5 12 49 19 47 13 
10 13 6 23 9 26 23 29 45 33 45 0 48 4 50 37 26 31 40 13 38 42 8 
25 38 12 20 18 40 42 7 8 30 30 6 0 24 1 12 42 37 25 34 17 7 12 
10 36 43 42 9 29 31 9 6 9 21 3 39 0 19 12 40 8 34 38 39 25 16 
19 49 27 37 15 40 4 39 5 25 1 14 29 27 0 28 27 32 13 26 50 24 21 
35 22 12 43 31 48 17 1 30 19 37 44 17 45 15 0 22 15 42 5 17 4 47 
2 26 41 35 13 32 3 26 13 26 42 48 14 6 25 23 0 10 7 23 5 46 32 
27 35 10 33 12 10 48 35 45 7 18 39 20 36 2 46 35 0 36 48 4 6 12 
3 19 31 10 47 43 32 49 45 50 2 21 50 7 26 30 20 44 0 28 29 31 35 
31 26 37 40 21 15 22 37 7 42 26 16 32 41 3 2 13 6 3 0 46 13 18 
38 50 37 46 20 6 16 5 27 28 31 18 38 6 24 8 22 18 28 9 0 43 10 
45 35 25 35 28 18 31 22 26 36 23 14 38 37 3 26 45 17 21 3 15 0 49 
35 15 3 47 29 6 35 36 19 4 25 28 6 3 21 36 29 49 24 5 2 46 0 
46 0 25 18 37 6 47 23 11 38 41 45 46 50 11 32 31 40 26 38 40 17 19 
39 11 0 32 50 5 9 39 23 29 11 47 40 19 29 29 42 50 38 14 8 17 35 
33 10 4 0 11 4 48 9 49 18 12 30 27 37 8 6 6 43 14 23 15 12 35 
49 10 42 4 0 2 48 26 50 27 9 2 5 29 22 47 44 6 41 14 30 43 36 
11 42 42 22 37 0 45 46 50 36 2 23 48 12 44 19 1 46 12 24 18 35 21 
25 33 30 34 10 49 0 9 32 1 32 43 14 50 50 12 31 11 32 5 28 24 1 
32 31 11 3 26 6 46 0 3 7 26 1 40 18 10 43 4 35 47 41 4 1 41 
6 48 45 20 39 16 1 42 0 14 8 48 25 1 49 23 8 24 4 37 49 26 17 
13 10 33 2 38 8 47 8 37 0 21 50 41 26 14 9 7 17 30 2 16 13 43 
43 43 10 45 32 28 24 38 17 3 0 16 39 36 35 37 37 29 44 45 6 21 27 
26 10 24 10 49 18 38 7 48 11 5 0 20 17 41 43 44 27 20 35 50 4 48 
26 37 29 24 20 30 2 9 21 7 23 16 0 17 50 21 23 29 6 1 10 5 6 
34 16 18 46 45 36 18 26 21 22 24 29 35 0 37 31 26 48 8 6 40 40 48 
48 2 24 43 23 4 42 30 50 44 43 20 4 13 0 6 24 36 17 41 46 37 1 
43 39 15 34 42 4 8 43 5 16 17 36 18 17 22 0 2 13 14 34 42 22 30 
36 16 34 19 20 24 22 39 49 45 12 47 9 36 28 39 0 13 38 22 7 40 28 
4 18 46 40 3 34 4 28 12 45 30 14 3 50 50 24 35 0 34 21 17 17 22 
25 21 9 36 25 25 1 47 21 16 40 9 13 17 23 31 22 39 0 35 22 34 17 
18 45 34 28 39 40 4 38 36 23 11 32 44 25 31 17 9 30 27 0 15 25 14 
24 44 38 34 1 5 13 33 32 46 39 8 4 14 3 47 36 12 44 33 0 30 18 
49 31 24 49 50 6 30 6 46 19 42 4 22 41 41 6 39 50 26 4 42 0 16 
43 36 21 17 15 13 45 15 22 43 35 7 46 8 10 3 5 7 3 27 50 21 0 
16 0 50 43 13 7 30 23 45 8 27 26 34 38 38 28 33 42 18 12 31 47 50 
20 15 0 45 34 46 37 45 19 2 16 16 23 21 22 25 2 7 15 42 28 36 9 
32 13 20 0 23 25 23 16 35 15 19 25 16 31 29 18 24 34 37 50 39 25 11 
18 16 17 7 0 9 40 12 47 40 19 15 12 34 33 14 24 13 23 3 17 1 47 
48 5 42 46 35 0 34 31 6 29 47 34 22 45 5 6 19 14 27 24 19 30 6 
2 19 45 35 10 11 0 24 28 36 9 10 21 18 13 16 13 5 29 16 34 41 18 
29 13 39 10 18 45 9 0 27 43 33 17 42 4 23 2 1 24 21 32 1 12 25 
12 24 37 44 3 1 23 46 0 3 46 16 34 41 33 47 1 43 30 19 10 16 27 
4 26 9 43 12 4 5 46 3 0 40 7 4 1 15 23 25 42 8 5 48 30 22 
27 20 33 19 5 24 28 3 32 2 0 9 35 20 12 35 10 40 19 41 7 44 26 
28 37 32 32 28 19 39 11 5 19 47 0 33 50 40 11 44 50 32 19 50 8 5 
45 17 45 12 40 32 19 37 7 24 28 1 0 42 46 38 23 46 9 15 21 47 41 
38 37 12 46 49 47 19 10 39 44 18 23 42 0 16 38 17 30 7 43 19 12 24 
6 49 48 16 6 28 36 10 36 37 9 4 29 8 0 50 45 33 23 19 48 35 34 
33 20 5 22 36 30 30 8 29 29 30 14 32 14 48 0 34 41 42 25 29 9 31 
15 38 37 30 17 36 24 20 1 15 39 23 16 29 12 35 0 42 6 31 29 9 31 
25 15 27 37 47 49 33 27 23 6 26 2 5 17 35 7 13 0 45 34 10 28 16 
25 9 48 20 23 6 50 19 49 30 23 35 14 23 3 31 40 25 0 37 24 42 33 
48 15 24 45 50 36 43 37 45 49 3 9 40 19 40 28 27 27 28 0 4 8 46 
29 20 3 13 4 33 6 10 24 4 24 42 12 34 46 28 7 14 27 13 0 36 25 
32 6 33 35 41 12 49 10 47 39 26 3 36 4 43 37 33 11 32 35 26 0 49 
35 48 7 7 32 49 21 14 28 45 10 5 39 48 31 20 42 44 11 14 8 36 0 
17 0 9 48 42 36 21 32 16 32 1 50 34 21 35 28 35 31 50 40 33 11 31 
43 31 0 16 45 7 14 19 38 25 12 42 50 32 48 9 41 13 50 33 12 14 10 
5 5 28 0 46 42 8 14 12 24 26 26 36 17 17 26 41 14 19 48 44 27 38 
42 22 4 30 0 27 40 37 40 50 49 18 34 27 12 18 12 22 12 25 13 39 16 
24 46 32 42 16 0 23 37 14 14 20 33 18 14 7 42 12 31 24 25 34 26 27 
18 34 41 15 24 3 0 47 37 19 14 50 26 48 8 49 35 25 15 4 37 35 48 
1 9 48 12 20 11 31 0 2 39 5 41 47 29 49 1 1 49 34 18 28 2 20 
18 38 9 34 14 46 50 10 0 30 40 43 21 33 32 17 12 33 37 7 18 25 46 
36 1 30 50 35 24 16 21 20 0 8 47 32 42 11 3 36 47 35 3 30 25 2 
5 8 16 19 35 38 1 31 22 34 0 45 23 2 8 5 14 12 26 44 10 21 35 
24 1 41 6 10 48 41 22 16 46 22 0 35 46 22 34 16 39 29 20 39 37 14 
38 20 10 45 32 33 23 27 36 15 31 21 0 35 16 29 30 29 4 41 50 19 49 
2 18 13 33 30 47 38 16 40 32 49 11 14 0 22 47 15 16 8 49 39 10 7 
4 26 38 19 38 10 1 17 49 37 45 39 19 42 0 33 49 4 26 40 21 26 50 
22 25 2 7 34 14 38 34 1 30 39 45 14 37 46 0 12 10 28 15 24 34 13 
16 25 4 5 32 18 5 24 50 40 32 5 5 13 17 31 0 27 37 30 16 36 15 
1 24 29 47 4 42 17 12 6 3 16 10 9 28 4 29 33 0 20 29 28 31 50 
14 9 33 33 45 30 2 28 44 18 28 2 25 30 26 36 15 13 0 7 38 34 30 
39 46 5 40 27 48 5 10 37 8 35 2 10 21 14 21 48 37 10 0 28 9 49 
33 8 4 24 4 47 6 17 21 43 16 35 20 38 29 6 3 5 24 35 0 31 20 
18 23 20 6 22 45 15 21 28 6 21 41 14 47 36 3 45 8 4 20 37 0 42 
36 26 1 27 42 42 34 6 5 24 18 13 41 31 4 48 26 12 2 1 15 10 0 
14 0 30 25 32 21 1 10 16 31 12 33 26 38 45 6 45 3 24 37 23 2 47 
23 1 0 7 6 49 47 33 43 18 36 27 27 12 21 3 10 22 34 47 40 44 7 
30 15 44 0 10 43 31 9 29 15 43 9 17 7 24 26 15 2 13 33 39 44 48 
49 11 33 35 0 43 43 2 4 26 12 4 17 21 42 12 40 5 3 34 39 22 34 
18 46 15 29 35 0 7 32 34 7 5 13 33 16 33 27 9 38 17 28 12 17 47 
13 40 3 35 4 13 0 9 31 6 5 26 15 44 38 20 14 9 45 22 43 6 50 
4 39 26 30 13 47 15 0 18 12 11 18 21 33 25 26 50 4 20 26 27 50 9 
7 1 39 39 39 25 8 34 0 41 25 42 14 36 15 9 24 50 12 16 39 44 16 
48 23 6 45 38 9 41 2 17 0 29 1 46 32 25 41 24 8 41 10 29 21 43 
30 20 40 12 42 31 21 14 11 11 0 16 42 4 17 34 44 37 49 43 39 9 13 
13 41 34 35 33 26 4 26 29 15 46 0 6 44 36 6 27 18 11 32 4 19 40 
31 41 22 25 40 15 4 12 36 32 34 17 0 7 49 28 8 48 45 10 36 33 1 
46 48 24 48 38 10 31 33 8 5 45 24 11 0 44 13 9 36 40 22 18 30 14 
22 27 30 8 50 11 13 37 44 33 8 30 45 25 0 2 43 28 44 31 4 24 30 
23 33 39 35 45 39 10 21 14 15 22 32 26 47 19 0 31 11 21 20 22 12 12 
16 31 50 39 8 44 13 28 37 26 41 43 5 47 19 16 0 17 25 28 24 20 43 
9 13 49 5 25 48 34 10 35 3 18 11 17 9 35 6 32 0 16 9 36 28 47 
42 33 42 22 12 46 5 46 44 38 43 24 23 38 40 3 20 16 0 45 28 41 38 
25 44 30 11 31 11 43 12 16 34 15 13 21 17 13 3 36 38 6 0 40 9 31 
19 44 37 48 16 29 47 44 42 1 6 5 8 48 42 2 16 44 3 33 0 23 9 
9 11 17 24 40 17 30 8 22 2 29 45 26 37 25 33 46 15 16 23 43 0 14 
7 17 9 15 12 34 23 13 37 27 8 10 35 27 31 42 39 30 14 35 30 4 0 
26 0 13 23 5 28 33 49 39 17 1 17 46 4 1 16 25 5 46 35 9 15 3 
38 16 0 2 48 3 4 26 37 9 9 35 4 41 46 43 8 7 40 15 49 10 8 
44 40 23 0 30 27 14 25 18 50 22 39 23 26 8 3 30 31 46 13 31 42 9 
12 50 11 20 0 33 48 40 45 44 17 43 31 23 13 25 23 27 12 12 42 9 13 
15 18 21 36 5 0 27 10 20 36 30 16 36 29 24 20 8 31 27 29 5 28 23 
31 46 36 41 5 9 0 19 1 19 1 50 49 36 43 49 48 44 13 36 25 31 14 
15 37 34 2 3 19 31 0 36 13 4 36 43 38 26 1 14 23 2 1 35 12 16 
36 31 39 28 9 34 34 16 0 20 4 42 18 32 49 7 3 6 50 21 34 38 47 
13 43 6 24 48 30 40 34 24 0 46 2 49 2 4 14 26 11 48 2 48 34 33 
1 20 45 2 8 20 46 2 15 28 0 29 40 18 46 22 35 36 4 27 37 30 47 
16 33 47 3 39 31 40 23 32 41 13 0 31 43 36 30 46 23 21 39 23 31 25 
21 13 37 19 4 26 12 49 22 48 3 4 0 5 13 5 5 31 15 12 43 47 38 
27 37 3 37 6 41 31 6 48 8 16 42 12 0 35 16 21 28 14 12 33 20 15 
28 39 31 18 41 19 40 24 11 39 29 34 36 1 0 17 17 21 22 19 16 1 46 
39 14 1 21 39 11 37 48 31 14 19 13 9 14 6 0 38 50 13 17 24 47 27 
14 29 49 16 4 12 44 40 15 5 15 32 1 18 17 21 0 30 29 38 13 8 15 
15 24 42 3 11 33 22 6 49 27 50 12 1 23 22 24 7 0 26 5 42 50 15 
48 27 14 39 22 30 33 38 37 34 19 49 14 26 24 1 1 12 0 19 9 6 38 
33 39 17 45 49 7 22 13 9 17 16 1 26 15 40 23 12 43 23 0 11 41 17 
43 2 9 46 50 7 25 43 23 41 9 11 45 25 22 27 31 27 16 25 0 25 3 
34 14 1 10 11 29 1 26 36 45 48 17 46 16 36 3 7 16 38 17 44 0 25 
42 16 21 16 1 35 13 47 45 17 42 41 19 46 46 41 46 46 43 48 6 14 0 
13 0 29 29 7 42 28 21 50 37 9 9 9 22 36 39 46 28 16 14 40 50 32 
25 5 0 47 41 8 17 21 42 24 47 19 28 3 42 37 45 44 35 26 46 30 34 
33 10 24 0 11 2 50 19 27 35 17 14 32 5 25 10 1 21 5 30 45 35 13 
41 45 33 48 0 10 34 23 29 14 5 2 41 23 37 17 47 15 22 24 47 12 3 
14 21 38 13 35 0 43 15 22 17 35 50 21 20 30 28 5 41 35 5 7 3 10 
30 14 2 24 34 24 0 40 8 22 38 1 38 31 13 10 48 49 30 14 43 39 18 
42 3 17 38 20 10 31 0 39 42 6 1 5 42 25 11 12 10 42 32 9 14 12 
20 33 49 16 46 44 36 26 0 43 11 21 13 22 50 7 46 4 31 27 33 47 46 
38 27 21 35 37 38 21 23 11 0 31 5 31 33 35 40 5 15 38 3 16 13 40 
35 30 4 11 5 14 38 2 32 31 0 16 25 46 23 45 11 7 49 6 20 50 40 
9 41 18 22 7 50 17 39 30 31 33 0 48 42 42 32 27 33 7 36 10 50 24 
16 9 40 17 10 4 32 5 11 44 40 45 0 21 13 44 33 7 38 36 43 2 36 
42 48 31 3 29 30 16 49 34 41 41 36 26 0 10 33 40 40 13 8 26 20 40 
9 48 22 20 34 50 50 49 25 7 22 31 17 42 0 37 8 25 2 39 12 10 49 
5 36 37 35 1 18 48 23 35 27 16 3 40 34 32 0 10 47 16 49 36 17 34 
14 46 43 42 4 33 38 6 37 9 31 10 44 36 34 50 0 50 33 1 2 22 46 
15 15 3 3 27 16 5 24 13 24 33 21 23 42 42 9 15 0 16 35 29 41 8 
23 31 41 46 26 48 16 17 36 15 13 19 31 29 40 1 6 23 0 2 13 46 7 
27 24 14 43 8 42 18 35 18 43 6 8 42 22 13 31 40 7 8 0 47 38 19 
8 5 11 13 20 14 11 13 28 28 12 16 4 18 33 34 41 25 49 2 0 47 20 
13 23 37 18 39 26 33 45 6 50 20 8 16 10 32 45 22 5 25 6 16 0 28 
47 27 18 45 48 6 17 34 48 36 22 39 42 39 27 2 26 35 30 34 23 12 0 
47 0 46 3 24 3 46 3 45 28 42 5 35 26 11 50 44 29 28 28 23 3 34 
37 27 0 18 44 19 20 29 40 27 32 6 36 31 22 43 24 4 22 31 3 9 31 
35 7 13 0 16 3 32 7 3 6 1 10 13 10 26 6 9 28 33 16 38 16 23 
30 41 31 28 0 2 5 24 7 42 50 26 7 43 12 32 3 18 47 34 25 27 6 
26 18 13 17 18 0 46 45 48 38 21 16 12 28 22 36 25 31 2 29 50 9 10 
38 4 34 45 28 25 0 16 19 5 41 47 24 16 13 16 35 37 29 12 44 13 6 
42 31 35 10 17 44 17 0 33 46 27 47 16 31 9 33 24 18 20 33 19 17 25 
16 4 7 23 9 47 15 1 0 39 15 48 33 13 4 11 18 8 22 3 23 46 20 
27 50 33 7 2 14 11 42 12 0 44 39 18 15 31 4 45 35 21 18 45 39 33 
18 49 47 30 13 1 12 11 16 45 0 29 46 27 8 41 3 45 2 41 47 4 5 
44 46 39 30 15 14 38 33 5 1 32 0 45 32 35 10 23 1 11 30 1 28 45 
39 20 5 47 5 32 26 16 5 42 29 14 0 5 2 42 34 36 49 24 34 40 29 
14 32 26 6 43 23 1 31 17 4 27 49 8 0 20 25 19 10 6 7 40 46 40 
17 18 30 9 32 17 25 32 27 44 6 11 6 23 0 21 49 40 4 15 25 26 25 
37 7 45 22 9 18 39 18 28 1 33 24 16 8 27 0 34 42 34 6 35 27 33 
44 47 14 3 48 12 17 3 25 22 15 42 32 24 15 10 0 9 7 44 9 17 5 
28 32 8 13 23 6 13 31 19 41 49 4 13 48 9 7 20 0 28 2 25 27 12 
10 24 27 3 20 33 26 50 42 18 16 39 20 32 46 36 39 11 0 41 44 3 24 
44 28 11 18 1 3 37 16 7 43 29 17 23 34 36 20 37 31 6 0 20 50 31 
39 24 29 27 11 35 39 42 34 33 9 36 31 50 43 2 32 24 13 26 0 11 23 
11 3 10 13 50 20 24 11 38 33 25 14 40 38 40 24 42 2 28 16 10 0 46 
8 37 3 37 28 35 49 32 8 24 20 16 14 26 18 49 36 19 18 24 46 27 0 
12 0 18 10 5 13 8 33 11 49 46 14 15 46 23 10 13 43 40 12 7 26 2 
44 25 0 25 14 6 43 17 9 48 37 1 32 26 35 27 23 23 41 50 47 25 24 
2 49 31 0 46 39 23 27 29 12 39 1 10 24 36 31 49 2 40 44 41 48 28 
14 14 47 26 0 37 20 18 22 7 30 27 21 23 26 34 11 5 45 32 20 26 12 
31 17 12 41 42 0 24 39 10 3 34 27 25 35 17 50 14 36 7 12 41 32 22 
33 4 14 6 16 42 0 35 50 9 29 2 3 33 30 14 46 29 44 33 47 27 44 
44 49 41 17 11 42 9 0 26 8 36 31 10 34 8 28 37 8 48 26 3 25 48 
23 33 34 20 50 41 29 18 0 9 35 45 40 10 15 15 49 31 44 41 34 21 17 
23 24 47 7 18 42 37 35 22 0 24 19 47 26 9 33 42 43 19 47 41 27 46 
15 44 48 13 22 9 17 32 13 42 0 28 7 11 10 24 43 23 37 32 24 14 22 
22 14 40 7 16 40 2 23 37 31 40 0 27 10 3 10 5 21 28 18 40 12 27 
19 20 48 24 19 50 47 11 10 4 33 44 0 23 34 24 16 43 27 31 41 5 48 
17 34 1 21 34 18 17 4 6 24 10 45 45 0 21 9 43 22 2 26 27 22 37 
45 17 31 26 32 5 35 42 10 22 23 22 4 15 0 23 48 17 30 45 6 48 9 
34 28 40 4 8 50 5 29 15 28 26 30 39 35 40 0 8 36 12 19 15 15 38 
22 23 18 45 21 24 36 47 33 16 39 37 33 3 37 29 0 48 36 37 31 8 45 
46 24 26 39 9 9 44 33 38 34 45 47 6 17 37 13 30 0 32 44 18 46 11 
42 3 3 37 22 8 15 34 29 34 31 27 27 45 20 32 16 28 0 4 1 29 6 
42 36 48 21 43 35 6 6 37 40 50 36 32 23 37 23 37 37 18 0 4 6 11 
16 29 40 43 44 49 16 17 15 45 33 37 12 17 40 2 16 31 29 23 0 47 41 
28 42 13 47 46 44 41 17 34 25 50 31 21 19 31 50 41 8 40 21 26 0 5 
4 46 12 21 33 36 21 37 26 33 14 26 2 49 30 48 3 23 26 48 12 8 0 
37 0 31 46 22 21 16 41 21 34 26 16 23 38 17 35 25 11 5 47 47 50 18 
18 45 0 17 33 21 43 5 17 46 28 43 47 10 32 25 12 16 6 47 5 49 38 
10 29 11 0 14 13 28 12 22 2 16 9 19 13 2 5 38 46 48 17 17 31 39 
31 42 8 4 0 1 50 40 41 1 45 19 30 36 38 23 7 31 27 6 25 26 28 
39 41 19 24 7 0 28 11 49 39 32 8 22 49 19 7 10 28 13 32 12 15 14 
50 34 16 17 16 39 0 18 40 12 7 13 3 4 17 35 28 43 12 31 3 6 38 
23 15 40 4 1 21 49 0 43 43 15 14 25 42 35 8 41 13 23 31 50 21 1 
9 46 16 40 25 1 20 21 0 31 13 9 13 12 2 28 13 38 47 41 19 15 49 
40 29 25 1 20 3 50 8 22 0 7 17 22 6 44 38 12 47 49 24 22 34 1 
17 29 24 6 13 1 35 35 9 2 0 37 11 7 37 16 25 31 18 22 23 42 2 
46 40 47 34 25 27 1 43 46 43 15 0 40 13 46 27 15 40 50 24 38 48 16 
36 46 38 1 46 23 18 7 1 11 10 15 0 34 34 10 30 26 9 34 17 6 44 
46 18 25 20 48 17 28 22 50 5 5 30 5 0 2 47 24 31 28 25 40 42 5 
30 48 13 44 6 11 24 15 4 31 11 42 50 20 0 26 27 25 1 29 29 11 6 
11 4 30 8 33 3 29 7 43 16 3 42 38 28 7 0 5 12 17 49 36 2 24 
20 13 2 27 48 4 3 24 11 13 44 25 38 10 14 48 0 28 22 36 48 39 45 
40 9 33 49 21 21 40 13 31 25 5 37 35 18 7 7 5 0 25 4 19 5 40 
48 14 40 48 41 15 39 28 50 5 36 25 23 44 45 49 34 33 0 35 49 33 19 
21 2 25 47 41 22 17 12 44 20 41 1 11 20 9 23 30 26 24 0 3 26 1 
1 10 45 13 13 6 42 21 35 7 7 30 43 39 23 45 24 18 11 39 0 11 16 
35 23 34 26 40 11 3 9 25 30 44 21 1 15 3 28 10 11 20 24 36 0 34 
44 31 27 21 50 36 2 7 43 37 40 35 26 23 30 37 16 31 19 26 32 28 0 
37 0 23 39 8 43 46 8 1 19 38 31 1 29 3 49 20 11 17 7 19 38 7 
31 16 0 40 30 49 23 45 39 6 10 3 16 45 5 32 42 44 7 50 42 19 3 
4 26 44 0 28 39 47 20 2 19 14 41 30 42 23 19 13 48 35 6 30 33 22 
48 13 8 45 0 39 19 24 1 19 46 39 28 12 15 36 21 35 49 20 4 41 39 
26 15 13 9 24 0 32 9 15 37 39 21 33 28 32 20 44 8 1 28 19 45 45 
42 15 12 5 27 27 0 1 7 11 29 31 9 37 43 33 30 46 43 42 5 10 1 
7 30 38 5 1 41 41 0 19 26 23 45 32 24 49 48 20 5 33 14 30 28 43 
2 19 45 28 12 29 6 36 0 27 40 36 42 8 32 18 22 27 11 16 43 3 9 
15 6 20 35 32 27 38 10 42 0 30 23 15 28 19 11 24 30 13 13 40 46 5 
46 33 41 16 3 33 6 4 15 36 0 40 44 4 39 9 27 47 30 49 17 49 7 
19 43 5 49 12 3 31 4 30 13 13 0 10 11 37 44 17 25 5 4 38 16 38 
25 35 16 22 16 3 16 34 42 29 7 40 0 14 48 12 5 21 4 23 11 6 28 
31 44 29 22 34 31 5 44 14 11 42 32 19 0 20 33 41 38 29 39 46 22 34 
4 22 24 46 5 21 34 1 15 5 33 48 5 22 0 43 45 20 35 29 48 16 46 
48 33 30 43 22 31 16 45 23 10 6 48 41 8 48 0 38 27 35 10 13 46 37 
50 22 15 12 48 43 10 4 17 24 18 9 24 42 17 12 0 49 4 35 21 33 23 
42 8 32 35 47 32 9 45 38 4 50 12 34 8 28 11 33 0 23 36 19 43 33 
30 32 35 7 21 15 36 7 28 26 5 27 31 8 30 14 47 28 0 46 23 37 15 
9 13 8 10 35 39 22 13 35 15 31 10 28 50 1 41 12 44 9 0 32 26 24 
8 7 28 20 31 20 27 9 23 20 47 15 23 23 49 12 30 48 36 16 0 41 41 
47 22 30 30 13 6 17 3 15 5 40 35 5 1 32 15 9 2 36 27 42 0 11 
13 14 28 29 42 50 14 12 46 10 34 18 11 7 40 1 7 21 42 21 6 42 0 
26 0 38 18 49 30 16 39 34 31 14 49 37 9 17 3 34 15 17 39 4 9 30 
2 38 0 41 26 25 9 45 15 36 21 5 22 39 40 12 44 21 49 23 13 30 20 
19 25 49 0 24 48 24 7 26 33 3 33 46 37 30 8 5 41 31 39 16 29 29 
32 37 29 14 0 23 22 47 40 31 47 1 32 20 16 28 2 11 22 9 10 39 3 
40 44 4 32 36 0 16 8 43 24 14 42 40 44 12 46 35 1 35 30 43 22 36 
45 5 10 42 28 40 0 21 17 8 19 41 29 48 36 10 42 37 31 33 38 23 37 
41 31 23 17 7 26 22 0 24 31 46 32 4 49 49 23 44 39 19 22 7 7 23 
50 15 14 10 26 10 49 49 0 11 34 14 8 14 30 20 12 34 46 46 34 39 45 
48 45 37 11 19 43 43 15 17 0 16 31 19 31 9 3 47 50 13 26 32 36 48 
40 41 35 43 25 28 36 27 12 24 0 34 5 18 19 23 15 41 6 7 47 18 48 
28 46 49 11 9 37 46 33 8 7 10 0 1 5 47 26 26 19 15 29 40 5 8 
35 27 42 34 24 36 22 20 26 40 30 43 0 14 40 45 14 19 49 32 29 16 28 
45 18 15 27 39 15 37 42 18 29 44 20 12 0 23 20 25 13 10 11 38 31 21 
21 13 33 37 32 6 46 31 9 26 43 8 32 24 0 20 48 47 8 34 35 23 2 
50 44 28 23 44 45 36 22 18 28 47 25 47 2 44 0 2 34 32 46 37 21 18 
28 5 41 46 5 16 14 4 5 47 48 20 14 39 9 10 0 13 2 45 37 8 15 
11 7 28 19 4 45 24 2 39 36 31 32 17 24 32 48 40 0 20 9 15 23 1 
28 28 39 6 44 24 20 44 42 34 11 13 44 35 19 37 13 19 0 30 3 8 12 
39 32 23 36 28 15 12 26 29 44 43 11 30 50 30 49 2 1 33 0 45 45 48 
21 4 30 48 29 3 7 40 35 20 43 16 40 7 33 8 46 5 32 17 0 6 18 
21 34 5 20 8 15 17 30 20 13 18 42 12 20 6 31 36 10 19 39 9 0 23 
19 15 11 23 16 45 5 29 13 28 42 4 33 47 43 10 46 43 24 5 50 30 0 
48 0 49 46 14 2 16 19 23 48 17 9 49 16 41 9 36 50 23 26 42 50 40 
50 8 0 37 10 39 27 14 27 16 5 23 39 17 13 27 3 43 39 11 41 31 26 
46 35 32 0 2 2 11 44 2 29 9 31 8 49 39 28 43 27 43 9 22 2 4 
26 28 24 47 0 9 47 31 37 32 10 10 24 13 2 28 37 25 4 33 15 26 15 
8 10 14 39 26 0 50 13 18 32 9 25 42 10 5 28 5 2 47 22 42 27 21 
48 25 26 26 16 41 0 18 6 39 37 29 12 20 15 33 20 22 31 25 14 28 2 
50 22 43 24 9 21 2 0 37 44 34 38 37 12 39 13 50 35 23 1 27 20 38 
13 48 36 14 23 32 25 41 0 18 14 43 47 26 5 33 42 32 48 4 3 44 45 
24 33 4 44 7 22 47 3 14 0 2 33 13 9 45 38 46 48 21 12 3 17 25 
45 16 14 9 17 43 41 4 24 17 0 44 19 24 4 11 29 25 3 45 15 50 42 
15 14 46 38 4 37 50 34 41 42 28 0 50 39 39 31 49 6 4 13 11 29 16 
19 40 22 35 35 19 46 9 9 3 25 3 0 1 1 14 29 39 5 4 41 26 3 
42 24 15 23 49 27 48 42 3 40 14 50 45 0 6 17 19 2 31 38 33 33 25 
26 36 38 30 35 27 15 8 8 39 40 17 49 48 0 21 13 21 19 12 18 1 36 
40 2 7 8 13 20 4 23 3 44 20 17 49 30 35 0 19 43 22 27 45 33 25 
10 28 7 20 49 39 11 20 22 16 25 41 46 36 24 27 0 15 45 4 35 36 46 
47 33 49 41 29 2 27 40 41 6 3 15 42 29 1 43 22 0 16 12 33 23 4 
42 9 34 49 45 16 8 32 41 48 40 15 32 25 22 8 11 9 0 44 32 26 19 
38 32 44 46 27 22 24 39 23 3 23 44 41 40 8 30 7 11 33 0 9 16 6 
26 28 48 27 22 14 6 3 40 42 29 24 22 2 5 50 40 36 8 3 0 25 37 
43 38 34 32 1 31 3 33 50 17 4 33 7 17 49 50 1 11 34 21 14 0 32 
16 18 19 6 25 8 22 47 2 13 31 40 36 10 43 41 14 25 1 7 43 12 0 
20 0 40 46 39 1 40 36 48 19 5 23 12 23 17 13 45 7 45 12 3 16 41 
2 17 0 32 40 8 11 48 9 20 7 39 4 48 30 11 37 7 32 12 4 45 26 
17 25 37 0 26 28 20 19 6 46 41 47 29 38 29 7 12 33 25 1 11 35 17 
23 19 19 34 0 35 21 39 30 41 12 47 27 1 8 3 32 33 28 41 14 11 49 
8 19 43 32 30 0 45 50 37 4 34 41 50 2 18 8 45 36 48 18 16 50 35 
33 11 29 50 10 1 0 43 23 20 22 6 24 12 50 42 3 41 44 30 4 9 13 
36 1 6 35 25 39 43 0 43 47 45 49 23 37 32 3 30 36 50 45 32 15 20 
45 29 7 8 3 33 7 25 0 37 47 27 20 26 28 45 25 26 4 30 27 25 11 
25 39 14 11 1 12 8 31 10 0 28 49 17 7 28 29 18 36 11 36 22 9 3 
47 18 6 26 36 11 24 41 2 39 0 45 35 4 18 45 43 33 46 17 6 37 50 
22 10 22 18 47 9 19 19 41 3 2 0 23 43 47 5 25 26 48 7 19 26 10 
22 23 24 11 24 44 29 41 6 3 16 47 0 46 47 4 19 14 15 23 34 48 42 
33 32 25 48 39 8 20 20 49 19 25 12 38 0 50 44 37 36 25 41 1 48 49 
7 46 1 8 21 8 34 42 46 43 13 30 40 43 0 36 26 5 22 21 37 5 48 
23 34 9 5 25 28 30 48 43 48 45 34 26 29 48 0 31 37 13 36 8 23 32 
50 9 10 1 1 11 20 19 30 12 45 9 24 17 50 16 0 33 7 13 48 50 15 
36 7 18 7 28 25 35 9 1 47 25 41 35 1 46 25 27 0 20 28 24 18 34 
40 17 6 31 32 21 30 29 45 25 33 36 24 4 34 44 33 46 0 35 22 11 48 
34 33 33 49 21 9 31 44 21 26 47 3 17 1 2 48 43 14 30 0 23 3 50 
9 49 28 43 42 33 37 33 40 47 23 42 33 24 48 33 1 22 49 2 0 5 7 
39 21 37 33 43 35 3 21 43 39 46 34 25 34 22 29 18 48 7 38 37 0 50 
30 26 19 28 50 11 14 8 24 2 46 2 11 7 6 9 41 3 30 19 5 35 0 
47 0 49 50 15 12 23 4 2 45 17 21 39 42 11 15 15 36 43 8 35 15 45 
39 23 0 24 15 23 9 7 5 9 18 46 45 30 20 29 36 49 42 5 22 7 29 
31 22 15 0 45 45 26 18 38 12 20 20 2 11 27 41 47 50 46 46 41 9 4 
44 47 32 45 0 36 50 44 16 31 44 39 10 43 3 50 28 14 31 38 22 6 26 
25 28 10 3 46 0 2 42 9 27 16 21 27 29 19 14 1 40 18 44 46 40 27 
14 1 34 39 47 22 0 33 15 4 38 48 18 22 4 36 34 5 43 25 22 17 23 
40 16 24 32 15 14 42 0 20 28 11 36 49 14 10 19 7 5 21 27 13 12 33 
30 12 47 10 15 7 13 1 0 22 18 11 42 11 19 15 16 8 19 23 34 10 38 
32 24 41 27 16 49 38 4 46 0 4 11 8 37 13 36 6 49 36 7 28 39 19 
38 23 49 1 42 40 14 8 40 29 0 24 42 30 23 20 39 42 15 14 18 22 7 
31 4 32 3 30 2 21 38 27 33 50 0 14 36 18 28 15 7 48 41 39 14 33 
35 46 33 14 36 11 44 43 14 21 47 32 0 43 46 19 40 10 12 37 3 2 41 
43 17 37 3 11 27 9 16 28 34 43 48 19 0 37 20 17 16 11 44 35 20 29 
17 5 25 33 47 17 38 30 3 12 32 44 4 17 0 27 34 50 18 34 48 44 14 
39 45 27 33 21 44 46 27 9 17 22 14 50 32 28 0 29 31 42 28 48 31 32 
16 26 34 3 40 33 12 27 2 22 36 4 17 30 6 14 0 47 45 35 27 4 16 
23 40 17 45 7 21 38 42 21 46 33 8 30 2 50 18 4 0 14 16 33 15 1 
29 47 16 48 24 17 46 34 14 5 28 1 4 44 36 46 26 41 0 40 11 2 40 
21 10 1 4 15 29 41 22 11 22 2 22 12 21 30 10 48 21 46 0 37 33 28 
30 30 49 7 32 9 38 25 43 5 50 39 26 6 47 20 3 18 43 43 0 44 7 
49 32 32 16 16 16 43 19 15 15 8 44 31 22 6 9 47 33 34 36 29 0 47 
23 23 46 25 14 29 19 29 45 40 34 24 31 18 25 17 44 22 33 25 41 35 0 
32 0 33 26 25 14 44 21 10 10 9 28 3 9 9 20 42 3 15 50 36 21 18 
10 7 0 42 39 34 30 40 12 4 4 7 38 41 13 49 39 15 25 9 35 31 26 
46 29 9 0 17 47 2 20 19 25 5 15 15 24 19 33 26 11 41 21 48 5 25 
46 22 18 8 0 43 14 50 26 27 36 37 34 12 14 31 18 34 38 43 35 29 3 
23 27 40 30 6 0 40 15 19 15 33 21 22 33 37 49 40 10 6 20 50 28 29 
28 40 7 20 45 44 0 8 33 6 20 46 44 49 42 18 13 8 10 12 9 22 4 
13 41 31 44 20 44 29 0 37 16 30 25 45 49 1 24 37 45 22 11 32 28 2 
26 40 39 8 23 47 48 10 0 39 20 8 24 27 16 39 2 24 15 5 20 4 16 
19 5 43 17 40 22 15 41 48 0 41 27 12 16 42 6 13 21 32 40 7 41 6 
37 25 24 8 49 44 48 47 28 8 0 48 10 21 35 15 6 8 27 45 49 22 18 
48 15 1 48 46 12 44 23 31 48 25 0 14 18 18 44 33 23 22 43 2 13 19 
15 6 21 22 48 15 25 13 12 43 34 20 0 28 9 7 2 48 36 4 5 28 50 
36 7 17 47 13 26 4 24 6 21 5 29 1 0 46 27 25 15 29 49 18 36 33 
30 48 40 35 26 22 24 8 49 9 42 16 20 14 0 5 1 3 49 9 39 38 14 
16 50 9 11 25 24 22 25 6 11 14 3 27 20 8 0 28 50 33 1 49 22 47 
38 35 26 13 21 14 26 50 9 48 45 17 32 41 27 16 0 47 1 36 24 3 31 
2 18 37 35 44 26 50 27 39 39 42 20 13 24 35 12 3 0 9 49 7 2 17 
9 11 38 18 2 35 36 50 13 49 44 7 34 9 26 36 20 1 0 1 32 10 6 
25 13 28 3 31 35 48 28 26 46 29 35 9 26 48 27 24 15 42 0 39 27 44 
26 7 40 26 37 17 39 48 7 21 8 3 37 25 40 49 5 1 2 36 0 23 48 
28 49 50 50 39 44 28 36 41 21 30 31 38 22 13 5 49 32 39 28 40 0 9 
28 7 40 23 37 25 11 41 37 41 21 28 29 41 27 37 29 46 21 21 30 37 0 
