48
25
46 0 36 27 12 50 45 21 26 44 9 12 34 26 21 6 44 23 46 4 41 42 30 16 3 25 
23 7 0 34 44 42 7 43 42 28 13 24 17 45 5 39 13 47 22 34 36 22 16 16 9 28 
5 31 24 0 35 48 17 21 24 38 27 39 38 32 3 3 20 43 48 8 33 28 29 42 16 28 
45 8 32 18 0 4 8 42 25 17 37 26 19 7 31 47 3 43 7 28 50 26 16 19 32 17 
29 18 8 27 50 0 27 40 8 8 3 9 39 7 35 20 48 14 15 16 28 1 36 18 11 30 
35 23 14 16 2 30 0 39 1 2 25 40 34 48 18 10 37 12 50 28 39 15 37 22 8 3 
13 1 4 4 16 44 1 0 48 48 15 5 26 43 6 24 20 39 6 11 31 15 16 48 6 42 
40 37 40 23 16 49 1 7 0 13 40 30 36 47 36 31 39 36 1 3 6 11 19 44 5 19 
26 31 12 28 39 47 3 48 13 0 27 8 11 25 32 16 5 20 30 17 45 34 42 20 30 42 
29 15 46 1 31 21 43 36 4 40 0 18 40 29 25 43 27 39 34 10 24 28 12 20 37 2 
42 40 28 11 36 34 12 32 36 10 33 0 8 47 33 6 15 26 22 42 49 16 41 5 24 18 
46 8 11 7 14 18 46 9 50 39 32 15 0 25 19 7 7 8 43 16 11 20 43 2 5 9 
3 40 28 39 36 2 35 5 44 41 26 2 26 0 23 43 37 49 48 44 25 1 1 3 36 42 
8 48 40 13 48 3 7 6 48 12 28 19 21 14 0 38 47 11 32 29 31 6 32 21 23 24 
22 45 8 31 9 2 38 42 47 29 4 46 42 46 38 0 20 46 28 12 15 19 29 34 7 28 
40 19 25 6 37 26 27 17 39 27 9 49 26 40 10 41 0 27 24 36 34 1 19 37 42 11 
11 4 10 8 5 44 12 2 3 19 33 14 37 11 3 27 29 0 3 20 29 21 20 39 2 25 
43 5 49 23 27 21 33 33 45 27 23 18 9 34 33 47 48 24 0 21 27 27 41 13 34 7 
23 17 17 13 41 41 16 9 34 13 39 14 29 26 49 1 31 42 35 0 30 10 21 19 37 33 
24 47 19 25 48 3 43 15 16 5 5 16 21 5 36 8 10 26 22 45 0 34 19 48 23 27 
47 49 28 4 48 2 48 31 31 17 45 47 34 36 11 47 49 13 22 44 36 0 11 38 49 23 
1 45 48 43 49 5 49 46 49 2 4 15 12 19 3 7 36 40 38 42 11 27 0 41 11 49 
36 6 26 29 42 37 11 30 31 48 7 1 38 33 13 46 1 35 34 7 32 38 45 0 19 37 
50 21 1 8 13 24 5 37 44 14 49 23 18 8 15 44 36 31 21 47 7 48 8 26 0 46 
10 42 7 5 17 48 12 8 43 42 17 11 22 19 24 3 14 44 20 14 23 34 28 19 14 0 
47 0 8 24 23 30 3 13 25 12 3 33 48 33 28 16 38 16 25 17 49 33 14 12 48 44 
43 4 0 39 13 24 27 15 39 41 21 41 38 36 13 40 4 36 10 16 41 5 32 17 4 26 
8 9 12 0 20 31 33 46 27 29 38 49 24 13 39 27 19 10 42 7 26 50 31 13 27 45 
48 4 47 7 0 39 12 37 36 37 17 18 4 19 10 38 45 12 7 26 41 31 23 22 40 23 
46 40 11 29 26 0 27 46 35 26 34 29 50 20 40 26 13 39 27 22 10 16 41 33 19 31 
39 24 38 37 15 25 0 33 7 35 43 22 27 7 12 40 22 19 44 26 10 46 43 17 50 29 
42 47 50 31 8 5 8 0 42 48 38 4 9 49 11 10 47 43 36 47 5 36 32 15 33 38 
47 48 7 10 36 47 8 39 0 8 24 28 33 27 27 39 15 35 10 24 37 14 21 34 17 13 
3 7 20 46 43 10 32 18 43 0 12 8 2 32 13 42 47 21 41 37 32 15 16 9 9 41 
1 23 41 46 25 27 15 40 48 33 0 40 38 44 15 15 46 15 35 16 31 13 4 48 33 41 
44 30 47 36 49 37 48 11 6 43 37 0 41 22 19 36 43 12 35 30 2 9 27 27 23 36 
50 32 44 29 28 48 26 9 6 32 47 19 0 5 49 47 42 27 39 23 28 5 43 17 31 39 
2 19 18 31 32 17 4 24 50 49 6 5 33 0 28 45 12 33 17 37 39 25 8 36 34 11 
32 39 5 46 31 8 16 14 41 27 29 8 28 24 0 15 44 45 5 1 41 38 45 11 28 16 
23 26 30 42 14 44 33 35 21 1 28 49 29 20 42 0 41 42 43 2 16 5 6 44 22 46 
30 3 36 43 24 38 29 27 30 9 32 36 22 27 33 47 0 23 7 24 38 45 17 36 10 1 
47 2 9 12 12 17 33 8 47 34 42 48 43 48 13 49 23 0 49 11 10 5 20 16 20 20 
32 49 20 35 1 14 18 27 42 28 36 21 16 19 42 49 28 25 0 43 41 50 30 10 12 39 
23 18 25 50 47 27 37 39 43 30 19 13 24 47 20 25 21 1 21 0 27 29 8 31 20 12 
27 46 23 30 21 2 39 9 46 29 47 43 28 46 1 50 32 24 39 24 0 36 5 29 24 17 
29 29 40 35 11 16 37 6 38 20 32 14 10 22 28 30 4 29 18 24 33 0 44 6 20 27 
47 35 42 47 26 23 17 50 14 42 23 50 25 35 14 10 37 40 27 20 37 23 0 2 12 44 
33 26 12 50 35 36 24 21 8 15 31 46 10 13 47 15 14 47 31 5 30 30 44 0 5 14 
46 4 30 50 41 24 33 31 3 44 47 6 50 30 6 50 30 17 21 33 15 28 27 30 0 6 
23 27 21 7 14 3 33 8 37 39 33 44 21 17 41 49 15 7 20 1 10 15 18 25 6 0 
1 0 13 24 22 50 18 27 1 45 19 47 12 25 39 41 15 49 14 41 24 6 9 1 30 35 
1 22 0 8 29 46 9 10 47 2 14 41 9 36 38 22 6 44 27 49 45 37 41 18 29 37 
11 2 27 0 1 50 43 13 45 38 50 47 20 22 49 10 38 16 24 26 1 6 13 26 19 19 
12 32 2 36 0 48 11 4 29 43 35 8 33 46 2 22 28 15 49 39 25 37 23 28 40 7 
21 17 43 29 31 0 49 26 8 33 38 11 11 10 40 39 43 41 29 14 3 6 21 22 5 23 
42 15 38 45 32 40 0 5 13 29 28 44 11 1 13 37 33 25 13 14 11 17 6 9 50 32 
47 44 15 37 2 1 45 0 39 6 40 34 38 14 1 49 7 49 31 13 46 33 40 17 28 21 
31 8 9 44 6 37 6 39 0 13 36 46 40 26 28 27 49 23 46 23 3 45 11 13 16 5 
19 25 47 4 50 7 28 37 17 0 21 44 37 45 50 4 29 49 2 16 3 17 23 4 36 47 
10 45 44 25 26 21 45 44 39 38 0 12 9 35 13 29 19 4 10 7 33 13 28 46 20 25 
46 9 48 13 39 46 21 11 7 41 13 0 35 13 41 1 49 43 7 13 42 20 15 40 37 35 
14 14 48 4 35 32 49 24 1 30 12 48 0 32 1 42 42 48 28 22 17 34 41 19 6 34 
20 22 34 29 5 32 20 11 28 26 33 24 8 0 23 9 15 11 13 12 40 1 12 7 21 1 
22 37 18 21 1 23 45 43 20 16 11 15 46 46 0 48 43 38 5 25 10 19 41 6 14 3 
24 29 8 16 33 8 16 14 28 34 46 2 41 27 3 0 38 31 38 8 49 50 15 18 14 48 
14 8 32 11 33 32 31 5 19 28 45 38 27 37 8 46 0 2 19 12 3 41 48 28 23 22 
38 3 49 16 3 10 12 44 19 20 1 35 3 46 3 15 48 0 23 49 9 1 5 2 1 3 
48 47 6 12 7 17 30 9 40 45 29 33 39 16 19 34 45 9 0 18 7 12 49 23 10 38 
44 26 29 14 22 34 2 49 13 6 13 6 32 12 3 21 26 14 1 0 24 32 9 7 31 26 
7 46 34 44 42 49 24 47 24 14 42 1 46 19 12 28 35 27 10 6 0 28 13 47 15 37 
36 36 23 36 6 35 19 49 39 16 38 18 6 21 7 40 10 8 48 12 20 0 31 46 39 47 
48 33 47 26 48 44 50 20 7 6 14 2 11 19 29 24 3 7 4 25 10 30 0 6 3 17 
19 6 50 4 17 6 41 34 39 9 3 22 24 41 22 39 48 49 16 44 38 49 40 0 19 39 
18 24 43 15 37 18 27 44 9 30 38 50 17 41 1 23 18 22 10 27 2 30 17 32 0 37 
12 32 41 10 29 20 16 31 16 50 33 49 20 2 41 27 28 15 11 35 39 32 9 15 22 0 
21 0 27 31 43 37 38 8 11 28 26 37 37 35 31 11 22 20 1 41 18 25 49 21 19 1 
25 16 0 6 47 49 30 24 26 38 9 43 36 38 30 12 26 38 42 27 4 40 43 34 1 13 
19 31 18 0 48 47 22 7 12 43 12 23 2 14 30 46 14 11 47 23 18 36 33 22 29 43 
38 8 44 16 0 11 33 32 6 35 30 50 6 29 42 37 37 25 45 18 40 24 24 12 32 41 
29 46 12 33 27 0 36 9 39 5 10 15 14 46 33 30 41 46 30 50 46 8 33 6 36 32 
12 39 5 40 20 14 0 46 12 26 32 37 20 23 9 45 41 18 25 32 23 23 30 13 39 49 
28 45 13 36 33 47 41 0 27 2 16 48 5 50 36 47 19 2 21 1 43 22 23 22 6 6 
41 9 25 13 9 33 26 17 0 41 42 20 34 27 43 36 47 44 22 43 47 36 19 40 36 5 
22 9 12 46 28 6 24 7 30 0 43 39 17 14 43 34 22 39 9 44 27 36 25 29 16 47 
28 2 29 10 20 23 20 39 9 37 0 24 15 22 14 37 47 27 47 1 48 31 30 29 10 25 
48 11 46 9 19 47 31 46 49 50 4 0 45 48 10 21 19 28 6 6 10 8 17 45 8 31 
10 29 28 19 16 49 23 19 35 23 13 24 0 30 40 40 44 20 23 14 33 2 29 37 31 29 
3 24 24 1 18 32 16 38 29 10 19 3 28 0 33 2 32 27 14 38 9 46 48 16 17 16 
38 45 32 26 29 31 42 48 41 13 25 50 19 18 0 42 47 37 2 31 22 42 43 40 13 1 
26 16 49 23 34 6 9 8 35 30 37 35 12 50 29 0 28 6 37 20 28 33 8 47 47 12 
9 47 36 45 25 46 5 19 25 4 16 43 25 8 8 17 0 43 34 38 5 13 26 3 3 45 
37 6 20 36 19 18 20 3 12 25 9 24 13 11 35 33 16 0 38 46 14 35 31 30 13 11 
41 24 9 43 49 34 45 34 1 38 41 36 34 6 36 47 41 14 0 33 49 44 30 24 4 23 
48 39 7 39 10 7 26 8 25 29 44 11 10 13 42 15 40 12 23 0 44 48 32 32 10 18 
45 17 48 14 18 11 1 6 21 2 46 39 45 42 32 15 28 10 28 43 0 36 31 2 42 35 
4 19 1 10 26 16 7 47 22 16 40 29 45 7 19 44 6 40 12 47 27 0 46 21 41 29 
20 23 4 18 32 14 15 7 29 15 42 50 46 45 36 39 42 23 26 43 37 34 0 3 10 50 
31 41 40 46 9 8 48 11 31 6 44 4 29 41 2 25 23 16 43 27 44 10 45 0 27 8 
35 24 45 49 43 37 21 45 19 1 24 26 12 21 7 45 40 15 40 43 36 14 33 25 0 18 
15 18 10 33 6 22 46 14 38 24 35 4 12 39 20 23 9 10 40 28 50 11 46 36 33 0 
4 0 45 6 34 23 22 41 20 32 29 19 11 12 13 30 28 12 24 47 23 41 29 26 20 20 
27 4 0 43 47 18 4 23 25 1 3 27 40 30 15 3 44 34 31 11 2 13 48 47 11 1 
39 38 50 0 14 42 25 19 37 15 47 18 49 23 14 25 47 36 12 11 4 38 32 9 44 29 
7 49 16 19 0 7 30 7 33 47 30 17 23 11 9 28 8 4 16 19 36 46 11 17 36 6 
27 36 37 7 13 0 7 29 6 36 36 27 4 19 8 18 11 16 27 35 9 24 26 3 33 47 
35 17 41 9 33 46 0 32 30 14 31 44 20 26 35 23 38 18 26 24 2 4 36 8 2 25 
30 35 32 28 32 2 33 0 5 11 29 41 38 48 3 40 46 25 5 28 24 42 40 42 13 21 
7 50 30 32 43 49 10 39 0 35 4 12 1 2 32 29 11 16 16 7 33 50 20 24 34 6 
30 31 30 28 34 41 43 20 7 0 26 3 4 24 18 30 31 50 14 50 29 46 23 24 50 14 
26 24 36 31 21 37 26 46 26 14 0 18 31 12 1 14 19 31 46 6 27 7 43 49 27 2 
1 6 25 6 11 7 8 30 15 8 17 0 8 39 36 39 27 8 49 4 12 1 38 13 37 11 
15 28 18 24 7 34 26 9 29 21 32 2 0 41 15 7 11 1 47 44 47 11 42 10 18 50 
50 45 45 16 2 13 43 39 46 47 30 40 7 0 9 25 41 49 11 16 8 26 18 34 47 1 
50 42 20 40 50 23 18 1 24 8 40 31 43 28 0 8 39 14 46 18 28 22 45 39 19 7 
13 32 44 10 25 32 11 48 15 2 22 24 49 46 25 0 12 40 33 2 35 10 6 33 9 20 
13 23 16 20 30 6 3 1 33 38 41 25 41 50 26 29 0 34 29 26 36 15 15 50 44 16 
32 12 38 34 47 7 50 36 41 12 10 45 29 36 47 20 23 0 17 9 34 38 50 33 26 7 
27 28 7 24 5 48 23 23 5 49 44 16 17 37 32 42 39 1 0 38 17 35 6 43 30 16 
43 48 42 11 29 33 29 12 28 20 29 43 13 36 14 37 23 24 38 0 3 5 6 31 28 42 
49 49 46 9 22 22 36 28 8 13 1 32 12 26 16 15 4 40 17 3 0 50 27 15 24 31 
12 32 6 28 12 38 18 14 19 30 34 34 4 7 49 44 16 6 24 14 5 0 11 49 22 38 
1 17 15 25 43 23 35 22 29 11 41 30 1 46 26 33 19 44 47 33 31 1 0 34 18 10 
35 22 41 10 27 2 34 35 40 12 21 4 39 26 7 50 13 25 46 8 14 16 10 0 49 32 
37 17 2 40 8 1 34 47 16 9 2 44 12 3 9 8 46 12 35 5 29 30 19 40 0 33 
18 26 38 11 46 19 12 43 29 40 35 32 45 32 12 38 8 24 17 6 6 2 23 38 1 0 
19 0 5 26 45 3 7 49 12 7 40 25 47 37 21 40 40 2 33 13 25 26 1 30 24 18 
22 6 0 2 34 27 17 4 50 10 27 15 36 48 26 33 37 20 39 43 37 41 21 3 27 16 
5 19 10 0 14 25 19 25 3 27 32 1 47 28 30 23 21 47 27 44 25 5 4 8 30 38 
7 13 37 37 0 27 1 4 25 19 23 48 45 37 36 9 40 34 22 45 33 40 42 9 21 17 
45 45 9 3 12 0 2 12 31 26 18 7 39 16 1 31 48 22 10 8 26 27 10 41 36 35 
21 33 13 48 49 15 0 4 17 21 32 7 45 23 7 21 36 14 12 18 3 2 18 21 14 35 
18 33 2 45 40 35 5 0 24 18 42 20 49 33 27 4 3 23 46 19 25 4 49 4 37 40 
13 48 23 34 34 4 12 50 0 14 31 33 3 22 31 48 3 21 6 16 2 37 32 36 15 50 
29 22 3 40 31 19 29 15 6 0 28 38 32 40 34 38 8 50 20 47 22 1 1 16 22 23 
34 44 39 36 3 32 13 9 34 5 0 32 10 10 34 12 4 38 17 4 10 21 31 22 28 44 
38 13 40 44 50 29 7 31 18 48 26 0 41 30 3 47 25 24 7 30 7 49 41 37 35 18 
13 35 12 12 2 3 22 11 42 16 20 24 0 15 35 27 25 30 43 36 36 14 9 14 8 35 
47 25 43 21 46 48 26 5 27 37 44 45 19 0 16 46 5 30 38 38 28 2 9 22 3 32 
20 48 1 49 4 5 22 5 27 5 28 29 40 46 0 19 44 19 39 49 33 30 11 28 41 32 
35 21 26 31 34 39 4 41 40 27 50 26 6 23 32 0 23 41 43 11 18 26 40 43 20 34 
33 21 24 21 2 9 21 10 18 20 34 46 25 44 17 25 0 39 1 19 19 18 13 16 17 11 
40 19 17 24 6 45 29 7 47 1 18 30 20 38 18 30 16 0 39 4 48 27 17 49 44 44 
38 39 24 2 16 21 6 7 10 13 41 4 37 12 25 6 40 28 0 43 50 45 19 13 2 39 
3 24 13 20 34 23 20 24 31 19 6 6 6 31 31 13 24 11 26 0 28 27 29 28 29 43 
38 39 7 45 49 20 27 22 13 14 47 43 38 27 40 22 30 7 44 19 0 1 35 47 13 37 
22 9 37 25 13 25 47 34 27 46 35 13 29 32 50 30 34 44 18 34 20 0 37 34 37 6 
47 22 35 10 43 4 43 44 8 28 11 40 48 50 39 1 10 11 31 6 9 1 0 26 44 40 
17 42 30 29 18 36 25 50 19 16 3 12 24 35 43 42 20 22 5 39 40 36 44 0 29 34 
11 26 4 32 47 46 47 41 21 26 13 14 16 41 42 37 40 30 35 37 39 36 26 38 0 14 
40 30 21 6 50 32 48 1 45 7 10 21 19 23 20 7 22 4 10 31 29 4 32 13 2 0 
1 0 7 9 43 46 26 1 16 19 8 17 26 35 22 45 15 13 21 34 33 16 22 7 15 31 
18 33 0 16 8 35 36 49 8 4 50 25 39 9 50 32 10 6 50 16 4 31 37 32 16 16 
17 33 48 0 31 37 29 50 45 12 29 44 35 8 35 22 18 19 32 23 20 26 5 22 3 24 
11 23 42 11 0 1 31 1 1 43 19 3 2 28 18 21 25 45 47 22 38 25 48 15 44 37 
12 5 10 46 40 0 12 12 45 8 27 6 9 35 12 48 43 34 16 17 19 17 42 15 2 46 
32 9 1 15 49 13 0 8 48 25 39 26 42 6 3 7 42 7 21 41 16 17 11 35 24 46 
42 33 49 26 20 21 41 0 9 1 9 4 11 31 9 14 49 11 10 24 22 2 29 13 11 27 
11 22 24 37 29 22 25 27 0 20 8 31 9 22 5 19 36 34 6 44 3 31 26 12 28 17 
6 1 11 3 44 13 20 39 50 0 10 49 18 22 22 38 30 35 12 1 34 40 39 5 6 36 
19 23 20 8 46 35 10 46 20 24 0 21 14 24 26 45 11 21 23 46 20 18 12 34 7 24 
47 15 12 44 27 17 46 6 17 25 40 0 1 32 4 25 40 22 3 49 17 17 11 36 6 23 
20 17 10 37 18 8 39 14 34 49 20 49 0 3 44 7 26 8 7 1 5 11 39 20 21 30 
47 10 36 40 8 37 30 6 22 8 1 36 20 0 49 18 1 38 49 5 6 41 20 10 43 42 
9 4 35 1 13 31 47 40 7 22 49 4 24 27 0 13 41 44 32 36 6 40 38 9 34 5 
24 41 15 16 40 28 50 44 48 49 33 45 5 9 27 0 4 47 14 28 20 48 14 23 43 15 
48 39 24 37 3 22 46 2 47 40 40 33 24 17 44 49 0 10 27 28 30 47 39 23 10 2 
43 25 31 15 7 10 19 23 1 42 40 27 7 45 28 38 43 0 8 20 37 22 23 47 34 21 
38 38 45 13 19 9 16 15 36 11 47 15 38 41 30 22 11 24 0 26 5 22 3 32 1 43 
4 31 4 23 31 20 28 48 44 19 23 25 11 33 33 24 13 22 35 0 31 23 6 18 40 16 
12 50 22 30 49 36 6 45 20 15 29 12 42 5 41 20 18 45 22 7 0 47 50 41 43 31 
10 31 47 20 20 49 14 14 7 19 20 7 19 45 34 18 31 41 18 5 13 0 21 18 45 12 
6 12 46 33 19 12 9 30 49 40 5 10 25 1 17 15 48 35 37 21 14 50 0 50 39 40 
17 10 24 38 19 39 14 3 9 15 37 18 32 39 8 11 27 20 5 30 8 6 41 0 1 40 
15 37 32 24 49 7 12 8 43 3 3 36 43 30 2 41 7 16 37 30 48 17 47 29 0 10 
37 30 46 10 32 11 20 23 48 5 3 33 30 11 9 26 11 39 37 5 26 35 40 4 39 0 
2 0 41 5 21 43 48 40 3 14 12 27 17 48 12 42 34 14 46 26 50 9 28 6 29 5 
38 29 0 11 25 35 3 40 42 22 31 21 16 2 5 8 13 31 16 50 32 10 13 28 45 22 
13 39 15 0 4 31 24 35 26 17 6 19 30 28 29 9 37 25 27 31 21 19 12 41 19 37 
28 12 6 47 0 46 25 2 16 3 23 14 26 39 41 7 36 40 36 50 39 34 3 38 41 46 
35 36 47 25 4 0 1 49 46 17 3 13 29 30 22 31 18 14 26 7 46 11 37 36 24 35 
30 27 41 31 4 25 0 25 16 2 11 39 5 42 50 22 15 30 22 39 45 7 10 15 20 21 
20 28 32 46 35 49 1 0 24 40 25 25 8 16 14 29 38 14 28 11 42 14 23 27 35 31 
31 16 48 29 29 20 13 22 0 10 34 48 44 21 18 13 39 32 3 25 48 8 15 8 11 8 
44 32 4 28 8 48 2 48 15 0 4 34 3 45 12 6 13 37 7 31 31 45 43 11 49 4 
33 21 2 37 24 17 8 38 22 35 0 38 9 45 2 36 47 47 6 15 30 36 37 41 20 35 
22 9 28 30 13 1 22 6 24 26 28 0 50 11 42 37 26 15 24 27 18 4 42 5 45 35 
49 37 47 20 18 46 30 33 3 3 9 30 0 9 9 35 17 4 21 27 9 48 37 15 28 4 
22 13 15 3 31 30 4 34 46 15 14 25 37 0 7 30 49 18 9 40 29 46 7 15 43 2 
1 22 29 36 38 12 23 20 16 47 33 15 30 22 0 23 5 47 13 45 21 42 17 14 47 11 
30 29 26 49 8 15 49 23 2 31 9 26 48 9 3 0 42 6 21 11 47 34 38 37 17 24 
50 44 21 23 10 34 8 32 26 8 34 48 21 8 32 35 0 43 29 42 15 30 49 5 42 29 
36 47 4 50 27 43 42 9 25 9 21 28 1 42 47 2 44 0 23 2 19 45 35 13 29 13 
42 10 46 3 45 1 40 30 44 24 38 4 32 50 16 43 40 46 0 50 12 7 42 37 46 13 
36 27 4 23 35 1 34 26 38 35 33 47 6 31 9 31 49 8 19 0 9 48 12 24 36 27 
5 40 14 17 6 50 23 1 41 10 24 37 7 9 23 5 28 45 15 33 0 47 34 16 41 31 
9 35 19 37 15 24 4 18 46 31 12 21 9 33 36 11 46 16 21 36 45 0 42 49 46 5 
20 18 10 4 31 22 25 23 37 47 15 4 15 26 37 20 19 12 29 11 34 20 0 13 29 22 
1 19 45 6 36 17 36 24 32 45 6 45 15 16 9 38 48 23 36 21 8 32 40 0 35 16 
27 31 21 35 21 1 6 31 32 30 3 30 17 1 30 30 30 33 31 31 26 5 46 20 0 24 
37 47 27 9 15 20 29 10 41 10 37 15 39 11 45 1 15 33 36 7 8 31 22 6 42 0 
28 0 50 10 4 41 22 35 2 12 35 4 29 22 18 11 24 20 27 41 44 15 42 22 37 31 
11 22 0 10 13 16 6 25 22 18 37 20 19 7 1 39 2 14 28 27 41 22 43 16 26 33 
39 5 32 0 13 28 37 28 24 24 30 1 25 39 46 30 30 8 5 31 41 6 14 26 3 42 
1 14 46 46 0 10 18 7 35 31 28 1 44 10 41 1 43 46 33 22 38 27 25 33 48 12 
14 39 35 35 28 0 25 29 29 21 27 23 33 28 15 12 44 41 9 18 29 36 49 14 31 49 
10 31 5 15 15 27 0 32 49 35 46 30 22 1 3 3 23 16 39 15 28 11 18 19 11 45 
37 16 15 20 26 16 26 0 5 36 18 44 25 14 7 50 42 35 44 19 32 22 41 6 15 7 
20 10 50 3 39 43 13 45 0 21 29 11 17 30 9 30 5 18 15 36 10 48 3 33 15 36 
27 25 50 29 23 47 10 50 13 0 7 6 26 2 48 25 32 30 43 29 39 26 6 35 40 28 
5 26 21 6 9 18 28 35 17 13 0 19 13 17 49 32 2 17 17 3 24 29 16 17 11 28 
19 10 5 27 11 22 40 11 1 18 21 0 40 45 5 40 29 42 35 36 7 20 14 45 47 38 
9 39 33 16 50 39 10 10 29 41 8 24 0 9 7 42 29 2 16 31 12 12 23 12 13 46 
38 31 32 5 8 5 16 8 39 2 33 8 45 0 1 30 12 30 16 15 33 5 33 29 44 28 
18 48 15 35 27 37 28 20 21 13 8 28 6 21 0 36 42 16 21 5 10 22 7 15 1 1 
32 7 47 31 41 5 3 38 27 40 7 2 24 13 15 0 5 38 25 39 22 34 24 46 29 41 
39 13 24 35 6 12 34 14 35 45 31 32 40 30 8 6 0 41 30 31 30 41 43 8 41 5 
35 33 27 30 17 8 11 18 40 3 42 29 3 21 29 24 39 0 39 18 35 24 49 46 31 17 
44 45 15 50 1 46 5 34 31 22 29 7 35 18 37 20 14 50 0 27 16 27 38 9 3 7 
3 5 40 7 32 37 37 47 13 24 14 46 19 40 7 38 46 23 50 0 50 17 4 22 32 15 
10 49 19 15 41 7 37 13 44 49 42 15 28 50 35 43 11 22 44 24 0 24 46 11 21 29 
32 16 9 3 40 49 33 9 43 22 38 19 32 23 18 27 34 25 42 15 23 0 19 24 15 8 
7 32 28 8 41 15 39 48 36 10 42 28 11 5 50 10 7 35 28 47 24 29 0 50 27 47 
41 21 19 6 7 13 42 44 45 33 17 6 1 2 7 50 21 47 14 27 50 24 21 0 42 6 
17 34 46 19 34 29 33 1 12 50 44 20 43 30 47 50 34 16 22 33 4 6 33 21 0 48 
4 33 37 1 47 18 1 28 1 40 30 47 26 12 5 35 5 40 3 14 31 29 17 17 28 0 
17 0 9 49 10 2 12 1 25 21 31 46 47 1 15 33 44 43 42 40 18 3 8 5 18 49 
50 16 0 31 8 17 25 16 20 24 31 10 2 18 49 29 29 22 5 31 9 39 4 25 20 21 
38 37 27 0 50 25 9 4 32 11 3 46 20 18 5 7 31 27 28 34 24 42 25 44 12 40 
31 3 24 10 0 11 46 42 12 38 30 39 40 20 49 23 6 21 8 46 34 9 5 1 25 29 
12 26 41 47 30 0 14 43 16 11 44 6 30 23 1 7 5 9 30 25 19 41 8 29 12 18 
21 18 48 29 31 27 0 2 50 31 49 21 1 15 9 16 46 25 10 6 17 26 49 7 40 30 
1 26 27 7 38 5 48 0 30 29 9 46 46 37 31 18 4 31 42 3 37 4 44 22 9 23 
17 48 24 46 43 23 12 9 0 49 31 2 26 44 44 45 23 22 37 50 20 1 38 30 39 13 
46 7 5 4 26 7 4 18 34 0 21 7 24 34 37 37 35 37 39 50 17 29 37 49 8 14 
33 8 23 39 23 30 19 35 34 47 0 16 7 6 24 25 48 9 11 23 39 49 38 1 14 36 
14 50 30 23 35 10 9 47 40 43 49 0 31 29 11 42 38 40 1 40 22 28 32 15 26 19 
20 26 27 19 15 46 8 10 4 9 31 39 0 13 50 38 7 11 16 31 26 17 31 50 32 1 
10 38 11 42 8 33 35 5 5 16 34 33 28 0 26 48 42 22 25 2 11 49 27 2 2 15 
18 16 34 1 2 39 27 45 19 5 8 47 18 47 0 27 47 35 9 35 5 25 33 41 34 34 
46 7 48 21 3 33 37 9 28 40 17 1 5 3 27 0 8 38 10 21 41 46 5 28 26 15 
15 19 17 48 41 36 26 1 17 6 33 29 25 16 22 22 0 38 40 8 10 46 31 6 8 48 
37 23 20 43 39 42 29 23 7 39 15 20 12 38 5 42 1 0 38 47 45 29 14 45 49 20 
8 15 21 16 20 34 14 10 1 4 14 6 8 29 15 4 6 18 0 28 8 2 27 3 4 18 
45 43 9 14 19 24 29 22 24 31 27 8 7 38 5 1 11 11 34 0 41 37 43 10 32 41 
23 46 17 41 18 32 12 18 49 25 41 5 46 33 31 35 34 34 48 39 0 46 50 31 24 7 
42 16 20 13 31 2 34 27 24 46 28 13 31 7 50 16 41 9 13 14 47 0 15 29 4 7 
3 10 12 44 45 24 15 43 34 26 17 43 6 18 23 7 28 23 37 3 23 4 0 28 49 23 
6 42 19 10 11 27 37 16 6 29 43 22 33 29 22 14 20 47 31 33 23 35 42 0 40 7 
19 43 42 2 34 50 32 14 22 39 33 47 34 24 50 30 27 50 40 30 35 45 44 15 0 40 
4 7 47 16 50 21 50 29 3 42 35 46 15 23 29 12 9 12 41 40 17 36 24 32 4 0 
47 0 35 3 11 22 24 49 27 13 31 43 35 48 22 18 33 19 31 32 15 35 13 28 11 19 
27 34 0 4 26 23 18 34 16 13 4 37 48 19 31 19 36 19 3 42 37 27 12 41 23 7 
49 5 42 0 17 19 34 8 43 42 46 41 46 2 40 13 9 20 36 18 32 35 1 1 14 29 
17 11 36 24 0 43 16 44 31 19 25 14 43 49 44 21 29 6 27 36 28 40 17 13 30 29 
8 26 23 41 23 0 49 5 28 39 3 23 22 19 50 31 48 15 33 15 50 16 21 42 48 3 
29 24 16 37 39 50 0 48 7 46 36 40 21 41 47 27 9 15 11 41 48 8 38 27 5 31 
25 34 49 30 13 37 35 0 26 38 44 25 40 42 50 4 25 16 24 15 42 27 25 37 39 41 
2 11 1 50 46 42 47 11 0 6 15 16 50 27 33 49 5 46 3 4 2 19 23 12 38 24 
43 14 13 14 4 1 48 10 39 0 12 26 34 27 42 2 28 30 36 36 38 26 39 42 16 37 
32 23 34 37 22 29 49 14 27 4 0 29 35 48 3 14 18 41 38 22 23 22 20 11 3 25 
40 38 27 1 49 4 23 47 27 22 28 0 15 24 17 33 28 21 50 39 23 43 32 34 22 20 
35 1 20 43 15 13 13 32 13 33 42 23 0 13 29 50 7 39 21 31 37 4 17 21 39 46 
2 20 23 30 32 9 4 6 31 14 3 3 4 0 13 10 16 34 12 35 42 5 8 22 39 17 
4 12 3 35 17 18 31 32 48 14 43 41 2 31 0 24 38 18 33 15 48 5 36 9 22 21 
20 6 36 47 42 45 48 34 14 29 47 1 21 15 46 0 23 21 7 50 17 26 32 31 11 5 
38 26 7 42 13 19 4 32 14 47 13 45 35 6 20 46 0 7 39 3 28 37 47 18 20 25 
34 30 9 5 46 39 25 25 43 4 19 42 43 2 10 44 20 0 7 19 34 29 37 1 31 22 
19 44 29 34 18 41 8 38 17 30 39 45 27 19 8 38 20 43 0 3 1 5 15 38 43 35 
18 40 50 37 47 47 29 29 34 27 45 46 42 25 13 12 5 26 23 0 21 49 43 39 11 46 
9 44 49 30 18 5 7 37 50 1 2 9 1 21 33 11 16 44 42 14 0 42 29 18 40 39 
1 40 16 22 36 25 2 40 41 39 4 31 50 16 23 39 10 42 25 12 4 0 4 5 40 11 
33 49 48 48 5 30 27 10 41 18 16 42 16 14 26 1 20 11 33 29 30 17 0 29 20 25 
33 37 44 28 36 47 35 26 11 3 26 5 43 36 9 27 22 9 49 7 48 44 29 0 49 12 
34 44 23 12 31 17 21 28 23 23 43 34 32 6 21 32 17 5 11 50 46 28 25 24 0 3 
9 9 31 13 28 39 9 45 17 2 4 12 15 30 37 6 27 20 14 17 44 40 3 28 26 0 
31 0 39 18 49 16 7 20 50 9 23 9 40 15 45 35 34 39 16 4 18 20 3 26 25 45 
20 8 0 11 7 9 20 6 3 38 47 50 42 47 1 46 35 12 6 8 29 16 12 26 30 33 
6 25 50 0 10 6 29 14 44 5 47 50 9 43 1 3 3 38 28 48 35 43 43 15 9 34 
9 48 18 47 0 29 8 32 32 25 3 45 6 44 32 19 36 48 42 5 46 26 19 5 5 26 
29 35 28 45 40 0 14 10 42 27 48 32 46 48 27 39 18 27 19 48 8 47 44 47 30 49 
46 1 10 13 8 40 0 43 13 21 50 24 4 38 36 40 35 15 18 34 37 40 1 16 17 29 
50 1 7 47 29 36 38 0 49 46 45 13 1 29 19 9 40 34 27 27 15 14 39 33 8 23 
33 27 13 44 9 45 35 44 0 35 9 39 36 16 42 15 36 6 43 41 28 35 36 50 25 48 
7 24 40 2 15 11 18 50 24 0 47 9 26 6 37 50 29 7 45 10 21 4 18 36 13 29 
9 47 43 31 38 47 28 38 46 3 0 21 46 43 21 49 21 37 42 45 6 11 1 6 42 50 
29 42 40 5 44 40 39 27 23 7 14 0 26 19 37 1 32 38 10 35 29 33 15 25 11 50 
17 26 41 7 18 8 42 1 32 10 6 38 0 34 2 13 33 19 20 14 36 45 18 6 45 25 
24 41 22 13 17 15 17 30 6 27 14 48 21 0 5 49 23 26 37 27 45 44 4 8 22 46 
15 46 11 26 5 49 20 46 33 45 18 20 38 16 0 46 39 9 29 25 50 35 49 15 16 13 
20 32 30 50 31 20 33 50 17 3 20 7 4 1 29 0 45 2 38 11 32 3 38 22 32 7 
36 26 33 23 12 16 31 46 14 35 18 41 46 2 25 35 0 20 21 13 27 33 6 28 47 6 
34 11 4 35 10 33 10 48 44 46 45 50 28 6 37 39 12 0 41 16 11 4 6 37 37 47 
34 17 9 6 25 31 48 37 18 29 6 28 12 4 3 9 43 3 0 7 30 35 43 16 27 39 
21 16 13 37 2 28 25 17 38 27 17 1 43 20 15 47 14 11 28 0 32 11 1 37 14 2 
11 4 30 7 13 42 2 33 18 4 16 36 50 16 2 32 12 25 28 37 0 8 1 33 43 34 
21 33 38 45 28 21 29 49 35 42 24 45 10 25 36 15 18 26 16 50 11 0 15 45 27 1 
50 26 10 28 44 10 21 38 24 42 10 14 38 40 33 37 37 15 25 28 37 2 0 50 42 22 
41 26 18 43 23 7 38 11 45 29 45 20 22 42 32 3 8 37 33 27 2 31 36 0 34 13 
25 50 20 49 15 49 27 18 6 4 35 4 45 1 36 22 3 44 12 39 18 16 24 44 0 26 
29 16 18 16 21 10 40 34 30 49 8 19 12 31 30 19 2 16 38 47 49 13 36 48 6 0 
49 0 37 25 45 46 9 26 27 24 36 33 10 2 36 44 46 20 16 3 29 3 42 13 32 20 
16 50 0 37 48 27 16 30 21 11 22 24 15 40 35 40 32 43 39 45 47 10 1 31 44 1 
29 48 34 0 19 3 8 24 43 26 30 10 40 29 47 20 4 40 42 14 21 31 31 32 13 48 
11 3 18 35 0 11 16 19 43 47 49 18 47 2 9 15 50 23 14 5 31 42 14 42 25 44 
21 10 17 24 20 0 48 17 22 22 42 5 7 9 15 15 41 48 33 49 3 8 38 33 49 22 
9 17 27 33 6 48 0 12 43 41 41 7 3 20 28 1 1 25 30 18 11 44 14 50 40 40 
44 31 43 23 37 33 27 0 18 2 11 31 40 40 16 44 43 14 18 24 8 39 29 6 49 2 
33 9 16 39 29 46 18 38 0 43 12 17 19 21 5 9 31 35 18 17 20 11 36 14 24 18 
31 47 26 32 2 16 26 45 22 0 5 25 12 30 24 16 14 3 47 5 27 24 43 14 16 28 
4 11 39 30 41 47 45 42 21 49 0 49 43 6 42 46 42 25 50 50 35 19 6 45 2 7 
9 40 10 47 44 38 34 10 4 48 6 0 38 15 31 9 30 20 9 26 17 22 47 5 9 36 
50 44 14 32 10 49 16 38 24 33 7 36 0 46 27 11 16 33 3 45 41 5 10 19 42 5 
50 47 20 35 36 12 36 1 11 45 44 20 28 0 45 50 41 50 42 49 2 45 24 33 15 2 
39 45 11 19 32 40 26 23 28 10 3 47 4 38 0 21 22 35 35 33 17 46 5 8 46 1 
5 19 20 40 10 26 15 5 33 47 18 25 33 30 6 0 19 48 1 36 47 44 46 4 29 30 
11 40 1 48 7 35 38 16 19 27 22 6 33 18 34 38 0 42 21 42 4 47 2 6 27 49 
48 4 23 49 7 9 15 42 10 50 37 15 8 27 13 30 10 0 15 3 35 14 16 33 2 10 
3 26 13 25 34 9 34 24 50 9 31 15 17 12 19 8 14 23 0 19 48 24 35 45 30 24 
37 38 4 42 35 32 22 21 40 5 34 2 18 27 41 3 41 8 19 0 33 15 44 3 35 28 
50 44 15 4 36 19 31 34 2 47 22 31 32 15 27 9 45 28 8 35 0 6 47 46 29 46 
34 27 27 47 9 44 36 20 15 36 39 7 17 4 37 3 19 16 31 20 22 0 10 44 42 24 
21 16 45 50 23 3 48 36 9 3 42 5 37 43 3 36 12 18 30 38 3 28 0 25 22 32 
37 31 15 10 24 24 34 35 24 38 29 42 20 43 33 41 22 9 2 45 49 33 24 0 29 34 
11 42 15 4 22 44 42 23 19 36 23 33 27 36 29 9 21 14 5 24 45 42 25 47 0 48 
31 20 23 28 34 5 8 37 26 13 33 20 31 2 45 38 19 2 7 11 8 45 23 23 37 0 
28 0 19 19 5 39 20 18 18 7 41 25 19 46 36 31 16 47 2 24 47 39 41 12 11 37 
26 41 0 18 37 40 37 47 1 42 6 36 39 32 37 43 15 2 24 12 20 20 24 16 27 46 
12 44 49 0 27 48 38 8 9 19 14 30 50 32 18 4 28 19 5 30 45 27 15 15 31 32 
38 17 50 41 0 18 3 25 42 41 29 44 49 24 44 19 29 30 14 24 14 16 21 7 8 43 
2 20 37 32 19 0 47 29 19 45 11 22 9 18 2 12 5 8 41 40 11 30 45 11 12 17 
48 1 42 17 16 17 0 10 42 49 16 33 38 10 23 32 15 30 30 33 48 20 12 13 13 10 
8 30 18 48 13 7 10 0 26 16 22 47 38 2 29 44 12 17 20 36 29 17 49 19 9 46 
50 15 28 14 47 36 39 29 0 8 8 38 43 45 36 9 24 13 45 1 35 28 29 1 40 37 
4 43 27 34 43 10 11 10 3 0 14 43 32 12 19 37 8 9 45 21 7 19 23 35 27 6 
5 4 19 24 19 22 15 39 28 44 0 44 13 46 15 49 27 34 42 23 17 42 1 27 15 28 
19 34 30 33 18 31 9 1 28 38 7 0 43 36 35 42 28 43 35 25 44 46 14 30 23 31 
35 31 12 10 15 5 28 4 46 50 38 36 0 7 10 13 35 13 18 28 42 34 48 8 31 40 
49 17 2 21 33 6 5 7 3 34 1 47 41 0 14 34 30 39 41 35 4 42 37 25 12 9 
34 46 3 32 47 37 23 31 20 16 38 26 33 14 0 45 34 30 4 27 13 39 22 5 44 13 
46 8 23 27 48 12 42 40 13 49 10 3 25 6 47 0 28 16 21 49 46 5 6 27 41 21 
13 33 49 50 21 12 42 9 20 2 30 50 4 23 4 47 0 36 21 15 35 31 5 49 31 35 
23 1 6 48 9 40 32 33 7 35 30 44 41 43 38 19 44 0 6 5 18 29 13 49 45 50 
19 36 13 6 41 9 35 19 16 48 11 36 12 11 13 48 18 48 0 38 25 4 46 29 28 17 
37 49 45 13 6 11 3 12 49 40 5 20 28 16 27 45 25 25 45 0 27 33 33 45 43 20 
12 15 12 21 46 24 8 35 39 4 11 41 6 10 38 9 25 14 22 8 0 29 40 32 11 30 
29 21 34 2 34 5 4 3 44 45 46 42 41 3 16 48 35 39 13 17 5 0 20 15 7 18 
9 20 24 35 41 22 33 1 41 18 3 24 34 5 50 7 39 12 16 43 18 34 0 11 6 11 
45 2 20 45 26 9 7 28 34 26 36 30 18 3 24 13 41 50 36 14 24 1 34 0 14 10 
16 8 50 15 1 25 9 18 24 47 20 14 6 15 9 47 46 1 30 14 27 21 9 42 0 30 
27 34 26 43 37 44 18 7 36 10 1 8 14 33 1 27 12 44 7 4 50 35 36 27 17 0 
28 0 1 5 50 33 46 50 8 35 25 41 33 26 37 3 3 7 21 5 8 40 33 18 29 37 
15 27 0 3 38 30 42 49 49 26 9 44 13 7 3 15 2 50 29 9 11 44 37 8 5 2 
44 15 31 0 20 28 46 33 26 13 18 19 48 21 5 33 42 34 50 28 9 40 50 18 41 6 
40 5 10 19 0 43 29 20 48 37 37 28 19 30 48 14 12 37 45 36 47 5 30 24 26 19 
11 37 30 46 12 0 44 47 40 14 39 42 23 8 20 40 49 50 34 18 6 24 5 2 15 48 
3 6 33 44 2 11 0 31 34 50 33 42 41 3 25 44 31 29 17 10 23 39 30 25 47 48 
6 46 6 21 45 6 35 0 16 48 10 38 14 47 12 28 11 40 8 37 48 9 47 9 25 25 
45 38 43 42 10 24 31 37 0 47 47 15 25 14 6 28 7 26 6 16 6 18 33 5 32 13 
50 22 39 49 39 9 37 32 46 0 1 19 43 24 39 36 8 28 50 16 13 37 26 3 10 41 
34 42 43 19 8 13 33 11 30 11 0 2 43 38 8 38 28 44 19 5 9 15 2 18 31 49 
41 34 39 19 26 24 19 29 8 6 18 0 44 13 39 38 36 32 45 28 35 15 40 42 29 35 
43 7 48 2 27 32 25 13 21 17 30 44 0 42 4 37 33 15 30 3 20 35 31 31 18 23 
33 8 40 46 35 1 42 11 34 33 17 22 28 0 31 24 44 32 43 22 9 42 41 41 42 2 
1 10 40 9 1 13 27 31 29 45 25 35 17 37 0 16 38 34 8 21 20 12 37 49 29 27 
3 39 9 9 31 43 17 49 45 34 42 3 2 34 21 0 41 41 50 37 50 9 15 7 6 21 
9 33 21 22 40 14 11 11 32 48 24 18 23 48 3 9 0 37 23 3 25 36 32 25 1 30 
22 38 13 30 19 39 33 4 38 23 10 47 27 6 20 31 42 0 21 36 47 23 19 2 34 42 
22 43 4 32 36 28 8 21 43 18 27 48 31 13 10 42 15 35 0 26 43 12 11 17 33 44 
44 12 40 4 7 4 36 29 39 48 47 29 23 3 46 3 27 34 39 0 44 34 11 8 26 5 
8 34 27 42 30 11 26 21 38 42 17 18 17 36 15 41 20 43 16 13 0 13 43 32 31 41 
36 27 29 40 11 33 4 14 49 50 20 9 38 10 37 21 8 35 12 29 35 0 10 49 24 3 
14 19 43 14 43 16 3 47 1 45 34 48 32 28 9 13 5 19 37 45 33 32 0 34 29 42 
5 8 21 2 7 26 29 5 37 47 15 12 1 7 34 18 13 37 16 3 24 27 8 0 3 17 
31 41 12 29 21 32 36 14 23 38 8 32 46 45 19 6 44 45 31 45 2 5 13 3 0 28 
20 46 19 27 19 29 50 19 36 27 35 17 26 17 15 29 49 29 20 27 37 17 43 47 48 0 
30 0 32 28 9 16 26 29 10 2 1 37 18 37 4 9 8 14 11 19 34 39 19 29 16 16 
3 27 0 44 27 42 4 3 22 29 39 47 23 11 21 1 7 8 24 16 28 11 12 25 11 19 
24 7 25 0 14 10 12 3 12 43 13 50 36 34 10 48 34 47 9 15 12 36 3 41 18 28 
31 45 14 38 0 6 42 2 33 8 19 48 29 8 20 28 44 11 18 8 1 21 25 14 19 45 
15 4 10 49 34 0 21 16 7 37 29 17 40 25 37 21 49 3 26 42 1 5 39 40 38 19 
25 36 33 18 7 7 0 31 46 44 42 39 43 35 25 49 32 23 22 41 12 5 37 31 37 3 
18 50 23 19 40 26 15 0 23 31 9 35 34 39 30 23 36 45 31 46 33 6 19 1 43 19 
33 18 49 26 14 38 5 46 0 16 40 8 9 28 5 16 24 21 4 17 14 49 35 42 18 27 
11 7 36 4 47 49 49 30 50 0 7 9 16 47 17 22 31 38 24 41 16 28 18 27 31 9 
36 16 35 30 21 49 26 32 50 4 0 32 20 43 19 41 9 29 28 48 8 9 25 37 45 34 
11 11 2 2 49 43 30 5 45 12 34 0 15 1 29 9 33 35 47 14 40 12 46 5 1 8 
50 40 29 23 1 12 29 40 47 10 38 24 0 30 2 11 2 15 48 8 7 44 28 49 39 25 
25 28 24 6 22 16 6 2 45 50 4 2 32 0 45 1 6 25 5 20 22 9 5 46 4 38 
47 49 48 44 14 23 41 40 49 26 34 6 34 25 0 44 32 23 35 3 8 1 33 3 7 2 
20 23 30 18 16 20 32 21 18 25 18 9 8 32 27 0 13 12 34 20 17 1 41 31 26 41 
37 21 44 46 37 15 46 42 43 45 1 12 23 34 6 3 0 35 17 50 27 24 15 4 26 45 
40 50 34 40 1 29 42 4 28 29 50 39 25 32 11 23 17 0 16 38 27 2 39 1 14 15 
16 25 31 50 17 22 17 19 2 48 15 13 2 42 17 9 8 46 0 5 6 15 11 35 40 4 
7 49 17 49 44 1 50 20 26 36 4 12 5 11 8 33 20 24 34 0 46 10 16 24 22 19 
44 44 47 8 1 6 41 42 46 11 23 1 21 8 47 16 43 27 7 13 0 48 3 35 47 23 
45 38 2 44 45 41 26 46 30 50 7 3 12 25 30 14 21 9 50 35 33 0 50 16 38 31 
18 39 18 9 22 41 10 50 35 7 18 39 48 2 20 48 6 41 9 40 13 31 0 3 27 50 
27 45 35 13 41 45 23 14 14 27 3 8 37 9 9 48 4 27 19 13 25 23 8 0 31 37 
27 10 7 48 18 37 37 41 9 45 47 25 37 45 12 46 26 34 25 18 41 19 32 50 0 43 
10 4 34 15 26 5 37 5 27 14 36 16 17 47 41 16 17 29 14 12 23 17 33 8 18 0 
50 0 40 33 13 47 9 28 8 5 9 34 3 27 34 41 10 21 11 31 26 30 9 38 35 3 
24 41 0 18 38 20 43 22 27 48 27 15 5 42 31 6 8 9 12 39 8 13 41 45 24 3 
2 7 2 0 32 38 41 3 48 11 24 19 10 20 35 17 12 27 30 8 26 6 30 31 26 18 
22 47 49 28 0 40 33 46 45 36 19 36 20 46 10 36 13 7 31 7 38 49 39 27 23 46 
37 12 38 49 47 0 23 27 26 15 17 44 4 21 22 41 23 16 34 17 31 43 32 20 22 13 
49 49 24 39 20 33 0 21 27 33 3 22 8 46 39 47 10 44 31 44 42 10 37 10 17 15 
33 5 10 42 3 6 42 0 17 36 48 24 3 38 45 34 24 27 38 19 20 16 20 46 21 21 
49 1 27 31 4 13 40 7 0 24 38 28 11 35 30 48 30 42 11 41 23 7 7 37 10 18 
33 49 41 48 50 13 10 40 22 0 5 6 16 36 33 36 34 46 14 8 7 14 42 9 22 40 
24 10 5 48 14 43 14 17 13 21 0 15 50 10 25 25 18 21 14 26 42 15 6 28 6 39 
11 43 29 4 5 41 40 19 9 27 4 0 6 42 8 13 42 49 24 12 21 35 37 40 33 39 
43 29 34 31 25 19 32 49 10 3 50 35 0 14 8 30 25 31 1 49 22 13 30 7 14 50 
16 32 17 36 4 25 3 46 15 12 13 7 39 0 34 9 23 7 33 5 13 7 36 17 33 46 
5 36 42 12 27 14 22 20 31 10 37 16 14 6 0 29 47 39 49 46 17 18 42 18 41 50 
7 48 2 1 44 30 16 34 40 50 39 12 35 39 49 0 41 37 9 25 22 7 43 27 26 16 
18 38 21 16 28 13 19 2 13 20 16 21 19 38 30 21 0 32 25 6 41 36 5 11 47 26 
32 34 43 19 43 14 21 27 36 26 43 46 18 12 37 21 11 0 22 19 34 21 18 22 46 2 
26 19 22 36 31 13 27 24 40 47 29 27 34 21 6 46 44 34 0 12 37 26 14 13 19 21 
26 34 42 14 6 14 13 48 18 18 46 50 41 6 13 16 22 29 15 0 9 45 28 1 14 38 
27 35 10 9 26 12 6 3 16 6 30 36 10 35 34 17 29 16 4 11 0 46 4 29 50 21 
4 36 49 11 27 49 33 28 27 29 29 4 39 42 6 40 48 25 1 33 30 0 13 44 31 42 
16 12 48 4 42 24 7 11 39 23 26 8 42 40 8 47 8 34 7 5 13 41 0 25 48 21 
49 29 29 17 41 41 42 18 19 11 38 36 25 35 6 23 44 1 20 30 33 6 36 0 43 37 
22 30 38 26 30 25 37 50 34 44 45 28 44 48 32 34 41 23 29 21 12 34 50 2 0 33 
20 41 6 18 38 44 44 36 30 19 12 5 42 40 37 1 37 42 42 11 45 50 4 38 46 0 
43 0 34 7 23 26 39 30 37 44 10 35 32 32 46 1 1 43 15 29 20 30 50 33 43 20 
25 42 0 9 41 38 21 37 18 22 46 10 38 13 5 31 33 19 48 30 2 20 5 47 42 11 
3 36 25 0 19 17 44 1 14 4 1 47 22 46 7 40 49 14 10 50 41 13 31 10 49 38 
12 2 4 42 0 1 21 46 17 31 35 36 12 50 6 3 10 25 10 5 34 11 23 42 41 4 
6 46 47 1 48 0 23 26 27 32 5 42 48 22 4 31 2 5 16 22 5 37 15 4 48 31 
39 21 5 15 28 40 0 11 14 39 45 25 50 17 33 13 10 36 18 1 11 13 3 6 25 33 
6 7 20 36 18 42 42 0 49 20 9 2 22 13 4 16 32 34 34 10 6 2 39 33 9 46 
2 47 4 37 19 37 16 31 0 33 22 33 41 28 22 3 34 1 47 24 12 38 23 15 36 30 
29 20 47 20 31 17 25 11 41 0 16 45 39 13 2 23 37 42 30 32 34 41 7 13 7 23 
2 43 9 48 8 29 33 18 7 40 0 18 19 11 3 6 8 30 38 6 9 45 39 45 2 25 
47 44 33 2 40 23 7 41 48 29 24 0 16 14 33 38 13 21 6 12 6 18 31 28 27 26 
11 19 7 48 28 13 49 8 23 12 36 1 0 17 18 18 11 28 14 24 33 43 17 6 18 47 
25 34 34 46 8 17 16 6 27 30 4 1 43 0 20 17 26 9 41 22 3 12 5 39 44 46 
41 17 4 44 34 45 14 39 2 4 30 16 13 16 0 45 20 45 40 38 14 10 36 45 8 8 
35 26 35 16 35 20 46 40 50 17 1 12 13 44 36 0 41 12 41 17 37 10 46 26 27 33 
18 15 1 31 36 6 23 47 37 50 19 29 24 18 34 35 0 26 13 49 45 8 33 47 3 24 
49 45 28 21 48 39 1 9 33 18 5 45 10 14 12 29 16 0 26 44 17 12 38 24 33 3 
34 34 27 32 26 35 19 48 7 38 12 45 27 40 12 19 21 41 0 1 30 40 17 49 37 17 
43 8 3 37 12 11 21 46 19 14 5 24 27 8 33 37 48 3 27 0 1 34 39 37 33 49 
42 47 24 3 13 18 35 41 15 33 28 16 12 46 27 41 49 9 26 7 0 46 45 34 19 44 
43 15 23 36 33 4 21 20 39 20 14 48 43 6 47 21 33 12 25 5 21 0 37 7 50 11 
36 31 11 27 3 48 14 6 10 21 3 13 5 33 30 8 47 23 26 13 44 7 0 3 30 37 
13 33 10 14 24 6 9 23 26 48 23 10 44 36 23 1 43 34 36 44 8 29 30 0 46 48 
25 14 31 38 17 30 29 32 41 41 15 4 42 37 15 45 40 29 35 7 48 3 38 3 0 12 
1 23 18 36 29 34 3 14 16 49 43 28 36 9 19 45 29 3 45 9 47 1 47 21 49 0 
19 0 50 45 40 1 22 26 28 26 17 7 11 46 13 7 12 41 26 38 23 18 5 21 17 12 
19 1 0 43 45 15 1 27 47 38 10 35 8 25 16 28 17 50 10 43 12 35 34 41 38 47 
7 25 10 0 49 32 14 30 29 29 32 22 34 33 11 16 31 15 9 3 23 4 17 11 10 6 
18 45 28 5 0 27 36 11 6 49 9 26 17 48 6 47 5 30 46 34 7 34 17 50 27 32 
20 25 38 16 43 0 41 14 50 44 15 19 2 24 2 47 12 28 35 2 41 14 17 3 7 18 
25 21 28 4 23 1 0 46 1 23 7 11 23 41 6 19 12 17 5 42 28 4 7 45 37 46 
6 33 48 37 19 4 23 0 32 48 19 20 37 47 21 14 24 1 1 45 36 39 38 30 34 29 
47 13 12 29 15 19 27 41 0 9 17 19 48 14 5 4 39 41 43 38 49 26 21 34 28 5 
3 6 50 2 7 18 4 14 9 0 22 41 11 4 34 1 44 47 38 5 46 26 37 46 41 47 
49 46 42 36 4 27 29 35 25 12 0 13 27 39 3 49 16 34 6 34 13 29 38 10 37 5 
30 33 30 32 29 16 11 9 5 8 23 0 12 29 6 45 12 27 30 22 38 18 8 36 6 31 
42 32 12 29 19 11 37 5 31 25 44 50 0 3 46 47 3 18 35 45 27 4 6 50 39 1 
3 9 38 50 38 22 47 24 2 37 35 49 31 0 37 48 37 7 49 32 2 13 24 34 26 36 
50 24 42 29 27 37 32 24 28 17 3 49 6 43 0 3 47 26 2 9 12 5 37 48 48 41 
48 7 19 38 39 29 25 13 14 38 49 6 46 25 1 0 3 25 4 21 45 38 1 6 30 5 
37 23 26 14 32 14 26 45 39 30 30 14 36 39 38 28 0 37 43 5 4 42 31 28 9 10 
30 33 28 3 3 47 1 40 33 3 7 50 49 33 25 24 12 0 7 45 21 40 39 16 33 17 
2 9 2 26 14 6 45 17 4 2 31 48 42 37 34 30 25 4 0 37 32 29 38 11 31 31 
30 25 33 38 21 41 18 46 37 1 38 50 14 20 48 12 33 45 31 0 44 27 20 21 12 42 
15 36 30 1 39 15 49 21 46 34 31 13 29 34 11 14 2 6 36 46 0 30 12 35 39 20 
46 43 30 37 5 11 5 21 47 6 6 39 45 48 37 40 30 18 36 17 49 0 5 12 20 31 
25 15 35 17 12 4 1 41 31 44 22 19 35 42 24 26 42 33 29 6 25 7 0 8 50 7 
1 44 49 22 22 42 32 10 6 30 46 21 5 35 2 5 48 15 5 15 21 45 26 0 13 41 
7 22 34 15 6 18 8 36 10 12 11 2 19 10 3 41 10 29 12 28 6 38 48 27 0 1 
27 43 3 35 36 6 18 37 32 15 20 48 45 50 13 39 35 45 23 42 3 30 5 3 24 0 
12 0 17 15 35 35 20 25 7 15 29 25 5 1 25 7 43 16 38 46 33 43 15 29 50 39 
22 43 0 25 36 48 48 38 50 12 25 40 4 3 47 45 45 42 31 21 38 34 35 21 17 49 
38 42 10 0 21 31 48 38 15 46 14 28 50 22 17 32 37 6 40 50 17 40 13 42 1 39 
2 34 8 12 0 5 37 22 8 37 11 6 29 30 31 27 3 39 7 33 18 45 20 15 40 1 
29 46 21 1 9 0 25 1 10 32 29 15 30 4 42 27 6 42 35 7 26 9 26 9 24 15 
2 7 9 33 44 32 0 19 19 12 27 42 1 8 29 36 6 20 48 2 13 23 36 16 6 13 
4 36 9 14 43 3 37 0 48 36 8 19 42 27 39 48 46 12 42 16 35 5 34 7 21 21 
40 29 7 11 42 16 42 4 0 21 41 46 11 5 20 24 6 3 23 21 18 15 43 9 5 18 
12 44 50 22 8 20 30 38 44 0 3 25 30 38 44 42 27 39 6 49 2 35 7 23 42 30 
2 12 36 4 6 47 20 3 43 31 0 23 42 33 14 21 17 24 11 17 50 26 16 29 30 41 
26 37 11 3 34 5 21 9 42 6 8 0 45 34 38 7 5 28 45 14 20 36 7 43 28 36 
11 47 7 43 4 37 33 6 14 31 10 10 0 50 10 26 2 34 41 8 13 22 41 23 11 45 
49 21 16 10 6 20 44 33 18 23 9 15 17 0 38 19 26 39 21 8 47 46 28 36 39 19 
2 16 36 15 14 21 24 47 48 6 16 18 46 8 0 11 16 28 32 37 17 37 18 3 39 38 
34 20 15 14 50 21 36 28 42 4 4 9 18 5 3 0 35 19 19 33 4 9 43 13 48 31 
18 47 49 22 32 35 14 47 28 31 1 10 33 49 36 31 0 40 5 5 7 8 11 27 35 32 
19 49 21 36 30 41 8 18 33 32 24 38 6 10 19 41 13 0 40 25 2 26 37 20 47 23 
19 39 9 41 24 8 20 14 40 14 36 43 11 48 40 44 42 50 0 18 12 43 35 45 36 16 
45 21 3 34 7 32 30 25 13 12 2 50 28 10 24 5 24 17 47 0 33 49 2 43 35 8 
35 37 2 35 30 35 45 23 25 29 38 18 31 34 32 7 19 49 37 39 0 45 15 41 45 8 
20 19 49 3 18 44 29 18 27 22 46 29 40 33 28 8 27 3 31 36 38 0 44 33 15 27 
31 4 7 47 13 20 47 7 28 11 16 47 20 8 36 10 50 5 12 37 28 29 0 16 9 32 
19 12 10 9 21 26 36 34 26 38 41 23 22 14 3 49 22 13 23 12 12 7 46 0 46 27 
38 40 21 29 50 2 38 48 15 45 8 38 49 7 36 31 13 44 20 45 38 29 41 10 0 39 
7 17 43 48 21 12 17 15 33 34 36 16 6 27 37 3 25 7 19 45 12 23 6 37 32 0 
49 0 13 26 2 40 9 49 11 40 43 35 46 50 45 33 42 23 17 24 50 15 8 18 34 42 
13 23 0 22 16 28 34 11 6 17 23 49 41 14 43 25 37 5 16 35 2 8 25 12 36 3 
39 7 32 0 38 17 41 46 42 10 27 37 28 45 13 9 25 40 34 23 35 1 10 24 50 13 
11 42 33 33 0 34 38 11 37 14 40 28 29 19 50 32 4 49 4 17 38 10 10 4 26 28 
19 41 40 2 2 0 29 34 33 25 7 49 13 10 26 39 27 41 32 24 32 46 21 35 42 31 
2 7 8 13 3 1 0 39 8 6 16 47 22 35 12 11 45 47 44 44 33 41 40 28 28 11 
19 28 31 45 33 48 7 0 49 21 50 22 26 20 22 7 11 6 4 11 42 6 7 21 13 38 
49 28 42 9 41 13 29 31 0 2 35 23 8 14 24 18 41 24 14 12 40 19 27 22 37 23 
36 36 17 36 6 13 8 19 7 0 34 21 16 40 31 38 43 46 18 38 35 3 43 31 44 2 
33 44 10 23 20 22 6 5 37 6 0 27 13 46 47 22 15 40 7 40 47 25 34 33 24 47 
24 9 34 3 20 43 6 24 34 23 19 0 49 46 38 13 16 12 4 26 11 31 1 22 16 20 
14 36 41 48 27 49 11 36 27 47 13 22 0 2 17 13 22 40 12 24 3 17 44 20 28 32 
14 31 7 13 16 23 38 18 34 7 7 15 26 0 7 25 9 13 20 42 50 44 10 37 14 40 
42 39 48 13 3 20 17 13 17 13 19 4 23 11 0 24 25 5 19 11 6 7 14 5 50 45 
5 25 28 29 38 5 44 44 23 24 34 41 5 31 38 0 41 3 10 44 6 5 41 9 19 25 
40 41 27 8 34 29 35 49 19 49 45 40 35 29 9 26 0 10 50 38 40 35 50 38 23 16 
4 4 11 44 40 15 17 10 4 49 14 17 36 40 46 50 42 0 37 32 43 1 18 32 36 31 
45 41 22 29 41 40 3 4 43 30 25 24 5 29 35 28 30 32 0 30 45 9 24 11 42 41 
43 13 7 31 15 37 23 26 13 45 24 46 32 14 9 11 14 44 10 0 22 27 38 8 48 15 
22 37 3 41 23 22 30 30 39 48 28 47 24 28 44 3 49 43 34 11 0 32 49 19 21 35 
46 31 1 20 15 6 5 9 16 44 1 21 35 41 24 44 17 44 16 32 14 0 40 16 17 20 
29 46 25 37 34 23 19 32 7 28 41 29 10 24 42 23 39 9 35 44 33 14 0 2 11 18 
16 6 3 39 21 6 15 35 1 37 11 31 23 33 21 33 39 29 13 34 15 7 20 0 24 9 
26 32 31 24 37 15 44 14 19 18 18 16 44 36 22 26 45 10 38 32 43 16 26 15 0 11 
45 35 40 28 3 10 37 29 31 46 25 35 12 14 22 17 17 4 15 4 17 46 44 42 8 0 
21 0 48 32 43 17 10 6 17 13 43 31 5 37 17 8 31 38 13 41 48 42 33 46 17 16 
26 12 0 11 11 45 49 42 48 20 33 13 5 37 14 36 19 18 50 22 41 13 30 38 8 23 
29 33 3 0 44 16 39 2 15 27 41 49 45 7 18 44 39 7 18 35 45 26 2 50 5 29 
25 33 25 26 0 3 47 25 4 38 17 17 39 4 4 44 11 41 10 24 38 25 12 33 28 2 
7 13 4 13 47 0 27 34 48 16 42 6 28 40 25 45 24 41 19 1 28 1 3 14 41 35 
36 43 27 18 5 13 0 50 47 24 47 34 22 41 42 40 34 41 39 13 38 33 2 35 29 14 
34 44 32 1 2 4 50 0 13 29 12 35 7 31 12 30 7 32 16 28 12 3 1 28 12 44 
11 14 2 3 2 35 8 48 0 4 21 20 19 47 23 44 35 9 13 30 6 27 11 28 33 32 
2 36 8 18 12 34 17 21 7 0 42 40 49 11 28 27 27 10 27 41 10 38 35 44 35 27 
44 39 48 7 17 1 37 19 21 50 0 49 1 31 43 38 4 49 41 32 4 37 49 35 3 29 
18 34 37 24 45 18 43 23 41 19 45 0 19 15 40 42 4 30 40 28 28 27 30 35 3 7 
40 45 12 32 41 45 4 45 28 50 17 50 0 46 27 33 7 28 40 24 43 35 34 1 41 1 
7 10 8 25 2 39 50 35 17 5 23 31 42 0 50 24 42 25 37 40 25 4 35 13 46 22 
50 40 11 11 23 6 44 22 32 35 36 47 20 27 0 12 17 16 29 23 10 26 37 41 1 2 
11 48 11 16 47 23 47 13 4 3 49 40 24 45 50 0 30 10 11 16 38 45 5 10 29 9 
39 6 41 36 47 13 49 10 9 13 8 33 7 35 13 39 0 35 17 24 13 28 42 35 24 31 
17 26 26 13 7 6 38 33 8 9 17 7 27 7 40 1 31 0 15 33 42 47 4 26 3 50 
11 39 37 16 31 47 22 18 6 31 38 24 47 3 8 20 50 49 0 27 47 33 8 10 35 13 
48 27 2 32 34 13 1 23 14 46 17 2 18 27 12 45 40 22 27 0 3 27 34 13 26 22 
48 5 49 7 18 3 29 2 3 34 20 20 36 22 18 37 2 33 7 41 0 18 33 22 15 2 
43 37 34 32 36 14 15 27 11 36 9 2 16 47 44 38 50 15 43 43 25 0 4 50 9 16 
26 1 6 35 4 15 33 35 6 25 17 46 21 17 21 6 44 26 36 10 36 36 0 37 14 4 
19 18 30 23 27 39 37 25 16 11 13 9 42 7 22 26 18 11 23 27 43 30 48 0 23 37 
32 29 14 50 31 41 15 43 32 36 48 4 12 29 36 31 21 5 7 8 47 2 19 15 0 34 
19 26 14 37 12 39 21 7 37 46 11 23 26 36 20 49 16 11 22 24 22 7 32 37 47 0 
22 0 25 41 16 41 30 11 49 16 13 16 1 6 21 47 27 48 25 34 26 8 46 20 37 9 
31 42 0 47 42 13 13 44 27 41 40 15 30 42 47 16 50 25 10 24 5 49 11 40 25 47 
25 32 49 0 12 39 27 6 4 7 10 39 14 8 4 50 22 24 16 32 33 48 6 29 18 26 
34 36 47 33 0 11 21 2 22 45 38 31 45 16 2 14 10 26 36 37 27 36 17 7 24 33 
25 45 9 43 50 0 20 3 31 37 6 41 9 22 47 39 37 42 14 16 20 28 9 14 18 23 
22 21 43 42 40 17 0 29 23 50 36 26 44 29 45 19 29 14 30 47 23 1 5 40 49 40 
45 4 41 5 6 17 32 0 41 21 28 49 11 40 47 39 12 37 23 11 13 44 13 19 47 41 
14 29 18 45 23 18 32 44 0 2 46 14 38 19 45 19 45 3 9 17 20 19 25 33 8 11 
15 33 29 36 47 32 35 45 14 0 42 39 14 47 48 10 18 17 39 1 25 24 18 28 43 18 
42 5 2 27 23 40 46 11 34 9 0 36 4 9 6 15 30 44 6 3 31 32 7 12 7 3 
2 36 33 33 38 47 5 36 18 5 28 0 33 18 41 3 43 4 13 40 25 15 9 34 37 46 
30 13 26 12 37 36 43 45 25 21 4 14 0 28 47 12 32 18 41 1 38 47 27 15 50 39 
28 44 22 33 39 44 3 46 37 8 35 29 24 0 32 20 35 38 43 21 49 29 27 16 29 43 
48 19 33 50 49 4 49 26 24 10 42 22 13 37 0 28 2 19 41 40 28 4 44 9 32 3 
10 35 45 2 11 2 29 44 40 41 26 20 47 39 5 0 37 3 1 22 28 13 26 7 43 47 
10 36 26 1 40 5 10 1 47 40 19 4 25 14 9 14 0 29 23 46 2 32 23 3 36 42 
1 43 38 5 41 34 29 2 5 1 16 3 43 1 37 17 20 0 50 49 36 33 28 38 14 14 
35 4 11 42 16 38 33 41 10 40 12 22 47 7 6 41 3 21 0 13 43 12 37 23 10 36 
13 23 4 1 9 23 6 24 41 6 31 18 11 39 13 34 12 33 11 0 26 45 23 43 44 45 
31 8 25 22 3 48 32 2 6 3 15 30 41 1 17 6 49 6 1 26 0 23 42 32 1 9 
50 5 12 34 42 40 31 11 6 29 16 32 2 38 8 50 17 5 37 49 4 0 22 32 45 20 
46 18 42 18 22 39 26 24 13 4 44 20 18 15 13 35 19 36 23 1 24 48 0 18 44 26 
7 37 46 2 5 28 23 17 14 46 23 39 43 34 41 41 8 39 35 14 30 49 41 0 24 14 
36 37 10 45 46 49 50 49 43 16 2 31 23 8 26 22 4 4 20 41 46 27 2 33 0 11 
16 9 34 30 47 8 47 22 38 20 42 14 23 18 47 24 40 1 18 39 10 36 31 10 43 0 
27 0 46 21 34 18 9 35 28 34 31 40 17 20 46 8 5 9 35 39 35 8 31 36 23 17 
6 26 0 34 44 1 31 28 25 37 21 13 26 38 21 11 7 37 39 38 7 7 21 5 10 34 
1 2 43 0 25 35 46 10 49 17 12 34 1 34 33 50 13 43 33 26 46 29 22 15 28 28 
22 43 48 16 0 11 36 21 25 11 1 29 36 50 3 25 4 28 22 9 28 7 3 6 39 45 
15 39 30 15 5 0 30 38 16 48 14 4 12 33 7 27 13 27 24 33 22 27 44 31 1 43 
2 50 6 50 22 19 0 37 10 21 46 47 42 10 6 21 41 20 2 39 22 42 45 15 32 15 
30 30 23 17 18 22 8 0 29 23 4 30 32 16 27 45 18 3 13 11 30 22 18 18 13 31 
8 42 42 30 1 7 36 25 0 36 42 40 14 43 3 25 40 13 37 3 41 10 5 26 45 5 
40 33 5 2 44 13 12 11 37 0 11 30 17 49 22 48 45 8 31 35 6 4 10 10 36 41 
9 31 16 22 22 3 17 48 26 12 0 24 31 23 42 30 28 3 7 42 46 23 15 16 6 47 
2 24 41 40 1 30 24 19 11 35 32 0 47 40 16 8 13 20 24 10 24 14 35 39 5 28 
2 3 18 41 19 45 15 11 26 20 30 27 0 8 25 32 1 13 12 7 49 32 14 42 34 33 
4 41 6 32 33 18 36 36 12 50 28 6 29 0 43 41 17 36 15 47 29 37 12 50 28 24 
2 23 32 7 47 38 12 34 8 15 5 10 30 43 0 2 44 41 47 26 5 45 34 20 17 32 
47 50 46 6 47 42 41 28 9 31 45 4 30 16 12 0 16 23 22 29 37 8 7 22 45 36 
46 16 25 24 30 19 4 16 26 50 39 17 29 11 23 14 0 32 22 12 8 41 12 31 14 40 
23 13 41 30 24 40 28 1 21 1 27 17 5 29 13 42 39 0 4 16 23 49 44 11 6 24 
27 36 11 38 45 35 36 11 35 8 6 13 36 3 11 12 16 9 0 10 47 47 27 43 49 17 
3 8 15 41 41 29 2 36 7 47 5 18 14 26 17 42 7 21 22 0 8 29 3 2 6 12 
34 36 1 10 28 50 44 12 22 43 27 21 21 44 29 4 28 30 7 6 0 45 2 34 44 5 
41 7 21 42 38 1 7 9 29 7 44 2 26 29 47 12 6 43 33 40 21 0 36 27 43 4 
1 23 46 50 18 32 2 7 5 38 44 23 20 34 43 20 12 42 37 36 3 2 0 2 10 45 
39 9 1 5 35 5 30 28 39 38 28 12 10 12 26 42 45 22 42 3 39 36 10 0 40 20 
9 45 40 7 1 49 22 36 5 29 23 2 3 21 34 14 45 32 46 15 8 3 31 12 0 45 
8 31 10 7 7 4 50 11 35 26 10 41 21 38 39 7 27 5 33 3 40 43 2 9 40 0 
44 0 5 14 26 12 7 15 29 13 44 19 12 30 49 26 24 41 19 45 24 24 25 44 8 8 
32 48 0 48 9 5 16 29 2 18 14 50 36 36 23 19 46 12 9 45 20 46 48 7 7 30 
50 24 7 0 35 16 20 11 7 18 31 10 17 20 8 28 40 10 12 35 27 38 5 47 26 29 
13 16 50 38 0 13 35 41 41 30 6 42 23 17 2 44 40 30 19 42 10 29 43 2 18 31 
36 36 22 31 42 0 46 28 31 6 4 4 11 19 5 47 19 26 41 2 36 18 44 10 41 38 
9 36 5 17 1 20 0 14 33 8 28 49 19 10 38 10 15 42 11 49 40 29 11 14 46 42 
3 2 50 32 14 43 26 0 32 44 34 10 24 15 6 34 41 29 12 28 48 50 16 4 42 22 
26 33 12 1 10 48 23 9 0 26 48 19 14 1 44 35 23 38 17 5 1 41 28 6 16 50 
50 50 37 49 42 37 49 8 10 0 39 10 15 31 35 36 38 15 40 8 15 27 28 19 43 25 
12 50 49 42 31 48 28 46 2 10 0 49 37 10 34 12 20 7 41 6 25 9 8 32 19 14 
26 39 48 1 24 22 31 44 25 31 37 0 50 17 30 41 33 19 29 25 38 1 6 6 47 46 
21 38 13 19 17 4 19 31 28 5 10 30 0 46 29 39 18 44 36 3 25 21 40 12 16 43 
40 30 7 32 13 21 33 1 6 3 35 19 26 0 8 27 19 20 39 25 31 3 24 1 37 20 
8 20 4 23 25 31 26 47 26 28 25 12 50 15 0 34 28 30 41 26 5 50 18 28 27 6 
2 1 37 35 40 16 29 21 13 5 2 30 29 31 23 0 9 22 50 31 3 8 21 24 42 4 
24 33 25 33 21 40 42 27 17 24 30 40 12 37 12 46 0 42 37 10 33 48 2 10 4 46 
28 19 48 24 49 32 27 46 32 16 34 4 38 43 15 10 3 0 12 8 43 20 10 13 20 7 
16 34 14 9 7 23 24 22 37 43 22 45 4 18 43 4 45 31 0 22 29 42 4 45 46 24 
45 40 3 12 27 19 7 28 18 33 49 13 37 26 44 11 33 2 50 0 44 16 50 45 15 40 
26 29 42 42 15 13 39 19 36 12 33 21 11 11 25 15 17 37 35 45 0 41 8 6 28 18 
10 3 45 2 9 46 46 39 23 2 40 16 37 3 21 10 44 2 15 11 40 0 22 42 26 29 
49 14 10 21 49 18 24 14 24 5 11 44 18 28 16 38 33 39 9 35 50 31 0 34 15 35 
47 7 42 18 28 38 12 20 23 10 33 37 18 24 34 16 2 13 48 11 17 27 24 0 49 23 
8 34 33 41 30 18 30 45 37 3 12 33 47 46 17 50 24 45 18 34 2 15 15 26 0 20 
48 18 36 5 18 20 33 43 45 21 5 29 29 44 42 3 42 32 21 23 34 6 17 31 12 0 
43 0 32 7 15 22 44 19 8 22 32 50 45 41 19 34 29 40 2 26 13 21 46 2 26 32 
11 34 0 45 3 37 42 1 6 43 26 38 27 28 23 28 36 22 8 13 42 8 1 13 38 44 
44 4 42 0 18 41 48 31 31 34 11 10 25 5 35 40 50 40 49 44 46 3 13 30 49 28 
49 38 40 34 0 24 11 21 8 9 44 39 10 38 3 29 8 46 45 13 18 12 18 23 23 43 
19 2 20 42 42 0 31 25 44 41 43 10 42 47 10 1 39 17 46 42 2 40 2 47 15 39 
7 18 18 31 17 32 0 16 17 41 5 9 2 16 18 13 14 17 47 10 19 16 50 35 12 29 
45 22 32 21 4 17 6 0 5 4 36 13 8 13 24 12 45 25 6 5 42 38 2 29 29 39 
24 6 37 47 23 8 34 6 0 3 23 10 34 46 38 38 3 47 13 33 50 6 5 23 49 25 
41 44 30 20 42 43 44 3 33 0 31 12 20 9 31 28 30 3 11 2 2 11 29 19 18 40 
42 40 47 30 33 19 33 38 22 33 0 15 4 36 11 30 17 32 14 8 27 34 38 32 5 21 
4 45 22 47 15 12 26 13 31 50 4 0 48 24 50 12 30 32 37 49 14 26 18 50 22 36 
29 16 11 41 7 4 9 42 10 30 25 11 0 42 8 21 40 42 5 11 27 20 9 14 47 47 
2 1 34 42 45 37 45 50 12 36 47 15 22 0 25 47 46 6 15 21 37 19 41 30 28 25 
35 13 39 46 17 20 3 15 45 5 3 25 1 15 0 44 30 12 30 22 25 25 20 30 15 32 
14 45 44 10 29 11 22 6 17 11 24 7 4 45 16 0 44 50 28 21 44 21 6 50 27 7 
7 11 9 4 50 15 33 25 15 4 26 9 6 16 44 32 0 20 34 5 21 24 8 36 6 31 
26 42 10 21 12 9 46 17 3 22 1 13 3 17 46 41 33 0 40 42 41 36 44 12 27 13 
1 22 46 7 34 50 26 3 23 25 23 24 4 3 46 31 43 3 0 45 44 19 18 18 9 30 
42 19 44 15 46 32 30 33 8 11 37 50 11 20 23 26 10 30 43 0 23 17 29 37 47 11 
43 42 18 34 45 33 5 37 27 42 31 32 39 28 44 43 42 46 43 9 0 31 33 34 23 18 
9 38 25 37 13 13 32 47 5 3 41 13 49 14 28 33 14 34 28 42 44 0 22 3 50 30 
26 34 45 39 31 11 8 45 16 36 45 30 50 14 29 50 36 35 25 3 31 43 0 32 15 26 
17 50 6 32 25 37 36 26 7 38 30 37 9 24 43 33 18 34 29 33 4 15 20 0 49 42 
9 38 29 47 50 34 2 31 13 15 12 3 14 42 49 10 4 43 27 50 13 27 11 33 0 21 
13 9 4 32 23 3 30 7 40 17 50 8 30 8 4 29 7 46 10 31 31 5 42 30 24 0 
50 0 22 43 50 29 32 28 46 26 37 25 48 50 41 12 32 46 25 26 50 3 25 36 24 22 
7 31 0 1 2 41 9 17 24 8 23 31 38 8 11 35 23 12 4 21 29 31 7 6 48 49 
35 30 17 0 30 22 26 37 20 29 23 2 27 45 36 29 9 25 42 18 31 45 39 15 41 28 
41 21 15 45 0 41 1 25 4 3 6 29 1 44 37 47 45 19 29 39 34 47 18 18 43 21 
7 16 39 17 5 0 47 16 26 3 31 6 22 25 38 23 27 23 42 31 1 8 31 5 21 36 
26 10 26 8 32 23 0 3 23 25 35 35 37 37 49 10 13 25 42 6 42 24 44 42 17 8 
24 27 38 43 13 27 11 0 18 31 29 37 40 19 22 9 3 49 1 3 38 40 37 44 21 38 
34 39 50 29 13 32 19 10 0 1 8 47 15 31 12 9 24 19 6 20 23 24 7 21 48 40 
25 44 39 29 18 38 34 18 6 0 30 38 12 40 19 47 19 31 18 14 12 38 19 39 45 14 
21 31 25 48 14 28 19 2 40 38 0 39 30 31 34 21 14 48 26 33 22 12 30 38 23 5 
43 39 7 37 2 7 6 45 16 48 7 0 9 20 42 3 19 11 50 31 9 40 50 35 43 49 
40 43 7 24 2 41 44 2 44 22 39 12 0 16 38 32 33 36 16 36 14 5 29 35 31 3 
2 30 7 14 16 43 5 15 38 13 14 50 22 0 14 7 14 8 27 20 14 7 45 13 50 26 
5 35 49 29 44 12 9 26 21 1 11 37 38 28 0 29 34 48 28 26 19 34 14 3 30 1 
48 2 15 17 46 7 18 8 38 12 9 6 36 45 1 0 5 24 1 13 46 27 20 49 42 30 
10 18 38 31 43 41 32 19 29 47 10 44 10 26 44 44 0 30 1 17 21 29 13 33 25 14 
11 14 40 35 24 28 4 24 37 37 40 31 27 46 21 27 38 0 7 49 41 11 14 26 20 2 
48 20 32 21 2 47 35 13 18 33 28 43 35 6 19 7 21 23 0 39 5 13 3 5 46 44 
41 6 35 34 3 47 38 21 33 26 9 22 3 36 40 5 18 9 14 0 44 35 4 2 30 35 
41 42 37 16 40 45 15 36 28 11 41 50 30 15 36 40 23 2 30 11 0 35 18 38 49 50 
46 44 42 3 10 38 5 6 50 12 6 2 6 44 32 44 36 26 25 50 6 0 39 45 28 4 
13 2 23 20 50 24 4 38 16 45 1 23 34 19 24 37 45 30 3 31 39 18 0 9 48 17 
49 43 14 50 45 7 50 15 49 47 36 32 36 50 39 2 14 40 50 31 21 3 8 0 1 13 
11 9 42 47 16 46 44 25 3 2 32 41 38 22 38 1 9 36 22 39 6 10 31 15 0 30 
26 28 9 18 46 47 36 13 38 34 48 9 19 34 2 42 7 33 49 8 12 26 18 12 30 0 
13 0 18 36 13 8 2 29 27 17 40 18 36 8 8 5 47 28 1 38 41 43 40 2 21 47 
49 27 0 33 7 19 50 10 48 38 34 30 50 1 31 33 20 32 2 44 34 7 50 26 44 12 
34 26 31 0 21 38 24 16 16 17 9 26 46 21 49 41 8 38 20 24 26 47 28 21 6 22 
11 38 9 37 0 40 49 1 40 45 35 25 30 27 50 11 14 35 35 22 8 24 12 4 4 26 
19 30 2 18 16 0 7 5 26 50 28 36 7 29 27 10 25 7 26 14 16 29 12 20 14 12 
12 44 49 48 48 49 0 35 5 12 22 20 49 22 30 28 20 4 27 23 25 8 7 8 12 33 
18 37 40 39 47 8 10 0 38 7 4 14 7 28 3 29 2 2 18 6 41 26 36 46 37 46 
26 35 48 40 5 6 36 38 0 15 31 13 45 17 15 14 10 11 15 27 15 14 27 25 44 24 
6 40 3 21 8 32 41 4 43 0 22 24 13 49 3 49 29 19 13 22 16 7 35 3 42 32 
15 21 20 22 33 49 10 4 16 50 0 16 33 17 8 49 23 42 25 43 40 48 13 13 28 37 
45 14 3 29 18 21 37 12 40 44 11 0 21 32 11 23 15 9 34 3 33 46 3 6 24 44 
16 11 11 2 35 3 9 43 36 38 36 7 0 26 49 29 30 22 27 15 38 2 10 15 20 26 
39 29 10 46 41 42 8 30 35 2 10 26 10 0 6 41 3 29 47 23 37 8 34 36 24 3 
25 27 42 36 42 6 47 41 27 46 24 49 48 45 0 46 29 27 41 47 20 4 13 21 24 36 
24 13 42 33 18 5 44 36 43 17 16 16 45 44 47 0 14 36 33 10 17 4 32 3 27 9 
32 44 39 5 50 13 6 19 50 19 44 5 9 9 42 31 0 13 5 29 31 14 32 48 1 6 
19 30 12 7 32 42 11 16 25 37 12 6 31 44 5 11 48 0 46 25 3 10 27 24 19 37 
42 27 25 47 46 50 46 39 50 31 33 44 12 19 27 34 40 35 0 23 31 26 33 12 25 20 
16 37 23 48 46 42 6 43 20 41 16 36 19 29 37 16 17 32 13 0 22 17 36 27 49 20 
21 43 2 39 12 9 16 1 28 30 14 24 41 5 39 28 1 43 28 12 0 48 21 6 37 15 
9 2 50 3 3 31 10 24 29 26 50 5 5 8 32 1 36 42 50 23 42 0 26 27 24 44 
16 44 50 38 22 50 38 15 24 4 8 17 48 25 50 4 50 13 29 40 24 47 0 35 47 12 
12 30 7 15 23 33 25 26 10 37 37 11 37 7 26 12 40 32 5 24 34 39 18 0 50 19 
43 14 49 35 21 20 9 3 26 10 21 32 1 1 21 34 41 39 38 13 44 13 7 4 0 28 
34 16 31 23 28 24 13 7 46 31 20 26 41 39 18 29 8 12 47 6 31 40 31 34 40 0 
43 0 1 30 37 26 30 8 46 7 38 5 29 31 49 37 9 25 5 20 2 8 1 50 21 35 
36 2 0 10 49 48 44 35 48 33 35 24 33 20 21 2 13 31 34 2 13 1 28 14 11 47 
6 36 11 0 32 33 43 1 9 3 40 29 48 48 10 44 20 31 48 14 14 26 6 35 19 40 
28 17 49 8 0 35 9 39 50 2 42 9 25 16 1 42 24 24 17 31 23 15 34 24 8 44 
20 30 50 48 22 0 1 1 42 43 5 26 2 2 19 31 41 49 46 19 36 45 16 48 23 40 
2 39 4 47 26 44 0 43 42 14 15 30 40 3 31 41 8 34 24 46 17 22 23 49 1 33 
17 38 6 22 50 5 32 0 28 8 20 13 48 46 17 12 33 11 38 4 2 2 46 16 28 29 
12 42 3 6 19 30 40 4 0 14 10 6 38 21 15 11 48 12 46 11 29 10 39 7 35 34 
12 35 45 49 32 21 22 28 43 0 38 13 30 22 39 41 23 45 32 8 6 46 40 23 43 5 
40 1 6 50 20 24 35 18 23 8 0 45 46 5 33 39 35 10 28 28 49 18 41 7 20 6 
16 7 50 29 38 22 12 2 45 43 20 0 17 29 24 14 29 12 50 32 47 28 40 49 20 22 
37 13 46 45 37 49 44 36 45 4 17 36 0 40 35 36 33 45 11 41 20 18 32 4 14 21 
6 42 26 24 29 26 8 31 8 2 9 17 7 0 8 44 26 31 34 20 48 43 23 15 46 14 
33 30 9 50 4 5 10 33 25 32 8 19 12 16 0 29 10 6 32 33 28 17 38 4 47 44 
38 48 34 17 28 33 28 30 11 46 47 50 31 5 47 0 50 34 32 27 37 8 19 18 42 38 
37 42 32 19 47 46 26 12 7 17 8 26 17 47 49 31 0 39 2 21 33 10 26 28 36 28 
34 6 27 11 36 19 30 43 29 41 42 46 12 14 1 21 38 0 24 38 40 25 18 36 29 7 
20 17 48 10 29 12 14 47 42 14 40 50 2 22 48 28 33 38 0 7 7 35 27 39 21 12 
23 2 40 47 3 16 21 49 5 17 2 33 34 1 30 28 50 21 50 0 11 22 37 3 41 13 
43 30 29 22 22 43 29 28 48 7 10 25 50 39 49 20 1 48 6 47 0 46 49 38 27 29 
36 7 40 10 41 36 50 50 34 11 36 42 27 33 24 24 5 37 45 21 4 0 50 33 1 41 
21 40 48 44 17 44 42 3 44 37 37 39 18 8 21 10 26 17 28 13 28 25 0 15 32 23 
41 13 44 7 26 37 25 39 19 20 47 3 6 17 18 44 40 34 47 38 35 37 30 0 24 11 
29 34 5 39 14 47 25 16 22 27 32 49 46 18 50 12 1 49 38 24 8 20 50 11 0 19 
39 42 19 44 38 4 34 20 47 48 4 20 1 6 24 22 37 35 41 36 46 44 16 47 26 0 
35 0 39 42 1 3 9 34 44 20 25 5 7 23 34 23 48 29 50 21 47 42 50 44 14 2 
21 35 0 9 25 23 46 26 22 18 4 16 42 20 44 39 20 27 31 32 20 16 15 2 18 39 
18 44 45 0 1 35 35 45 29 49 33 24 25 20 47 29 29 36 5 30 8 7 9 7 33 27 
16 20 13 45 0 37 7 34 41 37 6 2 32 21 34 19 21 13 22 12 15 45 7 34 3 41 
31 11 22 11 32 0 10 38 13 24 19 16 33 35 12 27 41 34 33 42 28 48 15 21 12 37 
44 37 45 18 32 9 0 36 10 4 7 46 12 30 5 46 15 19 48 16 4 39 29 11 36 25 
12 25 43 26 43 16 40 0 11 25 39 23 43 45 42 10 30 23 31 6 31 29 4 29 46 14 
29 18 6 8 49 15 27 10 0 44 21 35 44 35 11 41 6 1 6 17 24 22 25 6 6 24 
16 49 5 5 46 8 47 47 12 0 15 49 35 4 27 24 47 33 2 22 25 37 39 20 15 25 
28 49 12 23 42 5 12 50 34 33 0 17 22 6 49 14 39 47 23 47 43 22 48 29 44 27 
39 23 35 31 38 28 29 40 31 18 9 0 35 25 20 11 37 35 20 44 7 25 28 3 8 37 
41 16 23 23 4 31 20 19 46 4 32 28 0 20 47 6 38 32 25 32 6 5 22 3 37 6 
37 29 35 37 3 11 21 27 45 48 12 7 18 0 28 37 39 17 29 17 29 9 16 24 38 19 
43 3 22 3 33 19 13 37 18 17 3 35 32 44 0 43 12 2 25 50 44 32 15 48 45 17 
38 43 37 8 47 22 5 48 18 10 9 49 24 13 29 0 50 20 50 11 35 4 35 36 25 18 
8 41 25 44 38 28 5 28 37 45 26 26 29 21 45 48 0 38 15 35 35 13 28 13 21 45 
12 16 38 10 13 4 8 13 41 40 31 31 4 31 32 4 22 0 38 18 3 24 42 30 16 38 
16 21 1 40 6 30 28 4 50 26 13 18 18 24 41 18 14 39 0 31 15 17 35 34 3 31 
41 41 46 18 21 21 36 22 22 48 34 7 23 35 11 4 28 4 5 0 20 36 5 15 27 35 
11 3 49 2 22 32 37 49 9 15 40 33 37 29 6 27 47 46 27 8 0 12 42 4 20 11 
40 31 30 34 46 37 26 19 33 11 18 37 20 1 16 48 9 14 21 22 21 0 42 25 50 43 
40 9 39 19 24 20 50 29 41 32 1 7 16 14 29 14 14 4 19 39 40 28 0 45 11 11 
3 28 34 49 40 49 6 31 41 7 28 38 50 9 42 18 9 29 19 16 41 44 1 0 42 8 
8 38 7 12 3 13 15 28 9 22 42 17 31 2 34 45 27 25 7 2 27 14 45 28 0 21 
32 49 26 45 21 10 28 42 41 33 11 50 20 39 45 13 10 42 38 50 2 28 28 36 22 0 
14 0 19 44 40 32 44 44 29 41 21 14 39 34 38 12 15 25 40 19 24 45 8 37 13 39 
17 22 0 7 29 19 5 22 41 24 8 41 34 2 10 39 18 22 29 18 31 25 27 4 27 35 
28 39 9 0 13 27 7 33 31 2 15 23 37 1 23 17 43 49 10 31 21 31 23 31 31 6 
24 30 19 32 0 15 41 18 31 44 42 17 13 29 48 1 8 3 1 45 17 32 21 6 2 39 
26 17 24 6 4 0 5 8 28 7 3 27 15 50 37 25 5 6 7 32 1 30 21 13 30 13 
29 22 37 15 25 4 0 24 18 44 40 25 45 26 41 37 9 35 22 45 25 44 4 15 20 13 
26 14 24 1 9 6 5 0 44 43 26 34 21 14 32 50 4 47 7 48 1 10 31 17 46 42 
46 49 19 6 20 25 8 17 0 3 50 40 50 17 35 34 21 2 33 15 4 38 22 41 45 21 
47 48 17 20 3 45 48 29 10 0 14 7 36 38 24 1 26 5 12 33 11 4 31 22 14 31 
9 49 3 43 4 24 9 24 35 23 0 28 41 48 50 5 42 22 8 21 27 35 14 9 14 28 
34 10 9 35 18 17 26 4 40 44 47 0 46 37 6 40 49 13 4 1 24 35 7 12 28 19 
33 23 2 37 47 46 40 39 16 20 15 1 0 40 18 7 2 38 9 6 9 47 36 3 31 29 
22 10 8 41 43 28 48 31 16 35 45 25 17 0 43 49 7 7 22 36 26 49 24 36 45 22 
48 49 7 20 22 48 21 21 9 25 36 32 48 23 0 43 17 20 24 33 12 28 22 16 8 2 
40 15 17 6 30 49 25 14 19 46 30 42 12 44 38 0 24 4 8 19 13 25 9 49 44 9 
30 50 4 33 44 26 33 49 18 32 34 4 15 29 27 12 0 19 30 27 14 26 9 31 45 39 
24 15 48 45 27 31 16 24 48 1 50 22 31 26 21 47 43 0 44 12 5 21 40 29 43 2 
7 30 22 31 34 21 19 9 45 20 12 36 5 42 2 18 31 18 0 29 27 41 39 4 7 17 
33 16 19 41 18 35 36 6 44 21 2 44 43 14 31 31 13 36 6 0 9 12 39 2 11 37 
40 22 1 16 12 19 26 16 14 2 5 1 18 27 36 26 30 12 22 50 0 24 38 4 49 47 
28 3 49 48 6 44 14 9 4 29 13 36 41 32 2 26 29 30 13 26 31 0 46 9 21 33 
32 28 31 11 13 2 19 3 19 35 16 28 18 9 8 41 43 14 49 23 41 40 0 30 20 25 
46 9 41 23 17 32 44 29 16 24 16 34 48 42 27 45 33 22 48 37 49 12 21 0 6 35 
38 32 11 49 42 42 49 11 36 18 44 28 30 2 3 22 50 2 36 42 8 45 23 23 0 29 
9 18 32 33 27 34 38 36 39 29 50 34 30 24 32 18 24 12 25 33 17 4 21 46 15 0 
49 0 10 36 14 28 44 10 39 21 34 25 18 28 10 34 7 43 41 24 3 39 20 29 4 25 
35 34 0 49 40 12 5 48 36 19 28 25 2 22 12 36 41 46 10 40 8 1 46 3 41 27 
25 13 48 0 44 27 30 32 33 40 44 11 12 50 9 30 27 32 10 32 10 5 21 30 38 13 
44 10 39 47 0 25 39 31 8 13 38 42 1 43 42 49 44 20 32 19 26 29 47 2 11 31 
19 36 21 32 23 0 4 34 10 32 34 20 43 36 16 5 30 4 37 22 38 26 39 19 33 16 
35 39 11 12 34 48 0 9 29 16 6 3 10 27 41 34 9 42 12 8 30 2 34 17 15 47 
26 10 30 23 5 31 18 0 39 16 38 15 23 48 48 37 12 14 21 11 2 20 28 46 38 30 
35 27 11 4 15 1 23 47 0 16 8 38 29 7 11 25 35 22 11 4 20 36 44 14 22 18 
38 14 7 13 27 48 15 43 43 0 21 4 8 35 1 37 42 27 33 40 50 33 8 10 36 17 
49 18 43 18 45 42 13 39 36 28 0 38 17 34 39 11 23 37 14 41 21 28 37 10 17 28 
9 11 24 22 36 31 4 21 46 29 31 0 22 25 49 29 41 19 49 24 50 26 43 44 30 27 
47 44 20 15 40 12 8 27 41 36 31 39 0 18 1 47 35 46 39 10 31 2 12 15 12 30 
9 39 37 17 3 17 17 45 46 40 37 34 6 0 7 18 24 46 35 13 48 2 2 49 27 16 
30 5 35 50 26 35 29 8 35 31 24 21 10 38 0 20 14 45 22 12 11 1 40 32 43 7 
7 27 3 15 28 8 40 11 2 23 12 33 45 21 5 0 8 26 21 27 45 3 36 47 43 34 
8 31 37 17 16 40 23 42 43 19 8 27 44 8 23 34 0 11 9 16 8 32 50 1 8 3 
25 20 6 48 4 21 31 10 31 21 28 4 44 36 33 40 41 0 3 2 47 31 33 14 4 12 
43 27 32 35 3 8 30 30 14 41 21 18 45 39 49 28 18 14 0 37 46 31 17 23 34 19 
41 48 50 11 22 43 6 3 36 12 44 49 25 28 13 48 24 30 46 0 12 23 47 14 4 20 
14 19 27 8 32 26 5 48 17 13 11 31 20 43 49 16 15 9 28 5 0 29 43 36 25 48 
7 38 28 22 47 44 35 46 42 8 24 29 45 5 36 40 2 8 16 3 18 0 4 38 47 47 
8 38 36 50 41 21 33 3 10 25 39 27 26 21 19 27 35 29 35 25 37 21 0 5 42 15 
28 35 21 22 31 3 50 31 26 39 6 49 47 1 38 41 26 35 30 48 14 26 38 0 47 26 
33 26 3 22 10 38 34 44 35 13 36 13 31 30 23 39 46 1 32 13 29 39 28 48 0 34 
12 36 25 45 1 3 48 25 47 48 27 48 9 17 2 23 5 12 38 2 29 45 6 8 9 0 
18 0 25 7 34 48 45 49 6 39 48 3 10 50 34 11 39 38 35 33 46 42 37 34 31 41 
24 27 0 40 47 6 17 30 17 37 34 28 41 41 49 3 29 43 21 19 49 14 5 28 28 13 
41 10 24 0 13 18 31 42 26 43 24 19 10 9 33 32 23 43 14 1 34 48 47 37 30 17 
49 17 15 32 0 28 19 49 13 34 15 7 7 5 19 3 36 16 49 26 35 20 34 38 38 26 
22 42 28 45 15 0 45 24 44 46 19 15 27 44 16 5 21 48 26 19 25 17 38 45 49 48 
33 49 12 46 48 16 0 29 28 7 7 28 22 18 20 21 33 13 9 50 38 10 22 33 21 14 
22 9 20 13 10 34 47 0 29 47 33 46 13 49 48 4 37 50 38 10 28 49 30 7 49 43 
4 30 46 12 39 12 17 41 0 32 26 7 10 16 47 24 31 43 21 37 25 21 15 11 47 2 
10 34 24 43 16 43 3 21 21 0 6 5 2 18 9 21 30 22 17 22 47 28 35 41 36 48 
7 9 20 24 22 39 19 50 10 29 0 28 43 49 17 34 5 39 45 42 20 29 26 13 17 46 
49 49 39 50 24 26 43 38 46 9 35 0 34 48 49 17 36 3 8 31 44 37 24 1 39 43 
39 40 50 17 19 32 47 3 29 24 41 30 0 50 37 3 35 5 3 8 50 22 42 47 25 34 
26 18 32 24 9 25 48 1 8 36 37 43 21 0 27 28 39 31 19 25 26 7 3 22 29 9 
33 22 43 40 21 48 43 26 34 43 14 15 30 20 0 50 43 29 43 2 17 43 35 26 30 12 
42 23 22 49 28 23 46 4 15 27 4 6 12 37 38 0 44 18 38 34 14 24 1 49 26 34 
28 11 21 13 17 48 46 14 29 30 25 22 28 7 20 18 0 12 16 44 46 38 18 7 14 23 
26 47 42 16 38 41 24 46 16 50 13 26 42 49 29 8 42 0 33 7 13 22 40 32 14 46 
12 36 6 30 46 10 4 7 40 42 2 5 48 41 40 1 26 13 0 7 8 43 21 17 15 39 
46 35 1 1 1 36 16 28 20 27 6 19 16 20 40 9 19 2 8 0 28 4 45 43 17 13 
47 28 25 7 4 42 20 41 42 50 25 4 7 39 6 37 27 28 15 35 0 33 11 43 17 49 
25 19 9 38 36 2 43 34 39 5 8 41 22 17 36 37 28 25 21 16 6 0 13 14 2 42 
27 17 29 33 30 36 36 8 9 30 23 11 3 7 49 33 20 18 34 48 46 6 0 12 30 48 
6 36 23 2 43 13 6 7 47 9 35 14 2 10 19 23 34 13 38 13 26 25 18 0 22 33 
37 45 30 4 46 22 6 50 35 25 50 13 7 16 18 18 4 7 49 14 19 19 9 16 0 26 
13 43 25 17 22 31 19 1 20 7 19 27 3 1 37 30 15 17 35 19 10 28 48 20 46 0 
23 0 19 20 8 15 19 36 15 29 34 30 31 33 13 44 32 13 37 10 50 42 1 6 12 35 
4 3 0 24 47 16 35 46 5 22 50 13 50 43 6 38 33 12 25 17 8 50 32 4 42 38 
48 41 38 0 21 5 22 13 8 24 11 17 12 19 13 49 34 27 12 14 31 33 20 32 22 17 
30 27 39 5 0 35 23 49 33 9 19 45 8 34 17 29 50 42 19 46 22 22 44 12 19 24 
24 21 40 11 5 0 28 9 17 5 26 46 25 4 39 39 18 30 10 45 5 27 43 46 36 31 
41 2 37 50 45 36 0 15 21 31 12 2 9 22 5 41 36 41 29 42 33 26 39 30 7 5 
43 35 17 14 48 31 25 0 5 30 14 27 23 17 11 40 31 4 23 28 37 9 8 6 5 19 
36 14 4 3 6 3 22 30 0 45 3 2 49 7 34 32 28 5 42 41 15 14 25 19 3 3 
22 16 3 21 47 35 30 13 46 0 12 17 22 3 25 12 5 43 22 8 38 32 48 40 46 10 
5 16 15 41 5 12 46 2 50 34 0 37 19 9 49 18 23 37 11 22 15 7 2 18 29 10 
22 3 11 16 21 25 26 8 12 42 20 0 15 23 42 1 22 20 3 42 25 37 34 24 41 15 
46 37 19 31 4 3 49 37 32 34 10 35 0 37 29 10 12 12 48 7 49 9 15 20 22 44 
37 49 26 5 24 38 29 21 1 26 39 8 27 0 9 40 21 28 41 8 41 38 34 24 32 14 
25 37 17 43 6 32 17 47 38 17 4 23 33 9 0 46 31 14 36 4 22 4 36 39 18 29 
31 24 12 31 7 3 25 44 41 49 2 13 29 45 44 0 22 12 40 43 36 48 46 33 13 11 
24 49 21 11 11 39 49 49 14 26 9 5 17 31 14 29 0 30 42 10 45 19 36 41 11 50 
42 46 47 33 31 35 41 50 21 33 5 5 34 30 11 3 14 0 15 20 36 17 46 9 29 7 
19 4 24 18 43 39 8 11 12 19 44 2 17 34 41 19 6 46 0 49 10 25 46 12 49 42 
5 21 21 26 34 47 38 19 27 13 32 17 32 28 44 47 45 22 12 0 18 2 48 32 30 17 
11 50 11 19 32 23 42 25 27 38 19 37 36 28 22 6 34 40 21 10 0 3 24 19 5 13 
30 25 1 32 41 7 40 42 9 23 48 27 50 45 41 40 42 6 41 26 11 0 10 45 40 12 
19 8 12 21 15 38 32 6 7 2 49 42 44 36 31 29 46 27 6 24 30 34 0 46 30 21 
11 19 28 29 3 21 31 11 21 23 50 28 22 44 36 17 22 44 43 43 48 49 20 0 10 47 
15 33 39 17 33 35 12 32 50 5 19 4 27 4 32 19 31 23 14 32 2 25 34 21 0 7 
8 41 4 38 23 13 49 19 33 38 39 42 45 39 38 38 47 22 40 17 14 45 40 12 25 0 
17 0 26 6 28 46 41 49 19 10 25 45 9 44 28 42 20 35 45 17 43 27 37 34 27 45 
5 3 0 44 4 44 14 1 42 14 6 37 44 41 37 48 40 24 36 15 44 29 4 45 48 47 
30 50 24 0 19 48 31 43 30 34 42 39 5 15 17 11 44 18 31 22 6 27 44 9 20 3 
4 2 20 34 0 16 2 9 46 7 14 15 28 23 17 26 45 14 8 46 9 35 9 20 4 50 
12 24 23 43 21 0 36 41 4 17 44 30 23 47 19 40 31 10 8 3 47 16 45 14 47 11 
13 37 14 11 19 46 0 33 16 34 5 29 36 3 37 29 24 25 7 23 46 23 18 39 6 29 
26 1 17 8 35 18 10 0 27 33 8 50 28 44 48 49 48 7 13 15 12 45 7 22 25 23 
42 38 42 1 39 45 48 9 0 32 43 45 16 9 50 38 19 9 21 29 29 47 31 9 25 49 
16 6 25 44 35 20 29 43 36 0 44 30 19 27 45 13 2 20 12 6 4 32 49 14 28 43 
37 36 43 46 27 11 29 18 2 23 0 40 24 15 48 23 16 23 24 7 8 1 33 27 16 28 
27 19 4 21 17 18 42 48 2 48 35 0 36 48 9 33 2 2 25 22 23 29 5 15 33 39 
10 26 8 20 42 4 9 28 18 50 42 26 0 47 36 6 49 26 14 50 39 30 26 15 24 7 
50 8 6 43 50 22 5 21 33 8 42 34 28 0 10 45 26 9 30 10 41 26 5 40 16 25 
3 42 16 45 9 34 12 34 14 43 47 4 35 19 0 28 38 5 15 28 14 15 49 4 6 14 
22 47 5 33 31 46 19 41 19 48 31 40 27 24 24 0 31 50 15 18 48 22 25 11 33 4 
22 40 12 2 11 4 38 10 31 38 38 7 2 33 47 28 0 14 17 22 48 48 29 41 5 34 
15 35 37 8 42 47 36 23 29 10 6 8 39 9 44 43 30 0 46 37 37 25 49 32 21 21 
9 9 40 35 6 43 49 8 19 46 20 2 3 39 41 2 35 23 0 24 41 21 25 8 29 6 
19 33 5 18 10 17 3 17 38 34 39 47 38 23 17 8 1 21 13 0 24 42 28 7 47 35 
40 26 9 30 1 34 1 11 30 38 11 45 40 9 30 18 35 16 6 2 0 6 47 1 7 34 
20 5 46 5 15 41 27 8 33 20 41 44 37 37 1 39 36 9 35 7 13 0 11 12 34 6 
7 13 2 46 29 44 26 3 46 31 29 5 7 16 48 35 37 7 40 39 24 48 0 29 6 13 
21 39 16 50 21 10 44 12 49 9 28 25 13 5 26 15 42 41 7 22 34 30 44 0 38 23 
27 4 22 45 33 9 35 47 33 9 6 11 3 26 22 36 44 8 8 20 10 25 3 14 0 25 
32 8 23 34 29 42 46 28 28 45 6 22 17 17 50 44 29 31 46 21 5 40 16 35 36 0 
41 0 22 36 19 14 2 1 9 21 1 2 12 13 4 17 11 33 26 32 16 15 27 41 8 26 
31 45 0 8 43 21 43 42 38 48 39 20 10 10 14 43 6 14 47 17 49 32 17 27 30 11 
22 15 35 0 20 22 15 32 29 43 33 8 44 16 1 9 10 25 15 16 47 2 24 12 39 10 
1 31 25 9 0 44 15 18 28 33 49 28 8 18 27 25 39 31 18 32 35 12 49 46 8 40 
8 2 12 33 10 0 48 4 46 10 21 34 8 20 49 18 40 16 33 2 31 3 7 39 41 9 
21 7 30 4 49 3 0 35 17 20 37 14 7 46 24 2 25 12 8 6 41 31 12 19 14 46 
47 16 45 28 37 1 14 0 21 24 40 42 24 43 12 18 50 41 50 12 5 33 21 10 1 7 
41 49 33 1 28 9 38 16 0 9 3 38 41 40 33 37 50 37 23 35 10 1 20 46 38 42 
40 12 7 10 13 26 7 44 21 0 47 2 31 20 46 31 4 8 34 10 31 10 2 17 26 5 
47 48 25 41 7 21 3 45 10 39 0 47 32 7 46 27 31 47 19 37 35 20 18 27 4 7 
43 36 37 8 33 39 46 31 5 17 28 0 32 3 14 26 49 37 11 8 34 22 2 38 34 50 
13 34 31 42 36 30 22 22 34 15 36 17 0 38 28 50 2 1 3 30 49 50 45 5 12 36 
33 7 20 20 35 42 49 3 9 20 6 16 40 0 19 37 7 11 19 50 41 32 50 33 8 33 
22 49 8 36 1 19 29 19 6 3 23 3 2 50 0 24 37 15 30 8 45 37 12 34 44 42 
40 26 6 22 4 34 25 12 38 14 43 41 18 9 2 0 27 47 34 16 15 5 9 20 27 4 
18 21 26 13 47 10 16 15 44 11 43 24 48 2 20 49 0 41 14 36 31 47 47 21 6 19 
40 29 18 29 37 31 6 29 18 37 14 50 49 42 5 28 26 0 24 48 9 4 50 32 47 17 
15 46 35 47 7 22 50 20 45 7 32 48 36 8 31 38 45 30 0 16 6 49 42 23 31 4 
21 24 24 47 15 41 47 21 13 23 36 21 33 12 16 15 31 5 35 0 24 31 41 17 17 22 
9 20 17 42 18 23 23 4 43 37 48 26 23 30 16 35 27 23 35 46 0 17 13 19 1 42 
19 37 38 8 24 31 8 8 26 7 21 31 30 46 50 13 18 40 25 18 40 0 8 25 19 39 
4 18 32 21 5 47 2 16 1 50 37 35 46 20 7 41 18 47 24 46 5 48 0 28 36 34 
50 24 44 34 2 11 13 19 20 20 13 26 38 21 11 20 15 30 47 14 29 22 20 0 19 27 
22 11 2 24 34 7 40 46 38 6 24 8 33 49 39 24 16 27 1 44 15 30 27 14 0 26 
41 19 32 23 5 28 4 26 7 30 1 11 46 36 14 23 31 1 15 37 13 32 31 8 40 0 
13 0 45 20 25 13 43 35 38 49 44 39 8 24 33 29 20 32 27 19 39 14 21 42 38 22 
35 30 0 12 27 13 9 38 24 33 43 34 35 2 45 38 16 23 47 42 26 15 8 19 37 18 
31 6 13 0 20 27 43 3 32 4 28 13 24 12 36 35 1 34 41 40 45 35 31 33 31 23 
41 25 1 12 0 7 27 11 25 10 33 4 26 5 7 1 31 3 49 17 25 42 12 11 7 25 
31 17 29 42 33 0 1 23 32 47 36 19 3 21 47 1 3 50 3 4 32 26 30 34 40 15 
33 33 17 6 31 29 0 14 45 38 26 11 32 33 27 33 32 44 8 22 33 29 33 2 16 23 
43 10 8 26 50 2 34 0 40 28 1 18 7 26 16 7 5 8 33 22 41 21 17 26 21 1 
32 23 13 8 36 50 32 2 0 34 39 20 6 19 38 25 27 43 6 27 15 25 18 42 15 28 
21 50 30 25 3 27 34 37 26 0 18 29 22 32 42 1 37 6 43 28 38 50 40 46 48 15 
28 12 50 7 26 14 31 48 31 16 0 1 2 27 31 12 36 20 44 21 46 6 12 14 27 29 
20 25 14 28 29 32 5 32 10 25 16 0 35 31 50 4 48 24 2 27 1 35 29 13 16 2 
31 46 25 3 10 17 48 23 29 7 40 18 0 21 2 35 46 20 17 7 47 2 39 44 17 48 
32 10 38 27 44 41 13 48 26 49 36 30 30 0 1 9 18 12 3 44 15 31 3 50 43 5 
15 12 6 20 1 42 3 9 5 28 7 11 47 35 0 16 27 20 46 4 49 16 41 16 48 30 
40 37 50 2 17 30 11 46 22 30 29 7 29 26 7 0 34 22 25 24 2 8 15 19 29 38 
12 8 46 44 39 25 46 8 40 12 5 3 7 38 48 47 0 16 26 5 37 20 41 21 47 16 
45 16 43 47 23 25 19 22 14 6 23 15 2 34 6 33 49 0 39 14 2 31 15 37 27 6 
42 40 14 42 19 21 37 49 29 44 9 4 12 18 37 37 32 43 0 33 26 32 14 43 50 4 
21 2 7 46 36 31 29 16 41 31 35 5 30 46 36 36 16 24 40 0 47 30 38 22 27 16 
49 22 5 2 24 29 48 15 38 48 19 31 4 44 14 31 39 22 37 3 0 33 2 48 48 40 
17 41 3 3 25 34 31 30 30 37 9 24 15 17 3 37 41 43 49 17 5 0 12 31 26 16 
41 16 35 25 34 48 25 8 12 8 38 46 12 13 14 39 2 24 7 6 8 24 0 5 35 16 
43 10 49 31 35 5 11 27 38 34 18 46 6 47 40 34 17 3 10 15 42 29 30 0 35 29 
4 38 24 21 9 18 12 1 9 42 38 26 27 27 3 28 19 25 30 46 43 46 27 18 0 22 
41 22 45 20 25 14 31 15 3 31 17 37 7 29 17 7 46 47 6 2 8 40 26 7 38 0 
23 0 4 50 39 37 8 11 6 50 18 47 17 31 34 28 7 12 25 47 36 41 13 47 13 40 
47 50 0 22 17 14 2 46 38 33 2 10 31 26 16 24 6 32 7 11 21 40 15 13 29 45 
47 15 30 0 21 47 11 8 38 50 40 9 40 40 36 17 1 29 49 33 18 27 37 10 23 31 
10 6 36 43 0 50 32 37 43 22 18 38 16 18 36 42 2 44 27 27 15 17 43 22 45 20 
11 17 31 11 19 0 10 6 7 41 37 5 23 46 50 8 23 48 18 18 29 35 12 13 42 16 
33 10 34 9 14 18 0 34 42 23 40 16 6 32 4 8 33 9 27 49 37 30 49 28 19 43 
19 25 5 16 35 50 4 0 40 46 36 1 22 49 27 20 21 32 24 11 43 17 16 14 10 47 
27 36 14 5 37 35 33 15 0 16 46 43 30 26 38 41 12 17 37 19 8 11 11 50 30 16 
49 26 17 26 27 4 11 45 19 0 9 14 41 35 10 1 18 7 33 32 27 42 6 36 20 32 
50 29 46 2 37 16 37 35 40 38 0 10 16 40 40 42 32 35 7 29 27 22 33 28 18 41 
4 28 18 3 25 44 40 48 45 27 25 0 16 44 33 44 28 7 46 22 42 2 18 43 41 46 
7 49 8 44 11 18 2 29 12 33 38 19 0 32 16 45 21 19 46 14 17 17 42 25 36 50 
16 37 7 26 39 36 35 28 8 18 46 32 5 0 34 9 24 37 32 50 6 9 25 30 28 21 
33 22 30 24 29 15 24 23 44 46 31 46 3 23 0 48 3 42 25 48 50 39 15 12 5 44 
31 11 26 31 41 41 8 29 6 6 14 6 4 29 3 0 22 10 11 39 29 29 34 9 3 3 
17 1 33 29 32 19 11 26 30 49 5 49 43 3 5 24 0 17 48 17 34 48 38 46 45 28 
30 5 24 26 15 47 2 23 28 25 40 26 50 24 38 4 30 0 24 31 49 23 17 8 34 5 
12 37 43 20 5 30 6 38 1 3 15 38 50 16 3 4 27 15 0 29 15 49 17 25 30 30 
19 14 15 47 6 14 47 40 22 4 11 10 4 24 46 35 38 50 21 0 24 17 30 9 29 46 
47 3 30 19 7 46 12 13 40 37 16 41 42 46 40 18 48 29 12 43 0 44 24 41 34 31 
11 18 4 7 13 39 5 37 1 9 11 18 21 16 8 49 47 14 38 30 44 0 47 4 32 6 
19 1 47 36 2 24 12 46 39 46 28 8 7 28 48 11 4 41 37 29 1 28 0 14 5 44 
48 10 4 4 37 15 14 22 1 45 38 8 1 50 36 50 22 32 20 31 41 41 37 0 40 20 
40 7 18 4 5 42 38 43 43 5 14 8 43 3 32 14 36 6 34 10 3 4 42 1 0 30 
30 46 45 24 4 7 24 15 35 47 9 47 19 47 3 1 16 9 45 23 42 30 30 39 17 0 
5 0 35 3 30 18 37 15 17 25 26 47 44 20 40 48 40 44 8 6 24 17 18 10 31 10 
38 45 0 47 29 38 1 16 6 8 49 23 21 35 18 10 44 31 45 21 6 8 47 20 48 33 
49 22 25 0 16 50 38 26 23 21 30 43 19 38 37 26 32 38 12 41 26 19 10 41 46 30 
36 24 39 26 0 3 42 25 49 46 40 29 42 41 8 12 47 49 15 38 18 25 44 8 46 25 
20 35 30 23 15 0 40 31 29 36 14 14 37 47 19 39 19 20 42 48 47 41 48 4 30 29 
20 45 4 29 6 43 0 16 44 2 33 7 46 27 31 1 49 13 5 44 48 10 3 47 50 49 
6 2 11 50 34 23 31 0 50 44 46 45 28 50 31 22 49 44 46 36 32 24 43 12 47 49 
28 43 11 33 19 18 49 4 0 31 50 42 6 45 18 10 27 46 34 36 6 21 14 25 23 49 
17 7 11 18 26 13 41 14 1 0 7 31 21 17 26 28 47 24 20 31 30 43 50 29 26 5 
28 10 26 41 28 15 18 38 34 3 0 11 38 36 5 37 2 42 44 12 30 7 29 9 9 10 
48 44 44 44 7 17 29 35 14 48 4 0 16 23 24 42 13 34 34 23 17 9 38 15 45 29 
1 7 18 47 49 49 2 17 32 30 21 24 0 45 28 37 33 3 23 7 34 36 20 20 20 17 
23 46 36 42 2 10 30 50 15 6 11 11 39 0 15 50 2 49 42 44 21 40 39 6 37 34 
6 15 8 11 43 32 37 48 31 26 3 17 26 30 0 21 42 25 30 23 26 22 15 9 8 32 
38 29 27 49 28 35 41 50 8 46 45 22 39 22 24 0 24 14 9 39 47 36 23 12 24 30 
16 10 34 11 13 42 7 1 30 6 4 11 49 3 42 13 0 17 19 34 26 20 36 9 49 3 
9 7 20 11 47 16 17 3 20 13 25 7 40 46 5 39 22 0 10 17 21 14 15 6 48 35 
19 5 29 49 11 30 1 35 9 4 35 38 40 33 40 38 8 30 0 41 17 6 28 23 29 37 
48 26 42 29 39 45 1 22 27 28 11 39 5 9 33 25 23 32 43 0 21 1 33 27 27 34 
7 35 16 31 29 42 32 50 12 13 5 10 7 20 9 35 16 13 6 29 0 49 3 22 9 43 
34 47 31 9 37 15 49 15 45 32 11 36 42 49 36 30 39 44 46 29 15 0 16 12 34 36 
35 20 22 48 35 5 14 7 38 45 45 1 41 25 48 6 45 12 38 49 49 25 0 15 20 50 
11 9 26 30 28 19 36 48 24 2 46 28 18 11 28 47 29 4 5 42 29 49 19 0 49 23 
21 5 24 35 37 11 6 2 49 25 46 38 28 10 26 10 4 18 24 3 28 28 1 11 0 2 
21 21 11 29 21 12 41 28 7 8 15 12 14 37 41 40 27 19 37 32 10 2 44 29 32 0 
26 0 31 46 46 46 44 4 13 33 17 40 46 23 28 13 6 11 21 3 12 49 40 31 33 13 
1 9 0 15 30 43 20 28 32 48 46 31 45 32 12 14 11 49 32 21 2 45 5 41 24 26 
49 32 41 0 17 34 36 50 13 33 45 36 39 34 40 48 13 14 26 33 32 11 29 9 40 1 
50 9 11 32 0 19 47 18 42 4 45 38 37 16 14 10 32 33 50 18 29 23 16 42 24 39 
31 29 9 42 16 0 20 23 2 16 34 28 40 32 15 48 18 47 31 46 10 26 49 12 23 1 
29 30 42 12 29 35 0 17 38 43 38 19 9 50 39 25 15 36 50 30 33 42 1 35 20 11 
26 35 47 14 13 33 18 0 37 41 37 40 32 40 38 50 11 2 39 28 30 9 47 43 21 45 
41 50 32 41 9 28 46 22 0 1 3 50 21 24 30 5 1 23 9 2 35 34 46 12 31 22 
40 12 8 41 3 30 43 26 20 0 23 34 36 46 33 9 45 11 40 36 50 40 29 10 23 29 
36 38 41 36 12 46 38 2 19 19 0 17 38 31 48 24 7 46 5 8 22 16 28 27 43 41 
24 6 27 31 33 12 3 36 13 18 42 0 3 40 8 27 46 35 27 14 43 7 30 43 13 44 
44 24 2 1 14 8 12 48 46 39 40 12 0 21 37 8 14 3 19 31 33 5 7 47 31 27 
31 1 14 1 34 44 14 14 38 39 38 2 36 0 50 10 30 5 44 20 38 34 14 41 6 29 
5 11 12 31 39 38 27 21 24 33 8 48 48 12 0 45 26 48 34 49 20 13 18 19 22 3 
1 13 28 44 44 18 11 8 22 30 33 3 34 50 1 0 11 32 12 18 2 33 7 32 25 12 
36 30 43 36 17 37 43 41 29 38 26 50 27 31 15 48 0 40 27 33 12 24 15 35 48 10 
32 7 2 20 20 44 31 4 32 8 38 18 23 5 44 41 13 0 6 12 26 12 5 31 3 5 
43 31 50 13 38 22 46 45 27 36 31 41 21 9 45 45 46 46 0 24 28 30 18 22 40 22 
12 9 24 23 48 27 26 50 15 28 13 31 42 45 36 43 24 46 19 0 13 1 42 48 18 31 
17 10 8 25 26 25 10 11 42 26 13 22 23 29 9 6 41 6 31 32 0 14 5 1 38 36 
6 23 3 27 21 21 12 6 43 32 18 18 25 40 4 4 21 1 19 24 21 0 1 17 11 8 
10 36 17 37 17 12 9 21 40 20 3 7 35 21 6 2 16 31 48 41 39 16 0 17 28 28 
44 5 33 15 15 6 6 43 19 11 35 45 20 26 21 10 48 36 20 1 47 37 30 0 13 22 
5 21 20 20 20 44 20 40 9 23 8 26 6 26 15 47 15 16 10 22 7 47 5 28 0 31 
41 31 48 27 31 8 25 20 43 10 35 37 23 50 17 15 6 11 3 13 35 42 10 5 5 0 
33 0 21 20 42 16 9 16 43 39 29 14 22 13 28 16 33 6 14 16 31 10 42 16 43 7 
2 36 0 2 15 47 50 21 44 22 49 37 5 29 28 2 19 45 35 22 4 44 43 34 38 31 
29 28 45 0 24 46 41 6 28 35 14 23 15 28 42 29 43 29 41 30 30 28 28 36 14 13 
16 8 45 40 0 14 9 3 15 34 18 22 27 20 27 9 32 28 44 14 30 5 17 43 43 11 
15 2 4 9 4 0 2 43 32 12 30 34 12 39 22 6 21 50 45 24 7 17 10 14 22 48 
50 34 23 35 8 49 0 15 2 29 49 7 49 7 31 17 30 45 8 47 25 21 40 23 9 9 
6 23 19 37 45 6 38 0 33 11 4 19 20 47 4 32 19 10 10 23 49 22 43 14 8 27 
22 2 18 47 28 11 12 15 0 26 3 26 46 15 35 44 19 16 47 28 48 10 49 5 16 6 
11 31 50 10 37 13 10 11 10 0 23 5 21 37 33 44 8 6 21 2 6 24 46 26 30 31 
7 46 37 10 17 24 48 2 42 18 0 30 12 5 39 40 17 36 6 12 39 48 30 14 34 41 
5 28 3 11 33 16 5 20 29 31 17 0 24 1 43 50 8 20 46 16 14 46 1 32 12 39 
39 40 14 41 33 27 33 3 20 13 46 45 0 42 9 3 26 43 27 9 23 44 35 13 13 32 
29 35 48 21 46 4 46 41 22 45 26 41 30 0 47 4 35 21 32 30 4 13 28 37 14 38 
4 25 24 39 46 4 27 2 10 5 43 35 32 25 0 9 50 4 21 15 27 35 13 31 5 38 
23 3 34 9 19 1 48 35 33 43 30 22 3 27 41 0 49 40 20 42 11 1 40 8 22 4 
10 8 23 37 3 41 45 20 1 23 2 44 43 41 4 46 0 50 50 33 30 28 2 45 24 29 
46 44 39 44 38 34 46 12 5 9 43 25 49 30 2 36 3 0 2 4 40 5 47 30 38 16 
1 40 26 43 27 9 14 49 9 8 48 7 27 14 40 7 32 39 0 32 11 21 2 20 31 45 
26 1 41 35 24 50 14 1 29 38 44 20 20 29 1 30 27 40 23 0 5 30 27 38 14 33 
23 8 48 27 45 49 21 46 49 1 8 23 15 35 8 34 6 48 27 47 0 37 13 10 32 32 
45 12 48 26 15 50 13 28 2 1 42 17 24 34 39 24 25 22 29 43 7 0 12 6 16 22 
24 29 12 18 46 11 49 17 46 1 37 23 20 34 1 46 46 13 34 16 17 33 0 15 39 23 
13 41 32 39 26 33 7 33 5 42 22 2 10 7 40 44 1 29 34 2 1 6 39 0 28 48 
11 50 23 50 5 42 14 24 45 34 21 18 28 20 18 31 41 15 42 29 44 36 7 44 0 23 
16 5 32 37 22 7 2 4 41 15 34 35 33 50 1 9 29 16 23 20 27 24 9 16 21 0 
11 0 41 48 50 4 25 44 29 28 39 38 33 37 23 27 20 14 37 6 35 47 8 15 41 21 
16 21 0 34 25 47 43 46 17 17 12 16 5 5 37 40 40 6 6 11 14 27 43 43 46 1 
13 37 4 0 32 24 3 27 7 29 39 5 10 5 31 47 42 16 20 12 12 15 10 1 16 45 
41 2 4 28 0 45 24 29 38 24 34 7 43 35 43 9 40 48 26 49 36 31 2 25 15 23 
11 23 32 35 36 0 3 37 39 37 34 2 23 30 34 16 27 22 31 48 40 50 32 28 3 22 
18 35 2 30 15 40 0 27 40 6 35 1 47 4 39 32 21 5 49 10 8 18 19 42 33 10 
9 22 28 26 23 30 46 0 29 14 19 19 35 9 23 45 25 33 25 50 15 30 19 42 16 19 
45 33 18 46 4 50 43 20 0 21 7 18 50 14 33 6 6 18 40 21 14 37 47 26 16 33 
35 45 43 18 30 40 30 12 7 0 28 47 28 34 10 19 26 16 38 17 27 26 20 42 44 10 
12 29 22 3 33 49 8 3 13 19 0 5 1 2 42 17 39 38 8 5 10 28 34 31 2 38 
21 9 10 40 8 16 3 49 9 19 11 0 8 10 24 30 40 25 22 41 14 26 15 47 50 38 
39 13 38 35 32 28 49 20 16 12 41 48 0 14 6 4 3 2 44 24 6 31 29 34 26 21 
3 13 40 38 13 7 13 10 2 19 4 15 15 0 27 41 13 38 45 13 40 42 12 17 38 12 
24 21 24 45 7 11 29 13 15 29 16 10 33 3 0 5 28 39 12 37 1 39 38 17 33 44 
43 34 22 37 29 42 47 2 27 39 36 40 16 46 9 0 25 3 1 48 26 3 6 42 8 12 
4 1 30 38 24 37 5 41 1 14 27 8 27 36 38 19 0 9 7 15 19 38 23 17 29 26 
37 38 20 8 42 38 43 15 25 26 42 17 15 4 2 32 50 0 16 32 33 17 26 15 10 7 
45 50 27 39 25 31 34 2 12 38 50 35 34 10 27 34 44 3 0 10 47 3 44 4 13 38 
39 8 35 46 9 11 23 10 1 47 39 16 27 50 46 8 15 3 16 0 3 48 16 6 6 49 
24 24 5 14 5 1 47 15 2 37 23 49 6 3 27 27 25 33 13 38 0 18 18 3 15 39 
38 42 38 11 40 23 3 30 48 36 38 19 46 47 46 42 2 26 14 24 9 0 10 50 40 26 
23 34 44 18 31 7 21 41 26 17 10 10 4 12 14 21 20 9 18 40 9 29 0 36 17 46 
16 43 39 42 30 29 42 49 35 18 39 9 12 17 30 17 28 21 30 37 33 49 14 0 50 3 
40 2 33 50 18 44 48 27 22 15 15 32 49 46 39 19 12 20 45 25 12 8 42 39 0 23 
31 9 7 31 14 18 29 39 39 41 28 9 49 17 24 42 33 40 3 15 36 30 25 42 19 0 
22 0 29 20 26 42 32 10 45 28 37 36 42 47 9 47 37 43 11 6 12 10 13 3 21 34 
29 18 0 40 24 38 2 34 16 12 42 40 9 14 47 10 18 14 22 31 39 1 37 32 6 29 
43 19 20 0 30 9 9 26 50 42 13 14 21 22 40 36 2 27 35 18 8 28 29 14 47 45 
46 42 23 32 0 33 43 37 34 45 46 33 14 36 3 33 14 10 23 35 46 47 43 32 45 37 
25 2 15 48 2 0 14 6 24 36 13 18 4 18 9 20 27 38 27 45 3 38 41 32 35 45 
19 7 30 1 49 4 0 11 28 45 9 42 23 37 44 32 28 41 1 40 16 10 42 14 15 20 
10 16 38 42 50 34 20 0 30 4 33 7 27 23 38 10 8 26 23 1 29 5 1 33 13 26 
48 41 43 20 35 27 44 15 0 32 39 38 23 36 46 26 23 43 33 11 26 2 18 13 31 8 
35 19 14 36 15 9 34 25 17 0 2 43 28 10 20 7 13 12 42 49 22 35 40 28 25 7 
12 18 22 38 25 30 29 12 12 1 0 8 31 29 17 31 5 49 20 45 33 45 34 14 5 13 
40 27 15 10 24 45 42 39 30 4 41 0 12 38 42 23 15 16 48 20 49 33 33 25 19 17 
36 21 33 42 12 29 5 18 25 35 4 14 0 3 39 6 17 43 50 14 40 44 11 28 22 19 
30 36 45 7 31 8 2 46 43 38 25 9 47 0 19 26 37 45 13 7 20 1 14 10 14 33 
41 33 12 29 23 26 43 12 24 33 43 10 12 45 0 28 2 19 10 1 32 8 46 32 39 4 
50 49 21 3 18 16 27 31 24 40 25 41 17 20 13 0 32 48 24 36 33 27 33 19 30 19 
33 4 9 32 26 45 2 23 26 24 27 22 9 6 17 17 0 30 38 5 4 11 2 40 39 1 
10 23 46 6 27 17 31 42 35 36 13 18 49 49 46 23 18 0 42 47 36 10 40 18 20 16 
48 46 14 27 8 32 15 20 32 16 23 6 18 49 7 47 30 24 0 21 5 49 31 40 10 31 
43 10 44 3 41 21 6 27 40 30 22 17 16 27 4 48 48 18 33 0 23 18 1 43 40 40 
30 16 47 15 18 18 7 5 47 16 22 22 18 42 46 18 30 28 20 36 0 31 15 48 17 7 
2 14 7 37 13 42 18 4 14 11 6 9 12 23 13 15 13 20 11 33 27 0 31 26 38 6 
39 23 24 5 9 16 18 30 8 16 4 1 18 34 25 5 19 4 32 40 9 18 0 6 7 21 
18 46 37 35 30 21 38 19 32 25 19 45 49 5 45 38 30 4 7 9 15 45 37 0 37 29 
9 27 44 48 48 22 18 17 34 42 21 32 46 29 45 17 32 37 9 6 10 20 49 37 0 3 
30 14 49 49 7 24 9 50 7 22 45 44 21 34 4 2 29 16 14 25 6 35 26 13 43 0 
34 0 9 28 32 19 40 28 8 46 18 9 20 18 28 18 12 33 39 7 1 23 11 3 5 5 
32 5 0 36 13 47 45 38 37 6 23 16 31 18 39 32 17 37 26 16 46 32 11 38 46 14 
24 46 20 0 12 21 23 6 24 28 37 36 43 46 49 24 21 34 12 5 3 31 15 1 26 35 
36 36 37 10 0 23 22 17 40 49 23 50 19 25 36 1 10 8 41 2 47 24 42 27 43 25 
49 49 33 44 33 0 10 45 45 28 35 38 19 14 6 15 19 4 47 27 24 3 9 27 5 43 
23 25 49 29 12 45 0 9 44 35 24 24 35 47 17 13 5 25 48 1 13 42 45 35 38 29 
20 45 50 20 22 40 23 0 28 1 10 36 46 16 17 41 29 25 29 32 42 34 8 30 14 19 
29 12 26 42 2 29 40 12 0 50 42 50 9 25 13 35 1 7 46 8 28 9 9 32 10 35 
17 16 4 46 45 13 16 37 1 0 44 29 47 36 49 31 47 34 16 25 42 20 1 17 48 41 
27 12 23 37 10 21 30 16 8 35 0 14 36 17 5 29 35 23 24 20 6 5 21 48 27 32 
26 43 7 19 16 17 50 7 5 19 1 0 43 1 41 24 50 31 29 14 18 11 18 12 46 8 
47 27 47 42 37 6 15 47 5 35 28 23 0 48 42 19 15 29 12 37 28 42 22 34 47 6 
24 43 34 9 21 8 32 11 12 19 41 3 15 0 18 13 37 47 46 6 46 27 34 37 46 3 
33 6 25 19 16 25 43 1 36 14 14 31 38 35 0 28 47 12 37 24 28 13 14 44 25 42 
46 27 28 2 30 41 6 38 6 39 2 7 43 46 44 0 48 3 30 5 49 6 9 12 29 49 
15 47 14 18 41 19 12 1 27 20 49 16 50 7 24 9 0 44 32 47 26 41 20 42 31 31 
10 35 40 27 36 38 15 49 3 15 44 42 21 15 20 41 7 0 16 26 45 33 3 23 32 40 
13 27 16 4 9 46 6 34 38 31 34 23 25 42 33 34 18 47 0 43 30 18 23 17 27 36 
34 4 16 36 49 8 13 9 37 24 11 50 45 44 19 38 9 34 34 0 36 18 33 25 43 11 
15 7 30 2 23 40 10 39 19 26 43 41 48 40 24 22 15 38 19 23 0 35 23 3 24 42 
9 40 33 41 18 2 29 23 25 34 1 33 7 15 34 1 11 26 19 27 48 0 11 44 11 15 
4 45 7 21 27 43 4 6 10 14 1 27 49 2 24 14 18 23 7 24 39 8 0 24 36 22 
24 47 34 48 45 48 46 23 27 14 7 23 2 49 41 48 27 48 1 33 24 13 25 0 46 13 
31 39 38 37 26 47 22 22 50 3 46 20 9 16 16 5 4 22 38 17 42 16 24 16 0 26 
12 10 23 3 48 11 23 39 36 15 10 8 36 1 18 36 2 3 46 46 28 19 33 36 29 0 
20 0 42 38 29 22 15 15 23 12 14 37 49 19 2 42 24 31 24 1 7 47 19 21 20 32 
41 14 0 29 20 49 44 28 38 25 28 20 36 11 14 1 45 36 25 38 32 38 33 1 4 22 
47 46 32 0 29 32 2 21 18 47 31 1 37 3 13 20 9 11 45 24 23 39 21 10 1 12 
12 44 34 38 0 45 8 13 25 49 2 49 47 9 44 26 50 18 14 34 50 9 33 12 18 24 
27 38 27 32 34 0 27 36 31 18 20 9 38 31 3 23 39 12 5 12 22 12 2 2 49 23 
21 7 27 2 3 29 0 32 16 15 18 21 36 43 15 26 14 17 42 24 18 13 38 11 11 11 
47 28 1 47 12 25 37 0 29 9 13 20 10 29 15 41 28 22 16 36 3 4 20 41 37 9 
46 11 28 32 11 34 46 17 0 41 6 2 31 20 4 43 34 7 34 2 6 4 38 27 33 40 
41 22 26 8 8 28 38 15 38 0 16 14 9 48 49 29 24 43 38 10 40 47 2 13 43 20 
47 36 39 31 5 9 35 45 42 20 0 13 21 9 34 29 14 17 32 38 30 25 9 36 23 33 
11 50 18 44 43 39 9 33 39 12 43 0 49 35 34 8 30 15 7 30 17 4 35 5 31 27 
31 21 26 14 46 38 50 16 49 44 9 18 0 2 49 31 4 38 21 23 36 15 33 49 31 1 
11 3 6 7 30 27 46 37 18 13 19 34 20 0 44 24 43 33 36 41 49 12 13 8 49 14 
16 14 33 46 12 49 23 46 14 35 36 45 10 20 0 17 14 32 35 37 12 20 19 28 49 44 
32 47 8 32 39 49 45 8 43 14 13 13 42 6 14 0 47 39 6 9 38 49 24 17 24 36 
31 28 22 37 44 48 37 34 3 30 3 15 14 25 37 42 0 37 17 6 5 1 41 29 23 16 
32 13 20 11 45 9 30 35 46 9 21 23 21 50 17 27 29 0 40 27 12 33 26 31 22 47 
12 7 12 20 36 41 49 50 22 13 35 18 24 8 22 23 30 18 0 17 17 19 17 18 39 28 
22 1 3 11 34 7 32 48 14 33 3 18 16 11 19 22 23 49 38 0 33 9 6 32 5 40 
3 8 15 6 28 45 40 24 42 14 40 47 40 39 6 4 20 10 25 19 0 6 15 8 49 45 
47 19 30 7 19 16 20 48 22 32 49 18 42 36 39 14 45 24 47 30 26 0 34 11 32 30 
40 47 7 37 34 38 1 17 11 32 27 10 17 23 49 20 49 19 7 7 37 28 0 24 37 6 
11 42 11 19 20 13 8 49 28 30 20 13 12 38 44 49 1 32 5 12 4 28 2 0 49 10 
28 16 4 25 44 12 23 21 31 24 47 40 48 42 19 19 12 40 43 29 8 37 31 13 0 9 
36 47 20 25 3 34 40 12 10 43 48 4 24 35 19 47 43 32 15 48 10 4 40 36 43 0 
43 0 38 9 20 2 41 35 42 17 8 15 4 46 28 41 7 28 38 50 21 16 38 6 25 32 
16 6 0 17 16 49 33 8 35 33 11 46 32 42 9 2 14 13 8 27 5 44 47 4 25 41 
32 16 41 0 15 28 5 33 35 38 37 36 18 27 18 26 8 20 14 18 45 26 36 30 48 8 
3 31 29 20 0 39 19 2 43 25 18 18 18 20 5 6 13 47 4 23 17 46 37 40 2 48 
25 34 36 30 16 0 46 36 43 7 25 24 4 15 50 18 34 26 2 50 8 41 50 9 12 33 
29 32 8 31 12 17 0 42 28 23 14 36 17 14 9 23 32 25 13 30 33 10 33 5 5 34 
21 35 40 44 7 26 25 0 24 47 37 14 28 12 46 9 32 27 42 37 32 18 13 44 28 26 
16 37 30 30 24 47 28 3 0 48 42 32 2 34 16 39 11 43 17 23 10 5 13 18 21 1 
33 41 18 24 16 9 42 13 18 0 42 39 46 45 24 40 36 25 15 5 28 31 43 26 49 21 
26 46 21 19 22 4 19 9 29 41 0 7 10 30 32 33 41 40 16 25 50 16 48 43 33 24 
30 48 14 44 21 41 15 20 3 41 13 0 21 45 46 38 20 37 17 34 34 26 46 33 22 37 
42 27 2 50 6 28 4 39 45 43 6 6 0 15 9 1 43 41 28 41 20 20 45 20 38 30 
29 32 10 50 49 35 16 42 7 29 14 14 21 0 47 14 10 33 50 4 33 15 22 8 33 41 
36 18 42 2 18 47 8 15 20 27 46 45 40 47 0 9 41 15 9 30 38 30 20 31 28 11 
37 46 17 5 16 8 24 27 9 13 17 24 40 40 33 0 7 49 1 21 18 16 44 4 46 42 
50 14 29 46 12 16 37 15 42 31 2 41 10 5 20 23 0 18 31 34 42 17 25 20 48 32 
31 19 11 10 46 44 42 22 13 16 44 45 31 48 48 31 9 0 49 9 31 16 40 46 2 45 
48 14 20 4 26 26 45 32 15 31 47 27 5 47 38 10 20 47 0 40 26 28 38 34 37 12 
9 26 11 17 17 41 23 10 15 48 31 23 19 38 40 49 14 17 17 0 1 5 5 3 22 22 
46 44 7 26 18 11 30 33 42 18 50 35 16 49 40 24 17 40 49 7 0 37 2 9 50 27 
14 21 17 37 8 4 24 40 46 21 48 17 34 48 37 1 41 27 21 41 15 0 49 19 27 27 
38 15 4 15 35 45 35 7 49 4 40 14 47 35 14 26 45 21 29 43 8 34 0 43 12 6 
47 26 38 10 12 16 3 41 10 21 40 20 25 11 26 14 11 35 44 48 38 45 43 0 8 15 
21 29 40 35 20 5 23 43 9 38 20 47 48 38 39 38 24 37 14 24 7 21 10 3 0 30 
47 49 49 15 19 3 33 31 45 42 37 13 6 41 17 18 28 16 24 7 17 14 48 6 11 0 
15 0 8 29 34 9 50 19 38 6 23 6 24 28 41 35 37 17 3 46 2 25 18 47 48 7 
29 5 0 37 47 13 34 1 43 5 5 46 5 47 37 42 18 26 1 18 11 44 50 26 39 20 
50 11 2 0 5 37 47 12 31 28 30 45 33 42 43 40 5 31 24 36 40 32 20 16 4 34 
49 17 29 38 0 13 29 30 49 27 14 23 49 39 19 8 34 25 20 7 47 36 35 9 29 6 
13 27 41 49 39 0 30 46 49 21 38 31 33 44 15 2 16 35 16 30 17 7 42 6 28 7 
8 1 10 7 49 15 0 9 1 33 50 3 39 50 38 34 28 1 18 31 28 1 31 6 6 32 
2 19 30 13 50 21 21 0 13 43 31 30 37 42 23 23 23 33 12 15 49 27 35 28 47 39 
6 25 25 50 6 27 46 4 0 26 47 46 29 38 33 29 32 27 8 8 4 42 10 46 9 6 
18 20 41 8 5 17 42 34 24 0 44 47 47 14 37 4 34 33 16 26 27 44 45 29 36 17 
1 28 20 43 48 47 29 17 44 39 0 8 5 47 22 31 5 46 15 39 32 36 14 22 4 20 
9 44 20 32 13 23 42 5 41 4 40 0 22 42 27 48 19 30 20 49 47 30 36 45 46 23 
48 31 40 4 32 38 7 17 23 39 3 10 0 36 32 16 16 50 7 18 42 33 5 39 42 14 
6 44 23 7 41 23 50 25 9 16 43 2 2 0 9 16 34 6 19 39 46 9 45 38 33 31 
30 30 27 5 41 43 43 49 40 26 44 34 10 32 0 16 4 36 27 17 24 15 49 48 2 8 
27 37 50 47 6 12 6 40 27 12 44 23 20 19 23 0 50 4 12 34 23 50 47 38 23 42 
24 18 22 10 17 31 33 25 47 14 7 43 3 35 15 38 0 44 34 20 23 32 16 9 44 24 
12 37 15 30 8 31 49 28 5 32 44 35 30 10 31 12 48 0 24 6 16 8 2 28 20 35 
7 13 18 1 11 8 10 28 37 6 44 19 46 39 33 8 16 48 0 3 21 4 14 24 39 12 
35 43 3 28 17 11 10 45 46 2 18 32 27 45 25 34 7 44 5 0 38 43 3 35 24 8 
43 4 25 49 31 43 40 29 40 26 16 7 1 21 46 35 24 50 37 15 0 27 39 3 29 37 
48 21 20 2 19 32 8 30 20 24 7 35 47 15 10 29 3 38 19 9 27 0 7 23 9 4 
20 3 49 9 32 4 2 47 12 34 23 21 27 22 45 9 28 31 47 40 50 27 0 35 28 37 
24 1 34 20 10 42 48 11 49 49 30 9 22 39 20 6 39 35 32 38 9 26 16 0 25 50 
50 26 27 20 5 44 18 22 23 8 3 18 27 2 43 25 10 29 24 15 50 7 43 27 0 34 
11 42 4 40 28 48 36 9 21 11 16 22 41 45 5 13 38 49 31 18 38 12 34 40 13 0 
49 0 48 43 11 50 44 34 50 36 44 2 15 32 45 11 18 9 7 42 27 4 19 35 19 3 
13 8 0 12 10 46 50 9 14 28 29 1 43 49 21 17 32 22 5 2 4 49 7 5 20 50 
30 6 42 0 13 10 31 14 25 9 38 37 22 41 41 45 44 1 5 16 11 26 10 37 25 46 
33 14 34 15 0 4 6 4 42 11 17 45 17 2 19 49 37 19 40 33 31 11 32 15 8 11 
48 3 39 10 24 0 20 19 18 18 27 17 31 10 5 32 33 30 30 24 1 27 49 36 18 24 
8 20 4 44 35 1 0 50 27 5 7 4 16 33 37 47 26 50 34 42 33 7 9 36 2 48 
31 2 42 7 34 50 17 0 22 37 17 50 16 24 33 27 18 5 5 49 28 18 48 44 28 26 
28 15 45 35 17 49 35 2 0 46 5 50 8 20 21 8 38 44 47 20 47 10 26 2 16 16 
3 5 38 24 31 33 9 14 32 0 7 35 22 37 20 19 16 14 28 28 27 10 36 34 42 41 
25 2 24 31 16 2 14 30 20 15 0 44 48 29 16 22 41 45 38 15 23 16 7 27 2 32 
46 48 24 39 6 18 21 46 33 6 32 0 36 34 17 5 21 43 18 5 25 18 36 12 7 37 
16 48 20 19 26 18 25 23 50 21 4 40 0 42 14 48 24 2 46 10 41 6 12 22 10 2 
24 40 22 27 14 11 37 18 2 41 20 2 27 0 8 39 8 13 35 47 1 32 2 4 8 2 
17 40 2 17 31 5 27 10 17 2 28 3 46 36 0 10 18 23 40 23 28 22 25 39 22 33 
43 27 25 9 21 23 36 15 25 48 21 35 2 22 37 0 43 43 11 6 12 5 18 49 37 34 
9 12 32 31 31 42 2 31 34 39 28 2 1 46 30 42 0 39 21 39 40 34 22 19 36 35 
30 15 33 10 29 26 29 39 26 13 11 5 34 45 7 19 4 0 19 33 10 42 42 15 27 20 
17 47 10 48 50 38 44 46 47 1 27 20 21 5 13 49 14 25 0 34 20 37 6 27 33 21 
30 4 36 27 44 38 1 6 41 13 30 19 42 26 25 17 10 38 45 0 30 50 33 14 21 12 
29 17 31 8 33 12 21 28 27 21 35 9 19 3 13 27 14 31 43 34 0 30 22 50 10 3 
28 18 33 4 21 47 40 16 16 16 22 20 49 8 2 10 42 16 6 40 8 0 41 35 32 3 
36 2 21 37 32 7 18 22 6 6 44 39 25 6 24 45 44 4 38 42 7 16 0 24 42 25 
39 7 44 20 45 37 34 1 1 36 45 20 29 35 9 4 49 44 2 8 22 17 10 0 33 46 
15 38 47 40 47 21 29 30 13 43 1 24 2 11 20 11 38 25 21 29 26 16 20 30 0 38 
9 23 23 34 3 23 48 12 25 31 50 37 12 5 16 17 41 16 42 8 31 48 33 33 48 0 
