48
3
21 0 14 8 
28 4 0 34 
28 24 8 0 
4 0 2 25 
20 49 0 36 
7 11 14 0 
25 0 15 46 
10 30 0 19 
17 16 11 0 
2 0 41 6 
50 3 0 50 
1 29 26 0 
5 0 45 17 
14 19 0 42 
42 10 6 0 
3 0 42 49 
2 32 0 28 
35 24 11 0 
28 0 12 34 
39 11 0 38 
23 27 34 0 
3 0 4 49 
26 20 0 20 
11 2 16 0 
48 0 11 46 
5 18 0 21 
13 14 24 0 
13 0 1 9 
29 16 0 29 
39 24 18 0 
43 0 17 34 
29 41 0 43 
8 40 7 0 
7 0 27 23 
29 42 0 31 
12 38 14 0 
15 0 24 45 
14 27 0 47 
14 11 27 0 
26 0 24 39 
21 38 0 46 
2 18 36 0 
32 0 20 20 
4 47 0 28 
14 7 38 0 
2 0 34 9 
29 17 0 29 
16 24 1 0 
24 0 29 40 
37 15 0 31 
17 33 16 0 
19 0 37 40 
27 28 0 24 
45 30 18 0 
45 0 12 27 
17 50 0 20 
10 13 27 0 
18 0 48 7 
11 6 0 14 
46 29 40 0 
46 0 46 6 
39 38 0 15 
12 46 20 0 
49 0 26 7 
36 35 0 38 
11 21 13 0 
24 0 7 30 
20 28 0 3 
4 50 36 0 
10 0 8 32 
26 31 0 49 
35 49 35 0 
13 0 6 25 
13 5 0 4 
1 12 37 0 
21 0 32 14 
20 50 0 35 
2 23 22 0 
11 0 26 18 
3 36 0 39 
30 3 38 0 
39 0 23 46 
9 2 0 36 
3 48 16 0 
39 0 12 2 
26 20 0 17 
16 34 18 0 
23 0 40 9 
47 25 0 8 
27 24 23 0 
18 0 10 21 
36 34 0 3 
16 13 40 0 
42 0 13 31 
28 17 0 2 
20 13 12 0 
21 0 35 7 
2 38 0 2 
21 8 13 0 
30 0 42 48 
38 32 0 28 
14 36 39 0 
45 0 3 29 
50 10 0 8 
27 25 22 0 
38 0 45 23 
7 28 0 13 
47 7 40 0 
17 0 16 23 
19 16 0 26 
40 37 22 0 
43 0 4 31 
3 15 0 32 
14 25 11 0 
34 0 21 25 
50 25 0 13 
31 34 13 0 
41 0 23 14 
35 42 0 25 
39 48 20 0 
17 0 27 38 
3 10 0 24 
37 35 21 0 
41 0 35 31 
42 44 0 4 
3 14 36 0 
15 0 17 42 
10 39 0 32 
14 50 14 0 
8 0 8 13 
6 15 0 18 
12 48 48 0 
23 0 32 12 
2 13 0 40 
43 40 49 0 
33 0 49 30 
10 33 0 28 
40 25 31 0 
29 0 7 38 
6 39 0 10 
11 29 28 0 
9 0 35 21 
13 31 0 47 
6 30 33 0 
