49
13
38 0 44 5 18 8 6 22 29 29 10 12 18 32 
9 36 0 31 22 24 6 26 45 46 37 17 11 45 
40 11 19 0 22 8 43 6 26 27 6 40 39 30 
18 22 25 9 0 49 38 45 13 46 45 29 26 37 
5 22 28 43 7 0 38 8 13 16 12 11 8 2 
19 12 7 33 30 41 0 33 44 39 5 20 37 38 
30 17 33 45 16 41 46 0 21 39 34 48 34 49 
3 32 18 2 10 15 2 47 0 19 33 6 13 15 
38 44 43 17 18 9 6 20 9 0 42 30 21 46 
20 12 32 31 28 9 49 32 39 1 0 27 37 45 
5 36 41 11 34 28 33 2 3 3 28 0 23 17 
40 28 30 44 41 38 32 15 45 40 16 39 0 5 
48 14 34 50 44 17 30 24 5 21 29 48 8 0 
3 0 39 45 18 9 4 8 12 20 21 2 45 10 
40 5 0 30 10 46 26 23 29 31 19 19 3 10 
12 43 44 0 35 8 2 46 34 35 44 21 28 32 
12 31 44 28 0 43 33 6 34 27 26 44 45 25 
4 26 30 23 21 0 27 15 50 43 16 19 35 14 
1 50 27 6 12 10 0 32 15 14 42 35 3 26 
37 48 26 36 18 50 41 0 34 48 20 4 12 24 
45 14 32 20 16 26 43 30 0 32 6 8 22 14 
34 13 10 40 34 45 21 45 41 0 18 24 8 48 
19 45 30 3 30 23 44 39 16 19 0 34 44 27 
10 10 46 5 42 19 15 4 17 28 25 0 8 37 
10 42 29 5 46 8 13 18 7 49 1 30 0 27 
36 28 25 18 44 26 46 8 35 11 50 36 26 0 
6 0 43 45 3 17 6 45 44 13 3 11 12 24 
26 32 0 10 4 11 46 25 16 33 37 29 49 35 
49 13 30 0 26 31 30 19 21 2 20 24 5 33 
46 36 34 23 0 26 15 6 21 1 15 49 31 50 
4 12 11 23 7 0 16 4 32 7 33 15 38 22 
31 44 3 24 12 36 0 50 29 50 40 32 11 12 
15 43 14 49 48 31 45 0 31 26 7 10 29 14 
8 1 1 39 4 20 36 4 0 34 13 18 27 3 
13 32 22 4 23 30 13 45 2 0 11 19 9 35 
34 44 41 6 37 44 45 49 28 49 0 28 12 37 
13 26 9 31 31 46 23 45 19 13 10 0 22 35 
31 17 20 7 40 33 31 19 37 43 14 29 0 26 
25 32 5 35 34 45 43 37 17 38 37 22 31 0 
23 0 37 40 15 31 32 34 3 14 29 30 21 9 
45 31 0 18 27 33 46 2 5 22 41 41 34 30 
15 30 49 0 14 30 34 36 10 10 45 29 22 12 
32 46 23 11 0 3 26 14 25 50 13 19 41 5 
42 20 26 2 46 0 50 31 2 17 5 5 50 50 
47 36 50 36 36 40 0 5 22 14 7 33 12 38 
16 20 5 16 18 31 24 0 25 43 17 34 9 50 
30 41 11 16 41 19 11 4 0 29 29 25 15 27 
29 36 34 28 13 44 40 8 34 0 12 47 2 38 
24 27 25 5 19 17 27 37 11 14 0 11 49 17 
14 1 35 37 42 30 2 41 2 38 42 0 15 4 
40 19 42 46 30 14 14 4 45 35 29 25 0 10 
9 38 40 19 22 23 30 47 31 40 24 47 20 0 
18 0 1 47 23 39 34 40 15 27 8 46 15 35 
48 35 0 13 19 16 6 12 32 22 14 2 34 16 
20 36 8 0 10 29 19 50 10 47 14 8 23 46 
46 36 45 32 0 30 44 5 38 25 45 34 12 24 
18 35 39 46 37 0 45 40 24 14 5 8 18 30 
27 15 25 1 21 6 0 47 21 11 27 37 40 34 
8 29 29 45 41 24 48 0 5 2 15 22 1 28 
13 34 23 32 31 38 14 1 0 18 40 13 25 24 
29 16 4 7 8 3 7 3 37 0 11 45 20 14 
34 21 25 26 1 4 1 44 43 14 0 49 30 47 
49 26 34 41 40 16 21 17 46 32 2 0 46 7 
19 45 25 27 23 28 12 18 4 44 27 42 0 39 
10 25 31 37 2 6 28 12 4 31 20 46 21 0 
30 0 50 47 39 39 23 31 44 35 7 20 17 41 
21 18 0 29 45 33 8 49 1 7 47 37 9 31 
47 19 46 0 16 14 6 31 3 49 13 21 16 6 
4 12 46 25 0 18 11 21 12 35 10 33 9 49 
12 48 20 23 3 0 10 30 9 27 13 49 19 43 
15 37 39 23 5 9 0 30 28 4 38 6 33 29 
27 39 19 13 9 13 8 0 15 44 34 33 26 10 
11 36 47 28 50 48 6 26 0 47 34 23 12 6 
25 29 22 9 10 15 41 25 34 0 42 40 14 4 
36 12 29 21 3 6 48 45 48 45 0 31 27 39 
9 27 4 30 5 46 1 4 39 30 43 0 35 24 
19 35 36 28 45 7 14 46 12 45 47 26 0 32 
18 14 11 27 35 42 33 22 7 14 22 4 37 0 
44 0 14 1 47 33 36 36 30 38 14 10 21 50 
24 13 0 43 47 33 7 4 24 29 38 43 13 45 
2 3 2 0 13 21 14 24 9 13 1 46 15 13 
11 40 2 30 0 1 1 6 35 18 20 30 10 32 
15 1 13 16 26 0 8 35 38 35 34 28 26 43 
46 48 42 11 12 48 0 32 21 46 14 23 49 37 
42 8 11 34 33 23 3 0 40 49 23 46 48 25 
38 31 26 27 7 25 5 8 0 6 8 43 8 8 
32 29 12 19 37 41 17 40 16 0 28 28 1 1 
5 23 4 47 25 47 13 38 10 1 0 46 20 8 
48 45 29 37 50 18 27 25 41 24 28 0 30 37 
6 32 36 22 4 48 26 6 20 32 5 9 0 33 
47 45 21 23 28 17 50 29 43 22 11 30 28 0 
10 0 25 27 14 49 26 17 39 42 32 2 39 48 
48 44 0 3 29 13 25 29 18 21 32 5 19 47 
12 31 9 0 13 10 26 43 26 39 2 30 6 34 
29 42 45 6 0 14 20 34 30 19 6 27 14 10 
37 1 10 40 43 0 23 46 3 15 37 30 29 22 
27 46 22 10 43 23 0 24 30 46 38 23 15 19 
35 35 17 43 25 33 49 0 1 40 42 17 49 10 
8 11 31 15 5 15 27 42 0 43 39 8 10 14 
4 41 31 41 14 37 25 24 38 0 11 37 22 12 
48 30 22 38 4 6 11 33 16 13 0 50 32 33 
9 39 27 43 47 9 34 11 29 8 20 0 50 29 
30 25 36 21 50 44 44 44 17 47 21 6 0 35 
2 50 32 38 29 32 9 32 29 37 47 45 15 0 
28 0 38 2 20 23 2 39 26 27 36 47 46 14 
6 39 0 39 42 42 7 37 12 7 35 30 42 30 
39 41 47 0 1 39 40 26 36 17 6 43 48 25 
19 18 10 26 0 14 35 43 16 26 21 43 37 45 
40 9 3 22 4 0 22 29 43 13 48 29 26 48 
8 21 28 39 33 47 0 44 17 39 20 3 32 21 
45 49 15 13 20 5 14 0 44 50 17 34 46 3 
21 20 32 7 20 31 50 16 0 28 22 38 38 39 
46 44 29 2 40 50 40 33 27 0 30 29 50 29 
24 13 5 8 4 44 44 31 27 25 0 35 32 50 
22 32 6 17 28 27 26 32 9 21 15 0 49 28 
35 6 20 44 41 4 7 42 7 38 12 21 0 18 
45 44 9 20 19 44 20 40 28 8 28 11 2 0 
2 0 24 48 16 42 40 10 27 10 39 11 33 34 
32 26 0 9 15 45 44 47 10 33 33 24 40 2 
22 29 38 0 7 48 42 34 39 3 33 44 42 46 
22 12 42 35 0 5 48 37 36 13 45 32 13 14 
34 14 43 19 41 0 25 27 40 18 31 39 3 42 
20 50 46 29 43 15 0 24 50 22 36 18 48 29 
26 3 17 10 34 7 44 0 35 8 20 47 34 42 
20 16 6 4 31 4 32 14 0 28 38 40 34 2 
17 40 14 13 29 25 22 13 49 0 24 24 9 47 
32 9 8 12 30 49 46 1 45 8 0 44 19 5 
15 16 16 49 16 27 26 33 41 5 21 0 46 42 
22 13 30 22 43 32 45 34 23 24 6 17 0 9 
42 38 2 22 33 20 44 24 11 6 48 1 9 0 
47 0 34 15 41 5 38 17 38 28 34 22 24 16 
12 24 0 21 42 43 10 32 8 36 38 31 19 23 
1 2 18 0 12 7 33 22 34 36 12 19 32 19 
19 1 21 15 0 4 31 49 17 9 21 4 19 13 
38 19 2 12 46 0 34 23 33 37 15 21 16 27 
40 3 32 27 12 2 0 11 25 42 32 37 22 35 
1 21 6 43 31 15 44 0 45 45 4 33 24 16 
36 10 37 32 36 1 49 28 0 42 47 36 32 10 
2 8 39 47 37 15 41 12 34 0 2 28 45 34 
6 23 33 45 49 49 4 46 17 2 0 38 10 47 
37 23 8 10 25 20 12 22 14 36 7 0 49 17 
18 34 5 2 8 10 38 2 45 27 45 47 0 48 
37 28 14 35 7 1 38 40 29 18 5 24 28 0 
8 0 34 12 43 38 26 47 32 31 20 42 15 44 
29 23 0 45 42 47 13 14 27 34 34 9 29 29 
6 11 28 0 40 17 1 29 30 3 4 41 3 39 
20 1 16 6 0 8 23 20 14 23 16 46 37 21 
42 11 1 25 1 0 4 14 9 20 36 5 42 4 
41 37 14 27 19 5 0 40 9 43 14 12 28 26 
37 10 16 34 46 32 4 0 47 9 19 30 28 4 
37 39 31 50 15 11 15 5 0 32 33 50 47 47 
42 47 13 50 48 40 47 26 18 0 5 43 37 40 
24 38 8 32 19 35 49 16 18 2 0 28 44 49 
1 14 21 5 27 17 38 50 41 7 35 0 10 21 
40 32 29 20 34 38 13 25 38 27 47 50 0 15 
15 48 32 24 46 35 6 49 40 33 5 14 29 0 
27 0 50 41 33 32 24 23 48 46 17 37 49 18 
40 32 0 24 13 37 25 5 12 2 40 18 18 11 
50 5 23 0 50 49 25 7 6 12 14 35 6 46 
24 28 17 20 0 32 45 25 29 45 25 25 28 47 
30 9 17 25 11 0 23 16 21 24 19 26 46 18 
13 43 13 29 18 40 0 8 42 1 28 46 33 8 
23 44 33 5 30 48 23 0 3 45 48 39 37 3 
12 41 25 50 10 42 24 14 0 33 32 17 17 7 
36 20 6 30 31 22 43 3 50 0 22 39 19 39 
28 24 16 19 46 24 42 16 28 18 0 17 1 19 
4 9 45 41 12 16 39 24 13 3 48 0 15 17 
18 44 1 13 19 36 31 21 15 1 49 15 0 37 
43 25 42 8 3 39 29 13 18 34 9 10 11 0 
24 0 31 15 15 21 19 4 29 7 48 15 16 50 
31 20 0 48 40 9 47 27 26 24 14 33 5 1 
9 37 4 0 50 10 43 4 8 13 1 6 50 30 
30 12 8 37 0 27 27 43 4 8 9 16 29 26 
12 33 35 50 17 0 33 10 21 10 17 25 7 39 
23 12 42 19 20 42 0 40 30 17 16 18 37 38 
6 12 47 2 28 39 21 0 35 31 21 24 13 34 
23 40 9 21 45 34 30 39 0 4 31 13 40 40 
24 40 46 46 18 17 14 30 28 0 49 24 8 40 
36 37 4 43 42 19 6 36 19 50 0 21 47 22 
35 8 49 2 31 35 13 38 16 32 39 0 35 4 
7 50 4 46 42 35 13 5 48 44 36 12 0 40 
45 34 4 5 40 25 50 47 33 6 32 26 18 0 
40 0 46 2 21 5 15 8 38 12 6 32 24 9 
37 34 0 17 37 15 14 41 42 41 29 34 11 43 
15 36 8 0 24 45 23 20 25 46 17 4 28 39 
21 5 2 33 0 29 23 32 32 39 16 30 46 42 
18 36 27 49 18 0 18 10 12 1 22 31 38 12 
10 4 34 41 17 14 0 10 26 43 36 40 9 1 
12 30 12 26 21 28 29 0 4 5 35 49 48 50 
36 18 28 21 33 22 45 17 0 13 28 48 49 49 
17 36 16 26 50 37 40 18 6 0 30 1 25 2 
3 10 9 5 20 36 44 18 28 43 0 49 23 4 
18 14 34 50 3 14 28 22 12 43 38 0 30 35 
12 8 33 30 38 27 46 32 19 35 9 9 0 8 
13 5 32 39 44 18 3 47 20 26 34 7 28 0 
37 0 48 31 42 18 21 25 35 24 36 35 48 6 
22 27 0 23 49 30 25 41 45 2 23 40 23 49 
20 28 39 0 43 32 49 24 10 40 49 1 28 18 
38 35 23 39 0 20 48 42 39 47 27 24 21 47 
10 17 33 36 25 0 41 19 19 2 48 47 32 5 
36 25 46 32 29 22 0 22 13 37 6 23 13 4 
43 32 11 24 2 15 23 0 35 40 7 28 5 24 
11 10 49 37 38 27 8 15 0 12 17 43 15 48 
3 50 35 23 11 11 23 22 48 0 38 8 28 46 
32 10 20 47 18 19 28 5 11 13 0 14 1 19 
46 6 39 32 15 19 10 4 13 23 1 0 17 47 
17 32 2 13 22 41 9 42 45 49 46 16 0 50 
25 37 43 42 38 21 23 43 15 18 34 17 23 0 
40 0 19 43 20 37 19 30 21 3 47 4 49 41 
24 42 0 27 2 7 43 16 16 45 23 11 22 36 
31 44 5 0 2 14 19 47 50 2 41 49 26 13 
27 36 29 23 0 40 40 44 47 47 31 16 14 11 
41 1 7 45 46 0 33 48 1 39 36 17 1 33 
35 3 41 22 2 28 0 27 45 17 31 38 23 34 
21 29 39 34 13 39 39 0 3 28 46 43 7 45 
17 28 12 38 50 12 22 8 0 5 41 7 25 30 
38 38 17 25 21 20 23 13 12 0 20 12 6 23 
28 13 30 8 7 48 16 7 11 49 0 33 29 31 
26 1 26 16 38 33 9 34 2 2 37 0 4 25 
24 34 33 6 8 50 33 27 34 10 28 48 0 34 
9 10 23 27 39 34 47 40 45 23 37 46 33 0 
30 0 48 40 27 12 44 4 33 25 33 25 6 41 
33 46 0 5 42 42 49 19 4 24 50 12 25 13 
4 8 36 0 29 12 46 11 26 21 36 38 8 48 
35 45 2 34 0 28 48 22 48 1 1 36 3 31 
39 28 29 6 48 0 29 2 49 40 47 47 46 21 
30 45 16 13 11 17 0 35 44 14 24 2 41 22 
14 4 16 3 7 1 27 0 32 7 34 48 15 38 
10 6 50 45 48 6 38 7 0 19 27 33 38 40 
19 18 38 25 4 27 16 27 15 0 49 33 38 40 
47 20 40 23 12 18 48 23 8 30 0 45 20 27 
47 3 15 46 27 34 16 18 32 9 45 0 33 31 
21 50 12 45 7 17 8 8 9 19 18 47 0 16 
15 40 18 12 39 43 5 27 31 14 12 20 23 0 
50 0 23 23 15 11 46 40 32 48 49 12 13 23 
28 13 0 19 39 35 48 49 11 20 26 1 21 21 
2 28 4 0 41 37 50 25 35 17 36 36 44 9 
23 7 35 17 0 42 6 49 16 16 43 9 43 30 
15 21 12 31 47 0 23 45 40 45 13 28 7 13 
12 39 39 11 28 33 0 45 27 25 43 27 3 35 
45 22 6 36 35 45 49 0 7 36 4 23 37 39 
13 50 19 29 44 7 11 29 0 44 11 28 5 16 
26 48 4 40 28 36 29 13 28 0 23 35 9 28 
33 9 6 27 35 16 25 40 21 46 0 8 47 50 
20 43 6 2 12 28 31 20 20 1 4 0 47 27 
38 9 26 35 27 34 20 17 24 2 23 18 0 27 
13 31 27 6 3 46 43 29 17 37 8 27 11 0 
8 0 28 9 14 9 2 31 9 28 16 14 36 19 
24 27 0 33 46 41 34 34 36 16 1 44 14 48 
9 4 48 0 22 23 19 8 16 27 43 9 11 44 
21 38 19 35 0 15 13 21 34 22 17 47 21 46 
24 44 26 42 28 0 16 50 11 44 27 11 7 44 
46 28 4 48 35 25 0 35 48 13 47 18 31 36 
31 44 15 37 38 2 1 0 27 45 15 41 35 15 
43 11 34 28 11 8 29 21 0 17 43 31 25 32 
22 36 49 12 47 8 12 42 35 0 6 46 7 40 
10 6 18 2 13 14 13 20 32 25 0 15 36 37 
11 2 15 15 2 35 13 6 30 16 29 0 33 18 
33 24 24 9 5 38 21 21 48 24 4 15 0 31 
17 12 12 40 12 35 26 11 48 10 27 20 5 0 
12 0 45 35 30 40 39 19 45 32 40 47 24 20 
27 16 0 16 14 29 12 50 22 18 1 44 41 4 
45 8 8 0 35 14 47 39 1 26 27 37 18 34 
15 46 36 36 0 23 15 17 42 8 11 45 35 32 
16 21 34 45 44 0 41 40 37 45 12 38 47 27 
1 35 20 2 39 30 0 46 45 47 4 36 32 29 
29 25 12 38 47 13 50 0 32 31 19 17 31 34 
46 29 48 21 35 48 39 47 0 15 32 23 6 22 
16 39 37 19 17 48 14 15 12 0 15 25 8 16 
26 47 45 20 17 4 21 6 35 18 0 48 27 20 
39 43 33 15 43 40 32 25 48 11 46 0 12 2 
19 18 19 34 14 24 14 19 23 42 2 45 0 16 
20 36 17 31 22 40 43 47 10 21 32 48 23 0 
36 0 26 41 29 36 49 8 15 35 4 37 1 5 
25 13 0 1 17 1 31 20 28 20 47 9 17 40 
7 20 6 0 9 47 37 37 41 39 38 29 44 7 
4 38 2 35 0 32 30 31 17 15 31 46 44 21 
2 28 45 16 30 0 32 13 47 43 39 9 27 7 
1 14 14 37 25 23 0 23 45 28 33 27 36 15 
30 36 24 42 40 10 16 0 27 36 9 46 23 9 
47 32 10 11 49 43 9 26 0 29 17 3 29 6 
24 21 26 24 46 19 30 15 3 0 27 24 2 50 
50 11 30 15 5 18 14 17 26 41 0 35 17 35 
35 28 39 1 19 21 13 34 37 45 2 0 12 14 
28 44 44 45 6 37 10 50 44 48 46 15 0 13 
35 16 40 48 31 41 8 12 35 3 27 3 9 0 
3 0 39 16 13 17 29 4 41 41 21 23 32 36 
49 8 0 35 41 31 44 37 7 36 48 45 39 15 
11 5 3 0 43 42 18 43 48 34 22 34 31 31 
18 11 22 45 0 45 17 17 45 43 50 27 44 22 
34 17 2 18 41 0 21 24 3 18 50 39 48 29 
6 40 39 15 37 1 0 11 50 26 26 36 41 3 
29 23 20 18 5 27 50 0 20 35 26 46 17 31 
14 8 29 50 12 34 48 17 0 12 28 7 29 14 
26 34 23 8 41 17 27 38 42 0 1 33 50 45 
12 48 10 21 14 43 48 6 38 4 0 21 27 15 
3 44 37 18 46 13 40 42 2 17 47 0 27 36 
30 40 44 22 7 47 50 17 22 50 7 41 0 15 
15 31 8 38 31 2 32 26 15 34 1 25 6 0 
20 0 11 4 11 32 13 44 28 14 9 13 16 47 
25 27 0 48 31 45 31 28 32 49 10 34 14 37 
45 46 10 0 16 7 43 48 1 27 40 14 12 18 
44 47 37 2 0 23 46 23 34 28 6 29 34 39 
21 48 25 22 2 0 20 48 46 19 49 18 48 3 
20 19 47 49 37 35 0 20 27 37 32 45 48 37 
38 42 3 18 41 32 33 0 18 23 1 26 6 39 
44 14 23 26 48 19 4 21 0 27 4 38 30 19 
45 14 12 34 16 30 24 15 33 0 7 43 1 9 
37 16 35 48 19 21 44 49 41 7 0 5 12 34 
27 45 17 12 38 16 39 22 38 19 6 0 40 35 
47 32 25 12 8 30 25 40 33 38 36 30 0 35 
17 37 21 4 8 8 22 33 4 30 48 21 19 0 
27 0 13 37 50 48 29 8 35 25 12 24 30 49 
25 37 0 44 45 7 32 33 4 49 3 1 34 11 
49 18 2 0 43 3 27 42 39 3 12 4 34 41 
7 22 1 43 0 25 47 25 9 33 35 40 10 23 
16 38 16 29 11 0 36 16 37 31 41 34 32 10 
47 38 11 23 26 41 0 11 17 25 12 3 7 28 
4 10 2 16 33 12 33 0 30 11 4 24 25 2 
18 18 4 27 31 18 12 16 0 1 37 49 11 10 
50 49 7 42 26 13 22 33 33 0 6 35 15 9 
22 49 30 36 35 37 48 24 24 43 0 13 49 32 
36 46 13 4 24 3 6 23 13 35 24 0 20 29 
11 3 19 35 13 19 12 23 47 13 37 15 0 3 
13 13 37 26 6 44 44 45 27 27 21 29 32 0 
33 0 10 36 9 15 7 17 6 26 45 5 39 31 
45 37 0 9 40 33 27 40 22 41 43 37 37 29 
30 26 34 0 35 26 49 7 31 37 3 37 38 48 
31 48 47 37 0 18 32 38 26 50 8 36 38 45 
45 39 11 42 17 0 50 22 36 27 41 23 42 19 
7 32 50 8 35 23 0 2 35 47 42 25 5 25 
5 50 3 31 19 49 47 0 32 4 18 21 46 36 
38 17 13 4 7 25 45 50 0 25 6 27 42 24 
14 36 10 49 47 36 37 43 45 0 23 33 47 23 
25 46 38 3 15 29 13 49 36 36 0 23 43 36 
1 11 26 31 44 27 39 46 35 12 23 0 6 21 
35 10 44 43 45 30 8 35 50 50 13 22 0 42 
48 30 25 29 50 37 6 12 35 26 17 15 29 0 
7 0 9 27 40 34 15 48 44 45 3 6 43 42 
44 36 0 1 2 12 14 9 2 30 9 21 7 13 
37 50 9 0 1 35 27 29 16 23 50 9 11 16 
48 25 49 4 0 27 20 37 8 43 21 12 34 14 
3 6 28 27 50 0 6 33 21 29 49 35 44 19 
29 14 27 21 37 42 0 41 47 16 35 4 27 32 
2 21 5 44 29 48 17 0 21 24 23 38 47 50 
3 28 45 20 26 14 10 8 0 41 23 32 23 35 
20 43 18 38 22 24 1 18 5 0 13 17 36 20 
38 27 49 5 41 39 25 37 40 13 0 2 47 9 
41 17 24 11 48 24 21 45 28 25 4 0 37 1 
15 46 33 49 16 29 34 7 26 33 10 36 0 32 
43 48 48 31 30 17 41 14 34 34 44 44 15 0 
43 0 15 26 11 3 46 19 41 25 29 5 42 48 
23 13 0 3 15 34 15 25 16 32 24 47 47 45 
37 47 38 0 31 13 39 5 1 36 20 31 16 31 
15 18 42 18 0 19 44 40 33 44 28 12 20 50 
30 20 49 12 41 0 29 14 9 9 22 3 45 17 
17 37 48 38 44 22 0 50 4 50 7 25 14 6 
4 8 12 44 19 26 12 0 13 9 36 2 24 29 
2 2 22 7 46 39 24 2 0 28 3 36 7 35 
41 20 47 31 13 25 49 36 26 0 6 47 16 3 
28 33 5 8 2 46 14 15 20 48 0 33 43 12 
36 41 4 27 6 27 37 35 36 42 17 0 29 24 
28 26 44 27 47 26 42 43 12 41 47 20 0 1 
41 44 21 21 23 15 38 1 40 8 33 50 1 0 
20 0 29 19 42 42 39 29 29 18 38 22 44 1 
8 2 0 19 24 1 7 7 5 37 44 15 15 19 
3 42 23 0 38 19 11 27 47 6 13 25 20 49 
9 41 23 23 0 7 50 28 22 7 36 33 17 7 
26 43 46 33 36 0 4 27 23 37 38 7 31 19 
11 17 5 2 39 44 0 4 2 49 17 33 15 38 
16 38 48 46 6 40 22 0 12 36 35 1 23 28 
21 43 27 22 3 17 42 38 0 40 11 18 6 48 
40 13 6 28 27 14 19 49 39 0 40 26 42 33 
17 10 8 25 33 4 30 11 23 11 0 26 27 14 
16 23 50 27 28 30 41 8 1 9 7 0 8 8 
38 5 30 32 4 1 31 21 50 33 30 15 0 29 
14 26 37 17 2 30 2 14 48 46 49 13 12 0 
46 0 2 25 17 1 1 18 25 17 26 32 41 8 
25 46 0 43 17 41 20 13 49 17 15 22 34 8 
27 7 45 0 41 9 32 20 42 6 30 46 34 33 
29 47 4 48 0 50 5 26 45 6 6 22 32 6 
29 1 13 30 37 0 4 34 44 25 12 31 27 17 
1 22 16 20 17 47 0 34 8 41 16 45 20 15 
17 9 13 22 1 24 9 0 4 3 20 29 26 43 
43 1 40 5 36 24 21 34 0 5 5 29 36 39 
25 49 48 38 35 19 11 23 37 0 26 31 3 11 
8 18 14 48 3 37 44 25 4 34 0 19 37 31 
22 49 32 13 4 34 36 13 49 11 6 0 15 35 
11 16 20 7 25 9 2 25 17 4 20 7 0 2 
43 42 14 21 16 30 2 5 47 12 41 25 22 0 
47 0 17 49 9 8 9 34 18 26 29 5 47 9 
10 35 0 6 5 46 13 6 3 42 44 49 28 46 
27 14 30 0 14 4 30 33 4 13 35 27 9 46 
12 24 34 17 0 14 9 25 8 21 18 50 43 17 
29 19 20 5 23 0 1 31 12 33 20 39 12 25 
26 15 5 48 50 30 0 47 50 2 33 19 26 31 
40 4 39 6 47 31 22 0 37 1 14 35 8 13 
27 28 34 29 4 46 5 39 0 34 10 3 23 18 
21 47 18 28 37 2 30 43 11 0 28 24 27 24 
8 41 38 26 2 20 40 38 3 19 0 16 23 29 
23 21 42 7 45 36 34 29 11 26 20 0 23 27 
34 28 20 16 1 10 3 31 38 15 1 8 0 9 
34 33 31 18 28 2 6 9 29 9 1 5 33 0 
39 0 44 46 48 16 19 3 25 37 13 18 37 18 
6 20 0 48 35 7 42 49 37 3 1 48 43 48 
19 18 19 0 5 19 20 12 19 22 10 36 41 50 
33 6 34 47 0 21 14 31 11 47 37 11 45 3 
10 6 47 37 43 0 48 5 18 50 36 6 32 44 
49 26 50 35 10 13 0 44 8 9 44 3 6 30 
35 13 38 23 32 9 11 0 17 10 6 22 35 17 
39 36 32 33 21 28 16 28 0 15 6 11 12 27 
48 1 45 1 13 44 32 14 13 0 43 31 28 4 
48 21 27 39 20 29 50 43 25 8 0 26 27 24 
25 40 3 21 8 27 11 5 11 11 22 0 10 44 
28 4 4 26 44 1 5 17 30 45 1 26 0 36 
33 13 35 24 43 19 25 40 19 42 12 43 36 0 
4 0 18 50 38 11 5 29 27 1 47 39 50 15 
26 22 0 8 46 45 2 45 22 45 49 20 38 18 
4 36 5 0 10 12 43 34 9 47 38 17 43 34 
46 48 9 33 0 16 46 25 28 44 3 33 24 47 
10 49 14 10 20 0 30 1 44 2 44 23 41 36 
47 16 7 29 34 41 0 3 12 7 48 14 12 33 
25 14 40 10 33 23 36 0 15 34 36 45 38 18 
38 43 41 44 4 36 42 31 0 50 9 22 16 20 
42 22 36 3 1 50 48 37 6 0 38 4 43 12 
1 6 22 14 31 12 41 17 4 11 0 21 13 44 
28 21 3 26 5 19 44 14 31 15 29 0 31 35 
46 40 31 32 6 37 1 43 36 36 10 36 0 28 
11 25 3 38 11 15 40 8 23 28 35 30 33 0 
36 0 50 48 21 42 43 33 47 17 2 36 22 6 
35 13 0 1 43 35 44 40 28 8 19 11 43 4 
14 41 27 0 23 13 47 3 23 1 2 46 16 45 
17 4 32 44 0 24 18 17 6 31 28 7 30 43 
42 41 5 28 31 0 38 28 38 29 43 20 44 40 
40 20 33 34 11 6 0 28 40 27 37 47 15 46 
43 27 49 34 13 21 44 0 20 5 12 19 24 22 
8 38 8 39 11 12 1 34 0 29 47 24 48 18 
1 3 3 15 5 9 14 36 45 0 2 39 46 30 
49 1 21 35 8 15 11 40 48 41 0 33 39 26 
35 15 12 15 30 26 36 46 21 42 17 0 40 8 
10 10 37 14 36 19 43 31 13 50 14 45 0 39 
10 37 29 3 12 21 27 29 25 50 24 30 23 0 
14 0 10 35 29 9 4 45 1 5 1 3 35 5 
14 46 0 45 22 15 48 20 41 17 49 17 18 30 
47 14 29 0 36 11 13 34 14 6 34 47 34 41 
11 50 39 5 0 37 26 19 8 8 31 35 3 35 
26 10 32 48 11 0 19 12 30 8 31 23 19 41 
41 1 41 8 13 49 0 38 24 38 20 3 12 13 
42 50 22 39 33 45 34 0 26 37 24 33 9 23 
29 23 12 3 20 17 36 46 0 36 18 18 50 19 
36 15 12 39 40 30 36 48 28 0 12 9 19 48 
28 36 15 4 27 9 50 40 21 15 0 13 35 1 
37 27 18 6 32 4 40 15 9 19 15 0 49 35 
4 24 25 2 11 3 35 22 39 50 32 32 0 42 
10 1 29 16 50 49 4 40 43 9 31 22 31 0 
5 0 30 34 19 18 1 6 43 5 26 16 20 5 
10 1 0 30 48 27 36 25 40 45 39 37 44 20 
16 45 45 0 11 15 45 30 31 49 5 38 20 33 
31 26 50 5 0 25 13 47 46 40 4 10 46 33 
45 47 41 10 42 0 47 26 49 35 11 48 45 12 
22 40 24 11 46 42 0 28 44 5 49 41 40 14 
24 47 24 27 42 36 16 0 32 50 34 40 39 14 
42 45 35 47 16 2 11 13 0 42 8 22 29 8 
18 18 39 40 48 1 20 28 24 0 29 25 9 19 
12 30 30 22 6 34 23 33 1 34 0 10 9 34 
39 30 1 32 40 2 48 35 18 48 44 0 10 36 
40 19 37 18 16 11 39 47 40 31 34 21 0 2 
38 7 25 18 34 29 32 15 12 40 27 42 40 0 
23 0 11 35 45 32 37 13 20 45 4 47 33 19 
50 21 0 37 49 50 18 12 38 15 42 10 1 14 
15 28 22 0 29 29 10 27 26 38 28 13 46 49 
47 8 32 44 0 3 29 35 16 30 11 29 13 41 
9 30 2 9 19 0 25 44 18 22 35 49 16 25 
37 7 43 12 43 24 0 4 1 22 5 7 21 39 
32 16 49 35 18 44 16 0 39 2 47 24 30 9 
39 2 31 25 24 34 29 29 0 42 29 24 19 18 
5 10 41 38 26 46 39 30 43 0 28 20 38 18 
6 50 37 36 10 19 33 35 36 2 0 20 47 32 
23 43 11 41 38 25 17 50 40 7 49 0 15 21 
29 42 29 47 24 11 38 6 28 29 42 7 0 19 
5 37 34 19 9 21 42 45 23 47 20 3 41 0 
46 0 21 19 17 44 39 22 39 41 41 6 40 28 
9 9 0 26 46 14 20 35 20 21 31 16 21 49 
28 23 27 0 6 46 10 45 34 16 18 38 12 36 
4 35 30 14 0 46 28 30 32 13 33 20 28 33 
1 18 21 25 41 0 3 47 46 11 49 13 36 46 
47 46 44 43 42 39 0 35 29 16 50 40 7 35 
39 42 17 15 41 8 28 0 13 10 27 14 42 27 
35 16 40 43 37 17 29 50 0 31 34 38 20 42 
31 44 4 35 18 31 19 6 15 0 5 29 47 9 
6 8 34 38 20 31 2 15 4 19 0 39 23 14 
24 29 36 8 8 29 46 50 27 34 10 0 25 9 
33 24 22 21 11 12 47 28 11 21 17 44 0 15 
8 19 27 28 25 15 12 5 8 40 21 7 48 0 
50 0 2 10 30 24 25 13 11 48 29 44 34 9 
28 27 0 36 13 8 20 14 43 22 27 23 49 10 
45 14 5 0 26 34 1 14 13 12 46 19 32 47 
43 32 4 10 0 41 33 45 17 38 36 19 45 33 
1 44 5 29 25 0 37 31 15 30 50 7 23 45 
43 20 47 17 32 18 0 32 11 27 33 39 12 37 
40 5 43 8 28 36 31 0 1 1 21 8 34 21 
33 1 32 13 33 48 38 46 0 40 25 21 22 5 
2 14 22 24 12 17 18 39 47 0 27 22 23 22 
22 43 44 43 50 39 33 11 35 31 0 30 15 50 
42 25 41 50 30 23 36 24 34 17 30 0 27 9 
42 17 33 36 24 10 40 11 27 45 2 48 0 26 
32 39 44 17 33 43 10 12 25 43 48 47 48 0 
50 0 38 48 38 27 15 17 41 47 17 28 50 8 
20 26 0 39 16 30 40 3 5 42 48 30 18 34 
38 17 48 0 18 24 36 39 27 11 3 14 39 19 
38 31 35 36 0 22 17 17 26 23 35 23 10 14 
9 45 43 9 40 0 18 20 43 27 50 44 30 44 
43 12 31 9 23 26 0 27 12 3 23 20 6 27 
14 1 9 15 33 25 8 0 11 27 45 34 3 13 
46 20 26 11 31 42 6 28 0 24 6 45 14 12 
47 33 2 6 22 24 3 14 5 0 20 35 12 18 
19 22 34 16 18 47 7 10 31 8 0 36 42 42 
28 1 49 41 46 14 1 22 28 26 9 0 21 23 
10 1 50 42 50 42 49 14 24 34 45 8 0 38 
49 8 2 17 26 16 15 31 46 2 16 14 25 0 
22 0 12 46 41 47 26 45 46 37 6 11 39 8 
45 44 0 29 5 17 5 34 8 16 44 20 12 50 
43 7 42 0 15 49 35 28 26 21 38 18 34 38 
19 13 43 12 0 3 42 28 18 22 22 3 42 35 
11 31 18 6 19 0 26 30 47 33 39 4 23 7 
26 12 33 24 6 11 0 21 30 36 21 15 5 42 
29 34 33 22 36 40 23 0 15 24 48 8 15 20 
42 5 41 37 25 39 39 46 0 16 17 35 48 16 
42 21 5 26 10 3 2 28 48 0 46 14 12 3 
15 1 43 2 14 25 10 37 19 17 0 40 49 47 
27 17 46 13 17 48 24 20 48 2 10 0 49 38 
6 13 43 45 9 27 26 22 25 38 3 14 0 3 
10 39 29 24 5 16 28 14 27 36 32 35 30 0 
16 0 39 33 18 50 33 4 27 20 47 45 24 9 
13 24 0 25 3 29 43 50 14 39 35 42 25 48 
44 21 24 0 29 28 11 11 30 11 37 39 8 39 
20 11 27 41 0 43 35 50 47 4 4 40 25 8 
39 36 16 28 4 0 42 43 3 40 33 3 41 20 
34 14 29 2 37 36 0 46 41 23 40 38 49 43 
7 25 2 41 18 35 5 0 20 23 26 15 33 34 
47 15 36 31 28 24 50 23 0 1 37 18 2 17 
4 30 17 16 46 28 30 12 36 0 19 1 50 16 
19 37 50 12 38 15 19 4 39 31 0 5 43 12 
14 49 20 6 39 34 39 1 31 26 4 0 7 30 
37 4 22 12 46 35 32 12 5 14 24 40 0 49 
3 34 14 15 49 12 24 34 15 31 43 30 30 0 
17 0 11 15 39 11 47 6 9 29 16 32 28 35 
20 11 0 1 9 36 46 16 41 32 6 38 16 27 
42 33 46 0 23 23 30 32 17 18 21 48 17 3 
28 35 40 25 0 18 32 38 14 43 13 34 6 45 
47 15 40 36 6 0 28 23 35 5 23 13 7 43 
3 47 19 2 40 3 0 43 34 19 32 1 8 38 
7 28 14 50 21 12 18 0 28 33 18 27 33 16 
21 44 19 23 13 28 18 26 0 29 42 45 41 23 
32 13 12 29 33 40 29 18 22 0 46 21 6 3 
1 40 16 21 29 42 20 25 33 49 0 16 46 19 
24 40 13 28 37 19 9 48 31 5 17 0 5 35 
38 5 49 49 49 48 18 11 27 29 11 9 0 13 
3 22 49 49 15 46 34 14 17 39 6 44 9 0 
2 0 48 5 21 36 49 16 45 4 15 26 34 1 
19 28 0 9 47 11 3 19 24 16 37 49 33 40 
22 22 21 0 22 17 44 6 40 47 21 6 6 44 
12 43 19 50 0 8 23 15 15 28 6 6 20 28 
3 26 35 36 11 0 7 39 46 28 45 24 33 49 
33 29 11 23 8 4 0 41 18 41 26 6 17 30 
27 18 26 45 17 16 3 0 39 41 30 6 11 10 
50 18 49 35 49 45 18 9 0 40 36 4 6 48 
3 29 11 12 50 30 19 32 31 0 21 20 33 29 
9 30 11 43 49 5 12 49 4 24 0 19 7 28 
11 50 21 37 32 22 40 19 14 25 28 0 29 31 
27 43 28 20 47 29 2 20 37 38 49 48 0 37 
49 44 49 49 6 42 6 23 19 19 11 44 39 0 
48 0 44 10 45 6 33 14 19 29 20 21 34 27 
40 5 0 8 24 13 23 39 46 23 46 21 15 20 
36 23 8 0 8 24 18 26 8 32 8 11 43 33 
16 34 19 21 0 25 28 15 29 3 1 16 45 7 
39 5 44 25 49 0 40 31 37 47 42 11 22 46 
4 9 19 9 47 47 0 32 31 7 6 28 3 22 
43 50 41 34 22 43 14 0 18 30 21 14 7 10 
21 12 46 20 43 8 49 29 0 24 7 10 44 4 
19 13 26 32 50 17 23 28 47 0 31 46 13 20 
19 9 29 25 38 5 3 38 27 20 0 35 37 14 
20 4 43 19 44 31 41 19 25 1 42 0 48 22 
47 35 33 24 32 50 8 24 39 41 1 49 0 19 
5 42 17 43 44 42 45 37 47 19 35 29 37 0 
15 0 23 2 45 8 38 28 17 8 19 5 3 38 
35 30 0 41 32 13 43 20 25 27 49 2 32 8 
1 3 35 0 1 16 48 46 46 36 35 23 45 33 
13 22 3 47 0 24 12 41 6 7 15 47 16 6 
43 9 12 39 25 0 50 13 1 38 25 32 8 3 
8 7 43 50 46 19 0 37 30 30 49 23 30 25 
40 42 3 44 39 39 35 0 10 6 38 34 47 11 
23 32 33 26 48 21 39 21 0 5 35 13 7 20 
29 29 26 13 11 40 10 50 10 0 22 49 44 37 
43 24 43 2 19 10 4 35 46 6 0 48 5 2 
2 41 5 36 8 40 37 19 11 6 34 0 44 28 
45 38 12 13 11 34 33 11 29 16 29 3 0 16 
3 4 35 33 24 29 9 9 38 19 45 25 14 0 
9 0 7 18 32 18 9 9 41 16 17 24 34 45 
14 22 0 41 24 26 26 33 42 38 34 35 29 33 
6 35 19 0 7 19 17 39 48 26 26 44 47 48 
20 45 25 38 0 38 11 50 30 15 37 19 15 44 
19 42 23 22 24 0 34 4 36 4 24 23 9 48 
7 46 48 39 47 48 0 27 28 7 39 17 50 46 
24 30 3 42 49 50 43 0 25 48 47 25 4 3 
11 43 13 16 22 3 29 40 0 4 4 33 26 40 
22 38 17 13 4 6 22 28 10 0 25 33 12 25 
23 17 23 10 49 23 35 45 38 35 0 16 41 18 
15 21 6 20 26 21 16 9 29 5 9 0 36 43 
20 33 25 1 19 30 4 47 30 12 17 45 0 6 
11 42 46 35 4 1 22 37 41 1 22 40 49 0 
12 0 47 17 45 13 15 25 6 3 3 21 37 16 
36 37 0 21 35 10 40 26 21 11 25 14 44 2 
9 14 7 0 29 32 3 11 20 18 8 31 36 50 
3 21 50 8 0 39 26 48 38 16 35 16 7 42 
33 15 29 2 23 0 3 1 11 7 11 50 24 22 
18 27 46 18 30 41 0 49 10 37 6 22 3 36 
38 46 14 44 29 42 23 0 40 20 46 42 17 35 
28 36 40 47 10 50 34 18 0 8 22 42 48 6 
25 8 33 47 10 8 49 38 16 0 5 47 13 32 
9 2 32 48 31 5 2 45 14 13 0 21 40 46 
22 20 19 31 25 23 46 24 17 15 8 0 24 37 
34 18 48 13 32 43 34 29 42 33 36 10 0 42 
38 46 11 11 46 12 7 15 37 30 20 35 31 0 
25 0 18 8 42 38 25 25 45 22 34 47 2 32 
28 7 0 18 31 37 33 21 33 36 50 13 7 19 
46 17 23 0 48 39 29 28 2 19 17 21 50 45 
12 35 48 17 0 13 14 9 14 34 1 47 6 43 
37 15 48 40 18 0 46 36 19 29 9 22 24 46 
19 25 31 10 40 48 0 31 43 21 36 36 19 38 
50 48 6 13 16 26 42 0 46 43 13 4 29 50 
25 15 26 34 27 26 43 17 0 46 35 34 25 12 
50 26 1 16 29 13 21 30 47 0 39 14 17 43 
47 32 1 27 12 27 31 41 23 17 0 17 38 10 
10 27 22 4 13 22 39 5 27 17 46 0 27 35 
42 9 20 29 26 13 18 34 30 12 17 20 0 23 
8 44 21 27 10 34 28 20 3 45 9 43 26 0 
