49
19
45 0 32 14 32 44 18 7 30 17 21 33 2 39 15 46 18 48 10 14 
42 34 0 19 38 22 40 38 48 47 2 14 19 22 27 34 32 19 39 44 
32 38 2 0 9 30 33 46 9 15 50 24 18 11 23 23 33 38 26 45 
43 42 6 20 0 11 28 3 2 11 26 5 34 27 30 4 29 26 41 26 
39 5 26 32 24 0 49 23 34 3 47 50 44 46 6 25 46 2 26 19 
42 31 28 31 35 34 0 10 16 47 39 7 44 47 43 13 37 40 17 11 
32 22 38 45 1 6 12 0 32 10 29 3 34 3 3 8 49 46 12 24 
42 48 15 33 26 45 47 3 0 4 1 33 19 35 29 42 45 47 5 37 
28 26 24 2 50 38 45 6 5 0 41 39 45 17 26 17 26 13 17 40 
12 50 4 4 8 32 27 11 18 5 0 11 9 12 45 10 35 49 18 47 
16 45 32 40 42 12 15 7 17 43 19 0 3 29 28 7 43 38 24 23 
16 21 23 28 27 1 44 33 28 1 8 42 0 19 9 17 2 46 31 10 
13 42 44 26 11 18 50 2 33 31 5 2 23 0 12 26 3 27 44 18 
5 39 48 29 38 6 9 2 1 45 13 27 12 12 0 28 11 31 23 46 
12 11 28 50 12 3 23 49 36 30 43 6 40 9 28 0 27 22 15 13 
6 20 3 16 50 7 20 5 43 41 45 1 46 31 32 32 0 8 27 40 
37 27 15 8 23 22 8 40 23 19 35 36 6 47 19 17 26 0 10 45 
29 43 43 48 31 8 41 30 47 26 9 27 21 50 32 29 36 42 0 12 
30 44 42 18 47 37 9 5 40 5 28 14 6 23 13 49 47 45 29 0 
35 0 50 33 43 11 14 15 42 14 37 25 18 33 26 15 30 2 38 25 
46 12 0 23 4 2 26 20 13 4 4 9 2 36 35 7 8 12 47 1 
31 5 33 0 45 46 19 16 37 46 39 41 44 12 11 22 49 18 12 47 
31 18 42 2 0 11 39 5 36 39 34 26 19 3 33 1 8 21 14 18 
28 36 37 39 25 0 24 13 11 48 41 14 36 40 46 16 17 34 40 3 
22 7 41 33 27 3 0 20 21 39 11 11 4 2 35 1 35 12 45 29 
17 28 49 28 8 45 26 0 49 36 23 38 17 17 18 18 43 11 37 3 
11 37 5 4 25 50 37 37 0 13 1 40 11 5 22 6 23 26 23 29 
34 39 1 5 35 48 1 44 45 0 36 34 43 40 48 9 35 43 13 24 
24 28 21 9 14 48 46 12 34 46 0 12 46 43 20 33 4 15 10 32 
21 7 24 7 43 1 29 9 1 14 46 0 38 14 11 3 49 1 13 31 
37 7 39 36 18 49 34 41 42 23 7 45 0 45 25 11 43 17 50 22 
28 8 35 40 46 49 38 8 48 36 40 22 32 0 41 35 24 26 32 22 
7 8 10 11 38 36 44 20 2 14 4 19 36 49 0 29 35 23 3 18 
44 37 31 42 36 6 2 2 25 4 11 2 35 11 46 0 44 15 19 47 
47 5 2 30 37 45 45 18 5 23 4 6 12 21 9 39 0 35 27 17 
24 6 37 34 20 17 41 12 19 8 41 6 15 17 27 6 13 0 42 8 
44 47 41 39 47 30 22 48 50 31 27 22 11 18 49 45 42 10 0 21 
32 14 46 33 27 10 14 17 40 40 35 15 46 47 28 33 20 33 18 0 
40 0 5 49 19 42 32 42 37 30 39 16 22 35 46 43 10 45 49 14 
15 30 0 34 13 33 8 15 16 32 26 34 35 29 12 25 20 17 34 45 
5 2 35 0 24 34 29 24 19 50 20 3 37 33 35 7 19 39 7 42 
16 12 28 16 0 11 11 47 4 38 10 11 27 27 27 50 45 12 30 6 
50 34 10 39 15 0 47 29 39 1 50 22 44 37 13 25 19 33 27 36 
25 13 38 26 36 10 0 40 43 27 11 34 41 45 39 33 8 8 7 23 
13 20 33 23 47 4 16 0 16 25 14 2 8 17 18 27 6 44 12 9 
24 30 26 4 2 28 18 10 0 28 5 5 6 17 12 11 15 17 43 40 
41 22 20 44 16 30 25 3 17 0 24 19 34 39 46 50 34 43 38 16 
31 46 30 45 39 12 20 9 36 47 0 7 3 10 13 5 22 37 4 37 
10 25 27 25 2 36 9 21 17 10 18 0 29 18 27 1 13 44 12 28 
32 33 46 22 40 7 10 21 9 22 34 25 0 13 30 7 28 42 4 21 
28 9 31 41 4 49 19 19 39 27 9 1 11 0 10 10 23 5 14 3 
38 19 42 16 50 50 33 35 5 49 12 49 10 9 0 23 34 19 2 42 
43 23 22 39 22 45 1 21 24 16 4 7 3 15 40 0 16 3 37 44 
31 42 22 14 14 20 28 28 50 42 38 26 41 22 14 22 0 30 17 31 
21 21 50 29 9 20 2 42 10 35 20 43 21 48 26 21 50 0 21 10 
8 19 44 18 1 29 36 40 13 36 40 43 10 50 23 17 23 32 0 13 
13 45 13 28 19 43 30 49 18 29 16 2 14 2 21 9 12 27 4 0 
50 0 1 23 30 39 7 20 43 11 44 48 32 3 40 38 8 15 45 41 
26 25 0 21 30 19 12 48 35 26 41 40 41 12 40 20 32 13 40 16 
24 22 49 0 1 20 6 21 47 13 12 26 44 7 15 22 2 30 30 21 
5 18 42 22 0 44 2 22 3 37 42 34 8 25 18 50 21 19 27 24 
1 25 49 15 35 0 23 50 47 34 27 40 38 41 3 43 36 48 33 50 
5 49 49 4 34 5 0 29 5 2 27 7 44 3 25 6 29 47 6 3 
7 50 45 5 39 26 47 0 5 44 5 33 33 2 39 20 23 25 2 21 
15 10 7 19 49 21 27 33 0 38 14 35 25 47 30 45 26 1 11 45 
11 28 38 1 35 50 19 45 6 0 6 34 2 31 27 26 42 43 1 32 
46 34 13 43 10 41 9 31 37 3 0 7 14 19 13 31 42 43 28 10 
23 19 31 27 21 28 5 12 5 48 21 0 39 3 26 20 16 11 49 36 
28 10 26 19 33 42 49 43 15 40 50 36 0 34 14 34 29 13 15 8 
42 16 5 30 5 34 16 14 5 38 50 47 21 0 44 8 50 50 47 50 
49 35 22 36 41 22 6 13 38 26 19 48 8 1 0 4 8 20 24 31 
22 36 17 29 45 5 15 43 30 42 26 14 35 32 13 0 17 23 20 31 
15 8 50 21 29 39 36 41 43 47 18 37 38 27 19 26 0 15 32 7 
28 32 26 29 26 21 12 12 34 16 45 34 31 38 40 9 23 0 23 15 
38 40 9 14 22 47 13 6 39 37 16 6 49 35 17 42 49 39 0 30 
24 1 18 27 3 25 48 14 37 49 48 18 47 4 50 45 18 19 18 0 
4 0 33 14 16 23 25 18 10 47 49 14 46 41 21 44 49 15 20 13 
7 39 0 25 33 26 7 41 20 20 3 49 41 50 23 32 35 47 11 35 
45 2 35 0 16 2 15 23 3 8 48 3 5 35 25 5 13 29 30 50 
38 9 33 6 0 48 8 48 8 15 24 10 36 47 39 31 26 11 23 24 
23 18 3 5 34 0 23 18 48 14 16 46 11 3 5 48 23 26 13 47 
37 8 4 8 9 30 0 48 12 7 17 5 50 44 41 6 8 32 35 5 
50 33 31 10 34 42 20 0 13 7 31 50 17 5 13 15 37 16 20 11 
45 25 36 12 12 32 10 17 0 2 21 48 48 16 38 22 13 14 6 49 
20 16 39 17 42 31 7 50 1 0 37 30 5 40 38 21 41 30 14 22 
20 28 25 26 19 43 10 34 34 29 0 33 50 1 31 18 50 46 6 9 
44 31 5 32 10 31 23 16 8 11 45 0 47 42 49 42 36 21 46 40 
21 24 32 48 23 22 18 37 29 24 23 39 0 25 35 22 21 41 16 47 
16 46 46 27 3 24 40 32 41 2 9 45 47 0 5 6 36 35 13 34 
32 11 42 44 44 43 35 22 20 13 21 29 2 21 0 25 30 45 25 47 
30 25 34 40 27 36 21 29 26 34 19 50 37 9 8 0 34 36 24 2 
2 35 18 2 20 20 21 23 8 24 23 25 12 11 38 33 0 9 48 22 
16 9 24 14 10 39 2 14 34 21 44 38 39 7 43 24 13 0 13 24 
15 20 7 14 13 5 3 9 8 39 49 26 49 36 15 8 44 28 0 21 
9 13 18 7 37 2 15 37 35 19 19 38 26 20 36 34 2 10 45 0 
12 0 9 7 31 44 25 35 46 45 3 24 50 50 46 42 5 12 47 14 
20 13 0 49 19 19 41 39 2 24 7 13 3 13 49 50 17 12 2 32 
25 32 3 0 7 20 35 11 19 20 42 35 15 25 37 39 41 33 13 41 
39 41 5 24 0 12 39 32 1 12 1 50 29 30 4 30 23 33 18 7 
30 35 8 22 20 0 10 40 42 39 16 25 9 17 5 22 14 42 20 8 
41 18 38 35 50 19 0 20 14 5 12 46 14 6 23 26 34 7 31 19 
36 14 23 48 44 35 37 0 43 33 25 9 40 38 4 25 27 40 43 1 
9 4 50 47 35 30 43 2 0 19 36 42 21 16 33 24 34 45 19 20 
44 50 13 26 37 39 47 23 9 0 11 32 47 37 42 6 23 16 37 18 
38 19 1 33 19 8 42 4 43 7 0 15 20 31 9 20 49 1 47 28 
13 8 39 8 35 41 37 40 5 30 10 0 11 8 48 27 31 2 43 17 
44 19 45 36 4 16 45 42 2 38 18 43 0 6 26 39 24 11 50 12 
17 42 32 18 38 24 34 47 7 23 4 29 19 0 6 34 3 9 18 22 
35 42 41 50 36 3 37 38 4 35 20 25 16 31 0 41 27 25 13 1 
8 12 20 20 38 19 48 9 50 37 22 24 30 6 39 0 15 20 26 43 
47 16 1 37 30 12 37 48 38 49 28 30 9 41 8 11 0 11 15 23 
3 31 38 44 38 1 33 12 41 19 28 16 22 1 33 16 36 0 7 26 
41 9 2 22 11 10 22 8 14 33 22 45 29 1 47 24 12 10 0 22 
14 36 48 50 47 29 11 34 7 29 27 26 23 5 36 25 15 2 10 0 
28 0 34 16 44 20 29 19 25 50 16 25 27 22 7 14 43 40 43 9 
5 43 0 50 27 16 29 37 8 50 40 43 26 33 23 2 33 39 48 42 
29 21 28 0 5 12 19 33 2 5 20 9 12 46 32 7 47 18 28 8 
1 16 33 21 0 20 35 7 40 43 5 20 24 26 45 48 15 38 27 38 
39 9 34 27 33 0 39 41 28 47 44 26 26 35 5 32 48 27 47 1 
9 20 5 29 40 48 0 36 46 34 18 49 18 19 21 30 40 49 18 40 
50 32 30 8 10 47 17 0 30 36 20 45 48 22 19 38 19 19 34 31 
44 29 48 44 7 11 49 26 0 8 6 5 16 33 31 37 47 19 30 13 
46 32 24 19 50 26 40 20 27 0 50 32 3 12 6 19 24 11 3 38 
23 47 11 21 10 24 31 5 12 18 0 35 22 19 39 6 39 49 21 11 
48 19 18 42 23 27 26 4 44 10 15 0 7 27 44 31 7 17 35 11 
14 45 20 22 28 3 42 28 14 14 6 17 0 20 3 50 6 20 5 6 
39 45 34 21 38 45 48 11 9 29 38 33 40 0 4 39 7 17 29 48 
41 39 31 49 13 41 38 43 46 4 27 38 12 2 0 11 47 17 31 25 
32 27 31 42 34 49 26 31 17 13 31 47 34 28 23 0 15 17 8 46 
21 31 1 3 2 7 32 41 27 31 29 8 22 27 43 47 0 22 11 48 
48 50 37 10 21 30 15 8 44 11 40 38 45 40 21 10 44 0 32 25 
29 35 2 9 50 1 39 6 9 20 42 32 1 5 20 10 46 35 0 22 
30 23 38 50 39 31 37 44 35 19 2 18 49 15 47 32 13 47 42 0 
38 0 9 33 25 6 38 3 29 39 33 25 30 26 26 23 2 3 42 36 
14 28 0 13 8 5 38 8 3 43 17 4 23 7 14 4 47 13 48 48 
32 12 36 0 2 49 11 10 39 26 42 26 14 45 41 28 33 15 25 2 
29 37 48 36 0 10 13 35 10 19 17 22 29 11 4 5 10 24 28 26 
15 47 45 49 32 0 11 17 3 9 33 30 32 40 23 11 20 12 34 26 
27 40 14 1 42 23 0 5 14 16 10 41 32 4 5 39 10 6 34 38 
16 25 43 10 26 28 39 0 35 32 7 1 35 43 26 49 2 37 2 47 
4 27 28 48 2 44 18 2 0 27 27 2 13 6 37 24 19 1 34 30 
38 24 3 38 24 7 15 26 48 0 6 6 3 2 9 10 30 12 39 28 
41 17 8 26 13 9 30 45 46 49 0 20 8 48 19 7 15 23 1 39 
4 41 38 19 21 46 22 24 50 5 47 0 7 12 30 24 43 14 30 48 
41 30 44 13 20 27 29 49 8 35 46 44 0 37 29 23 36 38 4 48 
38 31 42 35 30 40 50 42 9 29 25 27 43 0 35 26 11 10 11 28 
18 42 43 48 14 40 5 11 10 29 39 45 36 39 0 16 42 18 50 45 
14 24 21 36 20 21 34 9 3 10 12 19 14 25 10 0 37 7 46 33 
28 46 26 30 40 14 20 34 39 38 28 43 9 11 15 47 0 5 47 6 
23 28 30 32 3 2 49 11 26 20 27 3 9 47 35 22 50 0 39 45 
32 23 1 37 46 21 25 17 4 8 49 29 6 40 2 24 6 49 0 15 
23 28 41 4 44 15 12 36 19 47 24 39 16 8 11 16 34 22 42 0 
34 0 11 28 35 46 3 28 42 22 13 8 23 30 24 36 16 17 41 20 
8 22 0 34 36 7 20 30 19 34 21 45 24 18 3 14 15 4 45 43 
46 1 17 0 24 41 23 11 25 44 16 30 42 45 26 14 14 20 1 25 
22 16 16 35 0 44 22 27 40 41 20 17 9 32 22 24 45 20 42 49 
43 14 46 45 37 0 3 4 29 1 48 5 39 44 15 30 24 28 30 17 
23 3 15 33 21 5 0 28 7 49 21 21 32 45 23 22 8 11 26 21 
30 32 41 43 26 42 36 0 32 23 45 3 48 46 15 3 20 47 29 31 
26 41 9 47 6 8 31 17 0 10 17 23 8 19 49 8 1 35 32 10 
39 42 35 24 6 13 47 24 25 0 17 42 4 26 30 30 1 31 22 36 
36 36 46 25 27 15 1 38 34 50 0 39 15 19 38 37 40 40 41 17 
4 34 10 34 6 1 19 14 47 28 39 0 49 28 29 50 47 24 44 17 
9 9 6 26 13 25 37 2 24 16 39 40 0 41 10 14 18 2 26 2 
41 24 8 2 4 10 45 2 12 36 19 41 14 0 47 23 32 9 49 9 
47 10 19 50 45 48 9 39 49 39 14 12 49 21 0 22 3 43 1 7 
2 16 19 24 26 16 5 25 26 44 18 28 6 20 44 0 30 43 22 25 
13 5 46 22 47 13 48 25 21 20 42 44 31 32 2 47 0 43 28 37 
44 34 40 23 33 45 31 12 9 42 6 42 30 31 19 38 3 0 7 45 
23 11 28 41 35 5 35 50 38 47 5 24 1 2 6 29 41 24 0 32 
13 27 16 2 40 34 16 29 12 13 13 44 49 40 49 6 27 17 44 0 
6 0 18 49 46 44 15 5 18 5 41 25 3 28 15 22 45 19 7 9 
39 8 0 20 27 23 37 26 4 7 35 3 46 30 13 48 18 14 14 31 
23 38 36 0 17 11 39 38 11 35 29 27 46 30 49 18 28 37 36 42 
26 9 18 12 0 49 34 3 45 45 41 31 47 8 31 38 35 22 4 42 
10 39 36 27 41 0 25 30 39 23 48 12 35 12 33 23 39 23 5 26 
37 33 8 44 43 21 0 5 32 19 16 43 14 46 25 46 27 3 41 33 
28 37 19 45 31 48 34 0 6 19 15 36 43 16 31 46 17 9 2 45 
43 6 37 44 11 24 31 34 0 16 10 17 6 20 48 41 28 40 18 39 
28 47 10 16 36 17 33 23 27 0 34 50 9 37 26 9 48 27 42 44 
9 21 50 15 18 46 3 10 17 45 0 25 4 7 49 21 24 49 34 41 
1 27 28 1 4 50 17 2 30 31 11 0 50 14 37 47 10 18 28 33 
43 20 34 8 17 29 3 31 44 10 17 2 0 10 15 36 41 17 32 21 
47 15 1 44 24 30 6 45 11 18 11 40 4 0 47 16 42 21 18 20 
12 23 2 20 23 42 14 29 1 36 28 46 31 28 0 47 32 19 42 26 
11 28 11 34 42 13 33 21 14 6 45 24 16 24 47 0 21 48 45 45 
29 2 10 1 5 10 34 22 31 12 7 15 48 50 46 8 0 43 2 40 
10 7 40 22 50 24 7 13 13 23 34 8 50 37 24 14 24 0 1 27 
6 24 9 41 3 10 8 41 47 24 20 16 5 20 8 36 39 39 0 31 
10 28 49 48 21 50 47 4 7 28 25 37 22 8 16 46 16 2 16 0 
38 0 12 43 33 10 39 43 7 30 39 42 2 35 26 44 41 50 8 27 
38 42 0 7 7 1 14 23 38 49 9 39 24 43 34 23 1 20 17 46 
39 9 28 0 43 17 15 15 27 40 12 29 17 16 39 40 14 25 31 6 
43 20 38 2 0 45 49 41 16 50 18 13 25 24 24 5 19 19 11 49 
41 42 36 37 33 0 27 21 42 24 35 4 20 49 21 15 25 27 1 7 
34 45 26 50 16 9 0 28 37 5 44 12 21 21 4 26 41 15 8 33 
5 26 24 7 18 32 47 0 49 14 5 10 50 29 19 12 28 5 15 42 
21 29 6 40 16 49 12 15 0 33 17 24 30 50 18 45 47 32 10 38 
9 19 19 11 14 33 46 44 34 0 2 9 26 21 27 23 37 4 49 36 
8 9 6 17 15 32 41 25 10 33 0 35 22 31 18 18 7 24 2 19 
43 8 21 5 29 13 24 41 3 4 28 0 31 41 48 46 2 29 3 2 
5 29 23 8 36 12 50 31 29 9 4 20 0 49 36 36 7 29 37 5 
27 5 41 41 39 22 32 2 44 25 36 16 39 0 4 22 48 40 20 50 
36 43 30 33 46 33 49 34 30 46 6 41 17 15 0 25 26 48 15 39 
35 37 4 11 6 6 43 43 16 17 27 38 46 38 30 0 2 12 48 22 
45 9 41 39 3 7 39 35 19 1 14 28 25 33 2 36 0 14 32 33 
25 28 3 41 33 18 3 8 10 4 38 14 13 29 26 21 31 0 44 48 
2 5 18 21 25 42 3 39 3 6 45 2 16 20 30 23 45 42 0 19 
8 22 50 49 29 31 31 38 1 50 49 13 22 42 16 31 28 8 7 0 
29 0 49 31 29 1 3 16 2 22 45 34 7 32 30 13 36 27 3 6 
39 40 0 44 5 2 40 4 43 24 10 50 40 2 16 38 13 20 28 43 
49 47 14 0 29 10 44 18 43 17 34 10 6 40 29 23 19 17 35 45 
30 40 48 10 0 42 43 22 5 32 41 44 17 43 9 34 4 10 26 11 
35 11 34 47 37 0 10 15 4 11 11 30 48 22 29 25 49 4 2 37 
22 37 38 39 37 3 0 24 17 17 48 6 25 13 44 6 50 34 46 43 
11 50 28 39 12 45 2 0 44 23 38 18 11 31 3 23 4 25 48 23 
48 44 14 44 48 7 5 37 0 17 4 16 29 42 3 11 42 38 45 49 
27 45 35 10 2 29 49 37 26 0 23 41 41 32 3 12 48 49 47 7 
30 32 7 9 36 40 7 10 27 8 0 21 11 36 10 26 22 28 13 35 
13 15 49 21 30 14 27 14 35 27 30 0 5 12 46 31 15 17 20 37 
50 20 45 20 23 29 5 13 6 32 6 31 0 35 36 15 34 43 31 12 
27 45 9 27 22 33 48 3 10 16 5 45 10 0 2 42 14 16 18 45 
27 42 25 2 22 32 30 46 46 20 48 12 39 35 0 6 43 42 41 43 
24 38 26 26 46 47 1 37 47 30 43 23 49 16 48 0 5 21 3 44 
38 45 43 37 3 34 12 4 17 11 5 10 50 23 24 45 0 8 2 16 
29 5 21 46 33 17 3 48 49 46 41 30 36 41 49 3 48 0 31 1 
23 43 34 43 35 27 43 21 44 50 26 22 41 3 5 24 40 18 0 50 
10 20 50 37 14 8 26 31 20 19 2 20 26 15 7 29 24 45 12 0 
37 0 19 41 47 10 48 24 25 50 28 31 18 10 36 49 21 31 24 6 
21 35 0 9 47 24 2 42 31 50 7 34 25 31 29 28 31 32 19 24 
41 40 40 0 34 26 4 39 1 43 35 28 44 27 6 18 25 27 29 23 
18 46 18 18 0 25 18 17 3 1 40 32 5 18 2 8 33 17 32 2 
33 43 35 1 50 0 46 22 14 8 19 13 5 1 3 9 2 29 24 22 
16 16 10 1 39 12 0 11 30 11 42 19 24 1 43 25 47 30 33 45 
18 22 3 5 9 34 38 0 36 31 3 9 1 30 9 46 17 37 23 43 
47 40 40 16 12 23 40 46 0 13 12 27 7 29 19 34 7 1 13 12 
2 17 2 27 30 28 3 41 40 0 15 6 27 39 24 38 37 6 29 6 
42 32 20 39 26 24 5 46 30 33 0 46 3 45 4 26 21 26 46 13 
10 39 10 32 50 32 7 35 38 33 42 0 33 29 29 45 22 30 33 29 
27 3 25 33 23 9 45 13 12 24 14 4 0 13 41 43 19 18 33 50 
20 7 19 40 18 13 39 1 17 25 1 32 46 0 38 47 20 11 36 7 
37 24 6 19 46 12 25 30 29 42 37 10 27 40 0 31 14 22 8 14 
8 20 34 9 28 39 11 42 18 16 16 22 32 34 12 0 46 26 14 39 
24 28 43 34 10 9 31 15 24 43 16 25 25 13 48 29 0 37 3 16 
29 31 35 21 8 15 14 21 6 27 16 45 5 50 34 34 37 0 15 37 
25 50 48 24 37 50 3 41 41 9 34 6 25 43 10 36 9 40 0 7 
36 19 47 39 25 38 9 49 11 26 42 30 12 14 1 29 17 32 7 0 
48 0 22 5 25 23 12 22 22 41 2 45 15 26 44 30 30 18 28 11 
23 36 0 29 1 42 16 50 30 23 42 25 14 44 5 2 42 36 31 45 
25 28 4 0 17 19 47 17 12 17 36 32 35 33 2 6 9 21 20 21 
13 9 24 32 0 49 30 17 38 1 10 24 2 45 49 24 4 34 19 20 
11 5 26 5 33 0 45 41 8 42 13 39 46 32 23 15 18 36 1 47 
6 37 3 9 16 2 0 44 34 38 36 10 49 22 41 2 10 17 38 5 
41 37 8 23 25 26 13 0 15 42 30 30 31 38 3 38 14 33 9 46 
11 3 40 12 4 22 32 15 0 17 5 31 14 49 31 32 11 10 48 15 
28 33 3 38 2 5 8 6 22 0 46 35 28 19 2 21 27 2 2 26 
5 1 43 12 47 10 12 16 32 50 0 7 43 29 16 19 31 14 9 16 
38 7 46 16 11 19 32 28 12 13 29 0 4 30 9 35 44 14 35 22 
6 28 41 40 27 7 15 4 7 13 1 21 0 7 19 36 15 19 9 36 
33 44 15 33 50 3 3 46 28 34 44 22 5 0 47 42 3 38 47 18 
20 10 46 15 26 16 12 43 22 36 44 45 17 36 0 29 2 28 41 46 
42 37 24 11 38 21 13 41 47 24 16 16 48 18 1 0 39 26 37 29 
40 17 38 11 32 11 34 39 28 37 26 45 14 13 42 5 0 32 47 50 
9 45 14 25 16 19 7 20 47 27 16 48 4 15 50 2 29 0 4 27 
43 1 5 32 35 5 21 29 2 4 6 14 20 43 27 29 35 26 0 43 
23 42 25 41 38 12 13 40 23 30 15 11 14 2 6 5 49 4 13 0 
29 0 21 46 40 6 17 41 14 47 6 28 37 16 26 37 32 35 18 10 
18 21 0 23 16 48 50 37 43 43 12 15 38 28 25 23 48 23 28 2 
20 24 48 0 49 16 35 46 44 50 36 27 20 21 37 40 37 42 7 6 
48 41 19 25 0 48 2 33 18 50 12 44 29 15 5 34 49 37 21 23 
7 32 3 6 38 0 7 17 42 44 2 39 38 31 42 18 30 11 1 50 
50 47 34 18 46 32 0 7 8 13 16 38 39 4 17 20 50 25 45 36 
32 18 31 11 39 16 12 0 25 14 38 48 25 23 48 37 21 26 24 15 
8 25 32 50 4 26 7 13 0 36 21 11 42 43 35 26 20 32 19 37 
45 2 34 8 44 20 15 42 15 0 42 17 47 44 27 11 38 11 50 18 
28 35 33 4 27 4 3 46 5 40 0 47 28 6 2 40 29 13 24 18 
39 31 39 34 42 22 19 25 17 16 33 0 48 15 20 15 42 2 13 49 
7 4 41 25 11 3 19 14 12 46 5 48 0 48 15 44 12 38 39 1 
41 32 9 30 37 31 22 43 33 8 42 10 38 0 17 15 17 14 48 6 
29 32 24 8 8 29 13 18 36 33 21 9 27 4 0 2 22 17 49 25 
4 45 40 11 36 7 20 36 17 32 33 48 31 14 32 0 10 19 18 25 
1 1 25 13 37 10 12 50 15 6 37 45 48 19 39 45 0 12 40 21 
38 2 38 43 47 37 3 35 40 45 45 44 33 5 43 49 25 0 30 33 
4 1 25 7 6 31 30 37 36 30 43 20 21 21 49 31 23 13 0 8 
29 26 34 25 22 5 21 12 4 41 6 20 15 15 30 37 21 13 45 0 
33 0 13 17 1 18 6 48 26 25 24 35 25 20 37 17 2 7 20 27 
3 3 0 36 19 27 47 31 10 29 5 41 35 28 18 28 30 45 13 26 
17 20 24 0 30 46 39 20 17 36 34 48 14 24 17 45 11 43 48 45 
41 5 38 46 0 20 21 35 39 7 7 43 7 22 39 32 4 7 29 24 
40 30 8 30 45 0 27 31 42 18 18 34 7 36 33 1 22 22 30 25 
5 9 12 50 13 10 0 44 28 26 25 42 14 38 32 20 8 15 34 25 
43 19 39 30 17 22 23 0 1 7 24 22 18 10 24 33 25 15 29 30 
45 20 2 49 6 17 26 4 0 47 26 16 26 37 39 47 37 6 16 30 
45 29 40 10 37 4 4 8 32 0 40 6 7 6 30 35 39 5 41 21 
33 14 42 18 27 25 41 49 36 29 0 14 37 27 9 36 34 2 6 11 
16 45 2 9 44 15 42 19 11 46 2 0 1 43 47 36 33 16 4 12 
13 35 46 6 19 30 19 3 29 48 20 46 0 34 33 45 26 26 32 5 
48 4 36 6 30 3 34 29 22 41 42 27 20 0 31 40 43 26 20 40 
33 30 25 12 13 22 42 50 19 18 48 21 11 2 0 12 6 9 28 30 
16 3 36 2 48 13 37 22 1 16 44 41 19 6 36 0 49 25 24 42 
23 35 39 3 15 11 24 20 32 25 8 26 32 16 47 4 0 37 48 29 
27 50 27 50 42 35 26 27 30 16 25 4 37 33 17 5 46 0 28 50 
22 41 25 43 5 48 43 41 12 25 23 2 50 2 47 47 43 47 0 35 
48 19 40 34 44 5 8 22 22 44 15 12 1 27 37 27 39 3 7 0 
22 0 3 49 45 14 3 7 14 25 2 41 36 25 8 11 30 32 32 7 
32 38 0 48 26 22 48 47 14 22 25 13 26 9 45 36 26 33 49 25 
26 32 37 0 41 33 20 32 8 41 4 41 48 6 45 33 22 20 24 27 
28 48 17 39 0 36 40 13 27 33 42 39 33 29 31 8 7 25 45 48 
15 7 41 40 7 0 11 32 28 8 32 26 23 17 2 6 22 27 9 44 
2 2 21 43 49 16 0 3 22 13 17 48 38 9 28 22 10 21 38 8 
11 28 4 12 6 46 7 0 19 22 31 23 10 31 48 31 43 46 45 15 
42 24 5 39 20 11 10 44 0 18 46 45 43 36 34 20 49 17 48 40 
15 47 43 48 31 41 40 7 18 0 41 28 35 27 15 6 47 35 7 39 
35 1 46 3 39 23 28 39 38 27 0 12 50 15 45 6 30 18 49 27 
25 48 30 5 42 4 40 12 19 28 30 0 37 36 43 28 14 40 19 45 
4 25 3 3 3 31 7 41 14 40 21 35 0 39 48 8 33 41 5 47 
5 50 49 12 9 11 8 40 27 8 38 32 17 0 11 23 46 3 22 46 
28 25 36 13 27 22 49 43 41 40 28 11 37 9 0 43 15 45 5 13 
45 42 45 41 30 34 27 9 4 25 16 3 5 11 46 0 27 23 19 38 
23 41 11 19 17 1 49 48 1 23 24 47 29 41 41 27 0 4 34 34 
6 29 50 14 45 19 26 38 23 50 41 32 21 47 8 33 23 0 35 24 
28 40 32 37 26 36 30 28 38 12 15 35 43 44 39 13 9 23 0 28 
16 50 42 14 26 48 11 41 4 1 21 9 18 43 30 6 45 25 43 0 
25 0 28 16 41 38 26 9 16 49 39 33 34 50 10 46 20 25 37 27 
6 39 0 16 45 27 28 18 3 47 42 13 39 45 39 17 49 50 1 9 
5 38 18 0 33 12 3 22 17 21 50 23 24 6 19 19 19 4 10 33 
40 13 20 24 0 12 24 36 50 38 45 34 12 46 20 16 33 39 39 7 
4 43 5 11 47 0 4 25 19 8 20 27 21 14 39 18 11 47 35 15 
6 10 27 3 34 23 0 38 38 28 4 40 37 30 30 48 6 40 35 2 
24 20 38 5 28 30 12 0 24 21 23 29 9 20 49 24 34 48 28 40 
21 39 10 16 48 16 19 34 0 47 42 16 33 28 27 45 12 45 19 5 
49 24 22 49 18 16 49 46 21 0 39 7 47 1 29 1 14 14 15 5 
41 40 10 47 16 33 5 40 2 32 0 25 38 29 16 43 29 17 50 40 
42 1 49 20 49 46 41 45 16 5 27 0 14 32 47 41 28 15 39 28 
7 16 14 26 48 14 46 2 28 32 8 50 0 35 15 24 23 4 42 21 
12 1 26 38 39 36 25 19 44 41 39 38 28 0 41 40 43 25 28 26 
1 6 3 45 13 14 9 5 43 49 9 25 37 36 0 45 27 27 32 28 
25 40 24 46 2 12 39 44 30 10 45 22 50 45 29 0 42 15 10 7 
13 25 31 32 32 20 36 16 2 2 34 14 14 12 47 3 0 36 28 11 
1 34 25 20 29 45 49 27 9 30 9 45 31 18 20 20 4 0 45 9 
42 26 17 46 38 43 47 46 32 11 3 42 43 14 4 9 24 39 0 5 
3 37 34 44 27 37 43 7 3 46 44 43 43 9 28 36 36 35 39 0 
37 0 28 32 50 17 16 7 38 16 31 28 10 47 31 50 43 22 9 33 
41 10 0 45 36 44 50 39 19 10 34 16 29 18 25 36 2 27 21 38 
17 28 21 0 49 28 27 26 37 47 12 44 17 7 27 4 45 29 42 43 
39 50 29 48 0 47 5 1 3 10 36 12 30 23 23 35 43 6 20 12 
18 10 19 14 42 0 8 17 18 10 2 14 31 7 10 35 33 39 39 30 
24 44 28 25 16 2 0 35 33 21 45 22 35 49 25 18 25 34 20 37 
37 40 30 38 42 1 46 0 5 6 20 39 40 46 4 26 46 18 41 35 
4 12 7 26 46 24 38 18 0 16 6 39 36 2 13 2 3 41 44 7 
37 24 20 47 30 13 33 5 27 0 31 24 29 1 35 49 17 25 30 15 
35 15 4 33 31 50 17 34 38 28 0 45 2 35 2 12 5 12 34 16 
28 13 14 19 12 37 43 28 39 2 3 0 47 28 23 27 10 42 33 41 
39 48 14 30 46 27 33 29 39 27 39 31 0 37 33 10 3 2 22 46 
43 46 39 22 29 33 35 31 17 30 9 43 20 0 22 21 45 18 14 34 
18 42 30 9 4 1 50 22 16 14 18 21 25 39 0 46 40 45 1 26 
35 47 11 47 16 50 30 34 19 9 17 38 42 39 19 0 4 4 14 38 
36 21 30 12 19 18 50 10 35 5 25 33 26 45 42 30 0 37 7 46 
14 9 24 17 31 14 50 26 26 32 6 35 43 27 8 16 6 0 6 36 
43 29 17 41 46 30 45 26 42 44 50 10 32 47 8 50 30 12 0 4 
49 49 20 42 24 28 29 20 32 6 19 29 37 24 2 15 17 48 19 0 
29 0 38 36 38 8 33 26 23 24 39 35 27 28 5 2 7 38 24 38 
44 13 0 17 11 14 20 24 15 14 36 31 33 41 3 11 33 17 13 11 
12 10 48 0 6 5 32 48 30 41 25 36 18 14 41 30 5 6 12 27 
23 18 35 18 0 13 38 44 7 44 25 17 22 35 44 27 13 29 46 8 
13 30 17 41 33 0 41 28 18 18 42 12 48 6 22 40 41 44 27 42 
35 18 12 25 4 5 0 24 4 1 24 38 29 1 9 49 50 48 7 28 
3 27 36 20 26 16 33 0 28 12 50 46 4 34 37 37 12 40 2 5 
13 36 9 38 27 45 30 13 0 11 39 7 23 43 34 16 24 15 49 49 
36 10 21 28 13 4 6 20 4 0 43 14 48 10 49 44 44 42 44 40 
10 26 47 3 22 39 6 28 4 20 0 18 13 23 13 42 16 45 43 9 
47 34 21 25 27 20 48 42 48 25 49 0 40 25 31 25 40 24 40 8 
50 40 8 26 3 50 36 31 42 35 18 33 0 49 2 33 48 7 39 1 
20 33 25 47 8 4 5 30 44 32 48 24 19 0 27 38 43 20 40 8 
19 25 41 40 6 8 30 42 50 39 42 33 19 2 0 23 20 25 25 43 
50 23 49 21 43 49 45 12 50 7 12 9 14 9 49 0 21 26 30 44 
19 39 29 12 5 42 2 50 29 22 46 7 13 19 27 40 0 35 20 5 
48 41 12 47 31 36 39 30 29 25 20 32 48 41 32 6 5 0 22 11 
45 29 42 50 16 40 5 50 50 41 37 19 15 1 21 33 3 8 0 43 
49 27 17 13 23 25 10 41 48 17 31 13 23 19 25 26 27 7 42 0 
46 0 7 26 36 39 39 43 7 6 31 28 9 30 49 12 23 35 28 17 
19 26 0 7 50 7 34 19 29 15 50 40 26 45 26 12 13 36 23 42 
28 24 31 0 18 4 11 21 9 2 15 11 47 40 48 10 38 17 39 8 
20 3 20 11 0 29 8 16 6 33 33 19 37 26 1 44 1 44 39 8 
4 40 37 25 18 0 15 4 4 1 28 35 39 45 24 29 4 39 8 13 
2 10 38 5 38 27 0 34 29 35 46 47 48 17 49 9 36 19 33 28 
3 47 25 5 16 29 48 0 44 24 13 48 47 5 43 31 37 48 16 35 
49 49 34 36 19 8 4 31 0 19 41 37 38 11 21 12 6 16 28 6 
23 27 41 34 11 16 38 49 42 0 5 36 12 11 20 34 35 30 19 11 
7 48 12 48 30 3 37 25 38 27 0 44 37 15 10 43 44 8 9 16 
24 21 32 9 13 26 33 29 26 18 27 0 37 33 37 6 21 8 12 29 
11 31 24 41 50 23 49 19 21 3 18 27 0 26 27 14 46 41 25 39 
50 23 47 25 12 7 11 41 12 50 10 39 36 0 32 30 48 36 1 30 
32 36 14 8 12 27 8 42 1 10 19 42 15 47 0 19 12 6 15 7 
12 35 40 33 38 19 12 14 33 45 47 29 29 45 12 0 44 4 36 16 
35 48 4 16 10 31 43 9 46 43 17 21 24 34 30 39 0 46 43 4 
27 40 1 14 25 47 5 32 40 48 4 3 16 27 40 30 9 0 9 19 
30 3 45 10 17 22 17 25 23 46 50 7 17 2 50 10 27 34 0 35 
29 20 6 50 4 11 42 40 1 45 34 4 21 31 27 13 1 32 30 0 
35 0 43 9 22 32 36 40 41 38 2 16 17 14 47 25 30 50 25 4 
41 50 0 25 32 16 31 40 43 30 27 40 39 50 28 48 50 43 21 49 
24 14 15 0 21 5 38 36 28 21 8 47 1 28 39 48 41 31 11 11 
43 41 43 43 0 10 15 48 13 17 39 16 47 32 9 1 1 40 27 29 
20 44 31 4 19 0 36 33 26 13 50 3 37 18 40 32 28 8 32 22 
5 6 8 26 19 40 0 5 11 15 43 27 39 8 15 2 41 18 13 38 
24 8 27 39 35 13 15 0 2 49 8 1 32 44 20 19 22 23 13 19 
12 14 15 26 19 34 37 12 0 45 23 17 49 15 16 21 8 15 28 17 
23 13 5 38 7 3 15 11 34 0 20 39 44 29 29 49 1 24 10 32 
9 6 49 2 20 30 32 9 36 16 0 23 12 5 44 6 40 7 7 27 
8 23 5 23 3 43 6 29 38 21 16 0 15 47 49 33 20 12 24 11 
36 9 25 44 29 45 11 9 35 50 23 39 0 43 45 48 2 10 5 33 
47 9 14 1 45 39 20 2 27 13 23 25 45 0 16 46 22 19 34 29 
26 28 43 35 22 29 16 33 24 21 50 47 23 15 0 29 28 2 22 8 
31 6 9 44 35 46 12 26 28 23 47 23 30 19 32 0 30 6 5 25 
43 22 29 7 46 32 28 16 50 10 16 39 44 1 11 4 0 23 17 35 
8 40 10 4 38 10 28 48 20 29 42 36 24 24 28 30 36 0 2 50 
14 13 8 30 13 17 13 35 3 23 19 16 9 13 22 47 36 33 0 19 
42 47 19 34 8 37 9 24 43 15 17 21 25 2 24 4 22 1 10 0 
48 0 38 26 26 25 26 2 14 33 24 3 28 43 48 17 11 3 45 30 
1 43 0 4 43 20 20 37 2 44 14 35 10 50 46 26 35 32 16 22 
45 8 6 0 24 26 1 40 38 25 24 9 42 22 9 43 1 18 45 45 
6 7 39 24 0 8 1 48 15 4 32 17 13 36 45 32 1 22 45 20 
28 43 30 32 13 0 28 36 23 14 1 7 46 8 41 37 10 16 6 35 
49 23 29 37 37 7 0 8 11 23 47 41 9 22 6 49 17 3 27 25 
26 46 22 28 35 14 47 0 36 9 23 49 35 16 45 38 47 47 50 7 
43 26 5 18 13 26 24 42 0 35 40 10 24 35 34 42 30 39 27 45 
45 23 40 21 49 39 25 13 25 0 14 35 10 2 18 47 34 49 22 29 
10 3 11 23 13 47 50 50 14 1 0 25 15 49 20 2 6 35 3 6 
7 29 39 14 49 29 1 30 8 6 39 0 1 43 9 10 18 43 34 1 
28 25 50 39 11 12 50 50 36 41 1 13 0 13 31 44 16 50 21 39 
12 45 12 17 42 44 25 1 33 7 40 3 9 0 22 34 25 31 7 41 
28 3 50 30 15 40 8 44 27 21 50 44 10 47 0 5 22 7 17 9 
8 46 37 11 18 43 47 38 42 41 29 6 13 9 10 0 44 37 13 16 
48 27 35 1 49 31 33 13 30 6 5 1 28 9 23 50 0 46 42 42 
32 37 19 3 16 3 49 15 38 36 1 4 18 9 41 20 32 0 23 45 
38 31 36 31 17 32 37 41 1 47 40 9 15 3 45 32 29 29 0 24 
19 48 50 16 46 28 30 3 37 42 37 40 41 27 1 4 11 47 7 0 
3 0 21 29 13 49 19 48 27 36 2 24 28 13 41 8 4 48 38 16 
40 3 0 37 30 50 50 14 8 50 33 14 49 35 36 23 26 4 41 36 
2 48 49 0 2 45 2 14 15 25 49 33 23 4 16 46 7 4 17 42 
30 14 35 12 0 48 45 22 3 40 43 40 16 5 14 12 37 18 42 2 
43 28 36 36 39 0 9 17 10 11 33 39 29 20 10 12 11 23 17 37 
1 8 23 49 25 22 0 36 34 29 9 42 30 28 16 3 24 15 44 29 
47 3 31 35 12 21 1 0 14 21 6 43 4 40 20 32 41 45 21 29 
12 14 4 26 39 1 20 4 0 12 13 18 36 48 18 44 21 34 20 23 
12 29 25 8 16 28 36 6 3 0 10 46 26 8 4 36 33 15 44 28 
43 34 42 17 40 1 4 20 46 36 0 46 50 48 21 22 9 1 37 6 
38 48 4 45 18 44 16 38 10 33 13 0 36 29 28 7 28 39 20 12 
36 8 13 9 41 21 7 10 48 5 37 45 0 36 46 10 6 31 39 40 
25 23 24 14 45 38 33 1 17 23 42 43 34 0 40 39 2 49 26 40 
14 25 11 34 18 33 23 38 27 40 20 22 26 40 0 50 45 39 12 45 
19 21 8 20 40 38 6 13 3 6 48 44 12 30 42 0 26 15 15 39 
6 31 22 1 6 11 48 1 16 4 34 46 50 40 5 8 0 19 6 5 
21 47 12 21 21 33 30 47 8 42 35 14 36 31 50 7 14 0 48 21 
2 10 43 37 41 9 20 10 48 4 8 23 23 20 10 44 43 44 0 10 
1 18 27 14 40 9 32 40 49 16 50 34 41 11 48 5 46 29 10 0 
22 0 13 1 23 33 43 1 20 12 45 26 37 8 13 5 47 3 26 46 
3 29 0 9 19 21 45 49 20 18 13 26 16 15 16 34 22 48 1 46 
44 22 40 0 40 20 46 24 29 43 22 37 14 45 29 50 26 32 14 44 
30 28 35 23 0 34 7 37 30 11 22 25 41 7 46 8 32 25 14 39 
40 24 48 17 6 0 49 31 49 31 37 16 40 2 9 5 21 18 10 49 
7 33 34 17 13 8 0 19 31 30 18 38 48 26 13 44 24 20 33 12 
29 25 3 9 6 43 46 0 32 23 32 3 26 40 22 27 8 6 6 8 
36 10 38 18 2 31 44 40 0 41 28 9 35 35 39 7 32 24 5 25 
28 24 18 26 46 50 28 43 48 0 26 49 5 38 19 12 48 3 41 8 
2 28 13 4 6 5 14 47 18 38 0 34 41 3 4 31 28 35 18 35 
43 19 24 39 46 14 42 23 22 17 23 0 41 5 42 17 3 48 16 20 
13 21 33 3 11 5 15 36 47 2 8 41 0 28 30 19 49 39 28 39 
17 40 14 32 43 31 45 47 30 49 37 1 33 0 13 16 6 14 10 17 
14 34 32 29 45 21 14 26 46 12 37 44 28 26 0 9 49 30 49 39 
40 22 16 9 36 37 11 2 25 29 13 24 5 39 23 0 15 6 36 11 
19 12 29 5 50 35 44 5 9 26 25 14 36 8 25 21 0 45 48 25 
47 43 35 20 40 48 34 39 32 6 5 11 4 14 19 30 28 0 12 17 
17 24 43 32 2 27 1 15 27 17 31 18 29 17 31 39 19 35 0 42 
39 8 16 47 12 50 4 15 22 1 18 28 47 10 28 32 2 5 11 0 
33 0 43 40 34 7 22 1 38 27 45 23 25 1 46 37 23 10 1 27 
31 33 0 48 12 29 14 10 40 34 9 1 36 30 35 8 2 50 50 25 
10 25 12 0 12 28 21 49 26 17 32 11 37 19 31 25 25 29 36 31 
11 20 48 33 0 17 30 27 9 44 41 43 45 38 24 36 42 3 20 21 
21 42 31 39 43 0 8 24 23 33 5 5 10 30 16 19 39 5 12 43 
45 33 1 12 6 35 0 25 37 24 14 33 40 23 6 8 15 40 31 31 
5 26 44 8 45 5 39 0 31 13 29 19 35 31 30 10 25 39 20 31 
25 4 18 21 1 9 50 15 0 33 5 23 2 29 9 25 7 17 2 26 
7 7 18 5 13 9 5 30 2 0 10 13 31 20 46 10 6 28 37 5 
43 49 45 40 7 27 41 28 40 26 0 7 24 44 24 13 13 24 8 50 
6 13 46 29 48 6 20 25 3 7 20 0 3 47 20 13 9 27 13 18 
12 28 22 31 15 4 46 37 20 7 7 33 0 36 49 29 31 42 48 20 
47 35 37 2 38 22 21 24 10 4 31 16 37 0 1 7 47 22 35 33 
32 26 3 19 1 19 47 24 35 5 19 40 21 11 0 7 16 33 25 27 
35 9 45 31 36 34 39 41 20 33 30 3 7 47 10 0 17 45 45 16 
36 34 41 48 36 20 42 15 11 6 30 35 24 22 46 1 0 24 37 45 
17 36 12 29 28 42 5 2 13 43 11 45 13 22 18 39 44 0 44 12 
9 12 45 20 28 36 41 49 7 31 12 47 37 30 50 28 30 24 0 5 
14 7 32 18 30 22 1 11 18 13 6 33 3 7 13 28 34 23 17 0 
35 0 44 37 44 49 22 1 47 24 16 13 45 38 15 39 30 5 28 45 
16 48 0 28 25 23 36 1 49 10 40 25 2 16 5 13 40 12 27 14 
33 46 29 0 26 27 46 5 18 19 18 14 28 8 1 40 8 20 7 19 
15 8 49 24 0 42 8 50 14 47 41 25 26 27 4 42 45 49 37 22 
2 30 18 19 32 0 31 46 13 18 2 27 48 44 34 44 13 6 35 23 
38 19 27 32 8 28 0 44 43 38 24 16 6 42 21 48 5 39 47 40 
17 43 46 45 33 13 21 0 44 32 42 33 41 36 11 26 50 4 26 49 
11 42 39 38 8 39 2 46 0 36 27 47 29 6 17 17 18 31 42 24 
45 19 38 35 13 1 6 34 30 0 46 16 21 44 30 40 37 49 29 5 
39 7 31 18 36 17 36 13 27 25 0 20 44 46 9 30 31 30 23 7 
27 37 3 6 22 1 20 6 3 50 16 0 30 19 39 26 3 18 14 2 
3 18 28 39 29 9 11 2 21 13 14 49 0 11 14 42 2 19 37 2 
10 18 16 11 33 14 12 45 2 5 21 7 13 0 18 29 21 40 50 49 
24 47 11 49 50 44 39 1 6 17 28 38 7 17 0 16 4 34 37 7 
45 25 18 14 10 48 50 6 1 32 32 43 2 3 20 0 13 5 49 19 
17 17 45 14 6 29 25 18 14 40 48 14 45 35 33 5 0 25 7 33 
2 2 50 38 38 19 24 24 26 35 38 4 11 5 15 21 40 0 1 11 
12 36 36 30 37 16 4 18 37 9 19 48 45 7 23 48 18 17 0 30 
7 45 33 5 49 33 26 37 37 9 30 15 44 5 14 46 48 17 22 0 
14 0 23 35 1 37 16 7 38 43 48 39 8 48 5 11 44 16 29 32 
37 48 0 11 30 17 10 8 44 26 43 32 11 25 32 47 3 8 23 45 
46 39 43 0 46 34 39 49 2 33 11 33 11 48 17 17 30 25 4 43 
18 42 30 22 0 31 45 12 38 14 27 2 2 4 22 22 34 43 44 2 
28 41 19 9 25 0 34 44 32 34 44 9 2 22 49 15 5 3 16 17 
12 2 22 2 35 25 0 32 9 29 40 27 34 24 36 23 27 2 50 34 
6 38 38 13 29 44 6 0 26 30 3 40 18 20 19 26 33 1 6 39 
34 34 44 26 15 43 7 11 0 35 16 49 23 13 5 20 11 29 25 39 
44 9 30 50 2 6 40 22 7 0 15 49 4 23 22 13 17 50 12 13 
23 20 22 33 22 10 31 31 27 13 0 1 9 47 8 12 13 31 5 35 
42 21 25 21 50 46 37 12 27 2 50 0 39 20 49 17 2 20 22 26 
9 40 21 26 14 10 7 7 2 47 12 9 0 33 13 16 21 43 49 49 
22 37 36 49 5 29 27 24 31 10 31 7 43 0 41 5 46 45 21 45 
12 12 43 39 35 16 15 43 18 27 5 29 25 4 0 21 1 40 23 42 
17 47 38 36 27 48 21 40 20 19 29 17 21 50 48 0 38 38 29 48 
1 33 41 36 9 48 26 32 7 3 22 41 16 24 4 5 0 49 24 26 
17 42 15 26 46 25 40 10 35 29 27 17 34 22 42 23 9 0 26 11 
29 39 1 16 15 38 48 28 13 44 17 45 50 14 12 13 7 37 0 7 
45 12 20 38 42 3 30 37 38 19 25 1 45 29 38 46 38 16 27 0 
50 0 39 48 47 27 17 18 34 28 4 22 10 36 37 3 32 49 10 1 
9 13 0 36 1 11 10 39 43 23 17 12 18 25 47 31 37 19 47 16 
43 22 25 0 20 2 34 16 10 40 15 43 48 39 37 37 7 14 15 38 
38 38 39 24 0 45 18 17 36 48 13 6 50 34 35 34 17 30 35 44 
34 18 45 50 50 0 29 31 19 23 32 38 40 17 22 31 9 28 5 48 
31 2 36 48 19 47 0 34 15 9 13 5 20 8 23 20 32 21 44 38 
39 46 15 50 44 4 10 0 24 39 28 4 27 6 12 33 5 43 49 20 
26 3 16 14 22 7 18 12 0 31 18 48 41 11 15 41 16 3 16 3 
42 44 9 24 46 37 5 36 49 0 8 25 19 28 33 1 18 35 24 32 
43 43 26 43 30 7 42 37 44 12 0 16 47 31 39 41 7 27 18 30 
21 28 17 21 19 4 6 49 21 8 11 0 48 6 43 21 24 10 17 2 
29 18 5 50 12 25 34 12 45 31 37 27 0 25 50 6 4 5 26 23 
7 39 24 8 21 30 34 15 11 4 10 16 31 0 41 25 39 12 16 28 
6 46 36 42 11 19 34 32 36 48 50 40 17 48 0 38 10 14 5 10 
34 21 29 11 23 9 36 15 6 37 50 11 44 38 27 0 21 27 21 47 
14 40 38 48 48 17 11 14 43 18 44 31 12 35 2 33 0 7 27 36 
13 34 26 4 28 46 37 37 7 3 41 27 12 39 17 42 21 0 47 23 
32 44 13 45 43 47 13 6 39 27 42 6 20 45 41 8 14 38 0 36 
10 3 11 31 5 12 3 41 33 43 45 43 32 36 34 45 42 1 39 0 
34 0 7 16 41 49 10 15 47 21 33 21 31 4 5 35 37 21 21 14 
8 34 0 40 7 31 14 44 35 11 20 36 50 50 8 26 4 29 45 13 
13 21 41 0 16 33 9 12 12 42 38 47 50 14 25 28 43 6 45 1 
35 27 5 26 0 4 27 35 34 21 24 28 1 6 43 9 9 43 18 18 
7 48 19 2 2 0 47 15 21 23 26 22 15 20 10 29 10 36 8 46 
37 39 49 25 42 38 0 14 38 41 8 5 17 35 26 38 38 3 17 26 
4 29 40 7 12 9 50 0 9 9 41 28 33 23 1 48 31 30 9 24 
28 14 38 10 24 13 18 10 0 37 40 33 23 26 44 11 4 17 48 32 
37 17 43 30 6 47 13 25 33 0 16 38 45 8 29 30 40 12 17 20 
16 44 44 49 13 20 26 18 2 39 0 13 47 31 33 48 22 7 36 35 
32 13 11 38 36 44 49 46 25 45 47 0 5 50 38 48 33 38 44 18 
30 10 31 29 11 37 20 20 8 12 10 8 0 23 4 27 35 8 5 6 
9 6 14 25 1 24 6 35 14 9 33 1 10 0 29 40 6 26 1 34 
50 2 16 25 42 34 15 38 24 1 23 3 41 28 0 33 35 13 17 36 
30 5 6 2 7 11 25 11 50 29 34 49 2 35 24 0 5 4 43 31 
22 41 36 37 33 35 41 7 43 23 28 44 27 39 40 22 0 29 45 1 
10 15 17 23 15 9 40 2 22 19 17 24 29 43 32 45 45 0 44 19 
24 18 17 5 33 38 23 35 7 10 12 13 46 11 4 34 17 6 0 18 
22 29 43 33 19 38 26 50 50 2 46 44 45 28 11 22 34 44 11 0 
35 0 35 43 25 33 42 11 6 22 14 25 10 15 40 27 23 40 32 35 
48 17 0 7 38 23 34 12 16 17 36 35 39 20 40 7 22 33 29 5 
10 41 8 0 33 5 37 25 43 31 5 19 5 21 41 49 46 44 28 47 
21 42 22 26 0 45 21 37 25 6 20 8 19 44 45 36 22 45 40 35 
3 2 48 41 31 0 12 49 31 15 49 22 45 13 44 36 9 13 39 15 
14 12 18 13 20 23 0 23 37 25 11 35 19 5 6 10 26 46 23 1 
41 15 46 40 23 26 34 0 25 45 26 8 37 23 34 31 27 23 35 40 
29 19 8 26 25 20 30 31 0 18 40 4 18 41 36 13 48 50 18 23 
45 37 36 48 29 11 17 25 13 0 36 25 30 38 41 7 45 33 33 40 
22 20 44 46 17 36 42 8 18 1 0 10 36 31 9 1 40 3 43 21 
30 15 8 46 17 46 44 11 17 27 34 0 42 31 16 11 46 3 2 42 
20 13 37 4 49 25 3 50 45 21 37 1 0 5 3 12 3 25 14 25 
27 1 24 26 25 31 34 10 30 20 20 13 49 0 39 12 24 9 43 11 
10 21 15 46 50 40 30 26 30 39 19 13 37 33 0 28 25 41 46 37 
12 24 15 15 23 30 25 8 39 12 43 29 4 10 14 0 5 5 13 6 
25 36 46 5 5 21 11 8 33 31 21 15 21 28 22 31 0 38 45 7 
42 16 25 33 41 14 37 11 15 3 23 28 24 13 36 22 1 0 17 19 
11 45 13 23 43 27 18 48 23 2 33 29 26 10 49 21 40 1 0 4 
5 41 18 11 46 5 11 4 48 3 35 7 21 15 20 34 12 30 44 0 
33 0 7 24 17 15 9 33 24 47 18 26 43 47 21 48 13 28 44 34 
17 18 0 32 23 21 45 38 45 12 15 7 27 37 41 47 19 47 32 24 
3 2 14 0 31 14 36 23 11 39 36 24 2 42 41 28 14 26 1 34 
3 22 28 15 0 21 10 41 42 39 2 50 3 1 32 5 42 33 3 38 
19 38 48 35 49 0 9 39 13 16 37 9 27 22 18 14 29 2 26 38 
43 22 24 44 34 9 0 40 34 23 21 38 49 46 11 38 32 46 6 38 
29 6 33 47 25 6 31 0 26 29 35 38 3 3 17 46 10 17 45 44 
14 27 10 26 17 43 28 38 0 13 16 34 37 18 24 15 48 32 11 26 
49 39 4 34 12 50 36 18 36 0 33 50 2 22 37 3 42 12 19 31 
17 4 47 19 18 10 45 49 20 30 0 38 20 15 50 41 47 6 11 44 
49 27 31 25 43 5 13 15 13 50 16 0 32 4 29 2 45 22 2 20 
36 24 17 1 16 39 48 14 36 2 31 41 0 48 32 19 21 5 36 30 
5 14 5 45 33 50 5 48 35 41 14 5 20 0 45 36 26 20 32 26 
16 37 46 42 28 13 32 9 18 1 35 9 47 9 0 42 48 7 31 29 
35 2 11 41 14 23 23 48 11 46 12 6 49 39 29 0 21 44 10 23 
28 33 1 41 37 48 50 33 17 46 29 48 30 45 41 47 0 25 5 46 
32 19 5 16 21 13 6 45 37 20 18 39 49 38 34 3 47 0 35 11 
25 43 14 41 7 2 33 48 33 12 8 42 5 16 48 28 5 24 0 17 
31 28 31 3 14 13 49 7 30 10 46 42 45 13 14 31 4 19 28 0 
48 0 15 38 16 24 34 29 29 14 24 2 11 30 30 30 4 33 44 41 
1 29 0 9 45 4 38 38 20 14 30 42 36 45 10 27 26 3 43 13 
8 20 36 0 34 36 34 29 50 16 13 16 9 31 38 13 18 49 40 21 
35 28 36 14 0 16 49 22 38 8 2 3 4 27 12 20 36 21 15 45 
24 11 26 39 22 0 8 48 21 11 48 32 42 29 36 33 9 36 22 6 
21 35 14 46 21 49 0 13 9 39 48 11 3 42 4 4 17 10 10 39 
15 7 18 29 12 40 27 0 10 25 18 45 4 35 14 16 45 10 10 15 
5 41 10 49 10 23 50 46 0 40 39 25 20 23 49 48 8 49 3 7 
3 6 45 39 39 41 44 45 27 0 39 27 9 44 7 46 5 49 5 9 
9 6 12 45 37 22 50 49 22 5 0 37 6 17 42 4 8 9 11 2 
21 8 16 29 24 8 13 30 32 13 28 0 44 49 3 41 45 1 42 12 
8 18 39 43 22 40 40 34 10 17 41 50 0 37 45 47 35 1 43 28 
38 37 25 42 19 36 45 11 38 3 27 48 4 0 17 47 3 35 33 16 
44 39 34 24 3 14 42 14 42 49 3 19 40 3 0 23 4 25 34 26 
21 7 28 30 2 31 34 20 37 33 40 43 13 2 36 0 49 40 5 14 
22 29 28 22 3 12 36 34 38 45 31 13 22 19 10 12 0 9 16 9 
32 44 20 44 5 31 2 7 40 17 4 4 33 50 12 13 47 0 43 35 
25 18 16 48 47 25 7 20 18 24 4 40 28 34 31 23 21 2 0 35 
24 42 2 6 47 17 34 42 48 14 11 7 13 20 24 41 42 16 46 0 
24 0 20 49 11 34 33 37 27 27 21 3 27 42 11 13 20 44 24 12 
20 31 0 14 33 9 6 8 18 42 21 4 43 40 8 25 29 16 26 31 
18 23 10 0 40 7 22 46 38 19 47 50 50 31 18 30 47 16 11 37 
40 5 27 16 0 46 6 24 29 13 20 18 32 48 45 14 7 40 10 41 
7 12 13 19 39 0 21 42 22 24 25 10 11 9 19 29 36 26 41 8 
15 34 33 43 33 19 0 1 15 3 5 17 12 41 37 25 4 26 27 37 
38 45 5 35 1 4 4 0 9 9 14 20 10 39 16 33 45 8 24 19 
31 50 39 7 39 18 7 14 0 20 25 35 16 4 9 39 4 13 11 50 
33 40 30 11 43 2 34 45 29 0 46 9 42 18 30 7 47 38 50 39 
16 17 45 40 35 35 25 49 16 1 0 50 13 20 35 8 42 30 1 40 
46 6 6 23 28 19 11 33 17 36 48 0 13 2 4 24 46 33 39 50 
46 27 19 4 18 45 30 34 39 8 11 39 0 28 47 48 4 34 10 45 
17 22 24 2 8 13 19 39 49 9 46 39 25 0 4 30 6 14 28 2 
38 29 49 35 23 25 7 48 20 16 4 1 41 36 0 39 22 28 23 25 
11 41 50 6 31 26 43 20 36 35 48 42 35 27 32 0 22 17 18 38 
1 28 1 16 49 23 45 8 6 3 36 32 2 33 40 18 0 12 39 23 
18 10 30 6 22 13 23 25 20 25 10 15 23 5 41 22 47 0 10 26 
1 34 37 18 38 17 50 4 46 9 45 10 21 34 44 50 28 21 0 23 
30 3 27 49 25 34 46 39 14 28 12 12 43 8 36 39 40 32 42 0 
43 0 39 22 9 27 17 25 15 40 31 29 5 13 1 25 31 23 25 35 
13 34 0 42 29 37 27 35 47 3 2 35 45 5 19 37 29 35 9 45 
50 32 50 0 19 7 8 35 24 49 12 19 27 14 15 5 19 9 1 10 
35 33 43 20 0 23 13 5 37 25 36 27 22 40 23 29 25 4 13 15 
35 21 3 4 37 0 36 34 26 21 31 1 1 28 28 25 24 12 7 13 
28 6 2 22 11 39 0 22 40 29 5 36 40 2 7 44 16 40 33 30 
6 34 39 38 35 7 25 0 35 49 45 16 49 17 18 42 36 9 34 50 
43 16 15 47 5 21 36 41 0 50 45 35 12 36 42 33 2 29 39 19 
18 16 36 4 23 46 14 7 19 0 22 10 21 36 33 40 41 15 42 38 
34 18 50 16 26 41 15 33 31 7 0 35 17 14 47 41 16 35 7 12 
43 2 42 15 17 19 40 24 49 30 46 0 2 18 10 41 5 2 19 50 
11 13 9 13 34 50 35 6 47 24 45 18 0 5 34 3 49 36 43 3 
33 47 36 17 16 4 35 6 17 7 23 43 40 0 48 36 46 50 35 39 
8 15 32 14 43 1 5 13 42 18 15 12 5 12 0 49 36 3 25 46 
43 10 50 45 18 49 25 32 6 21 20 39 4 15 48 0 35 39 2 34 
44 17 12 41 44 38 3 46 18 31 41 12 33 21 4 42 0 29 9 21 
15 16 18 20 49 42 22 30 12 47 8 28 11 35 20 32 30 0 31 19 
6 8 16 3 7 1 16 9 38 18 1 24 19 26 18 38 19 26 0 48 
14 50 22 8 41 50 10 4 31 28 13 40 25 11 11 4 14 49 13 0 
11 0 19 33 34 35 13 12 23 40 2 43 47 2 6 32 18 20 35 50 
25 4 0 47 48 36 32 25 29 26 13 9 23 5 39 6 15 30 31 16 
38 46 30 0 27 21 2 38 31 12 34 43 44 41 19 14 24 10 14 21 
48 3 10 35 0 36 11 32 29 38 9 46 41 3 38 5 47 4 46 27 
27 46 48 1 14 0 45 33 19 18 4 42 15 47 2 9 33 14 28 12 
44 16 40 23 1 23 0 16 43 41 7 37 23 10 29 33 38 26 50 2 
47 40 3 42 14 26 47 0 44 50 40 44 5 41 20 43 2 11 37 24 
48 29 48 3 43 13 32 32 0 32 37 14 14 34 33 13 31 23 42 24 
27 48 4 29 16 3 47 3 46 0 4 18 27 22 2 3 3 23 49 38 
11 30 32 44 16 8 36 27 11 22 0 29 39 21 11 37 11 26 44 1 
32 50 46 11 36 29 14 10 43 13 31 0 31 40 33 35 32 45 45 4 
39 22 31 27 37 32 18 16 47 17 35 41 0 27 9 23 18 38 15 20 
47 16 2 48 44 15 30 41 39 6 36 30 43 0 16 22 6 29 2 24 
9 29 19 14 18 44 8 22 5 23 17 15 47 17 0 25 49 39 38 24 
37 13 7 41 29 10 12 38 43 26 6 3 44 16 15 0 7 41 29 3 
35 5 37 43 26 19 23 42 39 14 18 17 34 19 6 15 0 11 3 39 
40 4 6 6 15 46 50 20 24 50 33 11 34 21 36 3 20 0 1 20 
31 23 7 19 23 25 25 9 22 35 39 1 5 4 3 39 49 29 0 49 
22 47 27 49 49 42 7 4 34 47 48 16 36 15 42 22 16 34 36 0 
34 0 32 41 38 28 36 35 49 28 7 32 33 38 25 22 29 23 5 24 
8 27 0 16 22 41 13 25 19 4 36 13 33 38 6 13 46 17 32 10 
49 14 15 0 43 29 47 3 15 11 42 15 37 19 17 42 26 10 18 11 
50 25 4 17 0 32 14 16 25 45 27 25 30 5 47 13 6 11 44 34 
37 25 39 49 14 0 27 39 49 45 16 46 30 4 28 6 33 36 46 48 
33 30 14 23 9 38 0 37 13 10 41 6 12 32 33 26 31 37 11 27 
40 40 43 15 22 10 49 0 48 21 2 50 14 28 11 14 11 4 24 3 
30 12 28 15 29 9 39 5 0 15 47 28 47 20 22 10 6 8 40 16 
43 14 11 40 16 12 11 27 29 0 1 19 23 23 8 35 32 15 13 26 
15 6 34 5 35 1 43 5 30 43 0 19 5 6 21 38 32 39 20 22 
12 4 19 32 10 4 46 25 6 40 35 0 41 45 44 32 26 11 10 9 
26 40 23 7 31 35 11 47 13 2 35 27 0 46 12 43 1 23 46 24 
24 2 39 26 38 16 46 2 24 12 25 46 28 0 22 31 44 33 39 47 
38 48 50 8 34 24 22 14 40 30 2 44 9 31 0 37 36 7 38 14 
36 41 36 34 38 36 38 7 7 5 16 18 11 12 26 0 9 27 25 45 
5 2 16 2 6 23 22 18 16 16 42 36 24 7 20 4 0 7 2 15 
13 22 46 18 15 10 25 12 42 32 34 22 11 12 13 33 12 0 21 39 
30 11 16 18 23 42 16 19 42 12 41 9 20 7 12 13 23 9 0 35 
1 43 32 11 31 37 33 44 31 25 12 24 8 33 18 23 4 47 5 0 
24 0 27 50 41 33 1 1 24 14 16 49 50 40 24 27 20 47 49 1 
35 32 0 40 49 35 45 30 38 34 26 3 35 9 16 18 36 9 2 3 
49 10 31 0 13 19 28 33 25 22 50 32 14 21 25 3 13 24 34 29 
16 46 3 14 0 18 48 12 32 41 35 22 39 19 19 44 50 41 5 19 
21 21 2 21 8 0 38 3 13 32 11 6 4 44 2 31 36 7 46 47 
13 15 8 46 43 41 0 1 12 13 45 28 26 13 8 6 14 8 14 26 
46 26 16 36 30 22 35 0 31 28 38 39 33 37 4 44 42 4 14 25 
10 30 8 27 40 18 5 36 0 44 46 39 39 23 23 32 1 22 48 30 
29 25 8 10 23 25 24 12 41 0 23 19 16 2 1 33 4 46 38 50 
26 18 26 37 41 35 40 49 17 11 0 6 3 23 45 24 35 1 3 21 
36 2 16 7 14 13 26 31 37 39 40 0 19 36 14 22 23 13 4 39 
17 25 33 26 8 1 35 20 46 22 29 16 0 33 2 26 2 48 10 12 
12 24 16 5 3 11 27 43 21 39 1 23 12 0 32 13 36 46 3 27 
9 6 30 44 30 10 9 23 8 17 10 13 25 13 0 1 43 15 2 21 
31 16 32 9 14 32 45 49 17 35 21 17 31 49 22 0 2 6 32 31 
36 46 45 38 20 26 12 27 27 10 11 39 48 34 26 23 0 12 27 48 
16 12 36 11 43 39 37 1 30 14 4 11 46 11 35 16 26 0 36 28 
12 33 3 5 19 40 6 46 23 33 5 26 11 25 9 17 19 1 0 35 
3 50 33 26 32 14 24 50 16 29 14 19 50 38 34 16 15 13 7 0 
17 0 22 37 43 14 18 25 38 44 37 37 45 16 15 41 34 29 29 7 
22 42 0 46 40 40 18 10 15 5 39 27 10 44 4 12 34 14 16 7 
19 9 8 0 27 31 14 30 34 48 4 10 4 6 37 9 42 16 22 32 
48 26 5 4 0 20 49 18 27 43 42 4 32 28 18 22 10 48 15 16 
15 27 11 35 12 0 11 46 36 21 24 36 12 47 12 32 19 31 15 5 
38 28 14 37 37 43 0 45 23 33 36 35 27 11 28 50 8 6 37 42 
44 43 24 14 47 4 8 0 30 8 20 46 50 41 46 44 27 38 2 40 
24 42 18 39 14 50 36 47 0 25 35 47 5 27 32 40 22 13 14 15 
17 34 29 13 37 4 37 37 44 0 31 18 1 13 6 16 14 50 27 5 
11 14 11 7 34 45 11 15 19 18 0 2 25 31 14 24 36 7 45 30 
31 36 27 13 43 16 7 34 35 50 11 0 19 41 46 8 4 1 6 27 
46 18 26 39 18 19 42 7 37 38 39 21 0 10 19 21 46 20 34 1 
19 41 27 12 27 15 8 50 12 30 24 11 23 0 30 31 50 12 5 47 
9 45 1 10 20 47 46 30 2 1 20 50 39 20 0 50 37 36 19 7 
50 24 11 20 31 28 14 28 16 41 30 20 9 42 23 0 25 7 18 32 
7 15 31 36 7 50 42 30 36 41 24 44 45 31 5 5 0 23 49 25 
20 33 7 19 31 40 23 32 12 9 16 45 44 20 5 13 42 0 19 38 
4 21 40 48 29 38 43 48 35 39 4 37 1 27 32 48 50 1 0 46 
1 47 34 19 30 22 20 46 31 24 41 19 14 37 35 45 5 31 35 0 
29 0 32 38 42 39 43 8 23 16 19 12 22 5 12 47 19 42 21 2 
10 27 0 9 42 13 24 44 21 41 1 16 32 27 18 15 23 14 13 5 
46 26 23 0 50 5 27 19 3 36 7 18 18 44 25 4 21 9 20 41 
26 19 45 23 0 18 23 1 38 35 5 41 40 33 6 37 26 27 38 28 
5 15 44 22 9 0 14 24 33 22 7 24 47 6 3 24 38 37 1 4 
5 27 5 40 34 49 0 45 17 36 12 8 50 28 34 32 16 26 32 48 
37 9 45 40 29 31 12 0 8 36 37 9 19 1 25 23 34 1 1 26 
10 23 14 47 39 21 15 8 0 47 14 24 38 48 7 39 15 45 11 38 
26 9 23 41 10 30 27 44 8 0 25 5 1 32 15 1 22 25 24 13 
7 19 15 24 15 45 12 50 12 12 0 12 11 29 23 13 25 17 38 33 
4 18 12 28 8 33 43 13 43 23 47 0 35 15 41 33 5 19 12 36 
9 46 49 31 16 32 46 15 27 28 19 41 0 35 35 42 21 45 45 42 
7 41 23 33 19 27 15 28 47 20 46 19 45 0 13 32 29 38 5 37 
47 46 12 18 16 36 25 33 13 50 23 21 38 11 0 28 6 45 36 14 
31 5 1 5 50 45 31 10 25 28 4 6 5 16 9 0 48 47 46 24 
7 47 45 44 3 28 24 50 9 9 18 8 37 44 25 25 0 33 47 41 
13 24 36 26 1 5 10 45 19 5 29 13 32 10 22 29 17 0 37 11 
49 27 26 45 22 1 8 20 17 13 31 42 27 1 6 34 50 21 0 21 
44 39 44 34 6 46 30 46 36 49 16 15 8 39 22 48 15 37 29 0 
14 0 26 44 36 43 32 39 14 3 12 27 27 22 8 46 43 22 6 44 
21 50 0 43 6 22 22 2 48 23 3 6 4 41 47 22 8 46 1 4 
1 2 18 0 32 28 34 10 22 44 7 12 47 50 43 21 17 29 22 20 
22 14 41 35 0 16 11 48 9 36 30 1 1 50 42 19 5 43 3 18 
16 22 12 1 8 0 41 11 7 6 11 21 31 43 36 27 29 41 10 17 
3 22 31 25 25 42 0 44 7 13 5 32 38 29 14 11 7 49 11 14 
34 44 5 4 42 49 15 0 50 8 15 24 14 28 45 26 1 47 36 47 
38 9 14 35 49 3 25 23 0 42 17 33 30 29 19 28 27 23 49 18 
39 27 10 43 37 42 39 41 4 0 44 4 14 14 22 2 24 5 20 10 
6 2 17 26 24 34 26 36 46 46 0 1 19 3 3 30 47 21 28 17 
27 43 11 12 21 30 38 3 19 9 27 0 45 23 7 14 43 17 22 1 
37 9 12 7 43 46 4 25 2 12 35 25 0 32 47 39 44 18 45 40 
46 47 36 32 8 27 19 1 28 13 40 10 14 0 25 20 42 8 16 37 
18 16 18 5 37 41 34 35 46 49 35 14 47 48 0 27 26 5 1 28 
5 30 24 46 26 13 13 2 22 50 12 5 31 28 31 0 27 24 29 42 
49 41 24 43 24 2 43 50 43 12 37 50 16 41 31 12 0 7 45 21 
42 43 25 40 13 35 34 44 5 36 16 21 3 48 13 3 38 0 31 38 
1 44 33 14 20 40 35 1 47 15 1 17 25 33 4 37 50 25 0 2 
11 9 40 9 39 14 28 42 34 2 3 39 43 31 19 45 27 10 30 0 
6 0 50 28 34 37 30 4 20 41 39 50 12 14 28 37 20 30 11 36 
45 50 0 42 49 2 50 45 27 8 37 6 39 27 28 21 20 2 34 25 
3 29 35 0 45 37 4 35 41 40 11 7 11 40 34 42 15 30 14 1 
27 35 43 3 0 46 33 35 50 24 34 43 9 35 37 5 8 7 10 6 
5 46 17 9 5 0 17 2 27 17 5 35 13 42 7 2 7 41 11 27 
40 12 3 4 12 7 0 47 2 22 24 36 27 36 6 24 9 6 10 26 
39 37 45 7 19 45 39 0 22 2 3 34 30 14 48 31 21 45 3 42 
6 2 8 15 31 3 32 29 0 50 7 18 48 47 47 15 23 40 45 5 
35 10 23 36 46 50 38 44 22 0 29 5 36 29 6 14 5 25 31 23 
14 5 37 16 39 15 35 5 38 34 0 50 25 41 26 41 19 33 33 16 
13 16 43 9 11 50 46 22 40 43 34 0 43 41 42 18 32 50 48 44 
35 22 11 45 1 11 22 4 15 11 39 37 0 31 22 9 18 7 22 46 
27 16 44 44 45 13 4 41 9 33 23 45 41 0 22 40 49 45 2 21 
42 49 39 46 31 11 2 6 3 22 32 25 12 11 0 5 21 28 42 28 
17 33 48 21 13 22 42 17 48 16 42 24 14 16 36 0 30 47 38 20 
13 33 44 7 2 19 28 9 12 35 37 1 12 7 17 36 0 39 45 29 
26 25 40 45 4 40 11 49 18 9 26 31 8 34 8 29 46 0 23 26 
46 2 36 13 30 33 12 16 31 17 48 30 47 36 19 13 46 24 0 39 
41 18 41 21 10 50 37 4 29 18 4 28 22 14 14 49 27 40 13 0 
10 0 13 43 25 31 32 21 29 29 46 39 21 13 6 7 32 9 5 31 
27 13 0 44 29 33 49 27 39 26 17 34 37 42 23 33 14 26 49 43 
10 39 39 0 22 9 9 40 47 42 23 15 33 6 45 47 14 50 17 34 
10 27 5 44 0 46 13 46 9 48 49 30 42 31 34 16 46 43 38 42 
35 21 44 2 36 0 16 11 35 28 43 46 10 33 48 43 40 17 6 46 
44 9 14 50 43 49 0 12 32 35 49 41 50 5 26 9 32 14 16 25 
20 28 36 29 18 17 2 0 39 47 44 39 45 49 40 47 45 33 22 21 
1 4 25 35 27 36 38 44 0 42 35 25 17 29 24 42 37 19 9 31 
46 34 42 10 15 38 46 5 42 0 10 8 31 26 10 43 16 22 45 43 
9 43 30 24 10 5 23 28 10 21 0 8 4 29 37 3 26 38 10 44 
10 48 31 31 47 34 35 4 50 7 36 0 8 20 42 26 50 38 17 10 
32 6 42 10 37 34 34 7 29 44 24 35 0 6 7 29 36 46 28 12 
34 40 26 1 24 22 24 13 38 12 4 38 15 0 10 28 28 38 19 39 
45 47 13 28 6 11 26 23 31 2 42 7 31 22 0 27 33 21 7 5 
19 38 13 22 47 45 26 6 9 25 28 29 41 17 7 0 34 15 22 13 
20 41 48 50 44 11 47 6 23 17 39 27 8 21 34 50 0 1 33 26 
16 34 30 5 17 48 3 24 1 40 24 38 12 12 8 38 15 0 22 39 
20 11 1 39 3 40 21 48 20 9 8 18 7 2 39 6 30 41 0 36 
31 2 41 38 46 17 50 29 28 16 50 34 20 28 13 13 16 16 45 0 
27 0 16 47 1 33 15 44 22 18 37 23 6 29 47 29 42 37 29 23 
6 23 0 4 11 44 33 21 26 39 40 45 39 24 41 35 14 21 34 2 
8 24 3 0 45 33 42 5 10 21 37 41 37 26 35 44 10 22 23 5 
3 18 13 40 0 5 33 24 49 50 16 45 34 8 8 36 22 50 3 29 
22 20 39 24 50 0 39 48 4 19 4 30 31 14 41 17 32 34 46 34 
48 13 9 43 6 44 0 27 4 33 30 40 14 45 7 43 2 35 15 45 
14 1 8 30 5 45 20 0 35 31 43 42 27 2 26 16 6 17 13 27 
34 30 23 36 15 24 30 41 0 36 24 21 40 32 17 40 32 34 40 33 
5 48 36 10 47 11 42 4 39 0 38 30 2 27 39 9 31 15 42 16 
44 6 26 5 35 11 10 4 11 10 0 12 45 33 16 34 9 29 48 21 
27 25 24 21 41 4 6 23 45 1 24 0 37 25 41 18 47 28 29 44 
2 49 37 8 32 44 27 44 48 36 43 31 0 30 34 45 16 41 20 35 
35 1 29 39 16 3 37 24 38 4 15 20 7 0 30 35 47 22 40 18 
43 27 15 11 9 38 2 21 45 3 31 26 28 27 0 43 45 44 23 11 
22 5 45 21 40 40 33 17 37 1 45 38 23 26 23 0 28 8 20 41 
20 1 14 33 43 21 7 29 38 43 14 36 42 24 12 19 0 14 48 7 
26 21 26 21 16 21 1 16 8 50 5 49 35 25 4 3 10 0 8 22 
2 50 33 12 46 25 23 15 3 15 12 8 9 31 2 45 20 45 0 30 
48 13 43 6 49 29 33 44 30 12 39 21 2 11 43 46 7 44 10 0 
31 0 47 44 6 48 2 47 43 46 19 34 30 34 9 30 11 10 10 45 
34 33 0 14 31 44 4 15 44 10 47 17 35 45 2 10 14 33 5 7 
46 5 3 0 36 37 26 46 32 5 12 22 50 33 37 13 10 27 17 17 
1 3 34 8 0 38 46 30 35 40 29 25 45 47 7 3 15 40 32 47 
28 6 48 22 10 0 33 38 48 35 48 32 42 33 48 17 4 5 12 48 
15 41 8 41 7 4 0 31 17 25 44 30 23 23 29 31 40 11 3 32 
24 26 50 49 45 37 8 0 37 42 48 31 3 49 3 43 17 7 21 15 
41 18 30 16 13 4 5 26 0 10 14 3 8 6 2 23 39 23 16 42 
13 5 50 18 39 19 45 42 31 0 20 30 12 24 20 47 13 14 45 10 
37 46 41 11 49 23 39 41 25 2 0 27 15 21 1 15 8 10 41 1 
41 47 19 13 24 7 30 2 29 39 10 0 39 9 44 13 29 47 23 45 
2 45 1 29 21 40 5 6 9 11 10 12 0 37 22 14 4 13 19 33 
17 5 19 22 10 2 15 13 18 21 9 23 18 0 36 16 40 7 41 19 
49 23 19 1 21 41 20 27 24 18 46 41 1 11 0 14 6 40 34 23 
41 28 6 28 38 36 1 39 42 27 21 32 7 14 45 0 21 11 48 4 
48 31 41 26 42 46 22 31 9 13 4 30 26 7 34 50 0 42 43 46 
32 16 21 2 28 1 3 36 39 27 6 41 4 9 36 36 43 0 1 2 
15 32 17 5 43 27 39 47 45 26 24 14 4 28 16 17 39 28 0 29 
13 25 39 10 33 4 3 22 1 21 40 21 42 50 40 29 14 16 11 0 
28 0 26 40 4 9 10 16 14 3 13 39 43 48 8 14 39 28 27 23 
34 2 0 40 5 38 26 5 5 33 14 15 49 2 1 28 50 4 23 22 
30 50 18 0 40 1 10 12 29 43 14 28 12 12 2 42 32 9 39 21 
3 28 4 6 0 33 50 38 14 37 42 20 9 11 17 6 47 23 16 12 
40 46 27 48 13 0 42 5 3 3 47 11 20 19 12 33 21 44 27 45 
35 41 13 46 26 38 0 23 5 18 46 7 6 20 16 47 49 26 27 31 
42 14 29 48 36 17 27 0 22 2 47 28 47 13 21 28 32 22 27 1 
1 11 40 37 38 8 47 42 0 41 4 22 13 7 45 14 36 31 7 44 
28 29 49 16 22 9 40 50 44 0 36 42 35 26 23 26 26 21 2 28 
41 40 39 26 36 19 30 34 21 2 0 49 36 48 25 29 49 22 3 46 
19 29 48 9 3 7 50 20 47 41 32 0 19 44 34 4 17 4 39 3 
13 48 42 25 19 48 46 50 45 11 47 24 0 4 23 26 33 49 43 32 
37 19 37 49 33 44 40 33 6 2 44 9 26 0 11 20 40 49 27 4 
30 11 8 7 6 10 1 18 29 47 19 2 5 24 0 22 3 34 27 49 
9 32 30 15 40 49 1 3 21 14 35 33 28 6 45 0 14 22 30 13 
32 40 33 26 11 37 38 50 40 35 5 9 36 14 50 18 0 23 1 47 
18 8 6 7 30 5 45 14 42 46 10 10 1 24 22 45 10 0 27 6 
19 28 3 49 11 18 17 6 49 19 28 38 23 14 25 12 5 26 0 33 
3 22 17 23 47 4 30 25 5 35 14 19 41 42 17 32 19 16 9 0 
45 0 40 14 50 46 45 14 9 38 47 26 12 18 20 27 24 35 3 6 
6 45 0 32 43 12 21 36 1 38 47 7 32 6 46 46 32 44 40 23 
21 28 33 0 46 43 29 29 23 47 50 14 18 33 30 14 10 14 13 47 
2 29 11 45 0 27 12 31 15 20 17 22 38 34 35 12 32 28 24 50 
40 14 33 48 40 0 1 24 29 25 3 43 37 32 19 47 38 44 11 33 
7 34 12 15 10 7 0 25 13 31 34 21 49 37 37 15 24 33 19 32 
21 45 4 34 7 13 28 0 31 40 19 38 47 18 21 45 18 16 28 50 
24 41 15 39 43 46 4 4 0 6 50 18 46 14 19 13 40 39 3 1 
6 3 33 27 36 44 44 37 4 0 29 43 20 50 46 34 46 41 7 7 
11 39 3 9 22 31 23 24 24 28 0 6 31 7 15 16 23 48 42 15 
30 45 50 9 1 26 14 31 18 1 31 0 24 22 34 32 43 12 4 44 
12 46 13 21 20 9 49 49 36 5 35 24 0 36 4 27 28 12 11 30 
2 33 8 1 5 24 44 5 34 47 25 23 4 0 19 4 31 19 17 25 
31 50 3 28 29 26 34 27 45 20 45 6 21 32 0 33 2 11 4 46 
9 47 26 5 15 2 12 33 31 5 32 24 9 12 37 0 31 31 50 6 
30 25 21 47 50 35 39 42 4 41 22 17 44 27 23 9 0 28 5 45 
38 27 17 44 3 23 13 47 37 45 34 1 2 3 5 25 22 0 38 1 
27 21 27 11 8 42 10 38 39 48 36 3 9 26 36 12 30 13 0 32 
18 24 37 39 2 47 21 41 20 15 39 2 2 22 28 28 25 12 17 0 
9 0 2 43 36 25 49 1 42 25 25 17 42 26 13 40 20 28 41 33 
25 14 0 38 2 41 24 1 47 35 32 32 49 12 50 14 5 31 26 39 
13 40 2 0 5 46 16 3 23 13 40 12 2 50 38 42 38 3 22 50 
3 12 24 3 0 17 11 43 27 5 43 12 8 10 45 39 29 43 23 9 
42 37 38 1 38 0 8 23 30 33 11 20 12 11 34 31 23 27 39 38 
36 45 4 39 49 30 0 1 32 3 8 12 9 49 15 44 30 14 15 11 
37 46 44 31 11 16 35 0 31 2 25 30 22 13 41 6 38 15 39 49 
40 22 37 26 21 23 22 2 0 22 47 17 4 17 8 16 2 43 42 15 
43 23 14 50 50 7 23 37 49 0 19 44 28 30 41 16 26 40 50 20 
23 9 40 14 14 34 35 22 13 14 0 47 39 13 46 50 47 26 27 22 
37 19 49 37 23 34 29 20 38 13 2 0 33 27 3 23 20 6 3 9 
50 16 16 36 10 23 3 30 31 32 30 45 0 40 50 18 13 1 25 23 
18 31 36 14 47 9 12 32 21 37 41 27 45 0 44 18 27 7 22 34 
39 14 20 4 48 39 8 19 12 34 9 40 22 45 0 34 36 28 15 2 
19 28 49 41 33 44 41 5 36 2 23 23 12 42 18 0 37 9 49 27 
38 26 40 41 1 48 13 48 19 33 11 8 40 13 5 3 0 7 41 23 
37 11 8 35 22 17 39 11 47 49 5 9 25 38 2 27 27 0 29 37 
48 44 21 47 22 23 26 44 34 11 8 39 12 47 36 12 17 30 0 41 
19 24 12 37 16 50 15 24 36 21 39 36 29 24 20 43 30 17 15 0 
37 0 13 47 23 5 1 40 10 43 13 40 27 35 47 36 11 13 37 7 
5 48 0 8 49 40 24 46 25 30 15 43 5 6 45 3 44 29 23 1 
7 37 27 0 40 22 12 47 45 4 40 43 14 7 6 24 13 17 29 14 
7 50 10 27 0 11 45 1 9 34 32 33 3 8 39 13 30 21 28 8 
37 38 44 29 42 0 36 37 2 37 49 33 32 36 16 15 16 2 48 10 
17 45 21 3 13 13 0 22 37 35 25 45 27 4 36 10 43 27 14 21 
18 42 24 44 15 11 2 0 1 47 38 43 24 11 32 11 11 13 16 35 
31 17 21 49 3 27 42 22 0 29 46 27 24 39 3 31 30 18 44 2 
7 43 12 12 26 50 42 2 34 0 46 43 25 47 27 42 33 5 48 43 
21 17 23 39 23 5 21 15 5 21 0 31 2 43 18 11 9 42 20 5 
46 50 11 26 9 27 37 21 30 47 47 0 20 26 33 25 23 36 35 4 
40 8 5 36 38 31 3 44 50 8 37 19 0 1 14 1 3 44 11 42 
14 13 37 34 41 18 8 1 6 20 18 45 25 0 25 38 31 48 41 15 
24 45 7 33 37 14 44 29 47 7 26 31 32 13 0 45 21 42 3 24 
14 18 30 31 48 24 32 13 12 44 13 33 3 12 30 0 37 47 8 30 
50 21 48 40 12 45 30 39 37 33 31 5 47 28 25 27 0 47 44 15 
9 10 5 1 33 35 34 24 24 20 2 27 48 13 12 4 3 0 17 29 
19 37 18 36 46 31 31 40 16 6 29 35 34 43 33 49 21 45 0 21 
16 5 28 21 7 20 35 6 33 42 36 24 22 11 19 26 28 42 25 0 
