50
9
40 0 19 12 9 47 16 3 33 14 
8 6 0 13 14 6 46 17 39 50 
18 17 50 0 10 26 20 36 25 18 
36 4 25 7 0 49 31 34 30 6 
46 7 24 24 38 0 14 25 10 50 
20 45 32 20 33 43 0 24 26 41 
39 30 43 43 23 22 48 0 18 29 
40 1 8 33 30 26 41 22 0 32 
27 45 30 36 36 17 21 16 30 0 
37 0 17 22 32 34 23 41 45 50 
13 4 0 34 2 26 21 36 35 9 
43 38 15 0 6 29 11 12 48 32 
12 3 45 27 0 23 7 43 12 1 
7 9 18 35 43 0 35 27 28 19 
48 25 19 9 1 1 0 8 28 29 
15 32 38 11 20 36 42 0 29 43 
5 36 32 28 10 14 20 29 0 27 
41 8 46 30 29 2 43 14 24 0 
13 0 3 2 45 20 45 29 28 31 
14 47 0 39 33 44 14 43 22 43 
38 21 15 0 6 40 23 24 18 20 
34 36 3 37 0 19 7 13 30 27 
41 11 17 37 50 0 33 34 7 33 
38 8 15 32 38 7 0 9 6 44 
9 8 14 30 21 2 25 0 45 43 
29 27 28 33 20 14 37 3 0 12 
26 1 22 33 22 33 41 37 10 0 
5 0 2 49 46 28 14 14 4 23 
14 12 0 40 16 12 5 41 5 30 
5 6 39 0 2 46 35 46 34 5 
22 27 36 31 0 39 35 42 21 44 
45 33 50 15 20 0 17 42 24 41 
22 11 39 17 42 18 0 4 37 31 
22 4 7 14 50 45 9 0 42 28 
38 34 23 6 24 42 12 47 0 23 
31 41 37 22 10 23 44 24 23 0 
17 0 6 35 19 27 3 4 21 17 
37 31 0 34 5 7 28 39 5 40 
19 17 38 0 47 6 46 46 24 47 
45 50 44 35 0 20 26 23 43 37 
43 20 8 21 2 0 4 26 25 16 
39 26 34 9 33 6 0 33 26 8 
35 20 50 39 24 3 7 0 9 21 
23 3 12 8 33 15 42 47 0 36 
33 48 15 35 22 31 31 7 49 0 
13 0 37 17 39 2 44 19 38 23 
37 5 0 47 5 15 43 33 3 23 
4 32 43 0 20 17 37 20 1 29 
44 1 48 20 0 8 17 5 45 23 
4 34 1 19 39 0 46 42 6 43 
40 29 34 22 2 19 0 9 28 25 
6 43 21 31 20 2 15 0 25 38 
26 17 47 30 50 20 21 29 0 20 
22 36 43 48 29 11 45 31 22 0 
45 0 23 49 29 11 31 43 49 3 
3 24 0 15 50 4 15 9 16 39 
47 11 29 0 14 1 23 50 38 43 
32 9 14 10 0 36 39 30 21 3 
39 47 6 16 37 0 1 18 19 6 
5 23 32 29 40 13 0 22 49 21 
44 32 22 26 30 24 39 0 12 41 
39 43 38 26 20 34 12 20 0 20 
33 31 24 28 46 33 18 45 16 0 
11 0 4 20 1 38 38 19 37 39 
32 14 0 17 33 28 26 11 30 26 
18 30 3 0 49 17 20 43 39 18 
47 16 36 39 0 8 35 9 28 9 
21 38 6 1 7 0 33 45 31 6 
3 1 4 49 17 17 0 7 1 16 
13 12 37 50 8 49 21 0 23 22 
4 43 6 33 24 50 18 41 0 42 
21 18 23 20 5 37 14 41 39 0 
14 0 49 49 19 32 8 19 46 16 
23 21 0 31 7 31 35 12 41 38 
1 21 28 0 5 31 27 26 37 33 
44 44 8 50 0 36 18 11 7 25 
23 36 11 48 14 0 28 34 46 20 
12 15 38 39 8 14 0 50 14 20 
11 10 18 23 44 46 26 0 26 3 
9 23 36 13 47 25 10 40 0 6 
27 3 7 50 22 36 7 15 22 0 
46 0 6 36 45 50 23 49 50 47 
8 1 0 42 16 23 39 25 26 23 
35 49 19 0 14 29 19 8 24 11 
14 11 39 32 0 16 30 24 30 20 
18 14 24 13 15 0 47 28 3 40 
14 12 31 18 25 47 0 13 23 16 
4 33 28 18 37 27 12 0 35 39 
9 26 35 13 42 44 20 8 0 12 
50 22 35 22 36 26 29 44 12 0 
31 0 46 37 43 20 44 14 21 47 
43 50 0 27 47 2 30 8 20 28 
5 1 21 0 37 49 18 35 14 1 
31 32 47 2 0 39 43 16 31 40 
3 17 7 42 50 0 22 47 27 8 
35 3 21 6 15 17 0 49 25 44 
42 44 47 19 8 6 43 0 34 39 
50 42 12 34 32 21 40 5 0 3 
21 13 2 50 41 22 10 50 11 0 
30 0 26 18 31 3 15 50 25 38 
43 35 0 9 1 49 17 34 47 36 
47 2 21 0 1 16 10 14 28 12 
42 42 4 25 0 9 9 45 14 8 
21 20 39 47 34 0 8 34 48 21 
45 21 15 36 17 45 0 37 14 49 
41 29 11 9 17 25 4 0 9 33 
34 19 26 1 6 36 9 13 0 28 
47 1 18 14 18 19 39 19 8 0 
48 0 7 26 10 39 45 10 5 35 
47 13 0 3 15 43 26 26 50 29 
45 45 16 0 29 27 4 18 41 14 
32 28 11 43 0 20 48 18 7 3 
7 25 30 31 41 0 1 1 13 1 
25 32 8 42 38 19 0 40 44 25 
42 19 30 23 43 49 32 0 29 28 
24 5 44 5 48 37 24 19 0 25 
50 15 4 15 29 15 4 43 9 0 
7 0 40 40 43 4 26 24 26 39 
23 35 0 33 32 50 13 24 27 8 
8 20 35 0 21 19 19 44 41 30 
22 28 40 15 0 19 50 40 26 39 
39 32 1 18 32 0 22 49 1 35 
43 18 16 41 42 2 0 7 47 23 
24 36 22 21 49 14 46 0 3 48 
49 8 16 33 42 24 25 35 0 46 
7 40 39 13 23 18 35 2 23 0 
15 0 31 37 39 9 23 28 17 41 
17 18 0 33 38 22 30 24 50 43 
19 10 26 0 42 17 7 7 50 7 
34 11 13 4 0 37 48 41 32 22 
12 11 50 44 6 0 26 34 8 18 
13 20 18 10 40 23 0 26 16 42 
48 23 14 30 32 9 16 0 44 6 
28 14 31 36 47 41 8 12 0 40 
43 26 5 50 9 10 39 45 31 0 
40 0 25 22 40 29 21 6 44 9 
8 33 0 29 41 28 13 20 6 45 
37 27 23 0 28 2 28 34 33 41 
38 48 15 5 0 41 38 29 27 19 
35 39 36 10 31 0 4 32 50 30 
11 3 48 43 31 3 0 15 3 18 
8 13 23 45 7 46 31 0 18 47 
45 4 42 42 13 2 44 36 0 18 
10 27 47 20 46 3 48 23 31 0 
44 0 46 18 12 40 39 21 21 14 
47 40 0 32 40 30 13 7 38 47 
39 20 41 0 46 49 45 36 6 26 
22 39 17 21 0 48 35 16 38 23 
30 34 14 3 22 0 42 38 48 47 
37 20 48 34 13 9 0 6 10 3 
40 48 47 23 26 34 14 0 49 32 
47 26 43 47 25 43 41 28 0 5 
33 36 49 49 8 2 48 50 37 0 
28 0 38 27 9 16 38 32 26 40 
26 7 0 8 30 40 23 10 41 22 
4 40 46 0 6 43 35 5 23 24 
5 42 40 46 0 25 27 48 37 12 
5 39 11 5 16 0 49 3 16 22 
47 4 47 26 40 17 0 30 45 11 
42 23 46 43 5 43 15 0 28 35 
50 31 32 31 33 4 12 5 0 3 
12 50 24 47 3 27 14 8 20 0 
28 0 29 3 24 16 31 17 7 14 
16 13 0 34 18 41 38 15 3 36 
40 17 22 0 44 15 35 15 19 45 
37 45 20 19 0 29 48 24 38 49 
32 27 15 1 15 0 26 40 46 42 
20 44 10 37 32 50 0 42 24 42 
48 34 14 18 9 47 37 0 30 12 
45 47 34 37 45 3 39 33 0 27 
21 40 2 46 5 19 43 45 26 0 
36 0 1 13 20 28 6 7 26 4 
36 15 0 18 19 15 35 14 46 50 
8 33 49 0 7 48 49 24 21 35 
40 3 30 45 0 26 15 22 1 30 
50 25 19 29 31 0 20 50 4 19 
9 3 25 17 33 10 0 20 35 12 
27 30 3 14 47 7 21 0 17 24 
25 41 39 4 47 14 6 15 0 21 
31 30 3 30 8 44 31 15 18 0 
10 0 23 21 21 26 42 3 46 22 
27 36 0 28 13 9 14 46 25 14 
30 6 7 0 11 12 18 39 40 6 
10 47 22 10 0 34 33 39 11 44 
4 5 15 48 2 0 1 43 30 30 
44 19 21 40 35 33 0 30 1 10 
12 50 12 3 33 37 36 0 44 50 
50 17 2 46 24 48 21 43 0 21 
49 33 5 6 19 33 38 45 21 0 
35 0 20 13 39 30 34 24 28 12 
32 1 0 23 29 12 9 2 43 13 
29 48 46 0 24 20 42 13 32 18 
6 7 31 30 0 15 38 16 2 24 
37 11 38 19 23 0 47 37 39 43 
48 21 21 46 4 26 0 21 10 47 
26 12 1 21 27 49 16 0 19 21 
31 3 37 35 13 11 36 15 0 32 
25 10 26 50 38 31 50 15 11 0 
48 0 10 3 6 10 5 41 41 41 
23 17 0 35 40 3 5 26 6 37 
7 14 9 0 11 11 39 44 46 1 
22 27 25 20 0 22 12 39 19 9 
19 26 43 32 45 0 23 21 13 49 
48 36 8 22 24 32 0 45 44 2 
2 37 49 14 12 15 5 0 20 14 
16 3 45 24 1 35 46 7 0 30 
44 25 19 37 41 49 41 47 11 0 
43 0 50 3 43 25 29 10 37 32 
11 5 0 15 29 27 25 9 5 10 
5 24 35 0 23 27 17 2 2 19 
33 15 47 50 0 24 15 4 12 20 
11 24 29 16 14 0 14 3 35 3 
16 16 49 45 28 36 0 39 37 24 
26 21 24 36 41 24 11 0 28 22 
35 11 32 1 25 16 6 49 0 32 
32 39 11 22 20 42 15 37 36 0 
21 0 39 38 12 12 38 41 29 42 
46 25 0 33 5 6 37 42 19 24 
22 15 41 0 33 39 30 4 8 48 
13 5 2 33 0 22 4 38 41 39 
35 24 50 44 10 0 46 24 10 24 
50 28 34 25 30 2 0 18 44 23 
46 38 50 9 8 4 40 0 29 25 
41 14 4 29 17 16 48 8 0 45 
25 28 6 45 10 30 6 5 30 0 
15 0 39 25 50 15 28 32 43 3 
39 27 0 17 46 5 32 22 34 47 
21 21 11 0 18 27 23 7 44 17 
18 1 29 21 0 3 3 25 25 40 
1 41 49 26 48 0 25 13 9 31 
29 29 23 24 24 26 0 34 36 35 
20 47 12 3 43 22 12 0 15 43 
25 19 24 14 22 30 42 21 0 44 
48 45 24 37 5 19 42 29 15 0 
44 0 44 27 3 38 17 19 5 28 
29 49 0 48 27 14 34 32 39 41 
8 16 8 0 44 33 4 33 36 42 
12 33 42 44 0 11 14 8 19 21 
16 22 32 7 45 0 17 2 13 23 
46 21 31 41 5 17 0 29 35 14 
8 1 12 24 21 2 26 0 8 23 
37 36 38 35 20 46 13 16 0 17 
9 1 21 41 42 20 31 38 15 0 
11 0 21 28 26 16 26 1 1 19 
10 43 0 1 31 32 38 45 16 28 
35 12 2 0 35 28 39 50 20 35 
44 17 9 42 0 43 34 37 15 37 
45 11 21 12 34 0 19 28 4 24 
17 29 19 34 46 27 0 42 46 27 
13 27 44 39 26 46 42 0 8 34 
10 18 50 18 44 17 1 1 0 5 
8 24 28 33 7 24 16 34 41 0 
16 0 10 22 33 50 48 8 24 39 
43 6 0 36 25 21 27 36 19 36 
25 49 36 0 2 33 45 22 35 23 
49 30 20 20 0 24 42 5 26 48 
13 27 18 2 10 0 20 29 8 46 
20 34 3 1 48 39 0 39 42 35 
6 14 28 27 12 16 26 0 9 44 
19 24 32 44 21 45 30 23 0 42 
18 23 40 16 24 26 50 2 1 0 
20 0 48 33 31 32 33 7 49 13 
20 37 0 16 3 27 1 27 10 35 
14 26 13 0 9 22 26 47 21 19 
46 41 41 3 0 27 10 15 6 12 
12 39 42 50 38 0 22 33 10 37 
27 16 46 39 40 14 0 41 37 27 
39 12 27 7 34 11 14 0 12 9 
22 18 11 6 38 22 40 15 0 22 
43 15 39 42 26 13 40 21 6 0 
24 0 7 2 27 12 41 34 27 44 
35 5 0 5 32 36 27 14 11 42 
27 21 29 0 24 50 25 43 48 23 
38 48 36 15 0 18 14 6 40 5 
7 46 7 20 23 0 11 28 5 10 
17 12 29 13 28 16 0 21 14 1 
27 50 8 27 34 14 19 0 46 30 
9 21 37 42 26 47 22 7 0 16 
36 7 48 18 47 45 15 26 37 0 
44 0 26 20 21 44 5 14 29 40 
47 31 0 12 43 2 28 31 20 34 
23 26 36 0 33 41 21 50 36 7 
3 10 4 13 0 12 8 28 25 20 
11 39 28 33 29 0 48 7 26 27 
4 43 5 21 37 27 0 12 42 1 
1 12 36 49 21 9 48 0 11 20 
37 35 19 4 16 28 9 21 0 31 
7 41 47 39 27 16 44 47 43 0 
3 0 32 23 27 2 20 7 28 13 
35 12 0 18 19 35 18 29 21 42 
9 1 28 0 27 13 17 47 5 2 
5 12 36 20 0 5 25 16 46 29 
47 10 33 49 47 0 39 16 24 10 
13 38 7 29 11 7 0 24 36 47 
16 27 20 7 31 47 19 0 3 16 
27 15 7 44 4 39 39 32 0 11 
9 10 4 40 12 39 7 34 18 0 
45 0 26 2 30 46 20 28 1 20 
10 41 0 29 37 30 45 24 39 10 
3 20 35 0 18 41 30 46 16 26 
44 27 15 32 0 50 48 30 25 28 
14 48 19 37 16 0 3 20 30 41 
33 23 31 9 17 23 0 29 4 14 
33 27 36 23 35 31 44 0 35 25 
5 28 42 31 8 6 18 10 0 42 
42 17 4 32 49 11 39 13 44 0 
46 0 35 11 43 3 46 34 47 49 
43 42 0 13 38 43 31 29 15 2 
49 2 15 0 25 42 7 32 38 38 
11 2 28 25 0 34 22 38 49 1 
15 13 25 47 47 0 12 8 26 19 
29 4 24 23 3 34 0 9 41 11 
29 21 43 4 11 16 8 0 24 45 
21 18 8 41 1 45 31 15 0 3 
28 3 5 4 18 17 39 3 35 0 
15 0 39 50 45 16 44 11 9 29 
9 11 0 2 10 39 24 17 37 8 
11 38 3 0 29 43 38 31 32 38 
7 25 3 26 0 15 9 31 44 36 
46 27 3 15 30 0 43 17 22 4 
2 18 15 31 38 31 0 10 29 15 
33 36 46 12 14 34 7 0 5 35 
26 33 47 44 30 46 39 21 0 11 
5 46 8 11 13 21 34 30 15 0 
23 0 26 38 22 17 36 44 48 8 
40 35 0 13 19 9 26 8 41 39 
8 9 39 0 20 43 17 21 5 34 
7 23 24 25 0 28 34 20 34 30 
47 4 17 11 50 0 32 38 50 37 
49 36 38 33 3 22 0 33 27 22 
26 4 33 21 2 12 3 0 37 26 
35 15 7 29 50 26 46 12 0 38 
22 48 9 8 32 44 30 22 19 0 
47 0 25 21 2 43 2 13 44 31 
47 26 0 2 6 8 13 6 4 35 
30 20 37 0 12 37 42 35 11 29 
13 19 22 40 0 42 30 43 7 13 
6 33 23 6 17 0 6 45 50 36 
36 17 40 46 2 29 0 9 50 3 
33 35 38 29 18 32 23 0 50 25 
9 7 35 23 13 1 1 1 0 21 
13 25 3 31 17 38 7 49 45 0 
39 0 17 18 44 32 42 27 11 23 
25 27 0 16 41 33 17 31 37 43 
1 14 4 0 40 46 2 8 47 26 
1 2 18 50 0 23 19 38 35 34 
8 16 26 43 46 0 3 29 26 24 
5 22 43 37 1 31 0 45 6 36 
41 50 22 17 36 35 17 0 27 10 
6 26 4 48 3 48 34 24 0 22 
18 8 19 1 11 20 28 4 26 0 
33 0 15 2 37 5 18 34 47 35 
12 41 0 30 42 27 19 44 23 1 
21 8 19 0 45 3 27 9 28 48 
18 41 39 2 0 40 33 10 34 13 
9 19 21 37 14 0 6 14 23 33 
42 27 32 50 8 38 0 20 8 46 
7 39 12 25 28 28 20 0 17 7 
47 10 2 48 32 43 6 36 0 5 
31 34 44 14 32 31 45 18 2 0 
16 0 18 34 1 33 33 37 3 46 
1 34 0 41 43 17 48 50 17 13 
31 45 45 0 40 44 22 34 40 24 
2 44 8 32 0 31 11 26 4 50 
24 46 28 20 11 0 29 47 5 2 
14 38 18 47 14 15 0 18 14 23 
8 27 24 12 17 44 9 0 36 10 
39 20 4 30 17 13 49 27 0 21 
36 12 34 16 44 40 20 21 2 0 
6 0 5 30 43 14 18 39 19 28 
26 12 0 29 34 11 26 20 8 36 
49 34 21 0 5 49 38 44 33 2 
39 42 34 35 0 43 47 42 3 31 
31 47 6 36 42 0 49 36 23 15 
42 2 1 9 47 36 0 4 22 37 
32 2 7 42 49 32 16 0 50 28 
45 42 20 33 42 8 45 39 0 12 
30 13 43 23 19 26 24 2 31 0 
1 0 31 46 48 31 22 11 11 2 
25 39 0 48 25 21 42 22 42 32 
46 10 11 0 43 15 8 24 25 9 
44 9 33 32 0 19 47 2 15 20 
32 47 12 49 22 0 32 7 21 50 
15 5 43 1 2 28 0 45 28 43 
21 9 16 38 25 6 13 0 17 2 
19 43 21 1 24 6 23 40 0 46 
21 48 38 29 37 45 9 10 20 0 
17 0 44 8 6 38 41 5 32 7 
4 45 0 22 6 36 6 31 39 28 
30 14 32 0 37 28 13 33 24 31 
5 42 22 22 0 30 16 37 47 24 
45 13 6 31 47 0 42 49 19 46 
24 15 12 33 49 48 0 17 29 47 
38 30 16 46 24 14 10 0 1 40 
35 33 15 7 20 40 32 37 0 26 
22 50 17 41 39 10 18 10 9 0 
20 0 22 44 24 5 1 19 49 17 
9 49 0 40 43 21 47 3 14 37 
31 17 46 0 22 1 13 23 46 30 
30 48 42 7 0 29 15 5 40 29 
47 12 28 14 39 0 21 23 24 38 
37 29 29 21 38 25 0 23 37 44 
14 48 21 31 2 10 22 0 40 1 
26 2 21 26 39 31 18 7 0 3 
10 17 29 26 50 28 25 37 17 0 
2 0 9 11 17 34 42 21 41 42 
9 16 0 10 18 43 49 21 48 22 
18 11 41 0 48 4 32 22 14 20 
16 38 49 44 0 7 16 44 21 32 
41 9 19 29 5 0 48 40 9 41 
43 42 25 30 6 3 0 6 8 26 
26 4 5 29 46 21 22 0 6 3 
44 16 10 45 25 23 18 30 0 39 
4 39 7 43 9 45 41 29 22 0 
46 0 36 33 47 39 49 40 18 17 
27 13 0 14 48 7 49 45 46 44 
32 49 18 0 3 13 26 14 2 20 
20 34 46 10 0 39 17 49 27 21 
21 48 28 11 6 0 7 6 41 18 
25 6 33 8 49 13 0 2 9 31 
5 44 24 8 33 37 30 0 21 35 
22 17 24 48 50 31 28 25 0 49 
17 21 44 11 47 22 9 39 46 0 
38 0 12 36 33 9 30 36 45 33 
48 13 0 15 41 32 35 23 34 25 
44 28 7 0 2 30 24 15 35 38 
38 44 47 2 0 50 44 41 42 10 
50 40 8 45 12 0 5 48 31 12 
34 27 40 9 39 14 0 48 15 12 
40 36 32 12 18 25 42 0 49 2 
37 46 14 22 1 41 26 23 0 44 
17 49 17 3 5 50 12 32 9 0 
49 0 29 5 34 5 35 33 2 7 
28 38 0 23 34 3 13 3 12 35 
49 12 26 0 49 33 16 20 31 16 
45 37 32 32 0 50 36 17 44 21 
48 3 42 30 40 0 50 34 48 36 
22 33 47 5 50 43 0 15 14 20 
33 50 46 39 14 24 19 0 38 15 
26 46 39 37 18 10 43 6 0 9 
44 19 23 27 16 35 31 48 49 0 
20 0 40 37 39 18 36 17 34 44 
25 10 0 40 18 11 2 35 9 3 
47 36 16 0 37 13 45 35 22 46 
48 6 35 11 0 8 16 26 50 49 
28 37 29 3 20 0 34 17 18 46 
20 26 8 22 43 7 0 33 35 13 
33 33 28 42 4 46 41 0 20 29 
9 14 2 24 43 12 4 8 0 22 
24 45 16 32 21 45 49 16 47 0 
